1.0000 -0.0000 0.0000 0.0000 1.0000 0.0000 0.0000 -0.0000 1.0000
1.8683 -0.0228 -67.7179 0.4260 1.8477 -361.3706 0.0007 0.0005 1.0000
0.8674 -0.1450 78.2580 -0.0236 0.5008 175.2201 -0.0000 -0.0004 1.0000
2.0878 -0.0394 -66.3025 0.5628 2.1221 -486.2780 0.0008 0.0006 1.0000
2.5902 -0.1073 -106.7011 1.8097 1.8364 -499.1970 0.0026 0.0002 1.0000
9.2031 1.4218 -1297.6811 -0.0492 14.6077 -5024.5112 0.0004 0.0094 1.0000
1.8677 -0.0559 -42.8295 0.4067 1.7403 -327.5403 0.0006 0.0004 1.0000
1.3015 -0.1170 37.5204 0.2982 1.0726 -108.4990 0.0005 -0.0001 1.0000
1.6167 -0.0423 -18.4859 -0.0096 1.8138 -382.9632 0.0000 0.0005 1.0000
1.7199 -0.2573 35.7969 1.5352 0.6429 -124.7395 0.0023 -0.0007 1.0000
0.7107 -0.0429 69.3849 -0.7496 1.0301 -11.1459 -0.0011 0.0001 1.0000
1.2513 -0.0412 13.4997 -0.6178 1.5059 -210.1172 -0.0009 0.0005 1.0000
0.9185 -0.1440 82.3569 -0.0279 0.6228 61.3105 -0.0000 -0.0003 1.0000
0.4861 -0.1045 117.6713 -0.6737 0.5486 159.5720 -0.0010 -0.0002 1.0000
0.8353 -0.1649 105.9299 -0.0123 0.5191 83.2469 -0.0000 -0.0004 1.0000
1.9966 0.0115 -54.2328 -0.0326 2.5038 -776.2834 0.0000 0.0009 1.0000
4.5583 0.1682 -355.1597 1.7587 4.6463 -1788.2074 0.0029 0.0022 1.0000
0.7532 -0.2060 137.9839 0.0000 0.3341 142.6880 0.0000 -0.0005 1.0000
1.4242 -0.1346 51.7686 0.3257 1.0899 -211.3038 0.0006 -0.0001 1.0000
1.5806 -0.1461 41.7848 0.5551 1.1249 -263.1360 0.0009 -0.0001 1.0000
2.4284 -0.0646 -54.5276 0.8840 2.1175 -721.5173 0.0015 0.0005 1.0000
1.2037 -0.1053 68.8177 0.0000 1.0608 -181.2869 0.0000 -0.0000 1.0000
3.8379 0.2989 -292.8989 0.7583 4.5023 -1710.7387 0.0014 0.0023 1.0000
1.0165 -0.1804 120.2326 0.2059 0.6021 -12.6525 0.0004 -0.0004 1.0000
1.9407 -0.0221 -13.3486 0.3459 1.8507 -555.7920 0.0006 0.0005 1.0000
2.8228 0.0346 -106.4026 0.7257 2.7543 -1005.0004 0.0013 0.0010 1.0000
1.0446 -0.2320 141.2430 0.2850 0.4835 12.2501 0.0005 -0.0005 1.0000
2.4317 -0.0468 -53.2179 0.4915 2.0445 -661.9319 0.0009 0.0006 1.0000
1.3283 -0.1203 76.0062 0.0000 1.0177 -162.3267 0.0000 -0.0000 1.0000
0.9797 -0.0840 114.0725 -0.2307 1.0050 -136.3732 -0.0004 0.0000 1.0000
1.7107 0.0054 21.6993 -0.0000 1.7510 -468.6129 -0.0000 0.0006 1.0000
2.3420 -0.2219 36.6243 1.4457 1.2932 -488.4960 0.0025 -0.0003 1.0000
1.9177 -0.0499 34.8534 0.3017 1.7941 -552.4955 0.0006 0.0004 1.0000
1.0519 -0.0989 119.6746 -0.2132 1.0618 -189.5394 -0.0004 0.0000 1.0000
6.2322 0.6775 -562.1117 1.2992 7.0570 -2952.2027 0.0025 0.0039 1.0000
-12.4363 -1.7250 1763.9544 -5.8538 -13.0579 6626.5843 -0.0107 -0.0084 1.0000
-12.4363 -1.7250 1763.9544 -5.8538 -13.0579 6626.5843 -0.0107 -0.0084 1.0000
0.9978 -0.2086 153.5255 0.1636 0.5443 -28.4988 0.0003 -0.0004 1.0000
0.4761 -0.1609 186.8973 -0.3954 0.4550 70.8068 -0.0007 -0.0004 1.0000
7.6741 1.1026 -825.5615 1.1407 9.2042 -3976.5552 0.0023 0.0056 1.0000
1.6612 -0.0394 38.4439 0.1602 1.5827 -524.8281 0.0003 0.0003 1.0000
1.6859 0.0976 0.4972 -0.2917 2.1833 -754.0067 -0.0005 0.0008 1.0000
1.7979 -0.1647 61.0351 0.5112 1.3426 -508.8888 0.0011 -0.0001 1.0000
0.8933 -0.0715 117.4601 -0.4146 1.1687 -313.7096 -0.0008 0.0001 1.0000
17.2067 3.5384 -2424.2651 0.7265 25.2705 -11960.0370 0.0024 0.0163 1.0000
0.8910 -0.0746 125.0121 -0.3386 1.1344 -311.6941 -0.0007 0.0001 1.0000
3.7885 -0.0943 -137.1046 1.6437 2.8019 -1382.0939 0.0035 0.0005 1.0000
-117.1250 -25.6207 18481.0165 0.7682 -162.2576 76388.7202 -0.0020 -0.1218 1.0000
2.3619 -0.2133 9.9143 0.9354 1.3733 -613.7347 0.0021 -0.0002 1.0000
1.1322 -0.1478 116.3267 -0.0024 0.9136 -262.4493 0.0000 -0.0002 1.0000
0.9788 -0.1875 145.3863 -0.0212 0.7250 -176.8806 -0.0000 -0.0003 1.0000
2.9568 -0.1111 -62.6860 1.0708 2.0774 -972.7640 0.0024 0.0003 1.0000
1.4889 -0.1311 78.3456 0.1662 1.1853 -427.7974 0.0004 -0.0000 1.0000
2.6822 -0.1034 -36.3307 0.7695 2.0098 -909.6080 0.0018 0.0003 1.0000
1.5992 -0.1512 77.2781 0.2349 1.2372 -472.6916 0.0006 -0.0001 1.0000
4.8939 0.2483 -361.8799 1.2443 4.3834 -2124.2818 0.0030 0.0019 1.0000
2.9739 0.0230 -104.8309 0.6994 2.6051 -1206.0632 0.0016 0.0008 1.0000
4.9553 0.4992 -434.7040 0.4358 5.5415 -2610.0089 0.0012 0.0030 1.0000
2.1134 0.0121 -33.3736 0.2012 2.0131 -854.4929 0.0005 0.0005 1.0000
0.5532 -0.2410 196.9253 -0.1426 0.2924 31.1370 -0.0003 -0.0006 1.0000
0.8818 -0.1871 153.7589 -0.0768 0.7008 -180.4076 -0.0002 -0.0003 1.0000
0.7498 -0.2623 187.3460 0.0309 0.3596 -30.7885 0.0001 -0.0007 1.0000
2.6482 -0.0836 -45.4515 0.7256 2.0383 -942.6553 0.0017 0.0003 1.0000
0.8923 -0.2809 178.5292 0.2036 0.3417 -44.0941 0.0005 -0.0007 1.0000
2.5088 0.0189 -50.8736 0.3913 2.3599 -1052.1311 0.0009 0.0007 1.0000
0.6841 -0.2438 191.3424 -0.0828 0.3980 -32.3432 -0.0002 -0.0006 1.0000
2.2136 -0.0227 -18.7839 0.2554 2.0242 -873.9018 0.0006 0.0005 1.0000
1.6829 -0.2019 86.3844 0.4187 1.1283 -465.3909 0.0010 -0.0003 1.0000
1.7438 -0.1618 74.4951 0.3515 1.3176 -545.5733 0.0008 -0.0001 1.0000
0.4870 -0.2308 205.9868 -0.2246 0.3217 24.0696 -0.0005 -0.0006 1.0000
2.6757 -0.1251 -29.0302 0.7600 1.9280 -897.3202 0.0018 0.0002 1.0000
1.9761 -0.2319 80.6059 0.6103 1.2438 -543.9372 0.0014 -0.0003 1.0000
2.4743 -0.0747 -21.4770 0.5789 1.9975 -912.9000 0.0013 0.0003 1.0000
1.2053 -0.2425 146.2062 0.2391 0.6905 -220.6476 0.0006 -0.0005 1.0000
0.8609 -0.1905 170.7385 -0.1177 0.7463 -203.2191 -0.0003 -0.0003 1.0000
1.5411 -0.0128 53.6408 -0.1742 1.7127 -665.7311 -0.0004 0.0004 1.0000
1.0624 -0.2227 155.2676 0.0913 0.6943 -205.3007 0.0002 -0.0004 1.0000
3.2091 0.0959 -134.7244 0.5293 2.9946 -1394.1962 0.0013 0.0011 1.0000
2.6039 0.1650 -104.7687 -0.0048 2.8511 -1250.1214 -0.0000 0.0012 1.0000
6.6792 0.3124 -512.2127 1.8402 5.7575 -2946.1634 0.0042 0.0025 1.0000
0.8692 -0.2951 197.6329 0.1514 0.3630 -55.9470 0.0004 -0.0007 1.0000
1.4093 -0.2212 134.9204 0.2571 0.9657 -367.6488 0.0006 -0.0003 1.0000
2.4605 0.1006 -63.3195 0.0082 2.6358 -1160.7607 0.0001 0.0010 1.0000
1.3655 -0.2454 144.9496 0.2488 0.8645 -317.6492 0.0006 -0.0004 1.0000
1.0944 -0.0626 120.4076 -0.3754 1.3529 -469.6734 -0.0009 0.0003 1.0000
1.1586 -0.1362 123.3069 -0.1273 1.0759 -372.7992 -0.0003 -0.0001 1.0000
2.0563 -0.0450 12.1930 0.1224 1.8586 -787.5082 0.0003 0.0004 1.0000
2.4582 -0.0401 -12.2926 0.2724 2.2981 -1047.5541 0.0006 0.0006 1.0000
1.2899 -0.2315 144.3693 0.1586 0.8832 -320.5105 0.0004 -0.0003 1.0000
5.2829 0.4007 -432.9378 0.7568 5.2501 -2577.4821 0.0018 0.0026 1.0000
0.9626 -0.2341 171.2980 -0.0079 0.6878 -203.9188 -0.0000 -0.0004 1.0000
2.1878 -0.2015 48.1090 0.5831 1.5645 -733.2732 0.0014 -0.0001 1.0000
2.0412 -0.1367 33.7408 0.3367 1.6390 -729.9466 0.0008 0.0001 1.0000
1.5293 -0.1765 92.1504 0.1551 1.1956 -481.1010 0.0004 -0.0001 1.0000
3.3772 -0.1182 -96.8407 0.9780 2.5508 -1280.0837 0.0023 0.0004 1.0000
1.0524 -0.2501 154.6724 0.1048 0.6510 -206.8435 0.0003 -0.0005 1.0000
0.9393 -0.2398 158.4073 0.0104 0.5934 -162.6470 0.0000 -0.0005 1.0000
0.8133 -0.1986 165.3488 -0.1850 0.7230 -200.7764 -0.0004 -0.0003 1.0000
1.8057 -0.0924 35.2003 -0.0009 1.7310 -737.3225 -0.0000 0.0003 1.0000
1.6837 -0.1847 84.4495 0.2010 1.4081 -610.3994 0.0005 -0.0000 1.0000
4.8203 0.1848 -355.5011 0.9722 4.5434 -2317.3142 0.0023 0.0018 1.0000
0.9208 -0.2155 149.6381 -0.0436 0.6589 -189.3941 -0.0001 -0.0005 1.0000
2.1482 0.0774 -60.3748 -0.2179 2.4856 -1086.3492 -0.0005 0.0009 1.0000
1.3206 -0.1937 104.1648 0.1178 1.0232 -404.8471 0.0003 -0.0003 1.0000
3.1312 0.0929 -158.4699 0.2423 3.2243 -1536.2782 0.0006 0.0012 1.0000
0.8203 -0.1494 139.3776 -0.3121 0.9008 -281.9954 -0.0008 -0.0002 1.0000
0.9289 -0.2206 151.1470 -0.0674 0.7124 -221.6624 -0.0002 -0.0004 1.0000
1.8490 -0.1849 50.4848 0.2946 1.4583 -658.1661 0.0007 -0.0001 1.0000
3.1228 -0.0802 -109.5631 0.7138 2.7013 -1367.6158 0.0016 0.0006 1.0000
0.8831 -0.2255 151.6765 -0.0704 0.6679 -206.2572 -0.0002 -0.0005 1.0000
1.6261 -0.2382 88.0183 0.3411 1.1542 -520.1509 0.0008 -0.0003 1.0000
1.5279 -0.2964 114.7096 0.4225 0.8870 -398.7922 0.0010 -0.0006 1.0000
0.9723 -0.1723 126.2925 -0.2196 0.9307 -318.4584 -0.0005 -0.0002 1.0000
2.0321 -0.0881 -10.2585 0.1276 1.9104 -882.8076 0.0003 0.0003 1.0000
-3.5802 -1.2024 896.8933 0.5923 -5.8925 3062.9015 0.0014 -0.0054 1.0000
2.2956 -0.0044 -68.9420 0.0000 2.3770 -1115.6019 0.0000 0.0007 1.0000
2.1891 -0.2088 11.8073 0.5294 1.5738 -780.3378 0.0012 -0.0001 1.0000
2.0533 -0.1970 21.4757 0.3704 1.5795 -769.0660 0.0009 -0.0001 1.0000
8.9708 1.0931 -1079.9214 0.0468 10.8634 -5566.1506 0.0001 0.0066 1.0000
2.9603 0.0629 -150.8552 0.0000 3.1779 -1559.8000 0.0000 0.0012 1.0000
1.1461 -0.2453 133.1212 0.0627 0.8310 -336.1718 0.0002 -0.0004 1.0000
1.1172 -0.1924 114.1283 -0.0920 0.9710 -388.8811 -0.0002 -0.0003 1.0000
3.4989 0.0622 -220.8345 0.2532 3.4237 -1750.9146 0.0007 0.0012 1.0000
1.0842 -0.1937 117.5791 -0.1037 0.9316 -370.6557 -0.0003 -0.0003 1.0000
1.4729 -0.2872 113.4565 0.2906 0.9233 -438.1667 0.0008 -0.0005 1.0000
1.4393 -0.2393 102.3031 0.1338 1.0840 -503.6102 0.0003 -0.0003 1.0000
1.1180 -0.2722 142.3747 0.0955 0.7199 -304.1912 0.0003 -0.0006 1.0000
1.6717 -0.2226 75.9486 0.1497 1.3482 -663.7059 0.0004 -0.0002 1.0000
1.1660 -0.2296 125.4269 -0.0075 0.9507 -428.7420 -0.0000 -0.0004 1.0000
1.4930 -0.1802 73.2868 -0.0285 1.3206 -633.3236 -0.0000 -0.0001 1.0000
1.3595 -0.2292 109.1869 0.0855 1.0994 -539.3565 0.0003 -0.0004 1.0000
1.0883 -0.2903 156.9408 0.0573 0.7702 -364.7461 0.0002 -0.0006 1.0000
1.2510 -0.2160 113.5950 -0.0220 1.0881 -533.9699 -0.0001 -0.0003 1.0000
1.3079 -0.2404 111.2904 0.0878 1.0179 -523.1658 0.0003 -0.0005 1.0000
5.4126 0.3259 -516.2431 0.2226 5.5849 -3176.8890 0.0007 0.0025 1.0000
2.0111 -0.0729 -14.0659 -0.1371 2.1131 -1133.6325 -0.0004 0.0004 1.0000
1.2797 -0.2749 128.9593 0.0723 0.9734 -521.0879 0.0003 -0.0005 1.0000
1.4084 -0.2278 100.2295 0.0359 1.2359 -679.5723 0.0001 -0.0003 1.0000
1.9666 -0.1967 31.9840 0.0746 1.7408 -993.0354 0.0003 -0.0000 1.0000
1.4096 -0.2862 122.7601 0.1165 1.0908 -624.3477 0.0005 -0.0005 1.0000
1.7414 -0.2759 80.0992 0.1718 1.3237 -781.4459 0.0007 -0.0004 1.0000
1.6242 -0.1624 52.0480 -0.0903 1.6384 -937.4988 -0.0003 0.0000 1.0000
2.0459 -0.3207 53.8569 0.2602 1.5034 -942.0229 0.0012 -0.0005 1.0000
1.1509 -0.2432 121.7163 -0.0373 1.0336 -597.3122 -0.0002 -0.0004 1.0000
1.6463 -0.2410 66.1487 0.0583 1.4085 -859.3295 0.0003 -0.0003 1.0000
23.2830 1.0703 -2754.4651 2.2174 20.9547 -13619.0850 0.0113 0.0096 1.0000
1.5789 -0.2056 66.5569 -0.0512 1.6151 -994.1823 -0.0003 -0.0001 1.0000
0.8348 -0.3218 180.0596 -0.0000 0.6577 -400.1160 -0.0000 -0.0008 1.0000
2.7179 -0.0935 -110.3414 -0.0219 2.6773 -1701.6359 0.0000 0.0006 1.0000
4.5835 -0.2467 -267.0361 0.4309 3.6603 -2452.9101 0.0028 0.0004 1.0000
2.2038 -0.2085 -16.7205 0.0596 2.0713 -1358.0380 0.0004 -0.0000 1.0000
1.9572 -0.1799 -3.1941 0.0000 1.9323 -1261.5535 0.0000 -0.0000 1.0000
1.9744 -0.2056 10.0434 -0.0116 2.0011 -1316.3330 0.0000 -0.0000 1.0000
2.0275 -0.0551 -53.7789 -0.1477 2.4952 -1627.0610 -0.0012 0.0006 1.0000
1.5124 -0.2393 60.0282 0.0304 1.4175 -945.3704 0.0000 -0.0003 1.0000
2.6254 -0.2467 -71.9098 0.1172 2.2595 -1536.1943 0.0009 -0.0001 1.0000
-21.0555 -0.8399 2842.9622 -1.6307 -17.5786 12191.4868 -0.0137 -0.0087 1.0000
2.3312 -0.2937 -29.8716 0.0892 1.8037 -1226.7441 0.0008 -0.0003 1.0000
1.9577 -0.1958 -15.6041 -0.0261 1.9306 -1293.6850 -0.0003 0.0000 1.0000
2.1396 -0.1811 -44.0137 -0.0132 2.0786 -1396.1717 -0.0001 0.0001 1.0000
2.1816 -0.1055 -75.3630 -0.0672 2.4273 -1625.4815 -0.0007 0.0004 1.0000
66.4895 4.9729 -9480.9784 1.0481 67.7517 -46116.4606 0.0064 0.0393 1.0000
2.4631 -0.1098 -107.9421 -0.0375 2.5750 -1723.8005 -0.0005 0.0005 1.0000
2.0696 -0.1519 -49.6280 -0.0461 2.1466 -1429.7806 -0.0003 0.0002 1.0000
1.4329 -0.1958 39.5200 -0.0651 1.5575 -1026.2352 -0.0005 -0.0002 1.0000
1.2836 -0.2455 87.3282 -0.0432 1.3840 -908.5462 -0.0004 -0.0003 1.0000
1.4612 -0.2919 78.9987 0.0280 1.3494 -894.1045 0.0002 -0.0005 1.0000
1.0985 -0.2100 93.0146 -0.1042 1.2846 -813.8713 -0.0007 -0.0003 1.0000
3.3942 0.0012 -256.3059 -0.0769 3.9288 -2556.5275 -0.0005 0.0011 1.0000
2.4005 -0.1854 -62.9346 0.0133 2.4503 -1578.4663 0.0000 0.0002 1.0000
1.2844 -0.2905 105.4470 0.0251 1.1598 -729.7244 0.0000 -0.0005 1.0000
1.2073 -0.2149 81.6374 -0.1117 1.2701 -759.5523 -0.0006 -0.0003 1.0000
2.4995 -0.2592 -47.2178 0.1956 2.1564 -1363.5677 0.0008 -0.0001 1.0000
-7.3453 -0.6859 1233.0609 -0.8257 -7.2561 4709.6457 -0.0030 -0.0047 1.0000
3.5298 -0.1126 -215.1621 0.1320 3.7762 -2337.5718 0.0005 0.0008 1.0000
1.7689 -0.1823 8.0338 -0.0860 1.7925 -1025.5532 -0.0003 -0.0000 1.0000
1.5621 -0.1706 32.5971 -0.2497 1.7155 -928.4665 -0.0009 0.0001 1.0000
8.6585 0.4206 -998.4558 -0.0526 9.6149 -5627.4253 0.0000 0.0043 1.0000
1.3137 -0.2365 79.7111 -0.1523 1.1918 -599.0074 -0.0004 -0.0003 1.0000
1.6688 -0.1889 25.1681 -0.2033 1.7180 -881.6288 -0.0005 -0.0000 1.0000
1.3023 -0.2820 106.4189 0.0000 0.9931 -469.8805 0.0000 -0.0005 1.0000
8.4782 0.2341 -882.4559 0.6373 8.9718 -5020.5399 0.0013 0.0036 1.0000
1.2513 -0.2848 119.5620 -0.0795 1.0081 -431.4900 -0.0002 -0.0005 1.0000
2.6441 -0.1410 -101.0162 0.0000 2.5850 -1272.9566 0.0000 0.0004 1.0000
4.2056 0.0595 -352.4794 0.0519 4.6956 -2377.5246 -0.0000 0.0015 1.0000
1.9171 -0.2787 38.2906 0.1411 1.5256 -677.4538 0.0003 -0.0003 1.0000
2.4391 -0.3296 -11.3692 0.7161 1.6086 -785.0162 0.0013 -0.0004 1.0000
1.7641 -0.1938 21.8485 -0.3055 1.7970 -701.9415 -0.0006 0.0001 1.0000
12.8187 0.5668 -1544.4553 1.4499 14.4564 -7280.8085 0.0022 0.0059 1.0000
2.2905 -0.2458 -17.8359 0.2054 1.9867 -814.9695 0.0003 -0.0000 1.0000
1.2330 -0.2267 91.3185 -0.3520 1.0950 -267.2841 -0.0005 -0.0003 1.0000
2.0858 -0.2872 19.9834 0.3271 1.6243 -612.0819 0.0005 -0.0002 1.0000
1.4302 -0.3120 104.2678 0.0881 0.9251 -220.0415 0.0001 -0.0005 1.0000
1.8266 -0.2564 34.2476 0.0000 1.5340 -481.5252 0.0000 -0.0002 1.0000
1.5300 -0.3191 94.5390 0.1463 0.9759 -223.0075 0.0002 -0.0005 1.0000
1.6041 -0.2943 79.3448 0.0299 1.2009 -298.9539 0.0000 -0.0004 1.0000
184.1481 12.2090 -26456.0224 19.1212 236.7383 -114057.1216 0.0219 0.0987 1.0000
1.5970 -0.3123 75.2363 0.1656 0.9496 -178.4938 0.0002 -0.0005 1.0000
2.8564 -0.2284 -86.5835 0.0311 2.8607 -1045.6188 -0.0000 0.0004 1.0000
2.0492 -0.3006 28.8090 0.1044 1.6207 -472.0841 0.0001 -0.0002 1.0000
3.2785 -0.2333 -143.5385 0.3999 3.0993 -1200.4177 0.0005 0.0004 1.0000
1.6765 -0.2616 52.9420 -0.2295 1.4211 -336.3008 -0.0003 -0.0002 1.0000
2.0151 -0.3190 29.5405 0.3756 1.3568 -400.1622 0.0004 -0.0004 1.0000
1.8525 -0.3331 56.8100 0.3146 1.1672 -308.6531 0.0004 -0.0004 1.0000
2.1703 -0.3471 28.5714 0.4860 1.4694 -489.2283 0.0006 -0.0004 1.0000
1.2652 -0.3375 132.4646 -0.1365 0.8200 -130.1326 -0.0002 -0.0005 1.0000
2.5576 -0.2330 -52.2796 -0.2445 2.8062 -1111.2761 -0.0003 0.0003 1.0000
1.1113 -0.3195 141.3460 -0.1620 0.6939 -87.5525 -0.0002 -0.0006 1.0000
5.8490 -0.1340 -478.5983 0.6343 6.6007 -3236.7413 0.0008 0.0016 1.0000
3.5106 0.1637 -334.3728 -1.8742 5.5709 -2357.0450 -0.0028 0.0020 1.0000
1.5779 -0.2905 79.4656 -0.2015 1.4014 -500.2528 -0.0003 -0.0003 1.0000
2.0544 -0.2782 17.9379 -0.0271 1.8532 -777.9735 -0.0001 -0.0001 1.0000
4.9324 -0.1737 -372.0223 0.4038 4.9233 -2484.6030 0.0006 0.0011 1.0000
2.0263 -0.3525 49.2446 0.3074 1.4466 -659.6909 0.0005 -0.0005 1.0000
9.8748 0.1553 -1060.7038 0.1749 11.4658 -6116.7423 0.0003 0.0040 1.0000
1.2420 -0.3425 135.4812 -0.0172 0.8527 -335.2526 -0.0001 -0.0006 1.0000
2.8694 -0.2682 -90.8013 0.1317 2.6668 -1386.4758 0.0002 0.0001 1.0000
2.2326 -0.2956 -1.0434 0.0458 1.9966 -1020.5271 0.0001 -0.0002 1.0000
1.1138 -0.3599 159.5679 -0.0492 0.7292 -300.9310 -0.0001 -0.0007 1.0000
2.1932 -0.3492 18.4780 0.2016 1.7218 -936.2808 0.0004 -0.0004 1.0000
2.2678 -0.3725 19.7171 0.2001 1.7471 -971.1472 0.0004 -0.0004 1.0000
4.8339 -0.0749 -410.9123 -0.3337 5.3327 -3018.0406 -0.0008 0.0015 1.0000
1.9798 -0.3482 41.8432 0.0958 1.6472 -939.9189 0.0002 -0.0005 1.0000
3.2869 -0.3438 -116.3705 0.3541 2.8657 -1743.1534 0.0009 -0.0001 1.0000
5.4107 -0.3743 -378.3028 0.8796 4.6580 -2984.4605 0.0024 0.0002 1.0000
2.8079 -0.3904 -45.8002 0.3544 2.2190 -1392.4242 0.0011 -0.0005 1.0000
3.3232 -0.3188 -143.3745 0.2430 2.8738 -1795.6054 0.0008 -0.0001 1.0000
2.2654 -0.2266 -47.1450 -0.2230 2.3560 -1400.2648 -0.0008 0.0001 1.0000
3.1906 -0.3191 -123.0978 0.1212 2.8157 -1773.3689 0.0005 -0.0000 1.0000
2.4931 -0.2242 -78.0422 -0.1460 2.5498 -1569.5950 -0.0005 0.0001 1.0000
4.3713 -0.0778 -389.8522 -0.1318 4.6298 -2936.5937 -0.0005 0.0009 1.0000
1.8846 -0.4030 74.0219 0.1101 1.5090 -977.3764 0.0004 -0.0007 1.0000
5.1402 -0.3924 -354.9924 0.4495 4.2848 -2868.6317 0.0021 0.0000 1.0000
1.8106 -0.3446 55.6468 -0.0230 1.6931 -1089.1025 -0.0001 -0.0005 1.0000
4.2387 -0.2575 -297.1286 0.0787 4.0771 -2691.4220 0.0004 0.0004 1.0000
13.0275 -0.0326 -1558.2405 0.6743 12.0555 -8102.4358 0.0035 0.0029 1.0000
2.4359 -0.3558 -16.8417 -0.0000 2.2365 -1464.1954 -0.0000 -0.0003 1.0000
2.2114 -0.3001 -14.1666 -0.0721 2.1987 -1426.0453 -0.0003 -0.0002 1.0000
7.9187 0.1726 -924.2001 -0.3415 8.9313 -5832.8454 -0.0014 0.0028 1.0000
2.5601 -0.3246 -40.1395 -0.0502 2.4690 -1601.1643 -0.0002 -0.0002 1.0000
1.8975 -0.2834 30.4488 -0.1829 2.0805 -1313.6371 -0.0008 -0.0002 1.0000
3.2002 -0.3514 -103.6789 0.1077 3.0688 -2018.9216 0.0003 -0.0001 1.0000
-16.9076 -0.8504 2603.7969 -1.0865 -17.0912 11415.6220 -0.0037 -0.0071 1.0000
89.6369 2.6228 -11941.5138 1.5512 96.2093 -62882.9059 0.0050 0.0354 1.0000
7.5317 -0.2864 -656.2826 0.2153 7.3434 -4743.7421 0.0008 0.0015 1.0000
2.7906 -0.3187 -68.5813 -0.0947 2.6918 -1663.2287 -0.0004 -0.0000 1.0000
2.8706 -0.3816 -52.6934 0.1152 2.5562 -1602.7317 0.0002 -0.0002 1.0000
1.7498 -0.4303 111.8488 0.0679 1.3827 -835.7916 0.0002 -0.0007 1.0000
3.6484 -0.4350 -117.3191 0.2423 3.2646 -2028.7558 0.0006 -0.0000 1.0000
3.4465 -0.2376 -193.2730 -0.2363 3.6960 -2181.4703 -0.0008 0.0005 1.0000
4.1166 -0.4470 -182.1895 0.3863 3.6111 -2217.3439 0.0009 0.0000 1.0000
2.3115 -0.4270 26.4496 0.1701 1.8157 -1061.2756 0.0003 -0.0005 1.0000
2.2736 -0.3992 20.6506 0.0146 1.9240 -1077.9117 0.0000 -0.0004 1.0000
1.5847 -0.4230 114.2098 0.0175 1.0785 -556.8220 0.0000 -0.0007 1.0000
4.8850 -0.3306 -368.2362 0.1750 4.6675 -2698.1512 0.0002 0.0006 1.0000
3.7418 -0.3905 -179.0620 0.1247 3.4515 -1940.7571 0.0002 0.0001 1.0000
1.7492 -0.4134 78.9198 0.0231 1.2031 -596.3454 0.0000 -0.0007 1.0000
2.3900 -0.3124 -57.7086 -0.3093 2.2565 -1135.4526 -0.0006 -0.0001 1.0000
33.4582 -0.1997 -4330.5699 3.2315 34.4722 -20308.3910 0.0052 0.0100 1.0000
2.9558 -0.3862 -110.2714 0.1826 2.4718 -1326.9225 0.0003 -0.0003 1.0000
3.5467 -0.3656 -202.6315 0.1578 3.2220 -1738.3755 0.0002 -0.0000 1.0000
3.8588 -0.3859 -252.1094 0.3047 3.3063 -1796.5489 0.0004 -0.0000 1.0000
3.3344 -0.3602 -188.1354 0.0235 3.0375 -1587.1966 0.0000 -0.0000 1.0000
2.5180 -0.4135 -56.8681 0.2266 1.7884 -899.8692 0.0004 -0.0006 1.0000
3.2051 -0.4145 -156.0861 0.1591 2.6215 -1350.0672 0.0002 -0.0002 1.0000
2.8386 -0.2576 -198.7586 -0.6934 2.8581 -1333.7790 -0.0010 0.0001 1.0000
4.5718 -0.3781 -403.3554 0.1880 4.1861 -2239.4908 0.0003 0.0002 1.0000
6.1694 -0.4230 -632.3140 0.5322 5.7542 -3181.3199 0.0008 0.0006 1.0000
4.4908 -0.4633 -366.6521 0.6120 3.7509 -2067.3470 0.0009 -0.0001 1.0000
3.7686 -0.3769 -314.0634 -0.0440 3.3366 -1715.8894 0.0000 -0.0000 1.0000
6.0181 -0.5432 -592.4087 1.2185 4.9996 -2884.8471 0.0018 0.0001 1.0000
3.6526 -0.4393 -280.8546 0.3650 2.9223 -1567.9244 0.0005 -0.0003 1.0000
3.2889 -0.3419 -283.5197 -0.5211 3.0832 -1508.1589 -0.0007 0.0001 1.0000
2.1083 -0.3744 -83.6612 0.1025 1.3389 -640.8046 0.0002 -0.0007 1.0000
12.3838 -0.8465 -1546.3073 2.9696 11.0134 -6779.1559 0.0043 0.0011 1.0000
4.2462 -0.3541 -462.0166 -0.6189 4.2657 -2245.3945 -0.0009 0.0004 1.0000
3.2744 -0.3807 -289.8302 0.2886 2.5265 -1388.0537 0.0005 -0.0005 1.0000
3.9082 -0.4912 -321.2651 0.5863 2.9995 -1717.4628 0.0009 -0.0004 1.0000
3.9532 -0.4712 -337.9832 0.3039 3.2274 -1810.5924 0.0005 -0.0002 1.0000
2.9492 -0.4131 -210.1104 0.2940 2.0645 -1135.1867 0.0005 -0.0006 1.0000
3.5240 -0.4171 -298.7100 -0.1759 2.9764 -1597.4907 -0.0002 -0.0002 1.0000
2.8465 -0.4330 -178.8293 0.2436 1.9327 -1065.7207 0.0004 -0.0007 1.0000
3.6492 -0.4431 -296.3345 -0.0390 3.0610 -1685.7366 -0.0001 -0.0002 1.0000
3.7335 -0.4330 -317.1510 0.0000 3.1035 -1724.6568 0.0000 -0.0002 1.0000
3.5249 -0.4357 -277.4875 0.2909 2.7671 -1580.7160 0.0004 -0.0004 1.0000
8.4299 -0.6255 -969.0551 0.8960 7.6014 -4575.2157 0.0014 0.0007 1.0000
16.3815 -0.7114 -2215.2889 0.7839 16.2421 -9713.5663 0.0015 0.0031 1.0000
6.9211 -0.5489 -759.6869 0.2194 6.2230 -3646.4934 0.0003 0.0005 1.0000
3.9054 -0.4674 -316.9590 0.4480 2.8471 -1665.2194 0.0007 -0.0005 1.0000
2.9736 -0.4387 -169.0813 0.1438 2.2753 -1282.5222 0.0002 -0.0006 1.0000
5.1486 -0.4396 -517.0380 0.0119 4.6020 -2637.7183 0.0000 0.0001 1.0000
3.7272 -0.4852 -260.7779 0.2946 2.8764 -1666.1219 0.0005 -0.0005 1.0000
3.8946 -0.4399 -315.9085 0.0914 3.2115 -1833.4518 0.0002 -0.0003 1.0000
4.1345 -0.4925 -324.3064 0.3756 3.1892 -1867.9743 0.0007 -0.0005 1.0000
2.9241 -0.4234 -163.3537 -0.0379 2.2667 -1236.7265 -0.0000 -0.0005 1.0000
3.2921 -0.4118 -234.2991 -0.0532 2.6232 -1447.6054 0.0000 -0.0005 1.0000
5.9953 -0.4857 -640.7013 0.5478 4.9679 -2965.2418 0.0010 -0.0001 1.0000
4.8138 -0.4506 -469.6603 0.3556 3.8796 -2276.6812 0.0007 -0.0003 1.0000
3.6972 -0.3866 -322.3444 -0.1427 3.0898 -1711.1488 -0.0000 -0.0004 1.0000
4.7474 -0.4200 -485.6071 0.1480 3.9154 -2263.8526 0.0005 -0.0003 1.0000
5.1433 -0.3643 -599.6444 0.4243 4.1964 -2490.2813 0.0009 -0.0003 1.0000
3.6363 -0.2546 -404.7210 -0.8299 3.4459 -1801.8189 -0.0009 -0.0001 1.0000
2.7618 -0.2943 -241.8608 -0.4154 2.2368 -1155.9841 -0.0004 -0.0005 1.0000
6.2753 -0.3273 -838.0638 0.4013 5.1580 -3072.8644 0.0010 -0.0002 1.0000
7.0905 -0.1893 -1055.5375 -0.3449 6.7495 -3908.6122 0.0000 0.0005 1.0000
4.2775 -0.2525 -543.0545 -0.1589 3.5927 -2036.8659 0.0002 -0.0003 1.0000
7.0387 -0.2481 -1044.2105 0.5776 5.7554 -3494.9259 0.0015 -0.0002 1.0000
6.1494 -0.1973 -919.5229 0.0545 5.2506 -3100.4554 0.0007 -0.0001 1.0000
4.0194 -0.3200 -469.3031 0.3567 2.8719 -1713.7576 0.0009 -0.0007 1.0000
4.7728 -0.1790 -690.8703 -0.3408 4.1136 -2352.5201 0.0000 -0.0002 1.0000
5.5929 -0.2446 -801.0988 0.2112 4.4945 -2704.0485 0.0011 -0.0004 1.0000
5.2027 -0.1407 -795.9034 -0.3388 4.5497 -2645.7288 0.0002 -0.0002 1.0000
6.7870 -0.1745 -1060.0554 0.1368 5.8398 -3558.6314 0.0012 -0.0002 1.0000
4.2001 -0.1620 -610.5459 -0.3270 3.4856 -2009.3006 0.0001 -0.0004 1.0000
6.6071 0.1177 -1221.0404 -0.9900 6.3656 -3685.3186 -0.0005 0.0003 1.0000
4.8339 -0.0678 -789.9811 -0.5392 4.1838 -2419.3361 0.0000 -0.0003 1.0000
3.9558 -0.0833 -620.5284 -0.6083 3.4351 -1947.3781 -0.0003 -0.0004 1.0000
3.6356 -0.1159 -542.9751 -0.4814 3.0437 -1736.4323 -0.0002 -0.0005 1.0000
6.8675 0.1859 -1317.2651 -1.1038 6.5875 -3855.0272 -0.0005 0.0003 1.0000
7.0164 0.3032 -1430.2658 -1.0950 6.7562 -3985.1676 -0.0005 0.0004 1.0000
6.0287 0.1889 -1178.5094 -1.0120 5.6042 -3279.5883 -0.0005 0.0001 1.0000
4.3103 0.0132 -753.6733 -0.7454 3.7706 -2179.1121 -0.0004 -0.0003 1.0000
8.8901 0.7221 -2033.4273 -2.7037 9.4701 -5438.0885 -0.0024 0.0014 1.0000
7.6971 0.2959 -1549.3462 -1.1937 7.1265 -4256.8607 -0.0003 0.0003 1.0000
9.2365 0.7333 -2084.9011 -2.8718 10.1251 -5873.5644 -0.0027 0.0016 1.0000
7.2367 0.4305 -1546.0398 -1.6301 7.1859 -4248.3259 -0.0011 0.0005 1.0000
-26.2263 -3.5728 7084.5031 4.8179 -28.5367 17554.3465 0.0020 -0.0074 1.0000
236.6879 30.3698 -61985.3409 -54.8080 262.7386 -159372.8485 -0.0374 0.0608 1.0000
18.9553 1.6232 -4434.1615 -2.4825 18.4611 -11454.7170 0.0004 0.0023 1.0000
26.3608 3.3847 -6855.7955 -6.7972 29.2916 -17691.7334 -0.0056 0.0060 1.0000
15.2237 1.5856 -3707.0502 -3.5489 16.2659 -9883.6604 -0.0025 0.0026 1.0000
27.7070 3.8117 -7331.1008 -8.2543 31.9465 -19228.4562 -0.0079 0.0071 1.0000
9.0915 0.7942 -2086.9080 -2.4310 9.6685 -5816.2758 -0.0021 0.0012 1.0000
26.3924 2.8008 -6475.5108 -5.2598 27.6141 -17082.2281 -0.0026 0.0047 1.0000
-101.6847 -16.2705 28715.6522 26.0404 -116.1539 71523.5207 0.0225 -0.0290 1.0000
22.4982 2.6255 -5626.1129 -5.8717 25.2655 -15505.0847 -0.0053 0.0049 1.0000
28.8890 3.0537 -7089.2087 -5.3907 30.1067 -18847.2032 -0.0023 0.0048 1.0000
23.2555 2.4547 -5683.1955 -5.5113 25.0406 -15497.9445 -0.0041 0.0044 1.0000
12.4407 0.9276 -2759.7288 -2.7143 13.0544 -8111.1380 -0.0019 0.0016 1.0000
20.8329 2.3788 -5170.1285 -5.9383 23.9152 -14730.5799 -0.0060 0.0046 1.0000
39.7656 3.6224 -9400.3355 -7.1340 41.0052 -25945.6207 -0.0030 0.0067 1.0000
38.6158 3.3234 -8954.1491 -8.2205 40.7384 -25580.3834 -0.0060 0.0075 1.0000
20.5913 1.6755 -4675.9002 -4.6006 22.1789 -13912.0617 -0.0039 0.0036 1.0000
-46.6953 -6.1976 12295.4902 11.8326 -54.1255 33994.1054 0.0125 -0.0140 1.0000
-771.7204 -81.2243 188741.9130 171.1585 -863.6831 546489.9427 0.1818 -0.1984 1.0000
11.8109 0.6018 -2422.6115 -2.5112 12.4853 -7867.5959 -0.0028 0.0016 1.0000
-29.1873 -2.7593 6940.7129 5.4603 -32.4864 20842.6221 0.0057 -0.0083 1.0000
29.4988 2.2503 -6506.0719 -6.9530 34.5376 -21882.9043 -0.0100 0.0072 1.0000
14.4182 0.3026 -2616.2374 -3.0330 15.9908 -10152.8949 -0.0039 0.0025 1.0000
19.1352 0.5004 -3529.7936 -4.3114 22.2469 -14139.8042 -0.0068 0.0042 1.0000
-194114.2332 -7826.3766 38129739.9378 35433.5583 -224703.0082 144845426.1567 58.4539 -52.7193 1.0000
-32.5371 -1.0187 6324.0921 3.1421 -35.1058 23168.9116 0.0048 -0.0082 1.0000
34.6854 -1.0185 -5206.6237 -2.2987 36.1191 -23946.8632 -0.0047 0.0058 1.0000
86.2476 -0.7404 -14078.7053 -8.8769 96.8688 -63647.9551 -0.0219 0.0204 1.0000
-15.2853 0.0160 2633.7713 0.3635 -16.8202 11328.7619 0.0016 -0.0044 1.0000
23.4161 -2.2615 -2437.7756 0.0093 23.7995 -16035.5139 -0.0016 0.0029 1.0000
57.7728 -5.4426 -6222.5840 2.1068 58.4170 -39801.5415 -0.0034 0.0088 1.0000
-21.4241 1.4819 2693.2921 -0.4392 -23.0905 15655.2997 0.0028 -0.0057 1.0000
23.6559 -2.9096 -2029.1415 -0.7208 25.3291 -16810.8363 -0.0059 0.0044 1.0000
-122.6471 13.9695 11670.5745 -5.5325 -128.7215 87449.0692 0.0151 -0.0260 1.0000
15.9416 -2.5155 -1010.2347 0.2061 16.5243 -11058.5540 -0.0034 0.0023 1.0000
-32.1383 3.9722 2905.0275 -2.4235 -34.4673 23595.7322 0.0045 -0.0080 1.0000
16.5488 -3.0121 -820.5528 1.4406 16.3490 -11178.6607 -0.0020 0.0019 1.0000
69.2204 -12.0001 -4026.1749 9.6240 67.4658 -47001.1528 -0.0016 0.0100 1.0000
49.8730 -9.4302 -2383.3225 7.3092 47.8490 -33377.4818 -0.0012 0.0068 1.0000
119.9113 -21.7761 -6500.8082 18.4641 116.7099 -81646.3727 -0.0034 0.0184 1.0000
14.8057 -3.1958 -434.6459 1.7186 14.1705 -9757.2681 -0.0013 0.0014 1.0000
-91.3078 17.2861 4601.4014 -16.3862 -89.1733 62910.3636 0.0007 -0.0159 1.0000
18.0657 -4.1635 -386.8956 3.0464 16.7606 -11768.9929 -0.0003 0.0015 1.0000
16.8069 -3.7505 -461.2395 3.4182 15.3918 -10941.2095 0.0003 0.0011 1.0000
719.5628 -143.2899 -31796.5421 121.2787 723.8752 -508596.1687 -0.0427 0.1278 1.0000
-244.1609 51.1024 9252.6312 -50.1087 -237.5749 169128.3189 -0.0018 -0.0393 1.0000
-54.0215 11.4082 1943.2562 -10.0900 -54.6691 38673.3090 0.0024 -0.0109 1.0000
12.9770 -3.2661 -84.1889 2.4285 12.0295 -8496.2951 -0.0005 0.0009 1.0000
16.3237 -3.9805 -210.8079 3.4784 14.7471 -10532.3471 0.0003 0.0011 1.0000
-21.9750 4.4296 947.4309 -4.6689 -21.8425 15618.0630 -0.0001 -0.0048 1.0000
17.8332 -4.4838 -103.4061 3.5049 16.6629 -11826.8472 -0.0004 0.0016 1.0000
77.6857 -18.1454 -1422.0099 15.9998 75.6809 -53921.7604 -0.0030 0.0122 1.0000
23.5876 -5.7838 -199.2086 4.1353 23.1668 -16316.8691 -0.0026 0.0034 1.0000
20.7580 -5.3157 -22.3138 4.6831 19.6589 -14100.4308 -0.0006 0.0022 1.0000
41.2568 -10.2588 -264.4024 10.4217 39.2062 -28398.0350 0.0005 0.0053 1.0000
15.3351 -4.0316 89.2688 2.6512 15.0797 -10614.5652 -0.0023 0.0020 1.0000
-50.0552 11.4621 1005.3982 -11.1814 -50.1492 36017.8431 0.0011 -0.0101 1.0000
-35.5563 8.3057 586.2119 -8.8944 -35.6079 25784.0061 0.0010 -0.0077 1.0000
-11.7168 2.4159 450.3724 -3.5766 -11.3377 8394.2384 -0.0016 -0.0028 1.0000
-11.8179 2.5064 379.2018 -2.9446 -12.2367 8863.3462 0.0002 -0.0034 1.0000
-32.0580 7.3559 626.6702 -8.0477 -31.6802 22965.6847 0.0000 -0.0068 1.0000
-33.9000 7.7943 646.5695 -8.9759 -33.6074 24463.6980 0.0006 -0.0074 1.0000
14.5042 -4.0263 230.0214 3.7073 13.5086 -9796.6940 -0.0004 0.0013 1.0000
-29.4174 6.8314 556.9308 -8.5648 -27.6036 20330.3763 -0.0023 -0.0056 1.0000
-16.9132 3.9082 321.9908 -5.0128 -16.5612 12187.4699 -0.0011 -0.0039 1.0000
-62.9668 14.9447 712.3550 -12.8636 -66.0933 46963.8068 0.0114 -0.0167 1.0000
-21.5546 5.1505 232.8008 -5.2354 -22.5145 16207.7377 0.0018 -0.0059 1.0000
23.7873 -6.1761 84.7261 5.9115 22.6880 -16372.5264 -0.0009 0.0032 1.0000
74.5127 -18.4971 -354.2135 19.4759 72.2259 -52356.1878 -0.0021 0.0129 1.0000
-23.4304 5.4711 396.9153 -6.8527 -22.1478 16270.6897 -0.0019 -0.0049 1.0000
-8.6520 1.7125 369.1647 -2.5186 -8.6423 6341.5915 -0.0008 -0.0026 1.0000
35.6790 -8.5273 -346.0990 7.7861 35.4599 -25268.8921 -0.0046 0.0068 1.0000
-13.2956 2.6661 531.2831 -3.6873 -12.9781 9463.7948 -0.0012 -0.0034 1.0000
74.7086 -17.2032 -1341.1463 19.8367 68.4261 -49658.1492 0.0055 0.0105 1.0000
-107.9791 22.4998 3734.9427 -30.6334 -97.6225 71345.7809 -0.0133 -0.0167 1.0000
35.0297 -7.5626 -995.2584 8.6250 31.9878 -23021.6476 0.0021 0.0044 1.0000
10.1923 -2.4416 -123.6653 2.7188 8.5660 -6212.7086 0.0013 0.0001 1.0000
11.2516 -2.4317 -316.1780 2.2458 10.2035 -7199.9341 -0.0002 0.0008 1.0000
-25.9337 4.1428 1824.4325 -5.6927 -25.1566 17921.8766 -0.0016 -0.0057 1.0000
-13.9024 1.9522 1214.8200 -3.6076 -12.6167 9151.9687 -0.0032 -0.0028 1.0000
-123.8940 18.8512 9694.7758 -25.0200 -111.5557 79005.1474 -0.0179 -0.0185 1.0000
-83.4552 11.2633 7583.0865 -14.8799 -77.5472 54384.1485 -0.0082 -0.0144 1.0000
31.2965 -3.5922 -3296.1956 3.0841 29.6609 -20171.8956 -0.0006 0.0049 1.0000
17.5190 -2.1789 -1764.2577 2.6306 15.2893 -10581.1184 0.0021 0.0012 1.0000
-15.0712 0.6292 2404.6857 -0.5713 -15.7455 10531.7017 0.0011 -0.0047 1.0000
-17.6158 0.6956 2875.4965 -1.1068 -17.2018 11569.3921 -0.0005 -0.0046 1.0000
76.9093 -2.9375 -12710.2301 2.8944 71.1040 -47184.1101 0.0012 0.0128 1.0000
13.8479 -0.6987 -2168.2238 0.3876 12.1703 -7986.2659 0.0007 0.0011 1.0000
-71.8519 -0.3273 14118.9657 2.1280 -70.0259 45319.2477 0.0030 -0.0164 1.0000
21.3562 -0.0049 -4124.9045 -0.8944 19.8397 -12673.1869 0.0001 0.0028 1.0000
-9.8424 -0.5787 2326.8806 -0.0197 -9.9501 6519.0826 -0.0011 -0.0030 1.0000
14.5528 0.2224 -2972.4648 0.0120 12.7449 -8177.2194 0.0023 0.0008 1.0000
-18.0013 -1.2417 4390.2891 -0.4268 -16.8307 10990.8300 -0.0042 -0.0035 1.0000
-286.7835 -23.5113 72150.0243 22.1354 -278.6617 174834.1435 -0.0209 -0.0531 1.0000
5.1984 0.2273 -1156.7688 -0.4205 4.2506 -2566.3019 0.0005 -0.0005 1.0000
8.4749 0.7365 -2147.5440 -1.2908 7.6502 -4549.9282 0.0001 0.0004 1.0000
9.5465 1.1490 -2645.0861 -1.3957 8.6243 -5122.9367 0.0005 0.0005 1.0000
13.0352 1.8327 -3787.5353 -2.5049 12.2243 -7138.1706 0.0003 0.0013 1.0000
-12.5477 -2.5523 4224.0485 1.8256 -12.7683 7737.3290 -0.0017 -0.0035 1.0000
5.4762 0.6516 -1505.4059 -0.7413 4.2867 -2446.4633 0.0008 -0.0005 1.0000
8.4108 1.2149 -2469.4630 -0.6153 6.6144 -3895.2966 0.0022 -0.0003 1.0000
6.9737 1.3269 -2255.4284 -1.9745 6.2965 -3420.3113 -0.0001 0.0002 1.0000
12.0418 2.8173 -4264.4439 -4.2654 11.9225 -6431.3152 -0.0009 0.0016 1.0000
9.0265 1.9498 -3082.6394 -2.4522 8.2345 -4478.1887 0.0006 0.0004 1.0000
13.3771 3.3682 -4910.1506 -4.1409 12.6578 -6812.7473 0.0006 0.0014 1.0000
5.1344 1.3027 -1874.7442 -2.6106 4.8477 -2326.2957 -0.0010 0.0001 1.0000
3.7240 0.7166 -1201.5580 -1.1694 2.8062 -1356.1661 0.0003 -0.0006 1.0000
3.4838 0.6754 -1124.8952 -1.1790 2.5854 -1211.1508 0.0002 -0.0007 1.0000
3.5832 0.6835 -1153.3267 -0.8491 2.4400 -1178.9908 0.0007 -0.0008 1.0000
7.3384 1.9734 -2767.1296 -2.6344 6.5418 -3297.3900 0.0004 0.0001 1.0000
11.6475 3.1508 -4420.4603 -2.7642 10.1185 -5389.4310 0.0023 0.0003 1.0000
27.4293 9.5580 -11863.0949 -13.5194 29.7496 -15105.9331 -0.0025 0.0056 1.0000
18.1682 5.9153 -7578.0397 -8.2224 18.7155 -9480.7109 -0.0006 0.0028 1.0000
6.9439 1.6970 -2507.5676 -1.4974 5.5682 -2895.4912 0.0015 -0.0004 1.0000
7.6109 2.0432 -2876.0048 -2.5028 6.6079 -3316.7632 0.0008 -0.0000 1.0000
5.3126 1.2452 -1881.8271 -1.5875 4.1274 -2011.7752 0.0007 -0.0005 1.0000
6.4603 1.6246 -2363.8245 -2.3152 5.5430 -2727.8266 0.0005 -0.0002 1.0000
18.6420 5.1870 -7197.4958 -5.3962 17.8180 -9527.0733 0.0023 0.0015 1.0000
3.3824 0.6615 -1099.1359 -1.4934 2.5037 -1075.1133 -0.0001 -0.0007 1.0000
11.6201 3.1846 -4445.9734 -4.5821 11.2582 -5775.5271 -0.0001 0.0009 1.0000
5.5998 1.2129 -1911.9931 -1.5871 4.5399 -2296.2424 0.0006 -0.0005 1.0000
8.5402 1.9244 -2978.7964 -2.4881 7.5415 -3962.3672 0.0007 -0.0000 1.0000
6.2741 1.2498 -2070.2730 -1.9024 5.2914 -2718.0211 0.0003 -0.0004 1.0000
7.7548 1.6750 -2651.3765 -2.8141 7.2237 -3745.1710 -0.0003 0.0001 1.0000
9.5934 1.7331 -3054.3667 -2.3418 8.5509 -4667.9611 0.0008 0.0000 1.0000
5.6992 0.6931 -1582.4605 -0.6610 4.1656 -2306.6158 0.0011 -0.0008 1.0000
9.7653 1.7180 -3083.5151 -2.7094 9.1802 -5033.8751 0.0001 0.0003 1.0000
5.8769 0.6858 -1612.5107 -1.3919 4.8942 -2646.0555 0.0002 -0.0005 1.0000
8.3296 1.1782 -2436.3064 -2.6890 7.9776 -4331.3278 -0.0007 0.0002 1.0000
6.6366 0.6094 -1717.4392 -1.7488 5.8121 -3179.8444 -0.0003 -0.0002 1.0000
21.6795 2.3652 -5938.2963 -2.4584 20.1325 -12087.4228 0.0022 0.0012 1.0000
6.7189 0.4211 -1621.1635 -1.1503 5.6661 -3248.4649 0.0001 -0.0004 1.0000
6.1512 0.3311 -1450.8950 -1.3038 5.2421 -2964.6583 -0.0003 -0.0004 1.0000
5.4408 0.0556 -1123.2669 -0.4826 4.1059 -2421.4637 0.0005 -0.0008 1.0000
5.9682 0.1425 -1296.0906 -0.7475 4.8680 -2876.4539 0.0001 -0.0006 1.0000
10.6688 0.2928 -2363.8687 -0.7824 9.2354 -5704.7791 0.0007 -0.0002 1.0000
9.1860 0.1095 -1936.0139 -0.2132 7.7192 -4855.9576 0.0010 -0.0004 1.0000
7.3390 -0.1196 -1405.7694 0.2190 5.6302 -3609.9748 0.0012 -0.0008 1.0000
7.3595 -0.0962 -1427.0429 -0.5865 6.1062 -3772.8110 0.0001 -0.0004 1.0000
44.9441 0.6672 -9643.5207 -5.2879 43.8981 -27544.1194 -0.0016 0.0050 1.0000
22.9302 -0.2050 -4547.0674 -0.5115 20.5218 -13290.4072 0.0018 0.0009 1.0000
11.9842 -0.2534 -2272.2824 -0.5835 10.5179 -6739.8030 0.0003 0.0000 1.0000
43.3194 -0.6588 -8415.9513 -2.9015 40.8642 -26328.9725 -0.0007 0.0041 1.0000
31.3675 -0.6564 -5977.2164 -2.0832 29.0636 -18736.8433 -0.0003 0.0025 1.0000
-114.3899 1.5577 22505.0365 -4.2495 -105.8199 71260.4995 -0.0105 -0.0114 1.0000
-57.3326 1.4015 10847.9931 -0.3096 -54.4837 36408.6370 -0.0027 -0.0072 1.0000
29.3595 -1.3778 -5095.2295 0.4490 26.3144 -17623.1164 0.0015 0.0015 1.0000
