503.485915 165.795775 696.988263 112.913146 772.706573 493.908451 571.992958 493.908451 
507.704611 171.162824 701.710375 115.139769 774.332853 496.926513 569.952450 494.851585 
506.667147 173.237752 700.672911 117.214697 774.332853 496.926513 574.102305 496.926513 
506.667147 175.312680 698.597983 120.327089 775.370317 503.151297 572.027378 503.151297 
506.122977 177.686034 700.672911 121.364553 775.370317 504.188761 576.177233 505.226225 
502.517291 181.537464 701.710375 124.476945 775.370317 508.338617 572.027378 508.338617 
506.667147 185.687320 699.635447 129.664265 776.407781 512.488473 576.177233 510.413545 
504.592219 189.837176 699.635447 134.851585 775.370317 517.675793 570.989914 517.675793 
504.629538 196.123328 698.097072 139.126669 778.374057 521.245117 574.470515 522.850656 
503.554755 201.249280 697.560519 145.226225 777.445245 527.012968 570.989914 529.087896 
502.517291 208.511527 701.710375 148.338617 781.595101 531.162824 575.139769 536.350144 
498.367435 210.586455 698.597983 153.525937 781.595101 536.350144 573.064841 540.500000 
500.442363 214.736311 697.560519 153.525937 780.557637 538.425072 570.989914 541.537464 
495.255043 218.886167 693.410663 157.675793 777.445245 540.500000 567.877522 545.687320 
490.067723 221.998559 694.448127 161.825648 777.445245 542.574928 562.690202 551.912104 
485.917867 223.036023 691.335735 161.825648 775.370317 542.574928 563.727666 549.837176 
479.693084 227.185879 685.110951 161.825648 772.257925 547.762248 556.465418 557.099424 
472.430836 229.260807 677.848703 163.900576 769.145533 544.649856 549.203170 557.099424 
466.206052 232.373199 671.623919 167.012968 766.033141 549.837176 551.278098 561.249280 
461.018732 236.523055 668.511527 165.975504 761.883285 547.762248 542.978386 562.286744 
455.831412 236.523055 664.361671 165.975504 761.883285 544.649856 542.978386 564.361671 
451.681556 237.560519 664.361671 165.975504 761.883285 543.612392 540.903458 568.511527 
450.644092 238.597983 661.249280 163.900576 767.070605 544.649856 538.828530 569.548991 
451.681556 238.597983 664.361671 158.713256 772.257925 538.425072 545.053314 568.511527 
451.681556 236.523055 665.399135 156.638329 776.407781 536.350144 552.315562 563.324207 
456.868876 236.523055 667.474063 152.488473 782.632565 531.162824 558.540346 559.174352 
457.906340 234.448127 668.511527 147.301153 787.819885 524.938040 562.690202 559.174352 
458.943804 231.335735 672.661383 143.151297 794.044669 517.675793 565.802594 557.099424 
457.906340 231.335735 673.698847 140.038905 797.157061 512.488473 568.914986 552.949568 
458.943804 228.223343 673.698847 131.739193 799.231988 510.413545 568.914986 551.912104 
455.831412 223.036023 673.698847 128.626801 801.306916 499.001441 569.952450 549.837176 
452.719020 214.736311 667.474063 120.327089 802.344380 496.926513 570.989914 543.612392 
446.494236 205.399135 665.399135 109.952450 803.381844 489.664265 566.840058 540.500000 
446.494236 201.249280 667.474063 96.465418 799.231988 480.327089 563.727666 534.275216 
443.381844 193.987032 666.436599 88.165706 803.381844 468.914986 568.914986 524.938040 
439.231988 189.837176 663.324207 79.865994 807.531700 457.502882 561.652738 515.600865 
436.119597 185.687320 662.286744 74.678674 803.381844 452.315562 565.802594 515.600865 
433.007205 181.537464 659.174352 68.453890 804.419308 448.165706 563.727666 510.413545 
429.894813 181.537464 657.099424 65.341499 803.381844 440.903458 563.727666 508.338617 
423.670029 182.574928 650.874640 60.154179 800.269452 437.791066 556.465418 508.338617 
414.332853 180.500000 645.687320 59.116715 798.194524 433.641210 556.465418 510.413545 
404.995677 185.687320 639.462536 57.041787 795.082133 433.641210 549.203170 510.413545 
393.583573 185.687320 629.087896 54.966859 790.932277 433.641210 542.978386 513.525937 
387.358790 189.837176 617.675793 57.041787 784.707493 430.528818 538.828530 519.750720 
379.059078 196.061960 611.451009 54.966859 786.782421 428.453890 538.828530 519.750720 
375.946686 195.024496 607.301153 54.966859 789.894813 420.154179 541.940922 517.675793 
372.834294 199.174352 602.113833 51.854467 795.082133 412.891931 551.278098 519.750720 
375.946686 203.324207 600.038905 45.629683 804.419308 401.479827 559.577810 519.750720 
374.909222 204.361671 595.889049 40.442363 812.719020 389.030259 566.840058 515.600865 
370.759366 204.361671 593.814121 32.142651 813.756484 381.768012 573.064841 512.488473 
365.572046 199.174352 587.589337 26.955331 817.906340 372.430836 578.252161 508.338617 
351.047550 200.211816 578.252161 18.655620 821.018732 363.093660 575.139769 510.413545 
347.935159 204.361671 575.139769 16.580692 814.793948 353.756484 569.952450 506.263689 
343.785303 204.361671 567.877522 17.618156 809.606628 356.868876 570.989914 508.338617 
341.710375 208.511527 565.802594 18.655620 807.531700 358.943804 568.914986 512.488473 
339.635447 215.773775 563.727666 26.955331 803.381844 363.093660 561.652738 515.600865 
338.597983 221.998559 565.802594 36.292507 807.531700 368.280980 561.652738 524.938040 
338.597983 227.185879 569.952450 45.629683 806.494236 381.768012 560.615274 532.200288 
340.672911 231.335735 574.102305 49.779539 804.419308 392.142651 553.353026 543.612392 
340.672911 237.560519 580.327089 59.116715 802.344380 400.442363 551.278098 547.762248 
343.785303 234.448127 587.589337 68.453890 803.381844 407.704611 550.240634 552.949568 
348.972622 236.523055 597.963977 73.641210 804.419308 419.116715 546.090778 555.024496 
354.159942 232.373199 608.338617 77.791066 801.306916 426.378963 540.903458 553.987032 
358.309798 224.073487 618.713256 82.978386 800.269452 433.641210 532.603746 555.024496 
361.422190 221.998559 628.050432 84.015850 799.231988 440.903458 525.341499 555.024496 
366.609510 214.736311 637.387608 92.315562 793.007205 448.165706 520.154179 559.174352 
372.834294 212.661383 644.649856 96.465418 785.744957 452.315562 510.817003 553.987032 
373.871758 206.436599 649.837176 103.727666 783.670029 463.727666 503.554755 557.099424 
380.096542 199.174352 658.136888 105.802594 778.482709 461.652738 503.554755 547.762248 
385.283862 195.024496 667.474063 103.727666 775.370317 465.802594 501.479827 547.762248 
389.433718 185.687320 667.474063 107.877522 771.220461 463.727666 495.255043 540.500000 
392.546110 177.387608 671.623919 105.802594 768.108069 457.502882 492.142651 527.012968 
396.695965 169.087896 680.961095 100.615274 764.995677 452.315562 490.067723 519.750720 
406.033141 156.638329 690.298271 96.465418 766.033141 447.128242 485.917867 513.525937 
409.145533 152.488473 699.635447 96.465418 762.920749 445.053314 484.880403 501.076369 
421.595101 143.151297 701.710375 96.465418 759.808357 442.978386 484.880403 491.739193 
430.932277 133.814121 706.897695 98.540346 753.583573 442.978386 484.880403 484.476945 
435.082133 128.626801 713.122478 101.652738 752.546110 447.128242 474.505764 477.214697 
445.456772 124.476945 718.309798 109.952450 745.283862 452.315562 469.318444 473.064841 
453.756484 120.327089 723.497118 121.364553 729.721902 456.465418 461.018732 473.064841 
457.906340 122.402017 728.684438 131.739193 722.459654 466.840058 453.756484 465.802594 
465.168588 124.476945 733.871758 150.413545 710.010086 482.402017 447.531700 467.877522 
475.543228 129.664265 743.208934 167.012968 710.010086 495.889049 445.456772 475.139769 
486.955331 137.963977 749.433718 177.387608 712.085014 506.263689 446.494236 478.252161 
497.329971 143.151297 758.770893 185.687320 715.197406 513.525937 457.906340 482.402017 
503.554755 153.525937 758.770893 196.061960 714.182156 517.606809 456.180220 489.546176 
501.479827 161.825648 755.658501 204.361671 711.047550 522.863112 453.756484 491.739193 
490.067723 162.863112 749.433718 206.436599 700.672911 524.938040 448.569164 493.814121 
480.730548 167.012968 731.796830 210.586455 689.260807 522.863112 440.269452 493.814121 
465.168588 171.162824 712.085014 210.586455 672.661383 519.750720 426.782421 493.814121 
449.606628 167.012968 699.635447 205.399135 664.361671 519.750720 410.182997 493.814121 
438.194524 168.050432 680.961095 203.324207 649.837176 513.525937 406.033141 489.664265 
429.894813 169.087896 669.548991 199.174352 642.574928 503.151297 401.883285 485.514409 
417.445245 167.012968 660.211816 195.024496 633.237752 493.814121 395.658501 482.402017 
402.920749 162.863112 644.649856 187.762248 623.900576 485.514409 384.246398 480.327089 
389.433718 158.713256 631.162824 184.649856 610.413545 477.214697 371.796830 475.139769 
370.759366 159.750720 611.451009 180.500000 594.851585 473.064841 358.309798 476.177233 
350.010086 159.750720 587.589337 177.387608 580.327089 470.989914 344.822767 475.139769 
344.822767 165.975504 577.214697 180.500000 575.139769 475.139769 335.485591 480.327089 
337.560519 171.162824 573.064841 187.762248 563.727666 475.139769 334.448127 484.476945 
330.298271 176.350144 565.802594 190.874640 559.577810 482.402017 329.260807 489.664265 
329.260807 180.500000 563.727666 195.024496 556.465418 482.402017 327.185879 493.814121 
329.260807 181.537464 559.577810 199.174352 552.315562 484.476945 327.185879 493.814121 
336.523055 187.762248 563.727666 203.324207 559.577810 484.476945 330.298271 496.926513 
339.635447 187.762248 577.214697 204.361671 568.914986 482.402017 340.672911 501.076369 
356.234870 189.837176 586.551873 204.361671 580.327089 484.476945 357.272334 499.001441 
373.871758 193.987032 600.038905 208.511527 595.889049 485.514409 370.759366 503.151297 
390.471182 196.061960 618.713256 209.548991 611.451009 489.664265 389.433718 505.226225 
413.295389 201.249280 635.312680 212.661383 631.162824 491.739193 411.220461 503.151297 
429.894813 204.361671 650.874640 215.773775 646.724784 493.814121 427.819885 510.413545 
447.531700 208.511527 672.661383 217.848703 663.324207 499.001441 448.569164 513.525937 
468.280980 209.548991 691.335735 221.998559 676.811239 506.263689 465.168588 519.750720 
489.030259 213.698847 700.672911 231.335735 695.485591 512.488473 481.768012 522.863112 
508.742075 221.998559 717.272334 233.410663 706.897695 519.750720 498.367435 532.200288 
521.191643 228.223343 727.646974 237.560519 717.272334 523.900576 511.854467 540.500000 
531.566282 237.560519 741.134006 246.897695 727.646974 527.012968 522.229107 547.762248 
544.015850 245.860231 751.508646 250.010086 738.021614 533.237752 531.566282 551.912104 
553.353026 250.010086 758.770893 253.122478 746.321326 538.425072 540.903458 560.211816 
561.652738 252.085014 770.182997 259.347262 759.808357 540.500000 554.390490 563.324207 
569.952450 257.272334 778.482709 259.347262 770.182997 547.762248 561.652738 568.511527 
581.364553 260.384726 783.670029 264.534582 777.445245 549.837176 576.177233 575.773775 
583.439481 264.534582 794.044669 264.534582 783.670029 551.912104 586.551873 577.848703 
591.739193 268.684438 798.194524 265.572046 790.932277 555.024496 588.626801 587.185879 
591.739193 274.909222 795.082133 269.721902 793.007205 560.211816 594.851585 594.448127 
586.551873 283.208934 790.932277 273.871758 794.044669 566.436599 593.814121 602.747839 
582.402017 292.546110 784.707493 283.208934 789.894813 575.773775 591.739193 617.272334 
578.252161 297.733429 780.557637 284.246398 785.744957 577.848703 591.739193 623.497118 
569.952450 304.995677 770.182997 291.508646 782.632565 581.998559 588.626801 635.946686 
566.840058 310.182997 762.920749 294.621037 779.520173 590.298271 587.589337 641.134006 
561.652738 316.407781 756.695965 297.733429 775.370317 591.335735 584.476945 645.283862 
551.278098 321.595101 753.583573 301.883285 774.332853 592.373199 580.327089 652.546110 
552.315562 324.707493 747.358790 306.033141 769.145533 599.635447 581.364553 657.733429 
553.353026 327.819885 743.208934 308.108069 766.033141 601.710375 582.402017 666.033141 
550.242119 330.696490 742.171470 310.182997 767.070605 606.897695 581.364553 669.145533 
556.465418 335.082133 745.283862 314.332853 768.108069 610.010086 586.551873 676.407781 
557.502882 339.231988 750.471182 317.445245 775.370317 615.197406 591.739193 680.557637 
564.765130 341.306916 754.621037 319.520173 777.445245 621.422190 599.001441 685.744957 
575.139769 347.531700 757.733429 322.632565 779.520173 624.534582 605.226225 693.007205 
577.214697 347.531700 759.808357 328.857349 780.557637 629.721902 607.301153 699.231988 
580.327089 349.606628 760.845821 327.819885 783.670029 630.759366 609.376081 704.419308 
582.402017 354.793948 759.808357 333.007205 780.557637 635.946686 609.376081 705.456772 
583.439481 353.756484 758.770893 331.969741 780.557637 639.059078 612.488473 708.569164 
583.439481 353.756484 756.695965 333.007205 780.557637 639.059078 615.600865 709.606628 
588.626801 354.793948 758.770893 333.007205 785.744957 639.059078 622.863112 709.606628 
590.701729 353.756484 762.920749 330.932277 786.782421 636.984150 628.050432 714.793948 
603.151297 347.531700 763.958213 326.782421 794.044669 632.834294 635.312680 710.644092 
612.488473 342.344380 772.257925 320.557637 800.269452 632.834294 647.762248 708.569164 
621.825648 340.269452 778.482709 318.482709 809.606628 630.759366 659.174352 707.531700 
631.162824 336.119597 785.744957 315.370317 815.831412 623.497118 668.511527 703.381844 
641.537464 321.595101 794.044669 309.145533 819.981268 621.422190 679.923631 698.194524 
651.912104 314.332853 796.119597 299.808357 827.243516 618.309798 689.260807 690.932277 
659.174352 311.220461 801.306916 293.583573 831.393372 613.122478 695.485591 685.744957 
666.436599 300.845821 804.419308 289.433718 834.505764 604.822767 703.785303 677.445245 
669.548991 293.583573 806.494236 281.134006 833.468300 604.822767 704.822767 677.445245 
671.623919 289.433718 805.456772 275.946686 833.468300 597.560519 708.972622 671.220461 
669.548991 280.096542 804.419308 269.721902 831.393372 591.335735 702.747839 667.070605 
662.286744 274.909222 795.082133 266.609510 822.056196 589.260807 699.635447 662.920749 
650.874640 266.609510 779.520173 262.459654 808.569164 588.223343 685.110951 660.845821 
639.462536 264.534582 769.145533 259.347262 797.157061 580.961095 675.773775 652.546110 
621.825648 259.347262 755.658501 256.234870 782.632565 577.848703 656.061960 653.583573 
611.451009 255.197406 741.134006 253.122478 763.958213 575.773775 643.612392 651.508646 
594.851585 250.010086 724.534582 245.860231 746.321326 571.623919 627.012968 648.396254 
582.402017 242.747839 706.897695 242.747839 732.834294 568.511527 621.825648 642.171470 
574.102305 238.597983 695.485591 241.710375 718.309798 566.436599 609.376081 640.096542 
563.727666 238.597983 680.961095 240.672911 706.897695 566.436599 600.038905 641.134006 
555.427954 238.597983 672.661383 241.710375 699.635447 568.511527 590.701729 645.283862 
550.240634 236.523055 663.324207 241.710375 691.335735 569.548991 588.626801 643.208934 
542.978386 234.448127 658.136888 240.672911 683.036023 569.548991 580.327089 643.208934 
538.828530 234.448127 649.837176 242.747839 676.811239 570.586455 577.214697 641.134006 
538.828530 227.185879 649.837176 236.523055 678.886167 568.511527 578.252161 639.059078 
539.865994 218.886167 648.799712 231.335735 677.848703 563.324207 578.252161 635.946686 
544.015850 213.698847 651.912104 227.185879 680.961095 555.024496 583.439481 629.721902 
548.165706 212.661383 651.912104 223.036023 683.036023 549.837176 588.626801 620.384726 
553.353026 205.399135 657.099424 214.736311 688.223343 545.687320 592.776657 612.085014 
556.465418 199.174352 659.174352 212.661383 694.448127 536.350144 601.076369 605.860231 
561.652738 189.837176 665.399135 205.399135 694.448127 533.237752 606.263689 596.523055 
565.802594 184.649856 667.474063 203.324207 698.597983 527.012968 610.413545 590.298271 
568.914986 181.537464 668.511527 199.174352 698.597983 527.012968 613.525937 586.148415 
574.102305 178.425072 668.511527 199.174352 701.710375 521.825648 614.563401 587.185879 
574.102305 180.500000 668.511527 197.099424 704.822767 521.825648 620.788184 581.998559 
575.139769 180.500000 667.474063 200.211816 702.747839 519.750720 621.825648 577.848703 
572.027378 176.350144 666.436599 195.024496 703.785303 517.675793 622.863112 575.773775 
565.802594 171.162824 662.286744 191.912104 703.785303 513.525937 619.750720 570.586455 
556.465418 167.012968 655.024496 187.762248 697.560519 508.338617 613.525937 563.324207 
549.203170 158.713256 646.724784 184.649856 690.298271 503.151297 601.076369 555.024496 
534.678674 150.413545 638.425072 180.500000 677.848703 493.814121 588.626801 540.500000 
525.341499 148.338617 624.938040 171.162824 664.361671 484.476945 574.102305 536.350144 
507.704611 143.151297 608.338617 169.087896 648.799712 480.327089 561.652738 529.087896 
492.142651 133.814121 593.814121 159.750720 636.350144 470.989914 548.165706 527.012968 
479.693084 128.626801 582.402017 154.563401 621.825648 463.727666 531.566282 515.600865 
467.243516 124.476945 564.765130 149.376081 607.301153 457.502882 521.191643 510.413545 
452.719020 119.289625 556.465418 147.301153 596.926513 454.390490 509.779539 504.188761 
441.306916 116.177233 542.978386 141.076369 586.551873 450.240634 495.255043 501.076369 
429.894813 115.139769 530.528818 139.001441 576.177233 449.203170 487.992795 499.001441 
418.482709 113.064841 524.304035 139.001441 568.914986 442.978386 474.505764 496.926513 
412.257925 110.989914 514.966859 141.076369 556.465418 445.053314 468.280980 493.814121 
401.883285 110.989914 504.592219 139.001441 552.315562 442.978386 457.906340 493.814121 
393.583573 109.952450 500.442363 139.001441 540.903458 445.053314 451.681556 491.739193 
389.433718 110.989914 493.180115 139.001441 534.678674 445.053314 444.419308 489.664265 
383.208934 109.952450 487.992795 139.001441 530.528818 440.903458 439.231988 487.589337 
378.021614 109.952450 478.655620 135.889049 526.378963 438.828530 435.082133 487.589337 
373.871758 107.877522 477.618156 137.963977 522.229107 442.978386 430.932277 487.589337 
368.684438 109.952450 474.505764 137.963977 519.116715 442.978386 424.707493 489.664265 
365.572046 110.989914 476.580692 139.001441 518.079251 445.053314 423.670029 489.664265 
363.497118 110.989914 470.355908 140.038905 511.854467 442.978386 419.520173 491.739193 
362.459654 115.139769 471.393372 143.151297 511.854467 449.203170 415.370317 495.889049 
361.422190 115.139769 467.243516 145.226225 509.779539 454.390490 414.332853 499.001441 
354.159942 124.476945 468.280980 152.488473 506.667147 457.502882 408.108069 503.151297 
350.010086 129.664265 464.131124 153.525937 505.629683 459.577810 402.920749 506.263689 
346.897695 133.814121 463.093660 161.825648 504.592219 465.802594 395.658501 513.525937 
333.410663 141.076369 458.943804 168.050432 499.404899 470.989914 385.283862 517.675793 
325.110951 147.301153 448.569164 172.200288 485.917867 476.177233 372.834294 522.863112 
313.698847 152.488473 443.381844 177.387608 476.580692 484.476945 360.384726 529.087896 
304.361671 154.563401 434.044669 185.687320 471.393372 485.514409 348.972622 533.237752 
296.061960 159.750720 429.894813 189.837176 464.131124 491.739193 336.523055 540.500000 
288.799712 163.900576 422.632565 189.837176 457.906340 494.851585 330.298271 543.612392 
280.500000 167.012968 425.744957 195.024496 453.756484 499.001441 318.886167 545.687320 
270.125360 167.012968 420.557637 195.024496 446.494236 501.076369 305.399135 545.687320 
258.713256 167.012968 414.332853 197.099424 440.269452 501.076369 290.874640 549.837176 
241.076369 161.825648 399.808357 196.061960 423.670029 503.151297 272.200288 545.687320 
225.514409 161.825648 383.208934 191.912104 409.145533 503.151297 256.638329 545.687320 
206.840058 158.713256 373.871758 189.837176 394.621037 501.076369 237.963977 540.500000 
197.502882 149.376081 364.534582 184.649856 383.208934 491.739193 226.551873 534.275216 
186.090778 148.338617 359.347262 180.500000 374.909222 485.514409 212.027378 527.012968 
176.753602 139.001441 348.972622 169.087896 369.721902 480.327089 205.802594 519.750720 
168.453890 134.851585 346.897695 162.863112 366.609510 468.914986 199.577810 510.413545 
160.154179 128.626801 340.672911 156.638329 364.534582 461.652738 191.278098 506.263689 
149.779539 125.514409 335.485591 154.563401 358.309798 457.502882 179.865994 501.076369 
137.329971 124.476945 332.373199 150.413545 354.159942 452.315562 170.528818 499.001441 
122.805476 122.402017 324.073487 149.376081 343.785303 452.315562 153.929395 503.151297 
106.206052 125.514409 313.698847 152.488473 336.523055 458.540346 142.517291 503.151297 
92.719020 131.739193 302.286744 154.563401 325.110951 459.577810 127.992795 510.413545 
76.119597 134.851585 288.799712 154.563401 312.661383 463.727666 112.430836 513.525937 
59.520173 139.001441 277.387608 159.750720 306.436599 463.727666 95.831412 515.600865 
43.958213 139.001441 267.012968 159.750720 293.987032 467.877522 79.231988 517.675793 
24.246398 143.151297 255.600865 161.825648 284.649856 468.914986 60.557637 521.825648 
10.759366 144.188761 244.188761 161.825648 275.312680 468.914986 49.145533 521.825648 
-1.151878 145.945540 240.694331 162.166932 267.304447 473.085126 35.854561 524.820983 
-13.699624 146.130766 233.258304 163.461147 261.219271 475.225928 27.173476 526.565006 
-7.673257 150.919557 235.377923 164.651263 267.545769 477.938108 24.298488 526.587565 
-10.962551 154.456725 245.212229 173.738697 275.698435 481.504205 27.884932 534.607099 
-3.730158 160.373841 249.847682 174.039713 279.938293 489.991121 35.495771 541.935157 
7.646974 171.162824 257.675793 182.574928 286.724784 487.589337 48.108069 545.687320 
23.208934 180.500000 269.087896 186.724784 300.211816 493.814121 57.445245 549.837176 
34.621037 187.762248 284.649856 196.061960 313.698847 499.001441 71.969741 555.024496 
44.995677 197.099424 301.249280 204.361671 335.485591 503.151297 86.494236 559.174352 
62.632565 208.511527 315.773775 212.661383 348.972622 508.338617 101.018732 568.511527 
87.531700 217.848703 329.260807 219.923631 362.459654 512.488473 127.992795 568.511527 
109.318444 227.185879 347.935159 224.073487 384.246398 517.675793 147.704611 572.661383 
132.142651 236.523055 374.909222 234.448127 408.108069 519.750720 171.566282 568.511527 
157.041787 240.672911 403.958213 237.560519 438.194524 519.750720 196.465418 572.661383 
186.090778 250.010086 429.894813 242.747839 462.056196 517.675793 221.364553 572.661383 
217.214697 255.197406 448.569164 245.860231 478.655620 519.750720 251.451009 568.511527 
236.926513 259.347262 465.168588 251.047550 495.255043 521.825648 277.387608 568.511527 
256.638329 261.422190 476.580692 252.085014 506.667147 519.750720 292.949568 566.436599 
268.050432 264.534582 482.805476 255.197406 512.891931 521.825648 302.286744 562.286744 
268.050432 264.534582 481.768012 255.197406 512.891931 519.750720 306.436599 564.361671 
267.012968 264.534582 484.880403 251.047550 513.929395 519.750720 303.324207 559.174352 
270.125360 262.459654 480.730548 245.860231 511.854467 510.413545 304.361671 550.874640 
268.050432 260.384726 478.655620 250.010086 511.854467 503.151297 304.361671 545.687320 
271.162824 259.347262 479.693084 243.785303 512.891931 496.926513 306.436599 538.425072 
276.350144 255.197406 482.805476 240.672911 512.891931 493.814121 306.436599 534.275216 
275.312680 255.197406 481.768012 240.672911 510.817003 486.551873 311.623919 527.012968 
278.425072 255.197406 481.768012 237.560519 513.929395 484.476945 315.773775 521.825648 
286.724784 256.234870 487.992795 236.523055 521.191643 482.402017 323.036023 519.750720 
295.024496 255.197406 497.329971 236.523055 527.416427 478.252161 327.185879 513.525937 
306.436599 255.197406 507.704611 236.523055 542.978386 470.989914 337.560519 512.488473 
313.698847 252.085014 522.229107 231.335735 550.240634 466.840058 351.047550 505.226225 
331.335735 251.047550 525.341499 228.223343 557.502882 461.652738 365.572046 496.926513 
336.523055 243.785303 530.528818 224.073487 562.690202 456.465418 374.909222 489.664265 
333.410663 240.672911 528.453890 219.923631 563.727666 449.203170 372.834294 487.589337 
333.410663 240.672911 523.266571 214.736311 558.540346 442.978386 372.834294 480.327089 
324.073487 236.523055 514.966859 210.586455 553.353026 437.791066 369.721902 477.214697 
308.511527 240.672911 508.742075 208.511527 550.240634 429.491354 361.422190 475.139769 
300.211816 242.747839 493.180115 212.661383 534.678674 433.641210 350.010086 478.252161 
288.799712 257.272334 477.618156 218.886167 526.378963 440.903458 340.672911 487.589337 
269.087896 273.871758 461.018732 227.185879 516.004323 448.165706 334.448127 501.076369 
251.451009 295.658501 449.606628 238.597983 505.629683 454.390490 326.148415 519.750720 
242.113833 316.407781 427.819885 256.234870 497.329971 468.914986 319.923631 538.425072 
230.701729 345.456772 414.332853 273.871758 495.255043 485.514409 319.923631 557.099424 
227.589337 364.131124 397.733429 290.471182 490.067723 503.151297 324.073487 578.886167 
228.626801 394.217579 389.433718 315.370317 494.217579 514.563401 336.523055 603.785303 
232.776657 424.304035 392.546110 336.119597 502.517291 531.162824 347.935159 627.646974 
244.188761 437.791066 400.845821 356.868876 516.004323 541.537464 366.609510 638.021614 
264.938040 463.727666 416.407781 372.430836 535.716138 555.024496 387.358790 655.658501 
290.874640 484.476945 436.119597 386.955331 557.502882 566.436599 416.407781 666.033141 
313.698847 493.814121 459.981268 400.442363 588.626801 570.586455 444.419308 676.407781 
341.710375 510.413545 493.180115 409.779539 612.488473 579.923631 468.280980 688.857349 
373.871758 524.938040 511.854467 419.116715 630.125360 577.848703 492.142651 690.932277 
393.583573 531.162824 522.229107 428.453890 644.649856 578.886167 519.116715 690.932277 
411.401209 537.885633 531.161024 431.891314 659.180137 580.558670 540.108597 689.306089 
424.707493 536.350144 539.865994 429.491354 670.586455 573.698847 557.502882 685.744957 
434.044669 538.425072 540.903458 426.378963 677.848703 559.174352 569.952450 675.370317 
439.231988 532.200288 544.015850 407.704611 687.185879 540.500000 579.289625 660.845821 
444.419308 517.675793 541.940922 398.367435 684.073487 514.563401 589.664265 640.096542 
443.381844 496.926513 536.753602 375.543228 684.073487 486.551873 596.926513 611.047550 
446.494236 478.252161 531.566282 356.868876 681.998559 458.540346 601.076369 587.185879 
444.419308 456.465418 522.229107 335.082133 679.923631 433.641210 599.001441 563.324207 
443.381844 449.203170 518.079251 316.407781 674.736311 410.817003 602.113833 540.500000 
441.306916 433.641210 509.779539 308.108069 670.586455 394.217579 600.038905 519.750720 
438.194524 429.491354 504.592219 302.920749 665.399135 386.955331 600.038905 508.338617 
436.119597 430.528818 498.367435 303.958213 658.136888 384.880403 594.851585 508.338617 
426.782421 431.566282 489.030259 308.108069 646.724784 386.955331 585.514409 510.413545 
416.407781 445.053314 483.842939 309.145533 640.500000 386.955331 575.139769 522.863112 
407.070605 442.978386 472.430836 316.407781 632.200288 392.142651 569.952450 517.675793 
397.733429 445.053314 457.906340 321.595101 619.750720 394.217579 563.727666 519.750720 
393.583573 449.203170 449.606628 324.707493 611.451009 398.367435 556.465418 521.825648 
388.396254 451.278098 443.206354 329.559326 600.515966 401.128114 542.410614 523.007633 
379.059078 454.390490 433.007205 334.044669 587.589337 403.554755 535.716138 524.938040 
367.646974 452.315562 422.632565 331.969741 582.402017 405.629683 528.453890 527.012968 
358.309798 447.128242 416.407781 333.007205 567.877522 401.479827 518.079251 519.750720 
344.822767 438.828530 398.770893 318.482709 559.577810 396.292507 507.704611 515.600865 
335.485591 431.566282 390.471182 316.407781 547.128242 386.955331 497.329971 504.188761 
318.886167 407.704611 371.796830 290.471182 534.678674 368.280980 480.730548 487.589337 
311.623919 400.442363 367.646974 273.871758 517.041787 351.681556 464.131124 465.802594 
292.949568 370.355908 351.047550 247.935159 502.517291 323.670029 447.531700 445.053314 
275.312680 339.231988 336.523055 214.736311 484.880403 293.583573 428.857349 410.817003 
267.012968 310.182997 333.410663 185.687320 477.618156 268.684438 413.295389 382.805476 
263.900576 285.283862 330.298271 160.788184 476.580692 246.897695 409.145533 363.093660 
263.900576 260.384726 332.373199 139.001441 472.430836 227.185879 402.920749 341.306916 
263.900576 231.335735 331.335735 112.027378 470.355908 208.511527 400.845821 317.445245 
267.012968 195.024496 334.448127 85.053314 470.355908 187.762248 399.808357 292.546110 
264.938040 171.162824 340.672911 64.304035 472.430836 167.012968 401.883285 268.684438 
274.275216 143.151297 345.860231 37.329971 476.580692 148.338617 399.808357 250.010086 
279.462536 117.214697 359.347262 13.468300 480.730548 124.476945 402.920749 225.110951 
279.462536 103.727666 364.534582 4.131124 487.992795 126.551873 407.070605 215.773775 
287.122355 92.895760 377.416090 -7.273853 494.591204 112.794474 405.310954 206.227294 
299.005462 78.659641 390.280576 -21.520363 500.578804 104.288553 410.734840 190.389018 
317.699392 60.573335 405.133606 -29.102782 509.533336 95.373819 425.797686 175.760042 
326.114727 47.030503 414.237276 -35.830999 519.969998 88.745178 434.337738 165.243330 
341.347495 35.752840 432.435587 -37.117634 526.840139 85.179172 441.742936 158.965427 
351.542414 34.236674 443.584117 -39.396689 535.816301 91.444317 447.447804 156.021295 
362.568589 35.116314 453.786375 -43.939101 552.861404 91.163211 463.323096 164.022815 
385.544419 31.829318 476.632016 -38.238064 569.501008 101.065424 480.060278 163.147812 
414.261225 33.590984 506.161467 -32.052046 592.635462 116.933270 503.715425 172.157293 
414.261225 33.590984 506.161467 -32.052046 592.635462 116.933270 503.715425 172.157293 
475.543228 64.304035 567.877522 9.318444 646.724784 158.713256 558.540346 208.511527 
507.704611 87.128242 600.038905 41.479827 671.623919 187.762248 578.252161 233.410663 
539.865994 120.327089 634.275216 73.641210 693.410663 225.110951 600.038905 268.684438 
555.427954 148.338617 653.987032 110.989914 700.672911 255.197406 607.301153 287.358790 
567.877522 168.050432 660.211816 131.739193 701.710375 268.684438 609.376081 300.845821 
568.914986 180.500000 664.361671 148.338617 702.747839 282.171470 609.376081 310.182997 
573.064841 189.837176 667.474063 159.750720 698.597983 291.508646 605.226225 315.370317 
572.027378 190.874640 664.361671 167.012968 694.448127 296.695965 601.076369 319.520173 
572.027378 195.024496 665.399135 171.162824 691.335735 300.845821 599.001441 318.482709 
574.102305 195.024496 665.399135 176.350144 685.110951 307.070605 593.814121 321.595101 
573.064841 190.874640 667.474063 175.312680 683.036023 311.220461 590.701729 324.707493 
575.139769 189.837176 669.548991 175.312680 684.073487 313.295389 585.514409 321.595101 
578.252161 185.687320 671.623919 176.350144 678.886167 310.182997 586.551873 319.520173 
583.439481 178.425072 670.586455 169.087896 676.811239 308.108069 588.626801 314.332853 
582.402017 169.087896 673.698847 165.975504 677.848703 300.845821 587.589337 306.033141 
587.589337 159.750720 679.923631 157.675793 681.998559 289.433718 590.701729 292.546110 
587.589337 161.825648 678.886167 157.675793 677.848703 292.546110 588.626801 290.471182 
584.476945 159.750720 676.811239 161.825648 674.736311 293.583573 585.146474 290.117980 
585.743473 160.930940 684.881887 160.930940 676.620353 295.475930 583.973144 290.164943 
586.392864 160.557437 685.158577 163.042109 680.189233 295.972062 583.908192 292.245054 
592.207904 164.793899 687.867777 169.142075 678.550257 296.481516 585.996224 289.648668 
600.954741 165.014375 688.829438 170.872688 679.775681 296.027559 592.966133 289.636672 
603.549423 167.764324 696.137398 172.317831 684.500658 300.321973 595.960244 291.720904 
609.161090 168.008802 703.680512 174.401420 686.785736 304.080240 600.028779 294.947929 
609.161090 168.008802 700.484203 173.488189 686.785736 304.080240 600.028779 294.947929 
624.213126 174.735794 709.768463 183.387457 697.271616 311.239815 611.716279 300.184912 
628.512034 178.807627 715.725607 188.396553 701.113909 320.358452 615.270183 308.943062 
636.770315 187.337322 724.897119 196.469633 708.002343 328.888147 622.158617 317.016142 
644.443766 200.673448 731.200724 211.951853 713.415547 332.977808 629.695084 319.530480 
648.282283 208.044021 736.721508 221.021516 717.976237 337.818971 634.343492 324.841476 
652.474592 214.364788 740.489440 226.137475 722.550108 342.743133 636.217072 328.167426 
658.136888 221.998559 742.171470 231.335735 723.497118 349.606628 642.574928 335.082133 
663.754234 226.517160 743.700770 236.407453 725.568566 354.678875 648.094603 340.667626 
667.147133 232.762327 748.098369 242.881232 730.896231 360.766469 649.944995 348.117838 
670.460031 236.174540 752.879141 250.185789 731.862268 363.099969 653.564114 349.912911 
673.992989 243.413897 752.467314 253.827551 732.383838 369.865415 656.512927 356.104515 
676.811239 250.010086 754.621037 259.347262 730.759366 377.618156 657.099424 363.093660 
676.464537 253.203896 753.848859 265.700743 731.258404 383.459493 655.316026 367.117463 
679.096281 261.396617 752.964283 271.009576 730.196748 390.412649 655.822801 374.222401 
675.206208 267.111787 751.031788 278.238367 727.954438 397.333980 653.365144 380.850158 
672.331292 273.357199 748.202203 284.886602 727.002978 402.784048 650.760151 387.907398 
667.421731 283.311228 746.349186 293.430132 724.087596 407.773753 646.677977 393.101341 
659.821117 288.482920 742.011919 300.018471 722.305352 414.412686 640.595199 396.628711 
656.166469 292.553153 736.891173 304.189147 716.234870 419.116715 638.425072 401.479827 
652.797576 298.007984 731.095730 312.019232 710.903048 419.164074 634.253277 402.268157 
648.373556 299.559892 724.628355 312.345127 706.363733 421.019632 630.565549 405.494703 
644.943676 300.318129 720.109903 313.237324 700.143874 423.637721 626.935100 407.978090 
643.245799 301.593410 713.909883 313.252984 693.417299 422.782314 623.106535 408.296176 
638.834883 300.587564 709.727187 313.664785 690.455492 422.412204 618.186639 405.893608 
633.359944 296.827003 704.630799 311.865808 685.668828 421.060605 613.744112 404.714078 
629.765470 298.922474 701.130375 311.171674 681.425140 420.349327 608.462513 404.904684 
627.042011 297.058650 696.084835 309.450952 676.021108 419.211338 606.388175 401.508050 
623.240097 294.712764 691.568578 306.514956 669.827697 418.946365 602.741553 402.174829 
622.089980 294.663103 688.129947 306.432602 663.937088 416.281260 597.897121 399.934733 
614.147105 292.842708 683.096753 306.508404 661.476354 412.168275 595.512064 396.577765 
607.466913 290.759133 679.391629 306.451798 659.121936 411.069568 588.504942 393.415319 
605.645356 288.710807 676.458509 304.053657 654.624453 406.732728 584.991520 389.029440 
601.761922 287.187811 670.214636 301.350442 647.790471 404.619623 582.878414 389.866883 
599.557934 285.525790 666.240320 298.508201 644.996374 405.318040 579.494208 388.794971 
596.363636 284.461024 663.046022 297.443435 643.171539 401.868903 576.623656 385.365028 
596.222977 283.850531 665.468657 296.008170 646.002331 403.072963 573.861747 385.492485 
595.405735 282.367022 667.131156 297.549775 648.092523 404.166125 576.730480 385.080927 
0.000000 0.000000 0.000000 0.000000 0.000000 0.000000 0.000000 0.000000 
0.000000 0.000000 0.000000 0.000000 0.000000 0.000000 0.000000 0.000000 
0.000000 0.000000 0.000000 0.000000 0.000000 0.000000 0.000000 0.000000 
0.000000 0.000000 0.000000 0.000000 0.000000 0.000000 0.000000 0.000000 
0.000000 0.000000 0.000000 0.000000 0.000000 0.000000 0.000000 0.000000 
0.000000 0.000000 0.000000 0.000000 0.000000 0.000000 0.000000 0.000000 
0.000000 0.000000 0.000000 0.000000 0.000000 0.000000 0.000000 0.000000 
0.000000 0.000000 0.000000 0.000000 0.000000 0.000000 0.000000 0.000000 
0.000000 0.000000 0.000000 0.000000 0.000000 0.000000 0.000000 0.000000 
0.000000 0.000000 0.000000 0.000000 0.000000 0.000000 0.000000 0.000000 
0.000000 0.000000 0.000000 0.000000 0.000000 0.000000 0.000000 0.000000 
0.000000 0.000000 0.000000 0.000000 0.000000 0.000000 0.000000 0.000000 
0.000000 0.000000 0.000000 0.000000 0.000000 0.000000 0.000000 0.000000 
0.000000 0.000000 0.000000 0.000000 0.000000 0.000000 0.000000 0.000000 
0.000000 0.000000 0.000000 0.000000 0.000000 0.000000 0.000000 0.000000 
0.000000 0.000000 0.000000 0.000000 0.000000 0.000000 0.000000 0.000000 
0.000000 0.000000 0.000000 0.000000 0.000000 0.000000 0.000000 0.000000 
0.000000 0.000000 0.000000 0.000000 0.000000 0.000000 0.000000 0.000000 
0.000000 0.000000 0.000000 0.000000 0.000000 0.000000 0.000000 0.000000 
0.000000 0.000000 0.000000 0.000000 0.000000 0.000000 0.000000 0.000000 
0.000000 0.000000 0.000000 0.000000 0.000000 0.000000 0.000000 0.000000 
0.000000 0.000000 0.000000 0.000000 0.000000 0.000000 0.000000 0.000000 
0.000000 0.000000 0.000000 0.000000 0.000000 0.000000 0.000000 0.000000 
0.000000 0.000000 0.000000 0.000000 0.000000 0.000000 0.000000 0.000000 
0.000000 0.000000 0.000000 0.000000 0.000000 0.000000 0.000000 0.000000 
756.774100 347.672866 825.423192 357.207462 806.718085 462.163899 739.602059 447.182643 
761.680006 346.682323 827.066112 357.144100 810.065724 460.454147 744.679619 446.069204 
766.534612 346.017210 834.241925 356.577066 815.606884 459.690955 747.899572 446.646427 
770.273668 345.400736 837.546163 356.052214 818.485623 463.127602 752.894940 446.870082 
774.040502 346.770571 841.642174 358.600864 823.051714 460.848392 756.295063 445.638016 
777.622156 347.225928 843.991228 357.202978 827.941191 460.877542 759.403195 446.562644 
779.069289 346.251662 849.369046 358.500862 831.261533 462.352777 763.092071 445.842985 
783.483729 345.237696 854.376034 356.938368 835.104339 461.556137 766.965134 446.414092 
787.480931 345.655066 855.516650 357.070455 839.078490 460.722188 771.499387 445.197259 
791.347255 347.032662 857.676674 358.568213 840.373347 460.946229 774.043928 446.526790 
794.062599 347.639813 862.058364 357.942201 842.689874 461.790279 777.578777 448.191126 
796.639805 347.213517 863.876446 359.793276 846.091270 463.467840 779.288413 448.719157 
797.765827 347.605280 866.585783 358.731860 847.217292 464.228319 779.221527 449.392880 
799.954778 349.440242 868.492774 360.718647 848.972458 465.260780 781.735817 451.813452 
800.857361 350.331276 867.410791 360.510036 849.793707 465.821053 782.457294 450.944404 
801.229398 351.310151 869.661984 361.351889 850.322340 465.860350 782.261670 451.355617 
799.662937 350.918727 868.467440 362.076214 851.359293 466.584675 782.926707 451.708026 
800.582463 350.947547 868.990324 363.310413 850.446024 467.982682 783.274450 451.498860 
800.077307 352.185176 869.482873 363.143949 851.218250 468.165529 782.269300 452.640600 
799.950134 351.392023 869.594281 363.342794 851.049981 469.251350 782.642121 452.767528 
799.551230 351.090852 870.326642 362.506241 851.605404 467.984436 782.199838 452.459507 
798.638391 351.655273 871.696882 363.671472 851.029019 469.894672 781.815713 452.591345 
797.748989 352.941859 869.646468 363.060764 850.473807 468.510400 780.706624 453.065756 
796.350707 348.503494 869.409197 362.442285 850.183278 467.704189 779.047380 452.804102 
792.898564 349.584689 866.251571 361.947555 849.767749 468.268206 776.826837 452.196480 
788.975629 350.155468 865.316329 361.900191 847.699245 468.385680 773.707489 451.160086 
784.485109 349.008427 861.155640 361.727962 844.902901 468.784049 768.939011 451.118028 
782.398987 350.214165 856.038401 360.627819 838.930254 467.367777 767.150422 452.491128 
780.205752 348.824184 851.065581 358.611453 833.448497 468.620360 762.197177 456.092655 
772.498503 348.763697 845.851510 359.890276 828.955593 466.210927 758.487254 453.023870 
765.819465 350.426086 840.247802 360.928244 824.266257 466.863055 750.751151 452.707973 

