1.0000 -0.0000 0.0000 -0.0000 1.0000 0.0000 -0.0000 -0.0000 1.0000
0.9241 0.1160 -3.6120 -0.1210 1.2247 -41.1086 -0.0002 0.0002 1.0000
0.9363 0.3380 -83.0319 -0.2876 1.6157 -111.2515 -0.0004 0.0006 1.0000
0.8373 0.2206 -17.1900 -0.2614 1.3330 -18.8416 -0.0003 0.0004 1.0000
0.8129 0.2013 -15.0270 -0.2715 1.2500 13.2924 -0.0003 0.0003 1.0000
0.9695 0.2738 -81.6455 -0.2066 1.4113 -47.1616 -0.0002 0.0004 1.0000
1.0131 0.2282 -85.6434 -0.1200 1.2964 -34.5747 -0.0001 0.0003 1.0000
1.0401 0.2475 -100.5816 -0.0711 1.3196 -69.6159 -0.0000 0.0003 1.0000
0.8287 0.2503 -53.0249 -0.2195 1.1634 30.1112 -0.0002 0.0003 1.0000
0.8492 0.2152 -48.6070 -0.1804 1.1005 29.2768 -0.0001 0.0002 1.0000
0.9776 0.3179 -142.0750 -0.1830 1.2259 -9.0832 -0.0001 0.0003 1.0000
1.0293 0.3881 -179.5395 -0.1772 1.3093 -36.0608 -0.0000 0.0004 1.0000
0.7131 0.2945 -61.5805 -0.3221 0.9987 99.8659 -0.0002 0.0002 1.0000
0.8264 0.3817 -130.4019 -0.3257 1.1253 53.6961 -0.0002 0.0003 1.0000
1.2271 0.6131 -335.4919 -0.2214 1.4857 -89.1415 0.0002 0.0005 1.0000
0.8383 0.3590 -142.0228 -0.3265 0.9740 89.9066 -0.0001 0.0001 1.0000
1.5465 1.2489 -696.2142 -0.5314 2.2917 -277.9976 -0.0000 0.0012 1.0000
0.9700 0.7007 -321.3078 -0.4472 1.3165 7.5825 -0.0001 0.0005 1.0000
1.0340 0.8427 -386.8103 -0.4910 1.4383 -5.1479 -0.0001 0.0006 1.0000
1.1288 0.6485 -347.6185 -0.3671 1.1806 46.9924 0.0001 0.0002 1.0000
1.5649 0.9686 -609.5919 -0.3964 1.5873 -53.9492 0.0004 0.0005 1.0000
1.0502 0.8345 -418.8436 -0.5583 1.2698 78.8075 -0.0001 0.0004 1.0000
1.2099 0.9506 -513.0938 -0.5618 1.3946 49.8263 0.0000 0.0004 1.0000
1.3880 1.1390 -659.5361 -0.6666 1.5910 30.5372 0.0001 0.0005 1.0000
1.0651 1.0205 -524.6315 -0.7521 1.3565 126.4923 -0.0002 0.0004 1.0000
0.9520 1.0208 -501.1045 -0.8240 1.3104 160.9258 -0.0003 0.0004 1.0000
0.9846 1.1368 -573.3113 -0.9042 1.3966 162.8444 -0.0003 0.0005 1.0000
1.0425 1.0613 -577.5137 -0.8527 1.2993 176.8007 -0.0002 0.0003 1.0000
0.8387 0.9126 -460.2758 -0.8620 1.1018 234.9225 -0.0003 0.0002 1.0000
1.2543 1.3260 -805.9955 -0.9964 1.5207 153.5105 -0.0002 0.0005 1.0000
1.5188 1.5322 -1002.4487 -1.0693 1.7414 112.6535 -0.0001 0.0006 1.0000
0.9211 1.1883 -654.5403 -1.0817 1.3341 219.1790 -0.0005 0.0004 1.0000
1.6438 1.7093 -1172.5943 -1.1935 1.8408 117.1033 -0.0001 0.0006 1.0000
1.3580 1.5597 -1011.8483 -1.2177 1.6496 177.3152 -0.0003 0.0005 1.0000
1.1314 1.4959 -910.0603 -1.2634 1.5929 182.2195 -0.0005 0.0005 1.0000
1.2838 1.1558 -818.1466 -1.0301 1.2359 245.4157 -0.0001 0.0001 1.0000
0.6989 0.4345 -268.3577 -0.7383 0.4922 383.2432 -0.0003 -0.0004 1.0000
1.3186 1.3277 -921.2501 -1.1823 1.3996 232.1572 -0.0003 0.0002 1.0000
1.0000 0.0000 0.0000 0.0000 1.0000 0.0000 0.0000 0.0000 1.0000
1.0000 0.0000 0.0000 0.0000 1.0000 0.0000 0.0000 0.0000 1.0000
0.5114 -0.0707 30.0607 -0.5184 0.0055 480.3253 -0.0002 -0.0008 1.0000
1.9342 2.0501 -1514.7711 -1.5142 2.4852 -96.8089 -0.0003 0.0008 1.0000
1.3579 1.1121 -859.6603 -1.0756 1.4329 155.0880 -0.0002 0.0001 1.0000
2.6330 2.3359 -1958.0747 -1.4714 2.9563 -265.6103 0.0000 0.0010 1.0000
1.6877 1.3670 -1125.3267 -1.0940 1.9899 -75.1627 -0.0002 0.0005 1.0000
2.6679 1.9090 -1781.0857 -1.1217 2.9284 -420.4131 0.0003 0.0009 1.0000
2.4432 1.0021 -1256.0047 -0.4877 2.0025 -318.8153 0.0008 0.0001 1.0000
1.4706 0.6872 -758.4713 -0.6188 1.4448 -97.5969 0.0001 0.0001 1.0000
1.2314 0.6577 -661.4737 -0.7364 1.4735 -100.8321 -0.0003 0.0003 1.0000
0.9367 0.3676 -402.2746 -0.5812 1.0487 -6.3167 -0.0003 -0.0000 1.0000
2.3138 0.9169 -1166.9960 -0.6003 2.2739 -462.6882 0.0004 0.0006 1.0000
1.4198 0.6677 -690.5869 -0.6949 1.7055 -242.3090 -0.0003 0.0005 1.0000
1.2337 0.3778 -456.8605 -0.4722 1.1990 -118.7640 -0.0001 0.0001 1.0000
1.0858 0.4053 -381.2794 -0.5352 1.1650 -83.0281 -0.0003 0.0002 1.0000
1.2340 0.3442 -370.8871 -0.4218 1.0885 -92.4454 -0.0001 -0.0000 1.0000
0.9961 0.3309 -234.0831 -0.4751 1.0050 -50.6759 -0.0003 0.0000 1.0000
1.6625 0.5781 -518.2511 -0.5325 1.4536 -212.1470 -0.0000 0.0002 1.0000
1.0000 0.0000 0.0000 0.0000 1.0000 0.0000 0.0000 0.0000 1.0000
1.0000 0.0000 0.0000 0.0000 1.0000 0.0000 0.0000 0.0000 1.0000
1.0000 0.0000 0.0000 0.0000 1.0000 0.0000 0.0000 0.0000 1.0000
1.0000 0.0000 0.0000 0.0000 1.0000 0.0000 0.0000 0.0000 1.0000
1.0000 0.0000 0.0000 0.0000 1.0000 0.0000 0.0000 0.0000 1.0000
1.0000 0.0000 0.0000 0.0000 1.0000 0.0000 0.0000 0.0000 1.0000
1.0000 0.0000 0.0000 0.0000 1.0000 0.0000 0.0000 0.0000 1.0000
1.0000 0.0000 0.0000 0.0000 1.0000 0.0000 0.0000 0.0000 1.0000
1.0000 0.0000 0.0000 0.0000 1.0000 0.0000 0.0000 0.0000 1.0000
1.0000 0.0000 0.0000 0.0000 1.0000 0.0000 0.0000 0.0000 1.0000
1.0000 0.0000 0.0000 0.0000 1.0000 0.0000 0.0000 0.0000 1.0000
1.0000 0.0000 0.0000 0.0000 1.0000 0.0000 0.0000 0.0000 1.0000
1.0000 0.0000 0.0000 0.0000 1.0000 0.0000 0.0000 0.0000 1.0000
1.0000 0.0000 0.0000 0.0000 1.0000 0.0000 0.0000 0.0000 1.0000
1.0000 0.0000 0.0000 0.0000 1.0000 0.0000 0.0000 0.0000 1.0000
1.0000 0.0000 0.0000 0.0000 1.0000 0.0000 0.0000 0.0000 1.0000
1.0000 0.0000 0.0000 0.0000 1.0000 0.0000 0.0000 0.0000 1.0000
1.0000 0.0000 0.0000 0.0000 1.0000 0.0000 0.0000 0.0000 1.0000
1.0000 0.0000 0.0000 0.0000 1.0000 0.0000 0.0000 0.0000 1.0000
1.0000 0.0000 0.0000 0.0000 1.0000 0.0000 0.0000 0.0000 1.0000
1.0000 0.0000 0.0000 0.0000 1.0000 0.0000 0.0000 0.0000 1.0000
1.0000 0.0000 0.0000 0.0000 1.0000 0.0000 0.0000 0.0000 1.0000
1.0000 0.0000 0.0000 0.0000 1.0000 0.0000 0.0000 0.0000 1.0000
1.0000 0.0000 0.0000 0.0000 1.0000 0.0000 0.0000 0.0000 1.0000
1.0000 0.0000 0.0000 0.0000 1.0000 0.0000 0.0000 0.0000 1.0000
1.0000 0.0000 0.0000 0.0000 1.0000 0.0000 0.0000 0.0000 1.0000
1.0000 0.0000 0.0000 0.0000 1.0000 0.0000 0.0000 0.0000 1.0000
1.0000 0.0000 0.0000 0.0000 1.0000 0.0000 0.0000 0.0000 1.0000
3.5092 6.0486 -3272.2853 -3.0276 2.5665 1695.2248 0.0025 0.0027 1.0000
3.2601 5.3090 -2924.8194 -2.6669 2.1189 1668.7930 0.0024 0.0022 1.0000
2.0356 4.8151 -2370.5400 -2.7025 1.9660 1524.8351 0.0011 0.0023 1.0000
1.4330 3.1105 -1510.8155 -1.8897 1.0708 1273.7980 0.0009 0.0011 1.0000
1.4846 3.5224 -1699.6708 -2.1463 1.2152 1410.5980 0.0009 0.0014 1.0000
1.2648 3.5409 -1640.8608 -2.2424 1.1638 1466.2861 0.0007 0.0015 1.0000
3.0147 11.3836 -5454.7531 -6.3150 4.0882 3452.4511 0.0017 0.0069 1.0000
0.7378 2.4004 -992.6984 -1.7060 0.5960 1262.7002 0.0004 0.0008 1.0000
1.3571 4.0562 -1868.9808 -2.5296 1.0282 1828.7809 0.0012 0.0017 1.0000
0.6636 3.5466 -1435.3781 -2.4165 0.8534 1673.1168 0.0004 0.0016 1.0000
0.4565 2.2004 -819.4054 -1.6941 0.3119 1353.8258 0.0004 0.0007 1.0000
0.6561 4.0497 -1657.5694 -2.7443 0.7210 1997.8169 0.0006 0.0019 1.0000
0.3219 2.9346 -1080.8281 -2.2041 0.3597 1684.3798 0.0003 0.0012 1.0000
0.3970 3.0025 -1138.2441 -2.2259 0.2236 1795.4728 0.0006 0.0011 1.0000
0.0538 2.7744 -953.5719 -2.1495 0.1832 1673.2800 0.0001 0.0011 1.0000
0.9859 6.0094 -2605.0041 -3.9408 0.1966 3340.5685 0.0023 0.0025 1.0000
-0.0823 2.8170 -937.1816 -2.2173 -0.0571 1880.9020 0.0003 0.0011 1.0000
0.1823 4.7541 -1823.2622 -3.3472 -0.1748 3000.0525 0.0014 0.0020 1.0000
-0.0631 3.7386 -1313.7141 -2.7823 -0.2878 2579.4484 0.0010 0.0015 1.0000
-0.2875 4.8254 -1664.4718 -3.4751 -0.4058 3261.9061 0.0011 0.0023 1.0000
-0.5102 3.2003 -924.6620 -2.5375 -0.4142 2409.4393 0.0003 0.0015 1.0000
-0.5252 4.1512 -1261.5321 -3.0902 -0.6490 3118.6822 0.0011 0.0019 1.0000
-0.6874 3.2650 -840.7532 -2.5692 -0.6147 2611.6659 0.0005 0.0015 1.0000
-1.2874 6.5577 -1868.2443 -4.6992 -1.0112 4749.0472 0.0013 0.0038 1.0000
-0.8445 2.9024 -604.4844 -2.3531 -0.7590 2525.2770 0.0003 0.0013 1.0000
-1.3156 4.4651 -988.1550 -3.3506 -1.0808 3613.7614 0.0006 0.0024 1.0000
-1.2204 4.6881 -1030.0071 -3.3763 -1.4982 4026.4661 0.0015 0.0022 1.0000
-1.1773 2.9711 -402.1929 -2.3267 -1.0642 2736.0964 0.0004 0.0014 1.0000
-1.2801 2.7448 -264.9139 -2.2511 -1.0267 2600.5653 0.0000 0.0014 1.0000
-1.2728 2.8009 -235.0550 -2.2973 -1.2585 2840.2074 0.0004 0.0013 1.0000
-1.4064 2.8187 -165.9326 -2.2942 -1.3727 2935.3657 0.0004 0.0013 1.0000
-1.4854 3.0739 -191.0614 -2.4088 -1.6140 3265.5277 0.0007 0.0014 1.0000
-1.7927 3.2527 -133.9825 -2.5699 -1.7522 3480.4330 0.0006 0.0016 1.0000
-1.6817 2.7430 -0.0699 -2.2263 -1.6896 3151.5349 0.0005 0.0013 1.0000
-2.5290 3.8599 -8.1450 -2.9857 -2.2344 4223.8746 0.0007 0.0022 1.0000
-1.7790 2.3479 159.8796 -1.9692 -1.7569 2998.1314 0.0004 0.0010 1.0000
-6.5845 10.2756 -378.7521 -6.9631 -6.6504 11344.6534 0.0044 0.0065 1.0000
-2.4062 2.9544 197.6093 -2.3431 -2.4498 3950.5149 0.0010 0.0014 1.0000
-1.6064 1.5506 281.1769 -1.5248 -1.5989 2517.3195 0.0002 0.0005 1.0000
-2.7319 2.8513 284.5099 -2.2367 -2.9947 4374.8689 0.0017 0.0010 1.0000
-2.1531 1.8360 349.7121 -1.8152 -1.9052 3037.3840 0.0002 0.0009 1.0000
-1.9602 1.5135 359.7957 -1.4783 -1.9055 2769.9738 0.0004 0.0004 1.0000
-3.6235 2.9822 436.3267 -2.6689 -2.9751 4680.8699 0.0006 0.0020 1.0000
-2.0089 1.4163 335.9152 -1.6001 -1.7348 2657.1438 -0.0002 0.0006 1.0000
-3.0371 2.0750 487.8339 -2.2354 -2.4741 3789.2793 0.0001 0.0014 1.0000
-2.9407 1.9341 474.6187 -2.2237 -2.3829 3664.5370 -0.0002 0.0014 1.0000
-2.3968 1.5214 394.4319 -1.7907 -2.0291 2994.7050 -0.0002 0.0008 1.0000
-4.3393 2.7557 692.2638 -3.0234 -3.3375 5007.0944 -0.0001 0.0023 1.0000
-4.8983 3.0739 808.1061 -3.2704 -3.9196 5622.6227 0.0002 0.0025 1.0000
-3.5397 2.1557 636.4763 -2.4364 -2.9059 4093.1512 -0.0002 0.0015 1.0000
-5.0014 3.0659 915.7546 -3.1364 -4.2948 5697.6362 0.0007 0.0021 1.0000
-3.5141 2.1356 674.3570 -2.2594 -3.2418 4136.7481 0.0004 0.0010 1.0000
-3.5793 2.1471 713.6679 -2.4705 -3.1281 4108.5339 -0.0002 0.0014 1.0000
-7.1298 4.4848 1298.5276 -4.4601 -6.6243 8119.4067 0.0014 0.0027 1.0000
-6.1158 3.7458 1181.2044 -3.9914 -5.7180 6976.8250 0.0009 0.0022 1.0000
-5.2908 3.1880 1038.0900 -3.5534 -4.9424 6003.8308 0.0004 0.0018 1.0000
-5.4339 3.1978 1072.9556 -3.7518 -5.0201 6108.2076 0.0000 0.0020 1.0000
-5.1832 3.0221 994.7764 -3.6133 -4.7528 5772.2290 -0.0002 0.0019 1.0000
-7.1246 4.1733 1281.1180 -4.9875 -6.4535 7850.8949 -0.0003 0.0030 1.0000
-19.7021 11.8753 3043.4568 -13.8304 -17.0603 21060.8874 -0.0000 0.0098 1.0000
1.0000 0.0000 0.0000 0.0000 1.0000 0.0000 0.0000 0.0000 1.0000
1.0000 0.0000 0.0000 0.0000 1.0000 0.0000 0.0000 0.0000 1.0000
1.0000 0.0000 0.0000 0.0000 1.0000 0.0000 0.0000 0.0000 1.0000
1.0000 0.0000 0.0000 0.0000 1.0000 0.0000 0.0000 0.0000 1.0000
1.0000 0.0000 0.0000 0.0000 1.0000 0.0000 0.0000 0.0000 1.0000
1.0000 0.0000 0.0000 0.0000 1.0000 0.0000 0.0000 0.0000 1.0000
1.0000 0.0000 0.0000 0.0000 1.0000 0.0000 0.0000 0.0000 1.0000
1.0000 0.0000 0.0000 0.0000 1.0000 0.0000 0.0000 0.0000 1.0000
-6.1764 4.5514 277.7925 -5.1694 -4.4931 7254.6215 -0.0005 0.0043 1.0000
-2.4332 1.8552 128.9529 -2.2027 -1.9838 3165.5812 -0.0004 0.0012 1.0000
-3.0567 2.4883 154.0398 -2.8278 -2.1863 3868.6939 -0.0003 0.0020 1.0000
-13.0742 13.1374 -496.9135 -11.6567 -8.3814 16357.9185 0.0028 0.0124 1.0000
-2.8192 3.0279 -116.1152 -2.7728 -2.1571 4030.9769 0.0006 0.0019 1.0000
-5.4887 7.0208 -653.6793 -5.7960 -4.4375 8652.7089 0.0034 0.0048 1.0000
-1.6031 1.9655 -90.0088 -1.9208 -1.3384 2675.9342 0.0002 0.0009 1.0000
-14.1972 26.9555 -5233.5843 -18.0029 -13.0764 28111.8151 0.0189 0.0176 1.0000
-1.6310 2.6902 -376.7055 -2.4177 -1.1701 3047.5070 0.0004 0.0016 1.0000
-1.1873 2.2774 -391.6509 -2.0242 -1.0467 2623.7661 0.0005 0.0011 1.0000
-1.1944 2.7159 -617.3116 -2.2470 -0.9955 2808.8493 0.0006 0.0014 1.0000
-1.3116 3.1199 -790.9371 -2.7329 -0.7724 2985.2869 0.0002 0.0020 1.0000
-0.9952 3.4473 -1114.1182 -2.7526 -0.8712 3205.4206 0.0013 0.0017 1.0000
-2.1007 8.3200 -3050.9135 -6.5922 -0.7627 6545.9529 0.0021 0.0061 1.0000
-0.5252 2.6312 -1008.9346 -2.1482 -0.6019 2426.7607 0.0010 0.0010 1.0000
-0.6007 4.6972 -2086.1375 -3.7532 -0.4489 3721.9946 0.0018 0.0025 1.0000
-0.4125 4.9186 -2353.0283 -3.8813 -0.1359 3599.6417 0.0019 0.0026 1.0000
-0.1882 3.4443 -1703.9128 -2.8985 -0.0436 2581.8722 0.0009 0.0018 1.0000
0.1371 4.5828 -2462.9511 -3.5279 0.1874 3117.2030 0.0020 0.0023 1.0000
0.1254 4.3819 -2345.9798 -3.5419 0.6424 2761.6335 0.0010 0.0028 1.0000
0.2650 2.0440 -1146.4645 -1.6115 0.0700 1528.6819 0.0010 0.0005 1.0000
0.4269 3.0186 -1697.7961 -2.3519 0.5693 1929.3825 0.0011 0.0015 1.0000
0.5139 2.1974 -1270.9894 -1.6785 0.4505 1461.6159 0.0009 0.0008 1.0000
1.0236 2.1176 -1376.0472 -1.1527 0.2879 1451.5705 0.0021 0.0002 1.0000
0.9808 2.7993 -1608.0937 -1.7802 0.9567 1610.1276 0.0015 0.0013 1.0000
0.6726 2.0100 -1066.4611 -1.2582 0.7494 1171.6177 0.0008 0.0009 1.0000
0.7361 1.3528 -712.0286 -0.8534 0.4101 1064.7743 0.0009 0.0003 1.0000
1.1657 1.4296 -844.7634 -0.4737 0.4258 1054.5145 0.0017 0.0001 1.0000
2.0592 3.4824 -1937.8679 -1.2249 2.1127 1426.2392 0.0026 0.0023 1.0000
8.3055 16.1396 -9010.2263 -4.8932 11.9107 3637.1559 0.0090 0.0147 1.0000
3.2165 6.5303 -3429.2227 -2.1761 5.0034 1544.2431 0.0028 0.0058 1.0000
1.1936 1.5781 -781.1978 -0.5373 1.0779 810.9960 0.0011 0.0008 1.0000
0.6761 0.4610 -169.7624 -0.2240 0.1914 655.4453 0.0006 -0.0003 1.0000
1.5935 1.7407 -937.1448 -0.4789 1.4515 687.7954 0.0013 0.0010 1.0000
1.2490 0.8090 -483.8633 -0.1023 0.5404 625.8832 0.0012 -0.0001 1.0000
3.2408 2.9815 -2018.4014 -0.3222 2.4643 711.0300 0.0031 0.0018 1.0000
4.3246 3.7687 -2832.6530 -0.1803 3.1487 557.6584 0.0045 0.0019 1.0000
1.7375 1.5371 -1096.8948 -0.5267 1.2042 584.1828 0.0015 0.0005 1.0000
2.8914 3.4651 -2392.8187 -1.3534 2.6898 849.6972 0.0027 0.0023 1.0000
6.5542 7.0006 -5570.1375 -2.0143 4.5377 1527.1026 0.0081 0.0033 1.0000
2.0245 3.1485 -2208.8058 -1.8769 1.9220 1076.9762 0.0019 0.0016 1.0000
10.7804 18.8805 -13863.5159 -10.3582 11.3512 4711.4050 0.0122 0.0131 1.0000
0.6546 1.9227 -1261.7547 -1.6850 0.8710 982.3957 0.0002 0.0009 1.0000
1.0659 3.0762 -2187.5716 -2.5464 1.2857 1462.9880 0.0010 0.0016 1.0000
0.7656 2.6398 -1888.2541 -2.3612 0.8903 1439.0032 0.0007 0.0012 1.0000
0.6154 2.5514 -1793.1349 -2.2808 0.5800 1548.0588 0.0007 0.0009 1.0000
0.2920 1.7986 -1167.6887 -1.6981 0.2627 1240.9070 0.0002 0.0004 1.0000
0.3733 2.2420 -1384.5731 -1.8238 0.2303 1485.6405 0.0008 0.0005 1.0000
0.1050 1.9097 -998.5281 -1.8498 0.2340 1423.2214 0.0000 0.0006 1.0000
0.1910 1.9319 -993.3850 -1.7461 0.1376 1469.7152 0.0003 0.0005 1.0000
0.2963 3.0377 -1546.5082 -2.5150 0.4767 1970.8874 0.0005 0.0013 1.0000
0.2921 2.4279 -1213.5107 -2.0859 0.3507 1693.9670 0.0004 0.0009 1.0000
0.3656 2.3906 -1244.9629 -2.1453 0.4284 1651.9182 0.0002 0.0010 1.0000
0.5756 3.0718 -1685.9604 -2.6603 0.7883 1873.7045 0.0002 0.0016 1.0000
0.3951 1.6280 -888.7212 -1.5553 0.2969 1197.5281 0.0001 0.0004 1.0000
0.6735 2.0962 -1194.5333 -1.9150 0.5375 1325.9771 0.0003 0.0008 1.0000
1.9885 5.9255 -3537.6275 -4.3627 1.7284 2590.4581 0.0018 0.0034 1.0000
2.6270 5.9281 -3722.3046 -3.3788 1.6793 1935.1742 0.0032 0.0027 1.0000
1.3392 2.4922 -1574.1682 -2.0346 0.6681 1159.8065 0.0014 0.0006 1.0000
0.6329 1.8846 -1031.7716 -1.7629 0.4913 979.7099 0.0001 0.0007 1.0000
23.1749 50.6759 -33251.3097 -33.9222 20.1696 13705.2016 0.0198 0.0337 1.0000
2.1543 4.2777 -2791.2168 -3.1423 1.3944 1765.0129 0.0019 0.0017 1.0000
0.4244 1.6790 -853.1553 -1.6229 0.5500 971.6075 -0.0003 0.0007 1.0000
1.3173 3.4795 -2034.9184 -2.4207 1.3118 1331.2107 0.0006 0.0017 1.0000
2.8645 6.5550 -3974.6383 -3.9882 2.1317 2259.0772 0.0029 0.0031 1.0000
0.9076 1.9171 -1085.5069 -1.3864 0.4940 871.7996 0.0007 0.0003 1.0000
1.4821 3.4760 -2081.9762 -2.7110 0.9486 1497.3800 0.0010 0.0014 1.0000
1.6806 4.2586 -2496.1318 -3.2447 1.1613 1904.6332 0.0015 0.0017 1.0000
1.4249 4.0547 -2341.6312 -2.2151 1.2828 1451.1335 0.0012 0.0017 1.0000
1.2973 2.5367 -1614.6394 -1.5527 0.8135 1268.9714 0.0011 0.0005 1.0000
1.0410 2.0147 -1289.0457 -1.6001 0.7987 1164.9618 0.0004 0.0005 1.0000
1.7862 3.3807 -2171.3060 -1.8783 1.5423 1203.2036 0.0012 0.0012 1.0000
1.4730 2.5550 -1649.6412 -1.8106 1.2198 975.2738 0.0006 0.0009 1.0000
0.8334 1.4002 -840.4398 -1.3001 0.5254 809.0471 0.0002 0.0001 1.0000
3.5602 6.7501 -4363.1810 -4.2489 3.0578 1960.2516 0.0021 0.0034 1.0000
3.5742 7.2189 -4540.1509 -4.3043 3.1332 2252.7085 0.0025 0.0033 1.0000
3.8440 7.5338 -4837.3830 -4.3061 3.1689 2513.5425 0.0028 0.0032 1.0000
1.6764 2.7316 -1787.6971 -1.7833 0.8979 1417.2140 0.0012 0.0005 1.0000
0.7796 1.6560 -939.3978 -1.4056 0.6436 1010.6929 0.0003 0.0002 1.0000
1.8722 2.4221 -1818.3259 -1.5799 1.0178 1159.3739 0.0015 0.0002 1.0000
1.3550 2.1928 -1574.3778 -1.7908 1.0484 1008.5472 0.0005 0.0005 1.0000
1.3912 2.1123 -1537.6477 -1.7499 1.0059 949.0298 0.0005 0.0004 1.0000
1.1604 1.7810 -1271.1950 -1.4859 0.7810 834.8166 0.0004 0.0002 1.0000
1.0666 1.4997 -1071.4507 -1.3265 0.5754 833.1475 0.0004 -0.0000 1.0000
1.3106 1.8804 -1357.6288 -1.5601 0.7505 927.0470 0.0006 0.0001 1.0000
1.5690 2.6450 -1851.8794 -2.0963 1.0747 1123.0798 0.0007 0.0006 1.0000
1.4986 2.4617 -1716.4766 -1.9710 0.8995 1124.6247 0.0008 0.0004 1.0000
2.4649 4.5921 -3132.7926 -3.1749 1.6561 1736.0453 0.0016 0.0014 1.0000
1.1310 2.6463 -1613.2357 -2.1386 0.8022 1319.0048 0.0005 0.0006 1.0000
1.0352 2.4073 -1462.3921 -2.0094 0.6802 1304.5106 0.0005 0.0004 1.0000
1.1696 3.1126 -1880.0435 -2.5242 0.9338 1583.4250 0.0005 0.0009 1.0000
1.0160 2.4825 -1518.4432 -2.0871 0.7034 1403.7195 0.0004 0.0004 1.0000
0.8010 1.6389 -1028.1470 -1.5131 0.3573 1162.5248 0.0004 -0.0001 1.0000
0.8720 1.9048 -1215.8168 -1.7371 0.5840 1223.3220 0.0003 0.0002 1.0000
1.2727 2.4001 -1659.0328 -1.9967 0.9153 1360.3343 0.0006 0.0003 1.0000
2.4338 4.2626 -3155.2540 -2.8465 2.3011 1595.2764 0.0014 0.0012 1.0000
1.7669 2.7059 -2120.9901 -1.9994 1.3586 1333.3866 0.0008 0.0004 1.0000
1.1843 1.5845 -1305.3023 -1.1225 0.5576 1060.9994 0.0006 -0.0003 1.0000
2.4055 3.2715 -2842.5081 -2.2183 2.0840 1351.3891 0.0012 0.0006 1.0000
2.7598 3.6103 -3268.2634 -2.2194 2.3431 1384.0454 0.0015 0.0006 1.0000
5.9630 8.3099 -7602.4703 -4.8992 6.7274 1927.0917 0.0031 0.0032 1.0000
2.3856 3.0615 -2963.9716 -1.8348 1.8793 1230.1196 0.0014 0.0003 1.0000
1.2581 1.8936 -1810.6175 -1.7011 1.1455 1026.1032 0.0002 0.0001 1.0000
3.8636 5.3627 -5592.4281 -4.2064 4.4434 1705.2995 0.0019 0.0019 1.0000
1.0000 0.0000 0.0000 0.0000 1.0000 0.0000 0.0000 0.0000 1.0000
1.0000 0.0000 0.0000 0.0000 1.0000 0.0000 0.0000 0.0000 1.0000
1.0000 0.0000 0.0000 0.0000 1.0000 0.0000 0.0000 0.0000 1.0000
1.0000 0.0000 0.0000 0.0000 1.0000 0.0000 0.0000 0.0000 1.0000
1.0000 0.0000 0.0000 0.0000 1.0000 0.0000 0.0000 0.0000 1.0000
1.0000 0.0000 0.0000 0.0000 1.0000 0.0000 0.0000 0.0000 1.0000
1.0000 0.0000 0.0000 0.0000 1.0000 0.0000 0.0000 0.0000 1.0000
1.0000 0.0000 0.0000 0.0000 1.0000 0.0000 0.0000 0.0000 1.0000
1.0000 0.0000 0.0000 0.0000 1.0000 0.0000 0.0000 0.0000 1.0000
1.0000 0.0000 0.0000 0.0000 1.0000 0.0000 0.0000 0.0000 1.0000
1.0000 0.0000 0.0000 0.0000 1.0000 0.0000 0.0000 0.0000 1.0000
1.0000 0.0000 0.0000 0.0000 1.0000 0.0000 0.0000 0.0000 1.0000
1.0000 0.0000 0.0000 0.0000 1.0000 0.0000 0.0000 0.0000 1.0000
1.0000 0.0000 0.0000 0.0000 1.0000 0.0000 0.0000 0.0000 1.0000
1.0000 0.0000 0.0000 0.0000 1.0000 0.0000 0.0000 0.0000 1.0000
1.0000 0.0000 0.0000 0.0000 1.0000 0.0000 0.0000 0.0000 1.0000
1.0000 0.0000 0.0000 0.0000 1.0000 0.0000 0.0000 0.0000 1.0000
1.4444 2.3302 -2294.0196 -2.5668 1.2256 1036.2253 -0.0001 0.0004 1.0000
1.4666 2.7680 -2430.4850 -2.5992 1.3502 1018.1690 0.0001 0.0007 1.0000
1.1783 2.0602 -1757.2077 -2.0963 0.9182 876.4373 -0.0001 0.0003 1.0000
1.3575 2.6490 -2121.8815 -2.4763 1.1075 993.7576 -0.0000 0.0006 1.0000
2.0537 3.2296 -2676.7115 -2.9004 1.3186 1172.3238 0.0010 0.0005 1.0000
1.6369 3.1176 -2382.3615 -2.8019 1.3303 1047.4846 0.0002 0.0009 1.0000
2.7652 4.8838 -3790.1362 -3.9918 2.0060 1456.7195 0.0011 0.0016 1.0000
1.7816 3.4720 -2553.2149 -3.0192 1.4221 1153.1794 0.0003 0.0012 1.0000
2.2380 3.9727 -3003.3725 -3.3688 1.6556 1269.0351 0.0008 0.0013 1.0000
1.6423 2.8290 -2137.5412 -2.4855 1.1611 987.6361 0.0005 0.0007 1.0000
1.3351 2.4677 -1813.0868 -2.2308 1.0004 913.8460 0.0002 0.0006 1.0000
1.4767 2.6251 -1961.5106 -2.3567 1.0840 953.9717 0.0003 0.0007 1.0000
1.5993 2.7915 -2097.7383 -2.4405 1.1446 996.7370 0.0005 0.0008 1.0000
1.5048 2.4379 -1863.5707 -2.1770 1.0138 911.6337 0.0005 0.0005 1.0000
1.1573 1.8967 -1423.1704 -1.7629 0.7549 798.1706 0.0004 0.0002 1.0000
1.0973 1.9068 -1399.7618 -1.7926 0.7742 816.0029 0.0002 0.0003 1.0000
1.1776 2.1477 -1560.6957 -1.9217 0.8430 899.5755 0.0003 0.0005 1.0000
1.0292 1.9819 -1402.2806 -1.8272 0.7721 893.6526 0.0002 0.0004 1.0000
1.0036 2.0602 -1430.4555 -1.8739 0.8133 925.3673 0.0002 0.0005 1.0000
0.9964 2.0762 -1430.9770 -1.9161 0.7829 995.9909 0.0001 0.0005 1.0000
1.5730 3.3478 -2329.9615 -2.8157 1.4284 1329.2230 0.0005 0.0013 1.0000
0.7432 1.7924 -1147.4275 -1.7114 0.6161 980.9392 0.0000 0.0003 1.0000
0.9295 2.1437 -1391.4988 -1.8671 0.7151 1103.6160 0.0003 0.0004 1.0000
1.2104 2.7452 -1791.3721 -2.2601 0.9340 1334.7669 0.0006 0.0007 1.0000
0.9343 2.4207 -1489.8015 -2.0765 0.7564 1300.5899 0.0003 0.0005 1.0000
1.2645 3.3403 -2069.3323 -2.6686 1.0882 1647.2034 0.0006 0.0011 1.0000
0.9302 2.7557 -1622.8868 -2.2968 0.7848 1528.7230 0.0004 0.0007 1.0000
0.7888 2.5260 -1432.0726 -2.0900 0.6199 1501.1215 0.0004 0.0006 1.0000
0.6867 2.4006 -1317.6129 -2.0415 0.5134 1539.9590 0.0004 0.0005 1.0000
0.5674 2.5504 -1320.7159 -2.1422 0.5447 1632.8330 0.0003 0.0006 1.0000
0.3266 2.2283 -1053.3753 -2.0314 0.4302 1573.2651 0.0000 0.0006 1.0000
0.4360 2.6465 -1269.0260 -2.1883 0.4888 1787.5397 0.0003 0.0007 1.0000
0.3841 2.9321 -1365.2840 -2.4071 0.5693 1941.2057 0.0002 0.0009 1.0000
0.4082 2.9991 -1384.8459 -2.3196 0.4839 1993.7842 0.0004 0.0008 1.0000
0.2670 2.4293 -1047.8997 -2.0167 0.2785 1806.0952 0.0003 0.0006 1.0000
0.3382 2.9522 -1299.7085 -2.2828 0.3848 2032.1418 0.0004 0.0008 1.0000
0.3287 2.0293 -859.9359 -1.6662 0.0423 1688.8686 0.0005 0.0002 1.0000
0.2061 1.9052 -755.2466 -1.6767 0.0562 1620.2845 0.0002 0.0003 1.0000
0.2746 2.3190 -966.3219 -1.9330 0.2179 1756.6671 0.0003 0.0005 1.0000
0.5531 3.6239 -1648.5895 -2.6421 0.5678 2280.0969 0.0008 0.0013 1.0000
0.1725 2.0822 -828.5525 -1.8308 0.2307 1575.8797 0.0001 0.0006 1.0000
0.3226 2.1773 -923.0901 -1.8405 0.2899 1576.4622 0.0002 0.0006 1.0000
0.4758 3.0512 -1367.3325 -2.3745 0.6007 1877.9321 0.0003 0.0012 1.0000
0.3889 2.2956 -999.1594 -1.9180 0.4365 1530.1115 0.0002 0.0008 1.0000
0.7498 3.0083 -1443.7568 -2.2367 0.6906 1756.8256 0.0006 0.0011 1.0000
1.0416 2.9658 -1525.0793 -2.0746 0.6798 1722.0740 0.0011 0.0010 1.0000
0.8899 2.8192 -1416.5504 -2.0748 0.7586 1604.3930 0.0007 0.0011 1.0000
0.7940 2.3672 -1188.7456 -1.8151 0.6778 1400.7829 0.0005 0.0008 1.0000
0.6615 1.7298 -855.7010 -1.4201 0.4807 1152.2749 0.0004 0.0004 1.0000
0.7442 2.1037 -1059.2745 -1.6554 0.7506 1205.9534 0.0003 0.0008 1.0000
0.7641 1.9253 -986.9685 -1.5197 0.7080 1126.9283 0.0003 0.0006 1.0000
0.9363 2.1902 -1166.6204 -1.6183 0.9175 1140.8578 0.0004 0.0008 1.0000
1.3408 2.6233 -1515.4913 -1.7626 1.1809 1218.6911 0.0008 0.0011 1.0000
1.1924 2.2085 -1272.4747 -1.5392 1.0260 1076.2391 0.0006 0.0008 1.0000
1.5723 2.8297 -1692.9087 -1.8460 1.4641 1164.2238 0.0008 0.0013 1.0000
1.1734 2.2465 -1291.0501 -1.6108 1.2192 973.7144 0.0003 0.0010 1.0000
0.8927 1.7246 -957.2127 -1.3842 0.9752 827.4908 0.0000 0.0007 1.0000
1.6690 2.5625 -1633.8371 -1.6546 1.5573 896.1613 0.0007 0.0011 1.0000
1.0990 1.7157 -1038.0613 -1.3221 1.0994 719.6408 0.0002 0.0007 1.0000
1.4135 1.8451 -1218.2206 -1.3050 1.2124 705.4919 0.0005 0.0007 1.0000
1.5179 1.6879 -1193.9706 -1.1610 1.2060 595.9039 0.0006 0.0005 1.0000
1.6691 1.9107 -1366.9660 -1.2956 1.4924 531.2863 0.0005 0.0008 1.0000
1.3837 1.5414 -1093.4625 -1.1311 1.2695 458.8928 0.0003 0.0006 1.0000
1.2349 1.3168 -942.3852 -1.0479 1.1618 402.7616 0.0001 0.0005 1.0000
1.9064 1.8399 -1434.5782 -1.2122 1.7762 300.0466 0.0006 0.0009 1.0000
1.5056 1.2813 -1020.4480 -0.9434 1.3370 270.2503 0.0003 0.0005 1.0000
1.4416 1.1470 -932.2676 -0.8609 1.2710 234.1890 0.0002 0.0004 1.0000
1.7336 1.0953 -1000.6138 -0.6835 1.3508 140.0289 0.0006 0.0003 1.0000
1.5548 1.0019 -887.6788 -0.7191 1.3274 130.3553 0.0003 0.0004 1.0000
1.6901 0.9048 -873.6669 -0.5680 1.3352 62.7479 0.0005 0.0003 1.0000
1.4155 0.7685 -699.1783 -0.5408 1.2226 57.5226 0.0002 0.0003 1.0000
1.3664 0.7292 -641.8536 -0.5627 1.3026 21.8842 0.0000 0.0005 1.0000
2.2541 0.8626 -1014.8137 -0.2788 1.6782 -179.3633 0.0009 0.0004 1.0000
1.4917 0.5016 -573.0245 -0.2869 1.1952 -56.7700 0.0003 0.0002 1.0000
1.6645 0.4557 -597.0467 -0.1620 1.2022 -74.4187 0.0005 0.0002 1.0000
1.7560 0.5057 -626.6951 -0.1544 1.3894 -131.2838 0.0004 0.0004 1.0000
1.2629 0.3484 -382.2771 -0.2579 1.1322 -33.7340 0.0000 0.0003 1.0000
1.2117 0.2635 -314.7916 -0.1934 1.0058 3.4401 0.0001 0.0002 1.0000
1.2847 0.2972 -334.4757 -0.1859 1.1269 -31.8938 0.0000 0.0003 1.0000
1.3515 0.2526 -315.9463 -0.1063 1.1280 -48.9129 0.0001 0.0003 1.0000
1.0468 0.1363 -164.4248 -0.1435 0.8467 54.3431 -0.0000 0.0001 1.0000
1.3248 0.0538 -203.5388 0.0694 0.8113 16.4981 0.0004 -0.0000 1.0000
1.6792 0.3243 -387.8958 0.0349 1.3413 -129.7759 0.0004 0.0005 1.0000
1.6440 0.3037 -349.9771 0.0272 1.2955 -110.2558 0.0004 0.0005 1.0000
1.4203 0.0709 -194.7354 0.0527 0.9491 -39.5173 0.0003 0.0001 1.0000
1.6446 0.1389 -292.9544 0.0917 1.0727 -89.9658 0.0004 0.0003 1.0000
1.0003 -0.0977 -22.3066 -0.0630 0.5599 91.1373 0.0001 -0.0002 1.0000
1.0758 -0.0005 -80.0628 -0.1246 0.7389 38.6574 -0.0000 0.0000 1.0000
0.8391 0.0035 -15.4493 -0.2570 0.6631 98.1294 -0.0003 0.0001 1.0000
0.7617 -0.0775 29.2932 -0.2486 0.5496 120.0413 -0.0003 -0.0001 1.0000
1.0676 0.0214 -104.1414 -0.2372 0.8268 23.0875 -0.0002 0.0002 1.0000
0.6371 -0.1025 59.7639 -0.3211 0.4920 160.3760 -0.0004 -0.0001 1.0000
0.8370 -0.0513 -30.2968 -0.3424 0.6699 111.4278 -0.0004 0.0000 1.0000
0.5592 -0.1274 72.7550 -0.3874 0.4445 200.4646 -0.0005 -0.0001 1.0000
0.7188 -0.1497 22.3649 -0.3434 0.4824 179.2071 -0.0004 -0.0002 1.0000
0.6939 -0.1712 36.5242 -0.3645 0.4776 188.5597 -0.0004 -0.0002 1.0000
0.7160 -0.1583 19.2251 -0.3614 0.4815 193.0149 -0.0004 -0.0002 1.0000
0.7099 -0.1879 39.3455 -0.3915 0.4713 214.9980 -0.0004 -0.0002 1.0000
0.7203 -0.1913 36.5550 -0.4172 0.4712 227.1107 -0.0004 -0.0002 1.0000
0.7353 -0.1957 41.0803 -0.3986 0.4726 221.3255 -0.0004 -0.0002 1.0000
0.7902 -0.1656 22.2160 -0.4042 0.5413 207.6764 -0.0004 -0.0002 1.0000
1.0402 -0.1663 -52.7481 -0.3451 0.6239 176.7475 -0.0002 -0.0002 1.0000
0.6751 -0.1789 88.3858 -0.4259 0.4517 263.6324 -0.0004 -0.0002 1.0000
0.9620 -0.1475 -2.2783 -0.4237 0.6439 209.2840 -0.0003 -0.0001 1.0000
0.6449 -0.2294 144.8908 -0.4476 0.4026 300.7026 -0.0004 -0.0003 1.0000
0.5797 -0.2291 169.9413 -0.4736 0.3631 328.6547 -0.0005 -0.0003 1.0000
0.4380 -0.1938 199.3532 -0.5570 0.3587 354.2235 -0.0006 -0.0002 1.0000
0.5557 -0.2335 180.3055 -0.5164 0.3616 344.6140 -0.0005 -0.0003 1.0000
0.5327 -0.2644 195.3862 -0.4956 0.3089 351.4901 -0.0005 -0.0003 1.0000
0.4342 -0.2575 219.5409 -0.5463 0.2670 384.8457 -0.0006 -0.0003 1.0000
0.6202 -0.2287 145.1814 -0.5404 0.3735 356.0745 -0.0005 -0.0003 1.0000
0.4737 -0.2635 196.2853 -0.5625 0.2619 398.5288 -0.0006 -0.0003 1.0000
0.6014 -0.3153 174.0117 -0.4927 0.2328 396.8815 -0.0004 -0.0004 1.0000
0.4773 -0.2905 201.8276 -0.5399 0.2098 419.7253 -0.0005 -0.0004 1.0000
0.4755 -0.2759 197.6493 -0.5521 0.2117 430.4910 -0.0005 -0.0003 1.0000
0.5549 -0.2897 178.4499 -0.5312 0.2143 431.3576 -0.0005 -0.0004 1.0000
0.4153 -0.2815 220.8479 -0.5662 0.1657 454.8416 -0.0006 -0.0004 1.0000
0.4811 -0.2433 189.4967 -0.5980 0.2492 443.2916 -0.0006 -0.0003 1.0000
0.5112 -0.2664 193.4522 -0.5602 0.2030 456.4674 -0.0005 -0.0003 1.0000
0.6383 -0.2601 155.4682 -0.5333 0.2430 446.2491 -0.0004 -0.0003 1.0000
0.7624 -0.2535 120.0600 -0.5263 0.2840 447.6993 -0.0004 -0.0003 1.0000
0.6308 -0.2703 168.4782 -0.5474 0.2219 466.6502 -0.0004 -0.0003 1.0000
0.7175 -0.2499 135.0691 -0.5553 0.2784 458.1909 -0.0004 -0.0003 1.0000
0.6438 -0.2697 170.3349 -0.5527 0.2351 468.8101 -0.0004 -0.0003 1.0000
0.5065 -0.2921 222.2027 -0.5637 0.1576 492.8962 -0.0005 -0.0004 1.0000
0.3986 -0.2831 253.4040 -0.5974 0.1325 509.9669 -0.0006 -0.0004 1.0000
0.3238 -0.2298 251.3103 -0.6807 0.1679 528.1197 -0.0007 -0.0003 1.0000
0.4448 -0.2739 231.1861 -0.6099 0.1472 521.9392 -0.0005 -0.0004 1.0000
0.4984 -0.2509 202.8628 -0.6266 0.1951 518.8912 -0.0005 -0.0003 1.0000
0.4175 -0.2468 224.7354 -0.6492 0.1719 531.8988 -0.0006 -0.0003 1.0000
0.5047 -0.2515 196.5707 -0.6307 0.1791 536.6963 -0.0005 -0.0003 1.0000
0.5047 -0.2689 198.4737 -0.6158 0.1557 540.0945 -0.0005 -0.0004 1.0000
0.4903 -0.2805 197.2944 -0.5892 0.1103 544.0300 -0.0005 -0.0004 1.0000
0.4436 -0.2758 208.1376 -0.6355 0.1148 558.6261 -0.0005 -0.0004 1.0000
0.3927 -0.2628 216.8165 -0.6549 0.1188 560.2633 -0.0006 -0.0004 1.0000
0.4578 -0.2778 200.0019 -0.6179 0.0988 567.4918 -0.0005 -0.0004 1.0000
0.5827 -0.2872 166.1000 -0.5856 0.1298 564.1776 -0.0004 -0.0004 1.0000
0.3761 -0.2715 224.1900 -0.6547 0.0842 586.8515 -0.0006 -0.0004 1.0000
0.5854 -0.2701 155.2289 -0.6144 0.1610 571.6932 -0.0004 -0.0004 1.0000
0.4752 -0.2632 184.3290 -0.6499 0.1233 591.4644 -0.0005 -0.0004 1.0000
0.4479 -0.2490 184.4996 -0.6835 0.1295 604.6765 -0.0005 -0.0004 1.0000
0.3479 -0.2547 215.4122 -0.6922 0.0685 621.6526 -0.0006 -0.0004 1.0000
0.4942 -0.2356 158.2718 -0.6865 0.1486 612.2326 -0.0005 -0.0003 1.0000
0.4418 -0.2506 179.9642 -0.6855 0.1125 618.5996 -0.0005 -0.0004 1.0000
0.5114 -0.2621 159.8116 -0.6492 0.1081 617.5980 -0.0005 -0.0004 1.0000
0.4158 -0.2463 181.3970 -0.6901 0.0927 628.6379 -0.0005 -0.0004 1.0000
0.4791 -0.2710 171.2264 -0.6299 0.0656 624.9760 -0.0004 -0.0004 1.0000
0.5251 -0.2477 144.5753 -0.6662 0.1223 626.2851 -0.0004 -0.0004 1.0000
0.4773 -0.2614 166.9205 -0.6453 0.0885 620.6821 -0.0004 -0.0004 1.0000
0.4598 -0.2049 146.2741 -0.7351 0.1724 622.5608 -0.0005 -0.0003 1.0000
0.5629 -0.2390 131.3998 -0.6435 0.1392 613.9348 -0.0004 -0.0004 1.0000
0.5337 -0.2118 129.4464 -0.6785 0.1766 604.6577 -0.0004 -0.0004 1.0000
0.5341 -0.2093 126.9675 -0.6718 0.1770 596.7504 -0.0004 -0.0004 1.0000
0.9344 -0.2019 -5.4366 -0.5804 0.3321 553.4048 -0.0001 -0.0004 1.0000
0.9814 -0.2088 -20.0733 -0.5468 0.3428 532.8743 -0.0000 -0.0004 1.0000
0.6049 -0.1980 92.6622 -0.6362 0.2300 549.1174 -0.0003 -0.0004 1.0000
0.7304 -0.1683 36.9587 -0.6770 0.3228 542.3576 -0.0002 -0.0003 1.0000
0.5322 -0.1644 97.4433 -0.7051 0.2851 523.9664 -0.0004 -0.0003 1.0000
0.7179 -0.1814 44.5663 -0.6324 0.3491 475.5092 -0.0002 -0.0004 1.0000
0.5720 -0.1699 85.8762 -0.6811 0.3253 473.3615 -0.0003 -0.0004 1.0000
0.6021 -0.1534 67.8800 -0.7008 0.3745 450.7253 -0.0003 -0.0003 1.0000
0.4851 -0.1681 112.3938 -0.6943 0.3004 454.6574 -0.0004 -0.0004 1.0000
0.2863 -0.1337 159.3636 -0.7518 0.2756 455.1090 -0.0006 -0.0003 1.0000
0.3039 -0.1332 153.7971 -0.7463 0.2922 438.3649 -0.0006 -0.0003 1.0000
0.3388 -0.0954 125.6692 -0.7863 0.3693 417.5794 -0.0006 -0.0003 1.0000
0.3342 -0.0933 125.9779 -0.7868 0.3836 402.1325 -0.0006 -0.0003 1.0000
0.2332 -0.0926 155.9921 -0.7774 0.3468 393.8069 -0.0007 -0.0003 1.0000
0.3815 -0.0991 113.2868 -0.7557 0.4118 362.5202 -0.0005 -0.0003 1.0000
0.2899 -0.0942 140.2928 -0.7678 0.3952 357.5401 -0.0006 -0.0003 1.0000
0.3584 -0.0693 108.0261 -0.7843 0.4662 333.5997 -0.0006 -0.0003 1.0000
0.3152 -0.1102 140.9945 -0.7295 0.3991 330.2502 -0.0005 -0.0003 1.0000
0.3056 -0.0553 123.6870 -0.7865 0.4913 308.5097 -0.0006 -0.0002 1.0000
0.3037 -0.0974 145.8869 -0.7332 0.4329 310.3690 -0.0006 -0.0003 1.0000
0.4225 -0.0426 89.7469 -0.7519 0.5329 289.9793 -0.0005 -0.0002 1.0000
0.3257 -0.0612 135.4740 -0.7411 0.5153 276.6082 -0.0006 -0.0003 1.0000
0.2632 -0.0706 160.6278 -0.7319 0.4799 282.9964 -0.0006 -0.0003 1.0000
0.2858 -0.0559 151.0221 -0.7343 0.5413 254.9654 -0.0006 -0.0002 1.0000
0.3002 -0.0386 138.5668 -0.7279 0.5669 241.9701 -0.0006 -0.0002 1.0000
0.2030 -0.1076 198.9539 -0.6775 0.4632 253.3356 -0.0006 -0.0003 1.0000
0.2918 -0.0671 156.1033 -0.7179 0.5902 219.7007 -0.0006 -0.0002 1.0000
0.2368 -0.0927 187.6308 -0.6782 0.5473 217.1900 -0.0006 -0.0003 1.0000
0.4046 -0.0219 112.3572 -0.7172 0.7678 144.8767 -0.0005 -0.0001 1.0000
0.4640 -0.0604 119.9100 -0.6430 0.7646 116.5689 -0.0004 -0.0002 1.0000
0.5123 -0.0886 123.2109 -0.5883 0.7463 105.1710 -0.0004 -0.0003 1.0000
0.4307 -0.0175 130.2202 -0.6648 0.8625 75.7111 -0.0005 -0.0001 1.0000
0.4412 -0.0594 149.3391 -0.6187 0.8331 68.0462 -0.0005 -0.0002 1.0000
0.4129 0.0250 126.9374 -0.6952 0.9678 37.2574 -0.0006 0.0000 1.0000
0.4951 -0.0230 123.8551 -0.6103 0.9686 2.0932 -0.0005 -0.0001 1.0000
0.4857 0.0171 116.0708 -0.6259 1.1018 -63.7827 -0.0005 0.0001 1.0000
0.3556 -0.0242 168.3303 -0.6135 0.9350 2.7438 -0.0006 -0.0000 1.0000
0.4496 0.0101 133.7823 -0.6152 1.1031 -76.1030 -0.0006 0.0001 1.0000
0.3602 -0.0174 171.8117 -0.5785 1.0262 -71.2806 -0.0006 0.0000 1.0000
0.4537 0.1275 101.6769 -0.6634 1.3924 -205.1397 -0.0007 0.0003 1.0000
0.4067 0.0258 161.5283 -0.5705 1.1854 -146.4067 -0.0007 0.0002 1.0000
0.3005 -0.1022 237.7418 -0.4770 0.8729 -42.8847 -0.0006 -0.0001 1.0000
0.2463 -0.0607 236.5118 -0.5050 0.9239 -58.8646 -0.0007 0.0000 1.0000
0.3438 -0.0969 228.1967 -0.4295 0.9652 -105.5502 -0.0006 -0.0000 1.0000
0.2851 -0.1092 250.3727 -0.4308 0.9211 -86.1083 -0.0006 -0.0000 1.0000
0.3406 -0.1198 242.4733 -0.3857 0.9923 -140.5514 -0.0006 -0.0000 1.0000
0.3517 -0.1240 240.6013 -0.3685 0.9981 -145.6014 -0.0006 -0.0000 1.0000
0.4291 -0.0507 200.4011 -0.3906 1.2836 -269.9844 -0.0006 0.0002 1.0000
0.7503 -0.0815 139.7993 -0.1930 1.5323 -450.6079 -0.0003 0.0002 1.0000
0.5667 -0.0470 190.6668 -0.2844 1.4790 -384.2100 -0.0006 0.0003 1.0000
0.6181 -0.0527 188.6498 -0.2350 1.5421 -430.0836 -0.0005 0.0003 1.0000
0.5611 0.0082 188.2838 -0.3244 1.6264 -423.2337 -0.0007 0.0004 1.0000
0.4066 -0.1358 278.4498 -0.2895 1.1886 -235.3126 -0.0006 0.0001 1.0000
0.4921 -0.1355 268.2826 -0.2226 1.2944 -304.9800 -0.0006 0.0002 1.0000
0.4328 -0.1814 301.4790 -0.1949 1.1286 -241.0485 -0.0005 0.0000 1.0000
0.4556 -0.1783 314.8461 -0.1726 1.2254 -295.6086 -0.0006 0.0001 1.0000
0.4090 -0.2033 333.8643 -0.1777 1.1210 -250.6090 -0.0006 0.0001 1.0000
0.4961 -0.2274 331.9218 -0.0893 1.1583 -300.4337 -0.0005 0.0000 1.0000
0.3661 -0.1944 357.2846 -0.1529 1.1295 -271.9429 -0.0006 0.0001 1.0000
0.5294 -0.1806 332.0253 -0.0298 1.3830 -444.7764 -0.0005 0.0002 1.0000
0.6147 -0.1158 305.2193 0.0029 1.6617 -596.5266 -0.0006 0.0004 1.0000
0.4510 -0.1650 357.3855 -0.0725 1.4289 -473.3391 -0.0007 0.0003 1.0000
0.5088 -0.1565 350.3695 -0.0108 1.5725 -583.7542 -0.0007 0.0004 1.0000
0.4926 -0.2032 364.0547 0.0162 1.4776 -565.8930 -0.0006 0.0003 1.0000
0.6231 -0.1992 344.4192 0.1022 1.7012 -717.9388 -0.0006 0.0004 1.0000
0.5820 -0.0778 323.5846 0.0400 2.0201 -862.7331 -0.0008 0.0007 1.0000
0.5354 -0.1478 350.8839 0.0419 1.8223 -772.0077 -0.0008 0.0006 1.0000
0.6770 -0.2025 332.8429 0.1426 1.8660 -840.8295 -0.0007 0.0005 1.0000
0.7031 -0.2469 332.1794 0.1556 1.8089 -828.2679 -0.0006 0.0005 1.0000
0.6618 -0.1806 298.7644 0.0918 1.9311 -881.5614 -0.0008 0.0006 1.0000
0.7940 -0.3078 297.7424 0.1933 1.8365 -872.0382 -0.0006 0.0004 1.0000
0.5891 -0.3633 320.5301 0.0939 1.3619 -594.3748 -0.0006 0.0001 1.0000
0.6436 -0.3626 279.2447 0.0797 1.4055 -600.7299 -0.0006 0.0001 1.0000
0.7384 -0.3040 215.0751 0.0874 1.7533 -785.2692 -0.0007 0.0003 1.0000
0.7339 -0.3175 202.3111 0.0430 1.6810 -714.0901 -0.0007 0.0003 1.0000
0.6513 -0.2921 192.6061 -0.0338 1.5943 -642.5539 -0.0008 0.0003 1.0000
0.7469 -0.3301 169.9111 0.0258 1.6183 -674.2976 -0.0007 0.0002 1.0000
0.8172 -0.2901 132.1660 -0.0010 1.8803 -787.4591 -0.0008 0.0004 1.0000
0.8813 -0.3060 113.9926 0.0104 1.9409 -816.0240 -0.0007 0.0004 1.0000
0.7675 -0.3214 141.5337 -0.0496 1.6760 -651.6309 -0.0007 0.0002 1.0000
0.7294 -0.3330 150.5619 -0.0574 1.5799 -596.7069 -0.0007 0.0002 1.0000
0.8285 -0.3276 114.5115 -0.0342 1.7542 -684.4616 -0.0007 0.0002 1.0000
0.6874 -0.3211 146.8042 -0.1353 1.5650 -546.4506 -0.0008 0.0002 1.0000
0.6687 -0.3467 159.6196 -0.1117 1.4686 -506.5769 -0.0007 0.0001 1.0000
0.7120 -0.3393 143.7457 -0.1388 1.6086 -560.4260 -0.0008 0.0002 1.0000
0.6852 -0.3670 154.9963 -0.1252 1.4182 -470.8703 -0.0007 0.0000 1.0000
0.8223 -0.3438 112.3699 -0.1261 1.8291 -683.0543 -0.0008 0.0002 1.0000
0.8009 -0.3672 128.5738 -0.0956 1.6934 -634.3629 -0.0007 0.0001 1.0000
0.7428 -0.3522 131.6223 -0.1425 1.5616 -553.5321 -0.0007 0.0001 1.0000
0.7373 -0.3785 149.0196 -0.1322 1.4997 -528.0696 -0.0007 0.0000 1.0000
0.8095 -0.3612 124.3854 -0.1249 1.6864 -630.0483 -0.0007 0.0002 1.0000
0.7268 -0.3626 145.1676 -0.1530 1.4717 -517.4895 -0.0007 0.0000 1.0000
0.7977 -0.3485 124.1354 -0.1731 1.6527 -606.8196 -0.0007 0.0002 1.0000
0.7212 -0.3605 155.7905 -0.1715 1.4969 -538.2190 -0.0007 0.0001 1.0000
0.6691 -0.3018 145.7396 -0.2474 1.5635 -546.0827 -0.0008 0.0002 1.0000
0.8107 -0.3250 111.5113 -0.1887 1.6893 -631.9394 -0.0008 0.0002 1.0000
0.7145 -0.3186 134.5577 -0.2154 1.5660 -561.9107 -0.0008 0.0001 1.0000
0.7908 -0.3163 111.1376 -0.2015 1.7092 -637.7532 -0.0008 0.0002 1.0000
