1.0000 0.0000 -0.0000 0.0000 1.0000 -0.0000 0.0000 0.0000 1.0000
0.9030 -0.0121 34.0654 -0.0233 0.9482 15.6789 -0.0001 -0.0000 1.0000
0.9154 -0.0319 37.1273 -0.0220 0.9467 16.3836 -0.0001 -0.0000 1.0000
1.0154 -0.0166 1.2541 0.0088 1.0004 -4.1670 0.0000 -0.0000 1.0000
0.9721 0.0236 9.1845 -0.0041 1.0152 -4.2962 -0.0000 0.0000 1.0000
0.9619 -0.0184 20.5277 -0.0097 0.9747 5.7743 -0.0000 -0.0000 1.0000
0.9921 -0.0030 9.4087 -0.0066 1.0002 0.2843 -0.0000 -0.0000 1.0000
1.0132 -0.0022 5.2010 -0.0044 1.0139 -2.5045 -0.0000 -0.0000 1.0000
1.0156 -0.0308 12.4049 0.0021 0.9951 -2.9213 0.0000 -0.0000 1.0000
1.0677 -0.0106 -8.8529 0.0099 1.0371 -13.2036 0.0000 -0.0000 1.0000
1.0783 -0.0063 -11.0317 0.0162 1.0473 -19.1099 0.0000 -0.0000 1.0000
1.0292 -0.0108 6.0498 0.0006 1.0187 -8.6185 0.0000 -0.0000 1.0000
1.1380 -0.0068 -27.4361 0.0273 1.0793 -28.9828 0.0001 -0.0000 1.0000
1.0660 -0.0255 2.0686 0.0179 1.0313 -20.5069 0.0000 -0.0000 1.0000
1.1505 0.0022 -32.5859 0.0374 1.0956 -41.4998 0.0001 -0.0000 1.0000
1.1304 -0.0188 -19.3978 0.0343 1.0701 -36.1525 0.0001 -0.0000 1.0000
1.1998 -0.0194 -42.2263 0.0544 1.1122 -55.8886 0.0001 -0.0000 1.0000
1.1695 -0.0240 -33.3558 0.0441 1.0947 -49.5058 0.0001 -0.0000 1.0000
1.1965 -0.0544 -37.1261 0.0532 1.0968 -56.2496 0.0001 -0.0001 1.0000
1.2490 0.0179 -69.2468 0.0574 1.1793 -73.9124 0.0001 0.0000 1.0000
1.2839 -0.0147 -73.9772 0.0688 1.1905 -83.0873 0.0002 -0.0000 1.0000
1.3599 -0.0213 -99.3834 0.0907 1.2275 -99.1826 0.0002 -0.0000 1.0000
1.3540 -0.0099 -98.8061 0.0861 1.2422 -100.2629 0.0002 -0.0000 1.0000
1.3550 -0.0173 -98.8759 0.0974 1.2410 -108.7245 0.0002 -0.0000 1.0000
1.3715 -0.0181 -105.0800 0.1020 1.2524 -113.1426 0.0002 -0.0000 1.0000
1.4191 -0.0220 -119.0463 0.1151 1.2867 -126.4156 0.0003 -0.0000 1.0000
1.5802 0.0048 -177.7222 0.1465 1.4062 -160.1181 0.0004 0.0000 1.0000
1.4711 -0.0249 -143.5171 0.1191 1.3238 -136.6219 0.0003 -0.0000 1.0000
1.5233 0.0054 -167.9628 0.1283 1.3801 -148.4940 0.0003 0.0000 1.0000
1.4931 -0.0080 -153.1258 0.1250 1.3781 -146.5009 0.0003 0.0000 1.0000
1.5787 -0.0309 -174.7372 0.1601 1.4192 -169.3382 0.0004 -0.0000 1.0000
1.5865 -0.0192 -178.5911 0.1527 1.4432 -167.2403 0.0004 -0.0000 1.0000
1.6133 -0.0405 -185.1563 0.1643 1.4491 -173.9938 0.0004 -0.0000 1.0000
1.7157 -0.0260 -223.8865 0.1886 1.5169 -195.5232 0.0005 -0.0000 1.0000
1.7358 -0.0237 -227.0477 0.1873 1.5446 -197.7248 0.0005 -0.0000 1.0000
1.8416 -0.0257 -260.2352 0.2201 1.6210 -226.3668 0.0006 -0.0000 1.0000
1.9229 -0.0127 -291.2382 0.2426 1.6776 -246.2275 0.0006 0.0000 1.0000
1.9164 -0.0476 -281.4883 0.2489 1.6639 -250.1577 0.0006 -0.0000 1.0000
1.9506 -0.0314 -295.2238 0.2596 1.7193 -270.3160 0.0006 -0.0000 1.0000
1.8756 -0.0513 -266.4512 0.2442 1.6789 -262.2796 0.0006 -0.0000 1.0000
2.0030 -0.0355 -312.5600 0.2836 1.7756 -302.5759 0.0007 -0.0000 1.0000
2.1530 -0.0480 -358.5238 0.3189 1.8768 -340.6734 0.0008 -0.0000 1.0000
1.9556 -0.1127 -278.0089 0.2922 1.7260 -311.0836 0.0007 -0.0001 1.0000
2.1550 -0.0411 -354.5980 0.3306 1.9219 -366.3819 0.0008 0.0000 1.0000
2.2610 -0.0456 -389.9297 0.3656 1.9930 -403.1853 0.0009 -0.0000 1.0000
2.3829 -0.0559 -425.5248 0.4044 2.0891 -447.6350 0.0010 -0.0000 1.0000
2.4700 -0.0827 -439.5478 0.4318 2.1227 -468.5923 0.0010 -0.0000 1.0000
2.4322 -0.0751 -424.0063 0.4111 2.1343 -464.6870 0.0010 -0.0000 1.0000
2.5894 -0.0311 -473.0824 0.4673 2.2975 -523.8408 0.0011 0.0001 1.0000
2.5509 -0.0678 -447.5835 0.4600 2.2626 -515.9119 0.0011 0.0000 1.0000
2.5836 -0.0670 -449.2794 0.4686 2.2962 -523.3606 0.0011 0.0000 1.0000
2.6176 -0.0662 -450.3199 0.4788 2.3302 -529.6671 0.0012 0.0000 1.0000
2.6528 -0.0654 -450.5633 0.4889 2.3646 -536.2268 0.0012 0.0000 1.0000
2.6905 -0.0647 -449.2128 0.4982 2.3993 -543.8072 0.0012 0.0000 1.0000
2.7254 -0.0640 -450.4825 0.5082 2.4344 -551.0215 0.0013 0.0000 1.0000
2.7655 -0.0635 -447.9827 0.5184 2.4699 -558.3327 0.0013 0.0000 1.0000
2.8030 -0.0630 -447.9385 0.5300 2.5058 -564.8278 0.0013 0.0000 1.0000
2.8427 -0.0626 -446.6108 0.5361 2.5420 -575.7340 0.0013 0.0000 1.0000
2.8846 -0.0622 -443.9936 0.5485 2.5785 -582.0846 0.0014 -0.0000 1.0000
2.9044 -0.0894 -429.2766 0.5528 2.5781 -588.4954 0.0014 -0.0000 1.0000
2.9705 -0.0620 -438.6262 0.5580 2.6528 -606.2816 0.0014 -0.0000 1.0000
3.0126 -0.0620 -437.1164 0.5636 2.6905 -617.8987 0.0015 -0.0000 1.0000
3.0590 -0.0621 -433.0592 0.5748 2.7285 -625.8693 0.0015 -0.0000 1.0000
3.2919 -0.1231 -466.5370 0.6501 2.8725 -693.9696 0.0017 -0.0001 1.0000
2.8483 -0.2379 -301.6735 0.5431 2.4998 -582.6907 0.0014 -0.0002 1.0000
3.2830 -0.0635 -442.4562 0.6112 2.9253 -691.8419 0.0017 -0.0000 1.0000
3.4416 -0.0987 -463.8590 0.6592 3.0264 -742.6174 0.0018 -0.0001 1.0000
3.1307 -0.1464 -348.9644 0.5584 2.8181 -662.0474 0.0016 -0.0001 1.0000
3.5330 -0.0567 -462.6636 0.6528 3.1578 -774.3967 0.0018 0.0000 1.0000
3.5375 -0.0536 -448.7044 0.6424 3.1616 -772.5681 0.0018 -0.0000 1.0000
3.2819 -0.0674 -362.8695 0.5614 3.0066 -707.6147 0.0017 -0.0000 1.0000
3.3370 0.0249 -377.2905 0.6046 3.1024 -750.4729 0.0017 0.0001 1.0000
3.3046 -0.0874 -340.6615 0.5585 3.0163 -707.9828 0.0017 -0.0001 1.0000
3.3770 -0.0447 -357.9330 0.5633 3.0858 -721.5735 0.0017 -0.0000 1.0000
3.6217 -0.0763 -406.2939 0.6312 3.2128 -776.8015 0.0019 -0.0001 1.0000
3.6093 -0.0645 -411.0023 0.6156 3.1862 -766.4642 0.0019 -0.0001 1.0000
3.5950 -0.0528 -416.4510 0.6050 3.1596 -753.7157 0.0019 -0.0000 1.0000
3.5839 0.0707 -408.7230 0.5528 3.2954 -754.8243 0.0019 0.0001 1.0000
3.4405 0.0461 -377.1504 0.5572 3.1490 -737.1838 0.0018 0.0000 1.0000
3.3570 0.1498 -371.3596 0.5239 3.1424 -715.4927 0.0017 0.0001 1.0000
3.2435 0.0882 -339.2815 0.5006 3.0128 -680.5454 0.0017 0.0001 1.0000
3.1328 0.0784 -318.6373 0.4748 2.9103 -649.5767 0.0016 0.0000 1.0000
3.5757 0.2641 -476.6002 0.5090 3.3207 -730.1859 0.0018 0.0003 1.0000
3.2443 0.1549 -389.4241 0.4483 3.0017 -647.9608 0.0016 0.0001 1.0000
3.7720 0.1981 -554.5553 0.5531 3.3613 -764.2866 0.0020 0.0001 1.0000
2.9772 0.0406 -334.8002 0.4028 2.7105 -576.5450 0.0015 -0.0000 1.0000
3.3918 0.1316 -485.8511 0.4493 3.0254 -651.7319 0.0017 0.0000 1.0000
3.3242 0.0295 -486.6319 0.4170 2.8822 -608.5630 0.0017 -0.0001 1.0000
3.1847 0.3067 -515.4864 0.3757 2.9626 -605.8396 0.0015 0.0002 1.0000
3.3959 0.4510 -636.5442 0.3914 3.1928 -654.8663 0.0016 0.0004 1.0000
3.3830 0.3108 -646.7805 0.3720 3.0411 -611.9554 0.0016 0.0002 1.0000
3.0131 0.0930 -538.3905 0.3562 2.6525 -542.1632 0.0014 -0.0000 1.0000
3.5436 0.2130 -759.0827 0.4287 3.0047 -629.0549 0.0018 0.0001 1.0000
3.1680 0.2263 -679.1025 0.3686 2.7889 -567.5854 0.0015 0.0001 1.0000
3.0922 0.3194 -693.6596 0.3166 2.8470 -548.6100 0.0014 0.0003 1.0000
3.7597 0.1965 -912.7864 0.4606 3.1336 -655.7156 0.0020 0.0001 1.0000
2.7749 0.1283 -604.1304 0.2955 2.4865 -471.4710 0.0013 0.0000 1.0000
2.7560 0.1893 -636.4649 0.3005 2.5394 -487.1760 0.0012 0.0001 1.0000
2.9501 0.1354 -722.8772 0.3503 2.5989 -522.6612 0.0013 0.0001 1.0000
2.9211 0.1407 -738.2486 0.3402 2.5748 -513.2070 0.0013 0.0001 1.0000
2.7953 0.1311 -707.9734 0.3184 2.4786 -484.5007 0.0012 0.0001 1.0000
2.6327 0.1153 -680.4963 0.3011 2.3417 -461.1058 0.0011 0.0001 1.0000
2.5615 0.0599 -671.6546 0.2805 2.2510 -434.5634 0.0011 -0.0000 1.0000
2.8141 0.1813 -806.1892 0.3197 2.5602 -508.0736 0.0012 0.0002 1.0000
2.9079 0.1385 -892.0730 0.3443 2.5235 -511.2790 0.0012 0.0001 1.0000
2.5750 0.0705 -784.9276 0.2816 2.2418 -432.1528 0.0010 0.0000 1.0000
2.7084 0.0276 -851.1942 0.3166 2.2977 -452.5755 0.0011 -0.0000 1.0000
2.6927 0.0978 -896.8768 0.3139 2.3394 -459.5852 0.0011 0.0001 1.0000
2.4510 0.0220 -818.9977 0.2510 2.0956 -382.0756 0.0009 -0.0001 1.0000
2.4991 0.0674 -866.4560 0.2542 2.1912 -395.9577 0.0010 0.0000 1.0000
2.6610 0.0218 -946.9370 0.2919 2.2605 -420.5197 0.0011 -0.0001 1.0000
2.4221 0.0712 -885.3360 0.2541 2.1499 -389.7214 0.0009 -0.0000 1.0000
2.4739 0.0609 -932.7116 0.2511 2.1600 -385.8848 0.0010 -0.0000 1.0000
2.5426 0.0899 -1007.0261 0.2504 2.1970 -394.1982 0.0010 -0.0000 1.0000
2.7121 0.1063 -1110.3564 0.2785 2.3439 -434.8187 0.0011 0.0001 1.0000
2.7878 0.1808 -1191.8694 0.2586 2.4412 -446.1446 0.0010 0.0002 1.0000
2.4603 0.0991 -1040.4672 0.2203 2.1512 -385.3070 0.0009 0.0000 1.0000
2.5988 0.1257 -1130.6330 0.2397 2.2685 -416.6164 0.0009 0.0001 1.0000
2.3944 0.0714 -1034.2365 0.1899 2.0614 -351.0288 0.0008 -0.0000 1.0000
2.5515 0.1071 -1131.9863 0.2125 2.2146 -388.4956 0.0009 0.0001 1.0000
2.5300 0.1327 -1139.6279 0.2079 2.2077 -380.5795 0.0008 0.0001 1.0000
2.6478 0.0899 -1192.8979 0.2469 2.2211 -388.4801 0.0010 -0.0000 1.0000
2.2638 0.0783 -1017.4713 0.1782 1.9634 -312.5812 0.0007 -0.0000 1.0000
2.2889 0.0927 -1043.1887 0.1532 1.9858 -288.9880 0.0007 -0.0000 1.0000
2.4459 0.1140 -1133.6829 0.1781 2.1000 -306.3703 0.0008 0.0000 1.0000
2.2193 0.1153 -1036.9805 0.1259 1.9278 -248.4761 0.0006 0.0000 1.0000
2.3055 0.1637 -1098.2775 0.1101 2.0467 -252.9778 0.0007 0.0001 1.0000
2.0902 0.1100 -978.6341 0.0760 1.8196 -191.1074 0.0005 -0.0000 1.0000
2.0574 0.0966 -956.7663 0.0714 1.8136 -187.1702 0.0005 0.0000 1.0000
1.9062 0.1021 -887.5785 0.0334 1.6849 -149.2442 0.0004 -0.0000 1.0000
2.1004 0.1341 -988.6462 0.0608 1.8673 -191.6510 0.0005 0.0001 1.0000
1.9826 0.1226 -921.0522 0.0590 1.7598 -176.2374 0.0005 0.0000 1.0000
1.9569 0.1040 -902.1863 0.0482 1.7086 -163.4179 0.0004 -0.0000 1.0000
1.7304 0.0941 -781.7052 0.0033 1.5386 -118.9586 0.0003 -0.0000 1.0000
1.8470 0.1163 -831.4476 0.0303 1.6573 -155.6409 0.0004 0.0000 1.0000
1.6987 0.0814 -737.8418 0.0146 1.5272 -133.0041 0.0003 -0.0000 1.0000
1.7278 0.0832 -731.7603 0.0194 1.5688 -143.1909 0.0003 0.0000 1.0000
1.7000 0.0905 -700.3966 0.0141 1.5817 -146.3154 0.0003 0.0001 1.0000
1.5645 0.0867 -620.5351 -0.0054 1.4947 -132.4240 0.0002 0.0001 1.0000
1.5494 0.0874 -596.8723 0.0100 1.4948 -146.9512 0.0002 0.0001 1.0000
1.4319 0.0587 -516.9540 -0.0130 1.3952 -121.1933 0.0001 0.0000 1.0000
1.4841 0.0686 -533.1906 -0.0091 1.4252 -129.1159 0.0001 0.0001 1.0000
1.4584 0.0950 -514.5846 -0.0140 1.4329 -134.0613 0.0001 0.0001 1.0000
1.2769 0.0740 -418.7784 -0.0455 1.3078 -103.2408 -0.0000 0.0001 1.0000
1.2590 0.0537 -392.4686 -0.0339 1.2869 -108.4062 0.0000 0.0000 1.0000
1.1651 0.0528 -349.3601 -0.0456 1.2270 -99.2994 -0.0001 0.0000 1.0000
1.0966 0.0307 -304.6050 -0.0603 1.1768 -82.6655 -0.0001 -0.0000 1.0000
1.0678 0.0375 -292.3012 -0.0627 1.1628 -81.7595 -0.0001 0.0000 1.0000
1.1038 0.0185 -304.6683 -0.0498 1.1668 -91.3689 -0.0001 -0.0000 1.0000
1.0562 0.0323 -289.0029 -0.0621 1.1723 -89.9296 -0.0001 0.0000 1.0000
1.0561 0.0269 -297.2648 -0.0539 1.1441 -93.0006 -0.0001 -0.0000 1.0000
1.0505 0.0436 -305.9278 -0.0641 1.1677 -93.4832 -0.0001 0.0000 1.0000
0.9730 0.0289 -276.6256 -0.0749 1.0987 -78.1080 -0.0002 0.0000 1.0000
0.9556 0.0281 -281.6294 -0.0761 1.0911 -79.1907 -0.0002 0.0000 1.0000
0.9945 0.0421 -308.7745 -0.0676 1.1540 -96.5966 -0.0002 0.0001 1.0000
0.9089 0.0114 -274.3355 -0.0822 1.0700 -75.9192 -0.0002 -0.0000 1.0000
0.9182 0.0073 -291.8780 -0.0756 1.0697 -81.8456 -0.0002 -0.0000 1.0000
0.9037 -0.0167 -293.3591 -0.0612 1.0373 -86.2709 -0.0002 -0.0001 1.0000
0.8936 0.0027 -306.2673 -0.0786 1.0672 -83.5996 -0.0003 0.0000 1.0000
0.9352 0.0036 -346.5047 -0.0590 1.0887 -100.6256 -0.0002 0.0000 1.0000
1.0123 0.0219 -401.5389 -0.0504 1.1890 -123.7992 -0.0002 0.0001 1.0000
0.9310 -0.0124 -369.6672 -0.0611 1.0992 -102.4471 -0.0002 0.0000 1.0000
0.9135 -0.0234 -372.2482 -0.0619 1.0706 -95.2845 -0.0002 -0.0000 1.0000
0.9707 -0.0188 -413.7087 -0.0567 1.1444 -109.4944 -0.0002 0.0000 1.0000
0.9915 -0.0131 -439.3301 -0.0524 1.1711 -114.9415 -0.0002 0.0000 1.0000
0.9717 -0.0148 -438.7263 -0.0610 1.1635 -107.1967 -0.0002 0.0000 1.0000
0.9216 -0.0300 -417.5787 -0.0566 1.0894 -94.8595 -0.0002 -0.0000 1.0000
0.9529 -0.0331 -436.2066 -0.0491 1.1338 -103.3701 -0.0002 -0.0000 1.0000
0.8913 -0.0139 -414.5822 -0.0727 1.1048 -85.0522 -0.0003 0.0000 1.0000
0.8360 -0.0187 -386.2341 -0.0745 1.0479 -73.5279 -0.0003 -0.0000 1.0000
0.8489 -0.0274 -390.8348 -0.0735 1.0630 -76.2697 -0.0003 -0.0000 1.0000
0.8297 -0.0248 -383.5574 -0.0850 1.0389 -65.7865 -0.0003 -0.0000 1.0000
0.8194 -0.0192 -379.6631 -0.0734 1.0431 -76.2987 -0.0003 -0.0000 1.0000
0.7778 -0.0222 -355.4974 -0.0933 1.0240 -62.4702 -0.0003 -0.0000 1.0000
0.7969 -0.0317 -371.0081 -0.0957 1.0247 -63.6049 -0.0003 -0.0000 1.0000
0.7870 -0.0246 -377.9115 -0.0895 1.0047 -67.0963 -0.0003 -0.0000 1.0000
0.8452 -0.0022 -425.9447 -0.0772 1.1095 -95.7960 -0.0003 0.0000 1.0000
0.8138 -0.0184 -419.3297 -0.0888 1.0508 -78.1164 -0.0003 -0.0000 1.0000
0.7792 -0.0130 -417.8585 -0.1062 1.0266 -62.8632 -0.0004 0.0000 1.0000
0.7916 -0.0098 -444.5290 -0.1019 1.0165 -61.2545 -0.0003 -0.0001 1.0000
1.0000 0.0000 0.0000 0.0000 1.0000 0.0000 0.0000 0.0000 1.0000
1.0000 0.0000 0.0000 0.0000 1.0000 0.0000 0.0000 0.0000 1.0000
1.0000 0.0000 0.0000 0.0000 1.0000 0.0000 0.0000 0.0000 1.0000
1.0000 0.0000 0.0000 0.0000 1.0000 0.0000 0.0000 0.0000 1.0000
1.0000 0.0000 0.0000 0.0000 1.0000 0.0000 0.0000 0.0000 1.0000
1.0000 0.0000 0.0000 0.0000 1.0000 0.0000 0.0000 0.0000 1.0000
1.0000 0.0000 0.0000 0.0000 1.0000 0.0000 0.0000 0.0000 1.0000
1.0000 0.0000 0.0000 0.0000 1.0000 0.0000 0.0000 0.0000 1.0000
1.0000 0.0000 0.0000 0.0000 1.0000 0.0000 0.0000 0.0000 1.0000
1.0000 0.0000 0.0000 0.0000 1.0000 0.0000 0.0000 0.0000 1.0000
1.0000 0.0000 0.0000 0.0000 1.0000 0.0000 0.0000 0.0000 1.0000
1.0000 0.0000 0.0000 0.0000 1.0000 0.0000 0.0000 0.0000 1.0000
1.0000 0.0000 0.0000 0.0000 1.0000 0.0000 0.0000 0.0000 1.0000
1.0000 0.0000 0.0000 0.0000 1.0000 0.0000 0.0000 0.0000 1.0000
1.0000 0.0000 0.0000 0.0000 1.0000 0.0000 0.0000 0.0000 1.0000
1.0000 0.0000 0.0000 0.0000 1.0000 0.0000 0.0000 0.0000 1.0000
1.0000 0.0000 0.0000 0.0000 1.0000 0.0000 0.0000 0.0000 1.0000
1.0000 0.0000 0.0000 0.0000 1.0000 0.0000 0.0000 0.0000 1.0000
1.0000 0.0000 0.0000 0.0000 1.0000 0.0000 0.0000 0.0000 1.0000
1.0000 0.0000 0.0000 0.0000 1.0000 0.0000 0.0000 0.0000 1.0000
1.0000 0.0000 0.0000 0.0000 1.0000 0.0000 0.0000 0.0000 1.0000
1.0000 0.0000 0.0000 0.0000 1.0000 0.0000 0.0000 0.0000 1.0000
1.0000 0.0000 0.0000 0.0000 1.0000 0.0000 0.0000 0.0000 1.0000
1.0000 0.0000 0.0000 0.0000 1.0000 0.0000 0.0000 0.0000 1.0000
1.0000 0.0000 0.0000 0.0000 1.0000 0.0000 0.0000 0.0000 1.0000
1.0000 0.0000 0.0000 0.0000 1.0000 0.0000 0.0000 0.0000 1.0000
1.0000 0.0000 0.0000 0.0000 1.0000 0.0000 0.0000 0.0000 1.0000
1.0000 0.0000 0.0000 0.0000 1.0000 0.0000 0.0000 0.0000 1.0000
1.0000 0.0000 0.0000 0.0000 1.0000 0.0000 0.0000 0.0000 1.0000
0.8750 0.0305 -492.4936 -0.0907 1.0976 -117.0770 -0.0003 -0.0001 1.0000
0.9725 0.0471 -532.4974 -0.0884 1.2164 -141.0845 -0.0003 0.0001 1.0000
0.8803 0.0366 -461.8697 -0.1170 1.1196 -104.1381 -0.0003 -0.0000 1.0000
0.9151 0.0606 -473.0800 -0.1063 1.1739 -119.9694 -0.0003 0.0000 1.0000
0.9397 0.0804 -480.2394 -0.1140 1.2010 -122.4386 -0.0003 0.0001 1.0000
0.9496 0.0567 -459.8166 -0.1057 1.2037 -129.0763 -0.0003 0.0000 1.0000
0.9535 0.0661 -451.3280 -0.1057 1.2192 -133.3781 -0.0003 0.0000 1.0000
0.9487 0.0520 -432.6773 -0.1159 1.1886 -120.2115 -0.0003 -0.0000 1.0000
0.9870 0.0399 -436.0251 -0.0955 1.1982 -134.9095 -0.0002 -0.0001 1.0000
0.9974 0.0613 -439.2890 -0.1109 1.2148 -129.5848 -0.0003 0.0000 1.0000
1.0159 0.0476 -431.8954 -0.1028 1.2054 -131.5754 -0.0002 -0.0000 1.0000
1.0725 0.0909 -456.8934 -0.1121 1.2784 -139.2646 -0.0002 0.0001 1.0000
1.0909 0.1148 -455.0125 -0.1163 1.3335 -147.3708 -0.0003 0.0001 1.0000
1.0726 0.0926 -426.1270 -0.1130 1.2775 -139.0712 -0.0003 0.0001 1.0000
1.0341 0.0880 -388.1327 -0.1260 1.2558 -125.8333 -0.0003 0.0001 1.0000
1.0437 0.0566 -365.8960 -0.1050 1.2537 -140.1552 -0.0002 0.0000 1.0000
1.0445 0.0615 -350.2920 -0.0992 1.2543 -143.6740 -0.0002 0.0000 1.0000
1.0203 0.0877 -328.9482 -0.1199 1.2671 -135.5912 -0.0003 0.0001 1.0000
0.9790 0.0449 -281.4348 -0.1163 1.1996 -125.5176 -0.0003 -0.0000 1.0000
1.0203 0.0508 -282.4431 -0.1096 1.2301 -137.9598 -0.0003 -0.0000 1.0000
1.0604 0.0633 -286.3705 -0.1162 1.2613 -140.1733 -0.0003 0.0000 1.0000
1.0809 0.0901 -280.4927 -0.1231 1.2998 -147.2041 -0.0003 0.0001 1.0000
1.0952 0.0373 -252.6243 -0.1079 1.2691 -150.1458 -0.0002 -0.0000 1.0000
1.1497 0.0981 -267.5428 -0.1101 1.3480 -167.9903 -0.0002 0.0000 1.0000
1.0692 0.0823 -209.7339 -0.1215 1.2901 -150.0267 -0.0003 0.0000 1.0000
1.0552 0.0722 -176.7244 -0.1344 1.2874 -139.1909 -0.0003 0.0000 1.0000
1.0588 0.0698 -153.7448 -0.1226 1.2836 -143.7798 -0.0003 0.0000 1.0000
1.0178 0.0808 -126.0128 -0.1404 1.2515 -126.3637 -0.0003 0.0000 1.0000
1.0114 0.0829 -94.8916 -0.1406 1.2581 -126.2176 -0.0003 0.0000 1.0000
1.0384 0.0986 -87.0735 -0.1433 1.2910 -129.3119 -0.0003 0.0001 1.0000
1.0582 0.0671 -65.6458 -0.1359 1.2670 -125.7773 -0.0003 0.0000 1.0000
1.0340 0.0569 -37.2187 -0.1361 1.2592 -125.0735 -0.0003 0.0000 1.0000
0.9878 0.0842 -6.1957 -0.1548 1.2375 -105.4037 -0.0003 0.0000 1.0000
1.0599 0.1389 -28.4638 -0.1522 1.3097 -123.2286 -0.0003 0.0001 1.0000
1.1192 0.1852 -35.0154 -0.1554 1.3683 -128.6143 -0.0003 0.0001 1.0000
0.9917 0.0446 69.7228 -0.1648 1.2308 -96.4651 -0.0003 -0.0000 1.0000
1.0043 0.1327 66.6088 -0.1571 1.2923 -115.8731 -0.0003 0.0001 1.0000
1.0114 0.0127 107.7969 -0.1572 1.2158 -99.4431 -0.0003 -0.0000 1.0000
1.0252 0.0451 115.1549 -0.1467 1.2507 -115.7814 -0.0003 -0.0000 1.0000
1.0138 0.0857 131.6107 -0.1593 1.2605 -110.7351 -0.0003 0.0000 1.0000
1.0375 0.0825 144.3329 -0.1649 1.2699 -110.0305 -0.0003 0.0000 1.0000
1.0403 0.0703 163.5096 -0.1521 1.2791 -123.6917 -0.0003 0.0000 1.0000
1.0537 0.0659 174.5972 -0.1634 1.2687 -113.8660 -0.0003 0.0000 1.0000
1.0170 0.0651 210.7555 -0.1747 1.2630 -105.5662 -0.0003 0.0000 1.0000
1.0000 0.0000 0.0000 0.0000 1.0000 0.0000 0.0000 0.0000 1.0000
1.0000 0.0000 0.0000 0.0000 1.0000 0.0000 0.0000 0.0000 1.0000
1.0000 0.0000 0.0000 0.0000 1.0000 0.0000 0.0000 0.0000 1.0000
1.0000 0.0000 0.0000 0.0000 1.0000 0.0000 0.0000 0.0000 1.0000
1.0000 0.0000 0.0000 0.0000 1.0000 0.0000 0.0000 0.0000 1.0000
1.0000 0.0000 0.0000 0.0000 1.0000 0.0000 0.0000 0.0000 1.0000
1.0000 0.0000 0.0000 0.0000 1.0000 0.0000 0.0000 0.0000 1.0000
1.0000 0.0000 0.0000 0.0000 1.0000 0.0000 0.0000 0.0000 1.0000
1.0000 0.0000 0.0000 0.0000 1.0000 0.0000 0.0000 0.0000 1.0000
1.0000 0.0000 0.0000 0.0000 1.0000 0.0000 0.0000 0.0000 1.0000
1.0000 0.0000 0.0000 0.0000 1.0000 0.0000 0.0000 0.0000 1.0000
1.0000 0.0000 0.0000 0.0000 1.0000 0.0000 0.0000 0.0000 1.0000
1.0000 0.0000 0.0000 0.0000 1.0000 0.0000 0.0000 0.0000 1.0000
1.0000 0.0000 0.0000 0.0000 1.0000 0.0000 0.0000 0.0000 1.0000
1.0000 0.0000 0.0000 0.0000 1.0000 0.0000 0.0000 0.0000 1.0000
1.0000 0.0000 0.0000 0.0000 1.0000 0.0000 0.0000 0.0000 1.0000
1.0000 0.0000 0.0000 0.0000 1.0000 0.0000 0.0000 0.0000 1.0000
1.0000 0.0000 0.0000 0.0000 1.0000 0.0000 0.0000 0.0000 1.0000
1.0000 0.0000 0.0000 0.0000 1.0000 0.0000 0.0000 0.0000 1.0000
1.0000 0.0000 0.0000 0.0000 1.0000 0.0000 0.0000 0.0000 1.0000
1.0000 0.0000 0.0000 0.0000 1.0000 0.0000 0.0000 0.0000 1.0000
1.0000 0.0000 0.0000 0.0000 1.0000 0.0000 0.0000 0.0000 1.0000
1.0000 0.0000 0.0000 0.0000 1.0000 0.0000 0.0000 0.0000 1.0000
1.0000 0.0000 0.0000 0.0000 1.0000 0.0000 0.0000 0.0000 1.0000
1.0000 0.0000 0.0000 0.0000 1.0000 0.0000 0.0000 0.0000 1.0000
1.0000 0.0000 0.0000 0.0000 1.0000 0.0000 0.0000 0.0000 1.0000
1.0000 0.0000 0.0000 0.0000 1.0000 0.0000 0.0000 0.0000 1.0000
1.0000 0.0000 0.0000 0.0000 1.0000 0.0000 0.0000 0.0000 1.0000
1.0000 0.0000 0.0000 0.0000 1.0000 0.0000 0.0000 0.0000 1.0000
1.0000 0.0000 0.0000 0.0000 1.0000 0.0000 0.0000 0.0000 1.0000
1.0000 0.0000 0.0000 0.0000 1.0000 0.0000 0.0000 0.0000 1.0000
1.0000 0.0000 0.0000 0.0000 1.0000 0.0000 0.0000 0.0000 1.0000
1.0000 0.0000 0.0000 0.0000 1.0000 0.0000 0.0000 0.0000 1.0000
1.0000 0.0000 0.0000 0.0000 1.0000 0.0000 0.0000 0.0000 1.0000
1.0000 0.0000 0.0000 0.0000 1.0000 0.0000 0.0000 0.0000 1.0000
1.0000 0.0000 0.0000 0.0000 1.0000 0.0000 0.0000 0.0000 1.0000
1.0000 0.0000 0.0000 0.0000 1.0000 0.0000 0.0000 0.0000 1.0000
1.0000 0.0000 0.0000 0.0000 1.0000 0.0000 0.0000 0.0000 1.0000
1.0000 0.0000 0.0000 0.0000 1.0000 0.0000 0.0000 0.0000 1.0000
1.0000 0.0000 0.0000 0.0000 1.0000 0.0000 0.0000 0.0000 1.0000
1.0000 0.0000 0.0000 0.0000 1.0000 0.0000 0.0000 0.0000 1.0000
1.1122 0.1576 322.0259 -0.1011 1.2256 -89.5309 -0.0001 0.0001 1.0000
0.9781 0.0740 365.4229 -0.0948 1.1325 -75.0623 -0.0001 0.0000 1.0000
1.1383 0.1047 300.6911 -0.0756 1.2087 -96.0998 -0.0001 0.0001 1.0000
1.1398 0.0983 280.4988 -0.0824 1.1988 -87.5315 -0.0001 0.0001 1.0000
1.1180 0.0262 290.8756 -0.0574 1.1638 -94.4096 -0.0000 -0.0000 1.0000
1.0996 -0.0108 286.7106 -0.0634 1.1332 -83.6180 -0.0000 -0.0000 1.0000
1.1289 0.0703 244.5357 -0.0651 1.1714 -86.7037 -0.0000 0.0000 1.0000
1.1080 0.0744 233.5974 -0.0647 1.1573 -81.3279 -0.0000 0.0000 1.0000
1.2604 0.0215 181.8247 -0.0311 1.1995 -104.6234 0.0001 0.0000 1.0000
1.1529 0.0543 191.9432 -0.0443 1.1658 -91.7093 0.0000 0.0000 1.0000
0.9795 0.0070 231.0031 -0.0538 1.0651 -70.0732 -0.0001 -0.0000 1.0000
1.0963 -0.0282 174.5533 -0.0378 1.0859 -81.9248 -0.0000 -0.0000 1.0000
1.1086 0.1159 129.0096 -0.0374 1.1773 -100.9465 -0.0000 0.0001 1.0000
1.1327 0.1013 104.0043 -0.0336 1.1746 -101.0727 -0.0000 0.0001 1.0000
1.1737 0.1235 70.0303 -0.0233 1.2017 -111.3604 0.0000 0.0001 1.0000
1.1097 -0.0346 95.9065 -0.0124 1.0791 -96.8249 0.0000 -0.0001 1.0000
1.2482 0.1416 7.8509 -0.0083 1.2386 -123.4439 0.0001 0.0001 1.0000
1.2151 0.1031 6.9124 0.0070 1.2256 -132.9989 0.0001 0.0001 1.0000
1.2806 0.0564 -22.0418 0.0169 1.2213 -133.0082 0.0001 0.0001 1.0000
1.2098 0.0630 -13.2963 0.0132 1.1902 -125.0544 0.0001 0.0001 1.0000
1.0357 -0.0667 48.6518 -0.0032 1.0220 -88.3673 0.0000 -0.0001 1.0000
0.9308 -0.0552 61.6222 -0.0266 0.9584 -64.3040 -0.0001 -0.0001 1.0000
1.1228 -0.0421 -19.3032 0.0045 1.0573 -95.5426 0.0001 -0.0001 1.0000
1.0908 0.0206 -32.4236 -0.0003 1.0806 -97.9351 0.0000 0.0000 1.0000
1.1441 0.0561 -67.6886 -0.0039 1.1213 -99.3444 0.0001 0.0001 1.0000
1.2734 0.0956 -131.8795 0.0244 1.2157 -131.7173 0.0002 0.0001 1.0000
1.4210 0.1248 -194.1033 0.0493 1.3127 -159.8068 0.0003 0.0002 1.0000
1.2924 0.0970 -155.6808 0.0218 1.2221 -132.3972 0.0002 0.0001 1.0000
1.2112 0.1082 -143.1656 0.0282 1.1789 -135.4892 0.0001 0.0001 1.0000
1.0281 -0.0062 -72.0900 -0.0054 0.9979 -90.7447 0.0000 -0.0001 1.0000
1.0570 0.0091 -88.8712 0.0057 1.0232 -103.6097 0.0001 -0.0000 1.0000
1.0542 0.0753 -106.5895 0.0077 1.0699 -119.5447 0.0000 0.0001 1.0000
1.1298 0.0847 -141.6913 0.0156 1.1063 -132.8878 0.0001 0.0001 1.0000
1.2228 0.0898 -178.7274 0.0331 1.1420 -147.2707 0.0002 0.0001 1.0000
1.0751 0.0942 -122.6961 0.0214 1.0551 -123.4436 0.0001 0.0001 1.0000
1.1394 0.0432 -138.5062 0.0400 1.0378 -129.0287 0.0002 0.0000 1.0000
1.0827 0.0428 -110.7166 0.0336 1.0511 -132.7764 0.0001 0.0001 1.0000
1.0484 0.0094 -89.8991 0.0430 1.0097 -123.8679 0.0001 0.0000 1.0000
1.1222 0.0503 -123.6505 0.0498 1.0597 -124.8820 0.0002 0.0001 1.0000
1.1125 0.0456 -115.2995 0.0536 1.0375 -106.5629 0.0002 0.0001 1.0000
0.9949 0.0959 -78.5074 0.0276 1.0166 -78.8112 0.0000 0.0002 1.0000
1.1095 0.0184 -106.3665 0.0671 1.0100 -78.8358 0.0002 0.0000 1.0000
0.8657 -0.0542 -7.4274 0.0205 0.8316 -18.7992 -0.0000 -0.0001 1.0000
1.0776 0.0233 -80.7687 0.0554 1.0163 -40.4608 0.0002 0.0000 1.0000
0.9251 -0.0204 -17.8635 0.0270 0.8929 8.3636 0.0001 -0.0000 1.0000
1.0239 -0.0228 -50.8119 0.0607 0.9421 3.0476 0.0001 -0.0000 1.0000
0.8702 -0.0727 13.7511 0.0298 0.8111 49.1732 0.0000 -0.0001 1.0000
0.7899 -0.0421 31.6308 -0.0179 0.7914 89.2979 -0.0001 -0.0001 1.0000
0.8400 0.0135 9.4246 -0.0066 0.8705 89.9425 -0.0000 0.0000 1.0000
0.8668 -0.0060 7.3497 0.0030 0.8767 105.3262 -0.0000 -0.0000 1.0000
0.8811 -0.0055 -1.0240 0.0026 0.8815 119.2980 -0.0000 -0.0000 1.0000
0.8532 -0.0472 24.8471 0.0052 0.8131 147.7667 -0.0000 -0.0001 1.0000
0.8818 -0.0676 21.1968 0.0324 0.8118 153.1112 0.0000 -0.0001 1.0000
0.7888 -0.0884 46.1045 -0.0213 0.7243 198.9521 -0.0001 -0.0001 1.0000
0.7961 -0.0471 39.7931 -0.0248 0.7849 192.6756 -0.0001 -0.0001 1.0000
0.9269 -0.0323 -2.1235 0.0224 0.8700 204.8695 0.0001 -0.0001 1.0000
0.9338 -0.0319 -5.0662 0.0156 0.8690 222.9330 0.0001 -0.0001 1.0000
0.8787 -0.0684 19.9813 -0.0029 0.7901 256.5227 0.0000 -0.0001 1.0000
0.8740 -0.0831 22.8976 -0.0020 0.7682 272.9548 0.0000 -0.0002 1.0000
0.9725 -0.0220 -19.7225 0.0331 0.8926 263.3482 0.0001 -0.0001 1.0000
0.9063 -0.0064 -1.5562 -0.0051 0.8799 290.8986 0.0000 -0.0000 1.0000
1.0000 0.0000 0.0000 0.0000 1.0000 0.0000 0.0000 0.0000 1.0000
1.0000 0.0000 0.0000 0.0000 1.0000 0.0000 0.0000 0.0000 1.0000
1.0000 0.0000 0.0000 0.0000 1.0000 0.0000 0.0000 0.0000 1.0000
1.0000 0.0000 0.0000 0.0000 1.0000 0.0000 0.0000 0.0000 1.0000
1.0000 0.0000 0.0000 0.0000 1.0000 0.0000 0.0000 0.0000 1.0000
1.0000 0.0000 0.0000 0.0000 1.0000 0.0000 0.0000 0.0000 1.0000
1.0000 0.0000 0.0000 0.0000 1.0000 0.0000 0.0000 0.0000 1.0000
1.0000 0.0000 0.0000 0.0000 1.0000 0.0000 0.0000 0.0000 1.0000
1.0000 0.0000 0.0000 0.0000 1.0000 0.0000 0.0000 0.0000 1.0000
1.0000 0.0000 0.0000 0.0000 1.0000 0.0000 0.0000 0.0000 1.0000
1.0000 0.0000 0.0000 0.0000 1.0000 0.0000 0.0000 0.0000 1.0000
1.0000 0.0000 0.0000 0.0000 1.0000 0.0000 0.0000 0.0000 1.0000
1.0000 0.0000 0.0000 0.0000 1.0000 0.0000 0.0000 0.0000 1.0000
1.0000 0.0000 0.0000 0.0000 1.0000 0.0000 0.0000 0.0000 1.0000
1.0000 0.0000 0.0000 0.0000 1.0000 0.0000 0.0000 0.0000 1.0000
1.0000 0.0000 0.0000 0.0000 1.0000 0.0000 0.0000 0.0000 1.0000
1.0000 0.0000 0.0000 0.0000 1.0000 0.0000 0.0000 0.0000 1.0000
1.0000 0.0000 0.0000 0.0000 1.0000 0.0000 0.0000 0.0000 1.0000
1.0000 0.0000 0.0000 0.0000 1.0000 0.0000 0.0000 0.0000 1.0000
1.0000 0.0000 0.0000 0.0000 1.0000 0.0000 0.0000 0.0000 1.0000
1.0000 0.0000 0.0000 0.0000 1.0000 0.0000 0.0000 0.0000 1.0000
1.0000 0.0000 0.0000 0.0000 1.0000 0.0000 0.0000 0.0000 1.0000
1.0000 0.0000 0.0000 0.0000 1.0000 0.0000 0.0000 0.0000 1.0000
1.0000 0.0000 0.0000 0.0000 1.0000 0.0000 0.0000 0.0000 1.0000
1.0000 0.0000 0.0000 0.0000 1.0000 0.0000 0.0000 0.0000 1.0000
1.0000 0.0000 0.0000 0.0000 1.0000 0.0000 0.0000 0.0000 1.0000
1.0000 0.0000 0.0000 0.0000 1.0000 0.0000 0.0000 0.0000 1.0000
1.0000 0.0000 0.0000 0.0000 1.0000 0.0000 0.0000 0.0000 1.0000
1.0000 0.0000 0.0000 0.0000 1.0000 0.0000 0.0000 0.0000 1.0000
0.7878 -0.0014 89.5024 -0.0540 0.8222 300.6103 -0.0001 -0.0000 1.0000
0.8378 -0.0404 84.3565 -0.0242 0.7924 275.0439 -0.0000 -0.0001 1.0000
0.8243 -0.0841 99.2065 -0.0143 0.7335 255.9070 -0.0000 -0.0002 1.0000
0.8050 -0.0238 96.6391 -0.0290 0.7874 228.1129 -0.0000 -0.0001 1.0000
0.8785 -0.0455 77.8131 0.0031 0.8062 194.1218 0.0000 -0.0001 1.0000
0.9822 -0.0071 41.6322 0.0261 0.8866 160.9749 0.0001 -0.0000 1.0000
0.8390 0.0035 86.9269 -0.0243 0.8284 159.3826 -0.0000 -0.0000 1.0000
0.7629 -0.0459 116.9764 -0.0473 0.7437 158.2378 -0.0001 -0.0001 1.0000
0.9055 0.0291 65.7138 -0.0159 0.8871 109.2659 0.0000 0.0000 1.0000
0.7942 -0.0420 109.6069 -0.0229 0.7717 100.5832 -0.0000 -0.0001 1.0000
0.7866 0.0621 96.8685 -0.0539 0.8345 89.2836 -0.0001 0.0001 1.0000
0.7558 0.0243 106.2239 -0.0702 0.7854 83.6066 -0.0001 -0.0000 1.0000
0.8556 0.0518 81.6957 -0.0381 0.8562 39.7880 -0.0000 0.0000 1.0000
0.8388 0.0895 79.4295 -0.0448 0.8811 17.0598 -0.0000 0.0001 1.0000
0.7689 0.0116 111.9811 -0.0454 0.7940 8.5544 -0.0001 -0.0000 1.0000
0.9616 0.1474 24.7876 -0.0439 0.9727 -38.9568 0.0000 0.0002 1.0000
0.9616 0.1474 24.7876 -0.0443 0.9691 -60.1332 0.0000 0.0002 1.0000
0.9127 0.0294 57.0421 -0.0202 0.8879 -83.4624 0.0000 0.0000 1.0000
0.9153 0.1210 36.0748 -0.0390 0.9237 -100.0318 -0.0000 0.0001 1.0000
0.9153 0.1207 33.5836 -0.0387 0.9211 -119.9626 -0.0000 0.0001 1.0000
0.9083 0.2263 18.5543 -0.0270 0.9738 -160.8185 -0.0001 0.0003 1.0000
1.0217 0.1318 -5.9441 -0.0170 0.9986 -196.0206 0.0000 0.0002 1.0000
1.0000 0.0000 0.0000 0.0000 1.0000 0.0000 0.0000 0.0000 1.0000
1.0000 0.0000 0.0000 0.0000 1.0000 0.0000 0.0000 0.0000 1.0000
1.0000 0.0000 0.0000 0.0000 1.0000 0.0000 0.0000 0.0000 1.0000
1.0000 0.0000 0.0000 0.0000 1.0000 0.0000 0.0000 0.0000 1.0000
1.0000 0.0000 0.0000 0.0000 1.0000 0.0000 0.0000 0.0000 1.0000
1.0000 0.0000 0.0000 0.0000 1.0000 0.0000 0.0000 0.0000 1.0000
1.0000 0.0000 0.0000 0.0000 1.0000 0.0000 0.0000 0.0000 1.0000
1.0000 0.0000 0.0000 0.0000 1.0000 0.0000 0.0000 0.0000 1.0000
1.0000 0.0000 0.0000 0.0000 1.0000 0.0000 0.0000 0.0000 1.0000
1.0000 0.0000 0.0000 0.0000 1.0000 0.0000 0.0000 0.0000 1.0000
1.0000 0.0000 0.0000 0.0000 1.0000 0.0000 0.0000 0.0000 1.0000
1.0000 0.0000 0.0000 0.0000 1.0000 0.0000 0.0000 0.0000 1.0000
1.0000 0.0000 0.0000 0.0000 1.0000 0.0000 0.0000 0.0000 1.0000
1.0000 0.0000 0.0000 0.0000 1.0000 0.0000 0.0000 0.0000 1.0000
1.0000 0.0000 0.0000 0.0000 1.0000 0.0000 0.0000 0.0000 1.0000
1.0000 0.0000 0.0000 0.0000 1.0000 0.0000 0.0000 0.0000 1.0000
1.0000 0.0000 0.0000 0.0000 1.0000 0.0000 0.0000 0.0000 1.0000
1.0000 0.0000 0.0000 0.0000 1.0000 0.0000 0.0000 0.0000 1.0000
1.0000 0.0000 0.0000 0.0000 1.0000 0.0000 0.0000 0.0000 1.0000
1.0000 0.0000 0.0000 0.0000 1.0000 0.0000 0.0000 0.0000 1.0000
1.0000 0.0000 0.0000 0.0000 1.0000 0.0000 0.0000 0.0000 1.0000
1.0000 0.0000 0.0000 0.0000 1.0000 0.0000 0.0000 0.0000 1.0000
1.0000 0.0000 0.0000 0.0000 1.0000 0.0000 0.0000 0.0000 1.0000
1.0000 0.0000 0.0000 0.0000 1.0000 0.0000 0.0000 0.0000 1.0000
1.0000 0.0000 0.0000 0.0000 1.0000 0.0000 0.0000 0.0000 1.0000
1.0000 0.0000 0.0000 0.0000 1.0000 0.0000 0.0000 0.0000 1.0000
1.0000 0.0000 0.0000 0.0000 1.0000 0.0000 0.0000 0.0000 1.0000
1.0000 0.0000 0.0000 0.0000 1.0000 0.0000 0.0000 0.0000 1.0000
1.0000 0.0000 0.0000 0.0000 1.0000 0.0000 0.0000 0.0000 1.0000
1.0000 0.0000 0.0000 0.0000 1.0000 0.0000 0.0000 0.0000 1.0000
1.0000 0.0000 0.0000 0.0000 1.0000 0.0000 0.0000 0.0000 1.0000
1.0000 0.0000 0.0000 0.0000 1.0000 0.0000 0.0000 0.0000 1.0000
1.0000 0.0000 0.0000 0.0000 1.0000 0.0000 0.0000 0.0000 1.0000
1.0000 0.0000 0.0000 0.0000 1.0000 0.0000 0.0000 0.0000 1.0000
1.1033 0.0751 -128.3571 0.0408 1.0974 -242.2936 0.0000 0.0002 1.0000
1.0386 0.0179 -92.6549 0.0402 1.0292 -193.3349 0.0000 0.0001 1.0000
1.2790 0.0379 -186.8190 0.0610 1.1355 -189.6847 0.0002 0.0001 1.0000
1.1459 0.0369 -134.8574 0.0495 1.0932 -150.9116 0.0001 0.0001 1.0000
0.9967 0.0336 -83.1718 0.0166 1.0124 -93.8068 -0.0000 0.0001 1.0000
0.9800 0.0150 -69.1165 0.0227 1.0134 -76.0815 -0.0000 0.0001 1.0000
1.0113 0.0238 -85.7685 0.0142 1.0251 -50.8679 -0.0000 0.0001 1.0000
0.9918 -0.0031 -67.9879 0.0145 1.0029 -29.3829 -0.0000 0.0000 1.0000
1.0347 -0.0163 -79.1339 0.0344 1.0307 -27.6089 -0.0000 0.0000 1.0000
1.0463 -0.0292 -83.9821 0.0275 1.0228 -6.7161 -0.0000 -0.0000 1.0000
0.9250 -0.0942 -26.8052 0.0028 0.9173 30.7605 -0.0001 -0.0001 1.0000
1.0472 -0.0593 -78.6584 0.0202 1.0246 22.0211 -0.0000 -0.0001 1.0000
0.9900 -0.0644 -58.0069 0.0122 1.0068 33.8356 -0.0001 -0.0001 1.0000
1.0554 -0.0335 -91.0829 0.0239 1.0782 25.9552 -0.0000 -0.0000 1.0000
1.0431 -0.0677 -78.1561 0.0110 1.0502 45.8054 -0.0000 -0.0001 1.0000
1.1378 -0.0264 -122.3297 0.0385 1.1474 23.1329 0.0000 0.0000 1.0000
1.0212 -0.0856 -69.8629 0.0045 1.0180 62.5753 -0.0000 -0.0001 1.0000
1.0980 -0.0225 -113.0487 0.0151 1.1120 46.8547 -0.0000 -0.0000 1.0000
1.1087 -0.1002 -99.0364 0.0187 1.0688 52.5545 -0.0000 -0.0001 1.0000
1.1447 -0.0975 -115.2621 0.0338 1.0806 46.6648 0.0000 -0.0001 1.0000
1.0664 -0.0457 -98.4049 -0.0127 1.0970 59.9214 -0.0001 -0.0000 1.0000
1.1956 -0.0510 -142.7718 0.0087 1.1600 47.1332 0.0000 -0.0001 1.0000
1.2187 -0.0264 -151.9360 0.0286 1.2145 22.5230 0.0000 -0.0000 1.0000
1.3114 -0.0691 -179.2572 0.0384 1.2019 25.6425 0.0001 -0.0001 1.0000
1.1407 -0.0940 -106.2139 -0.0183 1.1039 58.7749 -0.0000 -0.0001 1.0000
1.2665 -0.0567 -156.6644 0.0136 1.2167 21.9573 0.0000 -0.0001 1.0000
1.2414 -0.0631 -146.9155 -0.0079 1.1962 30.0094 0.0000 -0.0001 1.0000
1.4155 0.0113 -223.8638 0.0234 1.3657 -12.5838 0.0001 0.0000 1.0000
1.2946 -0.0396 -170.7654 -0.0174 1.2546 13.9501 0.0000 -0.0001 1.0000
1.3486 -0.0290 -192.3816 -0.0056 1.3003 -4.5277 0.0000 -0.0001 1.0000
1.2961 -0.0004 -181.8502 -0.0308 1.2990 -0.9556 -0.0000 -0.0000 1.0000
1.2356 -0.0234 -152.3478 -0.0535 1.2645 8.4834 -0.0001 -0.0001 1.0000
1.2280 -0.0182 -148.8608 -0.0646 1.2706 6.3330 -0.0001 -0.0001 1.0000
1.3122 -0.0276 -184.6905 -0.0556 1.2966 -5.6033 -0.0000 -0.0001 1.0000
1.3860 0.0229 -226.2495 -0.0518 1.4013 -35.5062 -0.0000 -0.0000 1.0000
1.3124 -0.0244 -187.8333 -0.0705 1.3206 -18.4954 -0.0001 -0.0001 1.0000
1.3172 -0.0084 -194.9446 -0.0812 1.3518 -26.1981 -0.0001 -0.0001 1.0000
1.3475 -0.0254 -209.9382 -0.0666 1.3551 -44.4107 -0.0001 -0.0001 1.0000
1.4374 -0.0043 -247.2490 -0.0687 1.4434 -62.9466 -0.0001 -0.0001 1.0000
1.5031 0.0176 -276.7671 -0.0744 1.5216 -80.5242 -0.0000 -0.0001 1.0000
1.4965 0.0081 -279.3838 -0.0630 1.5226 -99.8504 -0.0001 -0.0001 1.0000
1.5732 0.0115 -318.8360 -0.0677 1.5619 -109.8538 -0.0000 -0.0001 1.0000
1.6191 -0.0060 -332.9158 -0.0655 1.5954 -123.2934 -0.0000 -0.0001 1.0000
1.6126 0.0522 -348.5184 -0.0756 1.6553 -141.0433 -0.0001 -0.0000 1.0000
1.6339 0.0252 -354.2655 -0.0751 1.6655 -151.6331 -0.0001 -0.0000 1.0000
1.7821 0.0769 -428.0125 -0.0793 1.8131 -182.3916 -0.0000 0.0000 1.0000
1.7768 0.0343 -420.4198 -0.0638 1.7829 -195.2394 -0.0000 -0.0000 1.0000
1.8095 0.0774 -446.7899 -0.0683 1.8504 -211.8914 -0.0000 0.0000 1.0000
1.8501 0.0510 -470.2240 -0.0820 1.8546 -210.5747 -0.0000 -0.0000 1.0000
1.7974 0.0504 -450.7762 -0.0849 1.8400 -213.1958 -0.0001 -0.0000 1.0000
1.8610 0.0432 -480.9760 -0.0843 1.8885 -229.0683 -0.0001 -0.0000 1.0000
1.9540 0.0717 -534.7020 -0.0855 1.9800 -249.9261 -0.0000 0.0000 1.0000
1.9878 0.0811 -557.0631 -0.0798 2.0235 -266.1214 -0.0000 0.0000 1.0000
2.0106 0.1113 -580.2722 -0.0906 2.0847 -273.3003 -0.0001 0.0001 1.0000
2.0389 0.1161 -605.1244 -0.0842 2.1036 -282.4701 -0.0001 0.0001 1.0000
2.0678 0.1162 -625.4958 -0.0781 2.1374 -294.6399 -0.0001 0.0001 1.0000
2.1419 0.1106 -664.5288 -0.0686 2.1704 -305.7669 -0.0000 0.0001 1.0000
2.1458 0.1259 -675.1812 -0.0856 2.2023 -303.2559 -0.0000 0.0001 1.0000
2.2030 0.0900 -692.6768 -0.0525 2.2340 -329.9376 -0.0000 0.0000 1.0000
2.2667 0.0664 -720.7921 -0.0418 2.2487 -339.2853 0.0000 0.0000 1.0000
