273.311980 257.471714 512.912646 305.391847 512.912646 341.331947 274.509983 289.817804 
274.780211 256.851674 516.004323 306.033141 516.004323 344.419308 278.001128 292.925950 
277.387608 259.347262 517.041787 308.108069 517.041787 344.419308 280.500000 292.546110 
278.598577 259.277286 519.116715 308.108069 519.116715 347.531700 280.500000 293.583573 
281.537464 261.422190 520.154179 309.145533 518.079251 345.456772 281.537464 296.695965 
279.462536 262.459654 520.154179 309.145533 520.154179 347.531700 280.500000 293.583573 
281.537464 260.384726 520.154179 308.108069 522.229107 349.606628 282.574928 296.695965 
279.462536 261.422190 523.266571 310.182997 522.229107 345.456772 280.500000 295.658501 
280.500000 261.422190 524.304035 307.070605 521.191643 347.531700 283.612392 296.695965 
280.500000 260.384726 524.304035 308.108069 522.229107 347.531700 284.649856 295.658501 
280.500000 260.384726 523.266571 308.108069 521.191643 345.456772 284.649856 296.695965 
279.462536 260.384726 525.341499 307.070605 523.266571 347.531700 282.574928 295.658501 
280.500000 259.347262 525.341499 306.033141 523.266571 343.381844 282.437712 292.858013 
281.537464 257.272334 523.266571 307.070605 523.266571 344.419308 279.462536 290.471182 
280.500000 257.272334 526.378963 304.995677 524.304035 340.269452 278.425072 290.471182 
276.730259 257.358979 524.304035 304.995677 522.229107 339.231988 280.500000 291.508646 
277.387608 256.234870 524.304035 303.958213 523.266571 339.231988 277.387608 290.471182 
275.312680 256.234870 522.229107 302.920749 521.191643 339.231988 277.387608 290.471182 
271.940100 256.284984 520.243560 302.549072 520.243560 337.100733 276.039450 291.422266 
272.200288 257.272334 517.041787 300.845821 517.041787 336.119597 275.312680 293.583573 
269.422228 255.339832 516.004323 299.808357 517.041787 336.119597 272.643146 290.769925 
265.629679 255.427951 514.621034 299.693081 513.237749 335.658499 269.318440 290.471179 
263.439480 257.387601 511.047549 298.425065 510.586454 335.312673 266.667146 291.508639 
261.595097 258.194529 509.203166 297.848707 509.203166 334.736315 263.900573 293.698851 
259.404896 259.347258 506.321322 298.770889 506.321322 334.736307 262.171466 292.546105 
257.791068 260.845826 507.243517 298.194529 506.321327 336.465423 261.479829 296.811244 
257.791062 263.381849 506.321321 300.730552 506.782416 336.695970 261.479823 298.425076 
256.753602 263.842938 506.206052 300.730546 505.744956 337.157059 260.903458 299.808356 
256.523058 266.724778 507.358793 302.690196 507.819888 337.733423 258.828534 302.690196 
258.943803 272.949565 508.396252 305.687317 509.318443 340.730545 262.171469 304.304032 
260.211811 277.445253 508.742070 306.955340 510.586451 344.304043 263.900572 308.799720 
263.208930 283.670029 513.122475 313.180115 514.966855 348.223343 267.358786 315.024496 
268.511528 290.932275 517.963978 317.675791 520.269454 355.946684 272.200289 324.131122 
273.583573 300.038903 524.880403 325.860229 525.802593 361.825647 275.427953 331.393370 
277.733432 306.033146 528.799714 332.315567 530.183000 365.514414 279.808360 339.923636 
284.649856 314.678675 535.024495 338.194525 537.099423 372.085015 287.416426 347.185879 
290.874646 325.629688 546.321332 345.456777 546.782427 375.427959 294.102312 353.756489 
298.136888 329.894813 550.240634 347.531700 553.353026 384.880403 305.399135 366.206052 
307.474063 335.082133 559.577810 351.681556 560.615274 389.030259 311.623919 368.280980 
311.623919 339.231988 568.914986 351.681556 568.914986 391.105187 318.886167 370.355908 
315.773775 340.269452 577.214697 351.681556 579.289625 394.217579 323.036023 372.430836 
323.036023 339.231988 581.364553 349.606628 584.476945 389.030259 329.260807 372.430836 
329.260807 340.269452 594.851585 347.531700 595.889049 389.030259 334.448127 372.430836 
338.597983 338.194524 610.413545 347.531700 612.488473 384.880403 343.785303 373.468300 
338.597983 338.194524 610.625830 351.114359 614.139558 386.837262 343.785303 373.468300 
359.347262 340.269452 646.724784 349.606628 647.762248 386.955331 364.534582 377.618156 
370.759366 343.381844 658.136888 347.531700 658.136888 384.880403 378.021614 377.618156 
382.171470 342.344380 673.034227 347.383978 676.811239 384.880403 390.302087 379.271061 
395.658501 344.419308 690.298271 345.456772 693.410663 384.880403 402.920749 379.693084 
409.145533 344.419308 710.010086 342.344380 714.159942 381.768012 416.407781 379.693084 
420.557637 341.306916 723.497118 338.194524 726.609510 379.693084 425.744957 379.693084 
429.894813 341.306916 735.946686 335.082133 739.059078 377.618156 437.157061 379.693084 
437.157061 341.306916 753.583573 334.044669 755.658501 375.543228 444.419308 379.693084 
441.306916 340.269452 761.883285 331.969741 764.995677 373.468300 449.606628 379.693084 
444.419308 342.344380 768.108069 331.969741 770.182997 373.468300 451.681556 382.805476 
446.494236 345.456772 773.295389 331.969741 775.370317 373.468300 454.793948 384.880403 
444.419308 349.606628 774.332853 331.969741 776.407781 372.430836 450.644092 389.030259 
441.306916 345.456772 774.332853 327.819885 776.407781 368.280980 447.531700 386.955331 
431.969741 345.456772 771.220461 323.670029 773.295389 368.280980 441.306916 386.955331 
422.632565 343.381844 763.958213 319.520173 766.033141 361.018732 428.857349 384.880403 
419.520173 338.194524 754.621037 314.332853 756.695965 354.793948 425.744957 379.693084 
409.145533 333.007205 750.471182 308.108069 751.508646 347.531700 418.482709 375.543228 
403.958213 326.782421 747.358790 300.845821 749.433718 342.344380 412.257925 366.206052 
398.770893 321.595101 745.283862 294.621037 746.321326 328.857349 406.033141 358.943804 
396.695965 314.332853 744.246398 285.283862 745.283862 326.782421 406.033141 356.868876 
399.808357 310.182997 745.283862 283.208934 747.358790 320.557637 402.920749 351.681556 
396.695965 306.033141 749.637320 277.451602 755.658501 320.557637 404.995677 347.531700 
400.845821 299.808357 757.733429 271.796830 761.883285 315.370317 408.108069 344.419308 
407.070605 298.770893 768.108069 270.759366 770.182997 311.220461 413.295389 342.344380 
414.332853 296.695965 777.445245 268.684438 779.520173 312.257925 420.557637 341.306916 
422.632565 294.621037 787.819885 266.609510 788.857349 311.220461 428.857349 340.269452 
429.894813 296.695965 801.306916 264.534582 800.269452 312.257925 434.237823 343.965561 
435.082133 299.808357 811.681556 266.609510 809.606628 315.370317 439.231988 347.531700 
439.231988 301.883285 823.093660 268.684438 821.018732 318.482709 445.456772 353.756484 
445.456772 308.108069 832.430836 273.871758 832.430836 318.482709 450.644092 353.756484 
449.606628 315.370317 842.805476 273.871758 841.768012 326.782421 453.756484 364.131124 
450.644092 320.557637 847.992795 282.171470 849.030259 330.932277 452.719020 370.355908 
448.569164 326.782421 859.404899 286.321326 858.367435 334.044669 449.606628 379.693084 
446.494236 336.119597 864.592219 287.358790 861.479827 339.231988 450.644092 386.955331 
441.306916 341.306916 869.779539 289.433718 868.742075 340.269452 448.569164 394.217579 
437.157061 343.381844 871.854467 290.471182 871.854467 340.269452 446.494236 396.292507 
429.894813 341.306916 877.041787 283.208934 874.966859 336.119597 443.381844 400.442363 
425.920727 338.370292 878.079251 278.021614 879.116715 331.969741 436.119597 396.292507 
416.407781 336.119597 877.041787 273.871758 876.004323 328.857349 427.819885 396.292507 
406.033141 335.082133 873.929395 268.684438 873.929395 323.670029 418.482709 398.367435 
402.920749 333.007205 869.779539 265.572046 868.742075 321.595101 410.182997 396.292507 
398.770893 334.044669 864.592219 264.534582 864.592219 320.557637 410.182997 396.292507 
393.583573 333.007205 863.554755 260.384726 861.479827 315.370317 406.033141 396.292507 
393.583573 330.932277 859.404899 257.272334 859.404899 313.295389 404.995677 396.292507 
392.546110 330.932277 857.329971 252.085014 857.329971 309.145533 401.883285 391.105187 
394.621037 324.707493 853.180115 250.010086 854.217579 304.995677 403.958213 389.030259 
398.770893 323.670029 851.105187 245.860231 853.103339 301.167352 408.108069 384.880403 
404.995677 320.557637 853.180115 242.747839 849.030259 298.770893 413.295389 381.768012 
413.295389 318.482709 852.142651 240.672911 850.067723 293.583573 421.595101 377.618156 
421.595101 314.332853 849.030259 236.523055 846.955331 290.471182 430.174423 375.107557 
434.044669 311.220461 847.992795 234.448127 845.917867 287.358790 440.269452 370.355908 
445.456772 307.070605 843.842939 232.373199 842.805476 285.283862 450.644092 366.206052 
456.868876 302.920749 841.768012 232.373199 838.655620 280.096542 461.018732 361.018732 
465.168588 296.695965 839.693084 228.223343 835.543228 279.059078 468.280980 353.756484 
475.543228 292.546110 835.543228 225.110951 832.430836 274.909222 478.655620 345.456772 
476.580692 288.396254 831.393372 225.110951 829.318444 271.796830 480.730548 340.269452 
485.917867 286.321326 826.206052 224.073487 821.018732 271.796830 489.030259 337.157061 
492.142651 281.134006 818.943804 224.073487 817.906340 269.721902 492.142651 334.044669 
493.443190 284.611577 815.361013 228.490310 810.684241 272.919646 494.217579 335.082133 
499.404899 288.396254 805.186777 236.746373 804.419308 279.059078 500.442363 336.119597 
498.367435 291.508646 799.231988 240.672911 796.119597 283.208934 498.367435 337.157061 
498.367435 296.695965 784.707493 250.010086 783.670029 288.396254 498.367435 342.344380 
494.217579 302.920749 776.407781 259.347262 773.295389 296.695965 495.255043 347.531700 
493.180115 310.182997 766.033141 268.684438 760.845821 303.958213 492.298195 352.019446 
489.030259 312.257925 757.733429 274.909222 754.621037 310.182997 488.026923 357.480894 
483.842939 315.370317 746.321326 280.096542 742.171470 317.445245 484.880403 361.018732 
480.736006 317.708707 736.984150 286.321326 733.871758 320.557637 477.618156 361.018732 
480.730548 319.520173 733.871758 287.358790 728.684438 321.595101 473.468300 361.018732 
477.281979 316.277860 724.534582 288.396254 724.584026 326.198286 475.864775 357.376768 
478.655620 316.407781 722.459654 290.471182 718.309798 324.707493 472.430836 353.756484 
477.618156 313.295389 718.309798 291.508646 713.122478 325.744957 472.430836 349.606628 
478.655620 307.070605 717.272334 287.358790 713.122478 322.632565 473.468300 345.456772 
481.768012 299.808357 713.122478 286.321326 710.010086 318.482709 475.543228 338.194524 
483.842939 290.471182 718.309798 282.171470 711.047550 315.370317 478.655620 329.894813 
487.992795 285.283862 721.422190 279.059078 717.272334 312.257925 482.805476 321.595101 
492.142651 275.946686 724.534582 273.871758 715.197406 308.108069 484.880403 316.407781 
496.292507 270.759366 724.534582 271.796830 718.309798 303.958213 490.067723 307.070605 
493.180115 265.572046 723.497118 269.721902 717.272334 302.920749 484.880403 302.920749 
492.142651 262.459654 724.534582 270.759366 714.159942 308.108069 487.992795 302.920749 
487.992795 262.459654 720.003183 271.883941 714.001325 307.037679 480.730548 306.033141 
484.880403 264.534582 722.459654 273.871758 712.817953 308.441360 474.505764 307.070605 
482.805476 266.609510 721.422190 278.021614 711.047550 311.220461 473.468300 311.220461 
481.768012 268.684438 719.347262 282.171470 711.047550 316.407781 471.393372 312.257925 
481.768012 271.796830 719.347262 283.208934 712.085014 317.445245 470.355908 315.370317 
478.655620 269.721902 720.384726 281.134006 713.122478 317.445245 466.206052 316.407781 
475.543228 270.759366 722.459654 282.171470 711.047550 319.520173 465.168588 318.482709 
471.393372 273.871758 722.459654 282.171470 716.234870 318.482709 461.018732 320.557637 
471.393372 278.021614 724.534582 283.208934 717.272334 319.520173 458.943804 324.707493 
468.280980 282.171470 726.609510 284.246398 718.309798 321.595101 455.831412 328.857349 
465.168588 288.396254 727.646974 286.321326 722.459654 323.670029 452.719020 336.119597 
455.831412 294.621037 734.909222 290.471182 725.572046 327.819885 450.644092 345.456772 
452.719020 306.033141 735.946686 290.471182 726.609510 331.969741 446.494236 353.756484 
450.644092 314.332853 738.021614 296.695965 731.796830 336.119597 444.419308 366.206052 
449.606628 320.557637 743.208934 297.733429 733.871758 340.269452 441.306916 372.430836 
448.569164 323.670029 746.321326 296.695965 740.096542 336.119597 438.194524 377.618156 
442.344380 323.670029 748.396254 289.433718 742.171470 335.082133 434.044669 379.693084 
437.157061 324.707493 749.433718 285.283862 746.321326 330.932277 429.894813 379.693084 
429.894813 321.595101 749.433718 279.059078 742.171470 323.670029 423.670029 379.693084 
426.782421 315.370317 752.546110 268.684438 745.283862 317.445245 422.632565 375.543228 
423.670029 317.445245 755.658501 264.534582 746.321326 311.220461 421.951250 376.157525 
421.595101 320.557637 752.546110 260.384726 746.321326 308.108069 419.520173 379.693084 
416.407781 321.595101 749.433718 259.347262 750.471182 306.033141 413.295389 381.768012 
411.220461 325.744957 751.508646 255.197406 745.283862 306.033141 411.220461 384.880403 
402.920749 331.969741 746.321326 255.197406 744.246398 301.883285 408.108069 389.030259 
398.770893 330.932277 742.171470 250.010086 740.096542 296.695965 403.958213 389.030259 
395.658501 329.894813 742.171470 245.860231 736.984150 295.658501 396.695965 389.030259 
391.508646 329.894813 740.096542 240.672911 736.984150 291.508646 391.508646 391.105187 
386.321326 326.782421 735.129415 235.607353 734.349953 287.831310 388.396254 389.030259 
386.321326 328.857349 735.946686 234.448127 733.871758 283.208934 389.433718 391.105187 
386.321326 329.894813 736.984150 232.373199 735.946686 280.096542 389.433718 389.030259 
385.283862 331.969741 742.171470 227.185879 735.946686 279.059078 390.471182 394.217579 
394.621037 331.969741 739.059078 227.185879 738.021614 281.134006 399.808357 400.442363 
400.845821 338.194524 747.358790 227.185879 744.246398 283.208934 408.108069 401.479827 
414.332853 343.381844 752.546110 227.185879 747.358790 280.096542 418.482709 405.629683 
423.670029 347.531700 756.695965 229.260807 753.583573 280.096542 429.894813 409.779539 
440.269452 349.606628 761.883285 231.335735 759.808357 280.096542 441.306916 417.041787 
453.756484 358.943804 769.145533 236.523055 767.070605 285.283862 458.943804 422.229107 
471.393372 368.280980 775.370317 237.560519 772.257925 289.433718 472.430836 430.528818 
490.067723 370.355908 780.557637 242.747839 776.407781 295.658501 492.142651 433.641210 
501.479827 373.468300 790.932277 240.672911 786.782421 295.658501 503.554755 437.791066 
514.966859 372.430836 793.007205 242.747839 791.969741 291.508646 521.191643 435.716138 
530.528818 370.355908 799.231988 240.672911 796.119597 288.396254 530.528818 433.641210 
538.828530 366.206052 802.344380 236.523055 799.231988 287.358790 540.903458 428.453890 
549.203170 361.018732 807.531700 228.223343 800.269452 280.096542 549.203170 421.191643 
557.502882 353.756484 807.531700 227.185879 802.344380 273.871758 558.540346 412.891931 
564.765130 344.419308 809.606628 218.886167 801.306916 269.721902 565.802594 407.704611 
568.914986 337.157061 805.456772 212.661383 800.269452 264.534582 567.877522 400.442363 
575.139769 327.819885 806.494236 205.399135 799.231988 257.272334 573.064841 391.105187 
577.214697 319.520173 803.381844 200.211816 798.194524 250.010086 577.214697 381.768012 
579.289625 314.332853 804.419308 193.987032 796.119597 243.785303 579.289625 373.468300 
578.252161 309.145533 797.157061 191.912104 788.857349 241.710375 577.214697 370.355908 
576.177233 306.033141 785.744957 189.837176 783.670029 237.560519 576.177233 366.206052 
573.064841 301.883285 775.370317 193.987032 773.295389 236.523055 569.952450 364.131124 
565.802594 299.808357 772.257925 189.837176 766.033141 237.560519 565.802594 363.093660 
559.577810 297.733429 767.070605 186.724784 757.733429 237.560519 560.615274 358.943804 
560.615274 292.546110 758.770893 186.724784 757.733429 231.335735 559.577810 354.793948 
561.652738 288.396254 758.770893 180.500000 751.508646 231.335735 557.502882 349.606628 
561.652738 282.171470 759.808357 176.350144 750.471182 227.185879 562.690202 339.231988 
568.914986 275.946686 758.770893 176.350144 752.546110 225.110951 565.802594 335.082133 
577.214697 269.721902 762.920749 171.162824 754.621037 219.923631 576.177233 326.782421 
589.664265 262.459654 766.033141 167.012968 762.920749 212.661383 586.551873 320.557637 
601.076369 255.197406 776.407781 162.863112 767.070605 212.661383 597.963977 311.220461 
613.525937 247.935159 782.632565 159.750720 772.257925 208.511527 611.451009 306.033141 
622.863112 243.785303 784.707493 157.675793 778.482709 206.436599 618.713256 299.808357 
632.200288 240.672911 791.969741 154.563401 787.819885 201.249280 630.125360 294.621037 
642.574928 233.410663 798.194524 153.525937 790.932277 199.174352 636.350144 292.546110 
650.874640 229.260807 805.456772 150.413545 796.119597 195.024496 645.687320 285.283862 
652.949568 224.073487 807.531700 147.301153 804.419308 191.912104 647.762248 282.171470 
660.211816 217.848703 811.681556 144.188761 805.456772 190.874640 656.061960 275.946686 
665.399135 208.511527 813.756484 137.963977 811.681556 181.537464 662.286744 268.684438 
669.548991 200.211816 821.018732 131.739193 813.756484 180.500000 666.436599 260.384726 
676.811239 190.874640 828.280980 124.476945 817.906340 176.350144 668.511527 250.010086 
676.811239 185.687320 828.280980 122.402017 823.093660 167.012968 673.698847 245.860231 
680.961095 182.574928 833.468300 119.289625 826.206052 167.012968 678.886167 238.597983 
687.185879 177.387608 835.543228 117.214697 828.280980 162.863112 681.998559 236.523055 
690.040269 174.791220 836.322690 117.730701 830.560836 164.292257 680.703093 236.001595 
688.774869 174.704592 837.490137 120.586314 831.330333 165.904872 683.935023 236.742618 
692.239463 175.920219 839.693084 121.364553 830.126676 170.064005 686.148415 236.523055 
693.064382 176.185843 840.730548 124.476945 833.027889 170.915251 686.148415 240.672911 
693.410663 180.500000 839.693084 126.551873 834.505764 175.312680 686.148415 242.747839 
692.623530 181.103370 840.730548 129.664265 833.468300 177.387608 686.747186 243.926821 
693.410663 185.687320 838.655620 134.851585 831.393372 180.500000 688.223343 245.860231 
692.382651 187.411652 838.655620 133.814121 830.978242 181.691834 685.110951 250.010086 
693.803867 186.742758 838.655620 139.001441 831.079500 184.982814 688.084049 249.220770 
698.597983 185.687320 839.693084 139.001441 835.543228 182.574928 692.373199 245.860231 
703.785303 180.500000 844.880403 133.814121 836.580692 180.500000 696.523055 241.710375 
704.822767 173.237752 846.955331 130.701729 835.543228 180.500000 698.597983 236.523055 
711.047550 165.975504 849.396894 126.083389 838.655620 175.312680 700.672911 227.185879 
715.197406 157.675793 852.142651 122.402017 840.730548 169.087896 701.710375 224.073487 
712.085014 156.638329 850.067723 119.289625 841.768012 167.012968 704.822767 218.886167 
711.047550 152.488473 847.992795 119.289625 838.655620 167.012968 701.710375 217.848703 
706.897695 150.413545 849.030259 117.214697 839.693084 163.900576 700.672911 213.698847 
707.935159 147.301153 846.955331 115.139769 837.618156 161.825648 698.597983 208.511527 
705.860231 140.038905 843.842939 110.989914 836.580692 159.750720 696.523055 208.511527 
703.785303 135.889049 839.693084 110.989914 833.468300 157.675793 695.485591 203.324207 
703.785303 130.701729 839.693084 107.877522 834.505764 157.675793 692.373199 199.174352 
702.747839 125.514409 839.693084 101.652738 832.850577 154.868561 693.410663 195.024496 
700.672911 120.327089 839.693084 100.615274 832.430836 150.413545 691.335735 186.724784 
700.672911 116.177233 838.655620 97.502882 829.097274 148.459180 690.298271 185.687320 
697.560519 116.177233 838.655620 97.502882 825.168588 148.338617 686.148415 184.649856 
695.485591 113.064841 837.618156 97.502882 823.093660 149.376081 686.148415 182.574928 
693.410663 115.139769 833.468300 96.465418 823.093660 149.376081 683.036023 184.649856 
695.485591 116.177233 835.543228 98.540346 823.093660 148.338617 685.110951 185.687320 
695.258229 114.388236 832.225871 100.836667 824.966102 150.203097 686.546506 182.146080 
695.485591 115.139769 833.468300 97.502882 823.372728 149.531250 687.185879 182.574928 
696.985122 112.897647 833.468300 97.502882 827.243516 149.376081 687.185879 180.500000 
696.523055 112.027378 832.430836 98.540346 825.168588 149.376081 685.110951 181.537464 
693.744833 110.606497 829.260521 99.958836 820.548798 149.809250 681.998559 180.500000 
690.298271 113.064841 827.243516 98.540346 817.906340 149.376081 679.923631 182.574928 
688.223343 115.139769 826.206052 100.615274 813.756484 150.413545 675.773775 181.537464 
681.998559 115.139769 819.981268 102.690202 813.756484 152.488473 670.586455 185.687320 
676.811239 121.364553 815.831412 105.802594 806.494236 154.563401 667.474063 186.724784 
668.511527 126.551873 810.644092 110.989914 803.381844 158.713256 659.174352 196.061960 
660.211816 139.001441 806.494236 117.214697 798.194524 167.012968 650.874640 204.361671 
655.024496 150.413545 795.082133 126.551873 788.857349 176.350144 644.649856 214.736311 
644.649856 161.825648 790.932277 135.889049 784.707493 180.500000 637.387608 227.185879 
636.350144 176.350144 784.707493 147.301153 776.407781 191.912104 625.975504 242.747839 
627.012968 190.874640 778.482709 154.563401 770.182997 203.324207 619.750720 255.197406 
619.750720 203.324207 774.332853 162.863112 767.070605 209.548991 613.525937 266.609510 
613.525937 217.848703 764.995677 176.350144 758.770893 218.886167 606.263689 279.059078 
601.076369 231.335735 758.770893 182.574928 750.471182 229.260807 593.814121 292.546110 
588.626801 245.860231 748.396254 190.874640 742.171470 236.523055 581.364553 309.145533 
574.102305 260.384726 735.946686 205.399135 733.871758 247.935159 566.840058 325.744957 
557.502882 278.021614 728.684438 212.661383 723.497118 259.347262 552.315562 340.269452 
538.828530 293.583573 721.422190 221.998559 714.159942 269.721902 534.678674 356.868876 
524.304035 300.845821 707.935159 227.185879 703.785303 275.946686 519.116715 366.206052 
509.779539 310.182997 700.672911 231.335735 697.560519 280.096542 503.554755 373.468300 
500.442363 310.182997 694.448127 231.335735 690.298271 281.134006 494.217579 377.618156 
485.917867 312.257925 694.448127 231.335735 686.148415 279.059078 485.917867 375.543228 
482.805476 308.108069 688.223343 228.223343 683.036023 275.946686 475.543228 377.618156 
471.393372 309.145533 686.148415 225.110951 679.923631 273.871758 470.355908 375.543228 
469.318444 301.883285 685.110951 221.998559 679.923631 268.684438 466.206052 368.280980 
462.056196 301.883285 683.036023 217.848703 678.886167 264.534582 458.943804 366.206052 
456.868876 296.695965 686.148415 212.661383 680.961095 260.384726 453.756484 364.131124 
454.793948 294.621037 687.185879 210.586455 683.036023 257.272334 449.606628 361.018732 
448.569164 294.621037 693.410663 205.399135 685.110951 257.272334 445.456772 361.018732 
446.494236 293.583573 696.523055 203.324207 688.223343 256.234870 444.419308 356.868876 
444.419308 293.583573 697.560519 204.361671 692.373199 253.122478 443.381844 356.868876 
437.157061 292.546110 700.672911 200.211816 695.485591 253.122478 438.194524 358.943804 
429.894813 296.695965 698.597983 204.361671 695.485591 252.085014 428.857349 361.018732 
423.670029 294.621037 698.597983 204.361671 693.410663 253.122478 421.595101 361.018732 
412.257925 296.695965 697.560519 204.361671 694.448127 253.122478 410.182997 361.018732 
392.546110 298.770893 692.373199 206.436599 686.148415 257.272334 392.546110 366.206052 
374.909222 299.808357 683.036023 205.399135 680.961095 259.347262 374.909222 366.206052 
374.909222 299.808357 684.073487 206.436599 680.961095 259.347262 376.984150 364.131124 
332.373199 311.220461 661.249280 217.848703 662.286744 264.534582 333.410663 375.543228 
309.548991 321.595101 649.837176 225.110951 647.762248 273.871758 310.586455 382.805476 
289.837176 324.707493 639.462536 231.335735 636.350144 282.171470 295.024496 386.955331 
270.125360 329.894813 624.938040 238.597983 624.938040 285.283862 277.387608 389.030259 
254.563401 334.044669 613.525937 243.785303 614.563401 290.471182 258.713256 394.217579 
237.963977 337.157061 603.151297 251.047550 604.188761 295.658501 242.113833 398.367435 
225.514409 340.269452 591.739193 256.234870 593.814121 301.883285 228.626801 396.292507 
213.064841 341.306916 586.551873 260.384726 586.551873 304.995677 219.802345 396.234502 
210.989914 339.231988 580.327089 262.459654 582.402017 310.182997 216.177233 396.292507 
210.989914 335.082133 577.214697 264.534582 578.252161 310.182997 216.177233 391.105187 
216.177233 335.082133 580.327089 264.534582 580.327089 310.182997 218.252161 386.955331 
227.589337 328.857349 582.402017 264.534582 584.476945 308.108069 229.664265 377.618156 
233.814121 321.595101 587.589337 264.534582 586.551873 308.108069 241.076369 372.430836 
247.301153 317.445245 594.851585 261.422190 593.814121 303.958213 251.451009 366.206052 
261.825648 312.257925 603.151297 262.459654 602.113833 303.958213 260.788184 361.018732 
272.200288 309.145533 607.301153 264.534582 608.338617 304.995677 276.350144 358.943804 
288.799712 308.108069 614.563401 265.572046 615.600865 307.070605 290.874640 353.756484 
302.286744 307.070605 622.863112 270.759366 623.900576 312.257925 306.436599 351.681556 
314.736311 308.108069 632.200288 273.871758 631.162824 312.257925 313.698847 351.681556 
328.223343 307.070605 639.462536 275.946686 638.425072 313.295389 330.298271 349.606628 
337.560519 301.883285 646.724784 278.021614 645.687320 313.295389 340.672911 344.419308 
353.122478 301.883285 650.874640 280.096542 649.837176 317.445245 355.197406 342.344380 
366.609510 299.808357 660.211816 279.059078 658.136888 316.407781 367.646974 340.269452 
380.096542 299.808357 664.361671 283.208934 664.361671 317.445245 376.984150 340.269452 
392.546110 300.845821 670.586455 289.433718 668.511527 319.520173 391.508646 336.119597 
402.920749 298.770893 674.736311 290.471182 670.586455 320.557637 401.883285 337.157061 
410.182997 300.845821 677.848703 292.546110 675.773775 324.707493 410.182997 336.119597 
418.482709 299.808357 680.961095 292.546110 677.848703 325.744957 416.407781 335.082133 
422.632565 295.658501 683.036023 296.695965 678.886167 326.782421 420.557637 334.044669 
428.857349 295.658501 684.073487 296.695965 679.923631 328.857349 424.707493 333.007205 
427.819885 295.658501 679.923631 296.695965 677.848703 325.744957 427.819885 327.819885 
434.044669 293.583573 678.886167 294.621037 674.736311 324.707493 431.969741 324.707493 
436.119597 291.508646 676.811239 294.621037 672.661383 323.670029 435.082133 321.595101 
434.744738 289.892729 674.736311 295.658501 671.623919 325.744957 434.044669 322.632565 
438.194524 289.433718 669.548991 295.658501 666.436599 325.744957 431.969741 321.595101 
436.747453 289.019434 667.468217 295.255130 664.361671 324.707493 435.967991 320.977378 
439.231988 290.471182 665.399135 296.695965 661.249280 324.707493 436.119597 319.520173 
435.082133 293.583573 661.249280 300.845821 656.061960 328.857349 433.007205 324.707493 
435.082133 296.695965 656.061960 306.033141 652.949568 330.932277 434.044669 326.782421 
435.082133 303.958213 651.912104 311.220461 649.837176 338.194524 433.007205 329.894813 
429.101004 308.619290 646.724784 316.407781 645.687320 341.306916 426.172897 335.557873 
426.782421 316.407781 643.708657 321.735012 642.149733 348.236721 425.744957 344.419308 
421.595101 322.632565 640.500000 328.857349 638.425072 353.756484 420.557637 349.606628 
423.670029 325.744957 640.500000 333.007205 636.350144 358.943804 421.595101 354.793948 
421.595101 327.819885 636.670245 334.960171 634.275216 361.018732 419.580404 358.150777 
418.635423 329.580990 637.387608 336.119597 636.350144 363.093660 419.167806 360.459208 
419.520173 334.044669 638.425072 338.194524 637.387608 364.131124 418.482709 361.018732 
421.595101 336.119597 641.145467 340.430663 638.241560 366.565831 419.520173 364.131124 
420.936026 337.788187 641.537464 343.381844 641.537464 370.355908 420.557637 366.206052 
420.348664 340.328342 642.574928 345.456772 640.500000 372.430836 418.748715 369.927400 
421.595101 343.381844 644.649856 347.531700 642.574928 375.543228 419.520173 372.430836 
418.579152 344.178675 647.762248 347.531700 644.649856 377.618156 417.445245 375.543228 
419.864869 345.542743 650.766613 349.178991 648.948489 376.814475 419.520173 375.543228 
420.039571 344.698244 651.912104 349.606628 649.837176 377.618156 419.520173 375.543228 
421.595101 345.456772 656.061960 347.531700 653.987032 377.618156 420.557637 375.543228 
420.249420 344.147124 659.878159 348.146997 658.787285 377.236980 419.209959 375.543228 
419.520173 342.344380 658.136888 347.531700 657.099424 375.543228 418.482709 373.468300 
414.729527 341.329177 660.158119 347.185391 659.093352 376.998843 414.332853 372.430836 
411.220461 341.306916 656.061960 345.456772 655.024496 375.543228 409.145533 372.430836 
399.808357 336.119597 658.015620 343.079892 656.950854 373.958110 398.770893 370.355908 
388.472495 335.207485 653.987032 344.419308 652.949568 375.543228 389.433718 370.355908 
384.246398 331.969741 650.973650 343.052620 648.631164 375.261796 384.246398 364.131124 
378.021614 326.782421 648.799712 337.157061 646.724784 372.430836 375.946686 358.943804 
372.834294 318.482709 647.762248 333.007205 646.724784 368.280980 372.834294 353.756484 
365.572046 312.257925 646.724784 326.782421 643.612392 358.943804 365.572046 345.456772 
358.309798 301.883285 646.724784 320.557637 643.612392 353.756484 359.347262 337.157061 
355.197406 296.695965 642.574928 316.407781 640.500000 349.606628 355.197406 333.007205 
351.445467 289.815262 640.500000 310.182997 637.387608 349.606628 351.445467 328.788364 
348.972622 283.208934 641.537464 303.958213 639.462536 343.381844 347.935159 318.482709 
346.897695 275.946686 646.724784 298.770893 643.612392 335.082133 345.860231 310.182997 
345.860231 268.684438 648.799712 293.583573 644.649856 331.969741 346.897695 302.920749 
350.010086 260.384726 653.987032 289.433718 648.799712 328.857349 350.010086 298.770893 
351.047550 256.234870 660.211816 285.283862 657.099424 323.670029 353.122478 292.546110 
353.122478 246.897695 669.548991 279.059078 666.436599 316.407781 356.234870 288.396254 
355.197406 240.672911 676.811239 273.871758 671.623919 315.370317 356.234870 280.096542 
363.497118 233.410663 683.036023 268.684438 678.886167 309.145533 363.497118 275.946686 
362.459654 228.223343 694.448127 264.534582 686.148415 308.108069 363.497118 271.796830 
366.609510 223.036023 698.597983 260.384726 692.373199 303.958213 368.684438 266.609510 
368.684438 217.848703 698.597983 255.197406 693.410663 296.695965 370.759366 259.347262 
370.759366 206.436599 706.897695 247.935159 701.710375 289.433718 373.871758 251.047550 
373.871758 193.987032 710.010086 233.410663 705.860231 273.871758 373.871758 237.560519 
372.834294 180.500000 714.159942 219.923631 710.010086 262.459654 374.909222 223.036023 
373.871758 167.012968 715.197406 206.436599 708.972622 246.897695 373.871758 205.399135 
367.646974 147.301153 714.159942 187.762248 710.010086 228.223343 369.721902 187.762248 
366.609510 125.514409 712.085014 167.012968 707.935159 206.436599 367.646974 165.975504 
358.309798 102.690202 711.047550 144.188761 705.860231 184.649856 358.309798 141.076369 
352.085014 72.603746 704.822767 120.327089 698.597983 157.675793 353.122478 115.139769 
341.710375 49.779539 699.635447 92.315562 694.448127 129.664265 344.822767 89.203170 
335.485591 18.655620 689.260807 64.304035 684.073487 101.652738 336.523055 56.004323 
317.422841 -13.688680 673.698847 30.845821 673.698847 68.783426 323.715642 24.068127 
0.000000 0.000000 0.000000 0.000000 0.000000 0.000000 0.000000 0.000000 
0.000000 0.000000 0.000000 0.000000 0.000000 0.000000 0.000000 0.000000 
0.000000 0.000000 0.000000 0.000000 0.000000 0.000000 0.000000 0.000000 
0.000000 0.000000 0.000000 0.000000 0.000000 0.000000 0.000000 0.000000 
0.000000 0.000000 0.000000 0.000000 0.000000 0.000000 0.000000 0.000000 
0.000000 0.000000 0.000000 0.000000 0.000000 0.000000 0.000000 0.000000 
0.000000 0.000000 0.000000 0.000000 0.000000 0.000000 0.000000 0.000000 
0.000000 0.000000 0.000000 0.000000 0.000000 0.000000 0.000000 0.000000 
0.000000 0.000000 0.000000 0.000000 0.000000 0.000000 0.000000 0.000000 
0.000000 0.000000 0.000000 0.000000 0.000000 0.000000 0.000000 0.000000 
0.000000 0.000000 0.000000 0.000000 0.000000 0.000000 0.000000 0.000000 
0.000000 0.000000 0.000000 0.000000 0.000000 0.000000 0.000000 0.000000 
0.000000 0.000000 0.000000 0.000000 0.000000 0.000000 0.000000 0.000000 
0.000000 0.000000 0.000000 0.000000 0.000000 0.000000 0.000000 0.000000 
0.000000 0.000000 0.000000 0.000000 0.000000 0.000000 0.000000 0.000000 
0.000000 0.000000 0.000000 0.000000 0.000000 0.000000 0.000000 0.000000 
0.000000 0.000000 0.000000 0.000000 0.000000 0.000000 0.000000 0.000000 
0.000000 0.000000 0.000000 0.000000 0.000000 0.000000 0.000000 0.000000 
0.000000 0.000000 0.000000 0.000000 0.000000 0.000000 0.000000 0.000000 
0.000000 0.000000 0.000000 0.000000 0.000000 0.000000 0.000000 0.000000 
0.000000 0.000000 0.000000 0.000000 0.000000 0.000000 0.000000 0.000000 
0.000000 0.000000 0.000000 0.000000 0.000000 0.000000 0.000000 0.000000 
0.000000 0.000000 0.000000 0.000000 0.000000 0.000000 0.000000 0.000000 
467.301357 -2.672072 681.907446 13.353707 674.996864 57.120724 463.541772 34.923781 
476.580692 35.255043 679.923631 62.229107 675.773775 95.427954 471.393372 69.491354 
479.693084 72.603746 683.036023 91.278098 677.848703 135.889049 478.655620 112.027378 
487.992795 107.877522 688.223343 129.664265 684.073487 168.050432 485.917867 145.226225 
496.292507 148.338617 691.335735 161.825648 689.260807 200.211816 493.180115 185.687320 
505.629683 176.350144 694.448127 189.837176 693.410663 224.073487 502.517291 209.548991 
511.854467 205.399135 702.747839 213.698847 700.672911 240.672911 509.779539 229.260807 
519.116715 221.998559 707.935159 231.335735 706.897695 260.384726 518.079251 247.935159 
527.416427 240.672911 716.234870 247.935159 715.197406 271.796830 525.341499 264.534582 
537.791066 252.085014 725.572046 261.422190 724.534582 286.321326 536.753602 278.021614 
547.128242 264.534582 738.021614 269.721902 736.984150 295.658501 546.090778 291.508646 
554.390490 271.796830 752.546110 274.909222 750.471182 304.995677 554.390490 300.845821 
562.690202 282.171470 767.070605 285.283862 768.108069 308.108069 563.727666 307.070605 
573.064841 286.321326 783.670029 285.283862 780.557637 312.257925 576.177233 310.182997 
586.551873 289.433718 791.969741 286.321326 791.969741 313.295389 587.589337 314.332853 
600.038905 289.433718 805.456772 286.321326 805.456772 313.295389 601.076369 314.332853 
610.413545 290.471182 813.756484 286.321326 813.756484 312.257925 612.488473 314.332853 
613.573711 289.615198 822.056196 285.283862 823.093660 313.295389 614.563401 315.370317 
618.091422 287.400429 828.280980 284.246398 827.243516 313.295389 618.713256 314.332853 
620.788184 289.433718 830.355908 286.321326 831.393372 313.295389 621.825648 316.407781 
615.600865 291.508646 832.430836 288.396254 832.430836 315.370317 616.638329 318.482709 
612.488473 292.546110 833.468300 286.321326 835.543228 316.407781 613.525937 318.482709 
605.410510 295.072880 835.281818 290.129228 834.110576 319.995918 606.447974 321.009479 
593.814121 296.695965 832.430836 290.471182 833.468300 321.595101 597.963977 324.707493 
585.514409 299.808357 824.131124 295.658501 824.131124 325.744957 586.551873 328.857349 
573.064841 303.958213 821.018732 297.733429 819.981268 327.819885 576.177233 331.969741 
560.615274 308.108069 811.681556 300.845821 812.719020 334.044669 562.690202 337.157061 
549.203170 311.220461 804.419308 308.108069 803.381844 340.269452 553.353026 342.344380 
535.716138 316.407781 795.082133 313.295389 793.007205 345.456772 540.903458 347.531700 
525.341499 319.520173 785.744957 317.445245 786.782421 349.606628 529.491354 349.606628 
509.779539 323.670029 779.520173 320.557637 780.557637 356.868876 516.004323 354.793948 
501.479827 325.744957 773.295389 326.782421 775.370317 361.018732 505.629683 358.943804 
489.030259 330.932277 771.220461 331.969741 772.257925 366.206052 494.217579 364.131124 
474.505764 333.007205 761.883285 334.044669 762.920749 372.430836 479.693084 368.280980 
467.243516 334.044669 757.733429 338.194524 759.808357 375.543228 472.430836 370.355908 
454.793948 333.007205 754.621037 340.269452 754.621037 377.618156 459.981268 372.430836 
442.344380 331.969741 749.433718 339.231988 748.396254 379.693084 449.606628 370.355908 
431.969741 333.007205 745.283862 339.231988 746.321326 379.693084 438.194524 370.355908 
418.482709 329.894813 740.096542 340.269452 741.134006 381.768012 422.632565 370.355908 
408.108069 328.857349 733.871758 342.344380 732.834294 384.880403 412.257925 372.430836 
390.471182 328.857349 730.759366 341.306916 730.759366 386.955331 396.695965 370.355908 
379.059078 325.744957 722.459654 343.381844 723.497118 389.030259 386.321326 372.430836 
364.534582 325.744957 718.309798 343.381844 719.347262 386.955331 372.834294 368.280980 
357.272334 323.670029 717.272334 342.344380 716.234870 389.030259 365.572046 370.355908 
348.972622 319.520173 712.085014 342.344380 711.047550 389.030259 354.159942 366.206052 
336.523055 318.482709 708.972622 340.269452 710.010086 389.030259 345.860231 363.093660 
328.223343 316.407781 708.972622 337.157061 710.010086 389.030259 335.485591 363.093660 
321.998559 313.295389 710.010086 337.157061 710.010086 389.030259 330.298271 361.018732 
315.773775 312.257925 710.010086 336.119597 708.972622 389.030259 325.110951 358.943804 
311.623919 308.108069 712.085014 336.119597 712.085014 386.955331 318.886167 356.868876 
304.361671 307.070605 714.159942 334.044669 715.197406 389.030259 312.661383 354.793948 
300.211816 302.920749 718.309798 330.932277 719.347262 384.880403 308.511527 353.756484 
295.024496 300.845821 721.422190 330.932277 720.384726 386.955331 304.361671 354.793948 
291.912104 298.770893 725.572046 330.932277 725.572046 386.955331 301.249280 351.681556 
286.724784 297.733429 732.834294 327.819885 731.796830 386.955331 299.174352 351.681556 
289.837176 295.658501 741.134006 327.819885 742.171470 384.880403 299.174352 351.681556 
290.874640 295.658501 751.508646 326.782421 749.433718 384.880403 299.174352 351.681556 
292.949568 296.695965 760.845821 325.744957 757.733429 386.955331 304.361671 351.681556 
296.061960 295.658501 771.220461 325.744957 769.145533 386.955331 308.511527 353.756484 
302.286744 301.883285 781.595101 328.857349 780.557637 389.030259 308.511527 358.943804 
304.361671 303.958213 795.082133 333.007205 795.082133 394.217579 312.661383 363.093660 
305.399135 310.182997 812.719020 338.194524 808.569164 401.479827 318.886167 368.280980 
312.661383 316.407781 827.243516 341.306916 822.056196 405.629683 321.998559 375.543228 
312.661383 323.670029 841.768012 347.531700 837.618156 412.891931 328.223343 384.880403 
317.848703 324.707493 860.442363 349.606628 857.329971 417.041787 329.260807 386.955331 
318.886167 325.744957 881.191643 347.531700 874.966859 417.041787 331.335735 392.142651 
323.036023 327.819885 894.678674 347.531700 890.528818 419.116715 335.485591 394.217579 
326.148415 326.782421 914.390490 345.456772 908.165706 417.041787 335.485591 396.292507 
329.260807 325.744957 924.765130 341.306916 921.652738 410.817003 339.635447 394.217579 
330.298271 321.595101 940.327089 335.082133 937.214697 409.779539 342.747839 394.217579 
332.373199 319.520173 956.926513 329.894813 950.701729 403.554755 343.785303 392.142651 
330.298271 316.407781 968.338617 320.557637 961.076369 400.442363 341.710375 389.030259 
325.110951 312.257925 977.675793 315.370317 972.488473 392.142651 341.710375 386.955331 
328.223343 304.995677 984.938040 306.033141 980.788184 381.768012 337.560519 381.768012 
316.811239 297.733429 997.387608 291.508646 990.125360 375.543228 333.410663 375.543228 
310.586455 290.471182 1000.500000 284.246398 995.312680 363.093660 327.185879 368.280980 
304.361671 283.208934 1006.724784 270.759366 996.350144 356.868876 315.773775 364.131124 
285.687320 280.096542 1006.724784 264.534582 998.425072 351.681556 300.211816 364.131124 
270.125360 279.059078 1005.687320 262.459654 995.312680 351.681556 288.799712 363.093660 
252.488473 279.059078 1005.687320 260.384726 996.350144 349.606628 272.200288 366.206052 
235.889049 280.096542 1000.500000 260.384726 994.275216 349.606628 252.488473 368.280980 
220.327089 280.096542 998.425072 257.272334 990.125360 353.756484 241.076369 372.430836 
196.465418 281.134006 1000.500000 256.234870 994.275216 351.681556 220.327089 375.543228 
186.090778 282.171470 1005.687320 256.234870 993.237752 353.756484 206.840058 377.618156 
168.453890 275.946686 1009.837176 247.935159 1001.537464 349.606628 189.203170 375.543228 
152.891931 274.909222 1016.061960 245.860231 1007.762248 349.606628 179.865994 377.618156 
139.404899 268.684438 1025.399135 237.560519 1011.912104 347.531700 164.304035 372.430836 
121.768012 262.459654 1031.623919 229.260807 1019.174352 340.269452 147.704611 366.206052 
112.430836 256.234870 1035.773775 217.848703 1023.324207 330.932277 137.329971 363.093660 
94.793948 247.935159 1035.773775 213.698847 1024.361671 327.819885 127.992795 358.943804 
82.344380 246.897695 1036.811239 210.586455 1025.399135 323.670029 117.618156 356.868876 
79.231988 243.785303 1041.998559 209.548991 1028.511527 327.819885 108.280980 361.018732 
68.857349 246.897695 1046.148415 212.661383 1031.623919 331.969741 99.981268 361.018732 
63.670029 245.860231 1053.410663 213.698847 1034.736311 334.044669 92.719020 364.131124 
50.182997 250.010086 1056.523055 217.848703 1041.998559 338.194524 85.456772 364.131124 
42.920749 245.860231 1062.747839 218.886167 1047.185879 339.231988 75.082133 361.018732 
38.770893 243.785303 1060.672911 219.923631 1043.036023 341.306916 74.044669 363.093660 
41.883285 242.747839 1055.485591 224.073487 1038.886167 347.531700 75.082133 364.131124 
41.883285 241.710375 1051.335735 225.110951 1032.661383 347.531700 74.044669 361.018732 
42.920749 238.597983 1047.185879 225.110951 1030.586455 347.531700 75.082133 358.943804 
47.070605 232.373199 1047.185879 224.073487 1026.436599 343.381844 80.269452 347.531700 
59.520173 225.110951 1040.961095 224.073487 1021.249280 343.381844 90.644092 339.231988 
85.456772 221.998559 1033.698847 225.110951 1013.987032 340.269452 111.393372 331.969741 
112.430836 218.886167 1021.249280 231.335735 1001.537464 341.306916 132.142651 326.782421 
140.442363 223.036023 1002.574928 240.672911 985.975504 344.419308 165.341499 322.632565 
185.053314 223.036023 980.788184 246.897695 967.301153 347.531700 197.502882 318.482709 
214.102305 223.036023 963.151297 259.347262 947.589337 345.456772 230.701729 315.370317 
247.301153 228.223343 942.402017 268.684438 927.877522 351.681556 257.675793 310.182997 
268.050432 232.373199 923.727666 275.946686 906.090778 356.868876 279.462536 310.182997 
293.987032 233.410663 915.427954 283.208934 892.603746 361.018732 299.174352 308.108069 
308.511527 236.523055 898.828530 296.695965 881.191643 366.206052 309.548991 306.033141 
317.848703 240.672911 884.304035 306.033141 868.742075 373.468300 323.036023 306.033141 
332.373199 240.672911 868.742075 318.482709 853.180115 379.693084 332.373199 308.108069 
336.523055 245.860231 851.105187 326.782421 833.468300 386.955331 335.485591 306.033141 
346.897695 246.897695 832.430836 336.119597 812.719020 398.367435 346.897695 308.108069 
348.972622 247.935159 815.831412 343.381844 804.419308 403.554755 351.047550 306.033141 
354.159942 247.935159 803.381844 347.531700 783.670029 409.779539 352.085014 303.958213 

