929.817804 377.272047 968.153910 374.876040 968.153910 392.846090 929.817804 392.846090 
929.520659 377.462964 968.586528 375.979450 968.586528 393.657992 929.273406 393.472553 
930.596860 378.543970 969.116230 376.743557 969.116230 394.321277 930.407343 394.652932 
930.430575 379.426105 969.317723 377.820673 969.139342 395.539893 930.549496 395.539893 
930.475331 380.400778 969.120735 378.933231 969.609917 396.272026 930.692746 396.543794 
930.664070 381.477798 970.195053 379.944741 970.523565 397.465398 930.554566 398.012919 
930.560202 382.350018 970.654712 380.494745 970.654712 397.604484 930.508666 398.635192 
931.526257 383.387929 970.290521 380.695097 970.353145 398.480316 931.463633 399.482301 
931.611952 384.439969 970.302774 381.840190 970.455702 399.656320 931.535487 399.426927 
931.690304 385.286737 970.324486 383.134415 970.754950 400.783457 931.259839 401.106305 
931.712573 386.626541 971.513654 384.109289 971.513654 401.682559 931.570087 401.397587 
932.153376 387.701782 971.049102 385.038540 970.987166 402.442519 931.967568 402.318647 
932.883691 387.546285 971.227236 385.833602 971.099682 403.946317 932.323165 403.946317 
932.319847 388.722901 970.903053 386.620611 971.397710 403.809924 932.196183 404.551908 
987.619075 395.269887 1034.361106 393.133108 1034.895300 413.966699 987.351978 414.901540 
1011.543133 399.618560 1061.901806 396.826205 1062.094383 419.550195 1011.543133 420.031636 
1028.906246 402.859208 1081.805541 400.850374 1082.224048 424.203069 1028.571440 424.705278 
1047.606486 406.976208 1103.057100 404.707773 1103.141116 429.240470 1047.858534 430.416695 
1065.881924 410.666307 1124.172094 407.906049 1124.821566 434.047322 1065.719556 435.508636 
1081.112645 413.599738 1141.629713 411.722120 1142.063009 438.586498 1081.401509 439.308659 
1094.335581 417.350568 1157.165451 414.470421 1157.378795 442.311841 1094.548925 443.591906 
1111.552165 421.408618 1175.728180 418.120663 1177.311270 447.225156 1111.308613 449.051798 
1131.720791 426.601043 1199.688858 423.454373 1200.108414 452.613513 1132.350125 454.501515 
1149.156232 430.546547 1220.099790 426.891376 1221.096655 458.791055 1149.654665 459.954064 
1166.265142 434.827172 1240.497180 430.972816 1240.925441 463.948972 1166.978911 465.662019 
1181.822067 438.806556 1258.482285 434.756582 1258.916211 468.024224 1182.689919 470.627778 
1195.354925 442.429369 1274.157209 438.085936 1274.466191 474.747513 1195.354925 475.315362 
0.000000 0.000000 0.000000 0.000000 0.000000 0.000000 0.000000 0.000000 
0.000000 0.000000 0.000000 0.000000 0.000000 0.000000 0.000000 0.000000 
0.000000 0.000000 0.000000 0.000000 0.000000 0.000000 0.000000 0.000000 
0.000000 0.000000 0.000000 0.000000 0.000000 0.000000 0.000000 0.000000 
0.000000 0.000000 0.000000 0.000000 0.000000 0.000000 0.000000 0.000000 
0.000000 0.000000 0.000000 0.000000 0.000000 0.000000 0.000000 0.000000 
0.000000 0.000000 0.000000 0.000000 0.000000 0.000000 0.000000 0.000000 
0.000000 0.000000 0.000000 0.000000 0.000000 0.000000 0.000000 0.000000 
0.000000 0.000000 0.000000 0.000000 0.000000 0.000000 0.000000 0.000000 
0.000000 0.000000 0.000000 0.000000 0.000000 0.000000 0.000000 0.000000 
0.000000 0.000000 0.000000 0.000000 0.000000 0.000000 0.000000 0.000000 
0.000000 0.000000 0.000000 0.000000 0.000000 0.000000 0.000000 0.000000 
0.000000 0.000000 0.000000 0.000000 0.000000 0.000000 0.000000 0.000000 
0.000000 0.000000 0.000000 0.000000 0.000000 0.000000 0.000000 0.000000 
0.000000 0.000000 0.000000 0.000000 0.000000 0.000000 0.000000 0.000000 
0.000000 0.000000 0.000000 0.000000 0.000000 0.000000 0.000000 0.000000 
0.000000 0.000000 0.000000 0.000000 0.000000 0.000000 0.000000 0.000000 
0.000000 0.000000 0.000000 0.000000 0.000000 0.000000 0.000000 0.000000 
0.000000 0.000000 0.000000 0.000000 0.000000 0.000000 0.000000 0.000000 
0.000000 0.000000 0.000000 0.000000 0.000000 0.000000 0.000000 0.000000 
0.000000 0.000000 0.000000 0.000000 0.000000 0.000000 0.000000 0.000000 
0.000000 0.000000 0.000000 0.000000 0.000000 0.000000 0.000000 0.000000 
0.000000 0.000000 0.000000 0.000000 0.000000 0.000000 0.000000 0.000000 
0.000000 0.000000 0.000000 0.000000 0.000000 0.000000 0.000000 0.000000 
0.000000 0.000000 0.000000 0.000000 0.000000 0.000000 0.000000 0.000000 
0.000000 0.000000 0.000000 0.000000 0.000000 0.000000 0.000000 0.000000 
0.000000 0.000000 0.000000 0.000000 0.000000 0.000000 0.000000 0.000000 
0.000000 0.000000 0.000000 0.000000 0.000000 0.000000 0.000000 0.000000 
0.000000 0.000000 0.000000 0.000000 0.000000 0.000000 0.000000 0.000000 
0.000000 0.000000 0.000000 0.000000 0.000000 0.000000 0.000000 0.000000 
0.000000 0.000000 0.000000 0.000000 0.000000 0.000000 0.000000 0.000000 
0.000000 0.000000 0.000000 0.000000 0.000000 0.000000 0.000000 0.000000 
0.000000 0.000000 0.000000 0.000000 0.000000 0.000000 0.000000 0.000000 
0.000000 0.000000 0.000000 0.000000 0.000000 0.000000 0.000000 0.000000 
0.000000 0.000000 0.000000 0.000000 0.000000 0.000000 0.000000 0.000000 
0.000000 0.000000 0.000000 0.000000 0.000000 0.000000 0.000000 0.000000 
0.000000 0.000000 0.000000 0.000000 0.000000 0.000000 0.000000 0.000000 
0.000000 0.000000 0.000000 0.000000 0.000000 0.000000 0.000000 0.000000 
0.000000 0.000000 0.000000 0.000000 0.000000 0.000000 0.000000 0.000000 
0.000000 0.000000 0.000000 0.000000 0.000000 0.000000 0.000000 0.000000 
0.000000 0.000000 0.000000 0.000000 0.000000 0.000000 0.000000 0.000000 
0.000000 0.000000 0.000000 0.000000 0.000000 0.000000 0.000000 0.000000 
0.000000 0.000000 0.000000 0.000000 0.000000 0.000000 0.000000 0.000000 
0.000000 0.000000 0.000000 0.000000 0.000000 0.000000 0.000000 0.000000 
0.000000 0.000000 0.000000 0.000000 0.000000 0.000000 0.000000 0.000000 
0.000000 0.000000 0.000000 0.000000 0.000000 0.000000 0.000000 0.000000 
0.000000 0.000000 0.000000 0.000000 0.000000 0.000000 0.000000 0.000000 
0.000000 0.000000 0.000000 0.000000 0.000000 0.000000 0.000000 0.000000 
0.000000 0.000000 0.000000 0.000000 0.000000 0.000000 0.000000 0.000000 
0.000000 0.000000 0.000000 0.000000 0.000000 0.000000 0.000000 0.000000 
0.000000 0.000000 0.000000 0.000000 0.000000 0.000000 0.000000 0.000000 
0.000000 0.000000 0.000000 0.000000 0.000000 0.000000 0.000000 0.000000 
0.000000 0.000000 0.000000 0.000000 0.000000 0.000000 0.000000 0.000000 
0.000000 0.000000 0.000000 0.000000 0.000000 0.000000 0.000000 0.000000 
0.000000 0.000000 0.000000 0.000000 0.000000 0.000000 0.000000 0.000000 
0.000000 0.000000 0.000000 0.000000 0.000000 0.000000 0.000000 0.000000 
0.000000 0.000000 0.000000 0.000000 0.000000 0.000000 0.000000 0.000000 
0.000000 0.000000 0.000000 0.000000 0.000000 0.000000 0.000000 0.000000 
0.000000 0.000000 0.000000 0.000000 0.000000 0.000000 0.000000 0.000000 
1168.413353 586.100540 1266.541433 581.758589 1268.278214 625.757020 1169.753134 627.035577 
1157.313563 581.245543 1253.207538 576.117523 1252.774809 621.019084 1158.240458 623.217557 
1146.241097 578.704012 1241.213788 574.637171 1242.888369 616.740933 1146.958775 618.893966 
1138.374340 576.279457 1232.318359 572.595378 1232.988550 613.324427 1139.690082 614.962289 
1132.778581 575.502403 1225.008712 571.451299 1226.764190 612.097374 1134.128949 613.582779 
1129.344466 575.590387 1221.439560 571.404247 1222.924965 612.455432 1130.424760 613.940837 
1129.046336 576.859251 1221.095685 572.806764 1222.543002 614.200025 1129.335799 615.357878 
1125.982004 577.818815 1218.311346 573.271545 1219.695298 614.987801 1126.362595 616.622137 
1121.153254 576.492575 1212.817581 573.077630 1213.895984 614.056976 1122.231657 615.674582 
1115.811427 576.967572 1206.558192 571.873017 1207.831831 612.629459 1117.403476 614.858327 
1111.070075 576.111905 1202.135249 571.654169 1202.772068 612.092201 1113.298943 614.002659 
1108.374640 575.283796 1197.415715 572.020510 1199.280450 610.247569 1107.442273 613.044671 
1103.978445 573.546276 1191.794867 570.359118 1192.664779 608.635265 1103.978445 609.821086 
1100.466612 572.406588 1187.568770 568.985657 1189.019084 606.729008 1100.992909 608.721082 
1096.447454 570.642363 1183.764914 567.053974 1184.961044 605.808573 1097.404357 606.287025 
1093.203547 568.420192 1179.296121 566.083650 1180.194791 603.288583 1093.563015 604.726455 
1089.380789 568.291527 1174.934161 564.157646 1176.012564 601.722046 1090.087786 603.431298 
1088.555538 566.723477 1173.194070 563.290492 1175.037240 600.658137 1088.198231 602.763325 
1083.553807 564.569028 1168.077109 560.806004 1169.524426 598.436242 1084.591603 599.034351 
1081.293893 564.958015 1167.034351 560.561069 1167.034351 597.935115 1081.381188 598.592745 
1079.005070 562.750827 1162.451942 559.021358 1164.782861 596.316049 1079.471254 598.180783 
1075.380303 560.905557 1159.440464 558.358279 1160.077283 594.975395 1076.972351 596.885853 
1070.345369 559.271324 1154.026595 556.113542 1155.868635 592.428036 1072.187408 593.743779 
1066.174338 557.481264 1147.871599 553.886585 1149.832333 590.323563 1067.808283 590.323563 
1063.114507 556.593382 1143.972868 552.526541 1145.886675 589.128107 1063.114507 590.563462 
1059.637276 554.476317 1139.538734 550.887929 1141.930993 587.250268 1060.354954 588.924850 
1056.271832 554.276731 1137.847871 550.066355 1138.374168 585.591404 1057.636984 585.936797 
1052.741178 552.324331 1132.990600 549.279637 1134.295469 584.076135 1053.631037 584.091840 
1048.916287 551.560872 1128.808175 548.376775 1129.966029 583.691305 1049.495214 584.270232 
1046.086317 550.640874 1125.593220 547.838868 1125.593220 581.813183 1046.517056 583.343272 
1042.790216 549.189503 1120.638480 546.132534 1121.275300 579.565552 1043.901743 581.476010 
1040.888672 548.638853 1119.767176 545.171756 1119.971621 579.876617 1041.679501 580.469740 
1039.219781 546.531829 1116.059147 543.637196 1117.901186 578.372799 1040.622137 579.248092 
1036.493027 546.794673 1114.497572 543.020260 1115.370229 577.049618 1037.324427 578.148855 
1035.199795 544.930959 1112.891762 542.383682 1114.270992 575.950382 1035.518205 577.727158 
1033.596808 544.798514 1111.152814 540.984284 1112.424224 576.159959 1034.868218 577.007565 
1032.621224 543.476992 1110.776332 540.582359 1112.513112 574.449572 1033.779078 576.186352 
1032.460640 542.909119 1110.535281 540.516860 1111.622672 574.225967 1034.026718 574.851145 
1032.501979 542.877653 1109.874046 539.675573 1111.525477 573.560770 1034.026718 573.751908 
1032.937097 542.393937 1109.967843 538.566322 1110.924747 572.297177 1034.214491 573.945694 
1033.090875 541.502732 1109.877925 537.805588 1111.348476 571.628254 1033.090875 572.281358 
1031.915761 539.633156 1109.004217 537.451407 1111.549591 569.814013 1031.188511 571.268513 
1033.133077 539.450467 1110.418687 536.836155 1111.562448 569.351665 1033.459866 570.822216 
1032.636802 538.861002 1111.106381 534.883180 1111.824058 568.853261 1033.836408 570.288617 
1033.322545 536.799699 1109.874046 535.278626 1112.149961 568.161144 1034.026718 569.354962 
1032.659146 536.974633 1109.013792 534.172628 1111.465547 568.146943 1032.927481 569.354962 
1032.544937 537.178112 1108.774809 534.179389 1110.973282 566.057252 1032.940352 568.613584 
1033.016966 536.176783 1110.656651 533.784524 1111.961519 566.623719 1033.669400 568.146065 
1032.632853 535.366935 1109.603826 532.543439 1111.445237 565.566073 1033.860460 566.179877 
1032.480317 533.724375 1109.181216 530.483492 1109.991437 563.432470 1032.615353 564.107654 
1030.327873 530.941211 1107.430387 527.520281 1108.219833 560.676993 1030.854170 561.992736 
1026.202724 526.536825 1100.362760 524.362044 1101.667628 556.331326 1026.332061 557.150178 
1017.486715 522.993237 1092.246984 519.980000 1093.921565 551.557821 1018.804627 552.036273 
1010.942748 518.152533 1084.417683 515.835893 1084.707147 546.519010 1012.051842 547.387400 
1005.347568 513.991422 1076.266092 511.675715 1077.134482 542.069369 1005.791024 542.452973 
1000.739499 511.640342 1072.315894 508.219411 1073.072940 539.675573 1002.055241 540.323530 
999.883704 509.104222 1070.694577 506.711962 1070.694577 536.854428 999.883704 537.093654 
999.105935 506.652365 1068.866605 504.047194 1070.313922 534.730311 998.237545 535.888164 
998.577333 505.682104 1069.206394 503.366398 1069.785320 534.049514 998.272218 534.816933 
997.780907 504.327118 1066.938945 501.717381 1068.896248 531.511881 997.563428 532.164316 
995.697478 502.368816 1066.484428 498.947886 1068.063319 529.473113 996.750072 529.736262 
994.798399 499.638036 1065.166943 498.045988 1066.122172 527.658090 994.479989 527.976500 
992.061561 498.086181 1062.059066 495.717844 1064.164254 525.979923 993.377304 525.979923 
991.361533 495.714059 1061.411667 494.440420 1061.730076 523.097293 991.998352 524.370932 
990.529821 494.488368 1059.907135 492.691028 1060.408397 522.087786 990.889289 522.526868 
990.390796 493.648671 1060.651449 491.543483 1060.914597 521.542414 991.180241 521.542414 
990.882941 492.794105 1059.621244 491.026896 1061.142586 520.407779 990.719547 520.571173 
990.569825 491.977286 1059.945342 489.824253 1061.141472 518.531363 990.529691 518.693183 
991.002510 490.696337 1059.309160 487.359016 1060.595505 516.576232 991.654945 517.663622 
990.986717 488.283545 1059.605990 486.571435 1060.761818 515.852391 991.412185 516.237666 
990.129712 487.502827 1058.635316 485.328046 1059.309160 513.293893 990.347190 514.470113 
989.193574 485.434113 1057.796391 482.539480 1058.209924 511.095420 990.061964 511.775279 
986.407752 482.790560 1054.601334 480.629972 1054.196223 509.122735 987.858779 508.896947 
983.780990 480.068078 1049.942328 478.907766 1051.410158 506.909227 983.988129 506.388682 
982.020905 477.508344 1047.623806 475.531270 1048.522476 504.288706 982.245360 503.760231 
980.063128 475.834345 1046.393952 473.659564 1046.828908 501.931718 980.933041 501.496762 
980.646474 474.317321 1045.889906 472.577496 1046.759819 500.632172 980.211517 500.632172 
982.635555 473.985176 1047.217557 472.622137 1047.993364 499.311327 982.962344 499.474722 
984.035913 472.831149 1049.393722 471.048664 1050.284964 498.380111 984.481534 498.231571 
984.319837 472.254204 1050.035613 469.850725 1050.896410 497.516461 985.109282 498.042758 
984.753432 470.676061 1051.619469 468.765603 1050.664240 495.512018 986.027071 496.148837 
981.684468 468.652051 1046.927901 467.573647 1047.646837 493.994542 982.003127 493.887934 
980.496985 467.493175 1045.201216 465.516101 1046.118321 492.408397 980.856453 493.374867 
982.505413 467.401893 1046.882854 464.950975 1047.209643 492.728044 982.668807 492.564649 
984.792837 467.207737 1049.416031 464.927481 1049.640855 491.130329 984.595130 491.921159 
985.629799 466.195737 1049.785841 464.455912 1051.308188 491.640676 985.412321 491.205720 
988.177962 466.209248 1052.882193 463.872706 1053.241661 491.192270 987.638760 491.372004 
990.289175 465.531424 1055.483590 463.570690 1055.973773 490.040603 989.798992 490.367392 
991.609307 464.392986 1057.212208 462.595646 1057.571676 489.196274 991.156489 490.209924 
993.275240 463.999962 1057.483477 461.368477 1058.536071 488.209625 993.275240 489.525368 
994.687411 461.959877 1059.210576 461.384506 1060.167480 487.460131 994.380352 488.177809 
996.068525 462.850554 1061.311958 460.675773 1061.905080 487.366268 996.652672 486.912214 
997.074261 461.826796 1062.856896 460.029457 1063.935300 486.630085 997.253995 486.450351 
998.627216 460.987841 1063.494842 459.844079 1064.965393 485.660414 998.300427 486.640781 
999.518440 460.719803 1065.615117 458.621524 1065.615117 485.003204 999.228977 485.903116 
934.651461 442.073966 987.383329 440.291480 987.977491 462.275471 934.057299 462.572551 
901.606656 432.196867 949.451840 431.208330 949.649547 450.781360 901.635898 450.661097 
900.169859 431.375840 948.015043 430.387303 948.212750 449.960333 900.199101 449.840070 
901.606656 431.375840 949.451840 430.387303 949.649547 449.960333 901.635898 449.840070 
902.914774 432.074169 950.281506 430.399587 950.672876 449.667101 902.496919 450.345636 
903.377600 431.492905 951.469249 430.138210 951.695031 449.329713 903.603382 450.458625 
904.269468 432.074169 952.373321 430.806848 953.050668 449.998351 904.733237 450.901480 
906.148812 432.367972 953.546727 431.557752 954.491984 450.597940 906.418885 451.138087 
907.074086 432.830610 955.283050 432.267531 955.417259 451.060577 907.344160 451.600724 
908.083722 434.240338 955.920412 433.222536 956.018687 452.124643 907.945588 452.664790 
909.134364 434.793734 957.487669 434.307318 957.477537 453.023701 909.404437 453.563848 
909.999133 434.476177 958.078737 433.559546 958.239732 453.060670 909.810253 453.452947 
909.999133 434.476177 958.042025 433.289933 958.239732 453.060670 910.394548 453.456085 
909.999133 434.849371 958.042025 433.663127 958.239732 453.433864 910.394548 453.829279 
910.582063 435.479883 958.624954 434.293638 958.822661 454.064376 910.977477 454.459790 
911.305313 435.782356 960.414816 434.929898 960.414816 454.335988 911.700727 454.762264 
912.238298 436.715341 960.717975 436.042631 961.277766 454.329139 912.575945 455.448721 
913.140506 437.312990 962.145027 435.740471 962.308422 455.511209 913.780248 456.001392 
913.140506 437.312990 962.145027 435.740471 962.308422 455.511209 913.780248 456.001392 
914.158308 437.821891 962.805692 436.567977 963.326224 456.020110 914.798050 456.510293 
914.924782 438.205128 964.163185 436.953976 964.092697 456.403346 914.840704 456.963355 
915.515378 438.330792 964.472328 437.805539 964.811595 457.313409 915.617836 457.652676 
916.785527 439.135500 965.808084 437.996433 965.948277 457.062694 917.161079 458.044046 
0.000000 0.000000 0.000000 0.000000 0.000000 0.000000 0.000000 0.000000 
0.000000 0.000000 0.000000 0.000000 0.000000 0.000000 0.000000 0.000000 
0.000000 0.000000 0.000000 0.000000 0.000000 0.000000 0.000000 0.000000 
0.000000 0.000000 0.000000 0.000000 0.000000 0.000000 0.000000 0.000000 
0.000000 0.000000 0.000000 0.000000 0.000000 0.000000 0.000000 0.000000 
0.000000 0.000000 0.000000 0.000000 0.000000 0.000000 0.000000 0.000000 
0.000000 0.000000 0.000000 0.000000 0.000000 0.000000 0.000000 0.000000 
0.000000 0.000000 0.000000 0.000000 0.000000 0.000000 0.000000 0.000000 
0.000000 0.000000 0.000000 0.000000 0.000000 0.000000 0.000000 0.000000 
0.000000 0.000000 0.000000 0.000000 0.000000 0.000000 0.000000 0.000000 
0.000000 0.000000 0.000000 0.000000 0.000000 0.000000 0.000000 0.000000 
0.000000 0.000000 0.000000 0.000000 0.000000 0.000000 0.000000 0.000000 
0.000000 0.000000 0.000000 0.000000 0.000000 0.000000 0.000000 0.000000 
0.000000 0.000000 0.000000 0.000000 0.000000 0.000000 0.000000 0.000000 
0.000000 0.000000 0.000000 0.000000 0.000000 0.000000 0.000000 0.000000 
0.000000 0.000000 0.000000 0.000000 0.000000 0.000000 0.000000 0.000000 
0.000000 0.000000 0.000000 0.000000 0.000000 0.000000 0.000000 0.000000 
0.000000 0.000000 0.000000 0.000000 0.000000 0.000000 0.000000 0.000000 
0.000000 0.000000 0.000000 0.000000 0.000000 0.000000 0.000000 0.000000 
0.000000 0.000000 0.000000 0.000000 0.000000 0.000000 0.000000 0.000000 
0.000000 0.000000 0.000000 0.000000 0.000000 0.000000 0.000000 0.000000 
0.000000 0.000000 0.000000 0.000000 0.000000 0.000000 0.000000 0.000000 
0.000000 0.000000 0.000000 0.000000 0.000000 0.000000 0.000000 0.000000 
0.000000 0.000000 0.000000 0.000000 0.000000 0.000000 0.000000 0.000000 
920.301021 458.242771 970.186913 457.112805 970.186913 475.947434 920.301021 477.344148 
920.514726 458.921681 970.591888 457.184901 971.470667 477.328669 920.225262 478.026263 
920.228912 459.130405 970.391031 457.169671 971.371398 477.267197 920.882490 478.084170 
920.774963 458.824817 971.370229 457.232824 971.575805 477.540917 921.072044 478.283619 
920.655021 458.727476 971.208488 457.533260 972.394732 477.303998 921.386230 477.303998 
938.794263 464.568013 992.567855 462.793254 993.286791 484.181597 939.007131 485.080267 
949.203556 468.019559 1005.620326 465.928619 1006.055282 489.198777 949.728452 489.198777 
958.550489 469.818221 1015.964710 468.382866 1016.921614 491.827006 958.550489 491.827006 
965.775526 471.850263 1024.430782 470.256086 1024.146650 493.859047 965.775526 493.859047 
973.095481 474.446173 1032.610654 472.479581 1033.271790 495.619340 973.095481 496.454958 
982.565525 476.591693 1044.429887 474.582383 1045.108422 498.839995 982.852872 499.857797 
987.262658 477.972742 1049.630348 475.456466 1050.708751 500.080021 987.801860 501.338158 
994.510642 479.360653 1057.688258 477.321117 1058.613533 502.149315 994.923808 503.537226 
1005.583093 482.552850 1070.992115 480.470017 1072.009917 505.915064 1006.361695 507.441767 
1020.680488 486.963325 1088.178276 484.597219 1089.535345 511.399336 1020.833717 512.077871 
1032.419136 489.713426 1101.723147 488.151935 1102.400494 515.020039 1032.407954 516.600516 
1040.424148 492.340712 1111.084997 490.209662 1111.906024 516.893035 1041.092456 518.329832 
1046.328814 493.719297 1118.583978 491.626062 1119.199748 519.130462 1047.379566 520.688599 
1051.738108 493.719297 1125.302030 491.839057 1125.991250 520.688599 1052.577071 521.890693 
1057.823190 495.361351 1131.514714 492.941036 1132.076332 522.330653 1058.032809 523.729544 
1062.256181 495.221879 1136.285538 493.448757 1137.788120 522.598844 1062.659030 523.199877 
1067.600874 496.518252 1143.428677 493.839700 1144.175065 523.695223 1068.230080 524.814805 
1077.808537 498.689780 1155.362804 496.327430 1156.509838 526.532670 1078.638944 527.679705 
1093.268972 502.163559 1173.289020 499.789538 1175.275905 531.082977 1093.813619 531.579699 
1109.773665 505.911546 1193.026929 503.804708 1194.155841 535.865808 1110.842140 536.994719 
1124.306373 508.359579 1209.944308 505.795569 1212.103053 539.675573 1124.261848 540.521276 
1138.124115 510.904952 1225.269434 508.433715 1225.920796 542.220946 1138.726733 544.068945 
1149.237697 513.141379 1239.550652 510.657773 1240.905347 544.750913 1149.463479 546.331390 
1159.059670 513.528246 1250.785610 511.101331 1252.438450 546.141539 1159.879411 547.794379 
1164.679326 513.858814 1257.066402 511.653916 1258.719242 547.024692 1165.499067 548.016396 
1168.465832 513.558298 1260.098278 509.854091 1261.901376 544.713988 1168.140272 547.418636 
1170.881367 512.856068 1263.865357 508.890281 1264.684947 544.952244 1171.431298 547.370229 
1173.816538 511.501373 1268.332838 508.357976 1270.139097 544.934723 1174.366469 546.015535 
1182.880985 512.856068 1277.267780 508.402495 1279.449528 545.855849 1183.430916 547.370229 
0.000000 0.000000 0.000000 0.000000 0.000000 0.000000 0.000000 0.000000 
0.000000 0.000000 0.000000 0.000000 0.000000 0.000000 0.000000 0.000000 
0.000000 0.000000 0.000000 0.000000 0.000000 0.000000 0.000000 0.000000 
0.000000 0.000000 0.000000 0.000000 0.000000 0.000000 0.000000 0.000000 
0.000000 0.000000 0.000000 0.000000 0.000000 0.000000 0.000000 0.000000 
0.000000 0.000000 0.000000 0.000000 0.000000 0.000000 0.000000 0.000000 
0.000000 0.000000 0.000000 0.000000 0.000000 0.000000 0.000000 0.000000 
0.000000 0.000000 0.000000 0.000000 0.000000 0.000000 0.000000 0.000000 
0.000000 0.000000 0.000000 0.000000 0.000000 0.000000 0.000000 0.000000 
0.000000 0.000000 0.000000 0.000000 0.000000 0.000000 0.000000 0.000000 
0.000000 0.000000 0.000000 0.000000 0.000000 0.000000 0.000000 0.000000 
0.000000 0.000000 0.000000 0.000000 0.000000 0.000000 0.000000 0.000000 
0.000000 0.000000 0.000000 0.000000 0.000000 0.000000 0.000000 0.000000 
0.000000 0.000000 0.000000 0.000000 0.000000 0.000000 0.000000 0.000000 
0.000000 0.000000 0.000000 0.000000 0.000000 0.000000 0.000000 0.000000 
0.000000 0.000000 0.000000 0.000000 0.000000 0.000000 0.000000 0.000000 
0.000000 0.000000 0.000000 0.000000 0.000000 0.000000 0.000000 0.000000 
0.000000 0.000000 0.000000 0.000000 0.000000 0.000000 0.000000 0.000000 
0.000000 0.000000 0.000000 0.000000 0.000000 0.000000 0.000000 0.000000 
0.000000 0.000000 0.000000 0.000000 0.000000 0.000000 0.000000 0.000000 
0.000000 0.000000 0.000000 0.000000 0.000000 0.000000 0.000000 0.000000 
0.000000 0.000000 0.000000 0.000000 0.000000 0.000000 0.000000 0.000000 
0.000000 0.000000 0.000000 0.000000 0.000000 0.000000 0.000000 0.000000 
0.000000 0.000000 0.000000 0.000000 0.000000 0.000000 0.000000 0.000000 
0.000000 0.000000 0.000000 0.000000 0.000000 0.000000 0.000000 0.000000 
0.000000 0.000000 0.000000 0.000000 0.000000 0.000000 0.000000 0.000000 
0.000000 0.000000 0.000000 0.000000 0.000000 0.000000 0.000000 0.000000 
0.000000 0.000000 0.000000 0.000000 0.000000 0.000000 0.000000 0.000000 
0.000000 0.000000 0.000000 0.000000 0.000000 0.000000 0.000000 0.000000 
0.000000 0.000000 0.000000 0.000000 0.000000 0.000000 0.000000 0.000000 
0.000000 0.000000 0.000000 0.000000 0.000000 0.000000 0.000000 0.000000 
0.000000 0.000000 0.000000 0.000000 0.000000 0.000000 0.000000 0.000000 
0.000000 0.000000 0.000000 0.000000 0.000000 0.000000 0.000000 0.000000 
0.000000 0.000000 0.000000 0.000000 0.000000 0.000000 0.000000 0.000000 
0.000000 0.000000 0.000000 0.000000 0.000000 0.000000 0.000000 0.000000 
0.000000 0.000000 0.000000 0.000000 0.000000 0.000000 0.000000 0.000000 
0.000000 0.000000 0.000000 0.000000 0.000000 0.000000 0.000000 0.000000 
0.000000 0.000000 0.000000 0.000000 0.000000 0.000000 0.000000 0.000000 
0.000000 0.000000 0.000000 0.000000 0.000000 0.000000 0.000000 0.000000 
0.000000 0.000000 0.000000 0.000000 0.000000 0.000000 0.000000 0.000000 
0.000000 0.000000 0.000000 0.000000 0.000000 0.000000 0.000000 0.000000 
0.000000 0.000000 0.000000 0.000000 0.000000 0.000000 0.000000 0.000000 
0.000000 0.000000 0.000000 0.000000 0.000000 0.000000 0.000000 0.000000 
0.000000 0.000000 0.000000 0.000000 0.000000 0.000000 0.000000 0.000000 
0.000000 0.000000 0.000000 0.000000 0.000000 0.000000 0.000000 0.000000 
0.000000 0.000000 0.000000 0.000000 0.000000 0.000000 0.000000 0.000000 
0.000000 0.000000 0.000000 0.000000 0.000000 0.000000 0.000000 0.000000 
0.000000 0.000000 0.000000 0.000000 0.000000 0.000000 0.000000 0.000000 
0.000000 0.000000 0.000000 0.000000 0.000000 0.000000 0.000000 0.000000 
0.000000 0.000000 0.000000 0.000000 0.000000 0.000000 0.000000 0.000000 
0.000000 0.000000 0.000000 0.000000 0.000000 0.000000 0.000000 0.000000 
0.000000 0.000000 0.000000 0.000000 0.000000 0.000000 0.000000 0.000000 
0.000000 0.000000 0.000000 0.000000 0.000000 0.000000 0.000000 0.000000 
0.000000 0.000000 0.000000 0.000000 0.000000 0.000000 0.000000 0.000000 
0.000000 0.000000 0.000000 0.000000 0.000000 0.000000 0.000000 0.000000 
0.000000 0.000000 0.000000 0.000000 0.000000 0.000000 0.000000 0.000000 
0.000000 0.000000 0.000000 0.000000 0.000000 0.000000 0.000000 0.000000 
0.000000 0.000000 0.000000 0.000000 0.000000 0.000000 0.000000 0.000000 
0.000000 0.000000 0.000000 0.000000 0.000000 0.000000 0.000000 0.000000 
0.000000 0.000000 0.000000 0.000000 0.000000 0.000000 0.000000 0.000000 
0.000000 0.000000 0.000000 0.000000 0.000000 0.000000 0.000000 0.000000 
0.000000 0.000000 0.000000 0.000000 0.000000 0.000000 0.000000 0.000000 
0.000000 0.000000 0.000000 0.000000 0.000000 0.000000 0.000000 0.000000 
0.000000 0.000000 0.000000 0.000000 0.000000 0.000000 0.000000 0.000000 
0.000000 0.000000 0.000000 0.000000 0.000000 0.000000 0.000000 0.000000 
0.000000 0.000000 0.000000 0.000000 0.000000 0.000000 0.000000 0.000000 
0.000000 0.000000 0.000000 0.000000 0.000000 0.000000 0.000000 0.000000 
0.000000 0.000000 0.000000 0.000000 0.000000 0.000000 0.000000 0.000000 
0.000000 0.000000 0.000000 0.000000 0.000000 0.000000 0.000000 0.000000 
0.000000 0.000000 0.000000 0.000000 0.000000 0.000000 0.000000 0.000000 
0.000000 0.000000 0.000000 0.000000 0.000000 0.000000 0.000000 0.000000 
0.000000 0.000000 0.000000 0.000000 0.000000 0.000000 0.000000 0.000000 
0.000000 0.000000 0.000000 0.000000 0.000000 0.000000 0.000000 0.000000 
0.000000 0.000000 0.000000 0.000000 0.000000 0.000000 0.000000 0.000000 
0.000000 0.000000 0.000000 0.000000 0.000000 0.000000 0.000000 0.000000 
0.000000 0.000000 0.000000 0.000000 0.000000 0.000000 0.000000 0.000000 
0.000000 0.000000 0.000000 0.000000 0.000000 0.000000 0.000000 0.000000 
0.000000 0.000000 0.000000 0.000000 0.000000 0.000000 0.000000 0.000000 
0.000000 0.000000 0.000000 0.000000 0.000000 0.000000 0.000000 0.000000 
0.000000 0.000000 0.000000 0.000000 0.000000 0.000000 0.000000 0.000000 
0.000000 0.000000 0.000000 0.000000 0.000000 0.000000 0.000000 0.000000 
0.000000 0.000000 0.000000 0.000000 0.000000 0.000000 0.000000 0.000000 
0.000000 0.000000 0.000000 0.000000 0.000000 0.000000 0.000000 0.000000 
0.000000 0.000000 0.000000 0.000000 0.000000 0.000000 0.000000 0.000000 
0.000000 0.000000 0.000000 0.000000 0.000000 0.000000 0.000000 0.000000 
0.000000 0.000000 0.000000 0.000000 0.000000 0.000000 0.000000 0.000000 
0.000000 0.000000 0.000000 0.000000 0.000000 0.000000 0.000000 0.000000 
0.000000 0.000000 0.000000 0.000000 0.000000 0.000000 0.000000 0.000000 
1101.678445 424.191660 1182.068287 421.529745 1183.133053 449.746047 1102.210828 451.875579 
1028.245046 413.061908 1096.055331 410.632910 1097.655281 435.432121 1028.457482 436.632083 
998.977674 409.059862 1062.059520 406.632552 1063.150395 429.540914 999.879680 430.268164 
985.564839 406.546820 1046.343059 404.614606 1047.070309 426.068469 985.254093 426.795719 
978.468431 405.200763 1037.741762 402.558857 1038.541736 424.158170 978.543645 424.958145 
972.227150 403.905149 1030.707191 402.073801 1031.434441 422.436789 972.527224 423.527664 
972.449884 403.491539 1031.132002 401.123202 1031.395151 422.701380 971.660439 424.543420 
970.561819 403.016452 1030.086267 400.758628 1030.291523 422.515840 970.972332 424.363151 
970.646786 403.491539 1029.328904 401.123202 1029.592053 422.701380 971.173356 423.825757 
971.054327 403.017436 1029.929937 401.123202 1030.193085 422.701380 971.655360 423.753065 
971.817130 403.091845 1030.936239 401.012279 1031.678942 422.996269 971.281142 423.958644 
971.817130 403.091845 1030.936239 401.012279 1031.678942 422.996269 971.281142 423.958644 
971.817130 403.091845 1030.936239 401.012279 1031.678942 422.996269 971.281142 423.958644 
971.817130 403.091845 1030.936239 401.012279 1031.678942 422.996269 971.281142 423.958644 
970.914001 402.640281 1030.033110 400.560714 1030.775812 422.544704 971.216945 422.725741 
970.633774 402.262980 1030.368486 399.631495 1031.157931 421.999118 970.364278 422.846697 
970.633774 402.262980 1030.368486 399.631495 1031.157931 421.999118 970.364278 422.846697 
969.431708 401.060914 1028.974236 399.070357 1029.955866 420.797053 969.772513 421.909601 
968.812234 400.921866 1028.418785 399.431703 1029.163867 420.542356 968.874114 421.853255 
968.448200 400.350603 1028.182912 397.719118 1028.972358 420.086741 968.865239 421.738569 
967.704506 400.093112 1027.538921 398.705200 1028.536320 420.302782 967.742667 421.150361 
967.652943 400.722882 1027.561755 397.857734 1028.530534 419.858779 968.447820 420.641229 
967.652943 400.722882 1028.403026 397.667405 1028.530534 419.858779 968.551612 421.572023 
967.652943 400.722882 1028.403026 397.667405 1028.530534 419.858779 968.551612 421.572023 
967.652943 400.722882 1028.403026 397.667405 1028.530534 419.858779 968.551612 421.572023 
967.652943 400.722882 1028.403026 397.667405 1028.530534 419.858779 968.551612 421.572023 
967.652943 400.722882 1028.403026 397.667405 1028.530534 419.858779 968.551612 421.572023 
967.652943 400.722882 1028.403026 397.667405 1028.530534 419.858779 968.551612 421.572023 
967.652943 400.722882 1028.403026 397.667405 1028.530534 419.858779 968.551612 421.572023 
967.652943 400.722882 1028.403026 397.667405 1028.530534 419.858779 968.551612 421.572023 
968.913100 402.077620 1029.700406 399.472450 1030.858260 421.182202 969.492027 423.787372 
968.913100 402.077620 1029.700406 399.472450 1030.858260 421.182202 969.492027 423.787372 
968.913100 402.077620 1029.700406 399.472450 1030.858260 421.182202 969.492027 423.787372 
968.913100 402.077620 1029.700406 399.472450 1030.858260 421.182202 969.492027 423.787372 
968.913100 402.077620 1029.700406 399.472450 1030.858260 421.182202 969.492027 423.787372 
968.913100 402.077620 1029.700406 399.472450 1030.858260 421.182202 969.492027 423.787372 
968.913100 402.077620 1029.700406 399.472450 1030.858260 421.182202 969.492027 423.787372 
969.734127 402.898647 1030.521433 400.293477 1031.679287 422.003229 970.313054 424.608399 
969.846085 403.383799 1031.086924 400.535284 1031.791245 422.488381 970.629491 424.046508 
970.552799 403.308398 1031.843832 400.759432 1032.695971 423.179914 970.668661 425.090466 
970.507201 403.426713 1032.253849 401.221475 1032.695971 423.179914 971.367144 424.919739 
971.393142 404.126096 1032.764901 401.047245 1033.175414 422.804457 971.367144 424.919739 
972.020889 404.259319 1033.462460 401.728781 1034.002150 423.179914 972.673323 424.919739 
972.786887 404.588022 1034.569159 402.124941 1034.953794 423.590428 973.624968 425.330253 
973.198316 405.162448 1035.047860 402.088178 1035.179577 424.083044 973.850750 425.822869 
973.173480 405.078909 1034.679305 402.714805 1035.154741 423.999504 973.825914 425.739329 
972.818324 405.461384 1033.923045 402.801790 1034.799585 424.381980 973.470758 426.121805 
973.754027 405.724036 1035.099102 402.992069 1035.844184 424.599443 973.681120 426.903147 
974.460742 406.018415 1036.082706 403.271580 1036.082706 425.889303 974.753880 427.629128 
975.230357 406.927656 1036.861656 404.473959 1037.211618 425.848252 975.882791 427.588077 
976.525722 406.973407 1038.102737 404.768170 1039.120539 426.650911 976.795421 428.312412 
977.245605 407.804662 1039.782037 406.007793 1040.528425 426.533464 977.645231 428.586032 
978.391311 408.549184 1040.071489 405.766079 1041.426184 426.989624 979.043745 429.209605 
978.391311 409.000749 1040.608563 405.656769 1041.511693 427.331878 979.043745 429.661169 
977.693438 408.569710 1040.156117 406.094155 1040.977144 427.646110 978.345872 429.230130 
977.898694 409.390737 1039.879956 405.693609 1041.180660 428.339596 978.551129 430.051157 
977.991993 408.737647 1040.183808 406.089798 1040.930196 428.108246 978.644427 429.398068 
977.668807 408.481450 1040.131114 406.049449 1040.876196 428.153545 979.282760 429.892069 
979.139371 408.745296 1041.338110 406.570515 1041.338110 428.970761 979.574327 430.710585 
979.139371 408.745296 1041.338110 406.570515 1041.338110 428.970761 979.574327 430.710585 
979.139371 408.745296 1041.338110 406.570515 1041.338110 428.970761 979.574327 430.710585 
979.562923 409.999568 1041.543367 406.981029 1042.576735 429.088443 979.779584 431.121099 
981.374617 411.228903 1044.090706 408.646516 1044.835788 430.005530 981.752188 432.240776 
982.616420 411.725624 1045.451511 408.464337 1046.196593 430.071711 983.112993 432.803678 
984.783931 413.035162 1047.303093 410.021421 1048.432005 431.470748 984.761371 433.051224 
986.772885 413.664672 1049.580610 410.935369 1050.598412 432.309209 987.155427 434.175179 
988.700541 413.988518 1051.682803 411.625447 1052.299653 432.752547 989.072565 434.140527 
990.633747 414.287228 1054.584472 411.705032 1055.200242 433.462244 990.954890 435.720068 
993.302085 414.287228 1057.774929 411.931721 1057.774929 433.688933 993.737041 436.252517 
995.666807 414.401189 1059.743849 412.165943 1060.488930 434.518400 996.214489 435.677798 
998.014779 414.705951 1062.198875 412.534745 1063.440678 434.142119 998.449735 436.671241 
1000.280813 414.287228 1064.077728 411.717512 1064.898755 433.885237 1000.715769 436.252517 
1002.650595 414.716401 1066.896623 411.547977 1067.829608 434.312813 1003.080444 435.992186 
1005.962319 413.712509 1070.226538 411.298716 1071.468341 433.651173 1006.397275 435.677798 
1008.694286 413.215788 1074.153793 410.597214 1074.153793 433.446392 1009.129242 435.181077 
1011.159419 413.055687 1076.487558 410.403726 1077.308585 432.571451 1011.594375 435.020977 
1014.903302 412.719066 1080.275994 410.134452 1080.275994 432.735269 1015.338258 434.684356 
1017.319975 412.017920 1082.325432 409.824594 1083.146459 432.197576 1017.754931 433.983209 
1019.780201 411.454685 1085.161601 408.535868 1086.064731 430.888325 1021.039403 432.920366 
1022.395952 410.611267 1088.208656 407.863496 1088.717557 430.764039 1023.069334 431.781841 
1024.837727 410.235460 1090.362084 408.218616 1091.603887 430.074351 1025.272683 432.200749 
1028.502763 409.593465 1094.599168 407.426067 1095.277703 429.817709 1029.120579 431.005144 
1031.759730 409.305087 1098.101359 406.467539 1099.034344 429.418972 1032.194686 431.270377 
1034.907621 408.293732 1101.038419 406.402026 1101.489984 428.980265 1035.342577 430.259021 
1037.842792 408.334783 1104.362243 405.955129 1104.978013 428.738625 1038.277748 430.300072 
1041.441185 407.974234 1108.237147 405.609554 1109.470846 428.741415 1041.876141 429.939523 
1044.706577 407.652510 1112.274180 405.747911 1113.366967 427.876843 1045.141533 429.617799 
1048.897661 407.428540 1117.050333 405.230067 1117.323997 429.373441 1048.665619 429.912643 
1051.155485 407.018027 1119.308157 404.819554 1119.766748 427.078525 1051.826775 428.310065 
1053.823823 405.991743 1121.976494 403.793270 1122.481129 426.677486 1054.130643 428.114283 
1056.032735 405.794326 1124.997873 402.994821 1125.076989 426.656619 1056.613159 427.677397 
1059.057869 405.396499 1127.210541 403.198026 1127.850080 425.549518 1059.663799 426.678430 
1061.973003 404.308673 1130.710168 402.498100 1130.818569 425.071621 1062.246200 426.437605 
1064.928211 404.267587 1133.080883 402.069114 1133.615512 424.235836 1066.106577 425.816313 
1066.960253 403.364457 1136.163922 401.096649 1136.615487 423.900670 1067.751858 425.481147 
1069.759954 402.461328 1139.093742 400.450588 1139.093742 422.803044 1070.546209 424.044848 
1072.337937 402.019246 1141.704708 400.772475 1141.704708 422.710169 1072.886462 423.912234 
1075.720609 400.971164 1145.165072 399.699791 1145.413432 422.300608 1075.488567 423.455267 
1078.700937 401.332416 1147.714051 399.113149 1148.391398 421.917171 1079.076205 422.820300 
1080.896643 400.519669 1151.116982 398.698654 1151.116982 421.243391 1080.664601 423.003772 
1083.320444 400.871820 1153.001722 398.034485 1153.274919 421.256204 1083.088402 423.355922 
1085.861174 399.915631 1155.819102 398.094432 1156.420134 421.835225 1085.629131 422.399734 
1088.635362 399.977722 1158.683748 398.620207 1159.180470 421.469385 1088.403319 422.461824 
1091.871501 399.825477 1162.193387 398.273266 1163.185091 422.074162 1091.639458 422.309579 
1093.355720 400.209151 1165.057277 398.269461 1166.112033 421.363840 1093.606896 422.452667 
1096.087687 400.209151 1167.789244 398.269461 1168.844000 421.363840 1096.338863 422.452667 
1097.645585 400.434933 1169.347143 398.495243 1170.401898 421.589622 1097.896761 422.678449 
1100.628216 400.209151 1172.329773 398.269461 1173.384529 421.363840 1100.879392 422.452667 
1103.603328 399.548015 1175.304885 397.608325 1176.359641 420.702704 1103.854504 421.791531 
1105.917304 399.548015 1177.618861 397.608325 1178.060651 420.469629 1106.168480 421.791531 
1106.902663 399.080239 1179.397659 397.568774 1179.658976 420.234928 1107.153839 421.323755 
1109.884119 399.007086 1182.865574 396.207393 1182.640432 420.161774 1110.135296 421.250601 
1109.884119 399.007086 1182.865574 396.207393 1182.640432 420.161774 1110.135296 421.250601 
1113.450352 397.951327 1185.151910 396.011637 1186.206665 419.106016 1113.701528 420.194843 
1115.933959 397.596793 1188.525874 396.302196 1188.690272 418.751482 1116.185135 419.840308 
1115.933959 397.596793 1188.525874 396.302196 1188.690272 418.751482 1116.185135 419.840308 
1119.185225 396.483742 1192.103891 394.810833 1191.941538 417.638430 1119.436401 418.727257 
1121.303741 396.903471 1194.656796 395.030520 1194.060054 418.058160 1121.554917 419.146987 
1124.008388 396.602955 1196.991465 395.084710 1196.764701 417.757643 1124.259564 418.846470 
1125.581024 396.514530 1199.487605 395.090731 1198.337337 417.669219 1125.832200 418.758046 
1128.593553 397.643351 1202.971066 395.686048 1202.427402 420.076257 1128.158597 420.261074 
1128.593553 397.643351 1202.971066 395.686048 1202.427402 420.076257 1128.158597 420.261074 
1131.828775 397.643351 1206.206288 395.686048 1206.569135 420.315207 1132.084541 420.623632 
1133.560765 397.643351 1208.256823 396.638665 1208.482606 420.120033 1134.200200 420.571598 
1135.547650 398.140072 1209.925164 396.182769 1210.277056 419.859103 1135.112694 420.757795 
1136.292732 397.643351 1210.670246 395.686048 1211.503170 420.137956 1136.994982 420.883038 
1136.721719 397.643351 1212.344959 395.591995 1212.570742 419.976493 1137.610988 420.653840 

