1.0000 0.0000 0.0000 -0.0000 1.0000 0.0000 -0.0000 -0.0000 1.0000
0.9625 -0.0257 16.0249 0.0122 0.9319 10.5143 0.0000 -0.0001 1.0000
0.9704 -0.0264 15.1396 0.0172 0.9317 6.2658 0.0000 -0.0001 1.0000
0.9715 -0.0148 13.1010 -0.0043 0.9615 10.7580 -0.0000 -0.0000 1.0000
0.9596 -0.0274 20.4348 0.0249 0.9224 9.4208 0.0000 -0.0001 1.0000
0.9689 -0.0264 15.3024 0.0080 0.9309 11.2479 0.0000 -0.0001 1.0000
0.9707 -0.0232 13.5241 0.0014 0.9427 8.0401 0.0000 -0.0001 1.0000
1.0032 -0.0308 14.2790 0.0562 0.9309 -1.3998 0.0001 -0.0001 1.0000
0.9726 -0.0164 12.9806 0.0030 0.9557 5.0568 -0.0000 -0.0000 1.0000
0.9488 -0.0250 18.8405 0.0137 0.9191 8.8775 0.0000 -0.0001 1.0000
0.9578 -0.0297 20.4875 0.0222 0.9057 10.9086 0.0000 -0.0001 1.0000
1.0026 -0.0229 16.1669 0.0404 0.9384 2.7737 0.0001 -0.0001 1.0000
0.9735 -0.0108 18.2529 0.0300 0.9402 2.9036 0.0000 -0.0001 1.0000
0.9418 -0.0322 35.3038 0.0112 0.8888 19.3490 0.0000 -0.0001 1.0000
0.9614 -0.0091 32.0188 -0.0033 0.9463 5.5268 -0.0000 -0.0000 1.0000
0.9614 -0.0091 32.0188 -0.0033 0.9463 5.5268 -0.0000 -0.0000 1.0000
0.9656 -0.0146 44.2358 0.0038 0.9573 2.3899 -0.0000 -0.0000 1.0000
0.9897 -0.0080 40.0118 0.0224 0.9746 -3.5383 0.0000 -0.0000 1.0000
0.9776 -0.0167 44.8432 0.0156 0.9557 2.7829 0.0000 -0.0001 1.0000
0.9627 -0.0318 50.9241 0.0142 0.9205 11.5364 0.0000 -0.0001 1.0000
0.9812 -0.0380 52.5675 0.0356 0.9144 16.7128 0.0000 -0.0001 1.0000
0.9890 -0.0237 46.9761 0.0277 0.9550 8.6796 0.0000 -0.0001 1.0000
0.9528 -0.0326 53.8466 0.0410 0.8918 27.3998 0.0000 -0.0001 1.0000
0.9565 -0.0390 57.3389 0.0251 0.9024 36.6042 0.0000 -0.0001 1.0000
0.9666 -0.0228 44.8852 0.0202 0.9177 40.9965 -0.0000 -0.0001 1.0000
0.9733 -0.0315 47.9502 0.0317 0.9063 45.8865 0.0000 -0.0001 1.0000
0.9471 -0.0525 60.4791 0.0293 0.8689 56.4885 0.0000 -0.0001 1.0000
0.9266 -0.0515 63.9885 0.0196 0.8467 67.6971 0.0000 -0.0001 1.0000
0.9523 -0.0551 63.7572 0.0402 0.8496 64.9793 0.0000 -0.0001 1.0000
0.9528 -0.0506 69.1551 0.0387 0.8925 54.2782 0.0000 -0.0001 1.0000
0.9693 -0.0537 73.3283 0.0759 0.8743 56.1268 0.0001 -0.0001 1.0000
0.9595 -0.0406 74.4131 0.0171 0.9318 58.3696 -0.0000 -0.0001 1.0000
0.9759 -0.0455 75.2003 0.0359 0.9199 58.7937 -0.0000 -0.0001 1.0000
0.9088 -0.0863 105.5638 0.0533 0.7957 87.9482 0.0000 -0.0002 1.0000
0.9472 -0.0510 88.2977 0.0312 0.8927 70.0896 -0.0000 -0.0001 1.0000
0.9253 -0.0757 106.5625 0.0522 0.8383 82.3124 -0.0000 -0.0001 1.0000
0.9149 -0.0712 108.5328 0.0237 0.8766 75.9658 -0.0001 -0.0001 1.0000
0.9240 -0.0802 116.0820 0.0478 0.8581 77.3683 -0.0000 -0.0001 1.0000
0.8901 -0.0787 120.9433 0.0270 0.8448 82.2105 -0.0001 -0.0001 1.0000
0.9132 -0.1006 131.0370 0.0663 0.8243 80.8669 -0.0000 -0.0001 1.0000
0.9327 -0.0841 123.7538 0.0619 0.8581 69.8295 -0.0000 -0.0001 1.0000
0.8895 -0.0917 132.9891 0.0302 0.8247 83.0901 -0.0001 -0.0001 1.0000
0.9011 -0.0765 129.3756 0.0185 0.8529 77.4722 -0.0001 -0.0001 1.0000
0.9128 -0.0933 142.0765 0.0627 0.8394 68.6548 -0.0000 -0.0001 1.0000
0.8829 -0.1116 156.0833 0.0743 0.7961 67.9893 -0.0000 -0.0001 1.0000
0.9009 -0.0978 153.3523 0.0711 0.8412 55.6004 -0.0001 -0.0001 1.0000
0.9161 -0.0860 152.5823 0.0533 0.8762 55.3967 -0.0001 -0.0000 1.0000
0.8877 -0.1020 164.2366 0.0749 0.8304 52.3797 -0.0001 -0.0001 1.0000
0.8937 -0.1249 172.8302 0.0878 0.7725 63.0241 -0.0000 -0.0001 1.0000
0.8633 -0.1081 172.1751 0.0584 0.7989 58.7260 -0.0001 -0.0001 1.0000
0.9002 -0.1068 174.1791 0.0761 0.8317 52.8855 -0.0001 -0.0001 1.0000
0.8823 -0.1107 172.7977 0.0590 0.7922 63.3662 -0.0001 -0.0001 1.0000
0.8794 -0.0993 171.3343 0.0637 0.8110 54.9734 -0.0001 -0.0001 1.0000
0.8691 -0.1048 174.4774 0.0751 0.7864 57.9436 -0.0001 -0.0001 1.0000
0.8658 -0.1198 179.1263 0.0748 0.7468 71.9983 -0.0000 -0.0001 1.0000
0.8921 -0.0813 163.0509 0.0712 0.8256 58.8878 -0.0001 -0.0000 1.0000
0.9067 -0.0799 161.6423 0.0844 0.8219 61.2321 -0.0000 -0.0001 1.0000
0.8850 -0.0877 164.0875 0.0678 0.7841 78.3354 -0.0001 -0.0001 1.0000
0.8199 -0.0851 170.8402 0.0420 0.7472 91.0580 -0.0001 -0.0001 1.0000
0.7864 -0.0868 175.3154 0.0080 0.7101 112.0016 -0.0001 -0.0001 1.0000
0.8195 -0.0813 173.0072 0.0476 0.7167 100.3979 -0.0001 -0.0001 1.0000
0.8117 -0.0769 174.5127 0.0364 0.7235 97.0166 -0.0001 -0.0001 1.0000
0.8197 -0.0536 166.8405 0.0159 0.7459 94.4996 -0.0001 -0.0001 1.0000
0.8263 -0.0630 170.9249 0.0433 0.7162 89.5986 -0.0001 -0.0001 1.0000
0.8343 -0.0534 170.8876 0.0461 0.7294 74.8662 -0.0000 -0.0001 1.0000
0.8458 -0.0674 177.3874 0.0819 0.6932 68.5996 -0.0000 -0.0001 1.0000
0.7612 -0.0842 192.3395 0.0389 0.6358 84.1058 -0.0001 -0.0001 1.0000
0.7329 -0.0577 186.8724 0.0063 0.6568 75.2888 -0.0002 -0.0001 1.0000
0.7328 -0.0558 190.3135 0.0283 0.6674 57.9679 -0.0001 -0.0001 1.0000
0.8091 -0.0688 189.6538 0.0740 0.6590 55.0598 -0.0000 -0.0001 1.0000
0.7731 -0.0547 181.9811 0.0698 0.6446 52.0710 -0.0001 -0.0001 1.0000
0.7424 -0.0434 179.7938 0.0368 0.6366 59.4744 -0.0001 -0.0001 1.0000
0.7533 -0.0419 183.4215 0.0488 0.6435 61.5066 -0.0001 -0.0001 1.0000
0.7269 -0.0482 188.3180 0.0401 0.6103 72.4519 -0.0001 -0.0001 1.0000
0.7608 -0.0559 181.8611 0.0669 0.5831 80.7872 -0.0000 -0.0001 1.0000
0.7007 -0.0490 187.8272 0.0438 0.5801 79.9966 -0.0001 -0.0001 1.0000
0.6829 -0.0326 181.7652 0.0247 0.5900 83.0756 -0.0002 -0.0001 1.0000
0.7298 -0.0392 183.3932 0.0644 0.5856 77.6844 -0.0001 -0.0001 1.0000
0.6214 -0.0331 188.6153 -0.0079 0.5628 91.1241 -0.0002 -0.0001 1.0000
0.6792 -0.0333 184.6770 0.0215 0.5618 90.2144 -0.0001 -0.0001 1.0000
0.6938 -0.0285 176.4645 0.0291 0.5576 89.3775 -0.0001 -0.0001 1.0000
0.7060 -0.0273 173.8792 0.0366 0.5635 87.2967 -0.0001 -0.0001 1.0000
0.7354 -0.0308 168.6463 0.0674 0.5499 84.6309 -0.0000 -0.0001 1.0000
0.6726 -0.0367 176.8783 0.0295 0.5258 97.1333 -0.0001 -0.0001 1.0000
0.6562 -0.0385 171.2868 0.0207 0.4999 107.6952 -0.0001 -0.0001 1.0000
0.6783 -0.0330 168.4663 0.0401 0.5195 101.7421 -0.0001 -0.0001 1.0000
0.6679 -0.0301 163.0888 0.0259 0.5135 106.9970 -0.0001 -0.0001 1.0000
0.6745 -0.0253 155.7399 0.0301 0.5095 113.6057 -0.0001 -0.0001 1.0000
0.6630 -0.0371 156.9466 0.0260 0.4854 121.2365 -0.0001 -0.0001 1.0000
0.6786 -0.0256 148.6348 0.0277 0.5010 123.4717 -0.0001 -0.0001 1.0000
0.6884 -0.0183 141.2334 0.0194 0.5113 127.6068 -0.0001 -0.0001 1.0000
0.6704 -0.0336 145.1512 0.0158 0.4893 136.2681 -0.0001 -0.0001 1.0000
0.6330 -0.0487 145.2802 0.0212 0.4346 147.3275 -0.0001 -0.0002 1.0000
0.6393 -0.0278 135.1731 -0.0093 0.4709 153.5928 -0.0002 -0.0001 1.0000
0.6039 -0.0436 141.7904 -0.0154 0.4428 163.8923 -0.0002 -0.0001 1.0000
0.6239 -0.0430 137.7329 -0.0051 0.4450 168.5739 -0.0002 -0.0001 1.0000
0.6443 -0.0396 126.4251 0.0022 0.4321 174.9530 -0.0001 -0.0001 1.0000
0.6814 -0.0416 123.6356 0.0162 0.4358 184.6938 -0.0001 -0.0001 1.0000
0.6768 -0.0416 123.5388 0.0311 0.4347 184.9427 -0.0001 -0.0001 1.0000
0.6681 -0.0485 124.4322 0.0225 0.4310 192.2480 -0.0001 -0.0001 1.0000
0.6220 -0.0469 127.9986 -0.0151 0.4191 208.2377 -0.0002 -0.0001 1.0000
0.6289 -0.0446 127.0732 -0.0128 0.4322 210.9306 -0.0002 -0.0001 1.0000
0.5930 -0.0529 131.6588 -0.0276 0.3894 227.0014 -0.0002 -0.0001 1.0000
0.6311 -0.0625 132.1451 0.0086 0.3743 233.5003 -0.0001 -0.0002 1.0000
0.6488 -0.0672 137.5750 0.0107 0.3889 238.7810 -0.0001 -0.0001 1.0000
0.5753 -0.0715 148.1550 -0.0323 0.3547 254.8519 -0.0002 -0.0002 1.0000
0.6101 -0.0806 150.4661 0.0023 0.3335 262.4686 -0.0001 -0.0002 1.0000
0.5935 -0.0865 155.9923 -0.0049 0.3069 272.7573 -0.0001 -0.0002 1.0000
0.5583 -0.0816 167.8171 -0.0399 0.3420 273.3783 -0.0002 -0.0001 1.0000
0.5342 -0.1010 180.7422 -0.0448 0.3025 283.4166 -0.0002 -0.0002 1.0000
0.5683 -0.0921 176.4599 -0.0266 0.3097 284.0541 -0.0002 -0.0002 1.0000
0.5931 -0.0906 181.8378 -0.0019 0.3322 277.4998 -0.0001 -0.0002 1.0000
0.5959 -0.0922 189.6950 -0.0030 0.3495 272.9798 -0.0001 -0.0001 1.0000
0.5430 -0.1005 198.2536 -0.0273 0.3062 283.4938 -0.0002 -0.0002 1.0000
0.5376 -0.1089 203.7686 -0.0192 0.2745 286.0440 -0.0002 -0.0002 1.0000
0.5587 -0.1130 210.0174 0.0037 0.2780 284.6636 -0.0001 -0.0002 1.0000
0.5274 -0.1023 215.9608 -0.0336 0.2986 288.3331 -0.0002 -0.0002 1.0000
0.4637 -0.1175 229.5998 -0.0702 0.2640 298.4587 -0.0003 -0.0002 1.0000
0.5293 -0.1263 232.2157 -0.0147 0.2654 295.8638 -0.0002 -0.0002 1.0000
0.5164 -0.1051 233.5650 -0.0426 0.3196 291.2257 -0.0002 -0.0001 1.0000
0.5539 -0.1041 237.5850 -0.0253 0.3323 297.3183 -0.0002 -0.0001 1.0000
0.4664 -0.1142 248.4637 -0.0679 0.2798 308.6954 -0.0003 -0.0002 1.0000
0.5239 -0.1173 247.0764 -0.0286 0.2876 307.5226 -0.0002 -0.0002 1.0000
0.5569 -0.1155 254.0248 -0.0042 0.3059 306.4187 -0.0002 -0.0001 1.0000
0.5461 -0.0949 261.3702 -0.0240 0.3763 299.3380 -0.0002 -0.0000 1.0000
0.4490 -0.1033 267.9448 -0.0894 0.3169 316.5576 -0.0003 -0.0001 1.0000
0.4626 -0.1570 274.6998 -0.0365 0.1751 335.4386 -0.0002 -0.0003 1.0000
0.4839 -0.1310 275.8463 -0.0470 0.2552 328.1722 -0.0002 -0.0002 1.0000
0.4742 -0.1295 281.1705 -0.0470 0.2583 328.6215 -0.0002 -0.0002 1.0000
0.4873 -0.1207 285.0422 -0.0424 0.2935 325.7227 -0.0002 -0.0001 1.0000
0.4362 -0.1499 289.0550 -0.0641 0.1984 340.9708 -0.0003 -0.0003 1.0000
0.5899 -0.1101 279.8247 0.0321 0.3112 321.6568 -0.0001 -0.0001 1.0000
0.5264 -0.1164 287.9956 -0.0242 0.2939 331.6585 -0.0002 -0.0001 1.0000
0.5004 -0.1225 292.6718 -0.0461 0.2819 336.6151 -0.0002 -0.0001 1.0000
0.4485 -0.1284 298.1620 -0.0595 0.2453 339.7629 -0.0003 -0.0002 1.0000
0.5410 -0.1376 300.8062 -0.0005 0.2619 338.2544 -0.0001 -0.0002 1.0000
0.4491 -0.1132 303.6310 -0.0676 0.2774 342.5910 -0.0003 -0.0001 1.0000
0.5049 -0.1182 303.2268 -0.0285 0.2832 341.8523 -0.0002 -0.0001 1.0000
0.4421 -0.1427 310.8591 -0.0604 0.2152 355.7884 -0.0002 -0.0002 1.0000
0.5489 -0.1165 301.5234 -0.0010 0.2825 345.0402 -0.0001 -0.0002 1.0000
0.4560 -0.1110 306.0848 -0.0708 0.2719 352.2381 -0.0003 -0.0001 1.0000
0.4560 -0.1110 306.0848 -0.0708 0.2719 352.2381 -0.0003 -0.0001 1.0000
0.4738 -0.1243 303.4856 -0.0402 0.2409 350.9021 -0.0002 -0.0002 1.0000
0.5467 -0.1600 301.6991 0.0230 0.1738 360.0598 -0.0001 -0.0003 1.0000
0.4860 -0.1211 294.6070 -0.0397 0.2370 352.8265 -0.0002 -0.0002 1.0000
0.4721 -0.1217 294.0445 -0.0553 0.2398 355.0492 -0.0002 -0.0002 1.0000
0.5405 -0.1067 284.1617 -0.0117 0.2866 344.6241 -0.0002 -0.0002 1.0000
0.4753 -0.0767 274.0496 -0.0745 0.3080 345.6772 -0.0003 -0.0001 1.0000
0.4903 -0.0839 276.3780 -0.0535 0.3106 343.6302 -0.0002 -0.0001 1.0000
0.4850 -0.0933 272.5255 -0.0604 0.2695 354.8283 -0.0002 -0.0002 1.0000
0.4874 -0.1032 269.8268 -0.0495 0.2424 359.2611 -0.0002 -0.0002 1.0000
0.4766 -0.0815 263.2169 -0.0631 0.2777 353.5720 -0.0002 -0.0002 1.0000
0.5261 -0.0932 261.4269 -0.0214 0.2647 354.3503 -0.0001 -0.0002 1.0000
0.4882 -0.0762 257.9095 -0.0573 0.2738 356.2401 -0.0002 -0.0002 1.0000
0.4990 -0.0842 254.6214 -0.0391 0.2514 356.8363 -0.0002 -0.0002 1.0000
0.5402 -0.0623 250.2822 -0.0312 0.3071 350.7453 -0.0002 -0.0002 1.0000
0.5447 -0.0662 250.4877 -0.0239 0.2976 350.7311 -0.0001 -0.0002 1.0000
0.5283 -0.0651 251.6188 -0.0368 0.2820 356.1735 -0.0001 -0.0002 1.0000
0.4832 -0.0508 250.3151 -0.0796 0.2975 354.3065 -0.0002 -0.0002 1.0000
0.4776 -0.0577 252.2780 -0.0810 0.2796 354.7298 -0.0002 -0.0002 1.0000
0.5222 -0.0462 245.1443 -0.0473 0.3041 341.3092 -0.0002 -0.0002 1.0000
0.5859 -0.0440 241.3259 0.0007 0.3173 331.7465 -0.0001 -0.0002 1.0000
0.5168 -0.0430 240.5696 -0.0517 0.2933 329.0027 -0.0002 -0.0002 1.0000
0.5232 -0.0214 235.2537 -0.0578 0.3339 311.8231 -0.0002 -0.0002 1.0000
0.5340 -0.0185 232.3996 -0.0505 0.3396 300.9385 -0.0002 -0.0002 1.0000
0.5663 -0.0095 226.5346 -0.0304 0.3560 288.3815 -0.0001 -0.0001 1.0000
0.5230 -0.0138 223.9068 -0.0524 0.3292 285.8424 -0.0002 -0.0002 1.0000
0.5663 0.0102 204.6261 -0.0327 0.3730 267.3557 -0.0001 -0.0001 1.0000
0.5472 0.0260 189.3904 -0.0569 0.3793 264.1347 -0.0002 -0.0001 1.0000
0.5663 0.0259 173.3558 -0.0361 0.3787 250.7587 -0.0001 -0.0001 1.0000
0.6031 0.0370 155.2984 -0.0167 0.3926 245.4282 -0.0001 -0.0001 1.0000
0.5704 0.0313 144.1938 -0.0354 0.3643 246.5537 -0.0001 -0.0002 1.0000
0.5930 0.0509 120.4176 -0.0181 0.3863 235.2774 -0.0001 -0.0001 1.0000
0.6240 0.0651 100.3659 -0.0122 0.4016 234.3752 -0.0001 -0.0001 1.0000
0.6119 0.0579 94.4565 -0.0247 0.3795 240.5934 -0.0001 -0.0002 1.0000
0.6353 0.0754 77.1475 -0.0123 0.4019 232.2933 -0.0000 -0.0001 1.0000
0.6456 0.0789 65.6606 0.0074 0.3947 221.4250 0.0000 -0.0002 1.0000
0.6516 0.0841 55.9719 0.0045 0.3893 223.4356 0.0000 -0.0002 1.0000
0.6788 0.0880 44.4353 0.0245 0.3826 216.2037 0.0001 -0.0002 1.0000
0.5397 0.0912 60.4151 -0.1052 0.3852 226.1038 -0.0002 -0.0001 1.0000
0.6124 0.1102 45.1417 -0.0537 0.4274 202.2714 -0.0001 -0.0001 1.0000
0.6069 0.1119 43.4184 -0.0589 0.4095 200.3436 -0.0001 -0.0001 1.0000
0.6701 0.1231 34.9541 -0.0160 0.4367 182.8953 0.0000 -0.0001 1.0000
0.6304 0.1325 35.8986 -0.0362 0.4272 181.8167 -0.0000 -0.0001 1.0000
0.6074 0.1287 41.1587 -0.0554 0.4203 179.5651 -0.0001 -0.0001 1.0000
0.6426 0.1211 45.4526 -0.0255 0.4270 170.3508 -0.0000 -0.0002 1.0000
0.6497 0.1221 44.3844 -0.0124 0.4292 160.0940 0.0000 -0.0002 1.0000
0.6561 0.1455 38.1993 -0.0210 0.4743 146.0883 -0.0000 -0.0001 1.0000
0.6831 0.1649 31.1544 -0.0122 0.4978 140.3645 0.0000 -0.0001 1.0000
0.6463 0.1456 41.6391 -0.0242 0.4752 133.6247 -0.0000 -0.0001 1.0000
0.6466 0.1457 38.7085 -0.0180 0.4807 126.0911 -0.0000 -0.0001 1.0000
0.6843 0.1515 36.0826 0.0089 0.4897 122.1087 0.0000 -0.0001 1.0000
0.6767 0.1591 31.8322 0.0074 0.5149 109.2994 0.0000 -0.0001 1.0000
0.6849 0.1539 25.9008 0.0226 0.5168 102.6080 0.0000 -0.0001 1.0000
0.7060 0.1456 18.1971 0.0447 0.4993 100.7264 0.0001 -0.0002 1.0000
0.7176 0.1525 13.4285 0.0423 0.5340 97.3890 0.0001 -0.0001 1.0000
0.6274 0.1407 23.3040 -0.0016 0.4946 114.9613 -0.0000 -0.0002 1.0000
0.6300 0.1695 15.8100 -0.0281 0.5451 121.0013 -0.0001 -0.0001 1.0000
0.7368 0.1449 13.6997 0.0739 0.5303 118.1743 0.0002 -0.0002 1.0000
0.7175 0.1671 16.6625 0.0471 0.5803 120.1169 0.0001 -0.0001 1.0000
0.6883 0.1763 28.2758 0.0155 0.6007 126.0079 0.0000 -0.0001 1.0000
0.6463 0.1046 71.9944 0.0175 0.4686 167.0640 0.0000 -0.0002 1.0000
0.6757 0.1339 79.3177 0.0273 0.5363 151.4877 0.0000 -0.0002 1.0000
0.6080 0.1057 116.2651 -0.0038 0.5087 163.1107 -0.0000 -0.0002 1.0000
0.6985 0.1382 122.8291 0.0361 0.5946 140.9821 0.0000 -0.0001 1.0000
0.6983 0.1129 149.4202 0.0326 0.5659 151.3861 0.0001 -0.0002 1.0000
0.6526 0.1400 164.6233 0.0163 0.6315 136.1833 -0.0000 -0.0001 1.0000
0.6228 0.0689 190.9652 0.0299 0.5191 162.7892 -0.0000 -0.0002 1.0000
0.6761 0.1111 183.5786 0.0510 0.6146 140.1629 0.0000 -0.0001 1.0000
0.7298 0.0782 204.6313 0.1010 0.6081 144.5468 0.0001 -0.0002 1.0000
0.7521 0.0751 203.3205 0.1113 0.6114 148.0496 0.0001 -0.0002 1.0000
0.7795 0.0962 205.3679 0.1464 0.6712 132.2224 0.0001 -0.0001 1.0000
0.7419 0.0634 223.9168 0.1263 0.6395 148.3501 0.0001 -0.0002 1.0000
0.7149 0.0474 231.1328 0.1315 0.6014 155.6499 0.0001 -0.0002 1.0000
0.7327 0.0522 228.9307 0.1231 0.6277 161.0793 0.0001 -0.0002 1.0000
0.7754 0.0692 215.2753 0.1520 0.6620 147.8687 0.0001 -0.0002 1.0000
0.7545 0.0766 219.3571 0.1217 0.6932 155.7547 0.0001 -0.0002 1.0000
0.7619 0.0993 213.9871 0.1204 0.7487 148.2345 0.0001 -0.0001 1.0000
0.7588 0.0695 214.6113 0.1174 0.7098 158.9444 0.0001 -0.0002 1.0000
0.7317 0.0645 208.4031 0.0856 0.6990 169.8121 0.0001 -0.0002 1.0000
0.8548 0.0974 175.3807 0.1706 0.7749 144.9208 0.0002 -0.0001 1.0000
0.7545 0.0356 192.0130 0.1308 0.6531 170.1316 0.0001 -0.0002 1.0000
0.8056 0.0691 164.4662 0.1518 0.7080 161.2663 0.0001 -0.0002 1.0000
0.7482 0.0469 162.2400 0.1102 0.6538 177.9090 0.0001 -0.0002 1.0000
0.8382 0.0678 130.0512 0.1728 0.7078 154.3424 0.0002 -0.0002 1.0000
0.8546 0.1100 98.7616 0.1674 0.7757 134.5567 0.0002 -0.0002 1.0000
0.8337 0.0883 81.2878 0.1605 0.6745 151.7069 0.0002 -0.0003 1.0000
0.8246 0.0891 65.8583 0.1574 0.6618 149.2473 0.0002 -0.0003 1.0000
0.8736 0.1306 36.6252 0.1647 0.7505 125.3722 0.0002 -0.0002 1.0000
0.8883 0.1264 13.0807 0.1722 0.7141 122.6340 0.0003 -0.0003 1.0000
0.8996 0.1477 -7.0993 0.1758 0.7452 105.8721 0.0003 -0.0002 1.0000
0.9179 0.1820 -44.1638 0.1559 0.7946 89.9926 0.0003 -0.0002 1.0000
0.9146 0.1922 -68.5746 0.1429 0.7838 80.7123 0.0003 -0.0002 1.0000
0.8839 0.2111 -89.6405 0.1212 0.7833 71.9407 0.0003 -0.0002 1.0000
0.9454 0.2512 -128.3034 0.1340 0.8824 39.3242 0.0003 -0.0001 1.0000
0.9687 0.2890 -159.2170 0.1034 0.9425 29.5445 0.0003 -0.0001 1.0000
0.8816 0.2257 -132.7720 0.1300 0.7882 47.1125 0.0003 -0.0002 1.0000
0.9093 0.2704 -175.0376 0.0943 0.8755 24.6200 0.0003 -0.0001 1.0000
0.9390 0.2665 -185.3493 0.1530 0.8740 10.8490 0.0004 -0.0002 1.0000
0.9408 0.2715 -198.1414 0.1344 0.9040 3.9205 0.0003 -0.0001 1.0000
0.9295 0.2880 -215.6088 0.1073 0.9474 -8.4869 0.0003 -0.0001 1.0000
0.9502 0.3038 -239.5850 0.1203 0.9414 -6.2940 0.0003 -0.0001 1.0000
0.8901 0.2926 -226.3627 0.0857 0.8776 15.9881 0.0003 -0.0001 1.0000
0.9515 0.3118 -241.8576 0.1281 0.9508 -2.9711 0.0004 -0.0001 1.0000
0.9229 0.3196 -243.6233 0.0783 0.9602 4.4554 0.0003 -0.0001 1.0000
0.9020 0.3169 -232.6688 0.0743 0.9153 25.8583 0.0003 -0.0001 1.0000
0.9491 0.3382 -245.8308 0.1093 0.9605 14.6474 0.0004 -0.0001 1.0000
0.9123 0.3501 -245.5476 0.0748 0.9686 21.2626 0.0004 -0.0001 1.0000
0.9157 0.3648 -248.1187 0.0391 1.0103 33.0711 0.0004 -0.0000 1.0000
0.9631 0.3895 -259.1360 0.0906 1.0966 19.0999 0.0004 0.0000 1.0000
0.8808 0.3644 -234.3726 0.0572 0.9368 79.7350 0.0004 -0.0001 1.0000
0.9067 0.3762 -237.2111 0.0609 0.9862 91.1434 0.0004 -0.0001 1.0000
0.8568 0.3822 -226.3095 -0.0079 0.9824 122.6738 0.0003 -0.0001 1.0000
0.8283 0.3500 -198.3414 0.0108 0.9297 148.1844 0.0003 -0.0001 1.0000
0.8288 0.3874 -209.2227 -0.0261 0.9254 183.2811 0.0003 -0.0001 1.0000
0.8123 0.3900 -196.8048 -0.0010 0.8757 208.5013 0.0004 -0.0002 1.0000
0.7897 0.3956 -187.8648 -0.0434 0.8855 227.2131 0.0003 -0.0001 1.0000
0.8262 0.4526 -207.0437 -0.0440 0.9849 224.9528 0.0004 -0.0001 1.0000
0.7756 0.4322 -182.2278 -0.0947 0.9230 257.4702 0.0003 -0.0001 1.0000
0.8094 0.4468 -178.7582 -0.0652 0.9604 253.3930 0.0004 -0.0001 1.0000
0.8073 0.4540 -172.6772 -0.0513 0.9522 264.1172 0.0004 -0.0001 1.0000
0.7175 0.4113 -128.5644 -0.0696 0.8580 283.6012 0.0004 -0.0002 1.0000
0.7417 0.4391 -126.8765 -0.0966 0.9234 276.0289 0.0004 -0.0001 1.0000
0.7865 0.4782 -129.6539 -0.0875 0.9920 267.5765 0.0004 -0.0001 1.0000
0.6836 0.4188 -81.7396 -0.1246 0.8610 285.3572 0.0003 -0.0002 1.0000
0.7301 0.4810 -86.6842 -0.1566 1.0141 262.6015 0.0003 -0.0000 1.0000
0.7216 0.4955 -79.4621 -0.1515 1.0039 256.0188 0.0003 -0.0000 1.0000
0.7316 0.4987 -62.9611 -0.1738 1.0534 236.8813 0.0003 0.0000 1.0000
0.7089 0.4800 -46.8555 -0.1775 1.0121 228.7074 0.0003 -0.0000 1.0000
0.6991 0.4940 -43.0005 -0.2321 1.0414 217.9820 0.0003 0.0000 1.0000
0.7245 0.5506 -44.2803 -0.2251 1.1393 186.5089 0.0003 0.0001 1.0000
0.6858 0.5282 -27.9260 -0.2455 1.0913 184.4205 0.0003 0.0001 1.0000
0.7109 0.5838 -41.7473 -0.2907 1.1715 174.1457 0.0003 0.0002 1.0000
0.6703 0.5761 -27.1836 -0.3077 1.1547 169.2191 0.0003 0.0002 1.0000
0.6863 0.5759 -30.8445 -0.2970 1.1449 163.1913 0.0003 0.0001 1.0000
0.6539 0.5620 -29.0361 -0.3083 1.1059 156.7244 0.0003 0.0001 1.0000
0.6832 0.6168 -46.1057 -0.3221 1.2072 134.2493 0.0003 0.0002 1.0000
0.6487 0.6004 -49.7057 -0.3318 1.1496 137.5559 0.0003 0.0002 1.0000
0.6197 0.5450 -37.2934 -0.3092 1.0515 142.3995 0.0003 0.0001 1.0000
0.6807 0.6310 -70.0159 -0.3350 1.2103 112.2329 0.0003 0.0002 1.0000
0.6596 0.6454 -81.1282 -0.3738 1.2293 102.2842 0.0003 0.0002 1.0000
0.6434 0.6353 -85.3155 -0.3805 1.2073 98.9422 0.0003 0.0002 1.0000
0.6392 0.6525 -94.6572 -0.3938 1.2261 89.1293 0.0003 0.0003 1.0000
0.6496 0.6367 -98.7643 -0.3802 1.1901 86.9132 0.0003 0.0002 1.0000
0.6330 0.6492 -99.3869 -0.4300 1.2150 87.9924 0.0003 0.0002 1.0000
0.6524 0.6792 -109.5383 -0.4347 1.2617 79.5477 0.0003 0.0003 1.0000
0.6745 0.7499 -128.7440 -0.4946 1.3838 65.3299 0.0003 0.0004 1.0000
0.6677 0.7175 -128.0340 -0.4889 1.3256 67.9887 0.0003 0.0003 1.0000
0.6703 0.7970 -141.0096 -0.5562 1.4303 64.9798 0.0003 0.0005 1.0000
0.6641 0.8016 -141.7780 -0.5575 1.4068 70.3184 0.0003 0.0005 1.0000
0.6669 0.7178 -112.3493 -0.5488 1.2942 88.1861 0.0003 0.0003 1.0000
0.6834 0.7925 -124.0660 -0.5857 1.3878 76.3718 0.0003 0.0004 1.0000
0.7031 0.7959 -119.4524 -0.5832 1.3576 85.2902 0.0003 0.0004 1.0000
0.6557 0.7845 -93.4662 -0.6274 1.3368 109.2346 0.0003 0.0004 1.0000
0.6887 0.8790 -102.3829 -0.6755 1.4260 114.7835 0.0003 0.0005 1.0000
0.6686 0.8663 -72.3739 -0.6946 1.3890 151.9256 0.0003 0.0004 1.0000
0.6592 0.8667 -62.8927 -0.7238 1.3635 183.8337 0.0002 0.0004 1.0000
0.6964 0.9676 -66.8462 -0.7800 1.4881 185.4906 0.0003 0.0005 1.0000
0.6352 0.9899 -56.1086 -0.8316 1.5061 198.3589 0.0002 0.0006 1.0000
0.7016 1.1091 -85.5804 -0.8789 1.6277 203.8828 0.0003 0.0007 1.0000
0.6435 1.0627 -60.0052 -0.9139 1.5552 238.3061 0.0002 0.0006 1.0000
0.6467 1.1728 -74.8707 -0.9848 1.6660 258.4534 0.0002 0.0007 1.0000
0.5955 1.1999 -77.7087 -1.0514 1.6583 287.0470 0.0001 0.0008 1.0000
0.6371 1.1686 -74.8751 -0.9974 1.5893 305.1862 0.0002 0.0007 1.0000
0.5701 1.2337 -87.2463 -1.0840 1.6227 335.5129 0.0001 0.0007 1.0000
0.6118 1.1504 -81.7123 -1.0250 1.4874 357.2253 0.0002 0.0006 1.0000
0.5427 1.2465 -104.0818 -1.1286 1.5631 368.6459 0.0001 0.0007 1.0000
0.5246 1.2383 -119.3653 -1.1100 1.4966 379.4021 0.0001 0.0007 1.0000
0.4789 1.3405 -146.1514 -1.2380 1.5981 384.9366 0.0000 0.0008 1.0000
0.4116 1.2768 -144.8549 -1.2423 1.4488 410.9883 -0.0000 0.0007 1.0000
0.4489 1.4518 -212.7570 -1.3146 1.6091 393.7546 0.0000 0.0009 1.0000
0.3828 1.4383 -226.1221 -1.3564 1.5411 409.5443 -0.0000 0.0009 1.0000
0.3636 1.4084 -236.7818 -1.3538 1.4594 420.4402 -0.0001 0.0009 1.0000
0.3006 1.4475 -250.5758 -1.4232 1.4911 419.3233 -0.0001 0.0010 1.0000
0.2755 1.5080 -284.1168 -1.4618 1.4985 415.6685 -0.0001 0.0010 1.0000
0.2324 1.5379 -305.4346 -1.5235 1.5065 415.8547 -0.0001 0.0011 1.0000
0.2096 1.4815 -296.6479 -1.4835 1.3931 422.9890 -0.0001 0.0010 1.0000
0.1365 1.4230 -266.3090 -1.4868 1.2821 438.5763 -0.0002 0.0010 1.0000
0.1312 1.5759 -297.8729 -1.5808 1.3166 477.0060 -0.0002 0.0012 1.0000
0.0912 1.5164 -272.7915 -1.5007 1.2145 466.8721 -0.0002 0.0011 1.0000
0.0193 1.3770 -212.3412 -1.4380 1.0329 491.7826 -0.0002 0.0009 1.0000
-0.0520 1.3530 -185.6106 -1.3990 0.9404 517.8965 -0.0003 0.0009 1.0000
-0.0909 1.4607 -188.3648 -1.4593 0.9645 557.7531 -0.0002 0.0010 1.0000
-0.1546 1.4416 -150.9442 -1.4230 0.8824 576.5853 -0.0003 0.0009 1.0000
-0.1936 1.5394 -135.2797 -1.4250 0.8590 618.4153 -0.0002 0.0010 1.0000
-0.2670 1.4348 -52.0021 -1.3568 0.7128 635.9858 -0.0002 0.0008 1.0000
-0.3048 1.4344 -21.1269 -1.3197 0.6307 662.1203 -0.0002 0.0008 1.0000
-0.3886 1.3951 41.3624 -1.2693 0.5472 676.0903 -0.0003 0.0007 1.0000
-0.4400 1.4860 68.1542 -1.2905 0.5342 707.1654 -0.0002 0.0008 1.0000
-0.4409 1.4509 89.5246 -1.2397 0.4756 705.5074 -0.0001 0.0007 1.0000
-0.5436 1.5042 112.9908 -1.2696 0.4402 738.8460 -0.0002 0.0008 1.0000
-0.5406 1.3715 134.0884 -1.1792 0.3489 716.4363 -0.0003 0.0006 1.0000
-0.6346 1.3009 168.8435 -1.1930 0.2762 731.1281 -0.0004 0.0006 1.0000
-0.6552 1.4767 134.7890 -1.2164 0.2885 746.2817 -0.0002 0.0008 1.0000
-0.6068 1.1660 171.4031 -1.0583 0.1468 686.3759 -0.0003 0.0005 1.0000
-0.7175 1.3289 148.3069 -1.1470 0.1456 719.6134 -0.0004 0.0007 1.0000
-0.7838 1.3786 135.6580 -1.1642 0.1415 706.3191 -0.0004 0.0007 1.0000
-0.7716 1.2739 133.0043 -1.0994 0.0735 676.2862 -0.0004 0.0006 1.0000
-0.8037 1.2936 109.6731 -1.1179 0.0233 680.1339 -0.0004 0.0007 1.0000
-0.8430 1.3535 79.0514 -1.1548 0.0105 694.9110 -0.0003 0.0008 1.0000
-0.8691 1.3372 50.8453 -1.1505 0.0111 677.9774 -0.0004 0.0008 1.0000
-0.8682 1.3554 -4.2948 -1.1702 0.0421 663.3613 -0.0005 0.0008 1.0000
-0.9262 1.3574 -28.7050 -1.2037 0.0515 667.4745 -0.0005 0.0009 1.0000
1.0000 0.0000 0.0000 0.0000 1.0000 0.0000 0.0000 0.0000 1.0000
1.0000 0.0000 0.0000 0.0000 1.0000 0.0000 0.0000 0.0000 1.0000
1.0000 0.0000 0.0000 0.0000 1.0000 0.0000 0.0000 0.0000 1.0000
1.0000 0.0000 0.0000 0.0000 1.0000 0.0000 0.0000 0.0000 1.0000
1.0000 0.0000 0.0000 0.0000 1.0000 0.0000 0.0000 0.0000 1.0000
1.0000 0.0000 0.0000 0.0000 1.0000 0.0000 0.0000 0.0000 1.0000
1.0000 0.0000 0.0000 0.0000 1.0000 0.0000 0.0000 0.0000 1.0000
1.0000 0.0000 0.0000 0.0000 1.0000 0.0000 0.0000 0.0000 1.0000
1.0000 0.0000 0.0000 0.0000 1.0000 0.0000 0.0000 0.0000 1.0000
-0.8941 1.1719 -149.8744 -1.3980 0.2758 753.5926 -0.0010 0.0010 1.0000
-0.9199 1.3280 -142.0235 -1.5012 0.3787 833.8267 -0.0006 0.0012 1.0000
-0.9023 1.3804 -111.4321 -1.4869 0.4362 852.9095 -0.0006 0.0012 1.0000
-0.8603 1.3801 -62.0462 -1.4504 0.4622 859.3390 -0.0006 0.0011 1.0000
-0.8560 1.3424 5.4823 -1.4259 0.4267 895.3683 -0.0005 0.0011 1.0000
-0.8181 1.3253 55.2691 -1.3814 0.4163 909.7377 -0.0004 0.0009 1.0000
-0.8194 1.4542 83.7101 -1.4160 0.4990 949.1296 -0.0003 0.0011 1.0000
-0.8597 1.5245 123.0847 -1.4576 0.5740 965.1213 -0.0004 0.0011 1.0000
-0.7840 1.4595 148.7459 -1.4014 0.5391 977.9158 -0.0003 0.0010 1.0000
-0.7701 1.3987 172.6685 -1.3760 0.5176 965.2875 -0.0003 0.0010 1.0000
-0.7837 1.5376 164.6586 -1.4504 0.6131 1006.8125 -0.0003 0.0011 1.0000
-0.7729 1.4515 177.1474 -1.4077 0.6066 973.5871 -0.0003 0.0010 1.0000
-0.7156 1.4252 156.0286 -1.3832 0.5977 976.6876 -0.0003 0.0010 1.0000
-0.7012 1.2960 158.8498 -1.3540 0.5519 947.6646 -0.0003 0.0008 1.0000
-0.7776 1.5094 115.1552 -1.5371 0.7302 1006.0775 -0.0004 0.0011 1.0000
-0.7296 1.4693 91.1519 -1.5048 0.7399 1003.7998 -0.0003 0.0011 1.0000
-0.7405 1.5008 65.0987 -1.5674 0.8313 1009.8820 -0.0003 0.0012 1.0000
-0.7463 1.5261 35.1530 -1.6156 0.8995 1027.5335 -0.0003 0.0013 1.0000
-0.7055 1.3972 18.9488 -1.5979 0.8327 1004.2839 -0.0004 0.0012 1.0000
-0.7191 1.4749 -17.0972 -1.6472 0.9658 1026.1728 -0.0004 0.0013 1.0000
-0.7046 1.4440 -38.4664 -1.6608 0.9836 1044.9804 -0.0003 0.0013 1.0000
-0.6750 1.3025 -47.2175 -1.6724 0.9369 1033.0705 -0.0005 0.0012 1.0000
-0.6607 1.3726 -106.3704 -1.7027 1.0815 1070.2925 -0.0004 0.0013 1.0000
-0.7644 1.5247 -158.7862 -1.9478 1.3935 1107.1592 -0.0005 0.0017 1.0000
-0.7224 1.3959 -163.5601 -1.9539 1.3538 1110.6717 -0.0007 0.0016 1.0000
-0.7470 1.4393 -200.2472 -2.0101 1.4933 1134.6955 -0.0006 0.0017 1.0000
-0.8004 1.4564 -212.5736 -2.2126 1.6696 1155.0314 -0.0008 0.0018 1.0000
-0.6752 1.3336 -213.0896 -1.8373 1.3710 1178.1755 -0.0004 0.0015 1.0000
-0.6750 1.4990 -249.0215 -1.9433 1.6846 1189.7901 -0.0003 0.0018 1.0000
-0.6587 1.4925 -236.6723 -1.9135 1.6836 1203.3690 -0.0003 0.0018 1.0000
-0.6583 1.3848 -187.9038 -1.8138 1.4572 1177.0603 -0.0003 0.0015 1.0000
-0.6406 1.2739 -128.0079 -1.8265 1.3323 1151.9358 -0.0005 0.0014 1.0000
-0.6074 1.2704 -109.3223 -1.7143 1.2222 1174.5998 -0.0003 0.0013 1.0000
-0.6278 1.2508 -71.3890 -1.7816 1.2132 1164.4604 -0.0005 0.0013 1.0000
-0.6521 1.4350 -99.6667 -1.8057 1.4429 1183.0654 -0.0003 0.0015 1.0000
-0.6025 1.3137 -68.0540 -1.7149 1.2776 1152.6776 -0.0003 0.0013 1.0000
-0.6484 1.4493 -75.5751 -1.8202 1.4643 1179.5394 -0.0003 0.0015 1.0000
-0.6428 1.4248 -53.3516 -1.7692 1.4001 1165.0846 -0.0003 0.0014 1.0000
-0.6432 1.4807 -49.2658 -1.7642 1.4184 1161.2660 -0.0002 0.0015 1.0000
-0.6507 1.5133 -9.7882 -1.7413 1.4548 1151.2149 -0.0002 0.0015 1.0000
-0.6291 1.3957 39.1703 -1.7021 1.2436 1119.2424 -0.0003 0.0013 1.0000
-0.6381 1.3837 89.9038 -1.7157 1.2011 1113.8478 -0.0004 0.0012 1.0000
-0.6402 1.6195 92.6968 -1.7197 1.3682 1130.3698 -0.0002 0.0014 1.0000
-0.6227 1.6465 140.8109 -1.6802 1.3603 1117.6512 -0.0001 0.0014 1.0000
-0.5887 1.5687 181.9794 -1.5866 1.2174 1081.5577 -0.0001 0.0012 1.0000
-0.6535 1.8021 190.0148 -1.7210 1.4385 1077.5671 -0.0002 0.0014 1.0000
-0.6222 1.4943 263.8498 -1.5902 1.0949 1046.9346 -0.0003 0.0010 1.0000
-0.7941 1.0865 363.9798 -1.7137 0.8346 998.4957 -0.0009 0.0008 1.0000
1.0000 0.0000 0.0000 0.0000 1.0000 0.0000 0.0000 0.0000 1.0000
1.0000 0.0000 0.0000 0.0000 1.0000 0.0000 0.0000 0.0000 1.0000
1.0000 0.0000 0.0000 0.0000 1.0000 0.0000 0.0000 0.0000 1.0000
1.0000 0.0000 0.0000 0.0000 1.0000 0.0000 0.0000 0.0000 1.0000
1.0000 0.0000 0.0000 0.0000 1.0000 0.0000 0.0000 0.0000 1.0000
1.0000 0.0000 0.0000 0.0000 1.0000 0.0000 0.0000 0.0000 1.0000
1.0000 0.0000 0.0000 0.0000 1.0000 0.0000 0.0000 0.0000 1.0000
1.0000 0.0000 0.0000 0.0000 1.0000 0.0000 0.0000 0.0000 1.0000
1.0000 0.0000 0.0000 0.0000 1.0000 0.0000 0.0000 0.0000 1.0000
1.0000 0.0000 0.0000 0.0000 1.0000 0.0000 0.0000 0.0000 1.0000
1.0000 0.0000 0.0000 0.0000 1.0000 0.0000 0.0000 0.0000 1.0000
1.0000 0.0000 0.0000 0.0000 1.0000 0.0000 0.0000 0.0000 1.0000
1.0000 0.0000 0.0000 0.0000 1.0000 0.0000 0.0000 0.0000 1.0000
1.0000 0.0000 0.0000 0.0000 1.0000 0.0000 0.0000 0.0000 1.0000
1.0000 0.0000 0.0000 0.0000 1.0000 0.0000 0.0000 0.0000 1.0000
1.0000 0.0000 0.0000 0.0000 1.0000 0.0000 0.0000 0.0000 1.0000
1.0000 0.0000 0.0000 0.0000 1.0000 0.0000 0.0000 0.0000 1.0000
1.0000 0.0000 0.0000 0.0000 1.0000 0.0000 0.0000 0.0000 1.0000
1.0000 0.0000 0.0000 0.0000 1.0000 0.0000 0.0000 0.0000 1.0000
1.0000 0.0000 0.0000 0.0000 1.0000 0.0000 0.0000 0.0000 1.0000
1.0000 0.0000 0.0000 0.0000 1.0000 0.0000 0.0000 0.0000 1.0000
1.0000 0.0000 0.0000 0.0000 1.0000 0.0000 0.0000 0.0000 1.0000
1.0000 0.0000 0.0000 0.0000 1.0000 0.0000 0.0000 0.0000 1.0000
1.0000 0.0000 0.0000 0.0000 1.0000 0.0000 0.0000 0.0000 1.0000
1.0000 0.0000 0.0000 0.0000 1.0000 0.0000 0.0000 0.0000 1.0000
1.0000 0.0000 0.0000 0.0000 1.0000 0.0000 0.0000 0.0000 1.0000
1.0000 0.0000 0.0000 0.0000 1.0000 0.0000 0.0000 0.0000 1.0000
1.0000 0.0000 0.0000 0.0000 1.0000 0.0000 0.0000 0.0000 1.0000
-0.0833 2.2039 -470.8501 -1.5626 1.0721 1012.5045 0.0003 0.0008 1.0000
-0.0707 2.0927 -490.4388 -1.4877 0.9798 997.1919 0.0003 0.0007 1.0000
-0.0702 2.0263 -503.7875 -1.4906 0.9248 1015.9386 0.0002 0.0007 1.0000
-0.0695 2.0803 -550.4327 -1.4879 0.9950 1003.6517 0.0003 0.0008 1.0000
-0.0668 2.0126 -561.0339 -1.4765 0.9610 998.2892 0.0002 0.0007 1.0000
-0.0431 1.9631 -574.7917 -1.3970 0.8917 988.9435 0.0003 0.0007 1.0000
-0.0509 1.9759 -580.3747 -1.4583 0.9123 1007.3128 0.0002 0.0007 1.0000
-0.0018 2.0063 -602.8775 -1.3651 0.9036 998.7728 0.0003 0.0007 1.0000
-0.0049 1.9788 -585.0069 -1.3480 0.8585 996.7247 0.0003 0.0007 1.0000
-0.0139 1.7964 -499.1281 -1.2630 0.7272 976.3323 0.0002 0.0005 1.0000
-0.0058 1.8441 -493.7790 -1.2771 0.7541 982.9229 0.0002 0.0006 1.0000
-0.0151 1.7051 -428.5563 -1.1839 0.6107 972.2139 0.0002 0.0004 1.0000
0.0038 1.6374 -376.1287 -1.1531 0.5411 977.0589 0.0002 0.0004 1.0000
0.0148 1.6590 -349.5139 -1.1549 0.6056 945.3189 0.0002 0.0004 1.0000
1.0000 0.0000 0.0000 0.0000 1.0000 0.0000 0.0000 0.0000 1.0000
1.0000 0.0000 0.0000 0.0000 1.0000 0.0000 0.0000 0.0000 1.0000
1.0000 0.0000 0.0000 0.0000 1.0000 0.0000 0.0000 0.0000 1.0000
1.0000 0.0000 0.0000 0.0000 1.0000 0.0000 0.0000 0.0000 1.0000
1.0000 0.0000 0.0000 0.0000 1.0000 0.0000 0.0000 0.0000 1.0000
1.0000 0.0000 0.0000 0.0000 1.0000 0.0000 0.0000 0.0000 1.0000
1.0000 0.0000 0.0000 0.0000 1.0000 0.0000 0.0000 0.0000 1.0000
1.0000 0.0000 0.0000 0.0000 1.0000 0.0000 0.0000 0.0000 1.0000
1.0000 0.0000 0.0000 0.0000 1.0000 0.0000 0.0000 0.0000 1.0000
1.0000 0.0000 0.0000 0.0000 1.0000 0.0000 0.0000 0.0000 1.0000
1.0000 0.0000 0.0000 0.0000 1.0000 0.0000 0.0000 0.0000 1.0000
1.0000 0.0000 0.0000 0.0000 1.0000 0.0000 0.0000 0.0000 1.0000
1.0000 0.0000 0.0000 0.0000 1.0000 0.0000 0.0000 0.0000 1.0000
1.0000 0.0000 0.0000 0.0000 1.0000 0.0000 0.0000 0.0000 1.0000
0.1401 1.1131 -192.7933 -0.7736 0.1725 822.3146 0.0002 0.0000 1.0000
0.1329 1.0992 -216.6715 -0.7475 0.1425 825.5991 0.0002 0.0000 1.0000
0.1393 1.0814 -239.2927 -0.7562 0.1623 815.2047 0.0001 0.0000 1.0000
0.1913 1.0915 -284.5886 -0.7148 0.1666 804.9651 0.0002 0.0000 1.0000
0.1645 1.0586 -289.7058 -0.7320 0.1463 813.6882 0.0002 0.0000 1.0000
0.1374 1.0441 -293.9804 -0.7362 0.1711 804.3955 0.0001 0.0000 1.0000
0.1760 0.9950 -305.8154 -0.7018 0.1434 799.3581 0.0002 -0.0000 1.0000
0.1912 1.0767 -350.3272 -0.7112 0.2057 803.0109 0.0002 0.0001 1.0000
0.2019 1.0031 -337.0355 -0.6912 0.1727 791.8725 0.0002 0.0000 1.0000
0.1641 1.0166 -336.5933 -0.7245 0.1976 795.7612 0.0001 0.0001 1.0000
0.1747 0.9619 -321.0302 -0.6836 0.1673 781.8379 0.0001 0.0000 1.0000
0.2203 1.0685 -371.9937 -0.6930 0.2379 798.8081 0.0002 0.0001 1.0000
0.1935 0.9552 -333.7373 -0.6966 0.1532 793.1697 0.0001 0.0000 1.0000
0.1720 1.0028 -336.4389 -0.7387 0.2255 794.2823 0.0001 0.0001 1.0000
0.2111 0.9266 -322.4559 -0.6589 0.1193 785.6101 0.0001 -0.0000 1.0000
0.2416 0.9876 -328.0957 -0.6666 0.1869 788.3064 0.0002 0.0001 1.0000
0.2596 0.9678 -306.9190 -0.6408 0.1599 787.9987 0.0002 0.0000 1.0000
0.2264 0.8642 -245.8699 -0.6527 0.0796 781.9518 0.0001 -0.0001 1.0000
0.2570 0.8323 -215.9467 -0.6086 0.0561 774.8614 0.0002 -0.0001 1.0000
0.2749 0.8565 -196.4512 -0.6300 0.0666 787.3344 0.0002 -0.0001 1.0000
0.2873 0.8150 -158.6467 -0.5907 0.0409 768.3402 0.0002 -0.0001 1.0000
0.2530 0.7867 -122.1483 -0.6333 0.0439 770.2677 0.0001 -0.0001 1.0000
0.2808 0.7110 -95.2257 -0.5803 -0.0074 758.7580 0.0001 -0.0002 1.0000
0.2714 0.7382 -88.5762 -0.6107 0.0278 759.0943 0.0001 -0.0001 1.0000
0.2867 0.6952 -81.5474 -0.5999 0.0198 747.4330 0.0001 -0.0002 1.0000
0.3001 0.7141 -90.7386 -0.5923 0.0453 740.4237 0.0001 -0.0001 1.0000
0.3135 0.6785 -101.9732 -0.5756 0.0310 732.0709 0.0001 -0.0002 1.0000
0.3121 0.6814 -118.5725 -0.5757 0.0313 730.2264 0.0001 -0.0002 1.0000
0.3345 0.6382 -123.6712 -0.5549 0.0290 718.6501 0.0001 -0.0002 1.0000
0.4236 0.7260 -178.3483 -0.5871 0.1342 718.3933 0.0001 -0.0001 1.0000
0.3823 0.6462 -163.8882 -0.5522 0.0727 700.2520 0.0001 -0.0002 1.0000
0.3759 0.6577 -178.4094 -0.5879 0.1231 689.3435 0.0000 -0.0001 1.0000
0.3700 0.5865 -167.4961 -0.5677 0.0944 672.7801 -0.0000 -0.0002 1.0000
0.4008 0.5719 -178.4506 -0.5444 0.0813 666.1866 0.0000 -0.0002 1.0000
0.3997 0.5729 -182.8583 -0.5350 0.1068 653.1953 0.0001 -0.0002 1.0000
0.4725 0.6138 -220.6629 -0.5357 0.1569 646.0924 0.0001 -0.0001 1.0000
0.4911 0.6138 -234.4654 -0.5179 0.1732 620.5285 0.0001 -0.0001 1.0000
0.4588 0.5714 -214.9038 -0.5232 0.1549 602.4980 0.0001 -0.0001 1.0000
0.4729 0.6115 -214.8881 -0.5854 0.2506 587.1005 0.0000 -0.0000 1.0000
0.4715 0.5474 -192.2870 -0.5486 0.1754 559.8595 -0.0000 -0.0001 1.0000
0.4309 0.4708 -136.4541 -0.5331 0.1585 531.0868 -0.0001 -0.0002 1.0000
0.4276 0.5169 -133.5838 -0.5644 0.2050 527.7453 -0.0001 -0.0001 1.0000
0.4538 0.4873 -119.9301 -0.5257 0.1648 518.6607 0.0000 -0.0002 1.0000
0.5157 0.4759 -125.9467 -0.4868 0.1673 502.4897 0.0001 -0.0002 1.0000
0.3896 0.3961 -83.9476 -0.5164 0.1167 490.0205 -0.0001 -0.0002 1.0000
0.4279 0.4290 -109.1392 -0.5070 0.1433 482.0599 -0.0001 -0.0002 1.0000
0.4244 0.4588 -123.4198 -0.5597 0.1878 481.8215 -0.0002 -0.0001 1.0000
