1.0000 -0.0000 0.0000 -0.0000 1.0000 -0.0000 -0.0000 -0.0000 1.0000
1.0201 0.0170 -8.3065 0.0022 1.0168 -4.2078 0.0000 0.0000 1.0000
1.0121 0.0069 -0.7819 0.0054 0.9923 -0.1018 0.0000 -0.0000 1.0000
1.0038 0.0102 1.5676 -0.0044 0.9862 2.3584 0.0000 -0.0000 1.0000
1.0168 0.0311 -4.7008 -0.0143 1.0167 -4.1563 0.0000 0.0000 1.0000
1.0097 0.0290 -1.0166 -0.0162 0.9943 0.1254 0.0000 -0.0000 1.0000
1.0242 0.0477 -5.4927 -0.0240 1.0324 -11.7369 0.0000 0.0000 1.0000
1.0319 0.0592 -6.3523 -0.0237 1.0318 -12.1834 0.0000 0.0000 1.0000
1.0127 0.0418 9.5134 -0.0303 1.0013 -5.3330 0.0000 -0.0000 1.0000
1.0517 0.0865 -0.0587 -0.0413 1.0916 -26.4605 0.0000 0.0001 1.0000
1.0363 0.0968 -4.3391 -0.0536 1.0502 -14.7505 0.0000 0.0000 1.0000
1.0820 0.1276 -12.6200 -0.0383 1.0977 -30.7668 0.0001 0.0001 1.0000
1.0146 0.0827 17.3194 -0.0510 0.9866 -0.6492 0.0000 -0.0000 1.0000
1.0943 0.1208 -1.0862 -0.0415 1.0765 -29.9328 0.0001 0.0000 1.0000
1.0053 0.1176 14.3401 -0.0704 0.9627 8.6621 0.0000 -0.0000 1.0000
1.0097 0.1260 20.0834 -0.0975 1.0298 -13.5582 -0.0000 0.0000 1.0000
0.9845 0.1096 29.9765 -0.1036 0.9765 -3.2709 -0.0000 -0.0000 1.0000
0.9807 0.1343 26.3740 -0.1239 1.0140 -17.3692 -0.0000 0.0000 1.0000
0.9957 0.1538 17.0644 -0.1330 1.0238 -21.1524 -0.0000 0.0000 1.0000
0.9886 0.1246 22.8562 -0.1304 0.9668 -12.5912 -0.0000 -0.0001 1.0000
1.0192 0.1632 6.1254 -0.1459 1.0241 -30.7011 -0.0000 0.0000 1.0000
1.0880 0.1963 -16.7430 -0.1430 1.0809 -49.8682 0.0000 0.0000 1.0000
1.1058 0.1833 -18.7309 -0.1352 1.0630 -52.8839 0.0000 -0.0000 1.0000
1.0758 0.1944 -22.6293 -0.1596 1.0660 -54.6406 -0.0000 -0.0000 1.0000
1.1300 0.2283 -45.2678 -0.1617 1.1146 -68.6485 0.0000 0.0000 1.0000
1.1485 0.2395 -57.6166 -0.1657 1.1278 -75.8165 0.0000 0.0000 1.0000
1.1230 0.2340 -58.3764 -0.1747 1.1020 -71.4359 0.0000 -0.0000 1.0000
1.1520 0.2601 -75.9654 -0.1863 1.1531 -89.1353 0.0000 0.0000 1.0000
1.1640 0.2645 -83.9790 -0.1944 1.1444 -86.5602 0.0000 0.0000 1.0000
1.2976 0.3302 -131.0480 -0.1802 1.2764 -136.1656 0.0001 0.0001 1.0000
1.3039 0.3263 -133.5650 -0.1802 1.2856 -150.5190 0.0001 0.0001 1.0000
1.3013 0.2977 -122.8618 -0.1754 1.2625 -151.1888 0.0001 0.0000 1.0000
1.3883 0.3061 -138.5081 -0.1549 1.3186 -180.3339 0.0002 0.0000 1.0000
1.4247 0.3432 -156.4339 -0.1628 1.3686 -198.1311 0.0002 0.0000 1.0000
1.4523 0.3556 -155.4969 -0.1595 1.4153 -218.7327 0.0002 0.0000 1.0000
1.4936 0.3956 -167.2015 -0.1657 1.4880 -242.3487 0.0002 0.0001 1.0000
1.5631 0.4187 -178.6312 -0.1500 1.5374 -263.7573 0.0003 0.0001 1.0000
1.5522 0.3779 -153.7533 -0.1440 1.5306 -270.8459 0.0003 0.0000 1.0000
1.5844 0.3982 -155.8442 -0.1429 1.5735 -286.0148 0.0003 0.0001 1.0000
1.6726 0.4277 -166.7773 -0.1346 1.6848 -325.6430 0.0004 0.0001 1.0000
1.7058 0.4163 -164.8610 -0.1224 1.7027 -339.5628 0.0004 0.0001 1.0000
1.6860 0.4162 -155.8859 -0.1248 1.7089 -344.4438 0.0004 0.0001 1.0000
1.7719 0.4383 -173.4533 -0.1016 1.7824 -378.6032 0.0005 0.0001 1.0000
1.7983 0.4266 -168.5461 -0.0909 1.8176 -398.3916 0.0005 0.0001 1.0000
1.8828 0.4615 -190.9861 -0.0796 1.9175 -436.6016 0.0005 0.0001 1.0000
1.8720 0.4339 -182.2172 -0.0673 1.9144 -446.8723 0.0006 0.0001 1.0000
1.8913 0.3961 -172.5067 -0.0417 1.9090 -456.8698 0.0006 0.0000 1.0000
1.9660 0.4197 -193.1335 -0.0319 2.0059 -496.0459 0.0006 0.0001 1.0000
2.0273 0.4287 -207.7003 -0.0203 2.0813 -528.1094 0.0007 0.0001 1.0000
2.1344 0.4701 -239.7936 0.0039 2.1953 -574.9036 0.0007 0.0002 1.0000
2.1369 0.4152 -223.3135 0.0232 2.1709 -576.7493 0.0008 0.0001 1.0000
2.2095 0.4375 -248.0925 0.0481 2.2459 -614.4176 0.0008 0.0001 1.0000
2.2489 0.4431 -258.0281 0.0523 2.3178 -645.1442 0.0008 0.0001 1.0000
2.2804 0.4242 -262.4130 0.0774 2.3262 -658.2564 0.0009 0.0001 1.0000
2.4209 0.4719 -302.2610 0.0969 2.5032 -727.5636 0.0009 0.0002 1.0000
2.3751 0.4023 -279.1054 0.1103 2.4252 -709.4204 0.0009 0.0001 1.0000
2.4809 0.4262 -305.3113 0.1290 2.5376 -755.0196 0.0010 0.0002 1.0000
2.4777 0.3848 -290.7899 0.1442 2.5381 -765.7564 0.0010 0.0001 1.0000
2.5205 0.3838 -302.2684 0.1585 2.5721 -784.3795 0.0010 0.0001 1.0000
2.6248 0.4209 -330.6451 0.1654 2.7320 -846.0269 0.0011 0.0002 1.0000
2.6447 0.4046 -328.4712 0.1899 2.7322 -855.3243 0.0011 0.0001 1.0000
2.6152 0.3791 -316.3932 0.1916 2.6917 -843.4459 0.0011 0.0001 1.0000
2.7457 0.3902 -334.7614 0.2193 2.8305 -900.3625 0.0012 0.0002 1.0000
2.7497 0.3881 -329.1404 0.2262 2.8528 -910.3901 0.0012 0.0002 1.0000
2.8140 0.4123 -345.5375 0.2299 2.9432 -945.0547 0.0012 0.0002 1.0000
2.8448 0.4016 -340.8933 0.2466 2.9653 -958.5234 0.0013 0.0002 1.0000
2.8069 0.3737 -324.8203 0.2467 2.9287 -951.0109 0.0012 0.0002 1.0000
2.8766 0.3921 -339.2929 0.2689 3.0004 -984.4529 0.0013 0.0002 1.0000
2.9277 0.4067 -349.9371 0.2763 3.0687 -1013.2915 0.0013 0.0002 1.0000
2.9501 0.4215 -351.6825 0.2821 3.1245 -1036.4348 0.0013 0.0002 1.0000
2.9752 0.4107 -346.1456 0.3050 3.1365 -1050.4219 0.0014 0.0002 1.0000
2.8724 0.3669 -309.7225 0.2907 3.0365 -1012.9265 0.0013 0.0002 1.0000
2.9581 0.4083 -330.9858 0.3146 3.1316 -1053.8422 0.0014 0.0002 1.0000
2.9017 0.3687 -298.1004 0.3109 3.0871 -1040.8020 0.0014 0.0002 1.0000
2.9114 0.3989 -301.5389 0.3142 3.1425 -1063.1199 0.0014 0.0002 1.0000
2.8926 0.3740 -282.7591 0.3312 3.0987 -1054.1816 0.0014 0.0002 1.0000
2.8551 0.3722 -273.1849 0.3331 3.0713 -1046.7767 0.0014 0.0002 1.0000
2.8934 0.3999 -278.3379 0.3478 3.1490 -1076.2878 0.0015 0.0002 1.0000
2.8830 0.4040 -265.1744 0.3488 3.1814 -1085.1402 0.0015 0.0003 1.0000
2.5966 0.3216 -199.4659 0.3043 2.8694 -964.1328 0.0013 0.0001 1.0000
2.7431 0.3805 -220.6328 0.3426 3.1010 -1055.8003 0.0014 0.0003 1.0000
2.8642 0.4117 -233.8571 0.3747 3.2474 -1114.8861 0.0015 0.0003 1.0000
2.9863 0.4635 -258.6739 0.4106 3.3743 -1167.4535 0.0016 0.0004 1.0000
2.8213 0.4027 -203.7335 0.3939 3.2673 -1130.0652 0.0016 0.0003 1.0000
2.6292 0.3231 -151.8399 0.3731 3.0123 -1034.8402 0.0015 0.0002 1.0000
2.6601 0.3273 -149.8997 0.3913 3.0707 -1064.0746 0.0015 0.0002 1.0000
2.6052 0.3072 -131.4505 0.3937 3.0069 -1045.7167 0.0015 0.0002 1.0000
2.6469 0.3210 -126.0104 0.4092 3.0988 -1085.2123 0.0015 0.0003 1.0000
2.5853 0.3197 -105.5142 0.3971 3.0944 -1083.1955 0.0015 0.0003 1.0000
2.5603 0.3223 -93.8463 0.4070 3.0754 -1079.1533 0.0015 0.0003 1.0000
2.4673 0.2705 -63.6696 0.4114 2.9529 -1042.2200 0.0015 0.0002 1.0000
2.4762 0.2897 -57.9291 0.4181 3.0174 -1067.4409 0.0015 0.0003 1.0000
2.4510 0.2829 -42.0122 0.4265 3.0009 -1064.4955 0.0015 0.0003 1.0000
2.3410 0.2403 -10.9307 0.4129 2.8763 -1017.5921 0.0014 0.0002 1.0000
2.3443 0.2542 -6.0038 0.4268 2.8985 -1028.1644 0.0014 0.0003 1.0000
2.2667 0.2128 17.4835 0.4242 2.7974 -992.2783 0.0014 0.0002 1.0000
2.2192 0.2208 29.1479 0.4159 2.7847 -982.2697 0.0014 0.0002 1.0000
2.1409 0.1992 45.0744 0.4066 2.6820 -937.4173 0.0013 0.0002 1.0000
2.2233 0.2598 27.4588 0.4271 2.8173 -981.1465 0.0014 0.0003 1.0000
2.0260 0.1716 76.2077 0.3824 2.5718 -875.0479 0.0012 0.0002 1.0000
2.0677 0.1986 69.9348 0.3960 2.6406 -893.7090 0.0013 0.0002 1.0000
1.9859 0.1463 91.6050 0.3905 2.4943 -832.3482 0.0012 0.0001 1.0000
1.9235 0.1613 92.4062 0.3702 2.4635 -810.2765 0.0012 0.0002 1.0000
1.8476 0.1303 107.9703 0.3578 2.3324 -750.9504 0.0011 0.0001 1.0000
1.8604 0.1400 108.5745 0.3637 2.3467 -746.0454 0.0011 0.0001 1.0000
1.7357 0.0823 139.9389 0.3375 2.1862 -678.0061 0.0010 0.0001 1.0000
1.7223 0.1210 129.8182 0.3322 2.1860 -666.4586 0.0010 0.0001 1.0000
1.6908 0.1295 133.2765 0.3168 2.1493 -637.9928 0.0010 0.0001 1.0000
1.6625 0.1412 134.1902 0.3113 2.1130 -615.6034 0.0009 0.0001 1.0000
1.5587 0.1143 150.7912 0.2835 1.9775 -554.7449 0.0008 0.0001 1.0000
1.5600 0.1377 149.4929 0.2839 1.9901 -547.0150 0.0008 0.0001 1.0000
1.4825 0.0918 169.4816 0.2652 1.8444 -485.7272 0.0008 0.0000 1.0000
1.4177 0.0896 177.4135 0.2461 1.7790 -450.2447 0.0007 0.0000 1.0000
1.3905 0.0769 182.5205 0.2385 1.7250 -422.5507 0.0007 0.0000 1.0000
1.4020 0.1086 175.9711 0.2385 1.7578 -423.3728 0.0007 0.0001 1.0000
1.3442 0.0736 191.8165 0.2255 1.6727 -388.3180 0.0006 0.0000 1.0000
1.3114 0.0572 198.2000 0.2127 1.6005 -352.8960 0.0006 -0.0000 1.0000
1.2907 0.0743 195.6501 0.1993 1.5947 -340.9155 0.0006 0.0000 1.0000
1.2435 0.0513 205.6043 0.1902 1.5165 -309.2691 0.0005 -0.0000 1.0000
1.2451 0.0206 218.7657 0.2040 1.4603 -287.2432 0.0005 -0.0001 1.0000
1.1990 0.0291 223.0571 0.1772 1.4393 -267.8826 0.0005 -0.0001 1.0000
1.3068 0.1478 197.0916 0.1889 1.6533 -325.9125 0.0005 0.0001 1.0000
1.2965 0.1738 199.2959 0.1728 1.6833 -322.4493 0.0005 0.0002 1.0000
1.1916 0.0509 232.7672 0.1682 1.4185 -239.4068 0.0005 -0.0000 1.0000
1.2404 0.1684 208.6281 0.1612 1.5914 -281.8120 0.0004 0.0001 1.0000
1.3278 0.1861 215.3141 0.1822 1.7005 -308.6542 0.0005 0.0002 1.0000
1.1429 0.0630 250.9848 0.1415 1.3894 -207.5621 0.0004 0.0000 1.0000
1.1097 0.0449 260.3564 0.1318 1.3366 -184.8552 0.0004 -0.0000 1.0000
1.1404 0.0483 253.0536 0.1475 1.3212 -176.8272 0.0004 -0.0000 1.0000
1.1040 0.0225 261.0733 0.1360 1.2744 -160.7996 0.0004 -0.0001 1.0000
1.1013 0.0313 261.7317 0.1265 1.2965 -162.7665 0.0003 -0.0000 1.0000
1.0684 0.0256 261.4071 0.1168 1.2367 -137.6048 0.0003 -0.0001 1.0000
1.1142 0.0534 247.8500 0.1299 1.2928 -153.2760 0.0003 -0.0000 1.0000
1.0477 0.0311 255.1204 0.1047 1.2105 -119.6529 0.0003 -0.0000 1.0000
1.0420 0.0431 245.4893 0.0979 1.2196 -120.3253 0.0003 -0.0000 1.0000
1.0516 0.0345 241.7260 0.1041 1.1966 -108.6994 0.0003 -0.0000 1.0000
1.0335 0.0391 237.3931 0.0988 1.1858 -100.6382 0.0003 -0.0000 1.0000
0.9732 -0.0050 243.3646 0.0802 1.0926 -68.5223 0.0002 -0.0001 1.0000
1.0322 0.0730 212.0016 0.0791 1.2235 -96.4486 0.0003 0.0000 1.0000
1.0240 0.0720 199.5612 0.0724 1.1957 -79.8447 0.0002 -0.0000 1.0000
0.9994 0.0403 200.5856 0.0710 1.1350 -57.7963 0.0002 -0.0001 1.0000
1.0058 0.0707 184.7472 0.0532 1.1742 -54.8453 0.0002 -0.0000 1.0000
1.0248 0.0638 176.1653 0.0595 1.1811 -52.4737 0.0002 -0.0000 1.0000
1.0125 0.1066 159.3659 0.0250 1.2412 -53.6967 0.0002 0.0001 1.0000
1.0146 0.0417 166.5347 0.0523 1.1387 -23.9422 0.0002 -0.0000 1.0000
1.0369 0.0887 135.8452 0.0529 1.1773 -25.2688 0.0002 0.0000 1.0000
0.9489 0.0309 154.1926 0.0203 1.0406 26.3864 0.0002 -0.0001 1.0000
1.0542 0.0774 121.1172 0.0516 1.1731 -7.3346 0.0003 -0.0000 1.0000
0.9519 0.0378 141.2401 0.0021 1.0696 36.0805 0.0002 -0.0001 1.0000
1.0425 0.0749 114.7705 0.0390 1.1720 8.7274 0.0002 -0.0000 1.0000
1.0326 0.0670 114.7431 0.0369 1.1413 26.1631 0.0002 -0.0000 1.0000
1.0650 0.0468 115.3085 0.0666 1.1223 35.6248 0.0003 -0.0001 1.0000
0.9757 0.0480 126.0732 0.0084 1.0968 56.8959 0.0002 -0.0000 1.0000
0.9742 0.0281 127.7473 0.0180 1.0509 75.9304 0.0002 -0.0001 1.0000
0.9475 0.0393 127.9970 0.0001 1.0507 88.8314 0.0002 -0.0001 1.0000
1.0257 0.0684 112.8976 0.0269 1.1454 76.6817 0.0002 -0.0000 1.0000
0.9262 0.0383 134.0623 -0.0264 1.0578 115.5188 0.0001 -0.0000 1.0000
0.9665 0.0353 128.8118 0.0100 1.0610 119.9302 0.0002 -0.0001 1.0000
0.9231 0.0643 127.5474 -0.0350 1.0767 137.8156 0.0001 -0.0000 1.0000
0.8660 0.0276 148.3779 -0.0571 1.0201 159.6803 0.0001 -0.0001 1.0000
0.7295 0.0460 163.4381 -0.1602 0.9520 210.3261 -0.0001 -0.0000 1.0000
0.7194 0.0145 174.0217 -0.1495 0.9003 227.1056 -0.0001 -0.0001 1.0000
1.0000 0.0000 0.0000 0.0000 1.0000 0.0000 0.0000 0.0000 1.0000
1.0000 0.0000 0.0000 0.0000 1.0000 0.0000 0.0000 0.0000 1.0000
1.0000 0.0000 0.0000 0.0000 1.0000 0.0000 0.0000 0.0000 1.0000
1.0000 0.0000 0.0000 0.0000 1.0000 0.0000 0.0000 0.0000 1.0000
1.0000 0.0000 0.0000 0.0000 1.0000 0.0000 0.0000 0.0000 1.0000
1.0000 0.0000 0.0000 0.0000 1.0000 0.0000 0.0000 0.0000 1.0000
1.0000 0.0000 0.0000 0.0000 1.0000 0.0000 0.0000 0.0000 1.0000
1.0000 0.0000 0.0000 0.0000 1.0000 0.0000 0.0000 0.0000 1.0000
1.0000 0.0000 0.0000 0.0000 1.0000 0.0000 0.0000 0.0000 1.0000
1.0000 0.0000 0.0000 0.0000 1.0000 0.0000 0.0000 0.0000 1.0000
1.0000 0.0000 0.0000 0.0000 1.0000 0.0000 0.0000 0.0000 1.0000
1.0000 0.0000 0.0000 0.0000 1.0000 0.0000 0.0000 0.0000 1.0000
1.0000 0.0000 0.0000 0.0000 1.0000 0.0000 0.0000 0.0000 1.0000
1.0000 0.0000 0.0000 0.0000 1.0000 0.0000 0.0000 0.0000 1.0000
1.0000 0.0000 0.0000 0.0000 1.0000 0.0000 0.0000 0.0000 1.0000
1.0000 0.0000 0.0000 0.0000 1.0000 0.0000 0.0000 0.0000 1.0000
1.0000 0.0000 0.0000 0.0000 1.0000 0.0000 0.0000 0.0000 1.0000
1.0000 0.0000 0.0000 0.0000 1.0000 0.0000 0.0000 0.0000 1.0000
1.0000 0.0000 0.0000 0.0000 1.0000 0.0000 0.0000 0.0000 1.0000
1.0000 0.0000 0.0000 0.0000 1.0000 0.0000 0.0000 0.0000 1.0000
1.0000 0.0000 0.0000 0.0000 1.0000 0.0000 0.0000 0.0000 1.0000
1.0000 0.0000 0.0000 0.0000 1.0000 0.0000 0.0000 0.0000 1.0000
1.0000 0.0000 0.0000 0.0000 1.0000 0.0000 0.0000 0.0000 1.0000
1.0000 0.0000 0.0000 0.0000 1.0000 0.0000 0.0000 0.0000 1.0000
1.0000 0.0000 0.0000 0.0000 1.0000 0.0000 0.0000 0.0000 1.0000
1.0000 0.0000 0.0000 0.0000 1.0000 0.0000 0.0000 0.0000 1.0000
1.0000 0.0000 0.0000 0.0000 1.0000 0.0000 0.0000 0.0000 1.0000
1.0000 0.0000 0.0000 0.0000 1.0000 0.0000 0.0000 0.0000 1.0000
1.0000 0.0000 0.0000 0.0000 1.0000 0.0000 0.0000 0.0000 1.0000
1.0000 0.0000 0.0000 0.0000 1.0000 0.0000 0.0000 0.0000 1.0000
1.0000 0.0000 0.0000 0.0000 1.0000 0.0000 0.0000 0.0000 1.0000
1.0000 0.0000 0.0000 0.0000 1.0000 0.0000 0.0000 0.0000 1.0000
1.0000 0.0000 0.0000 0.0000 1.0000 0.0000 0.0000 0.0000 1.0000
1.0000 0.0000 0.0000 0.0000 1.0000 0.0000 0.0000 0.0000 1.0000
1.0000 0.0000 0.0000 0.0000 1.0000 0.0000 0.0000 0.0000 1.0000
1.0000 0.0000 0.0000 0.0000 1.0000 0.0000 0.0000 0.0000 1.0000
1.0000 0.0000 0.0000 0.0000 1.0000 0.0000 0.0000 0.0000 1.0000
1.0000 0.0000 0.0000 0.0000 1.0000 0.0000 0.0000 0.0000 1.0000
1.0000 0.0000 0.0000 0.0000 1.0000 0.0000 0.0000 0.0000 1.0000
1.0000 0.0000 0.0000 0.0000 1.0000 0.0000 0.0000 0.0000 1.0000
1.0000 0.0000 0.0000 0.0000 1.0000 0.0000 0.0000 0.0000 1.0000
1.2705 -0.0114 306.8496 0.2653 1.1302 87.3598 0.0005 -0.0000 1.0000
1.1137 0.0209 306.3924 0.1612 1.1324 68.8896 0.0003 -0.0000 1.0000
0.9980 -0.0360 323.5903 0.1083 1.0138 82.2379 0.0003 -0.0001 1.0000
1.1542 0.0334 286.3475 0.1687 1.1573 22.7730 0.0004 -0.0000 1.0000
1.0432 -0.0307 300.3240 0.1268 1.0175 41.6417 0.0003 -0.0001 1.0000
1.1542 0.0285 265.5480 0.1581 1.0988 9.3825 0.0004 -0.0001 1.0000
1.1626 0.0715 246.9530 0.1380 1.1804 -29.7208 0.0004 -0.0000 1.0000
1.2384 0.0112 239.1365 0.1949 1.0910 -26.0037 0.0005 -0.0001 1.0000
1.1309 0.1072 213.7451 0.0920 1.1489 -34.9602 0.0003 -0.0000 1.0000
1.1021 0.0672 216.2787 0.0956 1.0857 -35.2765 0.0003 -0.0001 1.0000
1.0618 0.1388 187.0712 0.0481 1.1429 -55.3232 0.0003 -0.0000 1.0000
1.1778 0.1544 164.2740 0.0845 1.2074 -86.1840 0.0004 0.0000 1.0000
1.2581 0.2117 118.9094 0.0885 1.2775 -114.4853 0.0004 0.0001 1.0000
1.1282 0.1746 127.7777 0.0358 1.1670 -87.5379 0.0003 -0.0000 1.0000
1.1486 0.2597 89.4228 0.0055 1.2750 -121.3518 0.0003 0.0001 1.0000
1.0433 0.0929 123.6541 0.0197 0.9963 -61.5451 0.0003 -0.0002 1.0000
1.1133 0.1815 74.6897 -0.0001 1.1191 -96.0318 0.0003 -0.0001 1.0000
1.2141 0.3195 -2.3656 -0.0066 1.2879 -150.5439 0.0004 0.0001 1.0000
1.1409 0.2249 16.2286 -0.0192 1.1359 -113.3700 0.0003 -0.0001 1.0000
1.1774 0.2505 -14.1528 -0.0300 1.1534 -118.4650 0.0004 -0.0000 1.0000
1.1486 0.2814 -38.5874 -0.0562 1.1665 -129.4967 0.0003 -0.0000 1.0000
1.2446 0.2815 -73.3193 -0.0330 1.2001 -155.2312 0.0004 -0.0000 1.0000
1.2346 0.3545 -114.3167 -0.0782 1.2676 -173.6983 0.0003 0.0001 1.0000
1.2934 0.3646 -146.5543 -0.0588 1.2672 -186.1396 0.0004 0.0000 1.0000
1.3057 0.3707 -167.8215 -0.0733 1.2765 -192.5197 0.0004 0.0000 1.0000
1.4355 0.4319 -226.1733 -0.0706 1.4059 -235.2557 0.0005 0.0001 1.0000
1.3983 0.4296 -237.3941 -0.0947 1.3843 -229.6837 0.0004 0.0001 1.0000
1.3908 0.4427 -261.1064 -0.1162 1.3839 -228.9181 0.0004 0.0001 1.0000
1.3365 0.4315 -264.4464 -0.1382 1.3389 -215.3776 0.0004 0.0000 1.0000
1.4184 0.4467 -300.0811 -0.1409 1.3946 -233.4577 0.0004 0.0001 1.0000
1.4218 0.4507 -312.4848 -0.1558 1.4056 -236.9782 0.0004 0.0001 1.0000
1.4998 0.4848 -348.7544 -0.1547 1.4818 -264.5101 0.0004 0.0001 1.0000
1.5164 0.4500 -350.5573 -0.1499 1.4524 -259.9752 0.0004 0.0001 1.0000
1.5840 0.4919 -389.9675 -0.1522 1.5241 -286.9070 0.0004 0.0001 1.0000
1.5736 0.4582 -387.2652 -0.1366 1.4626 -274.4381 0.0005 0.0000 1.0000
1.5954 0.4698 -402.0936 -0.1624 1.5253 -291.6797 0.0004 0.0001 1.0000
1.5780 0.4158 -382.3842 -0.1574 1.4738 -279.7005 0.0004 0.0000 1.0000
1.5266 0.3886 -364.2697 -0.1641 1.4270 -266.4050 0.0003 -0.0000 1.0000
1.5480 0.3829 -367.2484 -0.1632 1.4675 -286.6440 0.0003 -0.0000 1.0000
1.5242 0.3517 -349.6820 -0.1693 1.4337 -277.1371 0.0003 -0.0000 1.0000
1.6847 0.3926 -394.9150 -0.1549 1.5658 -324.1298 0.0003 0.0000 1.0000
1.7368 0.3927 -400.9987 -0.1390 1.5829 -337.8876 0.0004 0.0000 1.0000
1.7291 0.3916 -396.9935 -0.1493 1.5897 -345.8133 0.0003 0.0000 1.0000
1.8242 0.3991 -409.8290 -0.1438 1.7118 -396.1820 0.0003 0.0001 1.0000
1.7657 0.3520 -376.9309 -0.1399 1.6205 -373.1460 0.0003 0.0000 1.0000
1.7249 0.2960 -337.8536 -0.1302 1.5684 -363.6292 0.0003 -0.0000 1.0000
1.7738 0.3112 -344.9999 -0.1368 1.6626 -404.5555 0.0002 0.0000 1.0000
1.8256 0.3355 -360.9204 -0.1329 1.7089 -428.0201 0.0002 0.0001 1.0000
1.7951 0.2859 -329.8944 -0.1064 1.6326 -420.3101 0.0002 -0.0000 1.0000
1.7712 0.2602 -304.8858 -0.1157 1.6502 -432.2958 0.0002 -0.0000 1.0000
1.7587 0.2406 -288.9977 -0.1111 1.6268 -432.6250 0.0002 -0.0000 1.0000
1.7684 0.2386 -281.6309 -0.1183 1.6586 -447.9382 0.0001 -0.0000 1.0000
1.8430 0.2538 -298.2838 -0.1134 1.7356 -484.1652 0.0001 0.0000 1.0000
1.8561 0.2452 -292.8309 -0.1126 1.7511 -496.0930 0.0001 0.0000 1.0000
1.8394 0.2221 -279.6449 -0.1093 1.7023 -483.1626 0.0001 -0.0000 1.0000
1.8767 0.2292 -286.8192 -0.1066 1.7520 -508.1252 0.0001 0.0000 1.0000
1.8925 0.2196 -290.3453 -0.1027 1.7645 -516.6633 0.0001 0.0000 1.0000
1.9452 0.2291 -311.1898 -0.0959 1.8253 -545.1936 0.0001 0.0000 1.0000
1.9083 0.1810 -291.9397 -0.0969 1.7779 -528.4733 0.0000 0.0000 1.0000
1.9714 0.2116 -329.9189 -0.0926 1.8430 -554.5828 0.0000 0.0000 1.0000
1.8814 0.1553 -304.4301 -0.1009 1.7311 -509.1444 -0.0000 -0.0000 1.0000
1.8788 0.1616 -314.2180 -0.1103 1.7595 -516.9169 -0.0000 0.0000 1.0000
1.9170 0.1657 -334.3663 -0.1108 1.7962 -530.3909 -0.0000 0.0000 1.0000
1.8857 0.1572 -332.8015 -0.1235 1.7931 -522.9289 -0.0001 0.0000 1.0000
1.7967 0.1044 -303.9868 -0.1315 1.6798 -475.4873 -0.0001 -0.0000 1.0000
1.8883 0.1510 -358.0129 -0.1377 1.7692 -504.7633 -0.0001 0.0000 1.0000
1.8022 0.1160 -327.9543 -0.1434 1.6813 -467.9412 -0.0002 -0.0000 1.0000
1.7660 0.1598 -337.1167 -0.1636 1.6977 -463.5076 -0.0002 0.0001 1.0000
1.6058 0.1059 -285.1894 -0.1814 1.5613 -407.1128 -0.0003 -0.0000 1.0000
1.5864 0.1376 -292.6777 -0.1951 1.5609 -394.6732 -0.0003 0.0000 1.0000
1.5565 0.1135 -270.8370 -0.1743 1.5093 -375.2364 -0.0003 -0.0000 1.0000
1.4522 0.1012 -247.7797 -0.2147 1.4553 -332.3202 -0.0004 0.0000 1.0000
1.4212 0.0919 -237.2368 -0.2131 1.4515 -325.6080 -0.0004 0.0000 1.0000
1.3695 0.0849 -224.1490 -0.2127 1.3917 -292.3963 -0.0004 -0.0000 1.0000
1.2789 0.0849 -203.4820 -0.2382 1.3420 -255.5112 -0.0004 0.0000 1.0000
1.2641 0.0758 -192.7147 -0.2344 1.3367 -246.5857 -0.0004 0.0000 1.0000
1.1920 0.0543 -164.2048 -0.2429 1.2694 -208.5403 -0.0005 -0.0000 1.0000
1.1720 0.0743 -164.7345 -0.2535 1.2931 -206.3452 -0.0005 0.0000 1.0000
1.1050 0.0663 -143.8266 -0.2661 1.2395 -173.2655 -0.0005 0.0000 1.0000
1.0504 0.0549 -123.4807 -0.2638 1.1899 -149.8624 -0.0005 -0.0000 1.0000
1.0148 0.0614 -114.5903 -0.2811 1.1755 -129.9999 -0.0005 0.0000 1.0000
0.9542 0.0537 -93.9255 -0.2851 1.1145 -101.0384 -0.0006 -0.0000 1.0000
0.8869 0.0594 -72.7212 -0.3122 1.0969 -78.8701 -0.0006 0.0000 1.0000
0.9044 0.0724 -75.9491 -0.2972 1.1138 -83.2293 -0.0006 0.0000 1.0000
0.8318 0.0613 -48.7446 -0.3184 1.0668 -57.5114 -0.0006 0.0000 1.0000
0.8204 0.0476 -31.6638 -0.3033 1.0369 -46.7102 -0.0006 -0.0000 1.0000
0.7766 0.0487 -13.1045 -0.3099 1.0109 -33.4654 -0.0006 -0.0000 1.0000
0.7371 0.0787 -8.6764 -0.3266 1.0175 -29.2034 -0.0006 0.0000 1.0000
0.6888 0.0643 17.9242 -0.3290 0.9789 -14.0347 -0.0006 0.0000 1.0000
0.6583 0.0644 34.1969 -0.3303 0.9563 -4.2364 -0.0006 -0.0000 1.0000
0.6514 0.0433 53.0538 -0.3181 0.9374 0.5390 -0.0006 -0.0000 1.0000
0.6355 0.0443 64.7028 -0.3197 0.9429 -0.5676 -0.0006 -0.0000 1.0000
0.5935 0.0461 79.9952 -0.3306 0.9239 10.0165 -0.0007 -0.0000 1.0000
0.5759 0.0679 86.3830 -0.3337 0.9326 11.1691 -0.0007 0.0000 1.0000
0.5654 0.0496 102.3648 -0.3244 0.9177 12.8964 -0.0007 -0.0000 1.0000
0.5188 0.0362 124.1238 -0.3325 0.8763 30.8865 -0.0007 -0.0000 1.0000
0.4941 0.0226 141.3967 -0.3283 0.8498 38.8192 -0.0007 -0.0000 1.0000
0.4720 0.0282 155.9259 -0.3364 0.8702 36.0816 -0.0007 -0.0000 1.0000
0.4581 0.0679 152.5166 -0.3491 0.9066 32.1732 -0.0007 0.0000 1.0000
0.4044 0.0238 184.4065 -0.3431 0.8315 55.3066 -0.0007 -0.0000 1.0000
0.3757 0.0303 200.5324 -0.3522 0.8446 55.7648 -0.0007 -0.0000 1.0000
0.3599 0.0296 205.3265 -0.3566 0.8317 63.4163 -0.0007 -0.0000 1.0000
0.3353 -0.0047 221.3221 -0.3523 0.7834 76.8912 -0.0007 -0.0001 1.0000
0.3161 -0.0163 230.5482 -0.3503 0.7618 83.2752 -0.0007 -0.0001 1.0000
0.3084 0.0023 231.8666 -0.3617 0.8059 73.4164 -0.0007 -0.0000 1.0000
0.2753 -0.0114 240.6155 -0.3611 0.7556 89.1055 -0.0007 -0.0001 1.0000
0.2717 0.0354 233.2522 -0.3740 0.8296 70.5425 -0.0008 0.0000 1.0000
0.2443 -0.0055 250.0611 -0.3609 0.7624 85.7704 -0.0008 -0.0000 1.0000
0.2174 -0.0132 258.0251 -0.3692 0.7440 94.1575 -0.0008 -0.0001 1.0000
0.2187 0.0056 253.5250 -0.3723 0.7799 83.3876 -0.0008 -0.0000 1.0000
0.1934 0.0068 258.4379 -0.3797 0.7683 89.3963 -0.0008 -0.0000 1.0000
0.1840 0.0027 265.7532 -0.3800 0.7781 86.0213 -0.0008 -0.0000 1.0000
0.1579 0.0031 269.2657 -0.3833 0.7538 95.0008 -0.0008 -0.0000 1.0000
0.1352 -0.0205 282.1585 -0.3840 0.7247 102.8352 -0.0008 -0.0001 1.0000
0.1106 0.0087 279.9677 -0.3985 0.7389 104.5779 -0.0008 -0.0000 1.0000
0.1068 -0.0025 291.4079 -0.3891 0.7320 104.0143 -0.0008 -0.0000 1.0000
0.0897 0.0135 294.1833 -0.4030 0.7666 94.1518 -0.0008 -0.0000 1.0000
0.0694 0.0125 303.0421 -0.4091 0.7563 100.0699 -0.0008 -0.0000 1.0000
0.0789 0.0144 300.1371 -0.3935 0.7383 101.5194 -0.0008 -0.0001 1.0000
0.0588 -0.0148 319.1532 -0.3895 0.7085 107.3752 -0.0008 -0.0001 1.0000
0.0450 0.0202 317.3042 -0.4069 0.7488 100.2537 -0.0008 -0.0000 1.0000
0.0155 0.0024 333.5584 -0.4117 0.7160 111.2610 -0.0008 -0.0001 1.0000
0.0048 0.0338 334.7795 -0.4231 0.7693 96.9592 -0.0009 -0.0000 1.0000
-0.0077 0.0166 343.0772 -0.4244 0.7405 104.6589 -0.0009 -0.0000 1.0000
-0.0015 0.0453 337.4838 -0.4254 0.7838 89.8968 -0.0009 -0.0000 1.0000
-0.0158 0.0130 346.9789 -0.4208 0.7298 103.6236 -0.0009 -0.0001 1.0000
-0.0218 0.0126 352.7460 -0.4246 0.7409 99.5895 -0.0009 -0.0001 1.0000
-0.0297 0.0383 344.2549 -0.4314 0.7535 95.7158 -0.0009 -0.0001 1.0000
-0.0362 0.0356 350.6032 -0.4396 0.7683 92.5483 -0.0009 -0.0000 1.0000
-0.0376 0.0324 354.6812 -0.4393 0.7798 86.8685 -0.0009 -0.0000 1.0000
-0.0525 0.0246 358.3899 -0.4451 0.7542 96.7784 -0.0009 -0.0001 1.0000
-0.0731 0.0571 354.9621 -0.4665 0.7909 91.4161 -0.0009 -0.0000 1.0000
-0.0672 0.0390 356.1572 -0.4574 0.7719 93.5510 -0.0009 -0.0001 1.0000
-0.0718 0.0606 354.6888 -0.4751 0.8182 85.4676 -0.0009 -0.0000 1.0000
-0.0707 0.0351 356.7189 -0.4644 0.7776 94.5199 -0.0009 -0.0001 1.0000
-0.0776 0.0428 356.8154 -0.4801 0.8035 91.1812 -0.0009 -0.0001 1.0000
-0.0760 0.0585 349.8486 -0.4817 0.8202 86.3659 -0.0009 -0.0001 1.0000
-0.0999 0.0268 363.5366 -0.4857 0.7837 97.2417 -0.0009 -0.0001 1.0000
-0.0828 0.0468 355.3789 -0.4865 0.8290 83.0162 -0.0009 -0.0001 1.0000
-0.0919 0.0729 346.9169 -0.4998 0.8549 77.7226 -0.0010 -0.0000 1.0000
-0.1023 0.0342 359.9168 -0.4926 0.8105 87.7997 -0.0010 -0.0001 1.0000
-0.0993 0.0132 364.1981 -0.4872 0.7896 91.5977 -0.0009 -0.0001 1.0000
-0.0908 0.0476 351.4254 -0.4919 0.8397 75.3778 -0.0010 -0.0001 1.0000
-0.1067 0.0593 352.7555 -0.5020 0.8570 70.2379 -0.0010 -0.0001 1.0000
-0.1138 0.0240 364.4603 -0.4957 0.8228 76.7295 -0.0010 -0.0001 1.0000
-0.1114 0.0528 354.0272 -0.4991 0.8594 63.8902 -0.0010 -0.0001 1.0000
-0.1087 0.0527 351.6457 -0.4927 0.8738 53.2853 -0.0010 -0.0001 1.0000
-0.1294 0.0603 351.2712 -0.5017 0.8654 58.0915 -0.0010 -0.0001 1.0000
-0.1186 -0.0053 366.2883 -0.4805 0.8043 68.7647 -0.0010 -0.0001 1.0000
-0.1344 0.0274 355.9209 -0.4931 0.8427 56.7652 -0.0010 -0.0001 1.0000
-0.1339 0.0198 357.2129 -0.4853 0.8323 56.9190 -0.0010 -0.0001 1.0000
-0.1342 0.0449 350.5339 -0.4858 0.8784 38.4926 -0.0010 -0.0000 1.0000
-0.1332 0.0179 357.4920 -0.4735 0.8507 41.9587 -0.0010 -0.0001 1.0000
-0.1317 -0.0116 369.0246 -0.4595 0.8373 39.9429 -0.0010 -0.0001 1.0000
-0.1308 0.0343 354.2164 -0.4643 0.9045 16.2188 -0.0010 -0.0000 1.0000
-0.1505 0.0008 365.7193 -0.4581 0.8452 31.3365 -0.0010 -0.0001 1.0000
-0.1418 -0.0051 367.6577 -0.4413 0.8618 16.4858 -0.0010 -0.0000 1.0000
-0.1587 0.0350 366.5781 -0.4535 0.9323 -6.1866 -0.0010 0.0000 1.0000
-0.1529 0.0319 368.5927 -0.4423 0.9437 -18.0914 -0.0010 0.0001 1.0000
-0.1592 -0.0340 387.5594 -0.4140 0.8383 4.7479 -0.0010 -0.0000 1.0000
-0.1373 -0.0651 399.3358 -0.3859 0.8454 -12.2654 -0.0010 -0.0000 1.0000
-0.1525 -0.0740 412.8570 -0.3817 0.8515 -19.8888 -0.0010 -0.0000 1.0000
-0.1449 -0.0955 423.5026 -0.3639 0.8434 -25.3174 -0.0010 -0.0000 1.0000
-0.1603 -0.1357 442.1742 -0.3540 0.7929 -13.8365 -0.0010 -0.0000 1.0000
-0.1818 -0.1279 448.9077 -0.3539 0.7939 -16.1076 -0.0010 -0.0000 1.0000
-0.1545 -0.1684 466.2501 -0.3232 0.8030 -32.6837 -0.0010 -0.0000 1.0000
-0.1610 -0.1966 481.4898 -0.3097 0.7763 -30.8406 -0.0010 -0.0000 1.0000
-0.1602 -0.2165 496.6400 -0.2946 0.7818 -40.9981 -0.0010 -0.0000 1.0000
-0.1598 -0.2433 511.2168 -0.2764 0.7670 -44.8237 -0.0009 -0.0001 1.0000
-0.1836 -0.2599 529.0197 -0.2706 0.7532 -46.3489 -0.0010 -0.0000 1.0000
-0.1731 -0.2978 545.3445 -0.2452 0.7319 -50.3700 -0.0009 -0.0001 1.0000
-0.1813 -0.3205 564.2783 -0.2368 0.7340 -56.1966 -0.0010 -0.0000 1.0000
-0.1889 -0.3455 580.5902 -0.2243 0.7200 -58.0627 -0.0010 -0.0000 1.0000
-0.1890 -0.3713 594.6185 -0.2065 0.6992 -58.0969 -0.0009 -0.0001 1.0000
-0.2003 -0.4148 616.9296 -0.1923 0.6574 -49.7425 -0.0009 -0.0001 1.0000
-0.2042 -0.4429 635.5585 -0.1775 0.6430 -50.0794 -0.0009 -0.0001 1.0000
-0.2155 -0.4647 653.4519 -0.1671 0.6349 -52.6657 -0.0009 -0.0001 1.0000
-0.2378 -0.4621 667.6615 -0.1626 0.6287 -50.8346 -0.0010 -0.0000 1.0000
-0.2285 -0.5234 697.8686 -0.1386 0.6084 -53.0649 -0.0009 -0.0001 1.0000
-0.2599 -0.5077 703.5891 -0.1404 0.5959 -49.3537 -0.0010 -0.0000 1.0000
-0.2874 -0.5270 718.4958 -0.1348 0.5417 -33.2281 -0.0010 -0.0001 1.0000
-0.2795 -0.5816 747.6875 -0.1165 0.5210 -31.9462 -0.0009 -0.0001 1.0000
-0.2882 -0.5870 771.7951 -0.0995 0.5465 -48.1239 -0.0010 -0.0001 1.0000
-0.3251 -0.5955 782.4490 -0.1032 0.4834 -24.6623 -0.0010 -0.0001 1.0000
-0.3320 -0.6161 801.5161 -0.0940 0.4739 -24.5280 -0.0010 -0.0001 1.0000
-0.3331 -0.6533 821.6587 -0.0806 0.4460 -20.5075 -0.0010 -0.0001 1.0000
-0.3631 -0.6364 840.9077 -0.0777 0.4670 -28.6045 -0.0010 -0.0000 1.0000
-0.3506 -0.6832 862.9704 -0.0587 0.4492 -28.4814 -0.0010 -0.0001 1.0000
-0.3681 -0.6837 880.8338 -0.0524 0.4620 -35.5128 -0.0010 -0.0000 1.0000
-0.3635 -0.7128 891.7865 -0.0434 0.4350 -27.8389 -0.0010 -0.0000 1.0000
-0.3887 -0.7183 892.3452 -0.0525 0.3844 -5.5644 -0.0010 -0.0001 1.0000
-0.3808 -0.7249 902.5463 -0.0393 0.4039 -16.4082 -0.0010 -0.0000 1.0000
-0.4015 -0.7121 906.3540 -0.0418 0.4106 -18.0162 -0.0010 -0.0000 1.0000
-0.3890 -0.7399 905.2908 -0.0368 0.3837 -10.4105 -0.0010 -0.0001 1.0000
-0.3874 -0.7384 916.5856 -0.0311 0.4247 -26.5129 -0.0010 -0.0000 1.0000
-0.4043 -0.7188 899.1866 -0.0420 0.4014 -15.0939 -0.0010 -0.0000 1.0000
-0.3902 -0.7253 894.2393 -0.0419 0.4119 -17.8919 -0.0010 -0.0000 1.0000
-0.3940 -0.7076 878.0925 -0.0511 0.4083 -13.5104 -0.0010 -0.0000 1.0000
-0.3781 -0.7057 871.6093 -0.0488 0.4373 -24.4705 -0.0010 -0.0000 1.0000
-0.3777 -0.6869 833.3286 -0.0707 0.3904 -1.7592 -0.0010 -0.0001 1.0000
-0.3500 -0.6902 839.4437 -0.0639 0.4846 -34.9357 -0.0010 -0.0000 1.0000
-0.3242 -0.6968 826.6401 -0.0619 0.5183 -48.8973 -0.0010 -0.0000 1.0000
-0.3043 -0.6853 795.1578 -0.0748 0.5094 -39.8539 -0.0010 -0.0001 1.0000
-0.2450 -0.6868 770.7493 -0.0690 0.5421 -49.2283 -0.0009 -0.0001 1.0000
-0.2477 -0.6604 723.5521 -0.1059 0.4591 -6.3455 -0.0009 -0.0002 1.0000
-0.2339 -0.6169 691.7926 -0.1239 0.5150 -17.9868 -0.0009 -0.0002 1.0000
-0.1812 -0.6199 656.4005 -0.1221 0.4980 -6.4735 -0.0009 -0.0003 1.0000
-0.1484 -0.5918 619.4067 -0.1426 0.5432 -8.3704 -0.0009 -0.0002 1.0000
-0.1373 -0.5181 589.1833 -0.1830 0.7221 -51.8609 -0.0010 -0.0001 1.0000
-0.0967 -0.4975 545.4142 -0.1939 0.6826 -25.3647 -0.0009 -0.0001 1.0000
-0.0710 -0.4945 521.5732 -0.2098 0.6737 -10.9945 -0.0009 -0.0002 1.0000
-0.0752 -0.4126 482.0454 -0.2559 0.7231 -3.8264 -0.0009 -0.0001 1.0000
-0.0357 -0.4045 459.4146 -0.2569 0.7377 -3.0158 -0.0009 -0.0001 1.0000
-0.0294 -0.3630 438.3663 -0.2870 0.7763 0.1816 -0.0009 -0.0001 1.0000
-0.0470 -0.2998 407.4095 -0.3451 0.7577 36.2669 -0.0009 -0.0001 1.0000
-0.0481 -0.2437 388.3560 -0.3780 0.8164 33.6712 -0.0010 -0.0000 1.0000
-0.0484 -0.2360 382.0030 -0.3914 0.7849 53.6873 -0.0010 -0.0001 1.0000
-0.0408 -0.2261 371.4348 -0.3929 0.7452 70.8530 -0.0009 -0.0001 1.0000
-0.0365 -0.2025 362.7387 -0.4078 0.7561 77.0608 -0.0009 -0.0001 1.0000
-0.0347 -0.1832 355.1745 -0.4180 0.7569 82.0560 -0.0009 -0.0001 1.0000
-0.0346 -0.1300 341.8317 -0.4403 0.8280 68.5866 -0.0009 -0.0000 1.0000
-0.0389 -0.1101 333.5644 -0.4539 0.8193 75.8127 -0.0009 -0.0000 1.0000
-0.0190 -0.1256 332.1630 -0.4328 0.7604 88.9474 -0.0009 -0.0001 1.0000
-0.0273 -0.0723 320.2527 -0.4480 0.8330 62.5199 -0.0009 -0.0001 1.0000
-0.0434 -0.0169 303.0289 -0.4773 0.8440 70.1008 -0.0009 -0.0000 1.0000
-0.0706 -0.0256 308.5011 -0.4838 0.7798 86.2874 -0.0009 -0.0001 1.0000
-0.0815 0.0598 286.0110 -0.5180 0.8646 66.6850 -0.0010 0.0000 1.0000
-0.0941 0.0619 284.0365 -0.5109 0.7962 82.2291 -0.0010 -0.0000 1.0000
-0.0658 0.1312 258.3218 -0.4938 0.8904 31.7792 -0.0010 0.0000 1.0000
-0.0724 0.1123 262.9274 -0.4783 0.8496 27.0728 -0.0009 -0.0000 1.0000
-0.0828 0.1636 250.1516 -0.4842 0.8914 2.6744 -0.0010 0.0000 1.0000
-0.1057 0.1926 249.6555 -0.4800 0.8645 8.3683 -0.0010 0.0000 1.0000
-0.1237 0.1766 256.6600 -0.4776 0.7908 31.4819 -0.0010 -0.0000 1.0000
-0.1367 0.1866 266.2524 -0.4831 0.8070 24.6642 -0.0010 0.0000 1.0000
-0.1484 0.1808 273.7587 -0.4854 0.7884 31.2718 -0.0010 -0.0000 1.0000
-0.1319 0.1614 277.1282 -0.4674 0.7773 28.5011 -0.0009 -0.0001 1.0000
-0.1482 0.1998 276.1697 -0.5037 0.8160 41.2220 -0.0010 0.0000 1.0000
-0.1120 0.1766 283.7768 -0.5092 0.8575 42.4043 -0.0009 0.0000 1.0000
-0.1649 0.1292 309.4980 -0.5457 0.7585 111.7488 -0.0010 -0.0000 1.0000
-0.1144 0.1038 305.6203 -0.5456 0.8099 111.5737 -0.0009 -0.0000 1.0000
-0.1119 0.0621 316.6255 -0.5676 0.7972 141.8029 -0.0009 -0.0000 1.0000
-0.0849 -0.0192 328.2012 -0.5590 0.6998 189.8643 -0.0009 -0.0001 1.0000
-0.0543 0.0063 305.2357 -0.5778 0.7695 181.4281 -0.0009 -0.0001 1.0000
-0.0488 0.0203 298.7399 -0.5840 0.8176 160.6028 -0.0009 -0.0000 1.0000
-0.0370 -0.0639 343.5170 -0.4790 0.8731 55.9343 -0.0008 -0.0001 1.0000
-0.0509 -0.0868 345.7243 -0.4390 0.7181 85.3049 -0.0008 -0.0002 1.0000
-0.0598 0.0660 304.0971 -0.4813 0.9002 21.2245 -0.0009 0.0000 1.0000
-0.0757 0.0312 318.4003 -0.4683 0.7851 57.3756 -0.0009 -0.0000 1.0000
-0.0469 0.0359 316.5265 -0.4507 0.8489 20.5423 -0.0009 -0.0000 1.0000
-0.0833 -0.0048 332.6745 -0.4607 0.7439 65.3210 -0.0009 -0.0001 1.0000
-0.0171 0.0616 319.3818 -0.4443 0.8855 8.6766 -0.0009 0.0000 1.0000
-0.1312 0.0498 363.0365 -0.4320 0.8224 5.4554 -0.0009 -0.0000 1.0000
-0.1608 0.1285 366.1731 -0.4694 0.9094 -9.2381 -0.0010 0.0001 1.0000
-0.1570 0.1141 365.0361 -0.4505 0.8326 6.7857 -0.0010 0.0000 1.0000
-0.1660 0.0437 385.9400 -0.4452 0.7571 28.7351 -0.0009 -0.0001 1.0000
-0.1705 0.0149 386.8919 -0.4439 0.6922 61.6594 -0.0009 -0.0001 1.0000
-0.1629 -0.0220 381.5634 -0.4339 0.6810 52.3914 -0.0009 -0.0001 1.0000
-0.0939 0.0619 331.4156 -0.4447 0.9114 -38.4396 -0.0010 0.0000 1.0000
-0.0908 0.0869 295.8984 -0.4685 0.8898 -14.6265 -0.0010 0.0001 1.0000
-0.0493 0.0376 282.5693 -0.4474 0.8066 13.1487 -0.0010 -0.0000 1.0000
-0.0107 0.0504 262.9392 -0.4550 0.8590 1.3913 -0.0010 0.0000 1.0000
0.0022 0.0180 264.4352 -0.4497 0.8257 19.4277 -0.0009 -0.0000 1.0000
-0.0013 0.0024 273.8777 -0.4509 0.8092 31.7113 -0.0009 -0.0000 1.0000
-0.0093 -0.0578 291.4921 -0.4223 0.7096 53.2415 -0.0009 -0.0002 1.0000
-0.0139 -0.0144 289.2727 -0.4390 0.7848 34.3105 -0.0009 -0.0001 1.0000
-0.0167 -0.0293 301.1977 -0.4289 0.7763 31.9373 -0.0009 -0.0001 1.0000
-0.0188 -0.0296 308.1649 -0.4320 0.7851 31.6936 -0.0009 -0.0001 1.0000
-0.0333 -0.0340 316.8618 -0.4346 0.7759 35.7828 -0.0009 -0.0001 1.0000
-0.0344 -0.0387 325.7598 -0.4347 0.7844 33.6775 -0.0009 -0.0001 1.0000
-0.0468 -0.0201 324.6696 -0.4461 0.8077 29.2465 -0.0009 -0.0001 1.0000
-0.0410 -0.0431 333.1441 -0.4360 0.7849 34.1121 -0.0009 -0.0001 1.0000
-0.0489 -0.0207 332.0344 -0.4444 0.8119 27.8162 -0.0009 -0.0000 1.0000
-0.0669 -0.0480 342.1994 -0.4415 0.7534 47.9480 -0.0009 -0.0001 1.0000
-0.0522 -0.0324 339.6485 -0.4432 0.8052 31.3440 -0.0009 -0.0001 1.0000
-0.0608 -0.0521 345.9004 -0.4424 0.7675 44.9095 -0.0009 -0.0001 1.0000
-0.0537 -0.0450 343.4731 -0.4424 0.7972 33.7025 -0.0009 -0.0001 1.0000
-0.0561 -0.0449 341.6530 -0.4413 0.7807 40.6540 -0.0009 -0.0001 1.0000
-0.0699 -0.0459 347.7340 -0.4507 0.7991 35.1846 -0.0009 -0.0001 1.0000
-0.0563 -0.0711 351.4079 -0.4357 0.7715 39.8259 -0.0009 -0.0001 1.0000
-0.0522 -0.0446 345.8242 -0.4407 0.8191 24.5334 -0.0009 -0.0001 1.0000
-0.0583 -0.0698 356.7578 -0.4357 0.7925 31.1373 -0.0009 -0.0001 1.0000
-0.0666 -0.0641 355.4624 -0.4384 0.7872 31.8239 -0.0009 -0.0001 1.0000
-0.0570 -0.0686 358.8967 -0.4355 0.8089 22.0077 -0.0009 -0.0001 1.0000
-0.0577 -0.0481 352.9082 -0.4364 0.8376 9.3721 -0.0009 -0.0001 1.0000
-0.0598 -0.0483 358.5763 -0.4408 0.8460 8.6197 -0.0010 -0.0001 1.0000
-0.0628 -0.0681 364.7487 -0.4340 0.8225 11.0837 -0.0009 -0.0001 1.0000
-0.0690 -0.0556 364.3131 -0.4386 0.8434 3.4971 -0.0010 -0.0001 1.0000
-0.0747 -0.0268 356.3487 -0.4492 0.8641 -0.2017 -0.0010 -0.0001 1.0000
-0.0616 -0.0465 364.1661 -0.4393 0.8829 -15.5020 -0.0010 -0.0001 1.0000
-0.0620 -0.0589 367.8990 -0.4358 0.8605 -9.7893 -0.0010 -0.0001 1.0000
-0.0566 -0.0597 369.2416 -0.4337 0.8749 -18.2323 -0.0010 -0.0001 1.0000
-0.0601 -0.0261 361.1032 -0.4460 0.9234 -33.0795 -0.0010 -0.0000 1.0000
-0.0616 -0.0654 370.6763 -0.4332 0.8645 -19.0016 -0.0010 -0.0001 1.0000
-0.0621 -0.0409 365.7704 -0.4411 0.9068 -33.3491 -0.0010 -0.0001 1.0000
-0.0650 -0.0407 365.7954 -0.4428 0.9029 -33.1066 -0.0010 -0.0001 1.0000
-0.0679 -0.0612 371.1891 -0.4370 0.8782 -29.6995 -0.0010 -0.0001 1.0000
-0.0515 -0.0726 370.3107 -0.4247 0.8825 -39.5292 -0.0010 -0.0001 1.0000
-0.0556 -0.0490 365.5473 -0.4354 0.9162 -49.1571 -0.0010 -0.0001 1.0000
-0.0579 -0.0492 365.7392 -0.4383 0.9194 -51.5285 -0.0010 -0.0001 1.0000
-0.0498 -0.0574 366.1078 -0.4299 0.9171 -56.1951 -0.0010 -0.0001 1.0000
-0.0529 -0.0512 364.8068 -0.4336 0.9217 -57.0551 -0.0010 -0.0001 1.0000
-0.0518 -0.0378 359.6635 -0.4381 0.9350 -60.4286 -0.0010 -0.0000 1.0000
-0.0515 -0.0559 364.7811 -0.4303 0.9183 -59.5617 -0.0010 -0.0001 1.0000
-0.0542 -0.0557 365.1206 -0.4319 0.9106 -55.8866 -0.0010 -0.0001 1.0000
-0.0550 -0.0720 369.0122 -0.4283 0.8897 -49.2342 -0.0010 -0.0001 1.0000
-0.0517 -0.0581 365.0904 -0.4304 0.9128 -55.8113 -0.0010 -0.0001 1.0000
-0.0543 -0.0602 366.6507 -0.4326 0.9091 -52.1208 -0.0010 -0.0001 1.0000
-0.0525 -0.0542 362.7953 -0.4352 0.9161 -53.3319 -0.0010 -0.0001 1.0000
-0.0505 -0.0592 363.2450 -0.4325 0.9049 -48.7297 -0.0010 -0.0001 1.0000
-0.0512 -0.0551 362.4754 -0.4331 0.9113 -50.5206 -0.0010 -0.0001 1.0000
