1.0000 -0.0000 0.0000 0.0000 1.0000 -0.0000 0.0000 -0.0000 1.0000
0.9828 -0.0019 9.3571 -0.0106 0.9844 10.3447 -0.0000 -0.0000 1.0000
1.0169 0.0114 -1.1535 -0.0017 1.0113 2.8828 0.0000 0.0000 1.0000
0.9645 0.0113 18.4149 -0.0144 0.9908 12.3240 -0.0000 0.0000 1.0000
1.0293 -0.0053 2.0561 -0.0022 1.0102 4.1052 0.0000 -0.0000 1.0000
1.0101 0.0340 4.4316 -0.0125 1.0239 9.3023 0.0000 0.0000 1.0000
0.9455 0.0090 30.7892 -0.0176 0.9697 16.8325 -0.0000 0.0000 1.0000
0.9676 0.0003 30.7194 -0.0116 0.9857 11.3988 -0.0000 -0.0000 1.0000
0.9615 0.0182 31.9302 -0.0206 0.9769 19.8947 -0.0000 0.0000 1.0000
0.9923 0.0230 23.7960 -0.0161 0.9974 15.8166 -0.0000 0.0000 1.0000
0.9790 0.0257 31.0721 -0.0199 0.9920 18.9860 -0.0000 0.0000 1.0000
0.9045 -0.0272 64.7583 -0.0281 0.9388 25.0140 -0.0000 -0.0000 1.0000
0.8881 0.0169 67.9541 -0.0341 0.9552 26.7190 -0.0001 0.0000 1.0000
0.9192 0.0121 59.7099 -0.0365 0.9620 31.1728 -0.0000 0.0000 1.0000
0.8776 0.0266 71.3410 -0.0439 0.9376 38.1298 -0.0001 0.0000 1.0000
0.9233 0.0156 58.2701 -0.0329 0.9578 32.5105 -0.0000 0.0000 1.0000
0.8479 0.0297 81.3445 -0.0390 0.9298 38.2758 -0.0001 0.0000 1.0000
0.9010 0.0100 64.6325 -0.0374 0.9529 37.3340 -0.0001 0.0000 1.0000
0.8450 0.0104 82.7875 -0.0479 0.9243 47.3623 -0.0001 0.0000 1.0000
0.8639 -0.0177 77.7757 -0.0470 0.9194 47.7281 -0.0001 -0.0000 1.0000
0.8979 -0.0023 60.0961 -0.0495 0.9440 46.8037 -0.0001 0.0000 1.0000
0.8889 0.0279 57.2764 -0.0494 0.9578 42.8199 -0.0001 0.0000 1.0000
0.8276 0.0032 82.0064 -0.0563 0.9154 47.6830 -0.0001 0.0000 1.0000
0.8522 0.0043 70.0527 -0.0555 0.9282 42.8664 -0.0001 0.0000 1.0000
0.8600 0.0024 65.0687 -0.0582 0.9297 42.9934 -0.0001 0.0000 1.0000
0.8309 -0.0017 71.9659 -0.0581 0.9147 39.0610 -0.0001 0.0000 1.0000
0.8535 -0.0009 56.9946 -0.0578 0.9235 37.4116 -0.0001 -0.0000 1.0000
0.7836 -0.0085 82.8050 -0.0721 0.8893 46.9702 -0.0001 -0.0000 1.0000
0.8406 -0.0019 56.2182 -0.0690 0.9211 41.7318 -0.0001 0.0000 1.0000
0.8051 0.0066 61.2031 -0.0719 0.9024 45.0171 -0.0001 0.0000 1.0000
0.7910 -0.0065 61.6323 -0.0748 0.8942 48.0560 -0.0001 0.0000 1.0000
0.7935 -0.0074 55.5226 -0.0747 0.9019 47.5570 -0.0001 0.0000 1.0000
0.8196 0.0035 36.7146 -0.0753 0.9152 51.7867 -0.0001 0.0000 1.0000
0.7846 -0.0227 46.5336 -0.0754 0.8909 53.8649 -0.0001 -0.0000 1.0000
0.8133 -0.0116 27.1940 -0.0784 0.9129 57.3689 -0.0001 0.0000 1.0000
0.7789 -0.0216 34.7045 -0.0872 0.8918 66.3513 -0.0001 -0.0000 1.0000
0.7900 0.0093 20.1562 -0.0880 0.9238 64.8525 -0.0001 0.0000 1.0000
0.7544 -0.0358 31.3549 -0.0975 0.8838 75.1119 -0.0001 -0.0000 1.0000
0.7396 -0.0168 27.0277 -0.1033 0.8840 78.9585 -0.0002 0.0000 1.0000
0.7693 -0.0261 12.1476 -0.0978 0.9100 74.1554 -0.0001 0.0000 1.0000
0.7559 -0.0042 11.2790 -0.1036 0.9098 79.5801 -0.0002 0.0000 1.0000
0.7106 -0.0306 24.3556 -0.1107 0.8840 83.4776 -0.0002 -0.0000 1.0000
0.7614 -0.0268 1.0117 -0.1090 0.9109 82.6660 -0.0001 -0.0000 1.0000
0.7532 -0.0296 1.6963 -0.1115 0.9099 83.8049 -0.0001 0.0000 1.0000
0.7141 -0.0376 13.5911 -0.1175 0.8774 90.8416 -0.0002 -0.0000 1.0000
0.6941 -0.0284 14.9144 -0.1216 0.8656 93.7871 -0.0002 0.0000 1.0000
0.6865 -0.0316 19.4133 -0.1230 0.8657 96.3226 -0.0002 -0.0000 1.0000
0.6965 0.0021 10.3599 -0.1268 0.8969 95.9574 -0.0002 0.0001 1.0000
0.6857 -0.0325 17.1368 -0.1251 0.8731 96.6914 -0.0002 0.0000 1.0000
0.6349 -0.0145 34.9768 -0.1366 0.8529 107.0297 -0.0002 0.0000 1.0000
0.6700 -0.0249 23.6279 -0.1297 0.8717 101.2123 -0.0002 0.0000 1.0000
0.6610 -0.0399 31.0063 -0.1300 0.8576 104.6823 -0.0002 -0.0000 1.0000
0.6468 -0.0396 36.1424 -0.1383 0.8482 111.9554 -0.0002 -0.0000 1.0000
0.6400 -0.0460 43.4674 -0.1382 0.8442 112.0494 -0.0002 -0.0000 1.0000
0.6243 -0.0080 44.4423 -0.1433 0.8524 116.1221 -0.0002 0.0000 1.0000
0.6201 -0.0020 45.4221 -0.1506 0.8570 120.6759 -0.0002 0.0000 1.0000
0.5610 -0.0238 74.2813 -0.1567 0.8085 127.3457 -0.0003 0.0000 1.0000
0.6117 0.0012 53.7113 -0.1562 0.8452 125.7278 -0.0002 0.0000 1.0000
0.5952 -0.0298 68.2516 -0.1516 0.8225 121.9992 -0.0002 -0.0000 1.0000
0.5902 -0.0186 71.9422 -0.1588 0.8238 128.3674 -0.0002 0.0000 1.0000
0.5653 -0.0300 86.1823 -0.1580 0.8093 128.0352 -0.0002 -0.0000 1.0000
0.5505 -0.0068 90.8598 -0.1683 0.8030 137.1745 -0.0002 0.0000 1.0000
0.5635 -0.0212 90.5332 -0.1600 0.8009 135.1302 -0.0002 -0.0000 1.0000
0.5433 0.0020 100.9661 -0.1635 0.8042 139.2067 -0.0002 0.0000 1.0000
0.5390 0.0023 103.5592 -0.1662 0.7958 144.4495 -0.0002 0.0000 1.0000
0.5223 0.0096 115.7092 -0.1663 0.7993 145.2588 -0.0002 0.0000 1.0000
0.5176 0.0076 121.8390 -0.1698 0.7911 151.2968 -0.0002 0.0001 1.0000
0.4881 -0.0131 138.7927 -0.1704 0.7606 156.3996 -0.0003 0.0000 1.0000
0.5068 0.0032 134.4029 -0.1704 0.7785 159.4233 -0.0002 0.0000 1.0000
0.4761 0.0180 147.2404 -0.1727 0.7587 164.1159 -0.0003 0.0000 1.0000
0.4843 0.0139 148.0013 -0.1746 0.7627 170.5578 -0.0002 0.0000 1.0000
0.4473 -0.0192 174.5093 -0.1724 0.7256 174.1043 -0.0003 -0.0000 1.0000
0.4494 0.0117 172.3725 -0.1744 0.7387 178.2731 -0.0003 0.0000 1.0000
0.4165 0.0116 190.1471 -0.1779 0.7147 184.7934 -0.0003 0.0000 1.0000
0.4514 0.0207 183.0999 -0.1816 0.7401 190.2497 -0.0003 0.0000 1.0000
0.4408 0.0278 193.4285 -0.1742 0.7392 188.2841 -0.0003 0.0000 1.0000
0.4625 0.0097 193.4037 -0.1790 0.7375 196.7746 -0.0002 0.0000 1.0000
0.3960 0.0117 220.6699 -0.1866 0.7039 202.3855 -0.0003 0.0000 1.0000
0.4245 0.0057 218.9528 -0.1808 0.7193 200.6443 -0.0003 0.0000 1.0000
0.4026 0.0176 230.1429 -0.1841 0.7042 207.2741 -0.0003 0.0000 1.0000
0.4019 0.0176 232.9488 -0.1861 0.7087 208.8834 -0.0003 0.0000 1.0000
0.3724 0.0199 243.5598 -0.1941 0.6956 214.1465 -0.0003 0.0000 1.0000
0.3711 0.0286 245.3771 -0.1941 0.7009 214.0127 -0.0003 0.0000 1.0000
0.3719 0.0288 247.7524 -0.1940 0.7051 213.8166 -0.0003 0.0000 1.0000
0.3837 0.0221 244.8411 -0.1967 0.7092 217.1154 -0.0003 0.0000 1.0000
0.3987 0.0245 240.9954 -0.1919 0.7228 212.7935 -0.0003 0.0000 1.0000
0.3612 0.0251 255.0787 -0.1988 0.7006 217.5752 -0.0003 0.0000 1.0000
0.3815 0.0075 252.3345 -0.1963 0.7036 216.6810 -0.0003 0.0000 1.0000
0.3471 0.0075 264.3639 -0.2040 0.6822 223.2332 -0.0003 0.0000 1.0000
0.3614 0.0289 258.8184 -0.2020 0.7017 222.0956 -0.0003 0.0000 1.0000
0.3614 0.0289 258.8184 -0.2020 0.7017 222.0956 -0.0003 0.0000 1.0000
0.3405 -0.0063 271.1891 -0.2084 0.6777 225.7403 -0.0003 -0.0000 1.0000
0.3425 -0.0018 271.7741 -0.2082 0.6824 225.6932 -0.0003 -0.0000 1.0000
0.3698 -0.0063 265.1706 -0.2037 0.6945 223.4798 -0.0003 -0.0000 1.0000
0.3297 0.0447 271.8311 -0.2108 0.6979 226.3942 -0.0003 0.0000 1.0000
0.3401 0.0405 269.9649 -0.2110 0.7027 226.9101 -0.0003 0.0000 1.0000
0.3366 0.0489 270.5874 -0.2137 0.7001 229.4521 -0.0003 0.0001 1.0000
0.3081 -0.0075 289.4104 -0.2129 0.6667 229.5877 -0.0003 -0.0000 1.0000
0.3198 0.0453 279.0401 -0.2138 0.6918 230.1862 -0.0003 0.0000 1.0000
0.3007 0.0061 293.7397 -0.2139 0.6669 232.1343 -0.0003 -0.0000 1.0000
0.3224 0.0103 288.4915 -0.2120 0.6818 232.0543 -0.0003 -0.0000 1.0000
0.3203 0.0103 292.0410 -0.2111 0.6734 234.5413 -0.0003 0.0000 1.0000
0.2982 0.0358 295.4449 -0.2218 0.6718 243.1180 -0.0003 0.0000 1.0000
0.3235 0.0246 292.7052 -0.2136 0.6880 236.4300 -0.0003 0.0000 1.0000
0.2895 0.0561 301.6118 -0.2214 0.6783 243.1449 -0.0003 0.0001 1.0000
0.3065 0.0428 300.0631 -0.2203 0.6845 243.3968 -0.0003 0.0000 1.0000
0.3014 0.0189 305.8785 -0.2197 0.6674 244.5039 -0.0003 0.0000 1.0000
0.2990 0.0261 307.5313 -0.2219 0.6700 245.3380 -0.0003 0.0000 1.0000
0.2998 0.0381 309.8087 -0.2220 0.6755 245.4490 -0.0003 0.0000 1.0000
0.3005 0.0601 307.2648 -0.2193 0.6798 244.3853 -0.0003 0.0001 1.0000
0.3138 0.0419 308.6501 -0.2158 0.6829 241.1417 -0.0003 0.0000 1.0000
0.3161 0.0484 308.0490 -0.2222 0.6861 246.2352 -0.0003 0.0000 1.0000
0.3143 0.0355 312.0334 -0.2190 0.6807 242.9671 -0.0003 0.0000 1.0000
0.2905 0.0329 319.7917 -0.2232 0.6688 245.4627 -0.0003 0.0000 1.0000
0.3074 0.0408 318.0868 -0.2193 0.6754 243.4113 -0.0003 0.0000 1.0000
0.2925 0.0491 323.8632 -0.2283 0.6802 247.9931 -0.0003 0.0000 1.0000
0.2712 0.0305 332.3462 -0.2255 0.6556 246.2183 -0.0003 0.0000 1.0000
0.2962 0.0347 326.9033 -0.2267 0.6710 249.1158 -0.0003 0.0000 1.0000
0.2892 0.0250 333.4585 -0.2281 0.6643 249.8072 -0.0003 0.0000 1.0000
0.2892 0.0466 332.7045 -0.2263 0.6805 245.6417 -0.0003 0.0000 1.0000
0.2778 0.0394 338.2694 -0.2252 0.6727 243.6720 -0.0003 0.0000 1.0000
0.3095 0.0396 327.8421 -0.2276 0.6900 245.8958 -0.0003 0.0000 1.0000
0.2814 0.0505 333.7909 -0.2296 0.6772 246.6095 -0.0003 0.0000 1.0000
0.2977 0.0299 330.2879 -0.2251 0.6752 244.4524 -0.0003 0.0000 1.0000
0.2775 0.0350 336.1599 -0.2305 0.6602 250.3495 -0.0003 0.0000 1.0000
0.2918 0.0384 332.2975 -0.2311 0.6762 249.1131 -0.0003 0.0000 1.0000
0.3050 0.0713 322.4985 -0.2283 0.6954 246.8289 -0.0003 0.0001 1.0000
0.2808 0.0238 334.2424 -0.2301 0.6625 249.3153 -0.0003 0.0000 1.0000
0.2914 0.0560 324.6652 -0.2322 0.6781 248.7313 -0.0003 0.0000 1.0000
0.2852 0.0248 330.6583 -0.2318 0.6631 248.9307 -0.0003 0.0000 1.0000
0.2987 0.0616 319.9403 -0.2278 0.6822 245.6461 -0.0003 0.0000 1.0000
0.2981 0.0354 322.5895 -0.2262 0.6801 243.4986 -0.0003 0.0000 1.0000
0.2869 0.0269 322.2945 -0.2339 0.6647 249.8700 -0.0003 0.0000 1.0000
0.2767 0.0343 324.9978 -0.2311 0.6639 246.5101 -0.0003 0.0000 1.0000
0.2826 0.0125 324.5941 -0.2316 0.6602 247.7577 -0.0003 -0.0000 1.0000
0.3033 0.0208 308.9041 -0.2309 0.6691 246.3207 -0.0003 -0.0000 1.0000
0.2842 0.0350 311.7760 -0.2290 0.6663 245.3382 -0.0003 0.0000 1.0000
0.2951 0.0362 308.4906 -0.2282 0.6748 244.8997 -0.0003 0.0000 1.0000
0.2998 0.0025 307.7424 -0.2252 0.6637 244.2467 -0.0003 -0.0000 1.0000
0.2994 0.0386 298.7348 -0.2247 0.6742 242.6952 -0.0003 0.0000 1.0000
0.3045 0.0588 292.6375 -0.2300 0.6887 246.9714 -0.0003 0.0001 1.0000
0.3092 0.0353 291.1941 -0.2274 0.6821 245.1311 -0.0003 0.0000 1.0000
0.3191 0.0241 284.0575 -0.2196 0.6796 238.4254 -0.0003 0.0000 1.0000
0.3339 0.0535 269.2800 -0.2199 0.6986 238.1053 -0.0003 0.0000 1.0000
0.3124 0.0150 278.5083 -0.2190 0.6678 236.7673 -0.0003 -0.0000 1.0000
0.3269 0.0394 264.6758 -0.2182 0.6917 232.8660 -0.0003 0.0000 1.0000
0.3623 0.0059 252.4435 -0.2104 0.6972 226.4001 -0.0003 -0.0000 1.0000
0.3796 0.0452 231.4829 -0.2097 0.7234 221.9910 -0.0003 0.0000 1.0000
0.3793 0.0087 228.5249 -0.2119 0.6953 224.7911 -0.0003 -0.0000 1.0000
0.3245 -0.0062 241.7208 -0.2130 0.6583 219.4877 -0.0003 -0.0000 1.0000
0.4057 0.0163 202.8397 -0.2093 0.7181 214.8039 -0.0003 0.0000 1.0000
0.4269 0.0075 192.0810 -0.2000 0.7238 205.4428 -0.0003 -0.0000 1.0000
0.4218 -0.0069 186.7013 -0.1982 0.7111 203.5417 -0.0003 -0.0000 1.0000
0.4485 0.0200 171.3547 -0.1966 0.7455 197.5910 -0.0003 0.0000 1.0000
0.4665 0.0079 160.3689 -0.1968 0.7490 195.9701 -0.0003 0.0000 1.0000
0.4773 0.0167 151.9252 -0.1918 0.7550 190.9892 -0.0003 0.0000 1.0000
0.4916 -0.0029 145.2758 -0.1915 0.7455 190.5081 -0.0002 -0.0000 1.0000
0.4790 0.0216 140.7908 -0.1883 0.7469 186.3730 -0.0003 0.0000 1.0000
0.5203 0.0054 126.1716 -0.1807 0.7592 178.5890 -0.0002 0.0000 1.0000
0.5236 0.0148 120.4358 -0.1829 0.7656 178.9726 -0.0002 0.0000 1.0000
0.5566 0.0185 106.1930 -0.1724 0.7854 168.6581 -0.0002 0.0000 1.0000
0.5895 0.0019 95.6735 -0.1649 0.7978 163.1627 -0.0002 -0.0000 1.0000
0.6007 0.0249 86.9585 -0.1587 0.8106 153.8894 -0.0002 0.0000 1.0000
0.6170 0.0029 81.4898 -0.1538 0.7997 148.6672 -0.0002 -0.0000 1.0000
0.6465 0.0023 72.6757 -0.1527 0.8153 144.2469 -0.0002 -0.0000 1.0000
0.6702 0.0062 59.0128 -0.1421 0.8243 132.5515 -0.0002 -0.0000 1.0000
0.6754 0.0025 59.2996 -0.1386 0.8275 127.9208 -0.0002 -0.0000 1.0000
0.7275 0.0087 36.8487 -0.1329 0.8564 121.9728 -0.0001 -0.0000 1.0000
0.6948 0.0154 47.3849 -0.1313 0.8433 117.4032 -0.0002 0.0000 1.0000
0.7189 0.0125 38.6404 -0.1294 0.8440 116.0998 -0.0001 -0.0000 1.0000
0.8010 0.0218 10.0178 -0.1123 0.8981 98.6453 -0.0001 0.0000 1.0000
0.7504 -0.0043 29.1831 -0.1172 0.8606 101.3038 -0.0001 -0.0000 1.0000
0.7891 0.0318 11.3500 -0.1060 0.8953 90.4979 -0.0001 0.0000 1.0000
0.7941 0.0137 11.5300 -0.1021 0.8884 87.0439 -0.0001 -0.0000 1.0000
0.8857 0.0293 -24.6549 -0.0852 0.9492 72.2444 -0.0001 0.0000 1.0000
0.8495 -0.0020 -11.3264 -0.0854 0.9112 73.6504 -0.0001 -0.0000 1.0000
0.9009 0.0095 -30.2833 -0.0790 0.9436 64.2753 -0.0000 -0.0000 1.0000
0.9153 0.0005 -33.3061 -0.0669 0.9484 58.1765 -0.0000 -0.0000 1.0000
0.9032 0.0019 -29.1258 -0.0674 0.9312 59.1698 -0.0000 -0.0000 1.0000
0.9083 -0.0077 -31.9850 -0.0583 0.9265 54.9362 -0.0000 -0.0000 1.0000
0.9048 -0.0075 -29.2572 -0.0554 0.9287 54.5789 -0.0000 -0.0000 1.0000
0.9613 0.0177 -53.5112 -0.0449 0.9693 45.1824 -0.0000 0.0000 1.0000
0.9532 0.0148 -50.1165 -0.0381 0.9732 42.6147 -0.0000 0.0000 1.0000
0.9323 -0.0314 -38.2843 -0.0425 0.9380 49.4384 -0.0000 -0.0001 1.0000
0.9922 -0.0091 -61.3994 -0.0215 0.9785 38.0632 0.0000 -0.0000 1.0000
1.0535 -0.0036 -87.6272 -0.0037 1.0158 25.1868 0.0001 -0.0000 1.0000
1.0369 -0.0108 -81.1768 -0.0045 1.0033 25.9001 0.0001 -0.0000 1.0000
1.0184 -0.0289 -77.2927 -0.0041 0.9846 27.9337 0.0000 -0.0000 1.0000
0.9947 -0.0150 -75.1299 -0.0059 0.9746 31.4668 0.0000 -0.0000 1.0000
1.0366 -0.0445 -90.8647 0.0098 0.9866 21.0347 0.0001 -0.0001 1.0000
1.0317 -0.0218 -97.1135 0.0127 0.9984 16.6515 0.0000 -0.0000 1.0000
1.0622 -0.0101 -115.1152 0.0236 1.0131 6.8178 0.0001 -0.0000 1.0000
1.0043 -0.0473 -93.0640 0.0167 0.9709 8.5505 0.0000 -0.0001 1.0000
1.0650 -0.0236 -124.6045 0.0333 1.0149 -4.2332 0.0001 -0.0000 1.0000
1.0680 -0.0410 -124.9448 0.0331 1.0197 -8.9212 0.0001 -0.0000 1.0000
1.0555 -0.0526 -131.1481 0.0412 0.9923 -17.7349 0.0001 -0.0001 1.0000
1.1043 -0.0447 -152.2076 0.0479 1.0456 -29.4914 0.0001 -0.0000 1.0000
1.1040 -0.0635 -155.7462 0.0542 1.0296 -34.6960 0.0001 -0.0000 1.0000
1.1602 -0.0375 -189.7189 0.0671 1.0762 -51.2397 0.0001 -0.0000 1.0000
1.1654 -0.0507 -191.9011 0.0671 1.0746 -54.0057 0.0001 -0.0000 1.0000
1.2162 -0.0469 -217.7588 0.0868 1.1210 -74.4043 0.0001 -0.0000 1.0000
1.2276 -0.0507 -221.4583 0.0905 1.1225 -82.4116 0.0002 -0.0000 1.0000
1.2201 -0.0687 -221.1770 0.0911 1.1114 -84.3823 0.0002 -0.0000 1.0000
1.2575 -0.0469 -237.8541 0.1022 1.1378 -95.5415 0.0002 -0.0000 1.0000
1.3259 -0.0790 -256.9456 0.1216 1.1645 -112.9922 0.0002 -0.0001 1.0000
1.2346 -0.0753 -222.6468 0.1030 1.1272 -103.1906 0.0002 -0.0001 1.0000
1.2436 -0.0669 -227.2370 0.1129 1.1291 -110.0709 0.0002 -0.0000 1.0000
1.3254 -0.0651 -245.7061 0.1310 1.1865 -125.7301 0.0002 -0.0000 1.0000
1.2789 -0.0767 -219.7871 0.1307 1.1521 -123.5981 0.0002 -0.0001 1.0000
1.3294 -0.0585 -237.0383 0.1444 1.1889 -134.2721 0.0002 -0.0000 1.0000
1.3015 -0.0645 -218.6123 0.1395 1.1720 -130.9578 0.0002 -0.0000 1.0000
1.3560 -0.0612 -236.1466 0.1555 1.2054 -141.1542 0.0002 -0.0000 1.0000
1.3983 -0.0493 -253.7446 0.1622 1.2163 -141.9460 0.0002 -0.0000 1.0000
1.3934 -0.0660 -238.7796 0.1705 1.2244 -149.9439 0.0003 -0.0000 1.0000
1.3776 -0.0480 -233.1365 0.1763 1.2205 -152.8160 0.0002 -0.0000 1.0000
1.4098 -0.0494 -235.7370 0.1807 1.2440 -154.8156 0.0003 -0.0000 1.0000
1.4223 -0.0590 -236.0653 0.1860 1.2554 -159.8527 0.0003 -0.0001 1.0000
1.4758 -0.0470 -253.8325 0.2005 1.2808 -167.0317 0.0003 -0.0000 1.0000
1.4876 -0.0535 -254.6641 0.2092 1.2752 -172.7447 0.0003 -0.0001 1.0000
1.4987 -0.0207 -254.9622 0.2193 1.2969 -182.6510 0.0003 -0.0000 1.0000
1.4903 -0.0439 -245.6919 0.2240 1.2826 -182.3906 0.0003 -0.0000 1.0000
1.5102 -0.0440 -249.4312 0.2304 1.2984 -191.7135 0.0004 -0.0001 1.0000
1.4525 -0.0582 -225.1930 0.2240 1.2549 -185.6823 0.0003 -0.0001 1.0000
1.5393 -0.0268 -258.2126 0.2554 1.2977 -207.8352 0.0004 -0.0000 1.0000
1.5472 -0.0186 -255.6922 0.2619 1.3135 -213.9335 0.0004 -0.0000 1.0000
1.5775 -0.0570 -258.4220 0.2705 1.3133 -219.1593 0.0005 -0.0001 1.0000
1.4847 -0.0270 -231.8035 0.2534 1.2738 -205.2572 0.0004 -0.0000 1.0000
1.5844 0.0006 -266.6528 0.2885 1.3272 -222.9806 0.0005 -0.0000 1.0000
1.5665 0.0005 -258.0995 0.2934 1.3114 -220.9299 0.0005 0.0000 1.0000
1.5432 -0.0420 -240.0848 0.2912 1.2806 -210.5637 0.0005 -0.0000 1.0000
1.5227 -0.0236 -231.8977 0.2947 1.2684 -202.5941 0.0005 -0.0000 1.0000
1.5312 0.0099 -235.9902 0.2965 1.2936 -196.4857 0.0005 0.0000 1.0000
1.5621 0.0009 -244.0449 0.3160 1.3032 -199.4540 0.0005 0.0000 1.0000
1.5229 -0.0459 -220.6279 0.3053 1.2616 -176.9251 0.0005 -0.0000 1.0000
1.5307 -0.0059 -227.5645 0.3280 1.2950 -186.1910 0.0005 0.0000 1.0000
1.4323 -0.0357 -186.5964 0.3019 1.2188 -158.0927 0.0005 -0.0000 1.0000
1.6606 0.0310 -270.4703 0.3600 1.3748 -190.1124 0.0006 0.0001 1.0000
1.5397 -0.0034 -226.3478 0.3338 1.2826 -168.8528 0.0006 0.0000 1.0000
1.5638 -0.0213 -237.2651 0.3493 1.2856 -174.5713 0.0006 -0.0000 1.0000
1.5994 0.0082 -252.1395 0.3618 1.3082 -181.3524 0.0006 0.0000 1.0000
1.5493 -0.0165 -236.6825 0.3582 1.2929 -183.2628 0.0006 -0.0000 1.0000
1.4340 0.0120 -202.2085 0.3257 1.2435 -164.4555 0.0005 0.0000 1.0000
1.5987 0.0108 -262.3883 0.3775 1.3301 -198.4782 0.0006 0.0000 1.0000
1.5170 -0.0040 -234.5488 0.3506 1.2794 -182.8382 0.0006 0.0000 1.0000
1.5020 -0.0216 -233.0626 0.3582 1.2626 -185.9554 0.0005 -0.0000 1.0000
1.6524 -0.0111 -286.8001 0.3983 1.3538 -214.2704 0.0007 0.0000 1.0000
1.4883 -0.0317 -232.4892 0.3473 1.2596 -180.3566 0.0005 -0.0000 1.0000
1.5677 -0.0371 -258.1797 0.3754 1.3042 -196.5704 0.0006 -0.0000 1.0000
1.5333 -0.0472 -257.2389 0.3769 1.2646 -196.3983 0.0006 -0.0001 1.0000
1.5357 -0.0451 -254.3321 0.3742 1.2829 -193.7742 0.0006 -0.0000 1.0000
1.5858 -0.0246 -283.2962 0.3927 1.3182 -206.8886 0.0006 -0.0000 1.0000
1.4678 -0.0284 -245.4789 0.3464 1.2627 -177.8261 0.0005 -0.0000 1.0000
1.6199 0.0019 -298.9458 0.4023 1.3677 -215.2480 0.0006 0.0000 1.0000
1.5907 0.0129 -288.6164 0.3975 1.3575 -210.7045 0.0006 0.0000 1.0000
1.5316 -0.0339 -268.7680 0.3730 1.2824 -192.0317 0.0006 -0.0000 1.0000
1.6439 -0.0034 -309.3633 0.4162 1.3621 -220.3620 0.0007 0.0000 1.0000
1.5435 -0.0443 -274.1477 0.3788 1.2988 -199.5290 0.0006 -0.0000 1.0000
1.5726 -0.0176 -282.6776 0.3911 1.3258 -208.5827 0.0006 -0.0000 1.0000
1.5648 -0.0456 -280.6101 0.3784 1.3089 -203.0880 0.0006 -0.0001 1.0000
1.4923 -0.0341 -256.0272 0.3660 1.2849 -200.5938 0.0006 -0.0000 1.0000
1.5855 -0.0205 -292.8541 0.3884 1.3284 -213.0645 0.0006 -0.0000 1.0000
1.7245 -0.0281 -338.3677 0.4410 1.4227 -255.0359 0.0007 -0.0000 1.0000
1.7330 -0.0232 -345.4827 0.4397 1.4382 -259.4021 0.0007 -0.0000 1.0000
1.5649 -0.0508 -282.7864 0.3781 1.3258 -217.6009 0.0006 -0.0000 1.0000
1.6076 -0.0215 -303.4541 0.3972 1.3455 -229.7908 0.0006 -0.0000 1.0000
1.7128 -0.0207 -341.9693 0.4258 1.4101 -252.8267 0.0007 -0.0000 1.0000
1.6602 -0.0424 -319.0374 0.4023 1.3691 -240.9430 0.0007 -0.0000 1.0000
1.7070 -0.0120 -336.2432 0.4264 1.4119 -261.1901 0.0007 -0.0000 1.0000
1.7137 -0.0187 -336.6631 0.4272 1.4010 -260.8479 0.0007 -0.0000 1.0000
1.6759 -0.0116 -321.1878 0.4073 1.3829 -250.0542 0.0007 -0.0000 1.0000
1.7105 0.0139 -334.6658 0.4232 1.4059 -261.1869 0.0007 0.0000 1.0000
1.6938 -0.0361 -317.2995 0.4156 1.3872 -258.1072 0.0007 -0.0000 1.0000
1.6741 -0.0298 -313.4857 0.4089 1.3939 -259.3951 0.0007 -0.0001 1.0000
1.6856 -0.0148 -322.1772 0.4035 1.4084 -257.5864 0.0007 -0.0000 1.0000
1.7723 0.0011 -349.6355 0.4295 1.4551 -276.9430 0.0007 -0.0000 1.0000
1.6394 -0.0243 -299.2332 0.3948 1.3586 -250.3124 0.0006 -0.0001 1.0000
1.7176 -0.0152 -327.3027 0.4140 1.4265 -268.9641 0.0007 -0.0000 1.0000
1.6528 -0.0207 -299.2501 0.3923 1.3719 -253.7681 0.0006 -0.0000 1.0000
1.6763 0.0144 -311.5639 0.4029 1.4053 -265.2120 0.0006 0.0000 1.0000
1.7440 0.0173 -329.4102 0.4215 1.4473 -276.8687 0.0007 0.0000 1.0000
1.6740 0.0015 -295.2415 0.3991 1.4067 -263.2601 0.0007 -0.0000 1.0000
1.6884 -0.0168 -294.2637 0.4048 1.4219 -270.9924 0.0007 -0.0000 1.0000
1.7523 -0.0464 -310.5066 0.4248 1.4333 -283.5523 0.0007 -0.0001 1.0000
1.6866 -0.0232 -283.8823 0.4036 1.3931 -264.7407 0.0007 -0.0001 1.0000
1.6306 -0.0101 -251.6801 0.3799 1.3894 -254.5857 0.0006 -0.0000 1.0000
1.7010 -0.0057 -269.6459 0.4110 1.4146 -273.6754 0.0007 -0.0000 1.0000
1.6951 -0.0124 -261.4651 0.4033 1.3849 -265.9533 0.0007 -0.0001 1.0000
1.7516 0.0033 -271.9298 0.4110 1.4334 -274.6471 0.0007 -0.0000 1.0000
1.5970 0.0163 -203.1227 0.3685 1.3744 -253.8148 0.0006 -0.0000 1.0000
1.5564 -0.0055 -171.0878 0.3640 1.3251 -242.9094 0.0006 -0.0000 1.0000
1.7046 0.0050 -210.6695 0.3942 1.4097 -266.5937 0.0007 -0.0000 1.0000
1.6451 0.0447 -183.5329 0.3794 1.4005 -260.8586 0.0006 0.0000 1.0000
1.6757 0.0045 -177.1718 0.3862 1.3763 -260.5751 0.0006 -0.0000 1.0000
1.6860 -0.0235 -169.2370 0.3869 1.3774 -264.7387 0.0006 -0.0001 1.0000
1.7855 0.0611 -196.9145 0.4108 1.4610 -287.8412 0.0007 0.0000 1.0000
1.7348 0.0661 -170.4053 0.3873 1.4355 -270.4362 0.0007 0.0000 1.0000
1.8119 0.0325 -185.9102 0.4090 1.4610 -284.8409 0.0007 -0.0000 1.0000
1.5507 0.0037 -98.6732 0.3406 1.3140 -237.7454 0.0005 -0.0001 1.0000
1.7037 0.0094 -144.8606 0.3742 1.3850 -262.5585 0.0006 -0.0001 1.0000
1.6549 0.0195 -122.4983 0.3655 1.3635 -255.0667 0.0006 -0.0000 1.0000
1.6282 -0.0115 -106.1652 0.3540 1.3386 -247.6483 0.0006 -0.0001 1.0000
1.7335 0.0322 -146.0240 0.3857 1.4106 -273.9728 0.0006 -0.0000 1.0000
1.6088 0.0350 -102.5642 0.3456 1.3605 -246.8623 0.0006 -0.0000 1.0000
1.7128 0.0411 -134.6497 0.3562 1.4210 -255.7859 0.0006 -0.0000 1.0000
1.6790 0.0138 -119.8339 0.3586 1.3752 -250.3544 0.0006 -0.0001 1.0000
1.7440 0.0023 -137.2897 0.3726 1.4050 -259.1831 0.0006 -0.0001 1.0000
1.6707 -0.0565 -106.3983 0.3528 1.3504 -243.9231 0.0006 -0.0002 1.0000
1.6648 0.0536 -115.9867 0.3513 1.3929 -244.2350 0.0006 -0.0000 1.0000
1.7046 0.0518 -130.9738 0.3597 1.4105 -251.3894 0.0006 -0.0000 1.0000
1.7693 0.0540 -147.3433 0.3761 1.4531 -264.0664 0.0007 -0.0000 1.0000
1.7340 0.0509 -137.2239 0.3565 1.4108 -245.7025 0.0006 -0.0000 1.0000
1.5917 0.0417 -92.4161 0.3290 1.3529 -230.6754 0.0005 -0.0000 1.0000
1.6829 0.0485 -123.2829 0.3463 1.3960 -241.8175 0.0006 -0.0000 1.0000
1.6412 0.1268 -118.1050 0.3257 1.4065 -228.5785 0.0005 0.0001 1.0000
1.6555 0.0634 -119.1526 0.3175 1.3885 -224.8655 0.0006 0.0000 1.0000
1.6369 0.0507 -116.1399 0.3209 1.3667 -230.9362 0.0005 -0.0000 1.0000
1.6300 0.0633 -118.4881 0.3146 1.3671 -229.5795 0.0005 -0.0000 1.0000
1.6156 0.0474 -113.0877 0.3093 1.3533 -231.6349 0.0005 -0.0000 1.0000
1.5625 0.0179 -96.8760 0.2967 1.3130 -224.3828 0.0005 -0.0001 1.0000
1.5372 0.0461 -93.0799 0.2745 1.3063 -214.6167 0.0005 -0.0000 1.0000
1.6499 0.0219 -134.8014 0.2990 1.3473 -234.8467 0.0005 -0.0001 1.0000
1.5792 0.0652 -122.3691 0.2733 1.3321 -224.3883 0.0005 -0.0000 1.0000
1.6183 0.0507 -138.3567 0.2710 1.3330 -224.9829 0.0005 -0.0000 1.0000
1.6629 0.0622 -153.7662 0.2820 1.3611 -232.5016 0.0005 -0.0000 1.0000
1.5888 0.0890 -140.7080 0.2538 1.3465 -217.0472 0.0005 0.0000 1.0000
1.5643 0.0375 -134.3222 0.2502 1.3067 -212.5761 0.0005 -0.0000 1.0000
1.5860 0.0331 -144.2216 0.2471 1.3097 -202.1645 0.0005 -0.0000 1.0000
1.5206 0.0366 -121.7901 0.2215 1.2870 -178.8254 0.0004 -0.0000 1.0000
1.4038 0.0328 -93.9378 0.1893 1.2031 -147.1396 0.0004 -0.0000 1.0000
1.4798 0.0558 -128.7852 0.2020 1.2575 -153.2497 0.0004 -0.0000 1.0000
1.4440 0.0319 -120.1444 0.1878 1.2144 -136.4938 0.0004 -0.0001 1.0000
1.3769 0.0344 -98.8231 0.1738 1.1932 -125.2812 0.0003 -0.0000 1.0000
1.4144 0.0378 -123.1264 0.1694 1.1964 -116.1795 0.0003 -0.0000 1.0000
1.4290 0.0677 -131.2189 0.1647 1.2289 -112.0816 0.0004 0.0000 1.0000
1.3226 0.0590 -104.9191 0.1366 1.1679 -93.8450 0.0003 0.0000 1.0000
1.3516 0.0313 -114.3719 0.1432 1.1746 -98.8984 0.0003 -0.0000 1.0000
1.2475 0.0197 -79.6178 0.1117 1.1063 -73.2627 0.0002 -0.0001 1.0000
1.3500 0.0415 -120.1334 0.1260 1.1645 -85.5690 0.0003 -0.0000 1.0000
1.2159 0.0147 -75.0644 0.1037 1.0783 -66.5893 0.0002 -0.0000 1.0000
1.2345 -0.0075 -77.7002 0.1024 1.0909 -66.3053 0.0002 -0.0001 1.0000
1.3018 0.0200 -107.8495 0.0917 1.1268 -60.5446 0.0003 -0.0000 1.0000
1.3018 0.0200 -107.8495 0.0917 1.1268 -60.5446 0.0003 -0.0000 1.0000
1.2103 0.0252 -75.8227 0.0825 1.0885 -48.5685 0.0002 -0.0000 1.0000
1.2087 0.0373 -81.5054 0.0782 1.0843 -43.2016 0.0002 -0.0000 1.0000
1.1773 0.0171 -65.6813 0.0625 1.0708 -30.1721 0.0002 -0.0000 1.0000
1.1923 0.0304 -70.7927 0.0644 1.0713 -26.0078 0.0002 -0.0000 1.0000
1.1846 0.0060 -61.7806 0.0607 1.0651 -22.2842 0.0002 -0.0000 1.0000
1.1433 -0.0085 -46.1872 0.0402 1.0283 -5.7753 0.0001 -0.0001 1.0000
1.2107 0.0226 -67.6281 0.0515 1.0762 -14.5407 0.0002 -0.0000 1.0000
1.0968 0.0010 -25.0806 0.0406 1.0014 -5.2368 0.0001 -0.0001 1.0000
1.0997 -0.0034 -22.9794 0.0371 0.9940 -2.9122 0.0001 -0.0001 1.0000
1.0449 0.0103 0.6031 0.0272 0.9768 3.6052 0.0001 -0.0000 1.0000
1.1272 0.0060 -25.3780 0.0324 1.0068 2.7096 0.0001 -0.0000 1.0000
1.0789 0.0199 -7.2061 0.0258 0.9816 7.9549 0.0001 -0.0000 1.0000
1.0790 -0.0012 2.4626 0.0268 0.9845 9.0929 0.0001 -0.0000 1.0000
1.0846 0.0082 6.7077 0.0274 0.9895 5.9242 0.0001 -0.0000 1.0000
1.0880 0.0216 9.6137 0.0234 0.9785 15.2315 0.0001 -0.0000 1.0000
0.9897 0.0138 52.8317 0.0078 0.9173 30.6046 0.0001 -0.0000 1.0000
0.9763 0.0068 67.4142 0.0158 0.9202 26.2295 0.0001 -0.0000 1.0000
1.0157 0.0253 64.4516 0.0091 0.9324 38.0609 0.0001 -0.0000 1.0000
0.9534 0.0184 96.5636 0.0092 0.8947 43.2962 0.0001 -0.0000 1.0000
0.8854 0.0360 133.1235 0.0026 0.8616 56.0856 0.0000 0.0000 1.0000
0.8651 0.0676 145.1768 -0.0019 0.8489 64.6995 0.0000 0.0000 1.0000
0.8265 0.0598 172.1886 -0.0102 0.8365 71.3702 0.0000 0.0000 1.0000
0.9146 0.0985 155.8955 0.0002 0.8820 70.5680 0.0001 0.0001 1.0000
0.8720 0.0619 181.4033 -0.0051 0.8364 76.2533 0.0001 0.0000 1.0000
0.7898 0.1022 218.2840 -0.0114 0.8206 79.0693 0.0000 0.0001 1.0000
0.8292 0.0608 221.5215 -0.0039 0.8060 80.1077 0.0000 0.0000 1.0000
0.8292 0.0608 221.5215 -0.0039 0.8060 80.1077 0.0000 0.0000 1.0000
0.7245 0.0777 274.1228 -0.0145 0.7569 90.7804 -0.0000 0.0001 1.0000
0.8026 0.0777 260.8550 -0.0110 0.7775 96.0239 0.0000 0.0001 1.0000
0.8349 0.0753 264.0445 0.0048 0.7796 91.1469 0.0001 0.0001 1.0000
0.7530 0.0704 298.2402 0.0021 0.7550 92.0629 0.0000 0.0000 1.0000
0.6872 0.0512 327.3542 -0.0130 0.7169 103.6384 -0.0000 0.0000 1.0000
0.7702 0.0863 315.0583 -0.0076 0.7635 105.8045 0.0000 0.0001 1.0000
0.6455 0.1024 353.4737 -0.0226 0.7169 115.8182 -0.0000 0.0001 1.0000
0.7678 0.0913 329.1184 -0.0001 0.7592 106.5896 0.0000 0.0001 1.0000
0.7231 0.1039 349.0772 -0.0111 0.7473 114.2486 0.0000 0.0001 1.0000
0.7102 0.0883 361.1426 -0.0087 0.7178 119.0690 0.0000 0.0001 1.0000
0.7241 0.0786 365.9066 -0.0070 0.7161 120.6361 0.0000 0.0001 1.0000
0.6468 0.0917 393.9498 -0.0115 0.6961 120.2720 -0.0000 0.0001 1.0000
0.6866 0.1129 383.9427 -0.0108 0.7112 122.6601 0.0000 0.0001 1.0000
0.6988 0.0262 394.5824 -0.0048 0.6766 121.2956 0.0000 0.0000 1.0000
0.6724 0.1069 401.2916 -0.0112 0.7004 120.5764 0.0000 0.0001 1.0000
0.6375 0.1424 410.9636 -0.0186 0.6861 124.9231 -0.0000 0.0001 1.0000
0.5971 0.0783 430.0050 -0.0205 0.6602 122.8855 -0.0000 0.0001 1.0000
0.5629 0.1133 439.3852 -0.0306 0.6508 129.6805 -0.0001 0.0001 1.0000
0.7138 0.1334 406.2599 -0.0054 0.7119 120.6260 0.0000 0.0001 1.0000
0.6015 0.0915 436.2179 -0.0191 0.6600 124.6850 -0.0000 0.0001 1.0000
0.5673 0.1170 441.3763 -0.0292 0.6497 129.9747 -0.0001 0.0001 1.0000
0.6562 0.1026 422.7076 -0.0042 0.6655 118.7242 0.0000 0.0001 1.0000
0.5430 0.0426 455.5552 -0.0269 0.6142 128.7650 -0.0001 0.0000 1.0000
0.6426 0.0847 427.6782 -0.0111 0.6532 124.1617 0.0000 0.0001 1.0000
0.5989 0.0842 437.8088 -0.0186 0.6355 126.9124 -0.0000 0.0001 1.0000
0.5483 0.0653 449.2380 -0.0290 0.6100 132.5884 -0.0000 0.0001 1.0000
0.5765 0.1071 436.6334 -0.0240 0.6352 127.1017 -0.0000 0.0001 1.0000
0.5480 0.0797 444.0218 -0.0284 0.6201 127.6688 -0.0000 0.0001 1.0000
0.5718 0.1235 435.6415 -0.0238 0.6346 128.9030 -0.0000 0.0001 1.0000
0.5953 0.1278 432.9209 -0.0138 0.6387 124.4027 -0.0000 0.0001 1.0000
0.5462 0.0876 447.2392 -0.0215 0.6113 128.6869 -0.0000 0.0001 1.0000
0.5484 0.1297 446.6235 -0.0219 0.6186 131.3617 -0.0000 0.0001 1.0000
0.6070 0.0639 436.0180 -0.0109 0.6020 131.1183 0.0000 0.0001 1.0000
0.5296 0.1065 452.2949 -0.0257 0.5939 136.1135 -0.0000 0.0001 1.0000
0.5347 0.1231 454.0662 -0.0248 0.5971 138.1108 -0.0000 0.0001 1.0000
0.4881 0.1186 464.8126 -0.0326 0.5811 141.5534 -0.0001 0.0001 1.0000
0.4766 0.1147 468.3603 -0.0328 0.5731 141.6232 -0.0001 0.0001 1.0000
0.5569 0.0485 457.2148 -0.0140 0.5789 136.9606 0.0000 0.0001 1.0000
0.5029 0.0962 467.3889 -0.0253 0.5712 140.8618 -0.0000 0.0001 1.0000
0.5409 0.1279 457.3768 -0.0159 0.5897 136.0741 -0.0000 0.0001 1.0000
0.4460 0.0726 488.7366 -0.0382 0.5387 149.7109 -0.0001 0.0001 1.0000
0.5149 0.1346 473.0721 -0.0249 0.5831 143.6089 -0.0000 0.0002 1.0000
0.4737 0.1080 485.5737 -0.0361 0.5648 147.9241 -0.0001 0.0001 1.0000
0.5009 0.0670 483.3283 -0.0286 0.5540 144.7560 -0.0000 0.0001 1.0000
0.4477 0.0412 501.9472 -0.0338 0.5194 147.8426 -0.0001 0.0000 1.0000
0.4081 0.0689 514.8103 -0.0380 0.5150 148.0967 -0.0001 0.0001 1.0000
0.4952 0.0806 499.3528 -0.0246 0.5505 143.6749 -0.0000 0.0001 1.0000
0.4761 0.1143 506.4266 -0.0310 0.5554 146.5167 -0.0000 0.0001 1.0000
0.5120 0.1208 503.7790 -0.0270 0.5548 147.1487 -0.0000 0.0001 1.0000
0.4642 0.1421 520.6939 -0.0266 0.5541 143.6547 -0.0001 0.0002 1.0000
0.4298 0.1266 531.0364 -0.0388 0.5389 148.9177 -0.0001 0.0001 1.0000
0.5073 0.1547 524.1608 -0.0203 0.5687 143.4042 -0.0000 0.0002 1.0000
0.4973 0.1300 536.1947 -0.0239 0.5557 145.6964 -0.0000 0.0001 1.0000
0.5364 0.1125 530.8696 -0.0129 0.5536 142.3203 0.0000 0.0001 1.0000
0.5295 0.0924 539.1074 -0.0167 0.5349 148.3662 0.0000 0.0001 1.0000
0.4681 0.1746 554.0445 -0.0301 0.5477 155.4081 -0.0000 0.0002 1.0000
0.4278 0.0902 573.5262 -0.0279 0.4994 154.4109 -0.0001 0.0001 1.0000
0.3953 0.1558 583.1654 -0.0354 0.5190 156.5808 -0.0001 0.0002 1.0000
0.4229 0.1141 581.5282 -0.0297 0.5064 156.5909 -0.0001 0.0001 1.0000
0.3943 0.0642 597.8622 -0.0309 0.4831 158.0072 -0.0001 0.0001 1.0000
0.4496 0.1559 587.3473 -0.0245 0.5353 154.3789 -0.0000 0.0002 1.0000
0.4348 0.1500 598.2213 -0.0294 0.5067 163.9015 -0.0000 0.0001 1.0000
0.4360 0.1299 599.0584 -0.0230 0.5033 159.1092 -0.0000 0.0001 1.0000
0.4229 0.1431 604.2691 -0.0326 0.5012 164.8492 -0.0001 0.0001 1.0000
0.4070 0.1385 613.6555 -0.0294 0.4967 162.8054 -0.0001 0.0001 1.0000
0.3982 0.1531 614.9336 -0.0337 0.5018 163.8400 -0.0001 0.0002 1.0000
0.3429 0.0779 632.7147 -0.0417 0.4577 166.9405 -0.0001 0.0001 1.0000
0.4589 0.1324 609.7695 -0.0193 0.5088 158.6477 -0.0000 0.0001 1.0000
0.4385 0.1181 621.5176 -0.0270 0.4955 162.9924 -0.0000 0.0001 1.0000
0.4875 0.1412 610.7626 -0.0134 0.5197 155.4759 0.0000 0.0001 1.0000
0.4205 0.1427 626.3717 -0.0295 0.5021 162.6253 -0.0000 0.0001 1.0000
0.4698 0.1822 615.2682 -0.0130 0.5287 153.0066 -0.0000 0.0002 1.0000
0.4445 0.1518 622.1895 -0.0178 0.5046 158.1225 -0.0000 0.0001 1.0000
0.4254 0.1721 624.4199 -0.0202 0.5029 156.6824 -0.0000 0.0002 1.0000
0.4683 0.1568 617.5688 -0.0159 0.5095 157.3100 -0.0000 0.0002 1.0000
0.4282 0.1194 626.2167 -0.0158 0.4877 156.3115 -0.0000 0.0001 1.0000
0.4387 0.1959 620.9320 -0.0246 0.5210 160.2106 -0.0000 0.0002 1.0000
0.4897 0.1097 617.2206 -0.0086 0.4956 157.1056 0.0000 0.0001 1.0000
0.3996 0.1725 626.5139 -0.0277 0.4969 161.3528 -0.0001 0.0002 1.0000
0.4559 0.1484 615.6327 -0.0204 0.5112 160.7017 -0.0000 0.0001 1.0000
0.4089 0.1257 623.8951 -0.0276 0.4852 162.7613 -0.0001 0.0001 1.0000
0.4576 0.1748 606.2579 -0.0209 0.5052 162.9447 -0.0000 0.0002 1.0000
0.4623 0.1572 608.2994 -0.0191 0.5211 157.6447 -0.0000 0.0002 1.0000
0.3930 0.0942 620.7061 -0.0296 0.4828 159.7109 -0.0001 0.0001 1.0000
0.4326 0.1806 602.4994 -0.0238 0.5260 155.3565 -0.0001 0.0002 1.0000
0.4632 0.1881 596.5607 -0.0150 0.5350 151.3406 -0.0000 0.0002 1.0000
0.4444 0.1458 597.5162 -0.0199 0.5125 154.4890 -0.0000 0.0001 1.0000
0.3831 0.1341 604.3337 -0.0333 0.4970 156.2869 -0.0001 0.0001 1.0000
0.4604 0.1408 585.6970 -0.0204 0.5324 148.0908 -0.0000 0.0001 1.0000
0.4470 0.1519 580.8951 -0.0266 0.5356 149.7619 -0.0001 0.0002 1.0000
0.4867 0.1033 570.6857 -0.0184 0.5329 145.2277 -0.0000 0.0001 1.0000
0.4697 0.1469 571.0969 -0.0209 0.5394 145.2441 -0.0000 0.0002 1.0000
0.4367 0.1645 568.5281 -0.0255 0.5374 142.2954 -0.0001 0.0002 1.0000
0.5256 0.1457 538.8524 -0.0138 0.5608 136.3427 -0.0000 0.0001 1.0000
0.5104 0.0928 543.4385 -0.0207 0.5460 138.3845 -0.0000 0.0001 1.0000
0.5238 0.1117 531.4630 -0.0148 0.5673 128.2123 -0.0000 0.0001 1.0000
0.4764 0.1677 532.7347 -0.0281 0.5646 132.6234 -0.0001 0.0002 1.0000
0.4554 0.1248 533.3160 -0.0309 0.5521 131.7361 -0.0001 0.0001 1.0000
0.5002 0.1067 520.5288 -0.0273 0.5684 128.0616 -0.0000 0.0001 1.0000
0.5322 0.1285 511.4726 -0.0205 0.5930 121.9930 -0.0000 0.0001 1.0000
0.4846 0.1142 513.9096 -0.0317 0.5716 122.8516 -0.0001 0.0001 1.0000
0.5410 0.1242 492.4869 -0.0218 0.5934 114.3591 -0.0000 0.0001 1.0000
0.5562 0.0737 494.4027 -0.0227 0.5974 113.8075 -0.0000 0.0001 1.0000
0.5530 0.0737 493.2834 -0.0221 0.5970 108.7731 -0.0000 0.0001 1.0000
0.5948 0.0981 477.0703 -0.0139 0.6228 100.4392 -0.0000 0.0001 1.0000
0.5120 0.1260 491.3537 -0.0305 0.6090 105.4205 -0.0001 0.0001 1.0000
0.5923 0.0792 475.3245 -0.0207 0.6270 98.4036 -0.0000 0.0001 1.0000
0.5938 0.1164 469.1153 -0.0252 0.6444 97.6322 -0.0000 0.0001 1.0000
0.6029 0.1293 465.9541 -0.0185 0.6581 90.5625 -0.0000 0.0001 1.0000
0.6628 0.0804 455.1181 -0.0111 0.6602 84.4634 0.0000 0.0001 1.0000
0.6239 0.1143 458.6508 -0.0237 0.6726 86.5296 -0.0000 0.0001 1.0000
0.6044 0.0688 469.4532 -0.0251 0.6524 84.5509 -0.0000 0.0001 1.0000
0.7009 0.1067 440.0636 -0.0069 0.6957 72.9017 0.0000 0.0001 1.0000
0.6969 0.1270 442.3062 -0.0140 0.7118 76.5667 0.0000 0.0001 1.0000
0.6330 0.1343 454.5450 -0.0183 0.6914 76.9909 -0.0000 0.0001 1.0000
0.6248 0.1521 455.1767 -0.0253 0.7051 76.5559 -0.0001 0.0001 1.0000
0.6455 0.1084 449.4171 -0.0273 0.6988 78.3102 -0.0000 0.0001 1.0000
0.6878 0.1100 439.7650 -0.0188 0.7170 72.7805 -0.0000 0.0001 1.0000
0.6335 0.0806 451.0557 -0.0309 0.6946 78.1497 -0.0001 0.0001 1.0000
0.7365 0.1368 417.9999 -0.0085 0.7554 61.2449 0.0000 0.0001 1.0000
0.6899 0.1120 430.1973 -0.0159 0.7326 65.3902 -0.0000 0.0001 1.0000
0.6836 0.0643 432.9622 -0.0196 0.7085 69.8240 -0.0000 0.0000 1.0000
0.7029 0.1233 419.2436 -0.0218 0.7425 69.3226 -0.0000 0.0001 1.0000
0.6616 0.0910 426.3346 -0.0215 0.7129 69.2611 -0.0001 0.0001 1.0000
0.7015 0.1149 409.3092 -0.0190 0.7530 63.7723 -0.0000 0.0001 1.0000
0.7330 0.0962 401.0660 -0.0139 0.7607 58.8490 -0.0000 0.0001 1.0000
0.7431 0.0980 388.0552 -0.0204 0.7567 65.2348 -0.0000 0.0001 1.0000
0.8214 0.0988 362.9077 -0.0129 0.7928 60.1602 0.0000 0.0001 1.0000
0.7589 0.1170 372.6905 -0.0164 0.7855 58.7388 -0.0000 0.0001 1.0000
0.6600 0.0281 399.9409 -0.0243 0.7237 63.3834 -0.0001 0.0000 1.0000
0.7443 0.0570 375.8029 -0.0228 0.7565 63.2443 -0.0000 0.0000 1.0000
