323.628120 201.165557 683.029118 235.907654 740.533278 462.330283 298.470050 441.964226 
323.204225 202.332864 683.767606 235.504695 740.496244 460.255869 297.724413 443.189202 
323.444601 203.534742 684.007981 236.225822 742.419249 461.217371 300.128169 445.592958 
325.127230 206.419249 684.969484 236.466197 744.582629 461.217371 302.531925 447.275587 
326.569484 208.342254 685.690610 237.187324 746.024883 461.457746 304.935681 449.438967 
327.290610 210.265258 686.652113 237.668075 747.947887 460.496244 307.820188 450.400469 
329.934742 211.467136 686.892488 237.427700 750.351643 459.294366 312.146948 451.121596 
331.857746 212.428638 689.055869 237.427700 753.236150 457.852113 314.791080 452.083099 
333.059624 214.592019 690.498122 235.985446 756.361033 456.409859 319.598592 451.361972 
337.386385 214.592019 692.901878 235.264319 760.207042 453.525352 324.886854 451.121596 
340.992019 215.072770 695.786385 235.023944 764.533803 450.881221 331.617371 450.640845 
345.559155 215.793897 698.911268 233.822066 769.100939 447.996714 337.626761 448.717840 
349.885915 215.313146 703.238028 231.658685 773.668075 445.352582 344.116901 447.035211 
355.895305 215.313146 706.362911 230.216432 778.715962 441.025822 352.049296 444.631455 
361.423944 215.313146 709.247418 227.812676 783.283099 436.458685 359.260563 441.266197 
366.471831 214.351643 711.410798 226.370423 786.167606 431.410798 365.750704 437.900939 
370.798592 214.351643 713.333803 224.207042 788.090610 426.122535 372.000469 433.574178 
374.884977 212.909390 714.776056 222.043662 789.052113 421.555399 377.288732 428.526291 
378.971362 211.467136 714.776056 220.601408 788.811737 415.065258 382.096244 423.718779 
382.817371 210.505634 715.497183 218.197653 787.850235 408.334742 386.903756 418.911268 
386.423005 209.784507 714.535681 216.274648 786.167606 401.604225 390.990141 410.257746 
390.509390 209.544131 714.054930 214.111268 784.004225 395.114085 394.836150 405.690610 
395.316901 206.900000 712.853052 210.505634 780.879343 386.941315 399.643662 396.315962 
398.201408 204.976995 711.170423 208.101878 777.514085 380.210798 401.566667 389.345070 
400.605164 204.255869 709.728169 207.380751 773.908451 374.441784 403.970423 384.056808 
402.528169 202.092488 707.564789 204.976995 769.581690 367.230516 405.653052 377.566667 
404.691549 201.130986 704.920657 202.332864 764.774178 360.980751 406.854930 371.557277 
405.653052 201.371362 701.555399 200.650235 759.005164 355.692488 407.095305 366.509390 
405.412676 198.727230 697.709390 197.525352 752.995775 347.519718 405.893427 360.259624 
405.172300 198.486854 693.382629 194.881221 745.544131 340.789202 404.931925 354.490610 
403.730047 195.602347 687.853991 190.554460 738.332864 332.135681 403.249296 347.519718 
401.566667 192.958216 681.844601 184.304695 731.361972 323.962911 400.124413 341.510329 
397.239906 191.035211 675.835211 180.218310 721.506573 315.309390 395.076526 335.981690 
392.432394 190.073709 666.700939 175.891549 712.853052 307.376995 390.749765 330.693427 
386.663380 187.910329 657.807042 171.564789 702.757277 300.646479 384.740376 326.126291 
380.413615 187.429577 648.432394 168.680282 692.421127 293.915962 378.730986 323.001408 
371.760094 187.910329 638.576995 164.353521 681.604225 287.906573 369.837089 320.838028 
362.625822 187.669953 626.317840 161.469014 669.825822 281.416432 362.625822 318.193897 
352.289671 187.910329 614.779812 158.584507 659.008920 276.849296 353.731925 317.232394 
341.713146 188.631455 601.078404 156.661502 646.749765 271.801408 343.155399 315.549765 
330.175117 189.352582 590.501878 155.219249 636.173239 268.676526 331.376995 315.069014 
318.637089 190.073709 580.646479 152.815493 626.077465 265.551643 320.560094 316.751643 
308.060563 193.679343 566.223944 151.613615 614.779812 264.109390 311.185446 318.193897 
296.041784 195.842723 552.522535 151.373239 599.876526 260.744131 301.570423 320.116901 
285.224883 198.006103 540.503756 150.411737 590.021127 258.821127 292.676526 320.597653 
273.206103 199.207981 530.407981 149.209859 581.848357 257.138498 282.580751 323.241784 
262.629577 201.371362 518.869953 146.806103 574.156338 254.494366 276.090610 324.443662 
256.860563 201.852113 510.456808 145.604225 568.868075 250.407981 272.965728 325.164789 
249.889671 203.294366 503.726291 143.440845 564.060563 248.004225 270.081221 325.405164 
242.918779 202.813615 497.236150 140.796714 562.377934 243.196714 269.119718 325.164789 
240.274648 202.092488 493.630516 138.152582 561.656808 239.110329 269.840845 323.241784 
239.072770 200.890610 492.669014 134.306573 563.820188 234.543192 272.965728 321.799531 
239.793897 198.727230 493.149765 129.739437 568.387324 229.014554 278.013615 319.155399 
242.678404 197.044601 496.995775 123.970423 575.117840 224.447418 284.503756 314.828638 
249.889671 193.679343 502.524413 120.605164 583.771362 218.197653 294.839906 310.742254 
255.658685 189.352582 510.216432 116.518779 596.511268 212.669014 305.176056 305.694366 
265.994836 185.266197 518.629577 113.153521 610.453052 207.621127 321.040845 302.088732 
279.455869 184.304695 529.206103 110.269014 625.115962 203.294366 336.905634 300.165728 
290.272770 181.900939 538.821127 106.903756 637.134742 199.929108 351.328169 299.204225 
299.887793 179.497183 549.638028 103.538498 651.797653 195.361972 366.231455 296.800469 
308.541315 179.737559 557.810798 99.932864 663.095305 192.237089 378.009859 294.637089 
314.310329 178.535681 564.541315 98.730986 671.508451 189.592958 390.028638 293.915962 
315.752582 177.093427 559.253052 94.163850 679.681221 187.910329 391.230516 295.838967 
307.339437 175.891549 557.570423 93.923474 676.556338 186.948826 390.028638 295.598592 
298.205164 178.054930 551.561033 94.884977 671.748826 187.669953 386.663380 297.761972 
288.109390 181.900939 544.109390 97.048357 665.979812 191.756338 380.653991 301.607981 
280.898122 184.304695 537.619249 100.173239 661.412676 193.919718 371.038967 308.098122 
273.686854 187.669953 533.292488 102.096244 659.970423 197.765728 368.635211 313.386385 
269.360094 193.919718 530.648357 107.624883 660.931925 206.178873 371.038967 321.078404 
269.600469 199.207981 531.609859 112.672770 668.864319 215.072770 378.250235 332.616432 
278.013615 208.823005 539.542254 121.807042 679.681221 223.966667 386.663380 342.712207 
285.946009 216.515023 548.916901 129.018310 691.940376 232.139437 398.922535 353.529108 
300.368545 223.485915 561.176056 133.585446 707.805164 241.514085 418.152582 365.307512 
309.743192 234.783568 574.396714 142.960094 723.669953 249.446479 431.132864 375.884038 
324.406103 242.715962 587.857746 151.373239 740.736620 262.186385 447.238028 390.306573 
336.665258 257.138498 599.876526 163.632394 757.562911 276.128169 461.420188 405.690610 
344.357277 265.070892 612.376056 169.401408 774.869953 286.704695 476.083099 420.353521 
356.616432 274.926291 625.837089 178.054930 790.975117 295.358216 489.784507 431.651174 
367.914085 284.541315 638.576995 185.506573 810.205164 304.492488 504.447418 443.189202 
378.250235 291.271831 653.961033 191.275587 828.954460 313.626761 520.312207 455.448357 
391.951643 302.569484 666.941315 199.207981 847.223005 322.761033 535.936620 467.467136 
402.768545 309.300000 679.440845 204.736620 866.453052 331.895305 557.570423 479.485915 
418.152582 318.434272 695.786385 209.784507 886.884977 338.385446 576.079343 491.023944 
433.776995 322.039906 711.410798 216.274648 902.509390 342.471831 591.223005 497.514085 
444.593897 326.847418 724.631455 217.476526 925.345070 344.875587 615.260563 502.321596 
457.814554 329.251174 738.573239 216.755399 940.488732 344.154460 628.721596 504.484977 
468.631455 325.645540 748.428638 213.390141 957.315023 342.231455 647.470892 502.081221 
478.246479 322.039906 756.841784 210.265258 969.574178 338.385446 661.653052 499.917840 
478.923434 319.674240 760.303853 206.804128 978.083139 335.934434 671.344779 496.875817 
480.098228 315.752133 759.195001 204.431483 980.219447 333.811647 680.104461 492.636258 
477.485461 310.766393 755.659102 200.678369 980.110927 330.947444 683.011862 490.448156 
466.784478 307.690290 749.078369 198.970813 976.190649 328.522637 682.426320 486.108243 
460.017256 303.278483 739.007312 196.580974 967.802678 326.136674 677.745092 483.197293 
448.827347 302.061335 726.940985 195.333462 959.268317 325.094881 672.088442 481.221474 
437.189644 301.413953 716.424434 196.265021 948.305116 326.488800 664.366380 480.911621 
431.390996 298.404191 706.331890 197.848330 939.100312 328.413274 657.545641 481.988549 
423.260404 298.851963 696.993542 200.351569 926.415426 332.308348 652.474965 481.944081 
416.074863 300.001526 688.769443 204.448907 917.507645 336.100450 648.018915 482.445323 
411.864887 300.101832 684.364811 207.137537 912.170807 339.452948 646.567780 482.987203 
414.513650 299.008557 683.361906 208.945731 910.936212 342.510787 646.392017 483.652442 
413.319805 303.404501 680.521368 214.722469 907.534057 348.654784 648.251044 486.128798 
417.070677 305.442826 679.459236 220.639317 906.532637 355.182240 650.125382 491.602377 
417.128389 311.758264 681.279243 226.465493 906.835524 361.747823 649.917613 497.687320 
417.889267 318.175545 680.262464 233.200839 904.296699 369.681466 649.721153 503.641054 
418.310697 325.409580 679.361670 240.547808 902.203350 376.574610 649.201511 509.801549 
420.453964 329.718665 679.002332 245.952216 901.621117 381.393384 647.981052 513.835979 
418.470619 332.909814 680.589457 248.735668 901.200926 384.150636 646.365164 516.119155 
419.305183 334.852258 681.142083 251.516078 902.291928 386.592677 646.048289 517.165971 
424.761474 334.564869 684.551881 253.162084 903.246442 387.143924 646.251093 517.405293 
425.905405 334.608207 686.453179 253.220059 904.010535 387.520841 645.559679 516.245395 
426.190729 333.017387 688.644790 253.082140 906.424959 388.016550 644.748880 516.837818 
426.655353 332.951196 692.575169 252.858050 909.197004 389.128297 644.204235 516.596356 
429.672714 331.747533 697.472733 250.928810 913.912361 388.980845 645.275200 515.562473 
435.838185 329.011965 704.811851 250.745037 918.059245 387.034699 645.883286 513.474650 
440.688786 326.852083 709.915672 248.646825 924.093850 387.438278 647.584381 511.626766 
441.938269 327.852387 716.400268 249.358907 928.533897 388.308906 648.354912 512.473483 
449.900692 326.806058 725.059152 250.757238 936.139483 392.082521 648.953487 515.843618 
453.831005 330.660260 731.721320 252.253587 942.906495 395.404257 650.123443 519.254955 
455.025826 333.777837 740.267988 256.157230 947.946350 400.871981 650.511009 523.037377 
466.205547 336.772131 750.256041 260.317418 956.895162 407.061142 650.048568 529.750208 
470.625339 341.813099 759.766365 264.691157 964.522430 415.210501 650.140227 538.370539 
478.243311 347.294589 767.915508 271.979818 972.168591 425.978183 648.701644 548.031705 
477.688273 354.509567 776.382409 278.111778 978.469650 437.919247 645.892670 558.993344 
487.679797 359.364772 786.717781 285.763341 982.617650 450.309198 640.267745 568.093570 
486.567287 364.605842 795.787006 293.957177 985.549476 461.542891 634.816094 575.469053 
489.186023 367.296617 795.897198 298.854823 985.217288 470.598778 625.328007 581.641753 
488.582629 368.432394 799.869014 304.011737 980.150704 478.284038 613.818310 586.212676 
486.178873 368.913146 802.513146 307.857746 977.266197 485.976056 600.597653 587.174178 
482.813615 364.105634 805.157277 309.059624 972.458685 489.581690 586.415493 585.251174 
480.409859 359.778873 806.359155 308.338498 967.651174 491.985446 573.675587 581.164789 
477.525352 352.086854 807.080282 306.175117 962.362911 491.985446 559.253052 575.876526 
474.160094 344.635211 805.878404 302.569484 953.469014 491.023944 546.753521 568.424883 
467.910329 337.423944 801.551643 298.002347 942.411737 488.379812 532.571362 559.530986 
461.420188 329.731925 797.224883 293.194836 931.354460 484.533803 514.783568 551.838967 
453.487793 320.597653 789.773239 285.983568 917.172300 480.928169 500.841784 543.906573 
447.238028 312.665258 785.206103 279.974178 904.672770 473.476526 486.419249 532.849296 
439.546009 303.530986 779.437089 271.080282 894.096244 471.072770 474.881221 527.320657 
430.171362 300.646479 774.629577 267.474648 876.308451 469.149765 456.853052 525.397653 
428.969484 293.675587 772.946948 262.186385 874.866197 462.419249 450.122535 516.984507 
422.960094 293.194836 765.495305 262.667136 860.924413 465.544131 438.344131 518.667136 
420.075587 288.387324 764.774178 260.023005 854.674648 468.669014 428.729108 518.426761 
419.594836 282.377934 766.937559 253.532864 853.953521 465.784507 425.123474 514.580751 
423.200469 278.291549 773.187324 250.167606 855.636150 463.380751 425.604225 509.052113 
429.930986 269.878404 784.965728 244.158216 865.731925 462.900000 428.969484 504.244601 
437.863380 263.628638 795.301878 241.994836 875.827700 466.265258 432.094366 503.523474 
442.190141 263.388263 804.916901 244.398592 884.481221 476.841784 433.055869 508.090610 
448.920657 262.667136 818.137559 245.840845 894.576995 484.533803 435.700000 510.975117 
458.535681 260.744131 830.396714 246.802347 905.634272 491.504695 440.507512 511.696244 
465.987324 261.224883 844.338498 253.532864 915.970423 506.888732 443.151643 522.032394 
473.919718 264.830516 858.761033 259.061502 928.950704 523.234272 445.795775 531.166667 
481.852113 269.638028 872.462441 267.234272 939.046479 541.502817 447.478404 543.906573 
487.861502 274.445540 884.240845 276.849296 949.623005 562.655869 443.872770 560.732864 
490.505634 280.214554 896.740376 285.983568 959.478404 585.010798 438.103756 577.559155 
492.188263 284.541315 905.153521 294.877465 963.805164 605.683099 431.373239 592.222066 
491.226761 291.271831 912.124413 306.655869 965.968545 625.153521 423.681221 602.558216 
489.063380 293.194836 916.931925 314.107512 965.007042 643.662441 411.422066 615.057746 
484.015493 294.156338 919.095305 319.155399 962.122535 661.450235 398.201408 622.990141 
478.486854 291.992958 920.777934 321.318779 957.074648 672.988263 384.740376 628.038028 
473.679343 288.387324 921.018310 322.520657 950.103756 680.680282 372.481221 627.557277 
469.833333 281.416432 920.297183 318.915023 942.411737 691.016432 360.462441 629.239906 
467.669953 274.445540 921.018310 316.270892 930.392958 689.814554 348.684038 622.269014 
466.468075 264.830516 918.614554 309.540376 917.172300 685.968545 340.030516 612.173239 
466.468075 253.052113 915.489671 304.252113 903.470892 675.151643 334.742254 596.308451 
469.112207 239.350704 913.807042 292.233333 891.211737 663.613615 334.501878 576.597653 
472.477465 225.649296 914.528169 282.858685 881.837089 649.191080 333.540376 554.483099 
478.486854 211.707512 914.768545 274.926291 871.020188 634.768545 334.261502 534.531925 
485.457746 198.246479 917.412676 268.195775 862.847418 624.432394 334.501878 515.542254 
493.390141 189.112207 920.297183 262.667136 854.193897 614.096244 339.069014 497.754460 
503.726291 182.141315 923.662441 261.465258 847.223005 606.404225 342.674648 483.331925 
514.302817 175.410798 928.469953 259.782629 840.492488 597.991080 348.684038 467.707512 
525.600469 171.564789 932.796714 260.263380 834.723474 590.539437 355.414554 453.525352 
537.378873 166.276526 936.883099 261.946009 828.954460 585.491549 363.106573 440.785446 
550.599531 161.949765 941.450235 263.869014 824.146948 579.722535 371.760094 427.805164 
562.618310 157.382629 946.498122 266.513146 818.618310 572.030516 378.971362 413.382629 
574.637089 154.738498 950.103756 270.118779 814.772300 564.578873 389.307512 398.960094 
588.578873 151.853991 955.632394 272.282160 811.647418 558.329108 396.999531 386.700939 
602.280282 149.690610 961.401408 276.128169 810.205164 553.521596 407.095305 374.682160 
612.856808 151.373239 965.968545 281.176056 808.762911 548.714085 416.710329 366.749765 
622.712207 151.853991 970.535681 285.983568 808.762911 546.310329 425.123474 360.019249 
630.884977 156.180751 972.699061 289.108451 811.166667 542.464319 432.334742 357.375117 
636.173239 162.670892 975.583568 292.233333 813.570423 542.223944 438.344131 360.259624 
639.778873 170.843662 977.987324 296.079343 819.099061 547.992958 442.670892 370.595775 
641.461502 189.833333 981.352582 300.646479 830.877465 554.483099 451.805164 391.748826 
647.470892 207.380751 986.881221 304.973239 846.501878 565.059624 467.189202 416.507512 
648.672770 228.533803 993.852113 305.453991 868.135681 572.751643 482.332864 446.794836 
655.884038 247.763850 999.380751 301.127230 889.048357 577.318779 502.524413 474.197653 
659.970423 262.667136 1009.476526 290.550704 913.326291 577.559155 523.677465 500.638967 
665.739437 279.253052 1016.687793 279.733803 938.806103 573.713146 546.993897 522.993897 
673.671831 291.752582 1019.572300 269.157277 961.401408 565.780751 571.271831 542.464319 
679.921596 299.684977 1020.053052 255.455869 980.391080 555.925352 594.828638 556.646479 
684.007981 307.857746 1018.851174 242.235211 996.255869 543.906573 612.616432 568.424883 
686.411737 314.828638 1016.207042 232.620188 1008.274648 535.012676 629.923474 578.761033 
687.613615 322.761033 1010.918779 225.168545 1016.687793 526.118779 644.826761 586.933803 
688.575117 330.693427 1005.390141 221.562911 1022.216432 518.667136 655.643662 597.029577 
688.334742 339.827700 996.736620 220.361033 1023.418310 514.821127 663.335681 606.644601 
684.969484 351.606103 988.323474 224.207042 1024.860563 513.378873 668.383568 615.057746 
682.565728 361.701878 981.112207 227.572300 1023.658685 515.301878 670.546948 627.316901 
679.440845 374.201408 971.016432 233.581690 1020.533803 515.782629 672.469953 636.210798 
675.835211 384.777934 963.564789 239.831455 1019.091549 519.388263 673.671831 649.431455 
670.787324 397.037089 954.430516 247.523474 1016.447418 521.792019 674.873709 659.046479 
665.739437 409.776995 945.055869 254.253991 1013.562911 523.234272 675.594836 669.623005 
662.854930 416.747887 936.883099 257.378873 1010.918779 522.272770 677.277465 675.392019 
659.730047 422.757277 928.229577 257.378873 1010.197653 516.503756 680.402347 677.315023 
656.364789 422.276526 919.816432 249.206103 1008.755399 505.686854 683.046479 674.670892 
652.278404 415.305634 910.922535 237.187324 1006.351643 485.254930 685.690610 665.296244 
647.230516 405.450235 900.105634 219.399531 1001.544131 464.342254 686.892488 655.440845 
641.221127 393.191080 887.365728 199.448357 995.534742 435.737559 686.892488 638.854930 
632.086854 378.528169 876.068075 181.179812 988.323474 405.450235 685.450235 616.500000 
620.789202 362.903756 857.559155 157.142254 975.102817 371.557277 680.642723 591.741315 
608.049296 343.673709 837.607981 134.546948 960.199531 342.471831 670.546948 568.424883 
590.021127 336.462441 815.974178 116.518779 940.969484 312.424883 658.528169 549.194836 
571.992958 326.847418 794.340376 105.701878 918.133803 289.589202 646.509390 532.368545 
556.368545 317.232394 770.302817 93.683099 895.298122 271.561033 630.884977 522.753521 
537.138498 323.241784 747.467136 86.471831 871.260563 257.138498 616.462441 516.744131 
516.706573 322.039906 718.622066 86.471831 846.021127 248.725352 599.636150 511.936620 
501.082160 323.241784 695.786385 87.673709 825.589202 242.715962 587.617371 511.936620 
485.457746 332.856808 674.152582 90.077465 802.753521 241.514085 575.598592 515.542254 
473.438967 341.269953 652.518779 94.884977 783.523474 246.321596 563.579812 521.551643 
460.458685 352.086854 635.932864 103.057746 771.504695 245.360094 556.368545 528.522535 
455.410798 360.740376 621.750704 109.788263 758.764789 246.802347 553.484038 535.253052 
451.805164 367.951643 609.491549 115.076526 750.832394 246.321596 554.445540 541.983568 
447.478404 380.210798 601.799531 121.566667 742.178873 252.330986 555.647418 547.031455 
449.161033 385.739437 594.828638 128.056808 737.852113 253.052113 559.253052 550.396714 
450.843662 393.191080 589.540376 133.104695 734.967606 253.773239 564.300939 553.761972 
454.449296 398.479343 586.655869 137.431455 735.448357 252.571362 570.069953 555.925352 
460.218310 402.565728 586.415493 136.950704 733.044601 251.129108 579.204225 554.002347 
464.545070 403.767606 581.367606 136.229577 732.563850 243.677465 585.934742 551.598592 
471.035211 403.767606 580.165728 135.027700 732.323474 238.148826 594.107512 550.637089 
475.121596 402.806103 578.002347 133.104695 733.525352 234.062441 602.039906 545.108451 
481.130986 404.729108 576.800469 129.499061 733.525352 225.889671 609.010798 542.704695 
485.217371 403.767606 577.040845 127.335681 734.727230 217.476526 618.625822 539.579812 
493.630516 405.209859 575.358216 127.816432 735.207981 215.313146 626.317840 537.176056 
497.476526 406.652113 576.079343 128.297183 736.169484 209.784507 634.009859 536.935681 
503.005164 410.978873 575.598592 130.220188 738.573239 208.101878 643.384507 535.974178 
509.495305 416.267136 575.598592 133.345070 740.496244 206.659624 652.278404 537.176056 
516.946948 421.555399 576.560094 135.748826 741.698122 205.217371 663.095305 539.579812 
522.715962 427.084038 576.319718 139.835211 743.380751 203.534742 671.748826 539.579812 
528.244601 431.651174 576.079343 142.960094 744.582629 201.852113 680.402347 542.704695 
534.975117 436.939437 576.079343 146.084977 746.265258 200.409859 689.776995 542.945070 
541.946009 442.708451 577.040845 152.334742 749.390141 198.006103 698.430516 543.425822 
547.715023 448.477465 577.521596 156.180751 750.832394 197.044601 708.766667 546.069953 
553.964789 453.044601 576.800469 159.786385 750.832394 194.400469 717.179812 546.550704 
558.291549 458.813615 576.079343 163.151643 751.072770 192.237089 725.112207 546.791080 
563.820188 464.582629 574.637089 166.516901 751.072770 190.314085 732.083099 547.031455 
569.108451 469.149765 573.435211 170.122535 750.592019 187.669953 737.852113 546.310329 
571.992958 472.755399 570.791080 171.564789 748.909390 183.102817 743.140376 547.031455 
574.396714 474.918779 566.704695 173.487793 745.544131 180.458685 746.746009 545.829577 
573.194836 477.082160 562.618310 173.728169 740.736620 175.891549 746.505634 545.348826 
570.791080 478.764789 559.012676 174.689671 736.409859 174.449296 744.823005 543.906573 
566.945070 479.005164 555.887793 173.968545 732.563850 172.766667 741.217371 544.146948 
563.099061 479.485915 555.407042 170.362911 733.284977 168.920657 736.409859 542.464319 
559.974178 477.082160 558.051174 166.757277 738.573239 167.238028 732.804225 542.464319 
556.368545 473.476526 563.099061 165.555399 745.784507 169.882160 726.314085 541.262441 
548.676526 470.832394 575.598592 162.670892 756.361033 175.410798 716.939437 543.906573 
535.696244 463.861502 588.338498 163.872770 764.774178 185.987324 702.276526 550.396714 
520.071831 464.823005 596.992019 167.718779 775.110329 197.765728 682.565728 560.732864 
500.841784 463.861502 604.203286 174.449296 781.119718 216.515023 661.893427 571.309390 
480.650235 463.861502 609.731925 183.823944 785.927230 245.119718 634.730986 581.164789 
465.987324 456.890610 617.664319 191.515962 792.417371 265.311268 609.731925 582.366667 
449.401408 447.035211 627.038967 199.688732 793.378873 279.493427 585.694366 583.328169 
440.026761 425.401408 641.461502 198.727230 803.234272 288.868075 568.868075 570.828638 
439.786385 407.373239 656.124413 192.717840 810.926291 290.310329 553.964789 556.886854 
438.584507 372.759155 671.989202 180.458685 821.502817 288.627700 542.907512 529.964789 
443.392019 339.346948 692.661502 165.795775 834.242723 282.618310 535.696244 501.840845 
448.439906 303.771362 714.295305 149.690610 846.021127 278.772300 532.090610 469.630516 
455.891549 269.397653 731.361972 136.710329 856.116901 273.484038 528.244601 440.785446 
461.179812 235.985446 750.832394 126.614554 864.049296 270.599531 523.917840 408.815493 
468.631455 201.130986 765.976056 117.480282 867.414554 271.080282 517.908451 380.931925 
471.996714 167.478404 776.071831 114.115023 865.251174 273.243662 508.293427 352.567606 
473.438967 142.238967 779.677465 112.672770 857.318779 277.330047 494.592019 323.482160 
468.150704 119.884038 778.956338 114.355399 839.771362 283.820188 477.525352 301.367606 
459.016432 96.567606 771.985446 116.759155 819.339437 290.791080 456.131925 277.810798 
446.276526 80.462441 757.562911 123.008920 794.580751 298.242723 432.815493 261.224883 
431.853991 72.049296 739.053991 133.585446 767.418310 310.982629 403.730047 248.725352 
412.623944 70.366667 717.179812 148.488732 735.688732 327.808920 372.481221 244.638967 
396.038028 77.818310 690.017371 165.795775 701.315023 349.923474 343.395775 251.129108 
375.125352 89.115962 665.499061 197.525352 666.220188 376.124413 313.348826 259.782629 
353.251174 109.547887 639.057746 228.293427 632.327230 409.055869 286.426761 274.445540 
333.780751 133.825822 618.625822 266.032394 600.357277 440.785446 254.216432 298.002347 
318.396714 162.190141 592.424883 307.617371 571.992958 479.485915 231.861502 319.636150 
305.176056 193.438967 576.800469 349.683099 546.753521 523.955399 217.438967 344.875587 
308.781690 227.091549 569.589202 386.941315 539.542254 569.626761 217.438967 374.922535 
325.607981 260.744131 574.396714 426.603286 544.349765 602.077465 227.053991 401.363850 
344.838028 290.791080 590.021127 460.255869 563.579812 629.720657 247.485915 427.805164 
373.683099 318.434272 618.866197 479.485915 598.434272 651.354460 277.532864 456.650235 
400.124413 338.866197 648.913146 487.899061 635.692488 671.786385 314.791080 485.495305 
424.161972 353.288732 684.969484 490.302817 669.345070 665.776995 347.241784 503.523474 
442.190141 356.894366 711.410798 472.274648 709.007042 651.354460 377.288732 513.138498 
455.410798 352.086854 731.842723 448.237089 742.659624 628.518779 403.730047 513.138498 
461.900939 348.240845 741.938498 421.315023 763.572300 600.394836 421.517840 513.138498 
459.497183 343.673709 743.380751 393.671831 776.312207 572.511268 430.411737 510.975117 
451.805164 341.750704 741.457746 373.480282 782.802347 546.069953 434.498122 511.215493 
445.074648 339.587324 734.006103 350.163850 789.052113 519.147887 436.661502 509.052113 
436.901878 338.145070 726.794836 330.693427 788.811737 495.831455 437.623005 509.052113 
429.690610 338.625822 720.304695 313.146009 790.494366 474.438028 439.786385 508.811737 
425.604225 341.991080 714.054930 299.204225 792.176995 454.246479 445.074648 512.417371 
423.440845 346.798592 710.208920 286.704695 795.782629 437.420188 452.285915 516.744131 
428.969484 350.884977 710.689671 277.089671 803.474648 420.353521 465.506573 521.311268 
434.738498 355.932864 715.737559 265.551643 809.724413 406.892488 482.332864 522.513146 
444.113146 358.096244 719.102817 254.975117 820.541315 395.114085 495.793897 525.397653 
452.285915 358.336620 720.545070 245.600469 830.396714 381.893427 508.293427 522.993897 
456.612676 360.500000 726.314085 246.081221 838.569484 378.768545 518.629577 522.272770 
453.968545 368.192019 723.429577 252.090610 834.002347 388.383568 513.822066 533.570423 
444.593897 378.047418 719.102817 275.407042 822.945070 413.623005 497.236150 542.945070 
440.026761 385.979812 721.025822 294.396714 823.185446 438.622066 483.534742 553.040845 
446.516901 386.460563 731.842723 311.223005 827.031455 454.246479 486.900000 553.040845 
472.237089 375.884038 760.207042 315.790141 850.828638 461.938498 498.197653 545.108451 
522.715962 362.903756 788.330986 312.424883 867.654930 462.659624 541.946009 529.964789 
553.964789 347.279343 847.223005 304.011737 928.950704 449.438967 573.194836 514.340376 
563.099061 338.866197 852.511268 299.204225 936.642723 447.275587 586.415493 500.879343 
546.753521 335.260563 836.406103 299.204225 922.941315 448.237089 567.185446 496.312207 
508.293427 332.616432 800.349765 302.809859 877.269953 451.842723 532.330986 496.312207 
466.227700 332.856808 763.091549 305.213615 836.406103 454.246479 480.650235 498.715962 
460.218310 332.856808 755.880282 307.617371 835.204225 459.053991 474.640845 497.514085 
517.908451 329.251174 800.349765 307.617371 872.462441 457.852113 533.532864 492.706573 
567.185446 322.039906 853.232394 300.406103 922.941315 447.035211 573.194836 486.697183 
573.194836 313.626761 862.126291 291.031455 940.007981 442.227700 588.098122 476.120657 
553.964789 311.223005 846.021127 290.791080 922.941315 441.025822 567.185446 471.072770 
481.852113 305.213615 773.908451 294.396714 837.607981 444.631455 491.467136 469.870892 
427.767606 312.424883 735.448357 296.800469 791.936620 448.237089 434.978873 474.678404 
448.199531 307.617371 743.861502 302.809859 803.955399 454.246479 453.007042 473.476526 
532.330986 313.626761 788.330986 307.617371 842.415493 456.650235 540.744131 474.678404 
563.579812 316.030516 853.232394 300.406103 918.133803 449.438967 568.387324 474.678404 
563.579812 314.828638 858.039906 302.809859 931.354460 454.246479 575.598592 474.678404 
537.138498 319.636150 821.983568 304.011737 889.288732 455.448357 546.753521 480.687793 
473.438967 319.636150 760.687793 307.617371 836.406103 459.053991 483.053991 485.495305 
415.748826 325.645540 713.814554 310.021127 782.321596 462.659624 420.556338 491.504695 
410.941315 319.636150 704.199531 304.011737 777.514085 455.448357 416.950704 486.697183 
433.776995 310.021127 729.438967 282.377934 797.946009 444.631455 442.190141 483.091549 
446.036150 302.329108 745.784507 271.080282 821.022066 423.959155 459.256808 469.870892 
450.122535 293.194836 747.467136 255.696244 831.117840 407.613615 466.708451 461.938498 
443.392019 287.185446 736.650235 237.908451 825.589202 390.546948 463.823944 454.246479 
438.584507 272.762911 736.650235 217.476526 823.185446 371.316901 465.025822 445.592958 
448.199531 258.340376 740.255869 188.631455 832.800469 340.068075 479.448357 427.805164 
462.622066 241.514085 757.082160 159.786385 856.838028 306.415493 502.284038 407.373239 
485.457746 221.082160 777.514085 130.941315 876.068075 277.570423 527.523474 385.739437 
504.687793 200.650235 796.744131 104.500000 901.307512 247.523474 553.964789 365.307512 
515.504695 186.708451 810.685915 85.029577 915.970423 226.370423 564.060563 352.086854 
519.831455 167.238028 815.974178 64.357277 922.941315 206.178873 569.829577 335.981690 
520.552582 141.517840 816.695305 32.627700 924.143192 178.535681 570.310329 310.501878 
515.934658 81.624016 818.002665 -22.061229 926.745038 134.813014 566.584703 265.652511 
0.000000 0.000000 0.000000 0.000000 0.000000 0.000000 0.000000 0.000000 
0.000000 0.000000 0.000000 0.000000 0.000000 0.000000 0.000000 0.000000 
0.000000 0.000000 0.000000 0.000000 0.000000 0.000000 0.000000 0.000000 
0.000000 0.000000 0.000000 0.000000 0.000000 0.000000 0.000000 0.000000 
0.000000 0.000000 0.000000 0.000000 0.000000 0.000000 0.000000 0.000000 
0.000000 0.000000 0.000000 0.000000 0.000000 0.000000 0.000000 0.000000 
0.000000 0.000000 0.000000 0.000000 0.000000 0.000000 0.000000 0.000000 
0.000000 0.000000 0.000000 0.000000 0.000000 0.000000 0.000000 0.000000 
0.000000 0.000000 0.000000 0.000000 0.000000 0.000000 0.000000 0.000000 
0.000000 0.000000 0.000000 0.000000 0.000000 0.000000 0.000000 0.000000 
0.000000 0.000000 0.000000 0.000000 0.000000 0.000000 0.000000 0.000000 
0.000000 0.000000 0.000000 0.000000 0.000000 0.000000 0.000000 0.000000 
0.000000 0.000000 0.000000 0.000000 0.000000 0.000000 0.000000 0.000000 
0.000000 0.000000 0.000000 0.000000 0.000000 0.000000 0.000000 0.000000 
0.000000 0.000000 0.000000 0.000000 0.000000 0.000000 0.000000 0.000000 
0.000000 0.000000 0.000000 0.000000 0.000000 0.000000 0.000000 0.000000 
354.453052 28.781690 678.960094 7.147887 743.861502 198.246479 367.673709 228.293427 
368.875587 97.288732 686.171362 78.058685 753.476526 261.946009 379.692488 298.002347 
385.701878 156.180751 694.584507 135.748826 764.293427 317.232394 395.316901 358.096244 
401.326291 211.467136 701.795775 182.622066 773.908451 359.298122 407.335681 401.363850 
412.143192 252.330986 710.208920 225.889671 782.321596 394.152582 418.152582 436.218310 
420.556338 281.176056 719.823944 259.542254 790.734742 422.997653 427.767606 461.457746 
426.565728 302.809859 725.833333 281.176056 796.744131 438.622066 432.575117 477.082160 
432.094366 315.069014 731.121596 292.954460 801.070892 447.275587 435.219249 484.053052 
435.219249 314.828638 734.967606 295.358216 804.195775 451.361972 437.863380 486.456808 
437.382629 309.780751 739.775117 293.915962 807.080282 449.919718 440.507512 482.851174 
441.469014 304.973239 743.140376 290.310329 810.926291 447.035211 443.632394 476.120657 
444.353521 299.204225 747.707512 287.666197 814.051174 444.391080 446.036150 470.832394 
447.959155 294.396714 750.592019 284.781690 817.176056 442.468075 449.161033 465.303756 
450.843662 291.512207 753.476526 283.099061 820.541315 441.506573 451.805164 461.938498 
453.007042 289.829577 755.399531 282.377934 823.185446 441.746948 454.208920 460.015493 
454.449296 288.387324 757.562911 282.858685 824.868075 442.708451 455.651174 459.534742 
456.131925 287.666197 759.485915 283.099061 827.031455 444.150704 457.093427 459.294366 
456.372300 286.945070 761.168545 282.858685 829.915962 445.112207 457.574178 460.255869 
456.612676 286.464319 762.851174 282.858685 831.838967 446.073709 458.295305 460.496244 
457.814554 285.983568 765.495305 283.099061 835.444601 447.035211 459.977934 461.457746 
457.574178 284.541315 767.658685 281.656808 838.088732 447.035211 460.699061 461.938498 
457.093427 280.695305 769.581690 279.012676 841.934742 446.314085 460.458685 460.255869 
456.853052 278.772300 770.783568 276.128169 843.857746 444.391080 460.218310 458.332864 
456.612676 275.166667 772.225822 273.003286 845.300000 442.468075 460.699061 457.130986 
455.891549 273.964789 772.225822 272.282160 846.501878 441.746948 459.977934 456.890610 
454.930047 273.243662 771.504695 270.839906 847.223005 442.468075 459.016432 456.650235 
453.247418 272.762911 771.264319 270.359155 848.184507 442.708451 458.295305 457.371362 
451.324413 271.080282 770.783568 269.878404 847.463380 442.948826 455.891549 457.130986 
449.641784 270.359155 769.822066 268.916901 847.463380 442.468075 454.208920 456.650235 
447.718779 268.676526 768.620188 267.715023 846.982629 441.746948 452.526291 456.409859 
444.834272 266.513146 767.899061 265.311268 846.742254 441.025822 450.122535 455.207981 
442.190141 263.869014 766.456808 263.147887 846.261502 438.381690 447.959155 453.044601 
437.863380 260.744131 765.014554 260.023005 845.300000 437.179812 443.872770 452.804225 
433.776995 259.301878 763.091549 257.619249 844.098122 436.699061 439.546009 452.323474 
429.450235 255.936620 760.928169 254.013615 842.415493 434.295305 435.219249 451.361972 
423.200469 252.330986 757.562911 249.927230 840.252113 431.651174 429.450235 449.438967 
418.873709 248.244601 755.399531 245.600469 838.088732 429.487793 423.200469 448.477465 
412.864319 242.956338 753.716901 240.792958 836.646479 427.084038 416.950704 446.073709 
407.816432 239.110329 752.034272 235.745070 835.204225 424.920657 409.739437 444.391080 
402.768545 233.100939 750.592019 229.735681 834.002347 422.997653 403.489671 443.429577 
397.961033 229.254930 750.832394 226.610798 833.761972 421.795775 396.278404 442.227700 
394.595775 226.130047 751.072770 222.764789 834.483099 422.036150 391.470892 442.708451 
392.192019 224.687793 753.476526 221.082160 835.925352 423.718779 386.182629 445.352582 
390.749765 224.447418 755.639906 220.601408 837.848357 429.247418 381.615493 449.919718 
389.547887 225.168545 758.764789 221.322535 840.973239 435.016432 376.807981 455.929108 
388.105634 225.649296 762.610798 223.245540 844.098122 444.150704 372.240845 462.900000 
386.423005 227.572300 766.216432 225.649296 847.463380 452.083099 365.991080 471.553521 
385.221127 229.735681 771.745070 226.851174 850.588263 460.976995 359.260563 478.284038 
384.740376 230.697183 777.273709 228.053052 854.915023 468.669014 354.693427 485.254930 
384.500000 232.139437 783.523474 230.937559 860.443662 479.245540 349.164789 493.427700 
386.903756 232.139437 790.975117 231.658685 865.972300 485.976056 345.318779 499.437089 
387.865258 232.860563 799.147887 233.341315 871.981690 497.033333 341.472770 507.850235 
389.067136 231.899061 807.080282 234.783568 878.231455 505.686854 336.424883 513.619249 
391.230516 231.177934 818.137559 234.783568 885.683099 513.138498 334.261502 517.224883 
395.316901 228.053052 827.752582 234.062441 892.653991 520.830516 331.617371 519.628638 
399.884038 224.207042 837.127230 232.860563 899.384507 525.157277 329.694366 518.907512 
406.854930 216.274648 846.742254 230.456808 903.951643 530.445540 328.011737 517.465258 
411.181690 209.784507 857.078404 228.293427 910.922535 533.330047 326.329108 513.378873 
417.912207 201.611737 868.135681 226.130047 916.210798 536.695305 324.646479 509.052113 
422.960094 194.400469 877.510329 225.408920 920.537559 541.983568 321.761972 503.523474 
427.046479 188.150704 885.442723 226.610798 921.018310 547.271831 317.915962 497.514085 
430.892488 182.862441 891.452113 228.533803 920.056808 555.204225 312.387324 491.985446 
433.536620 177.574178 895.778873 232.139437 915.970423 559.530986 307.820188 485.495305 
437.863380 170.843662 898.903756 236.466197 908.278404 566.021127 301.570423 476.601408 
439.065258 164.353521 897.461502 240.552582 898.423005 572.030516 292.676526 465.063380 
438.103756 157.382629 895.778873 244.398592 884.961972 576.116901 284.023005 454.246479 
437.382629 150.171362 890.730986 249.686854 868.376056 578.761033 270.802347 441.987324 
434.498122 143.681221 880.635211 258.100000 847.463380 580.684038 258.302817 427.084038 
428.488732 135.748826 870.058685 262.907512 825.829577 580.203286 244.601408 413.382629 
421.037089 129.018310 857.559155 267.715023 804.676526 579.722535 228.255869 395.835211 
415.027700 121.566667 845.059624 271.801408 780.638967 577.799531 214.073709 378.768545 
410.220188 116.278404 828.714085 275.647418 756.601408 573.472770 203.497183 364.826761 
403.730047 108.346009 813.570423 278.051174 734.967606 566.742254 193.882160 347.760094 
400.364789 102.096244 800.590141 280.214554 714.776056 560.011737 185.469014 329.972300 
395.557277 95.365728 787.850235 280.214554 696.267136 550.637089 182.344131 312.665258 
396.999531 91.519718 776.312207 282.137559 680.883099 541.262441 183.546009 298.963850 
397.720657 86.712207 766.937559 284.300939 669.104695 532.368545 187.392019 283.820188 
401.326291 85.510329 759.245540 287.185446 658.287793 525.638028 192.439906 272.522535 
406.614554 86.952582 753.476526 291.512207 651.076526 519.388263 201.814554 265.551643 
414.546948 90.077465 750.351643 297.521596 645.788263 516.263380 211.669953 258.821127 
422.719718 94.644601 747.947887 304.011737 643.624883 512.898122 226.813615 254.013615 
432.815493 102.096244 747.947887 312.184507 643.865258 513.138498 240.755399 253.773239 
443.632394 109.307512 749.870892 321.559155 645.307512 513.619249 256.860563 254.975117 
456.131925 117.480282 751.553521 329.010798 648.913146 514.821127 273.686854 254.975117 
473.198592 127.335681 756.361033 338.625822 651.797653 516.744131 295.561033 254.494366 
488.582629 134.306573 761.649296 346.558216 658.528169 518.667136 310.223944 254.734742 
502.764789 138.392958 767.658685 352.327230 664.537559 516.023005 329.453991 251.129108 
517.908451 141.277465 776.552582 358.336620 671.748826 514.340376 348.443662 248.484977 
536.176995 145.363850 784.725352 363.144131 679.921596 512.176995 367.673709 245.600469 
555.166667 147.527230 793.378873 366.509390 690.498122 509.052113 388.826761 241.273709 
573.194836 147.767606 805.157277 368.432394 701.315023 505.686854 411.662441 232.620188 
593.626761 146.084977 818.377934 369.153521 713.093427 500.638967 433.776995 227.572300 
614.058685 145.363850 830.396714 370.115023 725.833333 496.312207 455.410798 221.082160 
633.288732 144.161972 846.021127 370.115023 741.457746 489.100939 479.448357 215.072770 
654.922535 144.161972 861.645540 370.115023 755.880282 484.293427 501.082160 210.265258 
676.556338 145.363850 878.471831 368.913146 771.504695 477.082160 521.514085 205.457746 
690.978873 142.960094 894.096244 370.115023 787.129108 475.880282 543.147887 200.650235 
711.410798 142.960094 908.518779 368.913146 801.551643 473.476526 559.974178 199.448357 
724.631455 142.960094 921.739437 367.711268 813.570423 472.274648 580.406103 197.044601 
737.852113 140.556338 932.556338 370.115023 824.387324 468.669014 591.223005 194.640845 
747.467136 144.161972 943.373239 370.115023 832.800469 466.265258 603.241784 192.237089 
758.284038 141.758216 948.180751 368.913146 837.607981 467.467136 610.453052 192.237089 
759.966667 144.642723 952.747887 371.316901 840.973239 466.746009 613.577934 193.919718 
761.168545 148.729108 955.151643 374.441784 842.896244 468.909390 614.058685 195.842723 
760.687793 150.892488 957.555399 377.326291 841.694366 472.995775 612.856808 199.448357 
760.687793 154.978873 955.392019 379.730047 836.406103 477.082160 608.049296 205.457746 
755.880282 163.392019 952.988263 386.941315 830.396714 481.889671 600.838028 210.265258 
749.870892 166.997653 949.382629 391.748826 823.185446 489.100939 591.223005 215.072770 
743.861502 174.208920 942.171362 395.354460 812.368545 495.110329 579.204225 219.880282 
739.053991 177.814554 936.161972 404.969484 800.349765 499.917840 565.983568 222.284038 
729.438967 180.218310 930.152582 407.373239 789.532864 503.523474 557.570423 225.889671 
718.622066 182.622066 922.941315 410.978873 775.110329 507.129108 539.542254 224.687793 
710.208920 185.025822 915.730047 416.988263 764.293427 509.532864 529.927230 224.687793 
705.401408 185.025822 909.720657 419.392019 751.072770 507.129108 516.706573 221.082160 
698.190141 181.420188 903.230516 419.392019 741.698122 510.734742 507.091549 217.236150 
699.392019 182.622066 899.144131 419.872770 734.006103 506.888732 500.841784 212.669014 
694.103756 178.535681 896.740376 419.151643 726.794836 504.484977 495.793897 206.900000 
695.305634 173.968545 896.980751 418.190141 721.025822 501.119718 492.188263 199.207981 
697.228638 168.680282 899.144131 416.507512 715.497183 497.754460 490.024883 192.717840 
702.757277 163.872770 903.470892 414.103756 712.372300 493.668075 490.265258 185.506573 
708.766667 158.344131 908.759155 412.901878 711.651174 489.100939 492.188263 178.054930 
716.218310 153.776995 913.326291 410.978873 709.007042 486.697183 493.870892 170.603286 
724.631455 150.171362 915.730047 409.776995 706.603286 481.889671 497.476526 164.593897 
731.842723 144.161972 924.143192 408.575117 709.007042 477.082160 498.678404 157.382629 
736.650235 136.950704 930.152582 407.373239 712.612676 474.678404 504.687793 150.171362 
742.659624 135.748826 934.960094 407.373239 715.016432 473.476526 510.697183 145.363850 
747.467136 134.546948 942.171362 410.978873 716.218310 477.082160 511.899061 141.758216 
754.918779 133.104695 947.459624 412.901878 718.862441 479.966667 513.581690 140.556338 
759.005164 132.383568 952.267136 416.988263 719.583568 482.610798 515.745070 139.835211 
763.812676 133.585446 956.113146 421.555399 718.862441 488.620188 515.745070 140.556338 
766.216432 134.787324 958.757277 424.920657 717.420188 495.350704 515.985446 141.758216 
767.177934 135.268075 961.401408 429.007042 715.497183 501.840845 513.822066 143.200469 
767.418310 134.787324 963.564789 433.814554 713.574178 506.648357 510.937559 143.921596 
767.418310 134.066197 963.805164 436.699061 709.728169 513.619249 506.370423 144.642723 
765.976056 133.825822 964.045540 439.823944 706.362911 519.628638 500.120657 143.440845 
764.293427 132.383568 964.285915 442.708451 700.113146 525.638028 492.188263 144.161972 
759.726291 132.623944 960.920657 447.275587 693.382629 533.330047 484.015493 144.883099 
754.918779 131.422066 958.516901 450.160094 687.613615 540.541315 475.121596 146.084977 
749.630516 130.941315 956.113146 453.525352 681.123474 548.714085 465.746948 148.007981 
744.823005 130.700939 952.267136 456.650235 674.873709 554.242723 456.612676 148.969484 
739.534742 128.297183 949.142254 458.092488 669.585446 558.569484 447.718779 148.488732 
734.967606 126.854930 947.219249 460.736620 662.614554 565.540376 440.267136 149.690610 
730.640845 125.893427 944.575117 461.457746 658.528169 569.867136 430.652113 149.690610 
725.833333 125.412676 941.690610 464.582629 651.316901 576.357277 424.402347 151.132864 
723.189202 125.412676 939.286854 466.265258 647.711268 582.847418 416.950704 153.296244 
719.343192 125.172300 936.883099 467.947887 644.105634 587.414554 413.104695 154.257746 
715.977934 125.172300 935.921596 470.351643 641.461502 592.702817 407.576056 156.661502 
713.333803 125.172300 934.960094 472.755399 639.298122 597.029577 403.008920 157.623005 
712.612676 123.489671 934.479343 472.034272 639.057746 598.712207 400.845540 157.382629 
711.651174 123.008920 933.517840 474.678404 635.692488 603.279343 396.518779 157.623005 
709.007042 123.249296 932.315962 475.399531 635.211737 606.404225 393.153521 159.546009 
708.285915 123.970423 932.075587 476.120657 633.048357 609.048357 391.470892 160.747887 
708.045540 123.730047 931.835211 478.284038 632.567606 611.211737 388.826761 161.228638 
706.362911 123.008920 930.873709 478.043662 631.365728 613.375117 387.865258 162.670892 
705.882160 122.047418 931.354460 479.005164 631.606103 615.778873 385.461502 160.507512 
706.122535 121.085915 931.835211 479.485915 631.365728 616.740376 384.980751 160.026761 
705.401408 120.124413 932.075587 479.005164 632.086854 616.740376 384.259624 159.305634 
706.603286 119.643662 932.075587 478.764789 631.125352 617.942254 384.259624 158.344131 
706.603286 119.162911 932.796714 478.524413 632.327230 618.423005 384.019249 158.103756 
705.641784 119.643662 931.354460 478.284038 630.884977 619.144131 384.019249 158.103756 
704.920657 119.403286 931.835211 479.726291 630.163850 619.624883 383.057746 158.824883 
706.122535 119.884038 931.594836 479.005164 631.606103 618.423005 384.740376 159.546009 
706.362911 119.884038 933.037089 481.168545 634.009859 619.624883 385.701878 159.305634 
707.805164 119.162911 933.037089 480.447418 633.529108 619.624883 386.663380 159.305634 
708.285915 120.124413 933.758216 480.687793 635.932864 618.663380 388.586385 159.546009 

