1.0000 -0.0000 0.0000 -0.0000 1.0000 -0.0000 -0.0000 -0.0000 1.0000
0.9416 -0.0162 24.4480 -0.0101 0.9419 17.0378 -0.0000 -0.0000 1.0000
1.1168 0.1019 -53.4862 0.0130 1.1175 -14.7113 0.0001 0.0001 1.0000
0.8978 0.0467 26.9972 -0.0328 0.9719 23.7217 -0.0001 0.0001 1.0000
0.9183 -0.0287 24.8344 -0.0268 0.9084 33.7038 -0.0000 -0.0001 1.0000
1.0972 0.0575 -45.8572 -0.0072 1.0683 8.8263 0.0001 0.0000 1.0000
0.8306 0.0736 32.2732 -0.0719 0.9747 42.5102 -0.0001 0.0001 1.0000
0.9256 0.0275 6.2143 -0.0513 0.9644 42.3045 -0.0001 -0.0000 1.0000
1.0855 0.0094 -40.8134 -0.0301 1.0139 37.0015 0.0001 -0.0000 1.0000
0.7752 0.0989 35.2340 -0.1037 0.9273 70.8929 -0.0002 0.0000 1.0000
1.0752 0.0683 -56.0693 -0.0409 1.0513 38.9324 0.0000 0.0000 1.0000
0.9403 0.0349 -17.3492 -0.0839 0.9284 79.8676 -0.0000 -0.0001 1.0000
1.2245 0.1176 -126.6083 -0.0523 1.1480 45.7541 0.0002 0.0000 1.0000
1.0188 0.0791 -62.8129 -0.0997 0.9910 89.7306 0.0000 -0.0000 1.0000
0.9400 0.0512 -48.4231 -0.1292 0.8912 118.0199 -0.0000 -0.0001 1.0000
1.0416 0.1805 -107.4622 -0.1438 1.0434 109.3384 0.0000 0.0001 1.0000
0.9090 0.1357 -63.8756 -0.1759 0.9460 137.9447 -0.0001 -0.0000 1.0000
1.1485 0.1368 -152.0262 -0.1506 1.0536 131.4041 0.0001 -0.0001 1.0000
1.0020 0.1244 -105.4079 -0.1845 0.9540 160.5831 0.0000 -0.0001 1.0000
1.0622 0.2054 -148.8615 -0.2102 1.0102 177.1969 0.0000 -0.0001 1.0000
0.8810 0.2246 -95.0398 -0.2741 0.9065 223.8577 -0.0001 -0.0000 1.0000
1.0386 0.2941 -159.9101 -0.2945 0.9902 247.1206 0.0000 -0.0000 1.0000
1.0318 0.3324 -166.4600 -0.3249 0.9887 269.8411 0.0000 0.0000 1.0000
1.0316 0.4281 -173.5790 -0.3597 0.9975 300.5065 0.0000 0.0001 1.0000
0.9985 0.4349 -155.2791 -0.4068 0.9983 327.0685 0.0000 0.0001 1.0000
0.9518 0.5005 -137.4379 -0.4423 0.9609 353.9762 -0.0000 0.0001 1.0000
0.9687 0.4741 -134.5509 -0.4534 0.9506 361.2926 -0.0000 0.0001 1.0000
0.8637 0.3351 -61.0648 -0.4330 0.8408 352.2404 -0.0000 -0.0001 1.0000
1.0390 0.3277 -114.1768 -0.4317 0.8673 362.5872 0.0001 -0.0002 1.0000
1.0392 0.3274 -112.1013 -0.4322 0.8682 357.3998 0.0001 -0.0002 1.0000
0.7743 0.3195 -27.4990 -0.4222 0.7769 331.9571 -0.0001 -0.0001 1.0000
0.8926 0.4466 -90.0849 -0.4249 0.9420 308.0668 -0.0001 0.0001 1.0000
1.0057 0.2693 -105.4861 -0.3594 0.8721 287.3673 0.0001 -0.0002 1.0000
1.0354 0.3728 -144.1099 -0.3638 0.9828 267.5972 0.0000 0.0000 1.0000
0.9406 0.2112 -96.2871 -0.3083 0.8826 234.6053 0.0000 -0.0002 1.0000
0.9803 0.1688 -127.4816 -0.2645 0.8606 209.6894 0.0000 -0.0002 1.0000
0.9402 0.2105 -138.0058 -0.2679 0.8663 205.3582 -0.0000 -0.0001 1.0000
1.1717 0.3776 -254.0858 -0.2352 1.1416 153.3969 0.0001 0.0001 1.0000
1.0281 0.2863 -185.3039 -0.2190 1.0482 147.3279 -0.0000 0.0001 1.0000
0.9133 0.2271 -140.1046 -0.2058 0.9841 138.2126 -0.0001 0.0000 1.0000
1.1526 0.1773 -206.9621 -0.1428 1.0467 117.3030 0.0001 -0.0001 1.0000
1.0479 0.1517 -159.7162 -0.1326 0.9884 114.1103 0.0001 -0.0001 1.0000
0.8512 0.0918 -63.2280 -0.1396 0.9156 112.8632 -0.0001 -0.0001 1.0000
1.0498 0.1313 -118.6722 -0.0922 1.0490 87.1365 0.0001 -0.0000 1.0000
1.2020 0.1142 -141.6551 -0.0590 1.0971 78.9436 0.0002 -0.0000 1.0000
0.9937 -0.0028 -28.2502 -0.0434 0.9527 72.2480 0.0001 -0.0002 1.0000
1.0625 -0.0745 -9.2091 -0.0188 0.9254 77.9733 0.0001 -0.0003 1.0000
1.0114 -0.0827 43.9267 -0.0145 0.9127 75.0208 0.0001 -0.0003 1.0000
0.9107 -0.0999 107.0997 -0.0443 0.8845 89.5352 0.0000 -0.0002 1.0000
0.8838 -0.0904 150.7532 -0.0346 0.8562 95.8996 0.0000 -0.0002 1.0000
0.9233 -0.1039 169.5248 -0.0334 0.8802 92.9223 0.0001 -0.0002 1.0000
1.0190 -0.0421 166.6750 -0.0200 0.9747 80.0829 0.0001 -0.0001 1.0000
0.9277 -0.0626 221.1813 -0.0481 0.9307 94.2404 0.0001 -0.0002 1.0000
0.9486 -0.0852 239.7166 -0.0326 0.9074 87.6817 0.0001 -0.0003 1.0000
0.8642 -0.0286 282.3152 -0.0688 0.9305 92.8409 0.0000 -0.0001 1.0000
0.9836 0.0727 250.5538 -0.0553 1.0083 79.6777 0.0001 -0.0001 1.0000
0.9844 0.0721 256.7785 -0.0561 1.0089 73.4527 0.0001 -0.0001 1.0000
0.9110 0.0728 291.6988 -0.0809 1.0025 85.4910 0.0001 -0.0001 1.0000
0.7926 0.0196 325.6011 -0.0957 0.9024 105.7462 0.0000 -0.0001 1.0000
0.7925 0.0207 317.3013 -0.0956 0.9019 109.8961 0.0000 -0.0001 1.0000
0.7874 0.0147 315.0719 -0.0924 0.8750 133.6328 0.0000 -0.0001 1.0000
1.0271 0.2365 231.8455 -0.0390 1.1930 88.8563 0.0002 0.0001 1.0000
0.9005 0.1772 248.8801 -0.0590 1.0197 148.0171 0.0001 0.0001 1.0000
1.0556 0.1033 187.5123 -0.0270 0.9856 173.7923 0.0002 -0.0000 1.0000
0.7708 -0.0020 219.8799 -0.0982 0.8424 208.4301 0.0000 -0.0001 1.0000
0.8386 0.0178 170.0961 -0.0609 0.8544 213.9037 0.0001 -0.0001 1.0000
1.2567 -0.0327 3.2582 0.0735 0.9441 191.9414 0.0005 -0.0002 1.0000
1.2651 -0.0028 -52.2039 0.0948 1.0048 176.5353 0.0005 -0.0002 1.0000
0.8451 0.0346 -8.6575 -0.0298 0.8230 202.0095 0.0001 -0.0002 1.0000
0.7502 0.0861 -28.7424 -0.0668 0.7993 201.9663 0.0000 -0.0001 1.0000
0.7456 -0.0579 -17.2462 -0.0155 0.6913 175.8770 0.0001 -0.0004 1.0000
0.7454 -0.0571 -19.3217 -0.0181 0.6994 155.1275 0.0001 -0.0004 1.0000
0.9248 0.0264 -55.9410 0.0127 0.8817 110.0435 0.0003 -0.0002 1.0000
1.0000 0.0000 0.0000 0.0000 1.0000 0.0000 0.0000 0.0000 1.0000
1.0000 0.0000 0.0000 0.0000 1.0000 0.0000 0.0000 0.0000 1.0000
0.8581 0.0670 128.5973 -0.0479 0.8403 38.0763 0.0002 -0.0001 1.0000
0.8725 0.0675 166.6257 -0.0408 0.9047 0.8414 0.0002 -0.0001 1.0000
0.7089 0.2027 195.9034 -0.0738 0.8660 19.9118 0.0000 0.0001 1.0000
0.7184 -0.2009 202.4717 -0.0593 0.6558 46.3416 0.0001 -0.0005 1.0000
1.0271 -0.0602 82.5372 -0.0113 0.8600 19.7412 0.0004 -0.0003 1.0000
0.9250 0.0223 74.1556 0.0034 0.8870 2.4570 0.0003 -0.0001 1.0000
0.7376 0.1071 118.9048 -0.0411 0.8388 27.4589 0.0001 -0.0001 1.0000
0.6472 -0.1227 177.0411 -0.0573 0.6803 45.5969 0.0000 -0.0003 1.0000
0.7346 -0.0454 187.3296 -0.0508 0.7535 41.4925 0.0001 -0.0002 1.0000
0.5718 -0.0629 262.5694 -0.0583 0.7109 45.9557 -0.0000 -0.0002 1.0000
0.6079 -0.0851 258.5877 -0.0551 0.7362 54.5102 0.0000 -0.0002 1.0000
0.7411 -0.0828 206.9987 -0.0387 0.7746 66.2654 0.0001 -0.0001 1.0000
0.5337 -0.1576 250.1920 -0.0496 0.6263 103.9278 -0.0001 -0.0003 1.0000
0.7891 -0.0867 167.3181 0.0180 0.7784 113.0165 0.0002 -0.0003 1.0000
0.4987 -0.2153 250.7203 -0.0636 0.5112 188.1217 -0.0000 -0.0005 1.0000
0.8915 -0.1328 156.2697 0.0283 0.7396 172.8553 0.0003 -0.0004 1.0000
0.6696 -0.0499 225.1280 -0.0579 0.7448 203.9322 0.0001 -0.0002 1.0000
0.9298 -0.0538 180.0526 0.0549 0.8266 190.1987 0.0004 -0.0003 1.0000
0.6679 0.0681 199.1875 -0.0595 0.8071 217.1520 0.0000 -0.0001 1.0000
0.8974 0.1459 104.0821 -0.0034 0.9656 204.1391 0.0002 0.0000 1.0000
0.9179 -0.1390 87.4362 0.0752 0.7014 209.3313 0.0004 -0.0005 1.0000
0.8035 -0.1115 83.6248 0.0107 0.7262 231.7448 0.0002 -0.0004 1.0000
0.9403 0.0711 27.1712 0.0509 1.0138 184.5206 0.0003 -0.0000 1.0000
1.0592 -0.1376 24.3002 0.0839 0.7991 202.1890 0.0004 -0.0005 1.0000
0.7252 -0.1157 136.4842 -0.0378 0.6577 230.8987 0.0001 -0.0003 1.0000
0.7665 0.0900 146.6479 -0.0223 0.9390 183.6509 0.0002 -0.0000 1.0000
0.9283 -0.0583 120.4208 0.0535 0.8495 166.0435 0.0003 -0.0003 1.0000
0.7163 0.0378 158.7085 -0.0538 0.8718 186.7579 0.0001 -0.0001 1.0000
0.6268 -0.1097 198.4621 -0.0471 0.6987 194.0371 0.0001 -0.0004 1.0000
0.9221 0.0290 86.6224 -0.0148 0.9297 171.4264 0.0002 -0.0001 1.0000
1.0000 0.0000 0.0000 0.0000 1.0000 0.0000 0.0000 0.0000 1.0000
0.6039 -0.2626 276.2836 -0.0480 0.6044 147.3424 -0.0000 -0.0005 1.0000
0.6463 0.2094 232.4889 -0.0914 0.9732 96.0970 -0.0001 0.0002 1.0000
1.0111 0.0649 140.4058 -0.0071 1.0757 33.8291 0.0003 -0.0000 1.0000
0.8839 -0.0734 146.2483 -0.0275 0.8790 68.2359 0.0001 -0.0002 1.0000
0.7450 0.0019 195.9678 -0.0564 0.8949 85.5820 0.0001 -0.0001 1.0000
0.9604 -0.0305 160.7705 -0.0403 0.9540 64.1084 0.0002 -0.0002 1.0000
1.0000 0.0000 0.0000 0.0000 1.0000 0.0000 0.0000 0.0000 1.0000
0.8873 0.1288 243.9114 -0.0994 0.9999 24.2355 0.0001 -0.0000 1.0000
0.7474 0.1311 262.7308 -0.1271 0.9248 40.9745 -0.0000 -0.0000 1.0000
1.0000 0.0000 0.0000 0.0000 1.0000 0.0000 0.0000 0.0000 1.0000
0.6846 -0.1803 198.7206 -0.0979 0.7462 124.7021 -0.0001 -0.0003 1.0000
0.9281 0.0052 92.6821 -0.0335 0.9321 110.9698 0.0001 -0.0002 1.0000
0.8246 -0.2822 146.1371 -0.0324 0.7349 97.2439 0.0000 -0.0005 1.0000
0.9777 0.0792 79.2457 -0.0525 0.9895 79.0054 0.0001 -0.0001 1.0000
1.1913 0.2136 2.8388 -0.0168 1.4645 -13.3608 0.0002 0.0001 1.0000
0.6094 -0.1032 194.6224 -0.0988 0.7485 166.6713 -0.0002 -0.0002 1.0000
0.9190 -0.1989 65.1704 -0.0347 0.7196 202.2720 0.0001 -0.0005 1.0000
0.9353 0.0261 4.0787 -0.0682 0.9296 196.8629 0.0001 -0.0002 1.0000
0.8054 0.1713 6.3372 -0.1624 1.0640 187.1995 -0.0001 0.0001 1.0000
1.0379 0.0995 -52.9293 -0.1099 0.9887 196.7818 0.0001 -0.0001 1.0000
1.0198 0.0548 -48.2964 -0.1166 0.9589 186.2985 0.0001 -0.0002 1.0000
0.9928 0.2531 -91.7841 -0.1776 1.0575 195.3667 0.0000 0.0001 1.0000
0.9070 0.0888 -56.9631 -0.1743 0.8568 212.3357 0.0000 -0.0002 1.0000
0.7868 0.2635 -60.5985 -0.2512 0.9609 215.5040 -0.0001 0.0001 1.0000
0.8449 0.2254 -84.0699 -0.2269 0.9213 203.5761 -0.0001 -0.0000 1.0000
0.7736 0.2320 -59.8791 -0.2422 0.9067 201.4572 -0.0001 0.0000 1.0000
0.9207 0.1904 -103.4587 -0.2195 0.8895 199.9547 0.0001 -0.0001 1.0000
0.8968 0.2977 -102.9398 -0.2493 0.9999 182.1602 -0.0000 0.0001 1.0000
0.7808 0.1727 -35.4343 -0.2294 0.7822 194.5497 -0.0001 -0.0001 1.0000
0.9261 0.2157 -66.6231 -0.2113 0.9123 160.0423 0.0001 -0.0001 1.0000
0.7902 0.2240 -12.5057 -0.2244 0.8319 162.2894 -0.0001 -0.0000 1.0000
0.7259 0.1756 38.2528 -0.2350 0.7692 166.7381 -0.0001 -0.0001 1.0000
0.7202 0.1041 68.5203 -0.2193 0.7081 160.2162 -0.0000 -0.0002 1.0000
0.7308 0.1830 67.1866 -0.2249 0.7624 145.9281 -0.0001 -0.0001 1.0000
0.7077 0.1135 103.7774 -0.2186 0.7314 135.9318 -0.0001 -0.0001 1.0000
0.5955 0.2523 132.3754 -0.2332 0.7533 128.6999 -0.0002 0.0001 1.0000
0.7607 0.1710 109.0377 -0.1994 0.7532 115.6748 -0.0000 -0.0001 1.0000
0.7595 0.1532 124.0699 -0.1787 0.7445 101.8208 0.0000 -0.0001 1.0000
0.6119 0.1799 176.3964 -0.1777 0.7169 95.3954 -0.0001 0.0000 1.0000
0.7169 0.1314 154.5302 -0.1469 0.7345 76.9893 -0.0000 -0.0000 1.0000
0.6273 0.1499 184.0255 -0.1259 0.7277 64.1742 -0.0001 0.0000 1.0000
0.6383 0.1620 175.9904 -0.1057 0.7676 42.0385 -0.0001 0.0001 1.0000
0.6009 0.0447 210.1244 -0.0864 0.6890 44.3284 -0.0001 -0.0000 1.0000
0.5191 -0.0170 242.2402 -0.0817 0.6222 51.3748 -0.0002 -0.0001 1.0000
0.6841 0.0001 204.3896 -0.0494 0.7087 28.6565 -0.0000 -0.0001 1.0000
0.6584 0.0396 214.1907 -0.0449 0.7269 22.2704 -0.0001 -0.0000 1.0000
0.4766 0.1313 263.9007 -0.0605 0.7030 30.1982 -0.0002 0.0002 1.0000
0.4262 0.0353 307.4990 -0.0618 0.6366 50.4777 -0.0003 0.0001 1.0000
0.9222 0.0586 195.8612 0.0507 0.8685 -9.6940 0.0002 0.0001 1.0000
0.5680 -0.1768 327.0272 0.0042 0.6233 50.6253 -0.0001 -0.0002 1.0000
0.3626 -0.1183 383.4018 -0.0427 0.5583 103.5550 -0.0003 -0.0001 1.0000
0.4314 -0.0559 378.0050 -0.0193 0.6818 107.1085 -0.0002 -0.0000 1.0000
0.3828 -0.1950 410.5151 -0.0259 0.5563 162.0215 -0.0002 -0.0002 1.0000
0.7262 -0.2265 352.3528 0.1328 0.6667 151.3210 0.0001 -0.0002 1.0000
0.3422 -0.1705 448.5131 -0.0179 0.5703 234.2326 -0.0003 -0.0001 1.0000
0.8467 -0.2751 369.4669 0.2351 0.7306 191.3320 0.0001 -0.0002 1.0000
0.5827 -0.0244 425.8992 0.0714 0.8668 252.7446 -0.0002 0.0002 1.0000
0.6516 -0.2721 462.3486 0.1084 0.5132 341.4778 -0.0000 -0.0002 1.0000
0.4370 -0.1689 534.1118 -0.0110 0.5328 366.6682 -0.0002 -0.0001 1.0000
0.5061 -0.0786 552.5093 0.0280 0.7783 290.3761 -0.0002 0.0001 1.0000
0.4099 -0.3107 580.6295 -0.0373 0.5017 297.3385 -0.0002 -0.0002 1.0000
0.2993 -0.1865 585.3472 -0.0937 0.5457 262.1381 -0.0003 -0.0002 1.0000
0.2055 -0.4202 623.1453 -0.1071 0.3597 242.5288 -0.0003 -0.0004 1.0000
0.3857 -0.0879 519.2885 -0.0715 0.5938 165.0787 -0.0002 -0.0001 1.0000
0.5215 -0.1158 464.0091 -0.0506 0.5498 156.8357 -0.0001 -0.0001 1.0000
0.4482 -0.0499 449.4293 -0.0612 0.5903 126.8431 -0.0002 -0.0001 1.0000
0.4532 -0.0890 416.3360 -0.0664 0.5701 121.0935 -0.0002 -0.0001 1.0000
0.2958 -0.1455 434.7571 -0.0990 0.4683 138.9472 -0.0003 -0.0002 1.0000
0.5707 -0.1518 349.2659 -0.0388 0.5374 116.1839 -0.0001 -0.0002 1.0000
0.3858 -0.1376 355.9045 -0.0823 0.4586 134.6900 -0.0002 -0.0002 1.0000
0.3719 -0.0222 330.3880 -0.0946 0.5096 134.4856 -0.0003 -0.0001 1.0000
0.3192 -0.0663 327.8990 -0.1093 0.4802 139.0812 -0.0003 -0.0001 1.0000
0.4177 -0.0073 276.1986 -0.1001 0.5302 134.9603 -0.0002 -0.0001 1.0000
0.3112 0.0030 290.3728 -0.1349 0.4946 151.8236 -0.0003 -0.0000 1.0000
0.3355 -0.0253 272.9715 -0.1279 0.4783 148.6968 -0.0003 -0.0001 1.0000
0.4910 -0.0139 211.8661 -0.1143 0.5309 144.2354 -0.0002 -0.0001 1.0000
0.4925 -0.0128 202.5290 -0.1143 0.5309 144.2354 -0.0002 -0.0001 1.0000
0.3740 0.0843 203.6627 -0.1722 0.5079 172.1713 -0.0003 -0.0000 1.0000
0.4082 0.1121 181.3562 -0.1884 0.5347 179.1989 -0.0003 0.0000 1.0000
0.4470 0.0289 167.1375 -0.1805 0.5007 179.3533 -0.0002 -0.0001 1.0000
0.3651 0.0498 170.0270 -0.2060 0.4813 186.5244 -0.0003 -0.0001 1.0000
0.4192 0.2115 95.5053 -0.2347 0.5746 190.5259 -0.0003 0.0001 1.0000
0.3945 0.0046 110.1215 -0.2197 0.4454 200.9585 -0.0003 -0.0003 1.0000
0.4064 0.0177 63.4357 -0.2213 0.4437 207.1833 -0.0003 -0.0003 1.0000
0.6014 0.0356 -54.7871 -0.1984 0.4726 224.3727 -0.0000 -0.0004 1.0000
0.5648 0.0089 -104.6511 -0.2236 0.4116 260.9494 -0.0001 -0.0004 1.0000
0.6412 0.0085 -187.3666 -0.1750 0.4297 258.4128 -0.0001 -0.0004 1.0000
0.6938 0.1236 -270.9309 -0.2109 0.5921 285.0160 -0.0001 -0.0001 1.0000
0.8321 0.0938 -335.9848 -0.1134 0.6594 251.5151 0.0001 -0.0001 1.0000
0.7564 0.1197 -298.4684 -0.2091 0.7293 248.8627 -0.0002 0.0001 1.0000
0.7779 0.0016 -223.0482 -0.0949 0.6357 186.3588 -0.0000 -0.0002 1.0000
0.5875 -0.0421 -83.0128 -0.1291 0.5908 164.9705 -0.0002 -0.0002 1.0000
0.5795 -0.0308 -32.1473 -0.1273 0.5447 160.4983 -0.0002 -0.0002 1.0000
0.5030 0.0848 29.9544 -0.1631 0.6119 150.7512 -0.0003 0.0000 1.0000
0.6144 0.0146 39.7658 -0.1083 0.6652 104.8939 -0.0001 -0.0001 1.0000
0.4579 0.0716 91.6663 -0.1347 0.6206 104.3099 -0.0003 0.0000 1.0000
0.4381 -0.0057 121.3779 -0.1353 0.5466 117.4300 -0.0003 -0.0001 1.0000
0.5551 0.1118 56.1047 -0.1378 0.7323 92.7546 -0.0003 0.0001 1.0000
0.6088 -0.0893 38.8251 -0.0837 0.6061 95.3416 -0.0002 -0.0002 1.0000
0.6157 -0.0808 -2.6734 -0.0878 0.6010 120.2408 -0.0002 -0.0002 1.0000
0.8115 -0.1052 -116.4072 -0.0164 0.7277 88.0029 -0.0000 -0.0002 1.0000
0.8678 -0.0267 -196.8233 -0.0114 0.8190 80.0138 -0.0000 -0.0001 1.0000
0.7005 -0.0520 -140.5686 -0.0574 0.6741 122.1985 -0.0002 -0.0001 1.0000
0.8047 -0.1129 -144.8353 -0.0067 0.7160 96.8014 -0.0001 -0.0002 1.0000
0.6970 -0.0760 -72.4373 -0.0515 0.6604 113.6433 -0.0002 -0.0002 1.0000
0.6181 -0.0447 -6.7538 -0.0778 0.6589 117.8516 -0.0003 -0.0001 1.0000
0.6058 -0.0474 40.9697 -0.0724 0.6601 97.1023 -0.0003 -0.0001 1.0000
0.5366 -0.0777 100.2383 -0.1059 0.6170 112.0171 -0.0003 -0.0001 1.0000
0.4216 -0.0205 148.7317 -0.1398 0.6258 108.3625 -0.0004 -0.0001 1.0000
0.5007 -0.0329 147.3435 -0.1224 0.6465 94.1571 -0.0003 -0.0001 1.0000
0.5597 -0.1214 159.4229 -0.1155 0.6483 88.4832 -0.0003 -0.0002 1.0000
0.4908 0.1071 157.0576 -0.1465 0.7143 91.0906 -0.0004 0.0001 1.0000
0.4841 -0.0427 191.6598 -0.1467 0.6246 104.7523 -0.0003 -0.0001 1.0000
0.5190 0.0542 172.8431 -0.1618 0.6962 103.0263 -0.0003 0.0000 1.0000
0.5987 0.1452 148.0285 -0.1617 0.7758 95.9561 -0.0003 0.0001 1.0000
0.3866 -0.0192 244.3490 -0.1807 0.6281 117.1091 -0.0004 -0.0001 1.0000
0.3792 -0.0208 261.9855 -0.1807 0.6281 117.1090 -0.0004 -0.0001 1.0000
0.5993 -0.0406 207.3589 -0.1623 0.6995 111.9477 -0.0003 -0.0001 1.0000
0.4145 -0.0987 277.8887 -0.1839 0.5841 138.7882 -0.0004 -0.0002 1.0000
0.4170 -0.0652 286.9223 -0.1871 0.6297 135.7580 -0.0004 -0.0002 1.0000
0.3899 -0.0775 306.5366 -0.2038 0.6044 155.6132 -0.0004 -0.0002 1.0000
0.3461 0.0090 310.9543 -0.2139 0.6631 150.3129 -0.0004 -0.0001 1.0000
0.3423 -0.0328 318.7465 -0.2310 0.6256 173.0843 -0.0004 -0.0001 1.0000
0.3071 -0.0145 321.9772 -0.2502 0.6436 181.6880 -0.0005 -0.0001 1.0000
0.3352 0.0519 297.5197 -0.2654 0.6615 196.5018 -0.0005 -0.0000 1.0000
0.4866 0.0723 242.2405 -0.2446 0.7340 188.2143 -0.0004 -0.0000 1.0000
0.3604 0.1656 253.1315 -0.2894 0.7228 211.4372 -0.0005 0.0001 1.0000
0.4034 0.1991 222.2576 -0.2847 0.7492 211.9770 -0.0004 0.0001 1.0000
0.4472 0.0035 224.7862 -0.2646 0.6684 215.3132 -0.0004 -0.0001 1.0000
0.3499 0.1230 217.0235 -0.2996 0.6964 220.4113 -0.0005 -0.0000 1.0000
0.3372 0.0516 223.7262 -0.2961 0.6487 227.0180 -0.0005 -0.0001 1.0000
0.3461 0.0886 208.3829 -0.2908 0.6619 224.6261 -0.0005 -0.0001 1.0000
0.3072 0.1235 204.3839 -0.3194 0.6714 235.1829 -0.0005 -0.0000 1.0000
0.3554 0.1193 176.7595 -0.3120 0.6633 237.5252 -0.0005 -0.0000 1.0000
0.2950 0.0981 183.7383 -0.3132 0.6331 234.5203 -0.0005 -0.0001 1.0000
0.3557 0.0324 154.6980 -0.3072 0.6170 237.6134 -0.0005 -0.0002 1.0000
0.4150 0.0317 115.9711 -0.3097 0.6309 241.7378 -0.0004 -0.0002 1.0000
0.4171 0.0821 79.4258 -0.3234 0.6863 236.8302 -0.0004 -0.0001 1.0000
0.3919 -0.0002 74.8450 -0.3127 0.6108 234.9896 -0.0005 -0.0002 1.0000
0.4897 0.1966 -31.4862 -0.3358 0.7531 235.7122 -0.0004 -0.0000 1.0000
0.4820 0.1572 -50.4366 -0.3281 0.7582 217.9619 -0.0005 0.0000 1.0000
0.4155 0.0660 -40.6721 -0.3104 0.6073 223.0409 -0.0005 -0.0002 1.0000
0.6519 0.1029 -173.0258 -0.2912 0.7827 196.6049 -0.0003 -0.0002 1.0000
0.5747 0.1303 -175.5288 -0.3086 0.7408 205.6051 -0.0004 -0.0001 1.0000
0.6169 0.1129 -218.7285 -0.2992 0.7709 189.2327 -0.0004 -0.0002 1.0000
0.6111 0.1400 -244.7324 -0.2958 0.7668 180.0268 -0.0004 -0.0002 1.0000
0.6690 0.1799 -292.3216 -0.3041 0.8888 161.9909 -0.0004 -0.0000 1.0000
0.7113 0.1810 -317.0251 -0.2862 0.9397 135.3876 -0.0004 0.0000 1.0000
0.6473 0.1032 -269.7289 -0.2772 0.8092 142.6141 -0.0004 -0.0001 1.0000
0.6044 0.0685 -229.0238 -0.2651 0.7594 135.3817 -0.0005 -0.0002 1.0000
0.6863 0.0368 -243.8418 -0.2427 0.8231 107.1844 -0.0004 -0.0002 1.0000
0.6114 0.0411 -185.4636 -0.2443 0.7978 103.9674 -0.0005 -0.0001 1.0000
0.5652 -0.0208 -126.4239 -0.2351 0.7427 104.3214 -0.0005 -0.0002 1.0000
0.6123 0.0358 -136.7046 -0.2299 0.8667 72.5351 -0.0005 -0.0001 1.0000
0.5987 0.0324 -107.6554 -0.2290 0.8669 70.4602 -0.0005 -0.0001 1.0000
0.6119 0.0223 -94.6791 -0.2269 0.9026 57.0612 -0.0005 -0.0001 1.0000
0.4940 0.0759 -46.6580 -0.2463 0.8732 68.3908 -0.0006 0.0000 1.0000
0.5440 0.0516 -48.4081 -0.2273 0.9079 51.5044 -0.0005 -0.0000 1.0000
0.5483 0.0256 -41.5476 -0.2260 0.9033 51.1737 -0.0005 -0.0001 1.0000
0.4957 0.0669 -20.1012 -0.2410 0.9111 58.4714 -0.0006 0.0000 1.0000
0.5569 0.0851 -42.6104 -0.2300 0.9744 43.8315 -0.0005 0.0000 1.0000
0.5157 0.0694 -20.6779 -0.2437 0.9647 52.5738 -0.0006 0.0000 1.0000
0.4350 0.0457 18.8721 -0.2534 0.8657 79.3016 -0.0006 -0.0000 1.0000
0.4731 0.0987 3.1586 -0.2574 0.9546 68.5703 -0.0006 0.0001 1.0000
0.3918 0.0234 55.1060 -0.2607 0.8607 86.1706 -0.0006 -0.0001 1.0000
0.3508 0.0193 77.4314 -0.2764 0.8124 107.4924 -0.0006 -0.0001 1.0000
0.3608 0.0387 77.9378 -0.2772 0.8695 95.6538 -0.0006 -0.0000 1.0000
0.3190 0.0467 96.4526 -0.2943 0.8480 109.0436 -0.0006 -0.0000 1.0000
0.3365 0.0629 92.0341 -0.2971 0.8822 104.6718 -0.0006 -0.0000 1.0000
0.3285 0.0815 94.3818 -0.3051 0.8790 112.7382 -0.0006 -0.0000 1.0000
0.2894 0.0387 114.3102 -0.3088 0.8053 130.6392 -0.0006 -0.0001 1.0000
0.2751 0.0372 119.4123 -0.3153 0.8098 135.0558 -0.0006 -0.0001 1.0000
0.2423 0.1145 114.0284 -0.3333 0.8499 139.0670 -0.0007 0.0000 1.0000
0.2212 0.1197 121.0128 -0.3393 0.8330 149.1505 -0.0007 0.0000 1.0000
0.2359 0.0540 126.0869 -0.3343 0.8047 154.3135 -0.0007 -0.0001 1.0000
0.2172 0.1047 123.1172 -0.3375 0.8390 152.5386 -0.0007 -0.0000 1.0000
0.1791 0.1139 133.5495 -0.3476 0.7970 167.0596 -0.0007 0.0000 1.0000
0.1767 0.0907 142.2168 -0.3406 0.7970 166.1113 -0.0007 -0.0000 1.0000
0.1699 0.1384 136.7770 -0.3466 0.8326 165.8265 -0.0007 0.0000 1.0000
0.1279 0.1133 157.8427 -0.3476 0.7655 180.1226 -0.0007 -0.0000 1.0000
0.1155 0.1360 164.2678 -0.3530 0.8011 178.7969 -0.0007 0.0000 1.0000
0.1155 0.1360 164.2678 -0.3530 0.8011 178.7969 -0.0007 0.0000 1.0000
0.1074 0.1313 178.7534 -0.3415 0.7847 178.8504 -0.0007 -0.0000 1.0000
0.0830 0.2161 173.8092 -0.3600 0.8368 178.7980 -0.0007 0.0001 1.0000
0.0195 0.1748 208.8143 -0.3620 0.7524 190.0620 -0.0007 0.0001 1.0000
0.0548 0.1359 207.8644 -0.3407 0.7581 176.0185 -0.0007 -0.0000 1.0000
0.0292 -0.0694 268.1400 -0.3101 0.6167 178.5469 -0.0006 -0.0003 1.0000
0.0396 0.1294 221.8982 -0.3378 0.7354 173.4556 -0.0007 -0.0000 1.0000
0.0372 0.1356 227.4887 -0.3324 0.7451 164.8939 -0.0007 -0.0000 1.0000
0.0316 0.1287 233.6791 -0.3346 0.7462 161.9582 -0.0007 -0.0000 1.0000
0.0069 0.0501 256.2996 -0.3233 0.6783 160.7860 -0.0007 -0.0001 1.0000
0.0201 0.1293 245.0359 -0.3257 0.7595 143.5609 -0.0007 -0.0000 1.0000
0.0250 0.0560 259.0548 -0.3142 0.7334 135.7189 -0.0007 -0.0001 1.0000
-0.0061 0.0978 261.8700 -0.3226 0.7144 141.9386 -0.0007 -0.0000 1.0000
-0.0325 0.1362 268.0073 -0.3328 0.7289 142.2827 -0.0008 0.0000 1.0000
-0.0350 0.1725 269.8142 -0.3371 0.7576 137.7617 -0.0008 0.0001 1.0000
-0.0074 0.1020 278.1643 -0.3226 0.7220 137.3386 -0.0007 -0.0001 1.0000
0.0186 0.0753 277.5250 -0.3122 0.7252 130.5384 -0.0007 -0.0001 1.0000
-0.0290 0.0967 296.6068 -0.3247 0.7104 140.9962 -0.0007 -0.0000 1.0000
-0.0109 0.1033 302.2205 -0.3194 0.7527 128.3706 -0.0007 -0.0001 1.0000
-0.0583 0.2227 304.2432 -0.3398 0.7891 133.7216 -0.0008 0.0001 1.0000
-0.0650 0.1660 323.4592 -0.3350 0.7392 140.9986 -0.0007 0.0000 1.0000
-0.0769 0.1590 332.7986 -0.3398 0.7319 146.1063 -0.0007 0.0000 1.0000
-0.0711 0.1565 341.9263 -0.3394 0.7491 145.2045 -0.0007 0.0000 1.0000
-0.0711 0.1565 341.9263 -0.3394 0.7491 145.2045 -0.0007 0.0000 1.0000
-0.1201 0.1710 362.8400 -0.3414 0.7031 157.6459 -0.0007 -0.0000 1.0000
-0.1405 0.1922 370.9950 -0.3480 0.7129 161.8177 -0.0008 0.0000 1.0000
-0.1197 0.1762 371.5585 -0.3443 0.7217 159.7458 -0.0007 0.0000 1.0000
-0.1590 0.1946 388.7007 -0.3482 0.7044 167.1880 -0.0008 0.0000 1.0000
-0.1611 0.0857 409.9102 -0.3322 0.6458 168.9950 -0.0007 -0.0001 1.0000
-0.1641 0.2202 402.6715 -0.3505 0.7378 168.3959 -0.0007 0.0001 1.0000
-0.1623 0.1415 417.5805 -0.3364 0.6908 169.7135 -0.0007 -0.0000 1.0000
-0.1708 0.1311 430.4468 -0.3357 0.6671 178.0069 -0.0007 -0.0001 1.0000
-0.1818 0.2355 423.2018 -0.3489 0.7248 178.0179 -0.0007 0.0001 1.0000
-0.1565 0.1321 438.2120 -0.3364 0.6901 180.6994 -0.0007 -0.0001 1.0000
-0.1628 0.1594 443.6050 -0.3397 0.6968 184.7570 -0.0007 -0.0000 1.0000
-0.1776 0.0415 471.7660 -0.3275 0.6215 191.2339 -0.0007 -0.0002 1.0000
-0.1704 0.1667 459.8724 -0.3409 0.7017 190.3525 -0.0007 -0.0000 1.0000
-0.1702 0.1176 472.0482 -0.3368 0.6639 197.6300 -0.0007 -0.0001 1.0000
-0.2340 0.1310 496.7798 -0.3455 0.6425 205.0595 -0.0007 -0.0001 1.0000
-0.1849 0.0093 509.1849 -0.3213 0.5979 204.4092 -0.0006 -0.0002 1.0000
-0.2096 0.2476 492.2836 -0.3491 0.7347 200.2469 -0.0007 0.0001 1.0000
-0.2762 0.1378 527.8653 -0.3580 0.6156 224.3662 -0.0007 -0.0001 1.0000
-0.2576 0.0842 537.1293 -0.3520 0.6064 226.3924 -0.0007 -0.0001 1.0000
-0.2710 0.0290 557.7953 -0.3453 0.5748 229.3367 -0.0007 -0.0002 1.0000
-0.2702 0.1083 553.7560 -0.3560 0.6330 229.4256 -0.0007 -0.0001 1.0000
-0.2490 -0.0635 577.5525 -0.3365 0.5374 238.2054 -0.0007 -0.0003 1.0000
-0.3032 0.0797 575.9602 -0.3580 0.5847 241.7811 -0.0007 -0.0001 1.0000
-0.3330 0.1396 588.8425 -0.3707 0.6215 246.0265 -0.0008 -0.0000 1.0000
-0.3045 0.1086 591.9680 -0.3657 0.6272 245.9608 -0.0007 -0.0001 1.0000
-0.2405 0.0787 590.5838 -0.3513 0.6625 238.7308 -0.0007 -0.0001 1.0000
-0.3237 0.0902 610.4533 -0.3710 0.5970 258.0665 -0.0007 -0.0001 1.0000
-0.2539 0.0065 615.3843 -0.3436 0.5965 249.5016 -0.0007 -0.0002 1.0000
-0.2883 0.1431 612.6574 -0.3677 0.6683 250.0497 -0.0007 -0.0000 1.0000
-0.3417 0.1901 624.7082 -0.3875 0.6637 259.4329 -0.0008 0.0000 1.0000
-0.2849 0.0519 632.6916 -0.3649 0.6120 257.3962 -0.0007 -0.0001 1.0000
-0.2914 0.0085 643.3519 -0.3600 0.5878 256.4687 -0.0007 -0.0002 1.0000
-0.2947 0.1853 624.1330 -0.3773 0.6954 248.5461 -0.0007 0.0000 1.0000
-0.3027 0.1021 638.9163 -0.3637 0.6518 243.3427 -0.0007 -0.0001 1.0000
-0.3233 0.1423 639.4081 -0.3798 0.6601 251.8029 -0.0007 -0.0000 1.0000
-0.2786 0.0395 641.9193 -0.3603 0.6317 246.0709 -0.0007 -0.0001 1.0000
-0.3157 0.0002 651.5674 -0.3694 0.5755 257.6955 -0.0007 -0.0001 1.0000
-0.3296 0.0453 649.0469 -0.3727 0.6106 249.5727 -0.0007 -0.0001 1.0000
-0.2500 0.0205 629.8122 -0.3556 0.6282 241.8975 -0.0007 -0.0001 1.0000
-0.2701 0.1657 611.4136 -0.3706 0.6967 235.5947 -0.0007 0.0000 1.0000
-0.3083 0.1474 622.5944 -0.3749 0.6684 238.5585 -0.0007 -0.0000 1.0000
-0.2860 0.1063 622.7472 -0.3646 0.6463 237.1827 -0.0007 -0.0000 1.0000
-0.2697 0.1907 606.8130 -0.3690 0.7055 229.6353 -0.0007 0.0000 1.0000
-0.3000 0.0611 629.4455 -0.3626 0.6237 234.6771 -0.0007 -0.0001 1.0000
-0.2894 0.0865 622.7488 -0.3598 0.6305 231.9677 -0.0007 -0.0001 1.0000
-0.3303 0.1010 632.8596 -0.3692 0.6279 235.0949 -0.0007 -0.0000 1.0000
-0.3463 0.1794 622.9191 -0.3741 0.6439 234.5879 -0.0008 0.0000 1.0000
-0.3351 0.0825 636.2161 -0.3660 0.6073 234.7202 -0.0007 -0.0000 1.0000
-0.2551 0.0723 620.2933 -0.3396 0.6629 212.6144 -0.0007 -0.0001 1.0000
-0.2876 0.1347 618.5739 -0.3569 0.6604 222.8917 -0.0007 -0.0000 1.0000
-0.2854 0.0473 633.7882 -0.3455 0.6184 223.4536 -0.0007 -0.0001 1.0000
-0.3288 0.1325 630.1854 -0.3546 0.6269 224.6241 -0.0007 -0.0000 1.0000
-0.2822 0.0318 636.9527 -0.3373 0.6099 221.0637 -0.0007 -0.0001 1.0000
-0.2927 0.0731 637.5196 -0.3402 0.6152 224.7039 -0.0007 -0.0001 1.0000
-0.3204 0.1510 638.6325 -0.3479 0.6630 218.7864 -0.0007 -0.0000 1.0000
-0.3267 0.0710 653.4842 -0.3364 0.6062 222.0549 -0.0007 -0.0001 1.0000
-0.3524 -0.0038 672.7233 -0.3393 0.5481 233.2716 -0.0007 -0.0001 1.0000
-0.3353 -0.0688 676.5498 -0.3249 0.5240 228.2332 -0.0007 -0.0002 1.0000
-0.3410 -0.0643 684.0042 -0.3258 0.5295 229.0124 -0.0007 -0.0002 1.0000
-0.3724 -0.0026 684.1829 -0.3331 0.5396 230.9984 -0.0007 -0.0002 1.0000
-0.3612 0.1744 672.5359 -0.3437 0.6566 223.6800 -0.0007 0.0000 1.0000
-0.3823 0.0560 687.8597 -0.3428 0.5738 237.2153 -0.0007 -0.0001 1.0000
-0.4138 0.1408 688.4643 -0.3562 0.5939 243.7589 -0.0007 -0.0000 1.0000
-0.3381 -0.0034 695.9652 -0.3284 0.5861 233.3782 -0.0007 -0.0001 1.0000
-0.3832 0.1931 681.2176 -0.3590 0.6498 244.1842 -0.0007 0.0000 1.0000
-0.3873 0.1132 691.2819 -0.3516 0.6067 246.6340 -0.0007 -0.0000 1.0000
-0.4066 0.0193 705.1637 -0.3507 0.5368 257.4158 -0.0007 -0.0001 1.0000
-0.4137 0.0533 703.8476 -0.3533 0.5593 256.0555 -0.0007 -0.0001 1.0000
-0.4037 0.0846 701.4824 -0.3537 0.5924 254.4995 -0.0007 -0.0001 1.0000
-0.4271 0.2362 691.7592 -0.3750 0.6650 258.5110 -0.0008 0.0001 1.0000
-0.3996 -0.0284 713.0037 -0.3496 0.5164 269.8038 -0.0007 -0.0002 1.0000
-0.3636 0.0430 698.3835 -0.3430 0.5771 261.9820 -0.0007 -0.0001 1.0000
-0.3597 -0.0716 713.2146 -0.3298 0.5034 267.8199 -0.0007 -0.0002 1.0000
-0.3147 -0.0888 708.2395 -0.3240 0.5356 263.4760 -0.0006 -0.0002 1.0000
-0.3893 0.1535 700.9337 -0.3629 0.6477 264.4554 -0.0007 0.0000 1.0000
-0.3893 0.1535 700.9337 -0.3629 0.6477 264.4554 -0.0007 0.0000 1.0000
-0.3861 0.0296 713.2079 -0.3525 0.5773 266.3702 -0.0007 -0.0001 1.0000
-0.3603 -0.0057 714.5925 -0.3446 0.5720 264.1685 -0.0007 -0.0001 1.0000
-0.3748 0.1004 705.0111 -0.3571 0.6402 257.5489 -0.0007 -0.0000 1.0000
-0.4008 0.0224 717.5697 -0.3548 0.5620 267.4132 -0.0007 -0.0001 1.0000
-0.3915 0.0312 715.9790 -0.3579 0.5818 266.0443 -0.0007 -0.0001 1.0000
-0.3741 -0.0991 719.2320 -0.3405 0.4959 267.3694 -0.0007 -0.0002 1.0000
-0.3913 0.0528 704.9186 -0.3528 0.5801 258.5953 -0.0007 -0.0001 1.0000
-0.3507 0.0915 692.0791 -0.3452 0.6253 248.0823 -0.0007 -0.0000 1.0000
-0.4044 0.0596 702.0503 -0.3550 0.5743 253.7508 -0.0007 -0.0000 1.0000
-0.3565 0.2763 667.9581 -0.3562 0.7298 232.3292 -0.0007 0.0002 1.0000
-0.3600 0.1587 676.2195 -0.3389 0.6601 226.5305 -0.0007 0.0001 1.0000
-0.3365 0.1566 666.9995 -0.3359 0.6937 215.4428 -0.0007 0.0001 1.0000
-0.2445 0.1455 645.0869 -0.3120 0.7570 193.8739 -0.0006 0.0001 1.0000
-0.3209 -0.0027 668.8960 -0.3137 0.5844 216.8947 -0.0007 -0.0001 1.0000
-0.2783 0.1248 636.4611 -0.3060 0.6865 196.1110 -0.0007 0.0000 1.0000
-0.2766 -0.0837 643.7538 -0.2995 0.5503 212.1869 -0.0006 -0.0002 1.0000
-0.3240 -0.0420 641.5312 -0.3027 0.5445 207.6804 -0.0007 -0.0001 1.0000
-0.2277 -0.1212 619.5877 -0.2812 0.5620 199.0241 -0.0006 -0.0002 1.0000
-0.2310 -0.0483 607.9240 -0.2739 0.6097 185.3138 -0.0006 -0.0001 1.0000
-0.2964 -0.0043 596.8752 -0.2975 0.5633 201.6768 -0.0007 -0.0001 1.0000
-0.2005 0.0069 569.0186 -0.2722 0.6623 173.2863 -0.0006 -0.0001 1.0000
-0.2038 0.1118 540.1182 -0.2752 0.7006 169.2311 -0.0007 0.0001 1.0000
-0.2675 0.1755 534.5384 -0.2962 0.7057 173.6552 -0.0007 0.0002 1.0000
-0.1854 -0.1437 536.7138 -0.2510 0.5344 176.6436 -0.0006 -0.0003 1.0000
-0.2233 0.0286 514.0632 -0.2744 0.6151 175.3695 -0.0007 -0.0000 1.0000
-0.1834 -0.0015 486.8126 -0.2653 0.6052 170.4247 -0.0007 -0.0001 1.0000
-0.1962 -0.0230 479.0068 -0.2691 0.5718 175.1010 -0.0007 -0.0001 1.0000
-0.1635 -0.1007 466.9665 -0.2459 0.5329 166.1220 -0.0006 -0.0002 1.0000
-0.1051 -0.0091 429.3700 -0.2415 0.6340 150.0601 -0.0006 -0.0001 1.0000
-0.1046 0.0652 401.1905 -0.2542 0.6709 149.0689 -0.0006 -0.0000 1.0000
-0.1213 -0.0066 395.0019 -0.2501 0.5999 149.4573 -0.0007 -0.0001 1.0000
-0.1064 0.0331 381.5096 -0.2530 0.6457 142.2179 -0.0007 -0.0000 1.0000
-0.0882 0.1468 345.9391 -0.2600 0.7406 126.7088 -0.0007 0.0002 1.0000
-0.0182 0.0316 336.6507 -0.2289 0.7165 111.2069 -0.0006 -0.0000 1.0000
-0.0276 -0.0326 340.4025 -0.2267 0.6419 120.7479 -0.0006 -0.0001 1.0000
-0.0093 -0.1036 332.2138 -0.2128 0.6029 113.7095 -0.0006 -0.0002 1.0000
0.0120 -0.0166 307.7147 -0.2324 0.6619 116.9142 -0.0006 -0.0001 1.0000
-0.0019 0.0596 295.5532 -0.2360 0.6932 110.2631 -0.0007 0.0000 1.0000
0.0062 -0.0284 305.5445 -0.2211 0.6375 108.8650 -0.0006 -0.0001 1.0000
0.0320 0.0358 287.9633 -0.2249 0.7057 98.3869 -0.0007 0.0000 1.0000
0.0322 -0.0031 292.2808 -0.2195 0.6876 93.7077 -0.0007 -0.0000 1.0000
0.0468 0.0183 282.8332 -0.2173 0.7053 87.4666 -0.0007 0.0000 1.0000
0.0794 -0.0467 287.7549 -0.2020 0.7036 76.2047 -0.0006 -0.0001 1.0000
0.0781 -0.0183 282.2376 -0.1973 0.7108 69.2338 -0.0006 -0.0000 1.0000
0.1053 -0.0103 276.0972 -0.1840 0.7330 56.4109 -0.0006 0.0000 1.0000
0.1037 -0.0327 281.1954 -0.1846 0.7249 55.7694 -0.0006 -0.0000 1.0000
0.1290 -0.0669 279.3423 -0.1729 0.6981 54.5578 -0.0006 -0.0000 1.0000
0.1290 -0.0669 279.3423 -0.1729 0.6981 54.5578 -0.0006 -0.0000 1.0000
0.1194 -0.0883 291.5625 -0.1623 0.6844 47.4211 -0.0006 -0.0000 1.0000
0.1618 -0.0865 284.0800 -0.1466 0.7261 32.4193 -0.0006 -0.0000 1.0000
0.1903 -0.0711 274.7094 -0.1421 0.7448 29.8844 -0.0006 0.0000 1.0000
0.1656 -0.1004 287.2415 -0.1352 0.6951 34.6008 -0.0006 -0.0000 1.0000
0.1500 -0.0610 287.2082 -0.1422 0.7143 34.6777 -0.0006 0.0000 1.0000
0.1708 -0.0660 283.3598 -0.1279 0.7381 20.9982 -0.0006 0.0000 1.0000
0.1833 -0.1398 291.9401 -0.1184 0.6841 27.6245 -0.0006 -0.0001 1.0000
0.1833 -0.1398 291.9401 -0.1184 0.6841 27.6245 -0.0006 -0.0001 1.0000
0.1696 -0.1150 292.9424 -0.1071 0.6824 20.0100 -0.0006 0.0000 1.0000
0.2513 -0.1703 279.1723 -0.0842 0.7077 4.2463 -0.0005 -0.0001 1.0000
0.1896 -0.1400 291.1779 -0.0961 0.6775 14.0609 -0.0006 -0.0000 1.0000
0.1699 -0.1141 294.9080 -0.0985 0.6766 15.0878 -0.0006 -0.0000 1.0000
0.1862 -0.1128 291.5984 -0.0896 0.6879 8.8130 -0.0006 0.0000 1.0000
0.2190 -0.1775 295.8048 -0.0796 0.6683 9.2145 -0.0005 -0.0001 1.0000
0.2190 -0.1775 295.8048 -0.0796 0.6683 9.2145 -0.0005 -0.0001 1.0000
0.2619 -0.1399 274.2623 -0.0681 0.7103 -1.9345 -0.0005 -0.0000 1.0000
0.2081 -0.1010 286.0790 -0.0835 0.6861 11.8837 -0.0006 0.0000 1.0000
0.1923 -0.1162 293.5921 -0.0867 0.6673 17.1389 -0.0006 0.0000 1.0000
0.2026 -0.1368 291.4962 -0.0800 0.6528 16.9983 -0.0006 -0.0000 1.0000
0.1641 -0.1669 308.9052 -0.0939 0.6070 33.5747 -0.0006 -0.0001 1.0000
0.1685 -0.1805 313.0548 -0.0852 0.5908 33.3559 -0.0006 -0.0001 1.0000
0.2076 -0.0893 290.9440 -0.0843 0.6604 25.3186 -0.0006 0.0000 1.0000
0.2386 -0.1655 294.3876 -0.0794 0.6152 34.2615 -0.0005 -0.0001 1.0000
0.1760 -0.1750 317.7809 -0.0886 0.5881 41.1245 -0.0005 -0.0001 1.0000
0.2793 -0.1097 282.7216 -0.0704 0.6844 22.0186 -0.0005 -0.0000 1.0000
0.1437 -0.0832 315.9939 -0.1095 0.5960 55.9024 -0.0006 -0.0000 1.0000
0.1836 -0.1265 316.8711 -0.0975 0.5915 55.5922 -0.0005 -0.0001 1.0000
0.2099 -0.0810 308.6879 -0.0985 0.6274 54.5223 -0.0005 -0.0000 1.0000
0.1405 -0.0419 326.5890 -0.1214 0.6127 69.6247 -0.0006 0.0000 1.0000
0.1521 -0.0357 331.0004 -0.1144 0.6198 66.3387 -0.0005 0.0000 1.0000
0.1430 -0.0751 342.0257 -0.1262 0.5649 88.5429 -0.0005 -0.0000 1.0000
0.1764 -0.1191 348.8953 -0.1154 0.5710 86.0235 -0.0005 -0.0001 1.0000
0.1698 -0.1267 358.0793 -0.1189 0.5512 92.8831 -0.0005 -0.0001 1.0000
0.1446 -0.1571 374.2740 -0.1267 0.5365 98.4727 -0.0005 -0.0001 1.0000
0.1785 -0.0167 350.5972 -0.1297 0.6135 91.6350 -0.0005 0.0000 1.0000
0.1403 -0.0438 372.6273 -0.1290 0.5801 93.8938 -0.0005 -0.0000 1.0000
0.1485 -0.0800 383.9052 -0.1305 0.5861 90.7449 -0.0005 -0.0001 1.0000
0.1485 -0.0800 383.9052 -0.1305 0.5861 90.7449 -0.0005 -0.0001 1.0000
0.0784 0.0030 408.3356 -0.1550 0.5800 101.0417 -0.0006 0.0000 1.0000
0.1442 -0.1181 417.1461 -0.1297 0.5431 96.5207 -0.0005 -0.0001 1.0000
0.1152 -0.0462 421.8082 -0.1401 0.5688 94.5442 -0.0005 -0.0000 1.0000
0.2322 -0.1268 405.2001 -0.1180 0.5851 81.7668 -0.0004 -0.0001 1.0000
0.1768 -0.1832 439.2076 -0.1253 0.5396 88.7794 -0.0005 -0.0002 1.0000
0.1366 0.0001 427.2690 -0.1408 0.6111 81.7477 -0.0005 0.0000 1.0000
0.1857 0.0086 400.5558 -0.1363 0.6350 78.5254 -0.0005 0.0000 1.0000
0.1246 -0.0591 403.4370 -0.1472 0.5301 103.6754 -0.0005 -0.0001 1.0000
0.1357 -0.1144 388.3185 -0.1370 0.5104 104.4454 -0.0005 -0.0001 1.0000
0.3104 -0.1724 321.4717 -0.1023 0.5890 82.8415 -0.0004 -0.0002 1.0000
0.2533 -0.0380 289.0738 -0.1324 0.6268 97.1683 -0.0005 0.0000 1.0000
0.4015 -0.2677 250.8016 -0.0742 0.5242 95.4910 -0.0003 -0.0004 1.0000
0.3030 -0.0199 229.5003 -0.1290 0.6349 103.5415 -0.0005 0.0000 1.0000
0.4472 -0.0994 204.6620 -0.0798 0.6588 79.6854 -0.0003 -0.0001 1.0000
0.3611 -0.0524 228.2641 -0.1197 0.6385 93.1423 -0.0004 -0.0000 1.0000
0.3532 -0.0948 258.8975 -0.1173 0.6185 88.7613 -0.0004 -0.0001 1.0000
0.5282 -0.0282 223.7798 -0.0963 0.7796 31.3964 -0.0003 -0.0000 1.0000
0.2758 0.0316 303.7683 -0.1442 0.6553 53.7869 -0.0005 0.0000 1.0000
0.4167 -0.0040 275.7464 -0.1352 0.6965 28.5208 -0.0004 -0.0000 1.0000
0.4876 0.1111 235.1925 -0.1117 0.7938 -15.6306 -0.0004 0.0001 1.0000
0.2281 0.0972 293.7653 -0.1455 0.6398 25.1136 -0.0006 0.0001 1.0000
0.4634 -0.0601 247.7678 -0.0963 0.7220 -11.9063 -0.0003 -0.0001 1.0000
0.5273 0.0556 187.7589 -0.0950 0.8211 -24.5803 -0.0003 0.0001 1.0000
0.4102 0.1142 201.4777 -0.0988 0.7635 -10.8548 -0.0005 0.0002 1.0000
0.4100 -0.0377 230.2577 -0.1035 0.6803 12.2154 -0.0004 -0.0000 1.0000
0.3246 -0.0930 261.0661 -0.1116 0.6154 19.4038 -0.0005 -0.0001 1.0000
0.4333 0.0612 224.1602 -0.0967 0.8027 -30.1399 -0.0004 0.0001 1.0000
