432.575117 182.622066 676.556338 191.035211 711.410798 481.889671 473.438967 526.359155 
442.424112 182.436677 685.660426 187.013705 717.699618 479.289598 479.040332 523.752150 
440.732800 182.408146 682.317255 187.914345 711.913071 481.119409 476.523090 524.480721 
434.912906 181.714176 680.274269 189.168192 710.711501 480.495987 468.455978 524.598915 
431.969741 182.574928 673.698847 187.762248 707.935159 480.327089 466.206052 521.825648 
426.337552 181.020742 671.942980 188.265740 701.647471 482.412654 461.838042 525.882641 
422.945399 180.197922 670.036052 189.145494 698.255319 483.038833 455.982589 526.400146 
418.249990 182.176928 666.096025 190.438463 696.191615 483.132827 449.525799 528.571267 
412.739443 182.102721 663.329488 190.511783 692.480902 484.828949 446.375691 527.434863 
410.182997 184.649856 658.136888 189.837176 686.148415 485.514409 442.344380 527.012968 
405.030177 181.997896 655.935893 191.149472 683.390622 485.525176 435.535431 530.520426 
399.739312 179.783579 652.554691 189.722267 681.128419 486.019406 432.040048 530.122335 
396.435082 178.822391 651.509959 187.792057 678.979562 486.594056 427.828913 531.442386 
394.963499 182.758381 652.748222 188.348893 678.216110 489.615376 426.021900 532.475969 
394.523204 181.181374 653.314529 190.128946 681.533795 487.463659 428.248669 531.513246 
397.454989 181.965300 657.691691 189.811633 687.115438 489.933859 432.109625 535.050272 
402.759977 181.012811 662.408204 189.709163 694.087772 489.733310 436.924218 536.320911 
404.882733 182.791623 667.636799 188.382135 699.316368 488.406282 441.531645 536.857386 
407.317119 185.618098 667.586513 189.345106 701.750754 491.232757 442.102527 538.441525 
405.291663 186.933289 669.896810 189.736310 704.654266 493.023142 441.170327 541.235096 
403.152696 187.476989 669.633770 189.961662 705.040347 498.060993 441.043944 546.822681 
399.074629 189.433889 667.157664 192.049334 699.850717 496.748587 437.652432 549.057472 
392.462206 189.110160 663.322515 194.421147 697.548872 498.327594 431.999549 552.027568 
387.359624 191.625317 661.760591 195.756084 696.577058 505.563627 427.487078 555.722943 
383.951370 196.250161 658.942447 199.790818 694.939133 508.418142 425.259043 558.577459 
380.969452 198.344558 656.898819 200.960002 691.553455 510.236283 420.854977 561.891307 
376.903956 201.010090 654.141045 202.317812 690.103403 510.940232 417.443342 566.518422 
374.052621 200.601730 652.597432 206.486480 690.521373 515.762761 413.938145 568.725506 
372.026003 204.366406 652.793942 207.472246 690.064022 519.298585 411.780756 572.719034 
370.921786 207.628302 651.223849 207.628302 688.400754 520.386393 411.049239 574.086367 
367.831790 204.883159 650.299768 209.460187 687.569848 523.313495 407.063454 574.968519 
367.243165 211.042831 648.403421 211.696692 685.673501 524.242278 404.513245 577.858885 
366.334493 210.014798 648.965936 211.257134 684.993680 524.946977 403.604573 578.367426 
366.612955 212.930727 651.635895 215.291165 688.222691 530.409695 404.379970 583.519559 
365.975717 215.686781 653.571609 216.369907 688.411016 531.290823 405.597004 586.624000 
369.158961 218.306036 655.362119 219.486256 690.768696 534.014675 406.335866 588.894869 
373.113774 221.100831 658.006269 223.840182 692.248155 537.495861 406.670823 590.228366 
373.518956 222.196371 660.563961 225.465677 695.872458 540.626707 408.173592 594.243314 
376.397884 226.515184 664.619838 229.621024 698.162911 544.553203 410.562124 597.973651 
381.405580 229.830549 668.788958 232.190988 702.425205 550.260065 412.681389 598.649053 
384.682540 228.990087 672.656027 236.661512 703.931836 553.550370 417.728678 598.398700 
388.819748 231.724555 676.420535 237.315067 706.857768 555.353086 420.499317 599.456015 
391.354043 231.462124 680.197166 239.537308 708.149726 557.575327 421.791275 601.057087 
397.851952 234.036601 681.292804 241.513458 710.520518 556.900882 423.001380 601.082309 
398.207736 233.951715 683.819310 241.108269 711.794931 560.550827 422.930378 600.887769 
399.860746 232.383212 688.703869 241.700732 713.550589 559.738751 422.222794 601.357007 
401.130249 232.688438 687.452565 240.947735 711.542183 559.618967 425.219867 600.227180 
402.096514 231.541823 689.043522 242.499227 713.012842 560.948770 425.380997 602.723871 
403.341664 232.962811 691.905261 244.765003 714.919536 561.653861 426.946048 602.371424 
406.518007 236.713342 692.909151 247.175119 713.832705 564.951593 429.403144 602.221674 
408.830131 235.454365 693.259691 247.877725 716.798689 563.038756 430.407546 605.539724 
411.406575 237.776824 697.318119 251.168466 716.736000 565.872039 431.494037 606.046963 
415.667851 242.059534 696.049269 251.478031 722.131262 567.359939 435.953845 605.758428 
418.907957 243.262392 701.375935 256.339613 724.261072 568.231339 438.523789 608.116863 
422.929645 247.397013 705.397623 256.551068 726.975038 571.712098 444.507060 610.289901 
423.670028 245.860230 706.897694 259.347262 729.721902 571.623919 448.569164 612.085014
427.699590 250.374156 707.846361 260.934012 729.587241 575.245023 446.334630 612.515104 
433.119293 252.535398 710.356382 263.651036 735.856964 577.504345 456.004430 616.082147 
434.952513 256.107014 710.129940 267.288038 736.218996 578.493209 455.451058 618.247962 
435.289101 256.256821 710.280177 265.698575 737.425219 579.046776 457.713266 619.174229 
434.166130 257.484269 707.411225 267.120116 736.318766 578.908600 458.255747 617.451989 
432.955377 257.335777 707.511636 266.032130 736.706532 578.479637 459.044434 618.234389 
433.535865 258.921550 706.849788 264.152438 736.273535 574.082580 460.998029 619.198993 
430.027130 256.731338 703.962221 262.894877 736.834432 570.387017 460.844828 614.216631 
425.091679 254.288119 701.021046 258.865146 731.752516 568.795288 457.130871 614.565562 
420.934398 251.169438 694.902182 257.054187 728.902957 564.368885 451.665868 612.100743 
413.823865 248.469604 689.622460 252.817780 722.544364 561.538279 445.503433 609.368215 
406.078380 244.400449 681.353886 251.592921 716.662383 558.253758 439.425294 605.331754 
399.265913 243.204508 676.625193 245.943859 710.867079 553.435998 434.192637 604.113990 
392.421787 240.189501 667.697293 246.074251 703.659651 554.042810 425.768701 604.390111 
384.640455 239.677946 662.923722 240.920282 698.951466 552.746621 420.668199 601.818894 
383.208934 242.747839 657.099424 246.897695 693.410663 549.837176 418.482709 600.672911 
379.316178 241.835421 658.680085 245.046501 692.396419 549.296274 412.229742 603.884623 
378.021614 241.710375 652.949568 243.785303 686.148415 551.912104 413.295389 598.597983 
374.909222 241.710375 651.912104 245.860231 685.110951 552.949568 408.108069 604.822767 
373.203860 242.305672 648.513780 247.811870 682.239245 556.847255 404.864501 607.779590 
370.677812 242.995836 649.582247 250.449852 679.398311 561.033855 400.493876 606.379119 
371.244874 247.182326 649.186498 254.263641 678.691978 561.120636 400.160244 611.279952 
370.723863 251.362746 650.579149 260.326083 677.725757 571.154741 399.705710 617.258568 
373.801605 258.405771 651.265614 265.864481 678.185759 577.893430 395.480526 623.850439 
378.756810 263.849658 652.896007 271.102018 681.391551 579.597256 397.322376 625.878189 
381.198243 269.022892 658.384565 278.993623 679.425135 588.757574 402.004195 629.659380 
387.908104 272.115112 658.324796 283.330551 684.685870 594.870513 408.549997 631.284035 
391.613864 274.895375 662.972374 284.416726 687.427670 595.488089 410.576359 629.764918 
394.007063 274.362674 667.003688 288.434665 687.728827 596.039361 415.003024 638.292655 
396.849436 276.330778 666.605670 289.383498 690.581953 600.275970 415.072223 639.129906 
399.920325 277.421694 672.269213 290.707006 691.952135 601.002484 424.191411 637.753956 
405.751984 280.838151 676.060523 294.700127 692.557665 602.646762 424.906195 651.950980 
409.905388 280.744980 675.517978 295.339079 699.149235 607.998786 425.499583 632.323199 
415.372447 282.538853 679.925564 297.419966 701.155170 611.039134 432.129296 634.432688 
421.638758 282.046184 683.595835 297.622010 703.202874 606.432878 433.021533 645.030212 
424.934057 284.345212 687.018243 298.416846 707.704742 609.863581 438.973770 645.548723 
431.585155 283.724891 692.475718 301.738763 711.731926 608.595758 446.493187 647.108175 
436.441103 284.413999 696.089330 305.067835 716.743166 613.105049 449.423515 647.921516 
441.494391 287.532345 702.714289 306.274580 719.113744 614.350065 454.965372 650.663145 
445.831503 290.045554 705.540956 307.619878 723.460110 620.515884 455.915434 651.386423 
451.425224 291.633655 708.949111 308.613252 730.930159 616.347929 458.033334 657.282453 
454.355620 294.683749 711.838376 310.447999 737.178030 627.193672 468.191908 658.380469 
457.442521 295.799069 717.433012 313.365994 732.964132 620.882159 470.162637 664.682409 
462.789557 300.637340 723.730321 319.684111 739.215489 633.258761 477.133483 663.333746 
467.444373 305.835597 730.261938 325.255614 735.876248 639.656965 484.288900 663.781779 
476.699769 313.080120 732.707323 330.535180 752.096939 644.646961 483.778973 679.428919 
482.696054 318.678207 737.484604 334.053378 757.894304 650.403720 493.882392 686.106398 
486.294525 320.893052 745.220470 340.174771 757.355873 667.830664 500.745452 688.359498 
491.873626 327.193645 749.498553 341.606228 771.423709 676.747899 508.381994 695.536593 
501.786049 328.655942 756.420891 345.938850 780.419642 666.649425 515.809036 699.725751 
508.772392 331.060487 762.732752 345.169396 792.651760 660.469709 525.796984 704.537470 
518.195582 333.727193 773.704758 348.884517 796.366854 667.897098 534.176727 703.752158 
522.878031 335.146683 779.173350 350.222879 806.993649 664.592263 544.898704 708.274754 
530.247011 335.739334 788.890471 349.250559 801.524832 673.532501 549.472630 707.811600 
537.233086 337.738190 790.723721 349.809173 817.126019 671.917210 554.578424 709.424009 
539.189757 337.409786 795.918306 352.711488 820.208006 672.893895 558.326442 711.444988 
543.546818 338.962392 795.855646 351.992425 828.796512 677.600216 563.207238 708.414441 
544.725232 339.765156 800.147676 353.955292 830.831466 677.157881 566.899413 712.057987 
548.807376 341.255791 801.376465 355.077980 830.533179 677.884464 566.873128 715.216861 
545.507435 339.799451 802.463941 356.788311 825.777528 683.178534 565.578055 713.112986 
542.797842 342.259161 795.522799 355.948429 824.254485 676.785589 565.561304 720.385563 
540.738304 342.740734 791.328348 357.316442 819.919158 679.103210 559.238240 721.989425 
534.300619 340.595803 784.890663 355.732115 814.042077 676.397674 556.164180 719.003588 
525.179596 336.598235 776.916104 353.598622 806.993712 670.067375 549.372455 718.453093 
520.736799 335.649943 767.242418 350.688747 798.627749 666.503639 542.314214 713.581635 
514.169031 330.890989 759.049959 347.554484 789.478950 661.987393 537.353024 709.804379 
506.702752 328.890923 751.547556 342.538010 785.263890 655.618251 533.996927 701.376132 
500.070142 319.032399 745.431504 335.803935 780.838081 650.114946 528.022702 696.702546 
497.517154 309.304589 742.257349 324.212621 777.042757 641.008304 526.712050 690.080577 
493.700583 299.157739 740.925449 315.929275 775.710858 630.240286 527.243655 676.206718 
491.027284 290.704107 737.532903 300.512023 774.802983 616.326914 526.335781 665.366494 
492.216339 278.617651 733.800793 288.253498 771.655907 600.041982 526.630078 651.662592 
488.243592 261.740562 732.581145 274.129509 771.124534 582.476619 528.163530 634.785503 
486.235208 245.082723 729.884487 254.030295 769.804426 565.130504 528.219971 615.374564 
489.162486 227.993041 730.437217 239.108679 770.976603 549.038821 531.663455 600.693844 
488.618989 211.263088 733.366948 219.937700 771.163468 527.266782 531.372430 583.032140 
491.275479 198.174112 733.376140 205.400997 773.846698 516.879758 537.527546 565.299890 
490.743016 182.670428 736.457120 191.618001 774.312233 500.653386 538.922252 555.027095 
495.382167 174.968073 738.343172 183.915646 776.886560 492.262756 541.496579 542.506816 
496.428482 169.073455 737.049352 175.612065 780.204182 485.542207 541.544895 539.158814 
498.217074 159.573241 740.799527 170.688879 781.992773 480.619021 546.602792 532.274045 
498.721744 155.887446 741.598435 163.962630 780.110851 473.925465 545.930513 525.482410 
499.620441 151.532131 743.903688 158.007109 783.342189 468.217402 546.122553 520.017223 
498.054365 145.310100 744.130070 155.341963 781.897085 466.329725 546.443352 516.489042 
498.639299 141.971039 742.529474 150.471232 781.107276 461.055236 548.332739 512.710259 
500.610547 137.983354 743.193000 148.445131 780.463080 456.413690 547.034682 507.741783 
501.821115 133.918079 743.799397 145.473221 781.863396 454.743216 546.002543 504.362358 
499.487083 130.836504 744.031119 143.913726 778.031894 456.459312 542.641913 502.229586 
499.075529 128.614227 745.151234 138.646090 779.377591 449.633853 541.563420 502.153608 
496.254178 124.197679 741.452076 138.582622 776.106712 453.089792 539.409008 501.475510 
496.101597 125.036814 741.462959 139.323678 777.490703 453.634689 535.856349 504.259882 
495.998474 125.240263 743.224893 140.991531 777.466779 452.592697 535.719062 499.161662 
497.149291 122.723769 743.131821 139.495306 774.811390 455.048653 533.798203 500.393917 
498.132704 125.185202 745.388629 139.937942 777.254547 453.876252 532.949170 501.675130 
498.029704 118.710335 749.416396 138.774062 780.102096 454.482701 535.796719 502.281579 
504.976951 126.158794 753.444153 139.203323 785.744890 455.377838 539.141191 500.723102 
508.522568 124.639657 760.095611 138.926521 790.532843 455.722204 544.550312 501.688637 
512.879848 123.867370 765.446759 139.800329 795.542349 455.508968 548.286425 503.897956 
518.424344 128.376205 770.991255 142.538836 802.267064 458.247475 555.601249 502.505695 
525.666001 127.028841 777.056234 140.008228 807.796887 456.978521 560.505408 501.381687 
527.601203 125.220715 785.876322 139.605659 813.338486 458.035994 564.217423 503.806268 
531.476983 127.430148 788.640537 138.611172 820.320105 460.376199 568.747063 505.100295 
534.725643 126.538069 790.646862 139.582597 823.568766 460.105288 570.132220 504.829385 
535.674361 128.433288 795.322587 139.055260 826.008287 461.255105 571.671047 505.513326 
536.670166 130.404299 799.268940 141.616382 827.594201 462.636007 572.076742 507.484337 
538.382995 130.489798 799.273558 142.291991 830.331958 465.920522 571.304899 510.644618 
538.234145 134.364246 802.013139 143.215890 832.698838 465.415734 573.640721 510.264064 
537.992224 131.858637 804.131656 144.250938 833.637137 464.680454 574.579020 510.709004 
538.571127 132.475953 806.915706 143.656977 835.489434 466.043172 573.977703 515.115444 
539.163542 132.930636 804.402280 144.111660 837.945353 467.119023 577.054790 515.570128 
539.024669 133.835478 807.990416 144.395334 837.185312 470.508538 575.052413 515.853802 
538.786712 136.111602 808.831330 145.265657 839.562799 468.926881 576.056792 514.697156 
538.357497 134.916095 809.807916 142.370112 840.866316 472.831491 571.900569 519.419091 
537.477838 135.497739 808.928256 144.194092 842.471329 473.413135 574.747918 519.379567 
537.999478 134.133564 810.692233 144.693420 842.371801 471.427792 573.406055 519.257728 
536.363491 134.451993 812.783254 145.011849 842.599318 472.988557 571.148899 518.954989 
534.507072 132.509619 810.305667 144.932980 843.227571 474.773191 569.913648 521.981959 
533.097350 135.950929 812.219194 142.442135 843.495003 475.263953 567.913817 521.292502 
532.348032 134.989630 811.252467 143.685982 842.310867 475.389698 564.027600 522.598466 
527.851075 135.219473 812.161457 142.018200 844.300891 477.628064 565.553104 523.364952 
526.961714 132.844242 810.835493 144.025266 842.515061 476.971318 561.747123 524.801254 
523.225381 134.091764 808.153830 143.362755 839.675198 479.590685 559.691278 525.327573 
519.804106 134.089831 807.404892 144.028519 839.084461 480.701578 549.620170 527.289179 
515.148134 134.176419 803.370089 143.493939 835.670825 481.409335 548.070039 528.618103 
509.817336 136.038793 800.269301 145.674640 832.618217 481.552742 543.542801 531.796803 
504.220560 134.103084 796.678881 142.777695 827.659635 483.565993 538.299390 531.276354 
497.214704 135.191781 790.798320 143.691975 824.145234 484.353587 533.177062 532.085444 
490.957785 136.543575 788.464567 143.736046 819.849898 487.013102 528.227865 536.052682 
485.212967 136.450910 783.235955 144.021932 814.208321 485.406233 520.314982 539.779942 
475.542651 133.851937 778.051470 143.790625 811.594542 485.433029 512.812731 538.232309 
467.920078 136.430799 770.760990 145.378371 806.551279 489.515771 509.216566 541.136381 
461.071812 136.273316 764.463343 140.850344 801.733423 488.704427 502.265058 540.359451 
452.931375 137.538363 761.021035 143.003368 795.860442 486.615561 492.552662 543.314989 
445.413526 136.482278 754.755193 144.557462 791.404106 491.790377 486.410615 547.695498 
439.365617 139.566316 748.923998 146.056009 785.915251 492.605642 478.952748 549.065976 
431.907578 142.022965 746.280706 147.893003 782.153158 497.486357 473.650068 552.273375 
426.502677 144.368711 738.919126 148.934296 777.400484 499.832103 466.940715 555.271348 
418.583762 146.073014 735.878444 152.267487 773.733558 501.911085 458.503700 558.349618 
411.317206 146.913008 728.112889 152.503520 769.109977 502.221107 452.314294 562.474404 
404.783267 147.296259 727.218565 153.444389 762.741098 506.620341 445.087679 564.686020 
397.985008 151.650615 720.387414 155.997613 760.234902 508.104511 439.281496 564.615494 
392.579693 150.808204 718.133673 157.690952 758.741886 514.217298 434.564456 567.214458 
390.006313 155.280178 716.119516 160.086057 755.253100 515.721087 431.199559 572.018524 
388.325211 157.694327 716.498076 161.127097 757.004769 516.075573 432.264674 575.805781 
390.471182 158.713256 721.422190 163.900576 760.845821 515.600865 431.969741 577.848703 
393.288474 158.506897 726.558377 163.082685 768.503102 520.756791 436.758462 577.191512 
397.786967 160.531095 731.819502 161.293726 776.814752 522.018357 444.307480 577.690446 
406.513187 160.290705 740.545721 160.290705 784.778340 519.490074 451.508437 582.025845 
410.992791 163.694469 747.559168 158.876545 790.920480 520.220815 457.107203 580.100722 
418.656375 162.638213 757.264697 155.774531 803.785210 518.787056 461.363731 584.373353 
420.623110 159.546112 762.592444 154.969085 810.978162 521.785139 470.316551 581.940356 
427.323842 162.806758 770.427543 155.958381 817.681346 521.661727 474.577645 584.666798 
431.304351 163.364709 776.169908 154.063356 821.245697 522.540041 480.673072 584.072070 
434.196510 166.030500 777.609410 155.887503 826.875396 522.484396 480.564497 589.862876 
433.883018 165.002615 781.917551 155.654580 830.814964 523.823342 483.499511 585.664188 
435.209921 165.526312 784.209215 156.248212 833.454514 525.231106 485.882620 590.177805 
436.393538 169.012164 784.742263 157.000139 835.616722 528.666325 485.854817 595.085757 
435.332333 169.405548 788.163730 157.813551 837.429716 533.828941 483.149319 595.411423 
432.936772 170.845962 787.560353 160.169123 839.419285 533.858488 481.745179 599.444785 
431.361313 173.361448 787.510156 159.634084 839.369089 537.136605 480.932351 603.485533 
429.704631 175.931932 785.542702 162.854710 837.163312 539.341025 476.507318 607.480231 
424.426670 177.182812 785.227564 164.141816 833.769050 542.330705 470.794656 608.260186 
415.266986 176.436114 779.804775 165.759275 832.426338 544.024428 465.600656 611.898619 
411.357465 179.053518 772.882860 166.737022 827.944844 547.099411 461.347951 613.028892 
406.535460 179.411777 772.009378 167.711105 825.006538 550.391894 454.714696 617.154549 
400.895333 182.935688 770.390225 168.445692 821.829710 550.257081 450.161318 619.809060 
395.987920 183.912247 765.591487 168.770202 816.523822 552.139265 445.543706 622.687432 
388.998316 183.768052 762.286296 167.712655 814.466336 553.042182 440.375586 625.291469 
382.395543 185.779250 756.961934 168.391255 811.299418 553.825142 435.284028 626.275121 
381.459419 187.851910 752.618038 167.187833 811.431181 555.036668 433.119612 628.155711 
377.354990 188.108806 753.332249 169.043023 809.766969 556.459752 433.027079 628.909730 
374.756522 189.601038 752.945411 166.417045 810.180894 557.646931 429.818506 630.821409 
373.569899 190.577763 750.871728 168.902977 810.276697 555.838044 428.158249 632.903950 
376.266892 191.398175 755.678375 167.874663 813.348920 557.150844 430.902145 632.274318 
376.255043 190.847524 755.282827 164.918058 816.293335 556.910576 431.927132 633.936342 
376.447416 190.573107 756.237832 166.168903 818.010972 561.974577 434.407399 632.899294 
376.965740 192.803666 760.226128 166.721674 820.359610 557.227060 431.303224 634.024037 
376.650638 193.423252 761.016842 165.205891 822.027351 561.011565 433.085359 634.224176 
376.375827 192.707934 760.894189 166.215527 821.448261 561.330852 433.902196 633.995739 
375.253793 194.171191 760.382627 165.191200 819.105242 562.522136 430.163250 636.497378 
374.138736 192.458199 761.555465 166.528733 821.803342 567.672826 429.048194 637.834911 
374.666857 196.101664 763.207463 167.201949 821.809662 562.967485 429.255206 639.230620 
376.848435 197.055510 763.783502 168.958566 824.794011 567.935180 433.042325 639.381697 
380.990884 200.152280 770.334261 168.844256 828.936460 567.018101 433.973694 640.872927 
387.968233 201.634552 776.147593 171.129298 834.107576 569.222866 440.589797 642.435476 
392.330521 202.248166 781.386907 171.819175 841.520390 569.569559 443.770006 641.295038 
399.695538 203.062733 788.027425 169.011243 848.160907 571.108626 451.859523 641.385105 
406.064373 201.751828 797.076909 168.279938 855.652717 568.421171 457.032933 640.690025 
412.395954 201.458360 803.344871 166.136486 863.552609 570.732490 462.970455 639.770697 
418.204186 198.371672 810.196703 164.053261 869.681949 569.010511 467.775224 634.596808 
422.526555 196.442015 815.461271 161.796159 875.457754 566.561166 474.072830 634.162838 
423.394669 193.042087 820.725606 159.486308 880.973483 563.680927 479.829390 631.555117 
430.144135 193.628030 824.768892 156.447111 885.610396 561.212119 481.690409 629.658811 
432.031965 194.185512 827.075007 155.291312 890.373410 564.061719 488.466685 628.885385 
438.599509 194.204730 833.187452 153.467918 893.893289 563.232319 491.317736 628.730723 
441.651959 194.486434 838.982895 153.304341 900.756035 565.125273 493.510891 628.423675 
444.125382 191.443225 840.426766 151.595737 902.733748 562.387117 497.738366 628.316598 
447.940133 192.948203 844.125598 153.010153 907.227718 565.969598 499.859599 629.071719 
445.284966 191.527292 844.941846 153.680997 907.009770 565.448691 497.512854 629.030467 
447.926562 193.479654 845.074233 153.462874 904.721886 564.956183 494.738645 627.623971 
440.954366 190.777750 838.325441 151.442027 898.533180 567.276809 484.303938 628.287318 
434.292938 188.098976 838.237795 151.584186 895.292153 570.743539 482.218599 627.797897 
428.802929 190.999204 833.073811 151.876215 888.860294 569.188093 475.895415 629.321576 
420.743372 189.494983 827.225885 153.651309 879.084818 570.810661 467.263885 633.346433 
415.894026 194.182106 820.851276 157.575801 873.472840 572.447259 460.126645 632.695136 
409.106355 197.431440 814.063605 160.062503 865.159906 573.408698 453.338973 633.656575 
403.591549 196.275032 807.786168 161.956621 861.932994 575.302816 447.061537 635.550693 
399.163797 195.025052 801.985679 160.973562 857.772163 579.009940 443.358284 637.694423 
392.787826 197.432561 798.186600 160.505148 850.366640 577.142700 436.137398 636.547669 
389.392089 197.297320 791.444135 162.606988 846.592867 580.669957 429.419395 640.266167 
382.183441 199.295589 789.187754 163.170946 842.170564 578.202958 425.533013 641.621776 
379.363690 199.740846 785.818740 162.559927 839.900077 579.155227 425.839839 639.151710 
379.392564 201.651310 785.594108 163.921127 839.379687 582.164218 424.347676 642.371957 
380.804940 204.084242 785.400944 165.551289 840.792063 583.794380 424.154512 641.593809 
383.434483 206.834552 787.629102 167.177722 843.301191 585.099705 428.429733 643.822319 
387.946726 208.491627 791.891583 167.412489 848.945942 582.768218 430.547314 645.147650 
391.214691 209.027624 794.646678 167.082900 851.081399 585.004883 436.972572 645.252760 
397.501558 208.385047 800.492022 166.641015 859.094221 584.081336 442.456670 642.683535 
400.805251 206.909870 805.762501 166.490408 860.671959 583.649760 446.563133 641.609743 
405.796233 209.392522 810.753484 166.685166 863.375047 585.369780 450.791483 641.041869 
409.806779 210.395587 812.875502 168.670047 867.953216 583.421921 452.366831 639.334146 
414.354930 212.861119 817.786917 170.916394 871.933743 588.075746 456.299654 642.222572 
421.588713 211.731551 824.751355 171.096581 874.150730 587.804212 462.223683 640.390644 
426.465947 213.229713 825.322146 172.047620 877.943710 587.681709 466.122777 638.015378 
430.962053 214.284601 830.580884 170.051982 882.439816 590.261860 471.381515 640.595529 
437.718923 213.100630 834.287228 169.630642 887.671423 589.077888 477.375753 638.648926 
441.641747 212.426400 838.210052 169.076828 891.995632 584.911609 480.174700 634.683340 
444.653907 211.505984 843.510107 168.035997 893.843776 582.907454 481.260212 634.003755 
446.495482 209.720100 846.114313 166.250113 895.685351 584.172096 483.101787 632.217871 
446.132775 206.749776 845.912160 163.400204 895.683891 580.840525 487.876808 626.598407 
448.056709 207.331328 845.216529 159.165137 894.227741 576.605458 485.237628 623.926628 
447.267012 203.940920 846.243627 155.774729 896.818128 578.031669 484.194425 622.986781 
444.856679 201.202294 842.035090 155.558807 893.283917 575.959342 480.891011 617.599014 
441.726461 199.327732 838.027845 152.959746 891.640829 570.996124 481.573949 615.915111 
439.528740 195.307752 837.709615 154.774370 886.190719 570.440232 477.677806 614.947476 
438.229948 197.610404 835.708644 151.358337 883.406088 569.072313 475.087063 613.156314 
436.350298 198.097585 834.524143 151.536934 881.887564 566.568946 478.897100 613.932367 
434.656908 196.861532 834.275739 149.578388 881.558883 567.500371 475.076370 614.783515 
435.354464 198.768347 832.380348 151.675861 882.370833 570.436738 471.579453 613.182226 
433.800651 198.809895 830.826535 150.268409 880.817020 567.580287 472.199139 614.672773 
431.267265 198.310144 830.123464 150.264369 877.406608 565.898458 474.737252 613.944233 
434.100240 200.070012 829.865776 148.692742 881.243046 570.146913 471.027653 614.299254 
435.480877 199.832242 829.292093 147.376275 880.965136 567.024012 473.061272 612.433656 
430.977198 198.380294 826.742733 148.608563 880.528313 565.246115 472.721230 610.201226 
431.806340 199.515937 829.410908 150.593674 881.001657 566.877651 469.165159 611.352435 
432.079535 199.390295 827.042301 149.618565 878.419571 567.861656 469.006948 610.408458 
429.520807 196.242759 829.300191 145.668259 878.269152 572.741818 468.856529 610.472001 
431.984909 197.883329 830.158754 147.308829 879.930485 563.143611 471.320632 608.098722 
432.737186 196.869970 830.830754 146.536300 883.452317 571.321966 473.156648 607.165640 
432.700109 197.719088 832.394991 145.327793 883.096245 572.063344 469.036007 610.934305 
432.340040 197.655747 830.199098 145.165737 880.406934 571.932338 461.247581 613.011476 
431.216177 198.090688 830.835008 145.469125 878.118152 572.542684 464.009326 612.962146 
431.749580 198.142041 828.317885 148.571003 876.363660 574.881931 461.492203 612.250868 
429.709970 198.661187 824.672736 149.692226 873.641697 575.963015 461.820764 612.087659 
425.443098 198.674951 827.630792 148.100451 870.980364 575.976780 459.159432 613.706963 
424.749932 199.214792 823.726547 150.245831 867.878889 580.530470 456.860726 613.444034 
422.304869 201.804187 819.464689 152.792975 863.405775 576.993463 454.415663 612.484341 
417.087320 198.647839 817.828530 153.704899 859.026225 579.726513 447.985591 618.115274 
415.745769 202.655251 815.440651 153.644039 858.536717 576.154486 447.011542 615.025447 
412.598780 202.697915 812.378165 152.123415 857.333276 578.394205 445.512344 614.518848 
415.721758 204.966455 811.191536 154.265201 850.907518 579.310710 442.762427 614.801588 
414.474707 201.658825 807.409422 151.802592 851.350509 581.073206 444.050438 612.338979 
410.655392 200.311750 807.986329 152.265974 849.931053 579.339534 438.872752 615.183208 
411.303232 200.160198 808.781929 150.294689 847.807110 583.185124 438.042708 607.756534 
409.557684 200.776136 805.859068 151.510150 844.257557 581.138525 436.364176 607.945017 
407.494766 197.927036 800.499676 148.371250 841.107889 580.607824 435.025758 607.450541 
408.632623 196.667772 801.387772 148.621997 838.756708 577.220819 434.562089 604.675548 
406.641419 195.790851 799.576135 147.624660 835.912033 575.205232 432.837067 604.780963 
407.399462 192.912076 798.644135 148.125969 832.444971 577.396583 431.905068 600.212147 
408.983969 193.612551 799.932886 148.657440 833.649219 575.730999 431.461525 598.208555 
408.108069 189.837176 804.419308 148.338617 835.543228 573.698847 431.969741 596.523055 
412.257925 185.687320 804.419308 145.226225 839.693084 577.848703 433.007205 597.560519 
415.370317 185.687320 808.569164 144.188761 840.730548 575.773775 440.269452 593.410663 
421.595101 186.724784 812.719020 147.301153 843.842939 575.773775 445.456772 593.410663 
425.425418 186.585245 815.914020 142.999957 846.156873 577.073847 444.994323 593.084769 
429.894813 189.837176 819.981268 145.226225 849.030259 575.773775 449.606628 592.373199 
431.969741 187.762248 824.131124 144.188761 850.067723 577.848703 452.719020 590.298271 
434.044669 189.837176 823.093660 144.188761 853.180115 575.773775 450.644092 592.373199 
433.007205 187.762248 825.168588 147.301153 854.217579 573.698847 452.719020 593.410663 
434.044669 190.874640 823.093660 147.301153 853.180115 579.923631 452.719020 594.448127 
438.194524 186.724784 826.206052 147.301153 853.180115 577.848703 455.831412 593.410663 
436.119597 187.762248 825.168588 145.226225 856.292507 579.923631 453.756484 592.373199 
437.157061 186.724784 826.206052 141.076369 851.105187 579.923631 454.793948 593.410663 
437.157061 189.837176 823.093660 145.226225 853.180115 578.886167 454.793948 592.373199 
435.082133 189.837176 826.206052 143.151297 851.105187 578.886167 452.719020 592.373199 
435.082133 189.837176 821.018732 143.151297 849.030259 578.886167 450.644092 590.298271 
431.969741 187.762248 822.056196 141.076369 847.992795 581.998559 450.644092 588.223343 
429.894813 187.762248 818.943804 143.151297 846.955331 577.848703 444.419308 588.223343 
429.894813 185.687320 817.906340 140.038905 842.805476 580.961095 444.419308 590.298271 
426.782421 187.762248 814.793948 140.038905 840.730548 580.961095 441.306916 588.223343 
420.557637 185.687320 810.644092 139.001441 835.543228 584.073487 437.157061 591.335735 
418.482709 186.724784 808.569164 143.151297 833.468300 584.073487 431.969741 592.373199 
416.407781 186.724784 802.344380 143.151297 826.206052 585.110951 429.894813 592.373199 
414.332853 189.837176 798.194524 143.151297 823.093660 587.185879 424.707493 595.485591 
410.182997 189.837176 795.082133 144.188761 817.906340 591.335735 420.557637 597.560519 
403.958213 193.987032 788.857349 144.188761 812.719020 590.298271 417.445245 598.597983 
396.695965 195.024496 783.670029 147.301153 810.644092 592.373199 414.332853 599.635447 
396.695965 197.099424 779.520173 149.376081 804.419308 593.410663 410.182997 602.747839 
390.471182 199.174352 771.220461 152.488473 801.306916 595.485591 406.033141 603.785303 
388.396254 200.211816 770.182997 152.488473 794.044669 596.523055 402.920749 603.785303 
386.321326 199.174352 766.033141 152.488473 787.819885 595.485591 397.733429 606.897695 
383.208934 203.324207 760.845821 152.488473 785.744957 594.448127 394.621037 601.710375 
380.096542 200.211816 754.621037 153.525937 779.520173 595.485591 389.433718 602.747839 
375.946686 203.324207 752.546110 152.488473 776.407781 595.485591 389.433718 601.710375 
372.834294 200.211816 742.171470 154.563401 767.070605 595.485591 382.171470 598.597983 
367.646974 200.211816 743.208934 152.488473 762.920749 596.523055 380.096542 600.672911 
368.684438 201.249280 736.984150 156.638329 758.770893 595.485591 376.984150 599.635447 
365.572046 203.324207 739.059078 153.525937 758.770893 596.523055 375.946686 598.597983 
369.721902 201.249280 738.021614 157.675793 757.733429 599.635447 375.946686 601.710375 
376.880403 205.917867 742.534582 157.623919 759.289625 602.125360 379.837176 602.125360 
381.134006 205.399135 747.358790 159.750720 759.808357 602.747839 388.396254 599.635447 
389.433718 204.361671 751.508646 157.675793 770.182997 601.710375 395.658501 596.523055 
394.621037 206.436599 757.733429 158.713256 776.407781 603.785303 400.845821 596.523055 
403.958213 208.511527 764.995677 159.750720 777.445245 601.710375 407.070605 596.523055 
409.145533 208.511527 764.995677 161.825648 776.407781 603.785303 411.220461 596.523055 
411.220461 208.511527 766.033141 162.863112 780.557637 604.822767 413.295389 598.597983 
409.145533 212.661383 768.108069 162.863112 780.557637 606.897695 411.220461 597.560519 
409.145533 210.586455 766.033141 163.900576 779.520173 608.972622 413.295389 600.672911 
412.257925 214.736311 764.995677 165.975504 779.520173 612.085014 414.332853 599.635447 
412.257925 218.886167 759.808357 169.087896 775.370317 615.197406 411.220461 604.822767 
410.182997 221.998559 760.845821 175.312680 772.257925 620.384726 409.145533 611.047550 
411.220461 228.223343 756.695965 178.425072 770.182997 622.459654 413.295389 614.159942 
409.145533 231.335735 752.546110 181.537464 767.070605 627.646974 401.883285 615.197406 
408.108069 232.373199 751.508646 184.649856 760.845821 627.646974 403.958213 619.347262 
406.033141 234.448127 750.471182 185.687320 756.695965 632.834294 400.845821 617.272334 
400.845821 237.560519 746.321326 189.837176 755.658501 633.871758 400.845821 621.422190 
401.883285 237.560519 741.134006 191.912104 749.433718 639.059078 394.621037 620.384726 
398.770893 237.560519 736.984150 189.837176 744.246398 638.021614 391.508646 620.384726 
393.583573 238.597983 738.021614 189.837176 741.134006 636.984150 391.508646 620.384726 
394.621037 240.672911 728.684438 196.061960 735.946686 639.059078 386.321326 620.384726 
388.396254 240.672911 728.684438 196.061960 735.946686 639.059078 387.358790 621.422190 
386.321326 243.785303 722.459654 199.174352 726.609510 640.096542 382.171470 623.497118 
381.134006 245.860231 715.197406 199.174352 721.422190 640.096542 372.834294 624.534582 
379.059078 245.860231 708.972622 203.324207 718.309798 640.096542 370.759366 628.684438 
375.946686 247.935159 706.897695 205.399135 712.085014 646.321326 367.646974 629.721902 
376.984150 250.010086 705.860231 205.399135 707.935159 645.283862 366.609510 628.684438 
378.021614 251.047550 702.747839 208.511527 706.897695 648.396254 365.572046 630.759366 
380.096542 252.085014 705.860231 208.511527 711.047550 648.396254 370.759366 629.721902 
385.283862 251.047550 711.047550 208.511527 714.159942 647.358790 376.984150 627.646974 
390.471182 250.010086 716.234870 208.511527 720.384726 648.396254 381.134006 622.459654 
398.770893 250.010086 724.534582 208.511527 721.422190 643.208934 390.471182 623.497118 
406.033141 247.935159 729.721902 209.548991 728.684438 643.208934 395.658501 622.459654 
411.220461 245.860231 731.796830 209.548991 732.834294 642.171470 398.770893 619.347262 
418.482709 242.747839 736.984150 206.436599 735.946686 640.096542 406.033141 614.159942 
422.632565 242.747839 741.134006 206.436599 741.134006 639.059078 407.070605 613.122478 
424.707493 243.785303 746.321326 208.511527 739.059078 640.096542 413.295389 614.159942 
427.819885 245.860231 747.358790 212.661383 742.171470 641.134006 414.332853 612.085014 
431.969741 246.897695 750.471182 214.736311 742.171470 645.283862 413.295389 613.122478 
435.082133 250.010086 752.546110 218.886167 745.283862 648.396254 417.445245 615.197406 
437.471263 254.755172 758.235115 225.987113 744.392314 656.652022 421.675832 621.209171 
442.412672 259.057251 758.250612 233.736910 748.273825 664.401567 419.958614 627.303803 
443.828705 265.096528 760.969500 240.448280 744.181428 669.943114 417.371233 631.091552 
446.145070 276.452374 764.651173 251.951905 749.933027 685.468204 419.692885 629.148180 
448.569164 280.096542 769.145533 257.272334 751.508646 686.782421 419.520173 646.321326 
452.719020 285.283862 771.220461 264.534582 751.508646 697.157061 422.632565 652.546110 
458.943804 291.508646 774.332853 270.759366 755.658501 702.344380 422.632565 659.808357 
457.906340 295.658501 780.557637 278.021614 759.808357 705.456772 426.782421 662.920749 
462.144602 300.442784 780.383148 279.125369 770.287017 703.162855 430.680293 665.428774 
469.255174 303.290635 784.464228 284.748926 772.934592 714.227883 434.161291 665.395695 
474.019725 303.473219 786.178143 286.368649 776.138982 718.052593 440.058841 666.707016 
474.132257 304.511751 792.065385 289.127890 778.526199 714.258335 442.764974 670.463393 
475.543228 308.108069 794.044669 290.471182 779.520173 714.793948 447.531700 670.182997 
478.655620 307.070605 798.194524 286.321326 782.632565 713.756484 446.494236 671.220461 
480.730548 308.108069 801.306916 288.396254 784.707493 714.793948 451.681556 672.257925 
480.730548 309.145533 802.344380 288.396254 787.819885 715.831412 450.644092 672.257925 
477.618156 309.145533 801.306916 291.508646 787.819885 713.756484 448.569164 674.332853 
478.655620 308.108069 801.306916 289.433718 785.744957 713.756484 448.569164 672.257925 
476.580692 308.108069 800.269452 287.358790 782.632565 713.756484 449.606628 675.370317 
475.543228 307.070605 797.157061 289.433718 783.670029 712.719020 446.494236 672.257925 
474.505764 309.145533 797.157061 288.396254 783.670029 712.719020 447.531700 675.370317 
474.505764 308.108069 794.044669 286.321326 781.595101 713.756484 446.494236 675.370317 
469.318444 308.108069 791.969741 288.396254 781.595101 713.756484 443.381844 674.332853 
464.131124 308.108069 789.894813 288.396254 777.445245 712.719020 439.231988 671.220461 
461.018732 306.033141 785.744957 288.396254 774.332853 708.569164 433.007205 670.182997 
461.018732 304.995677 782.632565 285.283862 769.145533 710.644092 431.969741 669.145533 
451.681556 301.883285 777.445245 285.283862 764.995677 705.456772 426.782421 668.108069 
448.569164 299.808357 772.257925 281.134006 758.770893 703.381844 419.520173 666.033141 
440.269452 296.695965 766.033141 275.946686 754.621037 698.194524 414.332853 664.995677 
433.007205 289.433718 757.733429 271.796830 745.283862 690.932277 409.145533 655.658501 
426.782421 288.396254 754.621037 265.572046 740.096542 687.819885 401.883285 650.471182 
420.557637 282.171470 747.358790 264.534582 735.946686 683.670029 397.733429 647.358790 
415.370317 278.021614 743.208934 261.422190 730.759366 677.445245 390.471182 645.283862 
414.332853 274.909222 738.021614 256.234870 724.534582 675.370317 387.358790 641.134006 
407.070605 270.759366 733.871758 250.010086 721.422190 670.182997 385.283862 639.059078 
403.958213 268.684438 728.684438 250.010086 717.272334 666.033141 379.059078 636.984150 
397.733429 264.534582 725.572046 245.860231 713.122478 658.770893 373.871758 629.721902 
394.621037 259.347262 723.497118 241.710375 707.935159 657.733429 372.834294 626.609510 
390.471182 259.347262 717.272334 238.597983 705.860231 651.508646 367.646974 623.497118 
387.358790 255.197406 715.197406 236.523055 701.710375 650.471182 365.572046 620.384726 
385.283862 250.010086 710.010086 231.335735 698.597983 648.396254 362.459654 617.272334 
382.171470 250.010086 710.010086 228.223343 697.560519 643.208934 361.422190 613.122478 
376.984150 245.860231 704.822767 227.185879 694.448127 642.171470 358.309798 611.047550 
375.946686 242.747839 704.822767 223.036023 691.335735 641.134006 355.197406 610.010086 
374.909222 242.747839 701.710375 223.036023 692.373199 636.984150 355.197406 606.897695 
372.834294 238.597983 699.635447 218.886167 691.335735 632.834294 353.122478 604.822767 
371.796830 236.523055 695.485591 215.773775 690.298271 629.721902 350.010086 600.672911 
369.721902 232.373199 697.560519 212.661383 687.185879 626.609510 350.010086 598.597983 
367.646974 229.260807 695.485591 209.548991 687.185879 620.384726 350.010086 597.560519 
368.684438 227.185879 694.448127 204.361671 683.036023 618.309798 346.897695 593.410663 
366.609510 224.073487 694.448127 204.361671 684.073487 617.272334 345.860231 592.373199 
365.572046 218.886167 694.448127 199.174352 681.998559 613.122478 348.972622 586.148415 
365.572046 215.773775 691.335735 195.024496 683.036023 611.047550 344.822767 585.110951 
365.572046 212.661383 691.335735 191.912104 680.961095 606.897695 346.897695 580.961095 
363.497118 210.586455 693.410663 187.762248 679.923631 604.822767 346.897695 575.773775 
363.497118 209.548991 695.485591 186.724784 679.923631 602.747839 345.860231 575.773775 
365.572046 206.436599 691.335735 186.724784 679.923631 598.597983 346.897695 572.661383 
363.497118 206.436599 692.373199 185.687320 677.848703 599.635447 344.822767 570.586455 
364.534582 204.361671 693.410663 181.537464 681.998559 595.485591 346.897695 568.511527 
364.534582 204.361671 692.373199 181.537464 680.961095 596.523055 345.860231 568.511527 
365.572046 204.361671 693.410663 182.574928 680.961095 593.410663 345.860231 566.436599 
363.497118 200.211816 692.373199 180.500000 680.961095 594.448127 345.860231 568.511527 
364.534582 199.174352 691.335735 180.500000 683.036023 592.373199 347.935159 568.511527 
361.422190 199.174352 692.373199 180.500000 679.923631 591.335735 348.972622 566.436599 
365.572046 199.174352 693.410663 176.350144 681.998559 591.335735 347.935159 563.324207 
364.534582 199.174352 692.373199 176.350144 681.998559 588.223343 347.935159 562.286744 
362.459654 196.061960 692.373199 176.350144 680.961095 587.185879 347.935159 563.324207 
362.459654 197.099424 693.410663 176.350144 681.998559 587.185879 346.897695 563.324207 
362.459654 197.099424 693.410663 176.350144 681.998559 587.185879 346.897695 563.324207 
364.534582 195.024496 694.448127 171.162824 681.998559 586.148415 348.972622 560.211816 
365.572046 195.024496 693.410663 173.237752 680.961095 586.148415 347.935159 559.174352 
364.534582 196.061960 692.373199 173.237752 683.036023 585.110951 346.897695 559.174352 
364.534582 196.061960 692.373199 172.200288 684.073487 587.185879 347.935159 560.211816 
362.459654 195.024496 691.335735 173.237752 683.036023 586.148415 350.010086 561.249280 
364.534582 196.061960 693.410663 173.237752 681.998559 587.185879 347.935159 559.174352 
364.534582 193.987032 692.373199 173.237752 681.998559 588.223343 347.935159 561.249280 
362.459654 195.024496 692.373199 175.312680 681.998559 586.148415 347.935159 560.211816 
364.534582 196.061960 692.373199 172.200288 679.923631 585.110951 348.972622 561.249280 
365.572046 197.099424 693.410663 176.350144 684.073487 586.148415 348.972622 561.249280 
362.459654 195.024496 692.373199 172.200288 683.036023 587.185879 351.047550 560.211816 
362.459654 196.061960 692.373199 175.312680 681.998559 586.148415 348.972622 562.286744 
364.534582 196.061960 693.410663 173.237752 683.036023 587.185879 350.010086 560.211816 
363.497118 195.024496 693.410663 173.237752 683.036023 588.223343 346.897695 561.249280 
363.497118 199.174352 693.410663 175.312680 683.036023 585.110951 350.010086 562.286744 
365.572046 199.174352 692.373199 176.350144 681.998559 587.185879 348.972622 563.324207 
365.572046 199.174352 693.410663 175.312680 683.036023 586.148415 350.010086 563.324207 
365.572046 199.174352 691.335735 176.350144 684.073487 586.148415 345.860231 563.324207 
363.497118 197.099424 692.373199 171.162824 683.036023 587.185879 351.047550 563.324207 
364.534582 197.099424 693.410663 175.312680 684.073487 587.185879 350.010086 562.286744 
364.534582 196.061960 692.373199 175.312680 685.110951 589.260807 350.010086 563.324207 
364.534582 196.061960 694.448127 175.312680 685.110951 588.223343 350.010086 563.324207 
364.534582 195.024496 694.448127 173.237752 681.998559 586.148415 350.010086 562.286744 
363.497118 196.061960 693.410663 171.162824 686.148415 588.223343 350.010086 562.286744 
362.459654 196.061960 695.485591 175.312680 685.110951 589.260807 350.010086 563.324207 
366.609510 197.099424 694.448127 176.350144 685.110951 586.148415 353.122478 561.249280 
365.572046 199.174352 691.335735 176.350144 680.961095 589.260807 350.010086 562.286744 
363.497118 197.099424 695.485591 176.350144 684.073487 588.223343 350.010086 562.286744 
364.534582 199.174352 694.448127 176.350144 685.110951 589.260807 351.047550 561.249280 
367.646974 197.099424 693.410663 173.237752 686.148415 589.260807 347.935159 562.286744 
365.572046 199.174352 692.373199 175.312680 686.148415 590.298271 354.159942 563.324207 
364.534582 199.174352 693.410663 176.350144 684.073487 589.260807 352.085014 562.286744 
364.534582 199.174352 694.448127 175.312680 684.073487 590.298271 348.972622 563.324207 
364.534582 199.174352 694.448127 175.312680 685.110951 589.260807 352.085014 564.361671 
365.572046 197.099424 693.410663 176.350144 684.073487 588.223343 351.047550 564.361671 
365.572046 196.061960 693.410663 176.350144 684.073487 587.185879 348.972622 566.436599 
367.646974 199.174352 693.410663 176.350144 686.148415 589.260807 350.010086 562.286744 

