1.0000 -0.0000 0.0000 0.0000 1.0000 0.0000 0.0000 -0.0000 1.0000
1.0157 -0.0167 -1.1211 0.0062 0.9797 3.4519 0.0000 -0.0000 1.0000
1.0036 -0.0171 2.8163 0.0061 0.9764 2.2841 0.0000 -0.0000 1.0000
1.0666 -0.0077 -14.5246 0.0229 1.0184 -5.3743 0.0001 -0.0000 1.0000
1.0382 -0.0243 -6.2307 0.0161 0.9882 1.1709 0.0000 -0.0000 1.0000
0.9962 -0.0141 3.6643 -0.0094 0.9886 11.6013 -0.0000 -0.0000 1.0000
1.0668 0.0020 -17.5638 0.0187 1.0272 -0.6729 0.0001 0.0000 1.0000
1.0233 -0.0145 -1.2334 0.0116 1.0080 2.6932 0.0000 -0.0000 1.0000
1.0392 -0.0220 -6.3840 0.0080 1.0085 5.2681 0.0000 -0.0000 1.0000
1.0340 -0.0192 -5.6307 0.0162 1.0077 4.0512 0.0000 -0.0000 1.0000
1.0256 -0.0098 -5.0204 0.0108 1.0105 6.6505 0.0000 -0.0000 1.0000
1.0455 -0.0224 -5.5948 0.0138 1.0138 7.4100 0.0000 -0.0000 1.0000
1.0226 -0.0210 -1.8907 0.0098 0.9975 14.1488 0.0000 -0.0000 1.0000
1.0328 -0.0254 -0.4419 0.0161 0.9882 18.0525 0.0000 -0.0000 1.0000
1.0086 -0.0224 5.0787 0.0021 0.9854 23.7731 0.0000 -0.0000 1.0000
0.9589 -0.0336 20.4765 -0.0061 0.9502 30.4422 -0.0000 -0.0001 1.0000
1.0195 -0.0350 8.1830 0.0039 0.9792 24.3937 0.0000 -0.0000 1.0000
1.0421 -0.0396 6.8455 0.0180 0.9800 19.0694 0.0000 -0.0001 1.0000
1.0304 -0.0350 5.4818 0.0119 0.9725 18.5319 0.0000 -0.0000 1.0000
1.0076 -0.0450 16.8795 0.0093 0.9552 17.8449 0.0000 -0.0001 1.0000
1.0212 -0.0287 8.7452 0.0214 0.9712 3.3802 0.0000 -0.0001 1.0000
1.0067 -0.0476 17.6870 0.0099 0.9540 4.9035 0.0000 -0.0001 1.0000
1.0676 -0.0615 2.5007 0.0219 0.9652 -4.9062 0.0001 -0.0001 1.0000
0.9847 -0.0421 24.4738 0.0005 0.9363 4.2507 0.0000 -0.0001 1.0000
0.9915 -0.0400 24.0840 0.0041 0.9403 -0.1309 0.0000 -0.0001 1.0000
1.0328 -0.0439 16.3900 0.0228 0.9416 -8.3087 0.0001 -0.0001 1.0000
0.9920 -0.0584 30.3654 0.0231 0.9062 -5.2035 0.0000 -0.0001 1.0000
0.9418 -0.0710 45.3791 -0.0030 0.8759 7.6849 -0.0000 -0.0001 1.0000
0.9621 -0.0761 44.7959 0.0137 0.8756 -0.1615 0.0000 -0.0001 1.0000
0.9142 -0.0678 56.7547 -0.0008 0.8548 9.2580 -0.0000 -0.0001 1.0000
0.9355 -0.0740 54.0288 0.0049 0.8509 8.5631 0.0000 -0.0001 1.0000
0.9484 -0.0817 51.4931 0.0157 0.8509 2.2877 0.0000 -0.0001 1.0000
0.9259 -0.0725 55.2942 0.0075 0.8451 9.5763 -0.0000 -0.0001 1.0000
0.9815 -0.0853 43.1208 0.0139 0.8457 12.1033 0.0001 -0.0001 1.0000
0.9399 -0.0756 55.2464 0.0050 0.8456 16.7161 0.0000 -0.0001 1.0000
0.9754 -0.0686 43.8965 0.0172 0.8584 12.3685 0.0000 -0.0001 1.0000
0.9154 -0.0743 62.5257 0.0072 0.8201 25.7824 0.0000 -0.0001 1.0000
0.9214 -0.0867 62.2159 0.0083 0.8045 28.9218 0.0000 -0.0001 1.0000
0.9029 -0.0812 67.9085 -0.0010 0.8010 39.1913 -0.0000 -0.0001 1.0000
0.9404 -0.0852 58.0160 0.0073 0.8164 37.3611 0.0000 -0.0001 1.0000
0.8915 -0.1011 74.9452 -0.0045 0.7817 52.4262 -0.0000 -0.0001 1.0000
0.9226 -0.1187 70.6422 0.0003 0.7766 58.3229 0.0000 -0.0002 1.0000
0.8743 -0.0903 77.5893 -0.0077 0.7734 66.3978 -0.0000 -0.0001 1.0000
0.9281 -0.0698 59.4876 -0.0046 0.8093 67.9008 0.0000 -0.0001 1.0000
0.9126 -0.0971 69.1798 -0.0012 0.7878 74.0749 0.0000 -0.0002 1.0000
0.9245 -0.0932 66.2768 0.0011 0.7865 81.3846 0.0000 -0.0002 1.0000
0.8868 -0.1104 77.6967 -0.0152 0.7634 91.7587 -0.0000 -0.0002 1.0000
0.9378 -0.1084 67.8287 -0.0057 0.7698 96.8049 0.0001 -0.0002 1.0000
0.8776 -0.1046 82.4830 -0.0141 0.7497 103.2660 -0.0000 -0.0002 1.0000
0.8774 -0.1040 81.8809 -0.0202 0.7533 106.8336 -0.0000 -0.0002 1.0000
0.8788 -0.1113 84.8440 -0.0112 0.7357 107.8440 0.0000 -0.0002 1.0000
0.9170 -0.1093 74.8024 0.0010 0.7452 107.0979 0.0000 -0.0002 1.0000
0.8926 -0.1204 83.2236 -0.0134 0.7316 116.6404 0.0000 -0.0002 1.0000
0.8854 -0.1322 89.5010 -0.0154 0.7228 119.3777 0.0000 -0.0002 1.0000
0.8716 -0.1052 86.8628 -0.0201 0.7279 122.6566 -0.0000 -0.0002 1.0000
0.9104 -0.1184 80.1245 -0.0104 0.7271 125.7634 0.0000 -0.0002 1.0000
0.8500 -0.1370 102.2136 -0.0246 0.7002 133.6518 -0.0000 -0.0002 1.0000
0.8499 -0.1139 94.4233 -0.0238 0.7064 136.0609 -0.0000 -0.0002 1.0000
0.8806 -0.1214 89.5098 -0.0211 0.7142 139.3897 0.0000 -0.0002 1.0000
0.8667 -0.1420 99.1865 -0.0190 0.6842 144.1874 0.0000 -0.0002 1.0000
0.9047 -0.1221 87.7709 -0.0085 0.7187 142.1718 0.0000 -0.0002 1.0000
0.8592 -0.1406 98.1023 -0.0130 0.6722 148.3854 -0.0000 -0.0002 1.0000
0.8619 -0.1354 102.1138 -0.0220 0.6840 155.2468 0.0000 -0.0002 1.0000
0.8361 -0.1198 102.6294 -0.0333 0.6941 155.6476 -0.0000 -0.0002 1.0000
0.8836 -0.1271 94.5291 -0.0158 0.7085 151.4725 0.0000 -0.0002 1.0000
0.8288 -0.1389 108.8384 -0.0313 0.6624 161.5579 -0.0000 -0.0002 1.0000
0.8444 -0.1467 107.3802 -0.0265 0.6548 164.8734 -0.0000 -0.0002 1.0000
0.8529 -0.1515 105.6926 -0.0231 0.6532 166.8741 -0.0000 -0.0003 1.0000
0.8754 -0.1517 101.1740 -0.0102 0.6564 162.5963 0.0000 -0.0003 1.0000
0.8678 -0.1488 100.9357 -0.0126 0.6544 164.3825 0.0000 -0.0003 1.0000
0.8644 -0.1388 100.8195 -0.0134 0.6638 163.4221 0.0000 -0.0002 1.0000
0.8579 -0.1426 100.8205 -0.0157 0.6497 165.1610 0.0000 -0.0003 1.0000
0.8554 -0.1374 102.3701 -0.0229 0.6565 166.8992 0.0000 -0.0002 1.0000
0.9053 -0.1598 91.4815 -0.0009 0.6490 164.8113 0.0001 -0.0003 1.0000
0.9212 -0.1498 82.9221 0.0037 0.6589 157.2824 0.0001 -0.0003 1.0000
0.8822 -0.1616 97.2906 -0.0051 0.6452 159.4833 0.0000 -0.0003 1.0000
0.8958 -0.1489 90.4929 -0.0107 0.6553 160.9528 0.0000 -0.0003 1.0000
0.8577 -0.1516 102.0246 -0.0107 0.6369 160.7918 0.0000 -0.0003 1.0000
0.8699 -0.1660 98.1498 -0.0092 0.6346 155.0579 0.0000 -0.0003 1.0000
0.8983 -0.1551 91.9964 -0.0011 0.6541 150.6975 0.0000 -0.0003 1.0000
0.8928 -0.1451 89.7553 -0.0078 0.6481 150.8150 0.0000 -0.0003 1.0000
0.8526 -0.1566 102.3877 -0.0180 0.6359 148.4717 -0.0000 -0.0003 1.0000
0.8905 -0.1513 93.3628 -0.0068 0.6511 138.5448 0.0000 -0.0003 1.0000
0.8399 -0.1688 106.5075 -0.0188 0.6134 139.4452 -0.0000 -0.0003 1.0000
0.8903 -0.1572 92.7811 -0.0056 0.6550 121.4010 0.0000 -0.0003 1.0000
0.8803 -0.1474 93.7207 -0.0182 0.6586 120.6530 0.0000 -0.0003 1.0000
0.8813 -0.1436 95.1284 -0.0037 0.6547 107.8641 0.0000 -0.0003 1.0000
0.8817 -0.1512 96.1587 -0.0036 0.6602 100.9742 0.0000 -0.0003 1.0000
0.9113 -0.1448 86.6353 -0.0032 0.6634 98.5243 0.0000 -0.0003 1.0000
0.9066 -0.1219 84.1269 -0.0101 0.6943 90.8566 0.0000 -0.0002 1.0000
0.9770 -0.1325 71.7356 0.0149 0.7067 81.2550 0.0001 -0.0002 1.0000
0.8864 -0.1555 99.0492 -0.0134 0.6753 87.8435 0.0000 -0.0003 1.0000
0.8977 -0.1430 93.0906 -0.0061 0.6867 82.8000 0.0000 -0.0003 1.0000
0.8923 -0.1387 93.2975 -0.0116 0.6888 84.0487 0.0000 -0.0002 1.0000
0.8935 -0.1145 89.8613 -0.0158 0.7400 76.2302 -0.0000 -0.0002 1.0000
0.8939 -0.1433 94.8490 -0.0066 0.7132 75.9301 0.0000 -0.0002 1.0000
0.9041 -0.1190 86.9403 -0.0117 0.7471 76.7336 -0.0000 -0.0002 1.0000
0.9554 -0.1155 74.1711 -0.0007 0.7757 70.3348 0.0000 -0.0002 1.0000
0.9486 -0.0965 70.7764 -0.0059 0.7974 72.0365 0.0000 -0.0002 1.0000
0.9492 -0.0925 73.8758 -0.0018 0.8093 70.8323 0.0000 -0.0002 1.0000
0.8990 -0.0882 85.6633 -0.0153 0.7946 79.3088 -0.0000 -0.0002 1.0000
0.9417 -0.0845 75.6792 -0.0050 0.8207 76.2478 0.0000 -0.0002 1.0000
0.9553 -0.0807 74.4649 0.0016 0.8279 77.0152 0.0000 -0.0002 1.0000
0.9599 -0.0527 68.3243 -0.0064 0.8494 81.7424 0.0000 -0.0001 1.0000
0.8951 -0.0594 87.6641 -0.0264 0.8292 92.2226 -0.0000 -0.0001 1.0000
0.9073 -0.0446 84.7348 -0.0245 0.8488 91.3469 -0.0000 -0.0001 1.0000
0.9051 -0.0323 85.6482 -0.0206 0.8579 90.2771 -0.0000 -0.0001 1.0000
0.9422 -0.0396 79.0874 -0.0114 0.8768 86.6406 0.0000 -0.0001 1.0000
0.9192 -0.0524 88.7987 -0.0144 0.8587 91.4136 0.0000 -0.0001 1.0000
0.9452 -0.0414 83.7347 -0.0063 0.8739 91.4555 0.0000 -0.0001 1.0000
0.8966 -0.0663 100.4099 -0.0234 0.8423 99.8201 -0.0000 -0.0001 1.0000
0.9348 -0.0480 91.0120 -0.0078 0.8695 93.1899 0.0000 -0.0001 1.0000
0.9652 -0.0201 78.6924 -0.0088 0.9088 90.3306 0.0000 -0.0001 1.0000
0.9402 -0.0114 81.0173 -0.0178 0.9108 91.3252 0.0000 -0.0001 1.0000
0.9280 -0.0197 88.7611 -0.0179 0.9066 90.1688 0.0000 -0.0001 1.0000
0.9658 0.0082 75.1576 -0.0105 0.9457 82.0186 0.0000 -0.0000 1.0000
0.9230 -0.0097 90.3611 -0.0119 0.9112 82.9107 -0.0000 -0.0001 1.0000
0.9303 0.0097 83.4318 -0.0207 0.9358 78.5830 -0.0000 -0.0000 1.0000
0.9621 0.0052 80.3129 -0.0048 0.9449 69.5018 0.0000 -0.0000 1.0000
0.9734 0.0109 73.6724 -0.0022 0.9550 62.7829 0.0000 -0.0000 1.0000
0.9633 0.0130 75.4456 -0.0055 0.9601 59.7626 -0.0000 -0.0000 1.0000
0.9481 -0.0099 83.3412 -0.0093 0.9513 55.1513 -0.0000 -0.0000 1.0000
1.0233 -0.0149 64.2855 0.0152 0.9764 40.8969 0.0000 -0.0001 1.0000
1.0080 -0.0124 65.6828 -0.0000 0.9906 41.6619 0.0000 -0.0000 1.0000
1.0425 -0.0000 49.8273 0.0152 1.0049 32.9592 0.0000 -0.0000 1.0000
0.9760 0.0002 64.1989 -0.0161 0.9989 44.1957 -0.0000 -0.0000 1.0000
1.0574 -0.0116 40.2612 0.0184 1.0110 30.5162 0.0000 -0.0000 1.0000
1.0423 -0.0174 43.7507 0.0153 1.0213 27.7936 0.0000 -0.0000 1.0000
1.0270 -0.0258 46.2767 0.0032 1.0120 33.7782 0.0000 -0.0001 1.0000
1.0512 -0.0239 35.6794 0.0082 1.0242 28.0770 0.0000 -0.0001 1.0000
1.0354 -0.0031 31.2998 0.0038 1.0475 22.5472 -0.0000 -0.0000 1.0000
1.0903 -0.0200 16.7060 0.0137 1.0596 14.9083 0.0000 -0.0000 1.0000
1.0756 -0.0335 18.6393 0.0071 1.0546 15.1160 0.0000 -0.0001 1.0000
1.0878 -0.0348 14.8845 0.0155 1.0656 5.1096 0.0000 -0.0001 1.0000
1.1249 -0.0156 -4.9402 0.0131 1.1094 -0.4094 0.0000 -0.0000 1.0000
1.1296 -0.0120 -11.4797 0.0081 1.1181 -1.6738 -0.0000 -0.0000 1.0000
1.1639 -0.0377 -13.5811 0.0232 1.1248 -14.2443 0.0000 -0.0001 1.0000
1.1768 -0.0467 -19.8644 0.0176 1.1293 -12.7504 0.0000 -0.0001 1.0000
1.1978 -0.0413 -26.8153 0.0245 1.1480 -21.9823 0.0000 -0.0001 1.0000
1.2170 -0.0407 -33.3635 0.0252 1.1626 -26.8560 0.0000 -0.0001 1.0000
1.2167 -0.0515 -35.9038 0.0341 1.1586 -36.1915 0.0000 -0.0001 1.0000
1.1953 -0.0736 -23.7914 0.0226 1.1449 -32.4931 0.0000 -0.0001 1.0000
1.2287 -0.0601 -37.2466 0.0276 1.1742 -38.9753 0.0000 -0.0001 1.0000
1.2688 -0.0537 -45.3600 0.0306 1.2048 -43.0648 0.0000 -0.0001 1.0000
1.2948 -0.0507 -55.3909 0.0307 1.2404 -52.0778 0.0000 -0.0001 1.0000
1.3100 -0.0381 -60.5386 0.0240 1.2618 -53.6498 0.0000 -0.0001 1.0000
1.2555 -0.0505 -44.5539 0.0189 1.2108 -47.2121 0.0000 -0.0001 1.0000
1.2768 -0.0507 -45.8642 0.0205 1.2221 -50.0347 0.0000 -0.0001 1.0000
1.3193 -0.0477 -60.2229 0.0153 1.2511 -52.8713 0.0000 -0.0001 1.0000
1.3007 -0.0550 -52.0587 0.0174 1.2456 -60.7361 0.0000 -0.0001 1.0000
1.2959 -0.0557 -47.5330 0.0137 1.2415 -61.7445 0.0000 -0.0001 1.0000
1.3067 -0.0471 -50.6669 0.0065 1.2382 -58.5527 0.0000 -0.0001 1.0000
1.3384 -0.0337 -61.8311 0.0089 1.2829 -71.4988 0.0000 -0.0001 1.0000
1.2722 -0.0409 -41.8040 -0.0086 1.2397 -61.0174 -0.0000 -0.0001 1.0000
1.2298 -0.0441 -32.8852 -0.0085 1.2075 -59.5949 -0.0000 -0.0001 1.0000
1.2578 -0.0610 -34.7246 -0.0097 1.2244 -61.9820 -0.0000 -0.0001 1.0000
1.2606 -0.0317 -46.6457 -0.0169 1.2370 -62.3949 -0.0000 -0.0001 1.0000
1.2179 -0.0506 -33.5708 -0.0283 1.2199 -61.2702 -0.0001 -0.0001 1.0000
1.2494 -0.0422 -50.2115 -0.0271 1.2421 -65.3630 -0.0000 -0.0001 1.0000
1.1888 -0.0580 -35.9776 -0.0421 1.2046 -57.6250 -0.0001 -0.0001 1.0000
1.1961 -0.0643 -44.4162 -0.0353 1.1995 -62.1501 -0.0001 -0.0001 1.0000
1.1572 -0.0517 -43.5586 -0.0492 1.1995 -59.1697 -0.0001 -0.0001 1.0000
1.1738 -0.0519 -55.7196 -0.0418 1.2119 -67.1657 -0.0001 -0.0001 1.0000
1.0833 -0.0768 -31.7206 -0.0727 1.1512 -42.9522 -0.0001 -0.0001 1.0000
1.1005 -0.0794 -42.7914 -0.0719 1.1747 -48.6128 -0.0001 -0.0001 1.0000
1.1112 -0.0756 -56.8772 -0.0716 1.1784 -50.2782 -0.0001 -0.0001 1.0000
1.0771 -0.0781 -52.8887 -0.0815 1.1720 -43.6240 -0.0001 -0.0001 1.0000
1.0198 -0.0805 -45.1219 -0.0973 1.1367 -31.9295 -0.0002 -0.0001 1.0000
1.0061 -0.0968 -44.9155 -0.1001 1.1266 -29.6466 -0.0002 -0.0001 1.0000
0.9759 -0.0945 -43.0279 -0.1130 1.1224 -18.3895 -0.0002 -0.0001 1.0000
0.9190 -0.0917 -33.6237 -0.1247 1.1038 -9.1108 -0.0002 -0.0001 1.0000
0.9016 -0.1001 -30.9648 -0.1293 1.0915 0.3309 -0.0003 -0.0001 1.0000
0.9006 -0.0954 -33.4453 -0.1295 1.1072 -0.2021 -0.0003 -0.0001 1.0000
0.8374 -0.0933 -13.1228 -0.1517 1.0618 22.6799 -0.0003 -0.0001 1.0000
0.8164 -0.0926 -3.8948 -0.1612 1.0617 30.9263 -0.0003 -0.0000 1.0000
0.7884 -0.0872 7.1828 -0.1579 1.0532 35.4930 -0.0003 -0.0000 1.0000
0.7692 -0.0699 15.3897 -0.1702 1.0583 44.2431 -0.0003 -0.0000 1.0000
0.7386 -0.0732 30.7571 -0.1789 1.0421 52.2413 -0.0003 -0.0000 1.0000
0.7148 -0.0681 44.1690 -0.1861 1.0261 61.5671 -0.0003 -0.0000 1.0000
0.6670 -0.0826 71.3771 -0.1935 0.9983 67.7181 -0.0004 -0.0000 1.0000
0.6573 -0.0700 81.2816 -0.1974 1.0064 70.8106 -0.0004 -0.0000 1.0000
0.6023 -0.0681 103.9292 -0.2157 0.9756 84.4781 -0.0004 -0.0000 1.0000
0.6103 -0.0576 109.5289 -0.2052 0.9876 76.4132 -0.0004 -0.0000 1.0000
0.5709 -0.0603 128.1364 -0.2137 0.9700 80.4505 -0.0004 -0.0000 1.0000
0.5595 -0.0735 142.4045 -0.2114 0.9598 80.8885 -0.0004 -0.0000 1.0000
0.5222 -0.0575 155.6947 -0.2308 0.9501 91.6744 -0.0004 -0.0000 1.0000
0.5084 -0.0623 168.3506 -0.2273 0.9443 88.6363 -0.0004 -0.0000 1.0000
0.4921 -0.0524 175.2572 -0.2342 0.9400 92.4163 -0.0004 -0.0000 1.0000
0.4809 -0.0673 188.6864 -0.2345 0.9193 95.2990 -0.0004 -0.0000 1.0000
0.4815 -0.0598 192.9094 -0.2422 0.9298 98.1496 -0.0004 -0.0000 1.0000
0.4516 -0.0623 201.6617 -0.2465 0.9037 104.1595 -0.0005 -0.0000 1.0000
0.4715 -0.0458 198.7739 -0.2406 0.9462 96.8115 -0.0004 -0.0000 1.0000
0.4344 -0.0361 210.8131 -0.2454 0.9384 98.1956 -0.0005 0.0000 1.0000
0.4245 -0.0570 216.4764 -0.2515 0.9019 108.0202 -0.0005 -0.0000 1.0000
0.4258 -0.0312 216.6024 -0.2548 0.9411 105.1533 -0.0005 0.0000 1.0000
0.4060 -0.0402 226.0423 -0.2506 0.9231 103.8517 -0.0005 -0.0000 1.0000
0.4058 -0.0353 226.6531 -0.2604 0.9373 107.9647 -0.0005 0.0000 1.0000
0.4211 -0.0445 226.1993 -0.2539 0.9402 104.5864 -0.0005 -0.0000 1.0000
0.4097 -0.0438 228.8074 -0.2561 0.9292 107.4958 -0.0005 -0.0000 1.0000
0.3846 -0.0382 238.3150 -0.2670 0.9229 117.2818 -0.0005 -0.0000 1.0000
0.3675 -0.0426 247.0857 -0.2706 0.9143 122.6252 -0.0005 -0.0000 1.0000
0.3708 -0.0288 246.6404 -0.2717 0.9368 121.8273 -0.0005 0.0000 1.0000
0.3550 -0.0506 257.7219 -0.2665 0.9179 121.5174 -0.0005 -0.0000 1.0000
0.3606 -0.0332 253.1991 -0.2712 0.9276 125.8945 -0.0005 0.0000 1.0000
0.3704 -0.0363 254.8711 -0.2702 0.9387 125.7639 -0.0005 0.0000 1.0000
0.3509 -0.0566 262.4569 -0.2763 0.9065 133.0579 -0.0005 -0.0000 1.0000
0.3475 -0.0401 262.3381 -0.2778 0.9146 134.2038 -0.0005 -0.0000 1.0000
0.3315 -0.0650 272.2080 -0.2751 0.8939 132.5068 -0.0005 -0.0000 1.0000
0.3401 -0.0562 269.7488 -0.2746 0.9001 133.3912 -0.0005 -0.0000 1.0000
0.3380 -0.0464 270.6484 -0.2658 0.9057 128.3420 -0.0005 -0.0000 1.0000
0.3251 -0.0473 271.9953 -0.2768 0.8878 136.1073 -0.0005 -0.0000 1.0000
0.3425 -0.0531 271.6906 -0.2709 0.9125 130.7420 -0.0005 -0.0000 1.0000
0.3359 -0.0397 272.8247 -0.2732 0.9141 131.5669 -0.0005 -0.0000 1.0000
0.3277 -0.0565 272.2536 -0.2761 0.8826 135.3738 -0.0005 -0.0000 1.0000
0.3423 -0.0374 266.5864 -0.2724 0.9129 130.2479 -0.0005 -0.0000 1.0000
0.3478 -0.0343 262.4400 -0.2740 0.9226 128.6110 -0.0005 0.0000 1.0000
0.3510 -0.0327 258.8084 -0.2749 0.9182 130.7126 -0.0005 0.0000 1.0000
0.3646 -0.0511 256.8069 -0.2724 0.9046 130.6354 -0.0005 -0.0000 1.0000
0.3690 -0.0539 252.9720 -0.2635 0.9057 126.4095 -0.0005 -0.0000 1.0000
0.3803 -0.0406 244.3217 -0.2587 0.9162 125.2051 -0.0005 -0.0000 1.0000
0.3870 -0.0791 245.9001 -0.2582 0.8907 127.9548 -0.0005 -0.0001 1.0000
0.4307 -0.0533 220.8950 -0.2553 0.9301 123.8042 -0.0005 -0.0000 1.0000
0.4369 -0.0438 210.5811 -0.2477 0.9398 122.2987 -0.0005 -0.0000 1.0000
0.4228 -0.0495 207.3298 -0.2463 0.9063 127.1587 -0.0005 -0.0000 1.0000
0.4340 -0.0619 203.9559 -0.2479 0.9081 130.5540 -0.0005 -0.0000 1.0000
0.4764 -0.0760 188.8527 -0.2392 0.9265 122.8816 -0.0004 -0.0000 1.0000
0.4913 -0.0572 170.9298 -0.2464 0.9383 128.6217 -0.0004 -0.0000 1.0000
0.5212 -0.0443 154.3687 -0.2319 0.9629 119.2674 -0.0004 -0.0000 1.0000
0.5713 -0.0356 131.6238 -0.2201 0.9848 109.1028 -0.0004 -0.0000 1.0000
0.5785 -0.0430 125.6096 -0.2235 0.9823 107.9385 -0.0004 -0.0000 1.0000
0.6379 -0.0557 108.8091 -0.2109 1.0121 95.9077 -0.0004 -0.0000 1.0000
0.6399 -0.0556 103.0607 -0.2104 1.0121 94.4706 -0.0004 -0.0000 1.0000
0.6660 -0.0634 89.8167 -0.2031 0.9950 88.5917 -0.0003 -0.0001 1.0000
0.7163 -0.0533 71.6323 -0.1937 1.0232 78.2570 -0.0003 -0.0000 1.0000
0.7459 -0.0525 61.6557 -0.1906 1.0416 67.5810 -0.0003 -0.0000 1.0000
0.7749 -0.0566 57.3023 -0.1761 1.0283 59.6984 -0.0003 -0.0001 1.0000
0.8179 -0.0420 43.1617 -0.1775 1.0585 53.3247 -0.0003 -0.0000 1.0000
0.8810 -0.0355 26.6613 -0.1610 1.0831 35.5265 -0.0002 -0.0001 1.0000
0.8952 -0.0460 27.7287 -0.1455 1.0666 25.3991 -0.0002 -0.0001 1.0000
0.9646 -0.0337 15.1012 -0.1359 1.1119 14.0955 -0.0002 -0.0001 1.0000
1.0069 -0.0265 6.2751 -0.1231 1.1337 3.6835 -0.0002 -0.0001 1.0000
1.0125 -0.0165 10.0587 -0.1089 1.1337 1.2714 -0.0002 -0.0001 1.0000
1.0536 -0.0262 5.4931 -0.1026 1.1367 2.3599 -0.0001 -0.0001 1.0000
1.0839 -0.0109 -0.4069 -0.0902 1.1662 -1.0226 -0.0001 -0.0001 1.0000
1.1141 -0.0269 -2.8609 -0.0698 1.1602 -6.6218 -0.0001 -0.0001 1.0000
1.1036 -0.0167 1.3947 -0.0668 1.1662 -4.2557 -0.0001 -0.0001 1.0000
1.1373 -0.0139 -7.0675 -0.0469 1.1676 -2.1264 -0.0001 -0.0001 1.0000
1.1716 -0.0286 -14.6177 -0.0270 1.1648 -4.7986 -0.0000 -0.0001 1.0000
1.1872 -0.0296 -14.6327 -0.0181 1.1847 -3.5807 -0.0000 -0.0001 1.0000
1.1873 -0.0291 -21.8184 -0.0182 1.1842 3.6049 -0.0000 -0.0001 1.0000
1.2351 -0.0212 -40.5907 0.0225 1.1836 -8.6927 0.0000 -0.0001 1.0000
1.2683 -0.0123 -55.8864 0.0346 1.2163 -13.9056 0.0001 -0.0001 1.0000
1.2967 -0.0268 -61.9859 0.0784 1.2144 -30.6279 0.0001 -0.0001 1.0000
1.3600 -0.0058 -99.3887 0.0668 1.2695 -21.9712 0.0001 -0.0000 1.0000
1.3486 -0.0384 -94.1600 0.0826 1.2474 -22.8569 0.0002 -0.0001 1.0000
1.3315 -0.0420 -99.9349 0.0980 1.2343 -22.4637 0.0002 -0.0001 1.0000
1.3214 -0.0467 -109.3391 0.0870 1.2076 -12.0519 0.0002 -0.0001 1.0000
1.3975 -0.0280 -150.5791 0.1247 1.2559 -31.6390 0.0002 -0.0001 1.0000
1.4512 -0.0125 -175.7039 0.1527 1.3172 -50.8126 0.0003 -0.0001 1.0000
1.5262 -0.0228 -205.7446 0.1809 1.3294 -59.0687 0.0003 -0.0001 1.0000
1.5622 0.0044 -231.9180 0.1855 1.3875 -66.5096 0.0004 -0.0000 1.0000
1.5461 -0.0144 -226.7063 0.1922 1.3663 -66.1634 0.0004 -0.0001 1.0000
1.5629 -0.0004 -235.2963 0.2044 1.3882 -75.2979 0.0004 -0.0001 1.0000
1.6237 0.0056 -253.8036 0.2295 1.4169 -89.8962 0.0004 -0.0001 1.0000
1.6703 0.0328 -267.7135 0.2584 1.4612 -111.2362 0.0005 -0.0000 1.0000
1.6457 0.0172 -251.9671 0.2616 1.4293 -111.8669 0.0005 -0.0001 1.0000
1.6766 0.0355 -259.1603 0.2739 1.4702 -124.4937 0.0005 -0.0000 1.0000
1.6132 0.0088 -230.6975 0.2726 1.4042 -123.8229 0.0005 -0.0001 1.0000
1.6919 0.0411 -250.8494 0.3125 1.4700 -146.3523 0.0006 -0.0001 1.0000
1.7315 0.0604 -256.1940 0.3337 1.5036 -159.3315 0.0006 -0.0000 1.0000
1.7599 0.0727 -258.8045 0.3355 1.5185 -161.0530 0.0007 -0.0000 1.0000
1.8238 0.0914 -275.7826 0.3753 1.5584 -180.1100 0.0008 -0.0000 1.0000
1.7395 0.0508 -233.1994 0.3463 1.4918 -157.9059 0.0007 -0.0001 1.0000
1.7546 0.0680 -236.0335 0.3629 1.5114 -165.3143 0.0007 -0.0001 1.0000
1.7989 0.0772 -241.6427 0.3953 1.5574 -181.8090 0.0008 -0.0001 1.0000
1.7523 0.0855 -224.8635 0.3842 1.5408 -174.8573 0.0008 -0.0001 1.0000
1.8770 0.0927 -251.6829 0.4513 1.6097 -206.0275 0.0009 -0.0001 1.0000
1.7100 0.0822 -201.6662 0.3924 1.5219 -171.7792 0.0008 -0.0001 1.0000
1.7778 0.0714 -215.6191 0.4290 1.5686 -189.4201 0.0009 -0.0001 1.0000
1.8063 0.0771 -218.7471 0.4596 1.5826 -200.1234 0.0009 -0.0001 1.0000
1.8309 0.1430 -240.4211 0.4706 1.6731 -215.6772 0.0009 0.0000 1.0000
1.9875 0.1026 -276.5221 0.5438 1.6924 -236.0262 0.0011 -0.0000 1.0000
1.8590 0.0750 -241.1659 0.5098 1.6364 -225.4501 0.0010 -0.0001 1.0000
1.8226 0.0483 -231.9377 0.5157 1.5971 -225.9202 0.0010 -0.0001 1.0000
1.7945 0.0761 -231.0600 0.4950 1.6341 -221.9339 0.0009 -0.0000 1.0000
1.8760 0.0767 -257.9486 0.5552 1.6805 -251.6271 0.0010 -0.0000 1.0000
1.8861 0.0896 -271.7559 0.5436 1.7253 -253.4088 0.0010 0.0000 1.0000
1.9006 0.0373 -260.5947 0.5873 1.6834 -266.5016 0.0011 -0.0001 1.0000
1.7893 0.0264 -235.1534 0.5216 1.6203 -235.2476 0.0010 -0.0001 1.0000
1.8858 0.0156 -257.0167 0.5879 1.6668 -267.5827 0.0011 -0.0001 1.0000
1.9186 -0.0013 -260.7508 0.6015 1.6816 -271.6893 0.0011 -0.0001 1.0000
1.8775 0.0049 -246.1647 0.5856 1.6617 -267.3250 0.0010 -0.0001 1.0000
1.8627 -0.0058 -230.0261 0.5717 1.6466 -253.3368 0.0010 -0.0001 1.0000
1.7958 0.0009 -201.0745 0.5333 1.6204 -237.0045 0.0009 -0.0001 1.0000
1.9110 -0.0121 -219.1517 0.5953 1.6409 -254.5079 0.0010 -0.0001 1.0000
1.8514 0.0035 -202.8323 0.5539 1.6161 -240.2146 0.0009 -0.0001 1.0000
1.8960 0.0150 -205.7832 0.5612 1.6436 -243.3103 0.0009 -0.0001 1.0000
1.8412 -0.0004 -179.4297 0.5345 1.6207 -238.1987 0.0009 -0.0001 1.0000
1.9068 -0.0297 -169.5298 0.5501 1.6088 -236.1179 0.0009 -0.0001 1.0000
1.7818 -0.0319 -133.7724 0.4917 1.5425 -210.7296 0.0008 -0.0001 1.0000
1.7908 0.0177 -141.5846 0.4753 1.5813 -207.8635 0.0008 -0.0000 1.0000
1.6760 -0.0397 -99.0554 0.4477 1.4766 -193.6256 0.0007 -0.0001 1.0000
1.8022 -0.0247 -140.0753 0.4760 1.5429 -210.3735 0.0008 -0.0001 1.0000
1.6971 -0.0417 -114.7363 0.4258 1.4772 -184.7931 0.0007 -0.0001 1.0000
1.7585 -0.0461 -140.1592 0.4407 1.4988 -195.4295 0.0007 -0.0001 1.0000
1.6627 -0.0677 -122.1859 0.4114 1.4397 -181.2414 0.0006 -0.0001 1.0000
1.6751 -0.0368 -142.8695 0.4029 1.4773 -182.9549 0.0006 -0.0000 1.0000
1.5957 -0.0826 -129.0128 0.3611 1.4015 -160.4061 0.0005 -0.0001 1.0000
1.7087 -0.1068 -166.7567 0.4053 1.4486 -177.2253 0.0006 -0.0001 1.0000
1.7009 -0.0764 -186.6271 0.3896 1.4727 -175.1525 0.0006 -0.0001 1.0000
1.6144 -0.0770 -177.6633 0.3499 1.4382 -158.5521 0.0005 -0.0000 1.0000
1.5646 -0.1257 -167.2687 0.3286 1.3590 -136.1649 0.0004 -0.0001 1.0000
1.6071 -0.1105 -198.1495 0.3400 1.3959 -143.7664 0.0005 -0.0001 1.0000
1.5987 -0.1146 -204.4605 0.3195 1.3738 -129.0700 0.0005 -0.0001 1.0000
1.5577 -0.1144 -202.4964 0.3072 1.3440 -124.5842 0.0004 -0.0001 1.0000
1.4606 -0.1268 -176.1822 0.2634 1.3070 -104.7794 0.0003 -0.0001 1.0000
1.4771 -0.1222 -186.7013 0.2747 1.2928 -103.4412 0.0003 -0.0001 1.0000
1.4440 -0.1234 -175.7687 0.2661 1.2948 -105.1639 0.0003 -0.0001 1.0000
1.4740 -0.1263 -185.7943 0.2634 1.2971 -100.2348 0.0003 -0.0001 1.0000
1.4613 -0.1194 -185.7823 0.2445 1.2986 -96.1264 0.0003 -0.0001 1.0000
1.3620 -0.1243 -156.5176 0.2003 1.2344 -71.5060 0.0002 -0.0001 1.0000
1.3636 -0.1162 -156.8552 0.2049 1.2379 -73.7770 0.0002 -0.0001 1.0000
1.4192 -0.1027 -177.9885 0.2103 1.2767 -80.3043 0.0003 -0.0001 1.0000
1.3495 -0.1227 -150.2423 0.1898 1.2267 -69.5204 0.0002 -0.0001 1.0000
1.4124 -0.0916 -178.0515 0.1954 1.2770 -77.7321 0.0002 -0.0000 1.0000
1.3844 -0.1083 -162.4489 0.1827 1.2524 -74.3709 0.0002 -0.0001 1.0000
1.4226 -0.0944 -177.8096 0.1816 1.2772 -80.8715 0.0002 -0.0001 1.0000
1.3492 -0.0942 -155.9124 0.1414 1.2461 -67.2626 0.0001 -0.0001 1.0000
1.4112 -0.1063 -172.5928 0.1664 1.2781 -87.7062 0.0002 -0.0001 1.0000
1.4825 -0.1011 -189.1812 0.1839 1.3274 -104.3608 0.0002 -0.0001 1.0000
1.4449 -0.0930 -180.6482 0.1558 1.3149 -95.6663 0.0002 -0.0001 1.0000
1.4506 -0.0867 -191.0486 0.1459 1.3214 -97.0548 0.0002 -0.0001 1.0000
1.4820 -0.0818 -203.2351 0.1479 1.3508 -107.0889 0.0002 -0.0001 1.0000
1.4637 -0.0940 -196.6828 0.1323 1.3437 -101.6484 0.0002 -0.0001 1.0000
1.4159 -0.0898 -189.7310 0.1168 1.3209 -95.0733 0.0001 -0.0001 1.0000
1.4251 -0.0946 -193.2016 0.1089 1.3293 -93.5517 0.0001 -0.0001 1.0000
1.4845 -0.0922 -216.7958 0.1175 1.3660 -101.8029 0.0001 -0.0001 1.0000
1.4680 -0.1033 -212.0875 0.1026 1.3591 -95.0233 0.0001 -0.0001 1.0000
1.4688 -0.0988 -214.9957 0.1060 1.3668 -100.4275 0.0001 -0.0001 1.0000
1.4793 -0.1001 -221.8727 0.1133 1.3704 -106.6216 0.0001 -0.0001 1.0000
1.4688 -0.1116 -215.5518 0.0994 1.3636 -104.2715 0.0001 -0.0001 1.0000
1.5154 -0.0747 -240.7355 0.0980 1.4157 -111.0846 0.0001 -0.0001 1.0000
1.4826 -0.1148 -223.6334 0.0882 1.3586 -101.1558 0.0001 -0.0002 1.0000
1.5142 -0.1078 -235.9455 0.0903 1.3958 -109.1107 0.0001 -0.0001 1.0000
1.5240 -0.1036 -238.6703 0.0862 1.4076 -113.5838 0.0001 -0.0001 1.0000
1.5258 -0.1182 -239.2498 0.0862 1.3985 -113.9918 0.0001 -0.0002 1.0000
1.5011 -0.1210 -226.2018 0.0830 1.3828 -117.3635 0.0001 -0.0002 1.0000
1.5649 -0.1123 -253.2278 0.0798 1.4268 -123.8061 0.0001 -0.0002 1.0000
1.5058 -0.0913 -237.5155 0.0664 1.4130 -118.4948 0.0001 -0.0001 1.0000
1.5672 -0.1031 -249.8222 0.0860 1.4348 -131.6926 0.0001 -0.0002 1.0000
1.5349 -0.1138 -234.8121 0.0759 1.4056 -123.4664 0.0001 -0.0002 1.0000
1.5525 -0.0864 -243.2163 0.0624 1.4381 -119.3093 0.0001 -0.0001 1.0000
1.5206 -0.0877 -224.8669 0.0688 1.4102 -116.8216 0.0001 -0.0001 1.0000
1.4828 -0.0793 -212.6124 0.0450 1.3893 -97.2230 0.0001 -0.0001 1.0000
1.4553 -0.0999 -195.7574 0.0437 1.3628 -93.8257 0.0001 -0.0002 1.0000
1.4197 -0.0928 -177.9984 0.0376 1.3393 -86.1741 0.0001 -0.0001 1.0000
1.4244 -0.0790 -177.9898 0.0353 1.3423 -83.6078 0.0001 -0.0001 1.0000
1.3559 -0.0859 -149.6188 0.0315 1.2702 -66.7739 0.0000 -0.0001 1.0000
1.3483 -0.0551 -147.6628 0.0214 1.2822 -58.2671 0.0000 -0.0001 1.0000
1.3112 -0.0651 -129.4207 0.0203 1.2576 -50.7056 0.0000 -0.0001 1.0000
1.2533 -0.0580 -109.9257 0.0117 1.2040 -33.3525 0.0000 -0.0001 1.0000
1.2691 -0.0460 -104.5431 0.0193 1.2274 -34.2374 0.0000 -0.0001 1.0000
1.2247 -0.0361 -89.2805 0.0176 1.1880 -24.6248 0.0000 -0.0001 1.0000
1.1710 -0.0147 -70.5752 0.0124 1.1694 -16.9883 -0.0000 -0.0000 1.0000
1.1615 -0.0206 -59.4726 0.0113 1.1404 -6.0661 0.0000 -0.0000 1.0000
1.1014 -0.0211 -38.2584 -0.0038 1.1027 8.5496 -0.0000 -0.0000 1.0000
1.0702 -0.0165 -22.9250 -0.0079 1.0870 16.4595 -0.0000 -0.0000 1.0000
1.0499 -0.0164 -12.5323 -0.0051 1.0684 20.7241 -0.0000 -0.0000 1.0000
1.0952 -0.0059 -21.5648 0.0055 1.0743 25.0839 0.0000 -0.0000 1.0000
0.9959 0.0116 7.1358 -0.0094 1.0448 37.8479 -0.0000 0.0000 1.0000
1.0172 0.0113 4.9505 -0.0120 1.0247 50.4907 0.0000 0.0000 1.0000
0.9418 -0.0109 37.3251 -0.0155 0.9738 59.4754 -0.0000 -0.0000 1.0000
0.8993 0.0181 49.9228 -0.0274 0.9777 69.4340 -0.0001 0.0000 1.0000
0.9316 0.0005 52.0597 -0.0061 0.9580 72.7747 -0.0000 0.0000 1.0000
0.9306 0.0262 57.0529 -0.0058 0.9763 74.2518 -0.0000 0.0000 1.0000
0.9019 0.0171 73.1079 -0.0072 0.9361 85.0110 -0.0000 0.0000 1.0000
0.9023 0.0195 81.8729 -0.0058 0.9388 89.4876 -0.0000 0.0000 1.0000
0.8464 0.0463 99.6725 -0.0285 0.9197 104.9449 -0.0001 0.0001 1.0000
0.8178 0.0250 122.3066 -0.0249 0.8872 108.1504 -0.0001 0.0000 1.0000
0.8783 0.0291 115.0201 0.0012 0.8897 106.8248 0.0000 0.0000 1.0000
0.8592 0.0361 127.8270 -0.0045 0.8839 109.3835 0.0000 0.0001 1.0000
0.8070 0.0534 145.5096 -0.0122 0.8701 111.5230 -0.0000 0.0001 1.0000
0.8346 0.0280 154.2337 -0.0035 0.8529 113.1766 0.0000 0.0000 1.0000
0.7917 0.0570 162.2528 -0.0133 0.8457 115.1441 -0.0000 0.0001 1.0000
0.7930 0.0441 174.4173 -0.0097 0.8422 115.3725 -0.0000 0.0001 1.0000
0.8094 0.0731 173.1460 0.0015 0.8501 112.8536 0.0000 0.0001 1.0000
0.7349 0.0663 199.2346 -0.0200 0.8182 120.5386 -0.0000 0.0001 1.0000
0.7829 0.0614 198.1618 0.0061 0.8163 114.3577 0.0000 0.0001 1.0000
0.7507 0.0804 205.2028 -0.0148 0.8131 122.1816 -0.0000 0.0001 1.0000
0.7303 0.0667 215.9738 -0.0140 0.7912 123.4496 -0.0000 0.0001 1.0000
0.7336 0.0583 220.9950 -0.0028 0.7852 119.6823 -0.0000 0.0001 1.0000
0.7621 0.0778 211.9378 -0.0057 0.7908 123.8730 0.0000 0.0001 1.0000
0.7094 0.0787 227.8785 -0.0060 0.7622 123.4672 -0.0000 0.0001 1.0000
0.7579 0.1070 216.2393 0.0049 0.7998 117.4734 0.0000 0.0001 1.0000
0.7004 0.0793 240.8568 -0.0040 0.7585 121.4018 -0.0000 0.0001 1.0000
0.6586 0.0938 246.0811 -0.0169 0.7468 126.1550 -0.0000 0.0001 1.0000
0.6071 0.0910 259.8764 -0.0379 0.7177 134.6445 -0.0001 0.0001 1.0000
0.6866 0.0940 246.6345 -0.0121 0.7377 126.1024 -0.0000 0.0001 1.0000
0.6591 0.0835 258.5945 -0.0039 0.7227 116.1604 -0.0000 0.0001 1.0000
0.6707 0.1088 252.1873 -0.0067 0.7350 118.7173 -0.0000 0.0002 1.0000
0.7457 0.0620 244.7249 0.0245 0.7387 105.9674 0.0001 0.0001 1.0000
0.6903 0.0897 249.4948 0.0065 0.7231 112.4610 0.0000 0.0001 1.0000
0.6839 0.1605 242.6798 -0.0087 0.7709 115.9909 -0.0000 0.0002 1.0000
0.6345 0.1270 257.4837 -0.0191 0.7369 120.4393 -0.0000 0.0002 1.0000
0.6967 0.1127 244.8432 0.0019 0.7330 116.4039 0.0000 0.0002 1.0000
0.6592 0.1425 243.2563 -0.0148 0.7560 117.2726 -0.0000 0.0002 1.0000
0.6829 0.1322 239.7608 -0.0024 0.7508 116.4570 0.0000 0.0002 1.0000
0.6249 0.0849 251.5304 -0.0077 0.6879 121.2069 -0.0000 0.0001 1.0000
0.6456 0.0740 251.1734 -0.0026 0.6999 116.7286 -0.0000 0.0001 1.0000
0.6758 0.0860 237.5693 0.0097 0.7106 111.3708 0.0000 0.0001 1.0000
0.6623 0.1173 236.2963 -0.0091 0.7304 116.8867 -0.0000 0.0002 1.0000
0.6899 0.0852 232.7964 0.0125 0.7245 105.4971 0.0000 0.0001 1.0000
0.6742 0.1182 229.0448 0.0012 0.7485 104.7144 0.0000 0.0002 1.0000
0.6413 0.0601 237.9882 -0.0102 0.6841 111.9849 -0.0000 0.0001 1.0000
0.6774 0.0861 222.4156 -0.0001 0.7117 105.4639 0.0000 0.0001 1.0000
0.6743 0.0838 220.8851 0.0002 0.7177 101.6397 0.0000 0.0001 1.0000
0.7011 0.0748 212.8122 0.0047 0.7205 99.6111 0.0000 0.0001 1.0000
0.6545 0.0826 218.3843 -0.0037 0.7224 94.9754 -0.0000 0.0001 1.0000
0.7059 0.0748 206.8973 0.0122 0.7353 86.1650 0.0000 0.0001 1.0000
0.7495 0.1037 186.0447 0.0175 0.7725 78.9073 0.0001 0.0001 1.0000
0.6808 0.0801 199.3957 0.0007 0.7386 84.2211 -0.0000 0.0001 1.0000
0.7117 0.0734 190.1096 -0.0042 0.7443 86.8905 0.0000 0.0001 1.0000
0.7173 0.0725 184.5001 0.0017 0.7610 80.7989 0.0000 0.0001 1.0000
0.7115 0.0677 178.6053 0.0015 0.7533 75.8411 -0.0000 0.0001 1.0000
0.7187 0.0786 176.2230 0.0024 0.7819 72.4566 -0.0000 0.0001 1.0000
0.7218 0.0787 173.5650 -0.0012 0.7824 78.0507 -0.0000 0.0001 1.0000
0.7361 0.0593 168.6249 0.0075 0.7674 75.0658 -0.0000 0.0001 1.0000
0.8042 0.0439 160.5462 0.0225 0.8035 67.5579 0.0001 0.0001 1.0000
0.7810 0.0927 149.6260 0.0060 0.8365 70.0258 0.0000 0.0002 1.0000
0.7415 0.0630 159.3590 -0.0033 0.8050 74.0455 -0.0000 0.0001 1.0000
0.8214 0.0765 141.6510 0.0047 0.8564 70.7010 0.0000 0.0001 1.0000
0.8300 0.0739 137.4813 0.0177 0.8626 61.6366 0.0000 0.0001 1.0000
0.8306 0.0868 134.5341 0.0059 0.8891 63.5709 0.0000 0.0001 1.0000
0.8562 0.0596 134.6033 0.0163 0.8798 60.1042 0.0000 0.0001 1.0000
0.7731 0.0200 156.3510 -0.0034 0.8242 69.9316 -0.0000 0.0000 1.0000
0.7961 0.0578 144.7177 -0.0127 0.8673 70.4493 -0.0000 0.0001 1.0000
0.7740 0.0486 149.8415 -0.0159 0.8495 72.2383 -0.0001 0.0001 1.0000
0.8588 0.0294 135.5387 0.0060 0.8842 59.3588 0.0000 0.0001 1.0000
0.8401 0.0226 139.5714 -0.0054 0.8810 59.0507 -0.0000 0.0001 1.0000
0.8773 0.0283 127.2927 0.0087 0.9002 49.8775 0.0000 0.0001 1.0000
0.8529 0.0441 129.4753 -0.0068 0.9124 50.7706 -0.0000 0.0001 1.0000
0.8977 0.0316 118.0344 -0.0060 0.9248 47.2475 -0.0000 0.0001 1.0000
0.8669 0.0324 125.3618 -0.0147 0.9265 40.6485 -0.0000 0.0001 1.0000
0.8724 0.0144 126.0899 -0.0100 0.9163 35.6305 -0.0000 0.0000 1.0000
0.8639 0.0049 130.0388 -0.0114 0.9197 30.3924 -0.0001 0.0000 1.0000
0.9308 0.0263 111.8608 -0.0060 0.9720 16.9525 -0.0000 0.0000 1.0000
0.9432 0.0250 109.3987 -0.0063 0.9858 12.1305 -0.0000 0.0001 1.0000
0.8962 -0.0020 124.4667 -0.0214 0.9592 13.9482 -0.0001 0.0000 1.0000
0.9290 -0.0201 120.6683 -0.0155 0.9575 9.6608 -0.0001 -0.0000 1.0000
0.9438 -0.0072 114.6035 -0.0157 0.9885 1.4189 -0.0001 0.0000 1.0000
0.9677 0.0098 103.7651 -0.0253 1.0166 -1.4615 -0.0001 0.0000 1.0000
0.9658 -0.0146 106.3642 -0.0116 1.0051 -8.5138 -0.0001 -0.0000 1.0000
1.0041 -0.0246 97.8779 -0.0198 1.0375 -10.7032 -0.0001 -0.0000 1.0000
1.0217 -0.0367 94.7016 -0.0088 1.0464 -23.1689 -0.0001 -0.0000 1.0000
1.1202 0.0036 56.7457 0.0031 1.1278 -37.3453 -0.0000 -0.0000 1.0000
1.0999 -0.0137 67.3027 -0.0053 1.1200 -37.2052 -0.0000 -0.0000 1.0000
1.1096 -0.0341 68.0744 -0.0088 1.1144 -34.0403 -0.0000 -0.0000 1.0000
1.1378 0.0022 48.1911 -0.0114 1.1549 -39.5426 -0.0000 -0.0000 1.0000
1.1481 -0.0212 50.7856 -0.0008 1.1632 -46.1274 -0.0000 -0.0000 1.0000
1.1860 -0.0843 52.7363 0.0116 1.1390 -47.4016 -0.0000 -0.0001 1.0000
1.2061 -0.0146 32.9803 -0.0019 1.2126 -58.8470 -0.0000 -0.0000 1.0000
1.1791 -0.0554 39.8567 -0.0209 1.1796 -44.8252 -0.0001 -0.0001 1.0000
1.1830 -0.0510 30.2196 -0.0009 1.1849 -61.6409 -0.0001 -0.0001 1.0000
1.2652 -0.0209 5.6224 0.0109 1.2667 -81.7203 -0.0000 -0.0001 1.0000
1.2131 -0.0512 14.5285 -0.0065 1.2146 -67.6609 -0.0001 -0.0001 1.0000
1.2498 -0.0740 9.7213 -0.0073 1.2291 -74.2556 -0.0000 -0.0001 1.0000
1.2643 -0.0639 -0.5514 -0.0103 1.2564 -82.4157 -0.0001 -0.0001 1.0000
1.3132 -0.0263 -24.1906 0.0085 1.3084 -102.2335 -0.0000 -0.0001 1.0000
1.2651 -0.0624 -5.4357 -0.0066 1.2681 -91.0780 -0.0001 -0.0001 1.0000
1.3215 -0.0671 -18.4588 0.0092 1.3032 -106.1317 -0.0000 -0.0001 1.0000
1.3175 -0.0728 -20.1027 0.0054 1.2877 -102.9020 -0.0000 -0.0001 1.0000
1.3353 -0.0673 -29.0988 0.0161 1.2986 -110.9093 -0.0000 -0.0001 1.0000
1.3123 -0.0569 -24.9737 0.0019 1.3114 -104.9551 -0.0000 -0.0001 1.0000
1.3443 -0.0607 -36.9763 0.0167 1.3200 -112.4227 -0.0000 -0.0001 1.0000
1.3221 -0.0791 -30.8230 0.0052 1.2975 -104.5066 -0.0000 -0.0001 1.0000
1.3324 -0.1163 -22.1680 0.0028 1.2853 -97.5538 -0.0000 -0.0002 1.0000
1.3399 -0.1145 -31.8171 0.0092 1.2937 -106.7307 -0.0000 -0.0002 1.0000
1.3556 -0.0949 -40.2053 0.0200 1.3107 -111.3134 -0.0000 -0.0002 1.0000
1.3129 -0.0802 -32.7173 -0.0055 1.3051 -97.8299 -0.0001 -0.0001 1.0000
1.3456 -0.1104 -39.3821 0.0123 1.2864 -101.4625 -0.0000 -0.0002 1.0000
1.3681 -0.0858 -51.6175 0.0068 1.3343 -102.5274 -0.0000 -0.0001 1.0000
1.3631 -0.1012 -48.5149 0.0128 1.3069 -102.7007 -0.0000 -0.0002 1.0000
1.3414 -0.1121 -38.2988 0.0124 1.3101 -103.3196 -0.0000 -0.0002 1.0000
1.4132 -0.1042 -64.7485 0.0193 1.3471 -108.1324 0.0000 -0.0002 1.0000
1.3625 -0.1208 -44.6748 0.0201 1.3144 -105.0184 -0.0000 -0.0002 1.0000
1.3913 -0.1223 -53.5338 0.0185 1.3276 -107.0528 0.0000 -0.0002 1.0000
1.3825 -0.1199 -55.2634 0.0211 1.3282 -109.7982 -0.0000 -0.0002 1.0000
1.3923 -0.0945 -65.9046 0.0178 1.3412 -110.1744 -0.0000 -0.0002 1.0000
1.3975 -0.1192 -59.9378 0.0246 1.3228 -111.6329 -0.0000 -0.0002 1.0000
1.3933 -0.1031 -64.8317 0.0213 1.3248 -109.2860 -0.0000 -0.0002 1.0000
1.4192 -0.1153 -68.2365 0.0257 1.3408 -115.5118 0.0000 -0.0002 1.0000
1.4087 -0.1039 -68.5930 0.0113 1.3341 -105.3616 -0.0000 -0.0002 1.0000
1.4088 -0.0951 -71.3274 0.0179 1.3380 -109.7401 -0.0000 -0.0002 1.0000
1.3942 -0.1011 -63.3969 0.0178 1.3408 -111.6072 -0.0000 -0.0002 1.0000
1.3973 -0.1070 -65.5090 0.0212 1.3380 -115.3275 -0.0000 -0.0002 1.0000
1.3938 -0.0981 -67.2509 0.0176 1.3406 -115.8373 -0.0000 -0.0002 1.0000
1.4657 -0.0726 -95.5969 0.0308 1.3940 -126.5534 0.0000 -0.0001 1.0000
