468.586522 289.817804 681.831115 276.639767 673.445092 355.707987 459.002496 364.094010 
468.280980 288.396254 679.923631 273.871758 675.773775 353.756484 461.018732 363.093660 
468.280980 290.471182 678.886167 273.871758 673.698847 349.606628 458.943804 366.206052 
468.280980 288.396254 675.773775 270.759366 673.698847 351.681556 458.943804 363.093660 
463.093660 289.433718 672.661383 269.721902 670.586455 347.531700 454.793948 366.206052 
461.018732 289.433718 672.661383 268.684438 671.623919 347.531700 455.831412 364.131124 
463.093660 288.396254 673.698847 265.572046 669.548991 347.531700 454.793948 363.093660 
457.906340 287.358790 669.548991 265.572046 668.511527 344.419308 451.681556 364.131124 
461.018732 282.171470 668.511527 264.534582 667.474063 344.419308 452.719020 358.943804 
457.906340 285.283862 667.474063 262.459654 664.361671 343.381844 451.681556 358.943804 
454.793948 281.134006 667.474063 259.347262 664.361671 342.344380 450.644092 354.793948 
452.719020 284.246398 664.361671 256.234870 663.324207 337.157061 445.456772 358.943804 
448.569164 281.134006 660.211816 255.197406 659.174352 339.231988 446.494236 354.793948 
450.664752 280.511672 661.828105 253.584801 659.174352 336.119597 444.419308 354.793948 
446.494236 278.021614 659.174352 251.047550 657.099424 333.007205 445.456772 356.868876 
445.456772 278.021614 656.061960 250.010086 655.024496 334.044669 440.269452 353.756484 
442.344380 278.021614 653.987032 245.860231 653.987032 329.894813 442.344380 353.756484 
439.231988 278.021614 651.912104 242.747839 652.949568 329.894813 436.119597 353.756484 
442.344380 278.021614 650.874640 243.785303 649.837176 325.744957 438.194524 351.681556 
440.269452 274.909222 648.799712 240.672911 646.724784 323.670029 435.082133 351.681556 
435.082133 274.909222 646.724784 240.672911 645.687320 321.595101 433.007205 351.681556 
431.969741 274.909222 645.687320 237.560519 643.612392 323.670029 430.932277 354.793948 
431.969741 271.796830 641.537464 236.523055 643.612392 321.595101 430.932277 351.681556 
428.857349 279.059078 642.574928 237.560519 642.574928 319.520173 425.744957 351.681556 
428.475800 272.732574 640.500000 234.448127 638.930551 320.279758 425.744957 351.681556 
426.782421 275.946686 637.387608 231.335735 638.425072 319.520173 423.670029 353.756484 
423.670029 274.909222 634.275216 232.373199 634.275216 315.370317 422.632565 351.681556 
419.520173 278.021614 631.162824 232.373199 632.200288 314.332853 418.482709 356.868876 
418.482709 278.021614 629.087896 231.335735 629.087896 315.370317 415.370317 351.681556 
417.445245 273.871758 627.012968 228.223343 628.050432 310.182997 417.445245 351.681556 
415.370317 274.909222 624.938040 227.185879 627.012968 312.257925 414.332853 351.681556 
413.295389 273.871758 624.938040 223.036023 623.900576 311.220461 411.220461 349.606628 
413.295389 273.871758 622.863112 221.998559 627.012968 308.108069 413.295389 349.606628 
412.257925 273.871758 620.788184 224.073487 623.900576 308.108069 407.070605 351.681556 
410.182997 268.684438 617.675793 221.998559 621.825648 304.995677 412.257925 347.531700 
413.295389 268.684438 619.750720 214.736311 623.900576 306.033141 412.257925 347.531700 
408.108069 270.759366 619.750720 215.773775 621.825648 303.958213 409.145533 347.531700 
410.182997 266.609510 621.825648 215.773775 624.938040 299.808357 413.295389 345.456772 
415.370317 268.684438 623.900576 212.661383 625.975504 301.883285 416.407781 347.531700 
418.482709 266.609510 623.900576 210.586455 628.050432 303.958213 415.370317 349.606628 
421.595101 265.572046 627.012968 212.661383 630.125360 299.808357 419.520173 347.531700 
424.707493 268.684438 633.237752 208.511527 635.312680 297.733429 419.520173 349.606628 
427.819885 266.609510 631.162824 208.511527 638.425072 295.658501 427.819885 345.456772 
428.857349 268.684438 636.350144 210.586455 640.500000 292.546110 433.007205 345.456772 
434.044669 268.684438 637.387608 206.436599 643.612392 297.733429 435.082133 347.531700 
441.306916 264.534582 642.574928 204.361671 649.837176 291.508646 444.419308 345.456772 
447.531700 264.534582 647.762248 204.361671 649.837176 292.546110 445.456772 345.456772 
457.906340 260.384726 647.762248 203.324207 656.061960 289.433718 452.719020 345.456772 
0.000000 0.000000 0.000000 0.000000 0.000000 0.000000 0.000000 0.000000 
0.000000 0.000000 0.000000 0.000000 0.000000 0.000000 0.000000 0.000000 
0.000000 0.000000 0.000000 0.000000 0.000000 0.000000 0.000000 0.000000 
0.000000 0.000000 0.000000 0.000000 0.000000 0.000000 0.000000 0.000000 
0.000000 0.000000 0.000000 0.000000 0.000000 0.000000 0.000000 0.000000 
0.000000 0.000000 0.000000 0.000000 0.000000 0.000000 0.000000 0.000000 
0.000000 0.000000 0.000000 0.000000 0.000000 0.000000 0.000000 0.000000 
0.000000 0.000000 0.000000 0.000000 0.000000 0.000000 0.000000 0.000000 
0.000000 0.000000 0.000000 0.000000 0.000000 0.000000 0.000000 0.000000 
0.000000 0.000000 0.000000 0.000000 0.000000 0.000000 0.000000 0.000000 
0.000000 0.000000 0.000000 0.000000 0.000000 0.000000 0.000000 0.000000 
0.000000 0.000000 0.000000 0.000000 0.000000 0.000000 0.000000 0.000000 
0.000000 0.000000 0.000000 0.000000 0.000000 0.000000 0.000000 0.000000 
0.000000 0.000000 0.000000 0.000000 0.000000 0.000000 0.000000 0.000000 
0.000000 0.000000 0.000000 0.000000 0.000000 0.000000 0.000000 0.000000 
0.000000 0.000000 0.000000 0.000000 0.000000 0.000000 0.000000 0.000000 
0.000000 0.000000 0.000000 0.000000 0.000000 0.000000 0.000000 0.000000 
0.000000 0.000000 0.000000 0.000000 0.000000 0.000000 0.000000 0.000000 
0.000000 0.000000 0.000000 0.000000 0.000000 0.000000 0.000000 0.000000 
0.000000 0.000000 0.000000 0.000000 0.000000 0.000000 0.000000 0.000000 
0.000000 0.000000 0.000000 0.000000 0.000000 0.000000 0.000000 0.000000 
0.000000 0.000000 0.000000 0.000000 0.000000 0.000000 0.000000 0.000000 
0.000000 0.000000 0.000000 0.000000 0.000000 0.000000 0.000000 0.000000 
0.000000 0.000000 0.000000 0.000000 0.000000 0.000000 0.000000 0.000000 
0.000000 0.000000 0.000000 0.000000 0.000000 0.000000 0.000000 0.000000 
0.000000 0.000000 0.000000 0.000000 0.000000 0.000000 0.000000 0.000000 
0.000000 0.000000 0.000000 0.000000 0.000000 0.000000 0.000000 0.000000 
0.000000 0.000000 0.000000 0.000000 0.000000 0.000000 0.000000 0.000000 
0.000000 0.000000 0.000000 0.000000 0.000000 0.000000 0.000000 0.000000 
0.000000 0.000000 0.000000 0.000000 0.000000 0.000000 0.000000 0.000000 
0.000000 0.000000 0.000000 0.000000 0.000000 0.000000 0.000000 0.000000 
0.000000 0.000000 0.000000 0.000000 0.000000 0.000000 0.000000 0.000000 
0.000000 0.000000 0.000000 0.000000 0.000000 0.000000 0.000000 0.000000 
0.000000 0.000000 0.000000 0.000000 0.000000 0.000000 0.000000 0.000000 
0.000000 0.000000 0.000000 0.000000 0.000000 0.000000 0.000000 0.000000 
0.000000 0.000000 0.000000 0.000000 0.000000 0.000000 0.000000 0.000000 
0.000000 0.000000 0.000000 0.000000 0.000000 0.000000 0.000000 0.000000 
0.000000 0.000000 0.000000 0.000000 0.000000 0.000000 0.000000 0.000000 
0.000000 0.000000 0.000000 0.000000 0.000000 0.000000 0.000000 0.000000 
0.000000 0.000000 0.000000 0.000000 0.000000 0.000000 0.000000 0.000000 
513.929395 251.047550 657.099424 171.162824 667.474063 250.010086 523.266571 322.632565 
513.929395 250.010086 648.799712 169.087896 661.249280 250.010086 520.154179 323.670029 
511.854467 242.747839 649.837176 168.050432 657.099424 251.047550 517.041787 320.557637 
504.592219 250.010086 641.537464 169.087896 655.024496 252.085014 511.854467 321.595101 
504.592219 245.860231 636.350144 171.162824 647.762248 252.085014 508.742075 322.632565 
499.404899 250.010086 637.387608 169.087896 643.612392 257.272334 504.592219 323.670029 
494.217579 252.085014 631.162824 172.200288 641.537464 259.347262 501.479827 326.782421 
490.067723 251.047550 622.863112 173.237752 634.275216 260.384726 496.292507 325.744957 
483.842939 252.085014 622.863112 171.162824 632.200288 257.272334 492.142651 325.744957 
479.693084 251.047550 614.563401 176.350144 627.012968 262.459654 485.917867 324.707493 
477.618156 251.047550 613.525937 173.237752 622.863112 261.422190 483.842939 325.744957 
471.393372 250.010086 610.413545 175.312680 612.488473 259.347262 477.618156 323.670029 
469.318444 253.122478 606.263689 175.312680 611.451009 261.422190 472.430836 325.744957 
467.243516 246.897695 604.188761 172.200288 611.451009 259.347262 472.430836 325.744957 
463.093660 247.935159 601.076369 168.050432 607.301153 256.234870 468.280980 323.670029 
465.168588 251.047550 601.076369 171.162824 606.263689 259.347262 468.280980 320.557637 
463.093660 247.935159 597.963977 171.162824 605.226225 260.384726 466.206052 322.632565 
463.093660 241.710375 599.001441 167.012968 601.076369 260.384726 459.981268 321.595101 
455.831412 245.860231 594.851585 168.050432 600.038905 255.197406 456.868876 322.632565 
453.756484 243.785303 595.889049 167.012968 597.963977 255.197406 453.756484 321.595101 
451.681556 243.785303 591.739193 168.050432 592.776657 259.347262 453.756484 320.557637 
450.644092 240.672911 590.701729 162.863112 588.626801 256.234870 446.494236 322.632565 
445.456772 243.785303 588.626801 169.087896 587.589337 259.347262 446.494236 320.557637 
445.456772 240.672911 585.514409 167.012968 585.514409 260.384726 445.456772 322.632565 
444.419308 243.785303 585.514409 171.162824 587.589337 260.384726 442.344380 323.670029 
442.344380 243.785303 583.439481 171.162824 582.402017 259.347262 438.194524 323.670029 
442.344380 243.785303 584.476945 169.087896 582.402017 262.459654 437.157061 327.819885 
439.231988 245.860231 580.327089 168.050432 582.402017 261.422190 436.119597 324.707493 
435.082133 242.747839 583.439481 167.012968 578.252161 261.422190 434.044669 325.744957 
434.044669 241.710375 578.252161 165.975504 578.252161 255.197406 428.857349 327.819885 
429.894813 241.710375 575.139769 157.675793 575.139769 257.272334 428.857349 323.670029 
428.857349 242.747839 572.027378 157.675793 566.840058 259.347262 425.744957 326.782421 
421.595101 240.672911 569.952450 159.750720 566.840058 255.197406 419.520173 325.744957 
423.670029 240.672911 565.802594 157.675793 560.615274 255.197406 417.445245 323.670029 
416.407781 242.747839 557.502882 156.638329 554.390490 255.197406 417.445245 324.707493 
414.332853 241.710375 556.465418 154.563401 551.278098 256.234870 411.220461 326.782421 
410.182997 240.672911 552.315562 153.525937 551.278098 253.122478 409.145533 325.744957 
407.070605 247.935159 547.128242 158.713256 546.090778 253.122478 409.145533 325.744957 
403.958213 250.010086 544.015850 156.638329 545.053314 253.122478 399.808357 331.969741 
401.883285 250.010086 536.753602 152.488473 538.828530 253.122478 399.808357 337.157061 
397.733429 252.085014 534.678674 157.675793 535.716138 261.422190 393.583573 339.231988 
395.658501 251.047550 531.566282 156.638329 529.491354 256.234870 393.583573 340.269452 
390.471182 256.234870 525.341499 152.488473 525.341499 253.122478 387.358790 341.306916 
386.321326 259.347262 519.116715 154.563401 523.266571 259.347262 384.246398 344.419308 
381.134006 260.384726 518.079251 154.563401 518.079251 260.384726 376.984150 347.531700 
380.096542 259.347262 514.966859 154.563401 513.929395 261.422190 375.946686 347.531700 
379.059078 259.347262 512.891931 156.638329 514.966859 259.347262 379.059078 347.531700 
381.134006 260.384726 507.704611 154.563401 511.854467 259.347262 376.984150 351.681556 
373.871758 264.534582 507.704611 152.488473 505.629683 259.347262 374.909222 351.681556 
379.059078 259.347262 505.629683 152.488473 512.891931 259.347262 371.796830 356.868876 
376.984150 262.459654 508.742075 148.338617 512.891931 257.272334 376.984150 351.681556 
374.909222 259.347262 508.742075 147.301153 512.891931 253.122478 373.871758 351.681556 
374.909222 259.347262 507.704611 144.188761 512.891931 246.897695 378.021614 349.606628 
378.021614 259.347262 511.854467 137.963977 513.929395 243.785303 380.096542 347.531700 
376.984150 255.197406 517.041787 131.739193 516.004323 245.860231 376.984150 347.531700 
379.059078 250.010086 518.079251 124.476945 520.154179 240.672911 380.096542 343.381844 
384.246398 253.122478 522.229107 124.476945 522.229107 240.672911 382.171470 344.419308 
389.433718 255.197406 527.416427 125.514409 528.453890 236.523055 388.396254 344.419308 
392.546110 252.085014 533.641210 122.402017 532.603746 234.448127 389.433718 347.531700 
395.658501 253.122478 533.641210 126.551873 537.791066 236.523055 391.508646 345.456772 
395.658501 251.047550 537.791066 125.514409 539.865994 234.448127 394.621037 347.531700 
397.733429 255.197406 541.940922 124.476945 542.978386 234.448127 396.695965 347.531700 
402.920749 255.197406 545.053314 120.327089 547.128242 236.523055 397.733429 349.606628 
401.883285 252.085014 549.203170 119.289625 552.315562 234.448127 396.695965 351.681556 
403.958213 255.197406 557.502882 115.139769 555.427954 232.373199 399.808357 351.681556 
406.033141 255.197406 557.502882 110.989914 557.502882 231.335735 402.920749 351.681556 
410.182997 255.197406 566.840058 109.952450 560.615274 234.448127 403.958213 349.606628 
412.257925 255.197406 568.914986 112.027378 569.952450 231.335735 404.995677 354.793948 
417.445245 253.122478 576.177233 110.989914 575.139769 236.523055 409.145533 358.943804 
416.407781 255.197406 582.402017 115.139769 578.252161 237.560519 410.182997 363.093660 
420.557637 261.422190 585.514409 113.064841 583.439481 240.672911 412.257925 366.206052 
423.670029 264.534582 592.776657 115.139769 586.551873 243.785303 413.295389 366.206052 
426.782421 270.759366 597.963977 120.327089 594.851585 241.710375 416.407781 368.280980 
429.894813 270.759366 604.188761 120.327089 597.963977 250.010086 417.445245 377.618156 
428.857349 275.946686 607.301153 125.514409 603.151297 252.085014 418.482709 381.768012 
428.857349 280.096542 614.563401 126.551873 607.301153 256.234870 418.482709 389.030259 
428.857349 284.246398 616.638329 130.701729 611.451009 260.384726 418.482709 394.217579 
428.857349 290.471182 621.825648 133.814121 612.488473 266.609510 416.407781 398.367435 
430.932277 295.658501 627.012968 139.001441 617.675793 270.759366 417.445245 403.554755 
431.969741 298.770893 630.125360 143.151297 625.975504 268.684438 419.520173 407.704611 
430.932277 301.883285 636.350144 143.151297 631.162824 273.871758 417.445245 412.891931 
431.969741 304.995677 638.425072 150.413545 634.275216 279.059078 418.482709 414.966859 
430.932277 310.182997 644.649856 152.488473 637.387608 284.246398 417.445245 422.229107 
431.969741 312.257925 648.799712 154.563401 644.649856 287.358790 416.407781 426.378963 
428.857349 316.407781 656.061960 157.675793 645.687320 294.621037 418.482709 426.378963 
435.082133 319.520173 660.211816 161.825648 656.061960 287.358790 416.407781 433.641210 
433.007205 322.632565 668.511527 161.825648 663.324207 296.695965 415.370317 440.903458 
434.044669 325.744957 674.736311 165.975504 670.586455 297.733429 418.482709 438.828530 
434.044669 327.819885 683.036023 171.162824 675.773775 302.920749 421.595101 442.978386 
440.269452 331.969741 690.298271 171.162824 686.148415 303.958213 416.407781 447.128242 
440.269452 333.007205 701.710375 173.237752 697.560519 307.070605 426.782421 445.053314 
444.419308 329.894813 711.047550 177.387608 705.860231 309.145533 425.744957 449.203170 
440.269452 336.119597 719.347262 180.500000 713.122478 309.145533 430.932277 452.315562 
448.569164 338.194524 725.572046 180.500000 721.422190 316.407781 427.819885 457.502882 
448.569164 337.157061 736.984150 182.574928 729.721902 319.520173 435.082133 457.502882 
455.831412 341.306916 744.246398 182.574928 742.171470 317.445245 436.119597 458.540346 
455.831412 343.381844 749.433718 189.837176 753.583573 321.595101 443.381844 461.652738 
458.943804 347.531700 758.770893 189.837176 760.845821 324.707493 444.419308 463.727666 
465.168588 345.456772 772.257925 189.837176 772.257925 329.894813 450.644092 463.727666 
469.318444 342.344380 776.407781 189.837176 775.370317 327.819885 451.681556 463.727666 
475.543228 347.531700 786.782421 193.987032 788.857349 326.782421 458.943804 465.802594 
471.393372 349.606628 791.969741 195.024496 795.082133 333.007205 462.056196 465.802594 
478.655620 347.531700 802.344380 190.874640 806.494236 331.969741 469.318444 465.802594 
487.992795 342.344380 809.606628 193.987032 814.793948 323.670029 468.280980 463.727666 
484.880403 347.531700 817.906340 187.762248 828.280980 328.857349 476.580692 463.727666 
493.180115 340.269452 827.243516 185.687320 832.430836 321.595101 476.580692 463.727666 
495.255043 344.419308 833.468300 186.724784 842.805476 321.595101 483.842939 463.727666 
497.329971 340.269452 836.580692 185.687320 852.142651 323.670029 487.992795 461.652738 
497.329971 339.231988 845.917867 185.687320 861.479827 322.632565 490.067723 458.540346 
499.404899 341.306916 852.142651 184.649856 864.592219 323.670029 495.255043 461.652738 
506.667147 342.344380 861.479827 185.687320 873.929395 322.632565 489.030259 463.727666 
506.667147 343.381844 864.592219 189.837176 881.191643 327.819885 500.442363 465.802594 
509.779539 343.381844 873.929395 190.874640 891.566282 328.857349 500.442363 470.989914 
507.704611 345.456772 876.004323 190.874640 892.603746 336.119597 501.479827 470.989914 
507.704611 351.681556 883.266571 195.024496 896.753602 333.007205 504.592219 470.989914 
511.854467 347.531700 884.304035 197.099424 908.165706 331.969741 499.404899 473.064841 
509.779539 344.419308 892.603746 197.099424 910.240634 340.269452 497.329971 475.139769 
506.667147 349.606628 892.603746 200.211816 913.353026 339.231988 503.554755 470.989914 
506.667147 347.531700 891.566282 203.324207 914.390490 341.306916 501.479827 473.064841 
506.667147 347.531700 893.641210 205.399135 915.427954 339.231988 497.329971 473.064841 
503.554755 345.456772 894.678674 204.361671 918.540346 343.381844 500.442363 470.989914 
502.517291 343.381844 894.678674 206.436599 917.502882 342.344380 496.292507 466.840058 
501.479827 341.306916 891.566282 208.511527 918.540346 349.606628 493.180115 467.877522 
502.517291 342.344380 894.678674 212.661383 916.465418 347.531700 493.180115 466.840058 
502.517291 343.381844 893.641210 217.848703 918.540346 353.756484 493.180115 467.877522 
495.255043 340.269452 893.641210 217.848703 917.502882 351.681556 490.067723 468.914986 
494.217579 343.381844 892.603746 221.998559 916.465418 356.868876 490.067723 467.877522 
493.180115 343.381844 891.566282 224.073487 915.427954 361.018732 487.992795 466.840058 
496.292507 342.344380 891.566282 233.410663 914.390490 364.131124 486.955331 468.914986 
487.992795 342.344380 894.678674 232.373199 917.502882 370.355908 487.992795 463.727666 
485.917867 343.381844 888.453890 240.672911 914.390490 373.468300 487.992795 465.802594 
487.992795 342.344380 891.566282 240.672911 914.390490 370.355908 481.768012 465.802594 
486.955331 340.269452 888.453890 243.785303 913.353026 375.543228 478.655620 466.840058 
481.768012 339.231988 886.378963 243.785303 914.390490 375.543228 480.730548 465.802594 
481.768012 336.119597 889.491354 245.860231 915.427954 375.543228 481.768012 463.727666 
482.805476 333.007205 889.491354 242.747839 914.390490 375.543228 477.618156 461.652738 
479.693084 336.119597 890.528818 241.710375 916.465418 375.543228 476.580692 456.465418 
481.768012 326.782421 892.603746 241.710375 917.502882 373.468300 475.543228 452.315562 
482.805476 324.707493 891.566282 240.672911 916.465418 368.280980 478.655620 448.165706 
484.880403 318.482709 891.566282 236.523055 919.577810 363.093660 481.768012 445.053314 
483.842939 314.332853 895.716138 231.335735 919.577810 363.093660 480.730548 437.791066 
481.768012 310.182997 898.828530 229.260807 921.652738 356.868876 482.805476 433.641210 
483.842939 306.033141 895.716138 227.185879 921.652738 353.756484 485.917867 426.378963 
483.842939 299.808357 898.828530 223.036023 924.765130 349.606628 483.842939 426.378963 
480.730548 300.845821 896.753602 224.073487 923.727666 351.681556 486.955331 424.304035 
482.805476 299.808357 899.865994 224.073487 922.690202 354.793948 486.955331 424.304035 
479.693084 298.770893 895.716138 225.110951 922.690202 358.943804 484.880403 422.229107 
479.693084 299.808357 899.865994 227.185879 919.577810 356.868876 481.768012 422.229107 
475.543228 301.883285 893.641210 233.410663 921.652738 358.943804 477.618156 424.304035 
473.468300 296.695965 890.528818 232.373199 916.465418 361.018732 472.430836 424.304035 
467.243516 295.658501 886.378963 231.335735 914.390490 356.868876 472.430836 422.229107 
467.243516 294.621037 885.341499 232.373199 911.278098 356.868876 467.243516 421.191643 
462.056196 293.583573 882.229107 233.410663 908.165706 363.093660 465.168588 422.229107 
457.906340 294.621037 874.966859 233.410663 902.978386 358.943804 459.981268 420.154179 
451.681556 294.621037 867.704611 236.523055 897.791066 361.018732 455.831412 417.041787 
446.494236 290.471182 865.629683 236.523055 892.603746 363.093660 452.719020 414.966859 
445.456772 288.396254 858.367435 240.672911 888.453890 361.018732 448.569164 412.891931 
443.381844 287.358790 857.329971 238.597983 881.191643 366.206052 445.456772 414.966859 
440.269452 288.396254 851.105187 242.747839 882.229107 368.280980 438.194524 414.966859 
434.044669 287.358790 846.955331 245.860231 876.004323 368.280980 438.194524 412.891931 
433.007205 285.283862 842.805476 245.860231 870.817003 375.543228 433.007205 414.966859 
425.744957 285.283862 840.730548 250.010086 866.667147 375.543228 430.932277 412.891931 
422.632565 288.396254 838.655620 259.347262 864.592219 377.618156 421.595101 414.966859 
419.520173 285.283862 836.580692 259.347262 858.367435 381.768012 421.595101 414.966859 
416.407781 288.396254 832.430836 264.534582 856.292507 386.955331 417.445245 417.041787 
414.332853 285.283862 825.168588 265.572046 851.105187 394.217579 417.445245 417.041787 
411.220461 290.471182 822.056196 273.871758 843.842939 394.217579 411.220461 417.041787 
406.033141 287.358790 819.981268 273.871758 842.805476 396.292507 407.070605 419.116715 
402.920749 289.433718 811.681556 279.059078 837.618156 400.442363 402.920749 421.191643 
398.770893 288.396254 808.569164 283.208934 836.580692 403.554755 398.770893 419.116715 
391.508646 289.433718 808.569164 289.433718 831.393372 409.779539 392.546110 424.304035 
394.621037 290.471182 809.606628 293.583573 829.318444 414.966859 389.433718 424.304035 
392.546110 291.508646 804.419308 293.583573 828.280980 414.966859 390.471182 422.229107 
389.433718 290.471182 798.194524 296.695965 822.056196 422.229107 384.246398 424.304035 
389.433718 292.546110 799.231988 298.770893 822.056196 422.229107 385.283862 424.304035 
384.246398 292.546110 800.269452 300.845821 822.056196 421.191643 382.171470 422.229107 
384.246398 291.508646 796.119597 306.033141 818.943804 426.378963 382.171470 424.304035 
381.134006 290.471182 796.119597 303.958213 819.981268 428.453890 376.984150 422.229107 
382.171470 290.471182 796.119597 308.108069 819.981268 428.453890 375.946686 421.191643 
376.984150 287.358790 797.157061 309.145533 816.868876 433.641210 373.871758 424.304035 
371.796830 284.246398 798.194524 312.257925 813.756484 431.566282 366.609510 421.191643 
373.871758 286.321326 793.007205 314.332853 816.868876 433.641210 362.459654 421.191643 
366.609510 285.283862 793.007205 310.182997 813.756484 435.716138 363.497118 422.229107 
364.534582 283.208934 790.932277 312.257925 811.681556 437.791066 359.347262 421.191643 
361.422190 284.246398 790.932277 313.295389 809.606628 438.828530 353.122478 421.191643 
359.347262 281.134006 786.782421 318.482709 810.644092 440.903458 354.159942 420.154179 
354.159942 281.134006 784.707493 316.407781 806.494236 439.865994 343.785303 419.116715 
348.972622 281.134006 780.557637 316.407781 806.494236 438.828530 345.860231 419.116715 
344.822767 278.021614 781.595101 314.332853 805.456772 439.865994 339.635447 417.041787 
344.822767 275.946686 777.445245 312.257925 806.494236 442.978386 339.635447 417.041787 
340.672911 274.909222 776.407781 313.295389 805.456772 440.903458 338.597983 414.966859 
337.560519 268.684438 778.482709 311.220461 802.344380 438.828530 336.523055 410.817003 
335.485591 268.684438 780.557637 309.145533 803.381844 433.641210 331.335735 407.704611 
336.523055 264.534582 781.595101 308.108069 804.419308 433.641210 329.260807 407.704611 
335.485591 264.534582 780.557637 304.995677 807.531700 430.528818 327.185879 403.554755 
335.485591 259.347262 782.632565 303.958213 808.569164 428.453890 327.185879 403.554755 
337.560519 255.197406 779.520173 299.808357 809.606628 426.378963 331.335735 400.442363 
332.373199 251.047550 783.670029 290.471182 810.644092 421.191643 333.410663 396.292507 
334.448127 246.897695 786.782421 291.508646 812.719020 417.041787 330.298271 391.105187 
332.373199 241.710375 787.819885 285.283862 815.831412 414.966859 335.485591 391.105187 
335.485591 240.672911 785.744957 282.171470 821.018732 409.779539 336.523055 386.955331 
333.410663 238.597983 793.007205 279.059078 824.131124 409.779539 339.635447 381.768012 
333.410663 236.523055 794.044669 275.946686 828.280980 403.554755 338.597983 386.955331 
334.448127 232.373199 797.157061 274.909222 835.543228 403.554755 341.710375 381.768012 
334.448127 233.410663 802.344380 269.721902 840.730548 400.442363 346.897695 381.768012 
340.672911 231.335735 804.419308 269.721902 841.768012 400.442363 344.822767 381.768012 
342.747839 231.335735 807.531700 266.609510 850.067723 398.367435 352.085014 381.768012 
345.860231 231.335735 809.606628 262.459654 854.217579 394.217579 352.085014 379.693084 
344.822767 231.335735 818.943804 264.534582 861.479827 396.292507 359.347262 381.768012 
346.897695 231.335735 817.906340 260.384726 866.667147 391.105187 362.459654 381.768012 
354.159942 227.185879 825.168588 260.384726 869.779539 384.880403 361.422190 382.805476 
354.159942 227.185879 831.393372 253.122478 878.079251 384.880403 366.609510 379.693084 
358.309798 224.073487 834.505764 250.010086 885.341499 377.618156 375.946686 375.543228 
363.497118 221.998559 838.655620 243.785303 893.641210 372.430836 380.096542 373.468300 
364.534582 224.073487 841.768012 242.747839 894.678674 372.430836 381.134006 373.468300 
365.572046 219.923631 842.805476 240.672911 899.865994 368.280980 387.358790 370.355908 
365.572046 217.848703 852.142651 238.597983 902.978386 368.280980 389.433718 372.430836 
368.684438 219.923631 854.217579 236.523055 909.203170 370.355908 395.658501 372.430836 
371.796830 221.998559 853.180115 236.523055 916.465418 368.280980 392.546110 377.618156 
371.796830 218.886167 859.631259 236.218529 916.319408 366.601270 394.621037 373.468300 
373.871758 221.998559 861.479827 234.448127 922.690202 366.206052 397.733429 377.618156 
373.871758 221.998559 865.531079 238.044955 924.765130 363.093660 399.808357 375.543228 
373.871758 224.073487 866.667147 234.448127 926.840058 366.206052 402.920749 373.468300 
376.984150 224.073487 866.036950 236.218674 927.877522 364.131124 404.995677 375.543228 
378.021614 224.073487 865.629683 236.523055 927.877522 364.131124 403.958213 375.543228 
381.134006 224.073487 865.629683 236.523055 924.765130 368.280980 401.883285 377.618156 
376.984150 224.073487 866.667147 236.523055 923.727666 366.206052 401.883285 379.693084 
372.834294 223.036023 861.479827 233.410663 924.765130 366.206052 402.920749 379.693084 
369.721902 221.998559 859.404899 238.597983 919.577810 368.280980 401.883285 377.618156 
371.796830 223.036023 856.292507 237.560519 921.652738 370.355908 397.733429 377.618156 
368.684438 223.036023 855.255043 240.672911 918.540346 368.280980 398.770893 375.543228 
368.684438 227.185879 851.105187 241.710375 917.502882 370.355908 395.658501 377.618156 
369.721902 221.998559 854.217579 245.860231 918.540346 375.543228 401.883285 377.618156 
369.721902 221.998559 856.292507 247.935159 915.427954 375.543228 400.845821 377.618156 
371.796830 225.110951 854.217579 251.047550 916.465418 377.618156 404.995677 379.693084 
374.909222 228.223343 855.255043 250.010086 918.540346 377.618156 408.108069 381.768012 
376.984150 227.185879 857.329971 255.197406 920.615274 382.805476 410.182997 384.880403 
379.059078 231.335735 855.255043 259.347262 921.652738 386.955331 411.220461 389.030259 
381.134006 232.373199 858.367435 261.422190 923.727666 386.955331 418.482709 386.955331 
388.396254 236.523055 862.517291 261.422190 924.765130 389.030259 422.632565 389.030259 
390.471182 234.448127 864.592219 262.459654 930.989914 389.030259 421.595101 392.142651 
393.583573 237.560519 866.667147 265.572046 932.027378 386.955331 430.932277 394.217579 
399.808357 240.672911 869.779539 264.534582 935.139769 386.955331 433.007205 394.217579 
400.845821 238.597983 872.891931 261.422190 938.252161 389.030259 436.119597 394.217579 
399.808357 240.672911 873.929395 261.422190 940.327089 389.030259 439.231988 398.367435 
401.883285 240.672911 872.891931 259.347262 940.327089 386.955331 438.194524 394.217579 
399.808357 240.672911 870.817003 257.272334 940.327089 386.955331 437.157061 398.367435 
400.845821 241.710375 873.929395 256.234870 941.364553 386.955331 434.044669 400.442363 
393.583573 245.860231 869.779539 257.272334 941.364553 386.955331 431.969741 400.442363 
393.583573 251.047550 867.704611 255.197406 937.214697 381.768012 427.819885 401.479827 
390.471182 250.010086 863.554755 250.010086 932.027378 381.768012 422.632565 401.479827 
382.171470 253.122478 860.442363 247.935159 925.802594 375.543228 416.407781 405.629683 
376.984150 259.347262 851.105187 250.010086 919.577810 377.618156 408.108069 407.704611 
368.684438 257.272334 847.992795 246.897695 912.315562 372.430836 402.920749 409.779539 
363.497118 260.384726 837.618156 242.747839 907.128242 373.468300 391.508646 412.891931 
353.122478 261.422190 827.243516 243.785303 893.641210 370.355908 384.246398 410.817003 
341.710375 260.384726 821.018732 241.710375 882.229107 368.280980 370.759366 412.891931 
332.373199 262.459654 811.681556 236.523055 871.854467 364.131124 364.534582 412.891931 
317.848703 260.384726 802.344380 234.448127 868.742075 363.093660 346.897695 412.891931 
303.324207 257.272334 782.632565 232.373199 845.917867 356.868876 335.485591 409.779539 
289.837176 253.122478 773.295389 229.260807 835.543228 356.868876 316.811239 407.704611 
271.162824 250.010086 752.546110 221.998559 817.906340 353.756484 300.211816 400.442363 
247.301153 238.597983 733.871758 217.848703 798.194524 347.531700 276.350144 396.292507 
224.476945 232.373199 717.272334 212.661383 773.295389 344.419308 251.451009 391.105187 
191.278098 225.110951 695.485591 212.661383 747.358790 345.456772 216.177233 379.693084 
165.341499 215.773775 662.286744 208.511527 718.309798 340.269452 179.865994 370.355908 
125.917867 208.511527 638.425072 209.548991 685.110951 339.231988 144.592219 366.206052 
85.456772 199.174352 604.188761 206.436599 647.762248 339.231988 104.131124 356.868876 
52.257925 185.687320 578.252161 209.548991 615.600865 341.306916 64.707493 347.531700 
20.096542 177.387608 550.240634 210.586455 586.551873 343.381844 25.283862 342.344380 
7.646974 171.162824 532.603746 215.773775 568.914986 347.531700 13.871758 337.157061 
7.646974 173.237752 530.528818 219.923631 566.840058 349.606628 11.796830 334.044669 
22.171470 167.012968 535.716138 221.998559 573.064841 351.681556 23.208934 328.857349 
51.220461 163.900576 554.390490 219.923631 585.514409 351.681556 53.295389 321.595101 
89.606628 161.825648 583.439481 212.661383 610.413545 343.381844 87.531700 316.407781 
121.768012 143.151297 613.525937 195.024496 637.387608 324.707493 124.880403 298.770893 
154.966859 115.139769 634.275216 161.825648 665.399135 292.546110 158.079251 265.572046 
173.641210 68.453890 656.061960 112.027378 683.036023 250.010086 186.090778 221.998559 
191.657164 -2.333262 670.219990 37.919686 698.871833 179.388158 198.037789 150.801740 
0.000000 0.000000 0.000000 0.000000 0.000000 0.000000 0.000000 0.000000 
0.000000 0.000000 0.000000 0.000000 0.000000 0.000000 0.000000 0.000000 
0.000000 0.000000 0.000000 0.000000 0.000000 0.000000 0.000000 0.000000 
0.000000 0.000000 0.000000 0.000000 0.000000 0.000000 0.000000 0.000000 
0.000000 0.000000 0.000000 0.000000 0.000000 0.000000 0.000000 0.000000 
0.000000 0.000000 0.000000 0.000000 0.000000 0.000000 0.000000 0.000000 
0.000000 0.000000 0.000000 0.000000 0.000000 0.000000 0.000000 0.000000 
0.000000 0.000000 0.000000 0.000000 0.000000 0.000000 0.000000 0.000000 
0.000000 0.000000 0.000000 0.000000 0.000000 0.000000 0.000000 0.000000 
0.000000 0.000000 0.000000 0.000000 0.000000 0.000000 0.000000 0.000000 
112.430836 10.355908 588.626801 61.191643 605.226225 195.024496 124.880403 161.825648 
116.580692 87.128242 576.177233 139.001441 597.963977 266.609510 124.880403 236.523055 
127.992795 130.701729 580.327089 184.649856 602.113833 304.995677 123.842939 275.946686 
152.891931 158.713256 597.963977 208.511527 617.675793 331.969741 148.742075 299.808357 
177.791066 167.012968 615.600865 214.736311 636.350144 339.231988 177.791066 306.033141 
199.577810 163.900576 635.312680 210.586455 655.024496 331.969741 198.540346 306.033141 
213.064841 157.675793 647.762248 204.361671 672.661383 327.819885 216.177233 303.958213 
230.701729 159.750720 660.211816 201.249280 681.998559 324.707493 233.814121 300.845821 
237.963977 167.012968 663.324207 205.399135 692.373199 326.782421 245.226225 310.182997 
243.151297 176.350144 664.361671 213.698847 690.298271 333.007205 242.113833 318.482709 
234.851585 204.361671 661.249280 229.260807 683.036023 351.681556 237.963977 339.231988 
229.664265 224.073487 649.837176 245.860231 674.736311 363.093660 232.776657 354.793948 
225.514409 236.523055 648.799712 255.197406 671.623919 372.430836 228.626801 372.430836 
219.289625 240.672911 638.425072 259.347262 669.548991 379.693084 225.514409 377.618156 
220.327089 253.122478 640.500000 261.422190 666.436599 381.768012 223.439481 389.030259 
221.364553 260.384726 636.350144 265.572046 666.436599 384.880403 228.626801 396.292507 
217.214697 264.534582 635.312680 271.796830 663.324207 391.105187 225.514409 400.442363 
210.989914 261.422190 629.087896 274.909222 656.061960 394.217579 220.327089 400.442363 
207.877522 260.384726 621.825648 273.871758 648.799712 394.217579 215.139769 394.217579 
209.952450 261.422190 621.825648 273.871758 647.762248 396.292507 206.840058 396.292507 
213.064841 264.534582 631.162824 275.946686 649.837176 394.217579 221.364553 400.442363 
244.188761 269.721902 651.912104 283.208934 674.736311 401.479827 248.338617 401.479827 
277.387608 274.909222 678.886167 286.321326 705.860231 403.554755 286.724784 409.779539 
309.548991 282.171470 707.935159 290.471182 728.684438 407.704611 313.698847 409.779539 
315.773775 283.208934 712.085014 287.358790 738.021614 405.629683 327.185879 410.817003 
300.211816 286.321326 700.672911 290.471182 726.609510 409.779539 308.511527 414.966859 
263.900576 280.096542 671.623919 290.471182 694.448127 412.891931 265.975504 414.966859 
242.113833 281.134006 639.462536 294.621037 667.474063 417.041787 247.301153 414.966859 
227.589337 282.171470 632.200288 300.845821 652.949568 417.041787 231.739193 414.966859 
231.739193 280.096542 630.125360 301.883285 647.762248 419.116715 231.739193 414.966859 
232.776657 278.021614 625.975504 299.808357 649.837176 420.154179 234.851585 412.891931 
226.551873 275.946686 624.938040 297.733429 645.687320 412.891931 223.439481 407.704611 
210.989914 273.871758 610.413545 298.770893 633.237752 419.116715 214.102305 407.704611 
214.102305 273.871758 613.525937 299.808357 631.162824 417.041787 209.952450 407.704611 
220.327089 278.021614 617.675793 296.695965 636.350144 417.041787 222.402017 405.629683 
233.814121 274.909222 631.162824 295.658501 648.799712 412.891931 234.851585 409.779539 
253.525937 275.946686 647.762248 299.808357 662.286744 414.966859 256.638329 407.704611 
262.863112 281.134006 650.874640 297.733429 668.511527 414.966859 264.938040 412.891931 
259.750720 282.171470 653.987032 301.883285 672.661383 417.041787 259.750720 419.116715 
268.050432 286.321326 659.174352 298.770893 679.923631 414.966859 276.350144 419.116715 
288.799712 288.396254 673.698847 298.770893 695.485591 410.817003 297.099424 420.154179 
315.773775 292.546110 693.410663 299.808357 718.309798 407.704611 324.073487 419.116715 
332.373199 294.621037 707.935159 297.733429 729.721902 412.891931 336.523055 421.191643 
333.410663 288.396254 714.159942 290.471182 732.834294 400.442363 340.672911 414.966859 
324.073487 284.246398 710.010086 287.358790 731.796830 405.629683 332.373199 419.116715 
327.185879 278.021614 705.860231 286.321326 733.871758 394.217579 338.597983 410.817003 
339.635447 278.021614 715.197406 279.059078 739.059078 386.955331 351.047550 405.629683 
345.860231 273.871758 720.384726 264.534582 747.358790 379.693084 358.309798 396.292507 
350.010086 264.534582 724.534582 255.197406 751.508646 370.355908 362.459654 386.955331 
344.822767 261.422190 720.384726 257.272334 746.321326 368.280980 358.309798 386.955331 
330.298271 259.347262 708.972622 251.047550 736.984150 368.280980 347.935159 384.880403 
311.623919 255.197406 695.485591 245.860231 722.459654 353.756484 328.223343 386.955331 
295.024496 256.234870 675.773775 240.672911 706.897695 349.606628 312.661383 379.693084 
271.162824 252.085014 657.099424 231.335735 687.185879 340.269452 293.987032 379.693084 
254.563401 250.010086 638.425072 228.223343 670.586455 335.082133 279.462536 375.543228 
241.076369 245.860231 619.750720 219.923631 656.061960 327.819885 262.863112 372.430836 
229.664265 238.597983 605.226225 212.661383 641.537464 316.407781 248.338617 370.355908 
206.840058 236.523055 594.851585 204.361671 624.938040 318.482709 232.776657 361.018732 
190.240634 227.185879 581.364553 196.061960 612.488473 310.182997 213.064841 353.756484 
179.865994 219.923631 573.064841 195.024496 603.151297 310.182997 201.652738 347.531700 
170.528818 221.998559 565.802594 193.987032 596.926513 306.033141 198.540346 345.456772 
180.903458 221.998559 569.952450 199.174352 595.889049 306.033141 197.502882 347.531700 
179.865994 213.698847 573.064841 195.024496 597.963977 309.145533 201.652738 342.344380 
186.090778 213.698847 575.139769 196.061960 605.226225 309.145533 201.652738 343.381844 
197.502882 212.661383 590.701729 203.324207 616.638329 310.182997 215.139769 338.194524 
213.064841 210.586455 599.001441 206.436599 622.863112 320.557637 225.514409 336.119597 
227.589337 208.511527 610.413545 212.661383 631.162824 323.670029 232.776657 334.044669 
244.188761 203.324207 618.713256 218.886167 641.537464 327.819885 245.226225 328.857349 
249.376081 197.099424 635.312680 225.110951 646.724784 336.119597 251.451009 325.744957 
271.162824 189.837176 643.612392 231.335735 658.136888 341.306916 265.975504 318.482709 
283.612392 184.649856 660.211816 237.560519 665.399135 349.606628 276.350144 313.295389 
309.548991 180.500000 677.848703 241.710375 678.886167 358.943804 288.799712 302.920749 
327.185879 173.237752 694.448127 251.047550 689.260807 363.093660 306.436599 296.695965 
350.010086 165.975504 712.085014 261.422190 698.597983 370.355908 321.998559 288.396254 
371.796830 158.713256 726.609510 266.609510 712.085014 377.618156 337.560519 278.021614 
389.433718 154.563401 734.909222 279.059078 719.347262 391.105187 353.122478 273.871758 
408.108069 152.488473 744.246398 292.546110 723.497118 401.479827 363.497118 264.534582 
420.557637 149.376081 756.695965 302.920749 725.572046 407.704611 371.796830 264.534582 
430.932277 152.488473 761.883285 319.520173 726.609510 424.304035 382.171470 261.422190 
443.381844 154.563401 761.883285 330.932277 728.684438 437.791066 389.433718 259.347262 
453.756484 157.675793 759.808357 347.531700 726.609510 452.315562 394.621037 259.347262 
470.355908 157.675793 774.332853 364.131124 725.572046 465.802594 402.920749 256.234870 
484.880403 161.825648 776.407781 377.618156 728.684438 475.139769 416.407781 257.272334 
498.367435 171.162824 782.632565 394.217579 731.796830 493.814121 434.044669 262.459654 
521.191643 172.200288 795.082133 405.629683 741.134006 504.188761 445.456772 265.572046 
545.053314 176.350144 809.606628 420.154179 751.508646 515.600865 463.093660 264.534582 
563.727666 184.649856 822.056196 433.641210 760.845821 523.900576 484.880403 264.534582 
585.514409 185.687320 835.543228 440.903458 772.257925 534.275216 504.592219 265.572046 
604.188761 185.687320 853.180115 450.240634 784.707493 538.425072 521.191643 265.572046 
623.900576 185.687320 866.667147 459.577810 791.969741 550.874640 538.828530 262.459654 
644.649856 189.837176 878.079251 468.914986 804.419308 553.987032 557.502882 264.534582 
659.174352 187.762248 885.341499 476.177233 808.569164 557.099424 568.914986 261.422190 
672.661383 185.687320 887.416427 482.402017 807.531700 561.249280 583.439481 255.197406 
679.923631 189.837176 887.416427 485.514409 808.569164 566.436599 587.589337 256.234870 
692.373199 184.649856 890.528818 491.739193 802.344380 566.436599 593.814121 253.122478 
696.523055 185.687320 886.378963 499.001441 802.344380 571.623919 599.001441 243.785303 
697.560519 182.574928 877.041787 499.001441 796.119597 566.436599 603.151297 243.785303 
699.635447 181.537464 877.041787 499.001441 784.707493 571.623919 603.151297 240.672911 
700.672911 180.500000 869.779539 496.926513 781.595101 575.773775 604.188761 233.410663 
705.860231 182.574928 866.667147 508.338617 773.295389 578.886167 604.188761 234.448127 
707.935159 185.687320 860.442363 515.600865 769.145533 577.848703 606.263689 238.597983 
708.972622 185.687320 856.292507 519.750720 760.845821 584.073487 606.263689 234.448127 
714.159942 193.987032 846.955331 524.938040 749.433718 589.260807 609.376081 237.560519 
718.309798 195.024496 841.768012 541.537464 745.283862 595.485591 611.451009 237.560519 
720.384726 199.174352 836.580692 545.687320 738.021614 597.560519 614.563401 236.523055 
725.572046 206.436599 828.280980 553.987032 729.721902 603.785303 615.600865 240.672911 
729.721902 205.399135 830.355908 560.211816 721.422190 607.935159 617.675793 240.672911 
732.834294 206.436599 818.943804 566.436599 715.197406 608.972622 620.788184 240.672911 
733.871758 208.511527 816.868876 569.548991 712.085014 614.159942 624.938040 236.523055 
744.246398 213.698847 810.644092 569.548991 702.747839 617.272334 630.125360 233.410663 
749.433718 212.661383 805.456772 575.773775 699.635447 613.122478 636.350144 236.523055 
752.546110 213.698847 805.456772 578.886167 695.485591 615.197406 638.425072 234.448127 
756.695965 215.773775 800.269452 578.886167 693.410663 611.047550 637.387608 232.373199 
762.920749 212.661383 793.007205 580.961095 685.110951 612.085014 643.612392 227.185879 
766.033141 213.698847 790.932277 578.886167 681.998559 608.972622 645.687320 227.185879 
770.182997 214.736311 786.782421 577.848703 679.923631 604.822767 652.949568 224.073487 
775.370317 208.511527 784.707493 581.998559 676.811239 603.785303 661.249280 221.998559 
777.445245 210.586455 784.707493 579.923631 674.736311 598.597983 663.324207 217.848703 
784.707493 208.511527 784.707493 575.773775 674.736311 598.597983 668.511527 215.773775 
789.894813 208.511527 785.744957 577.848703 673.698847 596.523055 670.586455 208.511527 
795.082133 205.399135 783.670029 572.661383 676.811239 589.260807 674.736311 208.511527 
793.007205 203.324207 786.782421 568.511527 678.886167 588.223343 675.773775 204.361671 
798.194524 195.024496 787.819885 564.361671 677.848703 585.110951 677.848703 201.249280 

