197.873075 142.373420 809.055646 221.392463 665.596586 588.441285 214.948116 566.941290 
195.153448 140.536144 805.477264 224.354142 660.971647 588.881857 211.859529 566.442319 
196.747347 142.327617 803.293726 227.149999 659.307394 589.727252 211.562933 565.551851 
198.826818 145.734553 800.403950 229.555980 658.617404 588.855576 213.824297 565.085231 
199.842561 148.423875 796.073216 233.026503 656.383249 588.380644 213.713259 564.371227 
201.815663 151.838519 792.846118 234.818958 654.273149 588.031342 214.159165 563.426914 
204.892645 156.704746 789.046713 238.112457 651.867956 587.975960 216.184908 563.526224 
208.961159 162.321155 787.043433 241.666184 651.707547 587.501819 219.519741 563.490253 
213.382196 166.573338 785.873801 244.100084 653.376226 586.853358 222.670434 563.604331 
219.832786 170.516501 785.309689 245.586505 654.513841 586.901384 228.493080 563.233564 
226.001730 174.583045 787.821313 248.658377 657.005190 586.901384 234.721453 564.479239 
230.942224 179.861790 788.199244 251.366066 659.949522 586.899680 239.687389 567.177157 
235.761005 183.735462 789.577472 251.567978 662.793785 586.535484 243.441176 568.216263 
239.618736 187.712416 791.113658 251.290312 665.646574 585.026259 248.065120 568.437614 
243.677635 186.792332 792.941920 249.384002 667.671163 583.883969 252.080809 569.478621 
246.680185 186.312804 795.309566 247.613390 670.617539 581.794702 255.718949 568.499498 
249.653848 186.489844 797.355114 245.008289 673.933987 580.362369 258.805213 568.454371 
253.927926 188.106947 800.489219 244.292553 677.450297 579.978441 263.999153 568.794466 
260.084288 190.696232 804.955861 245.602142 683.799323 579.794855 270.262165 570.502702 
266.222811 194.536784 808.927320 245.966089 688.796655 580.144427 278.218729 571.980620 
273.337370 197.005190 816.092547 244.424498 695.584950 580.007328 284.974263 573.613857 
279.446442 199.487206 822.064202 242.701414 703.957377 579.334651 292.903698 576.454743 
284.404567 199.137789 828.997830 240.046177 710.113300 579.070782 299.756008 577.153097 
288.285467 199.496540 834.545517 236.230838 717.988988 577.182775 305.427755 578.491824 
290.761114 199.351125 838.658709 233.840602 723.059131 576.195658 310.259047 580.778811 
293.411539 200.297931 843.199613 231.063123 727.467975 576.136577 314.267775 583.391607 
295.692980 202.269141 846.061525 229.819408 732.278826 576.332421 318.664286 585.362379 
297.058776 206.505388 847.877960 228.596268 735.744264 575.152818 323.164360 585.655709 
300.167840 207.868521 849.827822 227.315597 739.939302 573.840306 327.747575 587.532397 
303.194230 212.735440 852.423181 226.732399 745.279678 573.841218 333.743445 589.688379 
307.191733 212.893457 854.943279 225.355704 750.722033 571.969999 339.743372 590.461123 
311.953287 214.444637 858.001874 222.837817 755.851455 568.589000 346.801579 589.105721 
316.790950 218.289872 861.041491 222.557334 761.375500 568.553733 354.154101 591.421263 
322.644431 221.703285 862.722600 222.571781 766.188052 567.114512 361.055350 591.726803 
327.468806 225.838182 866.276196 223.193369 771.877560 567.641807 368.255903 594.626536 
332.352988 230.520044 868.239845 223.876821 776.637332 568.205463 375.178268 597.125429 
337.816454 238.956155 869.378847 227.521333 781.602258 569.733543 381.862448 600.761308 
342.244654 246.531548 870.040804 230.815001 785.887182 572.655992 388.299537 606.571194 
346.089998 254.846050 870.780206 234.518498 790.731901 576.154893 394.853050 612.562710 
349.323529 261.780277 870.858635 238.009401 795.636367 578.552106 401.685513 618.489094 
354.306228 272.991349 870.762577 243.001169 799.563803 581.626233 409.252939 625.159823 
358.531959 282.133850 872.474868 243.738052 807.209877 583.537389 418.219970 631.427089 
363.706728 291.818811 874.191683 244.974344 815.749206 584.161420 428.993048 637.560928 
368.966065 299.540140 875.932038 245.932947 822.679931 585.655709 439.906897 644.978873 
376.788825 312.704221 878.148045 246.108666 833.027533 586.116819 452.368253 653.343345 
382.746807 325.794172 879.180492 247.501496 842.744137 587.726634 464.997992 663.493372 
387.341385 336.318280 879.323578 248.131363 851.330450 589.392734 475.136678 671.607266 
392.638762 353.240505 877.844305 251.354847 859.798834 592.594040 485.998947 683.130863 
390.877007 355.426570 873.303414 252.325086 861.960764 591.994019 491.663701 688.670667 
391.061448 354.623962 870.082435 248.658825 860.734466 588.763133 492.655410 686.663392 
387.939446 348.977509 863.287194 244.542460 856.652113 585.924823 491.695018 685.899339 
385.951904 349.664954 856.419607 239.982342 852.793774 581.732020 488.026263 682.535691 
380.465398 342.749135 849.385263 236.005932 844.985778 578.001493 480.786439 676.195873 
374.625366 331.536682 841.517574 232.392402 833.916618 573.572204 472.451649 669.677227 
370.447417 325.272508 834.083303 229.225430 822.217343 569.805936 461.405759 659.086556 
367.402132 314.690143 826.655541 228.183577 811.601929 567.445534 452.385156 652.945212 
368.951513 305.810937 822.181569 229.916924 800.225198 566.701577 442.677548 641.356697 
371.745675 296.659170 820.761940 234.386090 789.046713 568.216263 434.333471 632.813060 
376.227309 288.896141 818.464031 244.368608 777.867533 573.093382 425.555696 628.101672 
382.833187 286.139772 818.714672 256.764673 765.901114 580.690550 416.214233 621.726840 
389.835416 281.873737 817.235123 272.706270 750.875253 589.641702 405.894466 615.586429 
391.060992 284.785173 808.271456 294.662297 731.055319 601.385872 387.899609 612.736753 
394.217817 280.341299 801.490480 307.277996 714.868695 605.201212 374.674702 604.144636 
396.606278 276.412964 792.465255 315.786421 696.847245 605.463078 364.273864 593.509139 
399.816018 273.359175 786.404322 320.424166 685.551157 602.315065 357.557281 585.507062 
400.630845 271.235313 777.607730 324.059225 671.970668 600.314550 352.134820 576.782246 
402.028661 275.054621 769.151965 329.003699 661.971068 599.245610 348.383993 573.229681 
399.618307 281.337975 758.832085 335.746967 652.020576 600.496483 344.052170 576.286113 
393.912984 289.880192 745.909088 340.781204 641.793768 601.796682 338.275523 577.780697 
380.481479 303.106910 726.196948 345.382810 627.053228 604.132990 328.421524 585.428673 
358.801435 315.338100 700.828104 351.072230 607.178201 606.832180 313.198962 593.129758 
331.884083 324.064014 671.953287 353.960208 583.723038 607.382756 285.938624 603.515425 
300.450054 330.513771 639.483903 353.011817 561.783346 605.586736 265.545865 611.000998 
266.494147 340.352506 606.819190 353.009222 534.402476 605.417477 244.001147 620.183646 
235.617167 351.618782 571.714580 353.022558 510.015571 605.586505 217.282007 628.008651 
210.962714 365.012921 545.687051 351.566110 493.829119 603.680410 201.715989 642.153927 
192.852426 368.992232 523.562506 351.976486 479.191971 602.891487 189.180686 651.491424 
179.894083 377.395256 508.207868 351.648263 470.496371 603.052495 183.151833 659.410915 
174.656527 388.173283 497.550707 350.369920 465.247135 600.956406 181.915124 661.013060 
171.980212 392.280286 491.594264 351.021018 464.284010 599.714582 183.567827 663.405308 
182.088629 391.750428 502.294820 351.529372 472.135306 598.872470 195.434919 666.937479 
203.579585 392.576125 512.856455 351.831464 489.210404 597.608397 222.545239 663.611692 
242.432278 392.208265 541.284970 349.907033 518.880592 593.066300 254.495847 652.834128 
282.619826 391.203248 578.083841 349.436084 554.463664 589.726982 296.896969 645.295409 
334.375433 387.593426 615.897924 350.223183 593.475779 588.147059 344.458884 643.975627 
380.465398 387.593426 654.513841 350.223183 635.828720 584.410035 394.357804 638.859892 
426.555363 386.347751 700.603806 346.486159 675.272983 580.004507 436.840900 628.585843 
467.750684 381.875364 732.124355 342.499100 711.033854 573.365671 478.303541 624.695688 
493.147552 375.389948 749.546695 333.436844 734.756572 563.755374 503.366564 615.527568 
514.998270 361.434256 767.914935 320.707786 755.514505 553.613009 528.700692 601.849481 
526.799828 345.883973 776.050845 307.674113 767.870242 535.828720 544.653830 584.445082 
537.065991 330.174449 783.459370 286.590715 777.066257 514.956338 555.671055 558.537984 
542.468322 315.333639 787.056900 271.255436 783.495766 493.403638 565.472104 542.593917 
548.205691 297.807840 788.227248 245.523459 788.228666 473.661427 572.550700 523.570378 
554.915531 280.601390 794.131194 227.605825 794.412333 453.915746 581.850361 507.202631 
559.655520 261.568760 795.940239 210.232930 799.900817 436.348928 587.846104 488.262737 
561.474165 252.562113 795.879863 202.439547 798.741208 425.156841 588.216332 478.107512 
560.156775 242.664248 793.910395 195.832998 794.305727 417.688777 585.551840 467.691402 
553.976069 233.043714 790.306638 190.459697 786.584432 411.360794 573.951061 458.806700 
534.965718 226.050718 776.028130 192.435286 764.853087 408.923593 553.132387 451.706753 
515.161749 221.032411 752.522618 194.107895 737.643280 411.629646 532.876261 449.880713 
495.298105 221.697000 730.440707 199.952668 713.977298 417.595349 503.292957 447.212317 
469.715891 224.030258 701.939845 214.606677 680.400232 427.983470 467.035218 453.558984 
453.125715 231.647794 682.657218 223.570439 655.732702 436.274119 447.067699 458.486845 
439.525440 238.209644 670.293007 230.698904 640.954479 442.835970 433.770325 461.380230 
429.805325 243.400044 657.871733 238.462223 627.676178 447.845646 419.710840 464.243477 
421.462476 247.364274 649.411442 244.730884 618.618423 453.088100 410.658430 467.085739 
417.976634 250.895867 644.194088 250.592307 611.714696 457.633881 404.014730 470.430616 
415.813673 254.355953 641.380029 255.154580 607.530469 461.459981 400.215211 472.933058 
413.909078 257.748470 637.757605 259.248721 602.939589 464.387855 397.388529 474.680201 
412.970889 258.702307 636.407045 262.840013 600.208344 466.554737 396.152391 476.227663 
415.835657 260.293879 636.665089 265.542372 600.164000 468.173549 396.640011 477.856709 
418.506924 264.813264 637.088209 268.573147 599.489907 470.089535 397.624908 478.363105 
420.591047 267.915689 637.505584 272.512529 599.120361 472.122977 399.462566 480.487426 
422.978892 270.889159 639.030586 275.064760 598.475915 473.632529 400.361113 481.486291 
425.426654 273.044825 638.913584 277.192570 598.162259 474.642436 400.918014 481.995466 
430.352737 277.169013 641.045709 282.126574 601.088141 477.489538 405.921343 483.901963 
439.398538 280.941399 647.911390 286.456794 606.134462 479.981079 412.213448 487.076526 
447.068399 288.186755 654.528410 291.680818 611.295560 483.838029 420.432350 490.389398 
458.246533 292.543648 665.408160 297.366822 620.079088 486.729041 430.491754 493.915793 
468.445713 297.725489 671.824872 300.989082 628.075790 488.903318 441.257658 496.240371 
475.876806 302.942482 675.469638 304.386646 633.972450 492.067596 449.528327 500.008889 
484.764797 309.059723 682.730990 309.049274 640.468521 495.461128 458.513387 505.006938 
493.782825 316.186938 688.787374 315.431986 648.807892 500.243081 467.013324 510.803828 
502.816919 323.717955 696.784710 322.993648 657.853494 507.768545 479.769891 516.258617 
515.349118 336.694470 706.577526 333.299369 669.609284 516.604072 491.639150 529.193218 
529.880380 351.023010 719.267718 345.132912 684.439577 529.417006 510.313204 541.774362 
547.592101 366.649186 732.902181 359.521875 699.458646 542.090681 526.210169 555.797048 
563.712919 381.003902 747.747731 372.769246 716.625552 555.121240 543.770110 570.344824 
575.387892 397.114275 758.897596 386.054571 730.122019 567.020978 557.948334 584.865628 
583.508943 408.265996 765.201397 396.827594 734.844107 575.435112 565.032686 595.227307 
594.882192 412.214009 777.837793 403.867456 744.541850 582.207578 578.831737 601.344154 
606.377300 413.667336 784.044334 402.477355 755.481919 583.758472 589.218822 602.803579 
614.954222 407.503288 791.679240 398.731775 763.337644 576.985499 597.017223 598.614612 
623.973181 392.833104 799.351092 382.020678 770.263664 566.241054 606.926570 582.649347 
632.168749 372.539888 805.710455 364.022504 778.608824 543.303689 616.353185 558.891567 
638.128807 349.776620 811.472903 340.532562 782.792129 521.022439 622.339518 536.717068 
644.391718 323.814633 814.618785 313.543719 788.157663 493.493111 626.714024 512.006209 
649.560656 299.599379 818.257455 289.331992 790.022304 468.725568 630.446547 486.852447 
649.293291 279.864131 817.232354 267.744817 790.108176 447.226084 631.403518 464.531096 
649.559816 256.240983 815.872478 246.272717 791.740532 423.597351 633.821700 444.055389 
652.543149 237.540293 822.526192 229.248437 790.395251 406.482854 632.331750 421.511843 
652.071610 223.517001 821.481929 213.338204 787.403690 390.882672 631.277470 407.285510 
651.432124 213.864392 822.892743 204.404373 787.024036 380.193240 631.333011 395.961145 
648.064954 204.969131 817.173043 195.519779 784.074261 371.433785 628.625453 386.606967 
644.834161 198.085355 812.798595 189.849852 782.622713 364.860220 626.638501 380.369583 
639.698054 191.889520 811.056989 185.662545 777.282052 360.305441 621.167460 375.546180 
635.604365 191.129846 804.466805 184.002535 771.612910 357.445902 616.963706 371.505634 
629.648139 188.515789 798.921770 183.307369 766.565116 355.593335 611.939513 369.768784 
618.892875 185.943151 789.948333 181.008859 754.949909 354.624528 601.565163 368.601663 
608.955637 185.170301 777.269821 183.525537 743.938431 359.129018 590.863232 368.835617 
596.479771 194.306054 764.190876 191.701844 730.856991 365.663052 578.250303 374.517365 
581.070044 204.265217 749.822833 204.265217 717.009790 375.622216 563.882260 382.914003 
565.241843 225.645122 733.473790 222.676323 703.290999 391.897869 550.397848 397.835467 
553.561581 246.166039 718.365275 243.738918 694.126647 413.409312 538.828875 420.026906 
541.523915 268.961435 706.288655 268.549523 684.342087 435.318730 529.186015 444.639060 
531.303627 303.530853 695.871842 297.326917 675.095876 461.226209 521.007457 471.037082 
519.267908 329.126034 683.744310 322.777822 665.853894 488.985554 511.188365 500.527758 
506.855907 357.057429 669.918988 349.772824 653.675312 513.945280 499.577898 526.273073 
494.400603 389.294337 657.462206 378.423563 644.673060 540.845709 491.203316 556.192683 
492.147744 403.678094 652.557016 392.560619 643.962801 556.372852 489.752523 576.549853 
492.119809 415.725180 653.720238 399.048969 646.574111 559.045918 492.524441 582.472183 
490.853761 415.835898 651.511144 403.778836 645.895829 563.289852 491.937125 588.044525 
483.159443 417.509664 643.435554 406.480181 639.694280 565.867329 486.453157 588.266518 
478.405547 413.488426 636.486646 401.486607 634.428483 560.588403 482.892663 581.165522 
470.018656 405.333379 627.882767 390.071659 626.932205 547.939313 476.221289 569.877706 
462.988400 384.646818 619.828168 371.784298 621.073588 530.279329 469.627780 548.950730 
454.756276 363.844730 611.292954 346.751644 613.991862 504.187958 465.551909 524.879588 
448.396484 336.695568 604.174960 321.005650 608.658507 476.773240 461.291673 494.703084 
447.143297 309.967802 600.285605 295.257152 605.363404 447.628553 460.637694 467.698450 
445.725200 284.462658 597.479331 268.876569 604.771119 422.524941 460.497901 442.316935 
444.989216 265.196316 595.512537 248.008532 604.887692 401.656905 461.135316 423.532266 
445.234163 245.532772 595.411235 231.108985 604.320044 382.558744 462.203324 402.073279 
444.834179 232.056303 594.133805 216.958588 602.920319 365.485728 462.615825 386.720077 
445.394273 224.964545 592.601742 208.419613 601.510484 355.621380 461.939205 376.414303 
444.295567 216.572457 590.036406 202.062127 599.262905 347.466607 461.236240 368.502757 
441.347702 212.039268 584.312880 199.312397 592.373569 344.814990 457.898302 365.178378 
435.198784 215.058492 577.094238 203.706856 582.750273 346.312942 448.783216 365.514887 
429.910721 224.456197 570.039928 212.587330 573.102861 355.013737 440.630988 370.711271 
425.329428 236.431167 562.012835 226.093767 564.692902 365.457240 434.518229 378.091841 
423.428543 252.194820 557.814750 243.006020 558.580483 381.220894 429.937276 393.089761 
424.060876 270.005151 555.847619 263.556870 555.041584 398.567754 428.091051 407.837158 
423.363026 288.892334 553.681642 285.853489 550.712039 419.909858 425.564480 427.970209 
422.729858 310.426285 551.221296 306.961426 546.253425 442.355976 422.573336 447.979382 
420.376772 329.157840 546.365449 328.619280 539.635309 458.376759 417.685881 464.300308 
410.146535 344.532739 538.337878 347.523972 527.653884 472.724228 406.734308 478.279480 
396.518395 358.591508 522.168443 361.335410 511.425498 485.631968 389.962032 489.650980 
374.795092 370.220464 502.880018 373.937968 488.011022 496.609005 364.995420 498.636734 
347.729591 381.123863 471.180235 386.214612 455.483761 509.241026 335.851179 509.665255 
322.490345 388.839143 447.022782 396.645012 425.897596 517.110454 305.764887 515.968248 
316.098669 389.375854 436.174063 398.669615 416.660684 518.922586 297.368340 516.219081 
311.711071 387.811078 429.133168 401.369894 409.259809 520.128090 292.302994 515.215231 
310.389249 387.849356 429.951181 404.287511 404.458526 519.114742 288.800299 513.756060 
317.288362 387.254290 430.955199 404.275842 409.346058 517.916827 293.107308 512.401849 
332.367642 387.219210 450.303309 402.915684 421.879965 516.609060 304.792756 508.548709 
356.279226 384.264775 471.044339 397.214924 442.911257 511.980036 333.058270 501.709229 
386.837697 379.022513 495.729451 391.784320 472.438070 504.206874 365.066504 497.279676 
427.625279 372.660068 532.834075 384.114252 510.349937 497.383399 405.565370 486.777673 
469.336492 362.555687 572.619807 373.612656 551.883917 482.196609 447.980479 472.014360 
510.971728 345.646894 613.779927 355.538181 595.010612 464.809855 494.380875 454.797244 
552.024698 324.753436 651.963384 332.204966 635.573804 442.772033 536.600540 436.275603 
583.414582 301.462251 684.552578 306.130097 671.466678 415.837640 573.670726 413.158299 
607.524637 275.809526 708.939915 279.265779 697.842605 387.324604 601.110850 386.505337 
628.617557 252.942660 728.444550 254.832257 721.551083 362.173383 625.370808 363.814685 
640.557038 236.407085 739.682658 233.107641 737.263898 341.260780 640.167949 345.407226 
643.579236 223.266381 743.203737 216.915815 743.577355 320.273350 648.449356 328.540072 
637.879241 212.706697 739.753950 204.520337 740.056328 305.174505 645.158804 318.211114 
631.204783 208.776243 728.528760 196.885532 735.745348 300.329834 640.774899 314.741526 
624.416619 203.954881 721.989293 188.682637 730.898102 291.346059 636.295031 308.739448 
615.990833 204.382378 712.441506 184.975362 723.521900 285.149642 632.575755 305.462487 
608.336688 201.707738 701.808062 179.932470 717.702772 278.410568 627.863104 301.907096 
598.852002 199.931306 690.685296 174.335269 711.968967 272.148822 625.254212 298.290746 
590.452772 198.103613 680.784077 167.635556 707.242996 264.648931 619.847669 295.651751 
583.813794 194.676807 670.507345 161.309145 701.068382 257.046269 616.557761 291.973168 
577.670194 193.620942 662.283731 156.865740 697.507466 250.668078 615.191129 289.720480 
574.783446 196.423150 658.862927 157.288740 696.170180 249.784175 614.828789 289.853021 
575.303016 199.451874 659.130669 161.568223 696.611303 253.053210 616.007790 292.548932 
577.176199 204.563575 660.337578 166.357905 698.116952 258.276223 618.082800 295.984028 
579.173881 212.163241 661.317955 174.325223 699.093088 265.284047 619.607068 303.516570 
581.756640 221.473087 664.604951 186.204578 699.728947 277.950876 620.123066 315.737301 
583.109464 234.256772 666.169040 201.658121 698.767690 293.648834 618.387456 330.266496 
581.155690 251.992784 666.381784 221.638285 694.333462 314.346302 614.774795 348.949077 
576.239445 267.454411 665.170145 240.165062 687.862066 333.094191 606.100012 364.090023 
575.696093 282.383934 663.013339 258.092670 681.395918 349.020780 599.002576 376.922907 
572.167055 290.557004 658.815832 268.794056 676.145587 361.085078 592.720951 386.475185 
570.869874 298.502431 656.581272 279.714846 671.983571 372.475032 588.711471 393.664807 
573.865080 305.779664 658.976344 287.593496 673.161266 379.611487 589.868618 398.888825 
579.469909 312.236838 664.817594 297.793383 674.337144 387.408452 590.959021 405.134510 
584.508512 317.054332 672.742767 304.952542 678.783489 394.125099 595.220066 409.704058 
593.639527 319.190814 679.758017 308.160859 685.272994 400.218556 601.275649 412.945426 
602.268813 322.637408 686.900725 315.743236 691.179223 406.789494 607.501787 418.200381 
610.353833 328.687687 694.748537 324.150718 697.303376 413.647068 612.985932 422.446203 
618.938064 332.352981 703.649596 329.019493 702.928386 418.948910 619.420831 426.307097 
625.458570 334.182678 709.569683 332.255309 707.965163 423.430727 624.815179 428.888315 
631.715052 336.964924 715.903037 335.111910 711.017006 426.324460 627.445816 430.289516 
634.719109 338.394499 719.466650 338.394499 711.101013 429.325337 627.080919 430.416508 
635.278267 338.244082 720.753255 341.153869 708.750384 432.448431 625.094013 431.720984 
634.003872 339.216751 717.237804 343.167417 705.000083 433.987811 622.150294 432.201484 
630.361241 340.511640 712.350229 346.614380 698.170702 435.748920 616.757431 432.127565 
624.474423 338.578888 706.312177 348.035695 689.217179 436.420470 607.743149 430.237173 
616.949708 337.265388 697.805409 349.013653 679.146402 436.434560 599.327312 428.832742 
604.052542 335.928058 686.416357 347.413053 665.088492 435.348874 583.709105 425.832736 
594.549943 332.316384 675.725999 347.792136 651.141928 434.843930 570.881406 423.596608 
584.601160 331.897942 664.181617 347.085052 639.274756 435.170290 558.479331 423.020602 
578.142573 335.098047 657.206669 352.988463 632.390931 438.977880 551.595505 426.858566 
568.796391 340.486409 649.389828 356.385794 624.170113 440.817014 543.576676 427.658902 
561.330561 342.438691 642.125987 358.840769 616.004158 444.496070 537.031185 430.523929 
559.761639 341.777429 637.447770 360.274127 611.552393 446.944368 532.809308 433.732441 
556.668405 346.982984 637.240021 364.248330 610.382815 450.575061 531.090114 438.425373 
558.667018 352.084519 637.032506 366.664145 609.695708 454.749383 531.937705 441.992211 
559.580039 356.956403 637.489913 371.961268 613.828396 459.104906 535.341411 447.562702 
562.572314 362.115440 640.729281 374.947579 619.786912 463.755489 539.013363 453.658796 
566.978751 367.285616 646.390397 379.502792 624.775393 468.312266 544.423964 460.794004 
570.155496 375.880913 650.589117 385.532948 630.212600 473.473708 551.923875 468.111466 
575.650996 384.066491 655.860655 390.316595 640.235396 479.380566 560.025738 475.734673 
580.680372 391.694609 663.466828 395.532391 649.760461 486.542667 568.618770 484.349648 
587.628889 400.509580 668.870229 401.422404 658.313081 492.778862 579.415287 494.521590 
594.634104 407.581326 676.770878 405.602126 668.359281 495.160898 589.686106 501.098496 
601.780554 410.829669 684.393573 405.024429 678.141776 496.122029 599.547769 504.606609 
607.342136 414.230970 689.032083 404.910641 687.658234 495.791217 608.818306 507.118793 
614.179932 415.104219 693.504342 404.561101 695.933024 493.745215 618.782505 509.539810 
618.941415 417.146702 697.444283 401.628693 704.622239 492.060737 628.686688 510.285269 
623.590423 417.495817 701.990842 397.758648 711.859426 487.672415 637.296790 510.150856 
628.303488 417.364931 703.962633 393.789980 718.765509 484.252001 645.299383 508.923461 
631.982187 417.542590 706.429401 389.841301 724.896926 478.716269 651.603933 508.148888 
631.006270 413.059621 707.213670 383.453869 728.047348 471.174617 657.322495 504.069897 
632.633588 406.807470 707.196223 376.105208 730.771174 463.825956 661.691085 497.269491 
633.865198 400.831122 704.849750 367.935841 734.859480 453.348148 666.183368 489.128980 
634.422388 396.212295 703.694366 359.102307 735.856356 441.733881 670.047976 480.328269 
634.901619 386.140906 702.090229 346.556919 735.944955 428.329104 672.923081 469.475617 
634.955647 378.338558 699.182712 335.049614 738.152407 415.114624 676.509435 459.752638 
638.857144 376.561404 699.165158 329.411502 741.380768 407.263665 683.265773 454.413567 
640.069455 372.891966 699.727434 325.489481 742.985660 400.072629 686.302467 448.551676 
638.212330 369.753212 695.315864 318.117038 742.699648 392.230135 689.640722 443.198920 
635.562585 368.517109 689.671937 314.912302 740.514722 384.785496 691.120612 439.119016 
630.918840 369.948386 682.377149 315.937126 735.882484 380.191971 689.459753 437.959152 
626.436131 370.543957 674.981773 314.529754 730.995976 376.767757 687.429374 435.271480 
624.598776 369.661621 670.639699 310.831553 728.830310 373.498365 685.986673 431.688976 
621.825280 368.173285 666.345649 312.264897 725.238447 369.657684 684.170060 429.528465 
619.555249 367.360943 664.947753 309.665797 723.067129 367.360943 682.765372 427.177234 
617.398958 365.666384 660.711077 307.003134 721.567346 365.118130 681.544755 425.426144 
613.926594 366.175279 656.099065 307.937105 716.911519 364.989178 678.032517 425.130134 
607.068843 367.386050 651.630216 310.092856 711.576006 365.314755 671.553415 426.171023 
601.286352 371.341285 645.013109 313.365335 703.892214 370.820444 664.829069 430.196425 
593.685543 375.093491 638.642426 317.526750 696.757422 377.286509 656.186576 436.498014 
586.549486 381.743932 632.000231 327.208658 688.472059 387.191633 647.269518 444.645522 
580.783415 389.655475 627.936470 336.457157 682.746859 396.506774 638.011909 453.735268 
575.978413 397.217679 625.775830 345.732215 677.330609 409.229488 631.277216 462.958446 
573.950870 405.311472 627.465269 357.619884 675.432678 421.114877 626.078091 474.349970 
574.489012 414.065813 628.683791 366.054330 673.058040 432.615704 622.500494 483.900696 
576.802079 422.509769 633.849215 378.480100 674.050217 445.864637 620.831748 493.722973 
578.217525 428.637734 636.413262 386.905265 675.082797 457.735602 619.949994 503.679604 
578.295868 434.445654 638.788805 395.010385 674.012540 466.989322 617.731137 509.870391 
575.585291 436.778414 636.745372 398.423786 670.608017 472.714281 613.594381 514.524280 
569.581713 439.025783 631.778406 401.926001 663.058614 477.944182 603.771708 516.498857 
562.243995 438.944913 626.726806 404.158133 655.150150 481.792043 594.061171 518.275739 
553.686863 438.932879 619.157066 407.920677 644.809134 484.494014 582.018998 519.334883 
544.699138 438.713292 611.197037 409.293010 633.766020 486.672382 570.492263 519.316805 
535.535018 436.036246 602.987432 409.309818 623.350424 489.064873 558.019156 517.912446 
526.396254 434.118481 595.166010 409.557853 611.688614 489.491531 546.044756 515.838386 
516.122207 433.033685 586.119994 409.701089 600.119552 491.577289 533.939825 515.758343 
506.418479 432.308623 577.688954 409.824485 589.991595 491.700685 522.539182 514.609051 
497.138955 431.416095 569.058113 410.263401 578.929369 492.993935 510.300631 515.556808 
486.828237 431.592256 558.098711 411.653493 567.855979 494.378151 498.706649 515.165373 
477.347302 432.180669 550.577679 412.883475 557.999677 495.515049 487.738099 515.801843 
466.569473 432.611175 541.973937 416.262461 548.445673 498.790901 477.175198 517.032749 
458.353800 430.942517 534.552976 416.593321 539.500974 499.224895 467.754997 517.037689 
451.769597 430.320044 526.858132 417.168945 531.524651 499.045145 459.405719 516.014305 
446.068274 428.416721 520.643269 416.806243 525.108838 498.079591 451.873513 513.709081 
442.514753 427.256444 517.037334 416.362337 520.571267 498.292000 447.113379 512.418517 
437.612385 423.843601 512.680158 415.017943 514.366707 496.394071 440.126630 509.120941 
431.492719 420.667813 506.752128 412.949568 507.796310 494.047694 434.007457 505.185634 
426.326109 415.750387 501.617053 410.682806 502.133712 491.557991 427.091842 501.512525 
420.311000 410.345940 496.616428 406.877407 494.587138 488.833611 419.162400 496.108078 
414.268064 405.854093 489.903170 403.175677 487.503389 485.787771 411.142166 489.806782 
408.758241 399.502662 485.140145 398.411492 480.411741 480.976693 403.302391 484.250203 
402.707027 392.268283 480.324595 392.407585 473.774323 476.960904 396.132651 478.858871 
399.869004 387.000714 477.960408 389.419474 469.321978 472.002861 391.230574 473.039472 
398.486315 381.665584 478.505452 383.847924 467.230028 467.868018 389.029508 467.140572 
400.811872 375.894577 480.653700 379.876546 467.926830 463.179698 389.781918 462.013067 
404.190277 368.901731 483.994877 374.750295 471.411019 458.618852 393.374149 455.546534 
410.338332 365.020775 492.214532 372.232668 476.519070 455.804655 398.041494 451.562760 
418.120952 361.249071 498.560831 369.435318 481.370696 452.648148 403.346174 448.058654 
425.684710 355.566171 506.809217 365.415414 489.101254 449.270065 409.411774 442.500021 
432.894941 352.344868 514.069043 364.692792 494.657707 446.671513 416.157712 438.680495 
438.605658 350.550759 517.181944 361.851862 499.176334 444.799612 419.947469 436.109697 
442.150276 346.740100 520.902676 358.592368 501.886646 443.310142 423.299116 433.739016 
446.849194 341.655057 525.771236 355.322196 505.395511 440.650887 427.248061 428.147295 
453.800867 339.663853 532.905343 353.887619 511.493810 439.247148 433.641647 424.992526 
463.231521 338.497369 542.942364 353.005386 521.773781 436.958510 441.799100 424.211885 
474.904257 336.739391 553.905551 353.477803 533.041734 437.222319 454.894284 424.272170 
489.586910 339.878961 567.869541 355.727592 547.441446 439.211551 468.853021 426.314989 
505.243005 344.005185 583.277835 360.263633 562.915198 445.719651 486.107418 430.536718 
522.375835 352.368319 600.292095 368.235613 581.292776 453.764358 501.852661 440.132623 
536.811365 360.039671 615.593911 374.836668 596.581388 461.596199 519.097654 448.236240 
549.549708 372.918569 627.967957 385.985717 610.766706 472.172984 532.172699 460.115949 
564.459239 388.412166 644.478377 400.415037 627.019656 486.253748 548.819135 475.342047 
570.315663 397.860545 651.725212 408.339002 636.007527 495.390796 557.016084 486.927427 
572.506396 404.343617 654.436262 413.880519 640.295268 500.556103 561.209396 492.280856 
578.400753 413.976436 661.549640 422.036788 647.975526 508.576176 567.796243 502.636970 
586.594807 422.090981 669.319465 428.878646 657.441053 516.694052 576.837540 512.027533 
594.727106 429.995411 677.457640 435.166069 667.586383 524.477441 587.206149 520.716962 
606.725518 441.815077 689.747136 446.248271 682.089802 534.106100 601.083272 532.091012 
616.398718 450.293021 698.100030 452.431680 691.736562 540.799715 610.852053 540.050784 
619.188192 455.111296 702.242997 456.959054 696.882863 545.018392 616.480859 543.869792 
624.539988 455.862416 705.509701 458.640789 701.918654 548.619417 620.509105 547.007347 
628.376400 457.925578 707.725610 459.408342 706.304293 548.780477 626.103797 548.377459 
630.836849 457.101418 710.342052 457.317810 709.504864 548.452938 628.901351 548.028709 
630.390270 454.412507 710.474609 454.953970 710.176166 545.693745 629.572653 546.542203 
629.490135 452.795091 710.315518 453.155918 709.350508 539.163632 628.603924 540.254802 
626.300891 442.012830 706.318826 441.385753 706.318826 530.697125 625.938592 531.637244 
621.677583 428.543996 699.158203 428.543996 699.588650 516.785812 620.386240 517.216260 
611.790587 413.148729 689.820522 411.738549 690.290582 501.519981 611.790587 502.460101 
597.749802 396.153378 674.959483 396.153378 674.111025 486.089929 596.477115 486.089929 
575.119422 386.584417 652.709466 386.169497 651.895280 471.993386 574.993985 472.546868 
548.930415 374.928206 627.524422 375.374763 626.184751 460.667123 548.930415 459.774009 
513.521892 362.124882 591.697199 362.686133 590.061497 446.515859 512.365654 446.106933 
482.781016 350.462525 558.024304 352.817197 556.261031 439.310909 480.379708 436.909601 
455.834806 347.060904 533.108620 349.050726 530.497384 434.692203 453.308608 432.713004 
440.736521 345.772400 520.096661 349.972017 515.765452 434.762445 436.652268 431.287879 
425.138579 342.763868 505.459234 344.800996 501.385214 432.432195 421.426196 430.718788 
416.730226 340.531061 495.751471 343.417681 490.718992 432.293613 412.518471 428.656379 
412.746956 340.916078 492.645011 345.282092 486.921264 433.120048 407.929821 430.298925 
416.221330 343.565724 494.271082 348.487781 489.571672 435.382723 411.849735 431.936923 
431.057751 346.193092 506.486668 351.306917 501.805631 438.051599 425.185876 432.410880 
448.600349 348.376274 524.145488 354.187439 518.315525 438.660878 442.378531 433.994359 
469.700304 354.042784 544.188868 358.797374 538.375188 442.274806 464.099051 438.829006 
492.799268 356.496626 569.160491 360.515638 562.908695 443.128657 487.887142 439.109645 
515.614864 357.829108 590.596433 360.938943 584.376764 442.485719 509.395195 439.721421 
535.368283 352.359781 609.926532 355.986939 603.881269 441.426663 529.726037 436.187435 
549.996198 350.176027 625.038069 354.770428 617.763602 438.235365 544.636065 432.492365 
560.353802 348.075140 634.247073 351.520940 627.739131 433.452883 555.759402 430.008611 
567.979202 343.121384 640.887548 346.576755 635.358953 428.469068 562.105070 423.977085 
573.148752 337.596460 645.711561 341.397369 639.792447 421.905393 568.311232 417.761086 
576.167814 333.346523 649.295351 334.877989 644.318084 415.279994 572.042772 412.396223 
578.926372 325.511017 651.508833 328.473567 646.768754 408.758656 574.186293 405.499852 
579.378440 319.647919 652.360493 322.467717 648.148960 402.869721 574.374378 400.384916 
577.508763 319.609478 650.478721 322.226891 646.568008 400.759425 574.311875 397.155561 
573.590252 318.069245 646.483781 320.602225 642.543590 398.561713 569.931503 396.310175 
566.725163 317.715400 639.469833 320.395466 635.258300 397.351670 564.045096 395.820204 
557.002084 316.965841 629.336914 319.180173 625.277306 396.681776 554.901237 395.359634 
544.388919 315.024016 615.212856 318.103317 611.253754 397.725259 540.429817 394.206057 
528.511582 317.653659 600.400593 319.623221 596.133209 397.092658 524.900718 395.779617 
510.828683 315.728479 583.403399 317.481491 578.721979 396.716776 507.451504 394.595631 
493.835814 316.792448 566.580484 318.323915 561.603217 396.428719 490.390014 393.748652 
478.461678 316.950205 551.404527 319.281711 547.407659 396.221428 474.797882 394.889139 
466.281633 315.262293 538.844442 318.026590 534.006921 396.463531 461.789650 394.044771 
456.845548 314.844238 529.428009 316.918022 523.208164 395.716279 451.809214 393.648053 
451.154635 313.387172 523.851621 317.771328 517.266300 395.478117 445.529131 391.282054 
446.317951 312.778490 519.230385 317.144504 512.716375 395.362542 441.120304 391.151008 
444.730778 312.994428 518.081837 318.896699 509.301940 395.448850 437.518884 390.204109 
445.461350 313.850241 517.834423 320.719050 508.207697 396.701427 436.507485 390.026308 
446.838453 314.592681 519.810723 323.636253 509.519762 399.103302 437.483034 391.618966 
449.448179 315.606501 522.923725 323.994120 511.322389 400.970745 439.873292 393.825835 
453.352583 316.250265 526.713587 325.952425 514.268947 402.081087 442.855780 393.008136 
460.736771 317.120434 531.899076 327.742040 519.698240 403.648305 447.836139 392.755162 
468.623996 314.708703 539.626536 327.212295 524.890160 403.573518 454.444041 392.647210 
475.908026 314.070695 547.242135 327.370275 531.927468 402.734560 461.685215 390.051200 
484.915595 310.054032 557.312625 324.116765 539.603999 400.680530 470.518120 387.183303 
494.515213 307.575290 565.043286 322.486940 546.907496 397.851224 476.782440 383.745610 
501.664053 304.612811 571.808102 321.544133 553.840168 395.143553 484.387194 379.248843 
509.976408 300.477769 579.804162 317.474442 560.732679 391.956418 491.762607 376.311448 
515.568779 299.265880 585.876172 317.409724 565.865301 390.997996 496.857941 374.109234 
521.389407 294.596738 591.163164 313.001341 570.827665 388.184067 501.612283 371.939418 
525.623070 294.728451 595.583255 313.175664 575.047678 388.356758 505.009178 370.631770 
529.473975 293.054074 599.963529 312.983058 579.300544 387.896953 509.549101 370.182301 
533.170565 295.012697 603.239532 314.412649 582.332838 388.897856 511.728596 372.245257 
535.479870 298.096524 606.450342 317.254398 583.721073 391.515996 514.841698 373.430585 
537.205717 300.118730 608.660566 320.023968 587.427275 395.351237 517.457856 377.498103 
539.326741 306.732511 610.577918 326.029705 588.809952 402.722298 518.548374 383.919904 
541.815654 314.362601 613.395431 333.704862 591.470361 409.981462 520.987218 391.045882 
541.586733 323.465511 614.129894 343.213372 592.769963 419.383691 521.032837 400.441866 
543.844973 330.949792 615.691212 351.140112 593.525246 426.907414 520.982084 409.174642 
542.659811 338.488149 615.021615 358.397217 593.198214 435.353421 519.687810 416.975820 
541.685425 346.928418 614.755672 365.571311 591.773679 442.177956 519.519459 424.710808 
541.336799 352.989634 614.304190 372.079940 592.280220 449.711222 519.276891 432.744689 
542.080723 357.710267 615.429920 376.652093 594.074413 454.834176 519.511740 438.313780 
543.347282 361.961216 618.638016 380.147384 595.359721 459.075351 521.523881 442.707801 
545.570969 365.266718 620.935254 383.805526 598.366270 463.199987 524.211038 445.870231 
548.887036 367.568601 625.941828 386.573146 602.099762 465.010087 527.463730 448.769839 
554.251692 369.949856 629.172492 388.680056 608.262799 468.062192 532.063623 451.733797 
560.285584 372.697745 636.722479 392.249850 613.491777 470.441670 538.449907 453.978403 
565.678850 375.130976 641.786735 394.505196 618.814734 473.758600 543.007130 457.295332 
570.783154 376.968771 646.989943 395.226648 623.924658 475.516432 548.154599 458.593341 
576.273369 378.593675 652.634592 397.349063 628.520521 477.729297 553.498969 461.653250 
580.659948 378.563819 656.865445 397.954379 632.051001 478.256106 557.261613 461.376804 
583.863230 378.696648 660.839584 398.041491 637.064690 478.239466 560.085193 462.121284 

