94.809484 190.383527 228.985857 168.819468 257.737937 251.481697 122.363561 283.827787 
90.644092 190.874640 230.701729 168.050432 260.788184 255.197406 126.955331 287.358790 
96.868876 197.099424 229.664265 176.350144 260.788184 255.197406 130.067723 289.433718 
99.981268 203.324207 234.851585 176.350144 263.900576 259.347262 135.255043 293.583573 
99.981268 208.511527 235.889049 178.425072 265.975504 262.459654 134.217579 297.733429 
104.131124 209.548991 235.889049 180.500000 270.125360 264.534582 136.292507 302.920749 
107.243516 215.773775 243.151297 184.649856 273.237752 266.609510 142.517291 307.070605 
111.620449 219.259667 243.748245 188.284653 276.659198 273.465943 148.887263 312.668696 
114.505764 225.110951 245.226225 193.987032 280.500000 270.759366 152.891931 314.332853 
114.505764 229.260807 250.413545 195.024496 283.612392 273.871758 157.041787 320.557637 
119.608249 234.959493 250.413545 200.211816 287.740143 278.763971 158.903442 322.568449 
122.114115 237.711688 250.413545 199.174352 288.799712 280.096542 163.472799 326.148874 
124.880403 242.747839 253.525937 203.324207 291.912104 282.171470 167.416427 326.782421 
129.030259 245.860231 256.638329 205.399135 296.805912 284.377617 170.528818 331.969741 
130.685483 248.690198 258.713256 204.361671 298.944592 285.713814 176.753602 335.082133 
132.142651 251.047550 263.900576 206.436599 306.436599 283.208934 180.903458 337.157061 
138.073935 251.682297 265.975504 208.511527 308.511527 283.208934 188.165706 339.231988 
141.070960 255.446043 269.986859 206.167611 312.225515 287.125035 192.109336 340.803328 
147.704611 259.347262 274.275216 208.511527 317.848703 286.321326 196.796647 344.083130 
152.891931 260.384726 277.256683 210.126945 324.687174 288.048466 203.207039 345.158649 
158.079251 264.534582 279.462536 209.548991 328.223343 285.283862 209.474659 348.862904 
163.287772 267.223225 286.923838 210.905016 334.448127 288.396254 215.646106 349.940593 
168.827388 269.996167 291.759477 211.918015 340.157937 288.387582 223.439481 351.681556 
174.678674 271.796830 295.700855 213.332702 346.035254 287.382346 228.626801 353.756484 
179.865994 274.909222 299.174352 210.586455 351.047550 285.283862 233.814121 353.756484 
185.053314 273.871758 303.324207 212.661383 357.272334 283.208934 242.113833 356.868876 
191.278098 275.946686 307.474063 213.698847 364.534582 285.283862 245.226225 354.793948 
197.184454 274.695293 315.540689 210.897323 369.658967 283.495013 258.713256 353.756484 
202.690202 279.059078 318.886167 212.661383 379.059078 282.171470 268.050432 356.868876 
210.989914 281.134006 324.460487 211.155073 382.171470 281.134006 275.312680 356.868876 
216.177233 286.321326 331.335735 212.661383 389.433718 283.208934 283.612392 361.018732 
222.402017 290.471182 335.485591 217.848703 396.695965 284.246398 289.837176 363.093660 
229.664265 295.658501 338.597983 218.886167 403.958213 284.246398 296.061960 368.280980 
235.889049 303.958213 343.785303 224.073487 407.070605 286.321326 305.399135 370.355908 
241.076369 306.033141 350.010086 223.036023 411.220461 292.546110 309.548991 377.618156 
245.308816 310.445497 352.307696 226.830478 414.664659 292.021849 315.773775 379.693084 
246.263689 313.295389 351.047550 227.185879 418.482709 294.621037 321.678643 383.779096 
252.488473 321.595101 355.197406 232.373199 426.782421 295.658501 328.223343 386.955331 
255.600865 321.595101 356.234870 232.373199 428.857349 295.658501 333.410663 389.030259 
260.788184 324.707493 358.309798 234.448127 430.932277 295.658501 335.485591 394.217579 
263.900576 327.819885 362.459654 236.523055 441.306916 295.658501 340.672911 394.217579 
271.162824 323.670029 371.796830 231.335735 445.456772 296.695965 347.935159 391.105187 
276.350144 318.482709 375.946686 231.335735 450.644092 293.583573 357.272334 389.030259 
279.462536 321.595101 384.246398 225.110951 454.793948 289.433718 359.347262 389.030259 
288.799712 312.257925 390.471182 227.185879 462.056196 289.433718 364.534582 384.880403 
292.949568 311.220461 396.416120 219.930453 466.206052 286.321326 368.684438 379.693084 
298.136888 304.995677 403.958213 215.773775 473.468300 283.208934 373.871758 375.543228 
303.324207 298.770893 410.182997 212.661383 483.842939 284.246398 378.021614 373.468300 
311.623919 290.471182 420.557637 206.436599 489.030259 278.021614 387.358790 368.280980 
314.736311 285.283862 434.044669 204.361671 496.292507 275.946686 388.396254 363.093660 
326.148415 271.796830 444.419308 196.061960 505.629683 273.871758 395.658501 356.868876 
336.523055 268.684438 453.756484 195.024496 520.154179 270.759366 400.845821 351.681556 
347.935159 259.347262 475.543228 185.687320 530.528818 266.609510 415.370317 341.306916 
364.534582 245.860231 485.917867 181.537464 540.903458 264.534582 423.670029 334.044669 
375.946686 240.672911 502.926122 183.675918 555.427954 264.534582 433.007205 330.932277 
389.433718 236.523055 518.079251 185.687320 566.840058 269.721902 444.419308 328.857349 
402.920749 234.448127 540.903458 187.762248 579.289625 273.871758 451.681556 331.969741 
417.445245 240.672911 549.203170 197.099424 591.739193 285.283862 462.056196 336.119597 
427.819885 243.785303 567.877522 208.511527 603.151297 302.920749 470.355908 347.531700 
442.344380 255.197406 580.327089 223.036023 612.488473 317.445245 476.580692 353.756484 
458.943804 268.684438 599.001441 245.860231 623.900576 338.194524 486.955331 372.430836 
471.393372 286.321326 612.488473 268.684438 634.275216 363.093660 498.367435 391.105187 
490.067723 304.995677 629.087896 291.508646 645.687320 386.955331 509.779539 407.704611 
505.629683 323.670029 645.687320 317.445245 661.249280 414.966859 524.304035 431.566282 
521.191643 344.419308 660.211816 343.381844 670.586455 439.865994 532.603746 450.240634 
537.791066 358.943804 672.661383 358.943804 686.148415 459.577810 544.015850 467.877522 
556.465418 372.430836 695.485591 375.543228 700.672911 475.139769 559.577810 480.327089 
574.102305 373.468300 708.972622 377.618156 720.384726 482.402017 575.139769 485.514409 
589.664265 375.543228 728.684438 377.618156 733.871758 482.402017 594.851585 484.476945 
608.338617 361.018732 747.358790 366.206052 755.658501 466.840058 613.525937 470.989914 
621.825648 340.269452 760.845821 342.344380 772.257925 445.053314 631.162824 454.390490 
633.237752 313.295389 775.370317 307.070605 791.969741 407.704611 647.762248 424.304035 
643.612392 281.134006 784.707493 270.759366 807.531700 370.355908 665.399135 396.292507 
653.987032 252.085014 797.157061 231.335735 822.056196 335.082133 679.923631 364.131124 
663.324207 227.185879 806.494236 200.211816 840.730548 301.883285 696.523055 341.306916 
667.474063 212.661383 812.719020 173.237752 850.067723 274.909222 708.972622 319.520173 
672.661383 208.511527 812.719020 157.675793 859.404899 256.234870 721.422190 314.332853 
675.522865 210.950710 810.644092 149.376081 864.592219 245.860231 729.721902 313.295389 
675.773775 213.698847 808.569164 144.188761 868.742075 232.373199 738.021614 315.370317 
674.736311 223.036023 801.306916 141.076369 870.817003 225.110951 743.208934 315.370317 
672.661383 225.110951 796.119597 140.038905 866.667147 223.036023 746.321326 319.520173 
661.249280 240.672911 783.670029 145.226225 862.517291 221.998559 742.171470 324.707493 
652.123730 247.997834 764.995677 149.376081 850.067723 224.073487 735.946686 329.894813 
634.959732 255.176994 744.470928 152.107633 829.318444 224.073487 723.212872 335.055748 
611.451009 264.534582 720.384726 154.563401 804.419308 227.185879 702.747839 340.269452 
578.252161 264.534582 684.073487 157.675793 772.257925 227.185879 671.623919 345.456772 
540.903458 273.871758 646.724784 158.713256 736.019390 230.355358 637.523732 350.109071 
494.217579 273.871758 600.038905 161.825648 694.448127 227.185879 595.889049 347.531700 
448.569164 273.871758 559.577810 161.825648 651.912104 231.335735 553.353026 349.606628 
403.958213 273.871758 512.891931 161.825648 606.263689 231.335735 506.667147 354.793948 
357.272334 278.021614 469.318444 163.900576 563.727666 231.335735 462.056196 353.756484 
321.998559 278.021614 431.969741 163.900576 531.566282 238.597983 424.707493 361.018732 
282.574928 283.208934 401.883285 171.162824 501.479827 245.860231 392.546110 366.206052 
260.788184 288.396254 380.096542 176.350144 478.655620 251.047550 370.759366 372.430836 
239.001441 298.770893 360.384726 184.649856 458.943804 260.384726 350.010086 384.880403 
229.664265 307.070605 354.159942 195.024496 456.868876 274.909222 337.560519 396.292507 
222.402017 320.557637 350.010086 210.586455 448.569164 288.396254 335.485591 407.704611 
226.551873 333.007205 355.197406 221.998559 451.681556 303.958213 337.560519 421.191643 
229.664265 344.419308 357.272334 236.523055 452.719020 316.407781 340.672911 431.566282 
230.701729 353.756484 365.572046 250.010086 457.906340 328.857349 340.672911 447.128242 
229.664265 358.943804 364.534582 257.272334 459.981268 337.157061 338.597983 452.315562 
231.739193 366.206052 367.646974 262.459654 462.056196 347.531700 338.597983 459.577810 
229.664265 363.093660 368.684438 265.572046 462.056196 349.606628 334.448127 466.840058 
229.664265 361.018732 372.834294 265.572046 463.093660 354.793948 332.373199 468.914986 
232.776657 361.018732 374.909222 264.534582 463.093660 354.793948 331.335735 466.840058 
234.851585 356.868876 381.134006 264.534582 464.131124 356.868876 330.298271 465.802594 
230.701729 353.756484 383.208934 264.534582 468.280980 358.943804 330.298271 465.802594 
233.814121 351.681556 386.321326 264.534582 472.430836 361.018732 331.335735 463.727666 
235.889049 349.606628 387.358790 264.534582 474.505764 361.018732 330.298271 463.727666 
229.664265 345.456772 388.396254 260.384726 473.468300 361.018732 326.148415 461.652738 
234.851585 345.456772 393.583573 260.384726 477.618156 358.943804 332.373199 463.727666 
235.889049 344.419308 394.621037 257.272334 480.730548 356.868876 334.448127 463.727666 
234.851585 341.306916 392.546110 256.234870 479.693084 356.868876 335.485591 461.652738 
235.889049 342.344380 394.621037 255.197406 482.805476 354.793948 336.523055 458.540346 
243.151297 336.119597 399.808357 250.010086 489.030259 351.681556 343.785303 454.390490 
243.151297 330.932277 402.920749 245.860231 495.255043 349.606628 345.860231 449.203170 
243.151297 322.632565 404.995677 237.560519 496.292507 342.344380 346.897695 445.053314 
243.151297 319.520173 407.070605 231.335735 499.404899 333.007205 348.972622 442.978386 
243.151297 310.182997 415.370317 223.036023 503.554755 330.932277 351.047550 437.791066 
248.338617 302.920749 421.595101 218.886167 507.704611 329.894813 354.159942 431.566282 
255.600865 299.808357 427.819885 221.998559 510.817003 334.044669 355.197406 433.641210 
257.675793 295.658501 434.044669 223.036023 516.004323 338.194524 355.197406 431.566282 
268.050432 292.546110 443.381844 225.110951 519.116715 343.381844 354.159942 433.641210 
263.900576 292.546110 448.569164 233.410663 521.191643 351.681556 355.197406 435.716138 
261.825648 289.433718 449.606628 236.523055 517.041787 363.093660 345.860231 438.828530 
261.825648 284.246398 445.456772 245.860231 513.929395 370.355908 336.523055 438.828530 
257.675793 281.134006 447.531700 245.860231 507.704611 382.805476 331.335735 437.791066 
253.525937 275.946686 452.719020 252.085014 503.554755 389.030259 319.923631 439.865994 
252.488473 265.572046 447.531700 251.047550 496.292507 394.217579 310.586455 433.641210 
254.563401 260.384726 447.531700 251.047550 490.067723 396.292507 302.286744 431.566282 
257.675793 251.047550 446.494236 252.085014 485.917867 398.367435 300.211816 428.453890 
259.750720 245.860231 450.644092 255.197406 481.768012 403.554755 297.099424 424.304035 
263.900576 238.597983 453.756484 255.197406 479.693084 405.629683 291.912104 419.116715 
270.125360 236.523055 461.018732 262.459654 480.730548 412.891931 290.874640 421.191643 
274.275216 236.523055 465.168588 266.609510 479.693084 420.154179 291.912104 422.229107 
282.574928 237.560519 472.430836 278.021614 485.917867 428.453890 299.174352 426.378963 
299.174352 250.010086 487.992795 293.583573 493.180115 448.165706 308.511527 435.716138 
314.736311 265.572046 501.479827 312.257925 501.479827 466.840058 313.698847 452.315562 
335.485591 284.246398 514.966859 334.044669 516.004323 491.739193 330.298271 475.139769 
357.272334 304.995677 536.753602 363.093660 532.603746 517.675793 348.972622 493.814121 
384.246398 327.819885 559.577810 389.030259 550.240634 547.762248 365.572046 519.750720 
414.332853 351.681556 587.589337 417.041787 572.027378 585.110951 392.546110 545.687320 
451.681556 370.355908 616.638329 445.053314 595.889049 610.010086 419.520173 562.286744 
486.955331 386.955331 649.837176 465.802594 624.938040 631.796830 449.606628 577.848703 
523.266571 396.292507 681.983749 480.906590 656.061960 648.396254 477.618156 587.185879 
559.918462 398.802477 717.272334 493.814121 683.036023 662.920749 509.779539 593.410663 
593.814121 398.367435 749.433718 501.076369 713.122478 666.033141 540.903458 593.410663 
625.975504 394.217579 779.520173 495.889049 738.021614 667.070605 570.989914 587.185879 
659.174352 386.955331 811.681556 491.739193 766.033141 661.883285 599.001441 577.848703 
684.073487 373.468300 835.543228 484.476945 790.932277 652.546110 623.900576 566.436599 
702.747839 361.018732 855.255043 475.139769 809.606628 646.321326 643.612392 557.099424 
719.347262 351.681556 872.891931 461.652738 826.206052 636.984150 658.136888 549.837176 
727.646974 340.269452 878.079251 450.240634 835.543228 620.384726 670.586455 538.425072 
735.946686 325.744957 883.266571 437.791066 841.768012 606.897695 677.848703 527.012968 
734.909222 315.370317 885.341499 420.154179 849.030259 593.410663 681.998559 513.525937 
733.871758 298.770893 886.378963 401.479827 853.180115 577.848703 685.110951 503.151297 
729.721902 283.208934 881.191643 381.768012 853.180115 559.174352 687.185879 485.514409 
728.203050 261.960632 883.266571 358.943804 856.292507 536.350144 691.335735 468.914986 
720.384726 236.523055 876.004323 331.969741 858.367435 508.338617 689.260807 450.240634 
712.085014 214.736311 870.817003 300.845821 860.442363 482.402017 691.335735 428.453890 
704.822767 187.762248 865.629683 269.721902 859.404899 452.315562 690.298271 403.554755 
688.223343 157.675793 855.255043 236.523055 856.292507 419.116715 683.036023 381.768012 
672.661383 133.814121 840.730548 199.174352 850.067723 386.955331 678.886167 358.943804 
653.987032 110.989914 822.056196 172.200288 842.805476 356.868876 672.661383 339.231988 
628.050432 96.465418 805.456772 147.301153 834.505764 333.007205 661.249280 322.632565 
604.188761 84.015850 783.670029 129.664265 822.056196 316.407781 651.912104 318.482709 
578.252161 84.015850 757.733429 120.327089 806.494236 303.958213 639.462536 313.295389 
552.315562 92.315562 731.796830 120.327089 791.969741 301.883285 623.900576 316.407781 
525.341499 105.802594 711.047550 125.514409 777.445245 307.070605 605.226225 334.044669 
503.554755 128.626801 684.073487 139.001441 759.808357 316.407781 593.814121 345.456772 
485.917867 150.413545 664.361671 158.713256 748.396254 330.932277 587.589337 372.430836 
470.355908 172.200288 652.949568 177.387608 741.134006 347.531700 582.402017 394.217579 
458.943804 196.061960 643.612392 201.249280 740.096542 368.280980 581.364553 414.966859 
453.756484 218.886167 639.462536 217.848703 735.946686 381.768012 575.139769 433.641210 
448.569164 233.410663 633.237752 227.185879 738.021614 392.142651 582.402017 447.128242 
449.606628 242.747839 625.975504 237.560519 736.984150 400.442363 584.476945 456.465418 
438.194524 246.897695 621.825648 233.410663 733.871758 400.442363 585.514409 461.652738 
440.269452 250.010086 615.600865 234.448127 734.909222 394.217579 591.739193 459.577810 
430.932277 246.897695 616.638329 232.373199 735.946686 389.030259 587.589337 456.465418 
424.707493 243.785303 605.226225 225.110951 731.796830 379.693084 586.551873 450.240634 
418.482709 234.448127 597.963977 218.886167 725.572046 372.430836 586.551873 442.978386 
411.220461 227.185879 585.514409 209.548991 719.347262 366.206052 586.551873 431.566282 
400.845821 217.848703 575.139769 204.361671 715.197406 361.018732 579.289625 424.304035 
390.471182 213.698847 564.765130 200.211816 703.785303 351.681556 572.027378 417.041787 
378.021614 205.399135 553.353026 197.099424 692.373199 347.531700 562.690202 410.817003 
368.684438 208.511527 541.940922 201.249280 684.073487 353.756484 554.390490 412.891931 
355.197406 210.586455 536.753602 208.511527 675.773775 356.868876 548.165706 414.966859 
342.747839 217.848703 520.154179 214.736311 663.324207 368.280980 534.678674 421.191643 
333.410663 227.185879 509.779539 228.223343 648.799712 379.693084 530.528818 430.528818 
327.185879 231.335735 497.329971 240.672911 637.387608 394.217579 518.079251 445.053314 
318.886167 241.710375 487.992795 252.085014 625.975504 407.704611 510.817003 452.315562 
308.511527 251.047550 472.430836 264.534582 611.451009 424.304035 496.292507 463.727666 
293.987032 259.347262 459.981268 278.021614 599.001441 435.716138 480.730548 473.064841 
279.462536 260.384726 441.306916 287.358790 582.402017 450.240634 467.243516 487.589337 
267.012968 264.534582 437.157061 293.583573 568.914986 463.727666 456.868876 491.739193 
262.863112 264.534582 424.707493 301.883285 556.465418 470.989914 443.381844 499.001441 
260.788184 261.422190 415.370317 304.995677 540.903458 473.064841 434.044669 496.926513 
250.413545 255.197406 402.920749 299.808357 527.416427 477.214697 422.632565 501.076369 
247.301153 243.785303 394.621037 298.770893 519.116715 484.476945 417.445245 493.814121 
245.226225 236.523055 390.471182 298.770893 505.629683 480.327089 410.182997 491.739193 
246.263689 228.223343 383.208934 291.508646 501.479827 484.476945 406.033141 485.514409 
247.301153 215.773775 387.723970 293.641647 494.510270 480.712537 401.883285 478.252161 
252.488473 209.548991 383.208934 286.321326 493.180115 482.402017 407.070605 476.177233 
256.638329 204.361671 387.358790 288.396254 489.030259 476.177233 407.070605 475.139769 
268.050432 199.174352 387.358790 281.134006 492.142651 480.327089 417.445245 473.064841 
277.387608 197.099424 394.621037 285.283862 498.367435 480.327089 420.557637 468.914986 
282.574928 195.024496 401.883285 290.471182 503.554755 485.514409 427.819885 470.989914 
291.912104 193.987032 408.108069 293.583573 506.667147 485.514409 436.119597 467.877522 
304.361671 199.174352 409.145533 295.658501 514.966859 495.889049 443.381844 470.989914 
303.324207 204.361671 406.033141 296.695965 510.817003 494.851585 445.456772 475.139769 
301.249280 204.361671 406.033141 301.883285 513.929395 506.263689 445.456772 484.476945 
307.474063 215.773775 404.995677 308.108069 514.966859 513.525937 456.868876 491.739193 
305.399135 224.073487 408.108069 320.557637 511.854467 521.825648 459.981268 503.151297 
305.399135 225.110951 402.920749 326.782421 509.779539 532.200288 458.943804 512.488473 
309.548991 241.710375 401.883285 342.344380 508.742075 536.350144 463.093660 519.750720 
309.548991 247.935159 400.845821 349.606628 506.667147 542.574928 462.056196 524.938040 
308.511527 260.384726 398.770893 361.018732 510.817003 553.987032 462.056196 533.237752 
302.286744 260.384726 388.396254 361.018732 506.667147 563.324207 461.018732 536.350144 
295.024496 268.684438 389.433718 370.355908 506.667147 568.511527 462.056196 543.612392 
300.211816 281.134006 386.321326 377.618156 503.554755 566.436599 463.093660 547.762248 
291.912104 283.208934 383.208934 386.955331 503.554755 577.848703 455.831412 551.912104 
287.762248 288.396254 374.909222 379.693084 503.554755 580.961095 455.831412 555.024496 
280.500000 294.621037 370.759366 394.217579 501.479827 588.223343 453.756484 563.324207 
275.312680 302.920749 364.534582 391.105187 499.404899 593.410663 450.644092 569.548991 
275.312680 304.995677 364.534582 403.554755 497.329971 593.410663 452.719020 573.698847 
271.162824 307.070605 361.422190 396.292507 497.329971 596.523055 453.756484 571.623919 
277.387608 316.407781 362.459654 403.554755 504.592219 600.672911 452.719020 571.623919 
280.500000 318.482709 366.609510 405.629683 504.592219 600.672911 456.868876 573.698847 
281.537464 321.595101 368.684438 407.704611 505.629683 604.822767 457.906340 577.848703 
276.350144 327.819885 365.572046 405.629683 505.629683 606.897695 462.056196 578.886167 
277.387608 324.707493 367.646974 409.779539 509.779539 606.897695 458.943804 585.110951 
268.050432 324.707493 367.646974 414.966859 510.817003 608.972622 459.981268 590.298271 
263.900576 326.782421 365.572046 414.966859 510.817003 615.197406 455.831412 593.410663 
247.301153 326.782421 364.534582 417.041787 506.667147 611.047550 449.606628 594.448127 
247.301153 327.819885 366.609510 424.304035 502.517291 611.047550 444.419308 596.523055 
239.001441 326.782421 361.422190 424.304035 501.479827 617.272334 435.082133 599.635447 
227.589337 326.782421 354.159942 421.191643 494.217579 617.272334 423.670029 601.710375 
220.327089 325.744957 346.897695 419.116715 487.992795 618.309798 414.332853 602.747839 
205.802594 321.595101 343.785303 419.116715 479.693084 615.197406 406.033141 603.785303 
197.502882 321.595101 339.635447 417.041787 473.468300 615.197406 397.733429 601.710375 
190.240634 316.407781 330.298271 414.966859 468.280980 619.347262 385.283862 608.972622 
181.940922 320.557637 315.773775 410.817003 456.868876 618.309798 372.834294 611.047550 
179.865994 316.407781 316.811239 409.779539 448.569164 620.384726 362.459654 611.047550 
168.453890 308.108069 312.661383 409.779539 442.344380 620.384726 356.234870 614.159942 
165.341499 311.220461 309.548991 412.891931 435.082133 620.384726 345.860231 611.047550 
158.079251 308.108069 302.286744 412.891931 423.670029 621.422190 336.523055 611.047550 
147.704611 299.808357 293.987032 407.704611 419.520173 621.422190 328.223343 613.122478 
142.517291 294.621037 288.799712 405.629683 411.220461 623.497118 319.923631 612.085014 
139.404899 292.546110 283.612392 401.479827 403.958213 626.609510 313.698847 612.085014 
136.292507 293.583573 273.237752 401.479827 399.808357 624.534582 306.436599 615.197406 
132.142651 290.471182 271.162824 400.442363 394.621037 626.609510 300.211816 610.010086 
127.992795 288.396254 265.975504 403.554755 386.321326 629.721902 297.099424 612.085014 
123.842939 286.321326 262.863112 405.629683 378.021614 630.759366 289.837176 613.122478 
119.693084 286.321326 255.600865 403.554755 370.759366 630.759366 282.574928 611.047550 
113.468300 284.246398 246.263689 403.554755 360.384726 632.834294 276.350144 610.010086 
110.355908 273.871758 243.151297 409.779539 355.197406 633.871758 274.275216 612.085014 
106.206052 269.721902 232.776657 398.367435 345.860231 630.759366 265.975504 605.860231 
105.168588 266.609510 225.514409 391.105187 340.672911 629.721902 264.938040 601.710375 
107.243516 266.609510 221.364553 396.292507 330.298271 630.759366 258.713256 597.560519 
107.243516 256.234870 214.102305 391.105187 327.185879 627.646974 258.713256 591.335735 
102.056196 252.085014 210.989914 394.217579 321.998559 629.721902 259.750720 588.223343 
103.093660 243.785303 210.989914 386.955331 317.848703 628.684438 260.788184 579.923631 
108.280980 238.597983 210.989914 389.030259 315.773775 623.497118 265.975504 577.848703 
110.355908 231.335735 205.802594 381.768012 315.773775 624.534582 268.050432 571.623919 
115.543228 221.998559 203.727666 381.768012 316.811239 623.497118 273.237752 564.361671 
118.655620 214.736311 192.315562 347.531700 313.698847 617.272334 278.425072 557.099424 
0.000000 0.000000 0.000000 0.000000 0.000000 0.000000 0.000000 0.000000 
0.000000 0.000000 0.000000 0.000000 0.000000 0.000000 0.000000 0.000000 
0.000000 0.000000 0.000000 0.000000 0.000000 0.000000 0.000000 0.000000 
0.000000 0.000000 0.000000 0.000000 0.000000 0.000000 0.000000 0.000000 
0.000000 0.000000 0.000000 0.000000 0.000000 0.000000 0.000000 0.000000 
0.000000 0.000000 0.000000 0.000000 0.000000 0.000000 0.000000 0.000000 
0.000000 0.000000 0.000000 0.000000 0.000000 0.000000 0.000000 0.000000 
0.000000 0.000000 0.000000 0.000000 0.000000 0.000000 0.000000 0.000000 
0.000000 0.000000 0.000000 0.000000 0.000000 0.000000 0.000000 0.000000 
0.000000 0.000000 0.000000 0.000000 0.000000 0.000000 0.000000 0.000000 
0.000000 0.000000 0.000000 0.000000 0.000000 0.000000 0.000000 0.000000 
0.000000 0.000000 0.000000 0.000000 0.000000 0.000000 0.000000 0.000000 
0.000000 0.000000 0.000000 0.000000 0.000000 0.000000 0.000000 0.000000 
0.000000 0.000000 0.000000 0.000000 0.000000 0.000000 0.000000 0.000000 
0.000000 0.000000 0.000000 0.000000 0.000000 0.000000 0.000000 0.000000 
0.000000 0.000000 0.000000 0.000000 0.000000 0.000000 0.000000 0.000000 
124.880403 256.234870 225.514409 391.105187 374.909222 624.534582 328.223343 580.961095 
116.580692 250.010086 230.701729 391.105187 375.946686 619.347262 324.073487 578.886167 
111.393372 247.935159 231.739193 389.030259 378.021614 612.085014 318.886167 570.586455 
106.206052 242.747839 222.402017 375.543228 376.984150 606.897695 313.698847 570.586455 
94.793948 245.860231 228.626801 379.693084 382.171470 602.747839 313.698847 566.436599 
90.644092 240.672911 233.814121 375.543228 387.358790 598.597983 308.511527 566.436599 
82.344380 236.523055 233.814121 368.280980 385.283862 587.185879 306.436599 557.099424 
81.306916 231.335735 237.963977 354.793948 392.546110 577.848703 303.324207 550.874640 
83.381844 232.373199 245.226225 353.756484 392.546110 566.436599 303.324207 547.762248 
77.157061 227.185879 246.263689 343.381844 396.695965 560.211816 296.061960 541.537464 
70.932277 227.185879 251.451009 343.381844 398.770893 555.024496 295.024496 542.574928 
66.782421 224.073487 252.488473 331.969741 404.995677 551.912104 295.024496 544.649856 
66.782421 224.073487 250.413545 336.119597 404.995677 551.912104 295.024496 544.649856 
81.306916 217.848703 273.237752 323.670029 420.557637 538.425072 299.174352 542.574928 
93.756484 217.848703 284.649856 317.445245 440.269452 529.087896 316.811239 538.425072 
107.243516 213.698847 298.136888 313.295389 449.606628 524.938040 330.298271 534.275216 
124.880403 212.661383 325.110951 309.145533 469.318444 521.825648 336.523055 532.200288 
146.667147 210.586455 343.785303 304.995677 483.842939 517.675793 352.085014 532.200288 
168.453890 210.586455 363.497118 299.808357 506.667147 517.675793 369.721902 531.162824 
195.427954 210.586455 390.471182 299.808357 525.341499 512.488473 391.508646 531.162824 
234.851585 208.511527 425.744957 299.808357 549.203170 515.600865 417.445245 531.162824 
267.012968 208.511527 456.868876 298.770893 576.177233 521.825648 441.306916 527.012968 
301.249280 204.361671 489.030259 298.770893 597.963977 523.900576 455.831412 527.012968 
332.373199 196.061960 516.004323 301.883285 614.563401 527.012968 473.468300 523.900576 
359.347262 191.912104 536.753602 301.883285 627.012968 531.162824 483.842939 529.087896 
376.984150 189.837176 556.465418 302.920749 639.462536 540.500000 490.067723 527.012968 
390.471182 180.500000 572.027378 306.033141 644.649856 549.837176 485.917867 527.012968 
400.845821 171.162824 575.139769 306.033141 645.687320 552.949568 483.842939 521.825648 
409.145533 161.825648 584.476945 307.070605 638.425072 553.987032 478.655620 519.750720 
415.370317 152.488473 587.589337 307.070605 635.312680 555.024496 468.280980 510.413545 
407.070605 148.338617 586.551873 306.033141 625.975504 555.024496 453.756484 510.413545 
398.770893 143.151297 585.514409 309.145533 616.638329 559.174352 431.969741 510.413545 
396.695965 139.001441 579.289625 307.070605 609.376081 561.249280 419.520173 505.226225 
387.358790 134.851585 577.214697 309.145533 601.076369 562.286744 408.108069 508.338617 
385.283862 140.038905 579.289625 309.145533 599.001441 564.361671 396.695965 508.338617 
388.396254 140.038905 583.439481 310.182997 600.038905 566.436599 390.471182 510.413545 
389.433718 143.151297 589.664265 309.145533 608.338617 563.324207 396.695965 508.338617 
392.546110 144.188761 603.151297 309.145533 616.638329 563.324207 400.845821 508.338617 
408.108069 139.001441 616.638329 300.845821 635.312680 557.099424 412.257925 503.151297 
422.632565 140.038905 637.387608 299.808357 657.099424 549.837176 427.819885 494.851585 
437.157061 141.076369 660.211816 295.658501 683.036023 544.649856 449.606628 491.739193 
448.569164 141.076369 680.961095 290.471182 706.897695 544.649856 474.505764 493.814121 
471.393372 143.151297 705.860231 284.246398 736.984150 532.200288 496.292507 491.739193 
481.768012 149.376081 727.646974 278.021614 763.958213 529.087896 516.004323 491.739193 
494.217579 152.488473 751.508646 273.871758 793.007205 521.825648 535.716138 493.814121 
503.554755 162.863112 764.995677 270.759366 814.793948 517.675793 551.278098 499.001441 
511.854467 175.312680 780.557637 266.609510 837.618156 514.563401 567.877522 504.188761 
508.742075 180.500000 789.894813 264.534582 853.180115 512.488473 576.177233 510.413545 
509.779539 189.837176 796.119597 264.534582 867.704611 508.338617 586.551873 519.750720 
506.667147 197.099424 798.194524 261.422190 874.966859 504.188761 590.701729 527.012968 
500.442363 208.511527 793.007205 256.234870 882.229107 501.076369 593.814121 531.162824 
493.180115 221.998559 788.857349 259.347262 878.079251 491.739193 591.739193 538.425072 
484.880403 231.335735 781.595101 259.347262 876.004323 489.664265 587.589337 541.537464 
468.280980 237.560519 771.220461 255.197406 871.854467 484.476945 582.402017 544.649856 
457.906340 243.785303 764.995677 252.085014 864.592219 482.402017 575.139769 549.837176 
449.606628 250.010086 752.546110 255.197406 859.404899 477.214697 569.952450 549.837176 
442.344380 253.122478 744.246398 252.085014 853.180115 473.064841 558.540346 550.874640 
430.932277 253.122478 735.946686 247.935159 850.067723 465.802594 557.502882 549.837176 
429.894813 253.122478 733.871758 238.597983 843.842939 457.502882 554.390490 541.537464 
423.670029 250.010086 727.646974 232.373199 840.730548 447.128242 549.203170 536.350144 
419.520173 242.747839 725.572046 224.073487 834.505764 439.865994 545.053314 527.012968 
418.482709 237.560519 726.609510 217.848703 833.468300 426.378963 547.128242 517.675793 
421.595101 224.073487 725.572046 208.511527 832.430836 420.154179 544.015850 505.226225 
421.595101 215.773775 726.609510 197.099424 829.318444 409.779539 538.828530 496.926513 
427.819885 204.361671 727.646974 189.837176 829.318444 403.554755 540.903458 484.476945 
433.007205 199.174352 734.909222 187.762248 836.580692 405.629683 542.978386 482.402017 
438.194524 193.987032 747.358790 185.687320 834.505764 407.704611 542.978386 475.139769 
446.494236 189.837176 755.658501 195.024496 836.580692 419.116715 536.753602 480.327089 
453.756484 197.099424 759.808357 209.548991 834.505764 431.566282 537.791066 484.476945 
466.206052 206.436599 769.145533 232.373199 837.618156 459.577810 532.603746 495.889049 
474.505764 217.848703 775.370317 255.197406 833.468300 482.402017 527.416427 508.338617 
479.693084 228.223343 780.557637 275.946686 828.280980 503.151297 522.229107 513.525937 
486.955331 237.560519 784.707493 297.733429 824.131124 529.087896 514.966859 522.863112 
493.180115 250.010086 788.857349 316.407781 818.943804 545.687320 506.667147 533.237752 
495.255043 255.197406 793.007205 335.082133 813.756484 568.511527 501.479827 540.500000 
500.442363 265.572046 796.119597 356.868876 810.644092 584.073487 492.142651 552.949568 
502.517291 269.721902 802.344380 370.355908 807.531700 603.785303 489.030259 557.099424 
508.742075 278.021614 808.569164 384.880403 805.456772 613.122478 490.067723 557.099424 
517.041787 284.246398 809.606628 396.292507 802.344380 627.646974 485.917867 563.324207 
520.154179 291.508646 808.569164 401.479827 799.231988 638.021614 479.693084 564.361671 
524.304035 292.546110 811.681556 414.966859 797.157061 645.283862 478.655620 564.361671 
528.453890 295.658501 813.756484 424.304035 789.894813 651.508646 472.430836 564.361671 
525.341499 295.658501 812.719020 429.491354 782.632565 655.658501 467.243516 563.324207 
526.378963 291.508646 809.606628 430.528818 777.445245 659.808357 459.981268 557.099424 
526.378963 286.321326 807.531700 429.491354 770.182997 657.733429 454.793948 551.912104 
525.341499 282.171470 804.419308 433.641210 760.845821 655.658501 446.494236 542.574928 
523.266571 275.946686 804.419308 429.491354 757.733429 652.546110 443.381844 538.425072 
524.304035 273.871758 801.306916 428.453890 753.583573 648.396254 443.381844 524.938040 
528.453890 269.721902 804.419308 422.229107 752.546110 641.134006 445.456772 517.675793 
538.828530 262.459654 807.531700 420.154179 753.583573 632.834294 450.644092 505.226225 
552.315562 255.197406 817.906340 414.966859 759.808357 626.609510 458.943804 494.851585 
563.727666 243.785303 834.505764 410.817003 771.220461 622.459654 475.543228 484.476945 
585.514409 237.560519 851.105187 405.629683 782.632565 618.309798 490.067723 476.177233 
608.338617 232.373199 869.779539 403.554755 802.344380 608.972622 512.891931 463.727666 
633.237752 227.185879 895.716138 400.442363 818.943804 604.822767 532.603746 447.128242 
661.249280 218.886167 918.540346 401.479827 838.655620 604.822767 556.465418 442.978386 
690.298271 209.548991 942.402017 400.442363 861.479827 602.747839 577.214697 433.641210 
712.085014 206.436599 964.188761 405.629683 873.929395 600.672911 597.963977 428.453890 
738.021614 212.661383 984.938040 407.704611 890.528818 604.822767 618.713256 421.191643 
753.583573 208.511527 1001.537464 409.779539 906.090778 604.822767 634.275216 419.116715 
769.145533 208.511527 1015.024496 417.041787 915.427954 604.822767 646.724784 419.116715 
778.482709 212.661383 1024.361671 417.041787 923.727666 611.047550 649.837176 414.966859 
783.670029 213.698847 1033.698847 424.304035 927.877522 612.085014 658.136888 419.116715 
787.819885 212.661383 1033.698847 424.304035 934.102305 613.122478 663.324207 424.304035 
785.744957 217.848703 1037.848703 419.116715 935.139769 614.159942 663.324207 422.229107 
780.557637 221.998559 1037.848703 417.041787 937.214697 608.972622 663.324207 422.229107 
779.520173 219.923631 1035.773775 414.966859 941.364553 610.010086 660.211816 426.378963 
773.295389 217.848703 1036.811239 410.817003 943.439481 600.672911 660.211816 424.304035 
769.145533 212.661383 1036.811239 400.442363 947.589337 594.448127 663.324207 426.378963 
763.958213 212.661383 1035.773775 392.142651 949.664265 589.260807 661.249280 420.154179 
754.621037 209.548991 1031.623919 379.693084 953.814121 575.773775 656.061960 421.191643 
745.283862 199.174352 1028.511527 364.131124 952.776657 568.511527 655.024496 414.966859 
742.171470 195.024496 1025.399135 351.681556 953.814121 550.874640 647.762248 405.629683 
727.646974 185.687320 1020.211816 331.969741 955.889049 536.350144 645.687320 401.479827 
714.159942 177.387608 1017.099424 315.370317 957.963977 519.750720 638.425072 398.367435 
714.159942 177.387608 1017.099424 315.370317 957.963977 519.750720 638.425072 398.367435 
689.260807 161.825648 999.462536 273.871758 952.776657 485.514409 625.975504 384.880403 
670.586455 154.563401 988.050432 255.197406 949.664265 463.727666 621.825648 377.618156 
653.987032 150.413545 977.675793 234.448127 945.514409 449.203170 612.488473 377.618156 
633.237752 150.413545 959.001441 215.773775 943.439481 428.453890 608.338617 379.693084 
614.563401 152.488473 946.551873 204.361671 936.177233 417.041787 595.889049 379.693084 
596.926513 152.488473 937.214697 185.687320 932.027378 400.442363 586.551873 382.805476 
575.139769 156.638329 913.353026 175.312680 924.765130 389.030259 580.327089 384.880403 
558.540346 161.825648 894.678674 167.012968 915.427954 379.693084 569.952450 389.030259 
535.716138 169.087896 878.079251 157.675793 902.978386 372.430836 559.577810 398.367435 
518.079251 178.425072 858.367435 154.563401 891.566282 366.206052 546.090778 405.629683 
501.479827 187.762248 845.917867 152.488473 884.304035 364.131124 539.865994 414.966859 
484.880403 199.174352 824.131124 152.488473 872.891931 363.093660 530.528818 426.378963 
473.468300 212.661383 812.719020 152.488473 864.592219 361.018732 528.453890 435.716138 
462.056196 225.110951 798.194524 157.675793 862.517291 363.093660 522.229107 447.128242 
450.644092 233.410663 785.744957 161.825648 854.217579 363.093660 517.041787 458.540346 
441.306916 246.897695 774.332853 162.863112 850.067723 363.093660 512.891931 468.914986 
431.969741 262.459654 769.145533 167.012968 850.067723 366.206052 510.817003 482.402017 
426.782421 273.871758 757.733429 171.162824 842.805476 366.206052 507.704611 491.739193 
417.445245 284.246398 749.433718 171.162824 841.768012 366.206052 502.517291 501.076369 
402.920749 294.621037 736.984150 171.162824 835.543228 363.093660 499.404899 510.413545 
397.733429 303.958213 726.609510 171.162824 831.393372 361.018732 498.367435 519.750720 
385.283862 309.145533 719.347262 165.975504 827.243516 358.943804 495.255043 527.012968 
383.208934 321.595101 711.047550 167.012968 822.056196 356.868876 491.105187 531.162824 
381.134006 322.632565 699.635447 162.863112 815.831412 351.681556 493.180115 532.200288 
372.834294 324.707493 695.485591 157.675793 814.793948 340.269452 491.105187 534.275216 
366.609510 325.744957 686.148415 148.338617 812.719020 333.007205 490.067723 532.200288 
362.459654 322.632565 679.923631 143.151297 806.494236 327.819885 486.955331 529.087896 
353.122478 322.632565 673.698847 134.851585 806.494236 321.595101 480.730548 529.087896 
348.972622 321.595101 668.511527 130.701729 801.306916 315.370317 477.618156 523.900576 
345.860231 314.332853 664.361671 124.476945 798.194524 308.108069 473.468300 521.825648 
341.710375 314.332853 665.399135 119.289625 795.082133 306.033141 472.430836 515.600865 
338.597983 306.033141 666.436599 113.064841 794.044669 302.920749 468.280980 515.600865 
339.635447 304.995677 664.361671 115.139769 793.007205 304.995677 462.056196 512.488473 
338.597983 303.958213 667.474063 113.064841 795.082133 306.033141 459.981268 512.488473 
340.672911 301.883285 668.511527 119.289625 791.969741 312.257925 456.868876 512.488473 
337.560519 302.920749 676.811239 120.327089 793.007205 315.370317 455.831412 510.413545 
340.672911 298.770893 676.811239 122.402017 795.082133 321.595101 451.681556 512.488473 
341.710375 299.808357 678.886167 126.551873 794.044669 327.819885 449.606628 515.600865 
347.935159 298.770893 688.223343 129.664265 799.231988 334.044669 449.606628 517.675793 
342.747839 297.733429 691.335735 128.626801 801.306916 338.194524 446.494236 517.675793 
343.785303 296.695965 692.373199 131.739193 803.381844 340.269452 443.381844 517.675793 
343.785303 296.695965 694.448127 133.814121 801.306916 343.381844 443.381844 515.600865 
340.672911 291.508646 700.672911 129.664265 804.419308 342.344380 437.157061 514.563401 
336.523055 288.396254 695.485591 128.626801 802.344380 347.531700 438.194524 514.563401 
339.635447 288.396254 694.448127 125.514409 797.157061 342.344380 434.044669 510.413545 
335.485591 283.208934 690.298271 120.327089 790.932277 341.306916 429.894813 505.226225 
334.448127 280.096542 685.110951 116.177233 786.782421 336.119597 423.670029 503.151297 
326.148415 274.909222 680.961095 110.989914 784.707493 326.782421 421.595101 494.851585 
324.073487 273.871758 680.961095 105.802594 783.670029 324.707493 420.557637 493.814121 
319.923631 264.534582 674.736311 96.465418 782.632565 317.445245 416.407781 491.739193 
310.586455 268.684438 669.548991 92.315562 780.557637 314.332853 410.182997 493.814121 
309.548991 265.572046 661.249280 89.203170 774.332853 312.257925 409.145533 489.664265 
301.249280 265.572046 658.136888 82.978386 770.182997 307.070605 407.070605 489.664265 
299.174352 271.796830 652.949568 77.791066 769.145533 306.033141 404.995677 495.889049 
292.949568 278.021614 646.724784 81.940922 767.070605 306.033141 403.958213 503.151297 
290.874640 288.396254 637.387608 84.015850 764.995677 308.108069 402.920749 510.413545 
285.687320 298.770893 633.237752 87.128242 763.958213 309.145533 406.033141 521.825648 
285.687320 315.370317 628.050432 92.315562 766.033141 311.220461 410.182997 529.087896 
291.912104 327.819885 621.825648 98.540346 762.920749 314.332853 418.482709 544.649856 
297.099424 342.344380 615.600865 105.802594 766.033141 318.482709 426.782421 559.174352 
300.211816 358.943804 613.525937 113.064841 767.070605 321.595101 434.044669 568.511527 
303.324207 372.430836 616.638329 119.289625 773.295389 321.595101 447.531700 575.773775 
314.736311 382.805476 611.451009 120.327089 778.482709 319.520173 462.056196 587.185879 
327.185879 398.367435 611.451009 120.327089 787.819885 318.482709 476.580692 590.298271 
333.410663 407.704611 611.451009 121.364553 790.932277 313.295389 495.255043 594.448127 
344.822767 419.116715 610.413545 124.476945 799.231988 304.995677 513.929395 598.597983 
361.422190 422.229107 614.563401 119.289625 806.494236 298.770893 529.491354 599.635447 
376.984150 435.716138 610.413545 122.402017 812.719020 289.433718 548.165706 600.672911 
391.508646 438.828530 610.413545 119.289625 818.943804 280.096542 570.989914 601.710375 
402.920749 447.128242 609.376081 117.214697 822.056196 273.871758 586.551873 600.672911 
413.295389 454.390490 608.338617 115.139769 825.168588 259.347262 606.263689 595.485591 
423.670029 458.540346 601.076369 117.214697 830.355908 255.197406 618.713256 597.560519 
430.932277 463.727666 591.739193 115.139769 827.243516 250.010086 631.162824 598.597983 
440.269452 470.989914 584.476945 116.177233 825.168588 241.710375 643.612392 595.485591 
446.494236 480.327089 578.252161 124.476945 817.906340 236.523055 653.987032 600.672911 
450.644092 486.551873 568.914986 128.626801 813.756484 233.410663 662.286744 596.523055 
456.868876 494.851585 558.540346 134.851585 810.644092 229.260807 670.586455 597.560519 
461.018732 501.076369 550.240634 135.889049 802.344380 227.185879 679.923631 597.560519 
461.018732 510.413545 539.865994 145.226225 789.894813 225.110951 680.961095 594.448127 
468.280980 513.525937 529.491354 152.488473 778.482709 225.110951 687.185879 591.335735 
463.093660 514.563401 517.041787 158.713256 770.182997 225.110951 690.298271 586.148415 
465.168588 523.900576 501.479827 169.087896 757.733429 225.110951 685.110951 587.185879 
464.131124 527.012968 494.217579 178.425072 748.396254 227.185879 685.110951 584.073487 
465.168588 527.012968 481.768012 185.687320 734.909222 227.185879 684.073487 578.886167 
458.943804 529.087896 469.318444 187.762248 723.497118 229.260807 676.811239 575.773775 
449.606628 527.012968 455.831412 189.837176 711.047550 228.223343 669.548991 571.623919 
443.381844 531.162824 443.381844 196.061960 694.448127 225.110951 663.324207 569.548991 
436.119597 529.087896 433.007205 197.099424 687.185879 227.185879 657.099424 564.361671 
0.000000 0.000000 0.000000 0.000000 0.000000 0.000000 0.000000 0.000000 
0.000000 0.000000 0.000000 0.000000 0.000000 0.000000 0.000000 0.000000 
0.000000 0.000000 0.000000 0.000000 0.000000 0.000000 0.000000 0.000000 
0.000000 0.000000 0.000000 0.000000 0.000000 0.000000 0.000000 0.000000 
0.000000 0.000000 0.000000 0.000000 0.000000 0.000000 0.000000 0.000000 
0.000000 0.000000 0.000000 0.000000 0.000000 0.000000 0.000000 0.000000 
0.000000 0.000000 0.000000 0.000000 0.000000 0.000000 0.000000 0.000000 
0.000000 0.000000 0.000000 0.000000 0.000000 0.000000 0.000000 0.000000 
0.000000 0.000000 0.000000 0.000000 0.000000 0.000000 0.000000 0.000000 
0.000000 0.000000 0.000000 0.000000 0.000000 0.000000 0.000000 0.000000 
0.000000 0.000000 0.000000 0.000000 0.000000 0.000000 0.000000 0.000000 
0.000000 0.000000 0.000000 0.000000 0.000000 0.000000 0.000000 0.000000 
0.000000 0.000000 0.000000 0.000000 0.000000 0.000000 0.000000 0.000000 
0.000000 0.000000 0.000000 0.000000 0.000000 0.000000 0.000000 0.000000 

