1.0000 -0.0000 0.0000 -0.0000 1.0000 0.0000 -0.0000 -0.0000 1.0000
1.2999 0.1491 -72.7458 0.0074 1.6637 -198.4425 -0.0001 0.0006 1.0000
0.9172 -0.0170 35.7356 -0.0913 0.9697 15.6811 -0.0002 -0.0000 1.0000
1.5587 0.1373 -62.7572 0.3387 1.7918 -263.3010 0.0006 0.0006 1.0000
1.2677 0.0443 -2.3084 0.2518 1.3275 -132.6917 0.0004 0.0002 1.0000
1.1750 0.0522 11.7827 0.0846 1.2681 -83.5314 0.0001 0.0002 1.0000
0.9364 0.0666 50.8388 -0.1754 1.2662 -55.2240 -0.0004 0.0003 1.0000
1.0220 -0.1073 84.9972 0.1997 0.7703 32.0874 0.0003 -0.0003 1.0000
1.0138 -0.0913 91.8176 0.2391 0.8194 11.5698 0.0004 -0.0003 1.0000
0.9018 0.0231 67.5867 -0.0629 1.0056 -1.2642 -0.0002 0.0000 1.0000
1.5919 0.1708 -31.3086 0.3338 1.7923 -274.4486 0.0005 0.0005 1.0000
1.5946 0.1733 -26.3892 0.3342 1.7927 -273.6262 0.0005 0.0005 1.0000
1.8231 0.0108 5.7701 0.7973 1.5226 -259.9274 0.0014 0.0001 1.0000
1.0399 0.0041 86.7102 0.0960 1.0772 -39.7850 0.0001 0.0000 1.0000
1.1762 0.0624 59.9967 0.1158 1.3028 -107.9364 0.0001 0.0002 1.0000
1.0076 0.1110 79.8110 -0.0904 1.3760 -103.7937 -0.0002 0.0003 1.0000
1.2981 0.0549 63.6520 0.2326 1.3514 -137.8399 0.0004 0.0002 1.0000
1.2988 0.0552 65.4964 0.2326 1.3514 -137.8399 0.0004 0.0002 1.0000
1.4343 0.0208 74.0511 0.3997 1.4024 -185.5034 0.0006 0.0001 1.0000
1.6114 0.3811 -31.0047 0.0871 2.3113 -398.3695 0.0000 0.0011 1.0000
1.7047 0.2706 -6.3483 0.2849 2.0964 -364.9158 0.0004 0.0008 1.0000
1.6116 0.3930 -19.9384 0.0871 2.3113 -398.3695 0.0000 0.0011 1.0000
1.3246 0.0514 90.9756 0.2361 1.3904 -165.2448 0.0004 0.0002 1.0000
1.3246 0.0514 90.9756 0.2361 1.3904 -165.2448 0.0004 0.0002 1.0000
1.3260 0.0520 94.6641 0.2361 1.3904 -165.2448 0.0004 0.0002 1.0000
1.3260 0.0520 94.6641 0.2361 1.3904 -165.2448 0.0004 0.0002 1.0000
1.0178 -0.0191 137.5479 0.0641 1.0823 -60.8898 0.0000 -0.0000 1.0000
1.0177 -0.0190 135.7029 0.0643 1.0820 -55.3581 0.0000 -0.0000 1.0000
1.0176 -0.0189 133.8584 0.0646 1.0817 -47.9808 0.0000 -0.0000 1.0000
1.0177 -0.0190 135.7027 0.0651 1.0810 -35.0702 0.0000 -0.0000 1.0000
1.3939 0.0987 62.6659 0.2580 1.5097 -164.8973 0.0004 0.0002 1.0000
1.2231 0.0992 70.4334 0.0816 1.3280 -56.5342 0.0001 0.0002 1.0000
1.1445 -0.0410 116.9870 0.1535 1.0524 6.8511 0.0002 -0.0001 1.0000
1.2317 -0.0387 101.1278 0.3249 1.0064 14.1353 0.0005 -0.0001 1.0000
1.0352 -0.0226 118.1824 0.0571 1.0386 36.5797 0.0000 -0.0001 1.0000
1.1170 -0.0517 123.5704 0.1805 1.0385 32.0759 0.0002 -0.0001 1.0000
1.4707 0.0408 52.6849 0.4186 1.4012 -93.3237 0.0006 0.0001 1.0000
1.9646 0.1424 -17.5069 0.8073 1.9509 -289.1119 0.0012 0.0004 1.0000
1.2255 0.0949 51.6742 0.1056 1.4118 -55.7074 0.0001 0.0002 1.0000
1.3781 0.0609 35.3982 0.2440 1.4072 -75.3187 0.0004 0.0001 1.0000
1.3590 0.0683 35.9107 0.2483 1.4249 -80.6250 0.0004 0.0001 1.0000
1.3599 0.0866 22.0375 0.2491 1.4235 -76.3818 0.0004 0.0001 1.0000
1.3784 0.0787 17.8682 0.2415 1.3865 -62.6977 0.0004 0.0001 1.0000
0.9238 -0.0335 93.5427 -0.0152 0.8508 110.3750 -0.0000 -0.0002 1.0000
1.2800 -0.0157 47.2102 0.2633 1.1019 -2.6915 0.0004 -0.0002 1.0000
1.2771 -0.0153 49.2861 0.3090 1.0970 -13.8532 0.0004 -0.0002 1.0000
1.1914 0.0178 46.0589 0.1446 1.1019 9.2475 0.0002 -0.0001 1.0000
1.5774 0.0559 12.3852 0.5371 1.4562 -141.2077 0.0009 0.0000 1.0000
0.9976 -0.0672 106.4597 0.1063 0.8454 77.3813 0.0002 -0.0003 1.0000
1.0263 -0.1473 120.3268 0.2382 0.6114 124.8229 0.0004 -0.0005 1.0000
1.1682 0.0053 69.0446 0.1611 1.0924 -9.8008 0.0002 -0.0001 1.0000
1.7146 0.0340 11.2058 0.6616 1.4449 -180.7929 0.0011 -0.0000 1.0000
1.1020 -0.0870 98.4362 0.1731 0.8409 42.7969 0.0003 -0.0003 1.0000
1.0766 0.0235 68.9934 0.0210 1.0810 -15.6481 0.0000 -0.0001 1.0000
1.7765 0.2027 -53.8959 0.4934 1.8275 -308.6880 0.0008 0.0004 1.0000
1.7720 0.2006 -59.4290 0.4815 1.8218 -323.4426 0.0008 0.0004 1.0000
1.1366 0.1481 14.4900 -0.0024 1.4454 -185.1970 -0.0001 0.0002 1.0000
1.3385 0.1111 -2.6208 0.2020 1.4031 -203.7804 0.0004 0.0001 1.0000
1.3371 0.1106 -6.3095 0.1960 1.4009 -220.3798 0.0004 0.0001 1.0000
1.4468 0.0910 -13.6754 0.2964 1.3898 -243.8476 0.0006 0.0001 1.0000
0.8968 -0.0412 86.4240 0.0274 0.8699 -64.7564 -0.0000 -0.0002 1.0000
1.1208 0.0171 45.3779 0.0970 1.0910 -149.2331 0.0003 -0.0001 1.0000
1.4429 0.0913 -15.3313 0.2958 1.3639 -278.0777 0.0006 0.0001 1.0000
1.7584 0.2272 -85.9901 0.3644 1.7806 -430.9293 0.0008 0.0004 1.0000
0.8742 -0.0395 95.2030 0.0032 0.8700 -101.9075 -0.0000 -0.0002 1.0000
1.1889 0.0030 54.3830 0.2121 1.1039 -219.6730 0.0005 -0.0001 1.0000
1.1923 0.0019 61.7598 0.2088 1.1050 -227.0520 0.0005 -0.0001 1.0000
1.1463 -0.0264 77.8690 0.2117 1.0213 -202.9330 0.0005 -0.0002 1.0000
1.1735 -0.0678 93.7554 0.2885 0.9405 -185.7669 0.0006 -0.0003 1.0000
1.0267 -0.0293 102.3915 0.1144 0.9594 -171.6594 0.0003 -0.0002 1.0000
1.0824 0.0077 93.5242 0.1011 1.0747 -206.0657 0.0003 -0.0001 1.0000
1.5631 0.0851 18.0200 0.3596 1.3445 -332.4476 0.0009 0.0000 1.0000
1.3901 -0.0416 73.9987 0.3786 1.0752 -256.5039 0.0009 -0.0003 1.0000
1.6179 0.2974 -22.0130 0.2369 1.8297 -482.7590 0.0006 0.0006 1.0000
1.1903 0.1660 50.1236 0.0439 1.3683 -297.5411 0.0002 0.0002 1.0000
1.1676 0.0061 95.3367 0.1963 1.0512 -213.6315 0.0005 -0.0001 1.0000
1.3069 0.1629 35.0753 0.1495 1.3366 -295.6018 0.0004 0.0002 1.0000
0.9543 0.0735 100.4504 -0.0043 1.0385 -167.4108 0.0000 -0.0000 1.0000
1.3083 0.1626 35.0012 0.1449 1.2974 -270.4930 0.0004 0.0002 1.0000
2.0267 0.3592 -82.2976 0.4124 1.9929 -534.3237 0.0012 0.0006 1.0000
1.9820 0.4461 -90.4254 0.3466 2.1364 -567.7535 0.0011 0.0008 1.0000
0.9635 0.0903 92.6342 -0.0229 1.0605 -170.1673 0.0001 -0.0000 1.0000
0.9928 0.1008 78.5763 -0.0731 1.0434 -148.2421 0.0001 -0.0000 1.0000
0.7478 0.0453 117.0678 -0.1567 0.8520 -77.9631 -0.0002 -0.0001 1.0000
1.9325 0.3261 -85.3517 0.4107 1.7511 -443.2194 0.0013 0.0004 1.0000
0.9519 -0.0104 102.7575 0.0681 0.7703 -79.9816 0.0003 -0.0004 1.0000
2.0805 0.2836 -95.4788 0.5291 1.7163 -445.2152 0.0017 0.0002 1.0000
1.8812 0.3910 -108.3668 0.3247 1.7980 -441.9647 0.0012 0.0005 1.0000
1.7297 0.2347 -50.2963 0.4508 1.4121 -333.6666 0.0013 0.0001 1.0000
1.4968 0.1950 -20.6502 0.2510 1.2552 -253.6518 0.0009 -0.0000 1.0000
1.0701 0.1292 47.5042 -0.0012 1.0231 -145.9139 0.0003 -0.0001 1.0000
1.1501 0.1132 38.1089 0.0942 0.9963 -155.0010 0.0005 -0.0002 1.0000
1.4083 0.2314 -15.9366 0.1094 1.3059 -251.6252 0.0007 0.0001 1.0000
1.0747 0.1616 31.6540 -0.0026 1.0211 -148.8092 0.0003 -0.0001 1.0000
1.4845 0.2235 -31.1399 0.2089 1.2517 -257.4325 0.0009 -0.0001 1.0000
1.4149 0.2572 -32.0458 0.1248 1.2924 -265.3533 0.0007 0.0000 1.0000
0.9892 0.0686 69.8481 -0.0072 0.8502 -106.6935 0.0003 -0.0003 1.0000
1.2294 0.2395 -4.0859 -0.0063 1.1810 -214.5666 0.0004 0.0000 1.0000
1.2523 0.0994 32.5032 0.0703 0.9852 -169.2652 0.0007 -0.0003 1.0000
1.1851 0.1514 31.2074 0.0188 1.0588 -194.1644 0.0005 -0.0002 1.0000
1.2474 0.1130 28.9415 0.0866 0.9962 -192.4252 0.0006 -0.0003 1.0000
1.1550 0.1677 22.6979 0.0025 1.0255 -189.5539 0.0005 -0.0002 1.0000
1.1537 0.1684 22.6484 0.0009 1.0442 -205.9951 0.0005 -0.0002 1.0000
1.6881 0.5243 -141.7493 -0.0005 1.7558 -453.5071 0.0007 0.0005 1.0000
1.3743 0.3282 -59.2265 -0.0538 1.3405 -316.0245 0.0004 0.0001 1.0000
1.4123 0.3587 -75.0210 0.0140 1.4136 -370.3142 0.0006 0.0001 1.0000
1.4494 0.2851 -58.4665 -0.0030 1.3085 -330.1148 0.0007 0.0000 1.0000
1.0723 0.2665 -15.0686 -0.1556 1.1499 -262.1402 0.0001 -0.0000 1.0000
0.9758 0.3577 -38.1003 -0.2444 1.2400 -289.1881 -0.0002 0.0002 1.0000
1.3064 0.3863 -79.7857 -0.1692 1.4082 -359.6362 0.0003 0.0002 1.0000
1.6193 0.5979 -191.3818 -0.1229 1.7732 -510.1348 0.0004 0.0005 1.0000
1.0882 0.2420 -13.3319 -0.1516 1.1744 -297.1597 0.0001 -0.0000 1.0000
1.1545 0.2387 -32.2012 -0.1366 1.1352 -282.9273 0.0003 -0.0001 1.0000
1.9603 0.3316 -162.3584 0.2067 1.5030 -475.5567 0.0015 -0.0001 1.0000
1.2317 0.1838 -25.7364 -0.0746 1.0904 -279.5232 0.0004 -0.0002 1.0000
1.6862 0.5219 -179.2450 -0.0376 1.7288 -521.7520 0.0007 0.0004 1.0000
1.4322 0.3039 -82.2020 -0.0197 1.3620 -394.3288 0.0006 0.0000 1.0000
2.3227 0.6483 -292.6247 0.1812 2.1328 -706.4614 0.0016 0.0005 1.0000
1.9767 0.3192 -162.1475 0.1735 1.5290 -482.9521 0.0016 -0.0001 1.0000
1.4287 0.3039 -87.7352 -0.0197 1.3620 -394.3288 0.0006 0.0000 1.0000
1.6066 0.2565 -95.8234 0.1194 1.3481 -412.0899 0.0011 -0.0002 1.0000
1.4273 0.4605 -134.8825 -0.1293 1.5708 -445.3190 0.0004 0.0003 1.0000
2.0891 0.6467 -274.8256 0.0959 2.0609 -654.6575 0.0011 0.0006 1.0000
1.4240 0.3039 -95.1139 -0.0139 1.3621 -385.1087 0.0006 0.0000 1.0000
1.1376 0.2022 -26.0257 -0.0856 1.1189 -279.0706 0.0003 -0.0001 1.0000
1.1877 0.2298 -43.6158 -0.0513 1.1723 -302.0060 0.0004 -0.0001 1.0000
0.8746 0.1151 39.8024 -0.1520 0.9100 -176.4381 -0.0000 -0.0002 1.0000
1.5000 0.2344 -77.7684 0.1045 1.2863 -350.4157 0.0009 -0.0001 1.0000
1.0523 0.2160 -12.4931 -0.1071 1.1404 -258.9030 0.0001 -0.0000 1.0000
1.0540 0.2152 -10.6271 -0.1335 1.1255 -236.6572 0.0001 -0.0000 1.0000
1.2457 0.1204 -7.7561 0.0730 1.0357 -233.6117 0.0006 -0.0003 1.0000
1.7536 0.4322 -156.5090 0.1370 1.7187 -470.2540 0.0009 0.0003 1.0000
1.9285 0.3424 -152.9076 0.2913 1.6508 -468.4358 0.0014 0.0001 1.0000
2.4896 0.5693 -279.4201 0.4936 2.2120 -675.6508 0.0020 0.0005 1.0000
1.3384 0.3011 -65.9396 -0.0093 1.3841 -311.4809 0.0004 0.0001 1.0000
1.8506 0.3809 -148.1023 0.2186 1.7112 -445.2863 0.0012 0.0002 1.0000
2.2618 0.6802 -287.5571 0.2766 2.3476 -667.0785 0.0013 0.0008 1.0000
1.7726 0.3902 -140.0137 0.1383 1.7308 -429.3726 0.0010 0.0003 1.0000
1.3945 0.0349 2.1866 0.2783 0.9578 -195.1956 0.0010 -0.0004 1.0000
1.4143 0.2469 -61.4276 0.0958 1.3209 -280.7311 0.0007 0.0000 1.0000
1.6542 0.4505 -144.2810 0.0875 1.7727 -419.7275 0.0007 0.0005 1.0000
1.8438 0.3684 -146.8181 0.3067 1.7342 -448.1822 0.0012 0.0003 1.0000
1.3928 0.2408 -54.3025 0.1324 1.3424 -286.1348 0.0007 0.0001 1.0000
1.0899 0.1748 -11.1583 -0.0200 1.0662 -169.4379 0.0003 -0.0001 1.0000
1.1561 0.1291 -2.5112 0.0466 1.0439 -172.7948 0.0005 -0.0002 1.0000
1.4081 0.2466 -70.6508 0.1031 1.3213 -269.6667 0.0007 0.0000 1.0000
1.2479 0.3174 -70.7420 -0.0469 1.4184 -284.6516 0.0002 0.0002 1.0000
1.2471 0.3171 -72.5853 -0.0505 1.3992 -272.1016 0.0002 0.0002 1.0000
2.1436 0.6767 -275.3388 0.1955 2.4471 -653.4735 0.0010 0.0010 1.0000
1.3269 0.2819 -72.5397 0.0286 1.3703 -275.3448 0.0004 0.0001 1.0000
1.4030 0.2489 -70.6537 0.1318 1.3404 -285.1609 0.0007 0.0000 1.0000
1.3232 0.2655 -58.7369 0.0543 1.3718 -282.9787 0.0004 0.0001 1.0000
2.5141 0.5429 -285.5765 0.5827 2.2076 -621.6278 0.0021 0.0005 1.0000
1.1553 0.1295 1.1829 0.0732 1.0588 -185.8194 0.0005 -0.0002 1.0000
1.3301 0.2829 -65.1634 0.0286 1.3703 -275.3467 0.0004 0.0001 1.0000
1.7424 0.4130 -144.5993 0.2509 1.7433 -427.1022 0.0009 0.0004 1.0000
1.2473 0.1079 -5.9996 0.1382 1.0063 -170.4097 0.0006 -0.0003 1.0000
1.8566 0.3671 -149.6883 0.3133 1.6376 -387.9295 0.0012 0.0002 1.0000
1.8564 0.3686 -147.8538 0.2833 1.6898 -407.9521 0.0012 0.0002 1.0000
1.8610 0.3679 -145.9995 0.3177 1.6384 -384.2409 0.0012 0.0002 1.0000
1.9611 0.3239 -143.7530 0.4190 1.6016 -383.7392 0.0015 0.0001 1.0000
1.4124 0.2661 -61.2625 0.1410 1.3334 -265.8850 0.0006 0.0000 1.0000
1.4357 0.2558 -61.1641 0.1125 1.3211 -254.4800 0.0006 0.0000 1.0000
1.3394 0.3038 -56.7585 0.0370 1.3700 -253.9952 0.0004 0.0001 1.0000
1.5223 0.2173 -55.0622 0.1932 1.2686 -242.4709 0.0009 -0.0001 1.0000
1.7785 0.4190 -142.7871 0.1929 1.6869 -376.9546 0.0009 0.0003 1.0000
1.5210 0.2301 -59.2157 0.1659 1.2583 -229.9360 0.0009 -0.0001 1.0000
1.4384 0.2731 -59.0584 0.1150 1.3342 -258.8256 0.0006 0.0000 1.0000
1.0770 0.2080 7.3331 -0.1192 1.1487 -169.0748 0.0001 -0.0000 1.0000
1.7022 0.4860 -161.2404 0.0389 1.7313 -373.6429 0.0006 0.0004 1.0000
1.7797 0.4388 -145.3097 0.1626 1.7235 -394.0928 0.0009 0.0003 1.0000
1.4590 0.2945 -74.7552 0.0568 1.3303 -252.3448 0.0006 -0.0000 1.0000
1.2464 0.4209 -81.9596 -0.1858 1.4936 -270.5298 0.0000 0.0003 1.0000
1.6338 0.5563 -167.1101 -0.0956 1.8457 -399.7919 0.0004 0.0005 1.0000
1.4605 0.3107 -76.1214 0.0324 1.3649 -266.0536 0.0006 -0.0000 1.0000
2.2335 0.7002 -290.3863 0.1498 2.2388 -574.4551 0.0012 0.0006 1.0000
1.4917 0.3433 -106.0353 0.0020 1.3847 -281.6260 0.0006 -0.0000 1.0000
1.7393 0.5318 -189.1797 -0.0468 1.7660 -396.2407 0.0006 0.0003 1.0000
1.6028 0.4927 -156.1511 -0.1204 1.6854 -359.8428 0.0004 0.0003 1.0000
1.5158 0.3357 -100.7427 -0.0222 1.4155 -293.9105 0.0006 -0.0000 1.0000
1.1550 0.0710 22.5279 -0.0165 0.8870 -124.0695 0.0004 -0.0005 1.0000
1.7159 0.5905 -204.4406 -0.1917 1.8750 -419.0304 0.0004 0.0004 1.0000
1.3549 0.5100 -136.6866 -0.3582 1.6443 -317.9641 -0.0001 0.0003 1.0000
2.2848 0.6260 -297.6977 0.0722 2.0859 -531.4396 0.0012 0.0003 1.0000
1.6680 0.2952 -119.7796 0.0664 1.3570 -291.9899 0.0008 -0.0002 1.0000
1.4525 0.5143 -164.7721 -0.3113 1.6339 -320.2849 0.0001 0.0002 1.0000
1.9036 0.4743 -207.8473 0.0448 1.7210 -404.7153 0.0009 0.0000 1.0000
2.1744 0.7459 -331.7460 -0.0949 2.2151 -535.2784 0.0008 0.0004 1.0000
2.7028 0.9455 -465.2398 0.0240 2.7076 -712.2949 0.0013 0.0007 1.0000
1.5239 0.4592 -153.2331 -0.2678 1.5944 -289.4423 0.0003 0.0001 1.0000
1.6140 0.4101 -159.8969 -0.1222 1.5114 -288.3951 0.0005 -0.0001 1.0000
1.3969 0.3097 -96.3517 -0.2049 1.3032 -198.6279 0.0003 -0.0002 1.0000
2.6791 0.8858 -463.9749 0.0257 2.5864 -655.1107 0.0012 0.0006 1.0000
2.2518 0.6639 -333.6617 0.0438 2.1317 -515.0224 0.0011 0.0002 1.0000
1.6946 0.3469 -161.9182 -0.0617 1.4783 -283.0088 0.0006 -0.0002 1.0000
1.7843 0.4984 -229.5114 -0.1216 1.7105 -344.1938 0.0006 0.0000 1.0000
2.2691 0.6353 -357.0586 0.0069 2.0751 -487.0527 0.0010 0.0002 1.0000
2.2687 0.6331 -358.5003 0.0094 2.0504 -470.6231 0.0011 0.0001 1.0000
2.6860 0.8262 -480.8979 0.0872 2.5163 -631.0561 0.0014 0.0004 1.0000
2.1892 0.7389 -396.4900 -0.1625 2.1980 -498.1415 0.0007 0.0003 1.0000
2.1795 0.7508 -397.2910 -0.1899 2.2225 -500.5248 0.0007 0.0003 1.0000
2.5491 1.0070 -537.3241 -0.2355 2.7935 -688.7988 0.0008 0.0008 1.0000
1.8326 0.5999 -297.5186 -0.2793 1.9788 -426.7112 0.0004 0.0002 1.0000
2.1775 0.7378 -410.1500 -0.1380 2.1973 -512.0799 0.0007 0.0003 1.0000
2.5721 0.9388 -538.1642 -0.1200 2.7355 -702.6958 0.0010 0.0006 1.0000
1.9727 0.4428 -286.6375 0.0341 1.7138 -388.7517 0.0009 -0.0001 1.0000
1.8402 0.5513 -302.3507 -0.1417 1.8846 -411.9314 0.0005 0.0002 1.0000
1.7977 0.5917 -313.7301 -0.2110 1.9174 -407.5817 0.0004 0.0003 1.0000
1.7440 0.5908 -297.9452 -0.2804 1.9684 -412.9277 0.0002 0.0004 1.0000
1.5232 0.4493 -219.7248 -0.2099 1.6187 -307.3891 0.0002 0.0001 1.0000
2.5898 0.8877 -501.0391 0.0236 2.8143 -723.5453 0.0011 0.0008 1.0000
1.9496 0.3877 -250.3687 0.1428 1.6721 -364.4886 0.0010 -0.0001 1.0000
1.5664 0.3288 -166.2920 -0.0144 1.4683 -269.5677 0.0005 -0.0001 1.0000
1.4419 0.1694 -94.9889 0.0832 1.1102 -158.6241 0.0007 -0.0004 1.0000
1.5307 0.3090 -140.8642 0.0143 1.4384 -248.7153 0.0006 -0.0000 1.0000
1.5300 0.3094 -140.9019 0.0396 1.4175 -241.3743 0.0006 -0.0000 1.0000
1.5782 0.2501 -115.8864 0.1176 1.3645 -225.3410 0.0008 -0.0001 1.0000
1.4531 0.3348 -130.8541 -0.0107 1.4147 -214.4244 0.0004 0.0001 1.0000
2.2162 0.5624 -280.8084 0.2820 2.1984 -485.8365 0.0011 0.0005 1.0000
1.6426 0.1914 -96.9037 0.2978 1.2504 -186.9906 0.0010 -0.0002 1.0000
1.9794 0.2979 -162.1760 0.4296 1.6285 -313.6807 0.0013 0.0000 1.0000
1.3900 0.2532 -65.9389 0.0236 1.3963 -174.7247 0.0004 0.0001 1.0000
1.3040 0.2857 -66.4542 -0.0473 1.4253 -170.2842 0.0002 0.0002 1.0000
1.4524 0.2293 -67.0424 0.1508 1.3187 -146.4257 0.0007 0.0000 1.0000
1.3687 0.2442 -56.2588 0.0518 1.3568 -137.3028 0.0004 0.0001 1.0000
1.0744 0.0075 47.3540 0.1471 0.7589 22.9720 0.0005 -0.0004 1.0000
1.4410 0.2043 -45.1987 0.1925 1.3075 -124.9720 0.0007 0.0000 1.0000
1.4412 0.1889 -34.0842 0.2228 1.3147 -128.5769 0.0007 0.0000 1.0000
2.4973 0.5503 -249.0552 0.7518 2.4373 -497.4427 0.0018 0.0008 1.0000
1.5446 0.1572 -35.6814 0.3728 1.2450 -115.3870 0.0009 -0.0000 1.0000
1.3753 0.0069 36.7463 0.3805 0.9166 -19.1611 0.0009 -0.0003 1.0000
1.4352 0.1805 -13.7833 0.2621 1.2766 -95.9989 0.0007 0.0001 1.0000
1.1736 0.0646 52.0987 0.1682 0.9635 0.0674 0.0005 -0.0002 1.0000
0.8966 -0.0001 105.1316 0.0291 0.7574 68.7900 0.0002 -0.0003 1.0000
1.4242 0.1579 14.5043 0.2994 1.3117 -109.9728 0.0007 0.0001 1.0000
1.4185 0.1593 14.7668 0.3228 1.3095 -116.2897 0.0007 0.0001 1.0000
1.4185 0.1593 14.7668 0.3228 1.3095 -116.2897 0.0007 0.0001 1.0000
1.3037 0.1880 20.0688 0.1654 1.3469 -108.8340 0.0004 0.0002 1.0000
1.3540 0.1585 30.0467 0.2377 1.3269 -110.0897 0.0005 0.0001 1.0000
1.0934 0.0389 84.7136 0.1065 0.9952 -10.8960 0.0003 -0.0001 1.0000
1.0852 -0.0900 120.9762 0.2422 0.7382 37.4263 0.0005 -0.0004 1.0000
1.4325 0.1179 36.4145 0.3408 1.3464 -152.8887 0.0007 0.0001 1.0000
1.3049 -0.0237 86.1774 0.3565 0.9878 -51.3106 0.0007 -0.0002 1.0000
1.4521 0.0921 47.8904 0.3373 1.3563 -162.1050 0.0007 0.0001 1.0000
1.5847 0.0538 51.4422 0.5276 1.3732 -200.4298 0.0009 0.0000 1.0000
1.2356 -0.0245 99.9436 0.2402 1.0534 -75.8543 0.0005 -0.0002 1.0000
1.3342 0.0698 82.0040 0.2076 1.3903 -173.9039 0.0004 0.0002 1.0000
1.2358 -0.0401 112.2509 0.2418 1.0755 -88.2295 0.0005 -0.0001 1.0000
1.0353 -0.0558 137.3340 0.0992 0.9608 -39.1569 0.0001 -0.0002 1.0000
1.3881 -0.0830 111.4927 0.3983 1.1119 -133.0761 0.0007 -0.0002 1.0000
1.1636 -0.0629 137.6841 0.1647 1.1008 -97.1186 0.0002 -0.0001 1.0000
1.2090 -0.1580 152.4618 0.3439 0.8838 -60.9554 0.0005 -0.0004 1.0000
1.2064 -0.0886 141.8981 0.1459 1.1246 -102.0500 0.0002 -0.0001 1.0000
1.4334 -0.1215 127.4460 0.4042 1.1671 -154.1751 0.0006 -0.0002 1.0000
1.2008 -0.0877 140.3838 0.1959 1.1340 -112.2592 0.0002 -0.0001 1.0000
1.4449 -0.1238 120.8849 0.4318 1.1905 -166.2498 0.0006 -0.0002 1.0000
1.1958 -0.1764 155.9404 0.2657 0.9632 -76.9017 0.0003 -0.0003 1.0000
1.2922 -0.1919 150.0003 0.3601 0.9794 -90.3280 0.0005 -0.0003 1.0000
1.3455 -0.1731 150.2726 0.3532 1.1358 -135.2333 0.0004 -0.0002 1.0000
1.3872 -0.1504 137.9979 0.3373 1.2525 -175.9669 0.0004 -0.0002 1.0000
1.6112 -0.0848 92.1444 0.4357 1.5545 -291.8616 0.0005 0.0000 1.0000
1.6294 -0.1081 98.8523 0.4362 1.5647 -296.9679 0.0005 0.0000 1.0000
2.0581 -0.0684 45.6144 0.6638 2.0023 -471.6317 0.0008 0.0002 1.0000
1.9280 -0.0699 53.2365 0.5203 1.9281 -433.1404 0.0006 0.0002 1.0000
2.6120 -0.0135 -36.2073 0.9560 2.5245 -701.6089 0.0012 0.0004 1.0000
1.9696 -0.1605 69.0443 0.6851 1.7451 -415.5557 0.0008 -0.0001 1.0000
2.4194 -0.0158 -13.4446 0.7809 2.4929 -690.7261 0.0008 0.0004 1.0000
2.3013 -0.1270 29.9837 0.7571 2.1454 -570.3325 0.0009 0.0001 1.0000
1.7139 -0.1622 106.6740 0.3357 1.7392 -387.4772 0.0003 -0.0000 1.0000
2.2069 -0.1483 61.0958 0.6046 2.1740 -581.7156 0.0007 0.0001 1.0000
2.0230 -0.2051 89.9751 0.5434 1.8660 -474.8718 0.0005 -0.0001 1.0000
1.9282 -0.2138 110.3432 0.4362 1.9024 -488.3615 0.0004 -0.0001 1.0000
2.5688 -0.2228 50.7703 0.8484 2.4228 -756.3563 0.0009 0.0000 1.0000
1.8772 -0.3141 135.5698 0.5007 1.5928 -412.8704 0.0005 -0.0003 1.0000
2.0475 -0.3043 125.4483 0.5369 1.8772 -533.6204 0.0006 -0.0002 1.0000
2.3286 -0.3253 82.7867 0.7263 1.9882 -625.9573 0.0008 -0.0003 1.0000
2.4460 -0.3057 64.2702 0.6927 2.2623 -738.6292 0.0007 -0.0001 1.0000
2.7037 -0.3221 15.2757 0.8829 2.4041 -852.1193 0.0010 -0.0002 1.0000
2.4720 -0.2301 0.4632 0.6013 2.5327 -871.6414 0.0005 0.0000 1.0000
3.3607 -0.2765 -113.7861 1.1508 3.2187 -1264.2479 0.0013 0.0001 1.0000
3.2895 -0.2854 -130.9536 0.9455 3.1453 -1214.7814 0.0011 0.0000 1.0000
4.6099 -0.2572 -340.9342 1.6570 4.3777 -1856.2963 0.0021 0.0003 1.0000
4.1131 -0.3154 -286.3003 1.4994 3.9037 -1676.6772 0.0017 0.0001 1.0000
3.9234 -0.3771 -273.8764 1.4214 3.6040 -1556.6557 0.0017 -0.0001 1.0000
3.6635 -0.2935 -281.6258 1.1485 3.7220 -1561.2221 0.0012 0.0001 1.0000
2.7778 -0.3746 -141.3134 0.8359 2.6082 -1051.5183 0.0008 -0.0003 1.0000
3.0649 -0.3680 -193.6826 0.9321 2.9280 -1199.0590 0.0010 -0.0002 1.0000
3.7024 -0.3405 -300.8396 1.1940 3.6912 -1541.5651 0.0015 -0.0000 1.0000
4.8271 -0.3496 -456.6558 1.9097 4.8399 -2142.8396 0.0022 0.0002 1.0000
4.1577 -0.3495 -353.7887 1.3206 4.4216 -1874.0917 0.0013 0.0002 1.0000
5.2896 -0.4867 -458.4164 1.9502 5.2292 -2325.9858 0.0024 0.0001 1.0000
4.2783 -0.4416 -327.1345 1.4019 4.1223 -1782.3573 0.0016 -0.0001 1.0000
3.8085 -0.5401 -179.6937 1.4032 3.5112 -1544.2720 0.0015 -0.0004 1.0000
3.4217 -0.5246 -97.8796 1.0202 3.1028 -1303.0671 0.0011 -0.0004 1.0000
4.5115 -0.5212 -217.2978 1.5654 4.0889 -1829.9544 0.0018 -0.0003 1.0000
5.1120 -0.4349 -288.1140 1.7318 4.8957 -2222.7276 0.0020 -0.0001 1.0000
4.7642 -0.4358 -233.2595 1.4295 4.5087 -2021.6973 0.0018 -0.0002 1.0000
4.3805 -0.4255 -184.0085 1.3636 4.1074 -1853.9700 0.0017 -0.0003 1.0000
4.8678 -0.3121 -295.4318 1.4134 4.7510 -2152.7601 0.0018 -0.0001 1.0000
4.5183 -0.2678 -289.0064 1.3199 4.3206 -1958.6941 0.0017 -0.0002 1.0000
4.0787 -0.1228 -318.8556 0.9440 3.9786 -1731.2541 0.0013 -0.0002 1.0000
4.6426 0.0271 -483.0937 1.0249 4.4753 -1938.0969 0.0015 -0.0000 1.0000
5.3941 0.1663 -693.7823 1.1983 5.0949 -2214.8756 0.0018 0.0002 1.0000
4.8054 0.2487 -695.5853 0.9487 4.3863 -1832.2746 0.0018 -0.0000 1.0000
4.1619 0.1614 -612.4571 0.8372 3.5989 -1471.9824 0.0017 -0.0003 1.0000
3.5101 0.1642 -559.0248 0.5997 2.8758 -1112.6895 0.0014 -0.0004 1.0000
3.3801 0.3745 -677.1374 0.2501 2.9921 -1082.2928 0.0009 -0.0002 1.0000
3.3801 0.3745 -677.1374 0.2501 2.9921 -1082.2928 0.0009 -0.0002 1.0000
3.1027 0.5150 -754.4979 0.3218 2.7350 -956.3582 0.0012 -0.0004 1.0000
4.9783 0.9574 -1338.1281 1.1362 4.2530 -1653.5227 0.0030 -0.0002 1.0000
3.5114 0.9015 -1058.7871 0.3159 3.2795 -1115.6754 0.0015 -0.0001 1.0000
3.6531 0.9639 -1129.2024 0.5930 3.3638 -1181.2643 0.0020 -0.0003 1.0000
3.3270 1.0177 -1100.4137 0.1369 3.1731 -997.7821 0.0014 -0.0001 1.0000
2.6489 0.8697 -905.7336 -0.0769 2.4216 -664.9268 0.0008 -0.0003 1.0000
3.6461 1.2732 -1297.0916 0.2932 3.2678 -1022.1185 0.0019 -0.0002 1.0000
3.3912 1.2397 -1222.9217 0.0282 3.1074 -911.8062 0.0016 -0.0002 1.0000
3.0688 1.2326 -1140.9834 -0.1477 2.8790 -776.3273 0.0013 -0.0002 1.0000
3.2870 1.2749 -1188.1341 0.0226 2.9609 -841.7745 0.0016 -0.0002 1.0000
3.2200 1.1839 -1109.5053 0.0970 2.6981 -749.0844 0.0017 -0.0004 1.0000
3.7443 1.2915 -1225.5263 0.4250 2.9552 -897.5768 0.0024 -0.0004 1.0000
3.0825 1.1859 -1013.9993 -0.1512 2.7489 -730.4002 0.0014 -0.0002 1.0000
3.9889 1.5804 -1314.5833 -0.0050 3.4791 -985.2399 0.0022 -0.0000 1.0000
3.0589 1.0687 -900.8869 -0.0469 2.4948 -646.4555 0.0015 -0.0004 1.0000
3.1854 1.1392 -945.7512 0.1066 2.5714 -716.1388 0.0018 -0.0004 1.0000
4.2611 1.7946 -1376.2760 0.0547 4.0343 -1222.9762 0.0021 0.0002 1.0000
4.7037 1.9716 -1517.8582 0.1883 4.3405 -1338.5069 0.0025 0.0003 1.0000
2.2507 0.6595 -558.8590 -0.1209 1.7136 -365.9415 0.0010 -0.0006 1.0000
3.5241 1.3186 -1055.2480 0.2117 2.9793 -852.6939 0.0021 -0.0003 1.0000
3.5241 1.3186 -1055.2480 0.2117 2.9793 -852.6939 0.0021 -0.0003 1.0000
3.3777 1.3584 -1079.3786 0.0422 2.9661 -832.8985 0.0020 -0.0003 1.0000
2.4378 1.0498 -810.1442 -0.2619 2.1837 -520.4681 0.0010 -0.0004 1.0000
2.4448 0.9966 -805.3346 -0.0793 2.0293 -505.3598 0.0013 -0.0006 1.0000
3.5928 1.6506 -1310.4090 -0.0539 3.3646 -998.6682 0.0021 -0.0001 1.0000
3.2354 1.4652 -1182.3222 0.0549 2.8552 -837.6162 0.0021 -0.0004 1.0000
4.4736 2.2385 -1754.3182 -0.1056 4.4265 -1387.3783 0.0027 0.0002 1.0000
4.2685 2.0263 -1615.1603 0.0141 4.0415 -1271.2339 0.0028 0.0000 1.0000
4.7422 2.3781 -1838.5833 -0.1330 4.8092 -1546.7763 0.0028 0.0004 1.0000
3.5079 1.5512 -1219.6548 -0.3583 3.3483 -975.8822 0.0018 -0.0001 1.0000
3.7261 1.8206 -1326.2074 -0.5387 3.9616 -1186.5506 0.0018 0.0003 1.0000
5.3928 1.7756 -1543.2530 0.6301 4.4483 -1583.5966 0.0042 -0.0002 1.0000
5.9071 2.5891 -1911.7988 -0.1293 6.0543 -2087.9148 0.0033 0.0009 1.0000
5.8590 2.4053 -1777.5912 0.0118 5.8192 -2053.5582 0.0034 0.0007 1.0000
5.4687 2.2474 -1595.3967 -0.1508 5.5600 -1926.5772 0.0029 0.0007 1.0000
4.7531 1.6971 -1238.0105 -0.0234 4.5484 -1573.3358 0.0027 0.0003 1.0000
5.5075 1.9657 -1445.0506 0.0759 5.2649 -1881.1594 0.0033 0.0004 1.0000
4.7599 1.6551 -1207.2069 0.1731 4.4414 -1580.4109 0.0028 0.0002 1.0000
4.9410 1.8946 -1319.4715 0.0947 4.9667 -1780.0237 0.0028 0.0005 1.0000
3.7092 1.2770 -904.0108 -0.0937 3.5028 -1150.6397 0.0020 0.0001 1.0000
3.6775 1.2816 -922.9476 0.0188 3.4743 -1158.6609 0.0020 0.0001 1.0000
3.6584 1.2223 -888.4450 0.0994 3.4073 -1117.2343 0.0023 0.0000 1.0000
2.8594 1.0105 -692.8980 -0.0797 2.7856 -837.4085 0.0015 -0.0000 1.0000
2.9151 1.1591 -753.6819 -0.2637 3.1305 -909.2953 0.0013 0.0003 1.0000
2.9151 1.1591 -753.6819 -0.2637 3.1305 -909.2953 0.0013 0.0003 1.0000
2.5135 0.9250 -603.1907 -0.0793 2.5751 -720.3996 0.0012 0.0000 1.0000
2.5135 0.9250 -603.1907 -0.0793 2.5751 -720.3996 0.0012 0.0000 1.0000
2.6036 0.7927 -538.1788 0.0809 2.5348 -721.0903 0.0014 -0.0000 1.0000
2.6692 0.6626 -476.2974 0.2721 2.4121 -693.5433 0.0017 -0.0001 1.0000
3.7323 1.4568 -895.1345 0.1362 4.1251 -1240.4355 0.0019 0.0010 1.0000
2.7060 0.7680 -473.9556 0.1915 2.7592 -779.4303 0.0015 0.0002 1.0000
1.8677 0.2407 -170.8015 0.2926 1.5130 -367.2287 0.0011 -0.0005 1.0000
1.8677 0.2407 -170.8015 0.2926 1.5130 -367.2287 0.0011 -0.0005 1.0000
2.5308 0.4313 -268.1862 0.5070 2.3571 -664.2588 0.0016 -0.0000 1.0000
2.6764 0.3689 -239.3786 0.7761 2.3570 -687.7637 0.0019 -0.0001 1.0000
2.5703 0.4275 -230.4204 0.6473 2.4377 -672.2051 0.0016 0.0001 1.0000
2.2933 0.2123 -101.1802 0.7015 2.0384 -533.5277 0.0015 -0.0001 1.0000
1.7961 0.1285 -5.2619 0.3551 1.7280 -364.7621 0.0008 -0.0001 1.0000
1.7961 0.1285 -5.2619 0.3551 1.7280 -364.7621 0.0008 -0.0001 1.0000
1.9020 -0.1101 85.2501 0.7748 1.4005 -312.8352 0.0013 -0.0005 1.0000
1.5382 -0.0491 126.1618 0.4255 1.4642 -283.0059 0.0007 -0.0002 1.0000
1.9456 -0.0061 84.3832 0.6217 1.8268 -437.2566 0.0010 -0.0001 1.0000
1.7061 -0.0826 118.1761 0.5099 1.4646 -323.7868 0.0008 -0.0003 1.0000
1.3013 -0.2636 202.0624 0.2805 0.8227 -81.8744 0.0006 -0.0007 1.0000
1.1592 -0.3267 262.3508 0.1823 0.8014 -94.4286 0.0004 -0.0007 1.0000
2.2920 0.1235 49.4972 0.3907 2.1714 -609.4270 0.0010 0.0001 1.0000
2.1671 0.0369 65.0195 0.5245 1.7468 -509.2582 0.0012 -0.0003 1.0000
2.6679 0.1202 -12.7941 0.6718 1.9505 -586.9559 0.0016 -0.0002 1.0000
1.9455 -0.0622 110.2064 0.4552 1.3310 -333.2369 0.0011 -0.0005 1.0000
3.6925 0.5268 -237.2085 1.0519 2.8960 -934.2604 0.0027 0.0001 1.0000
1.9644 -0.0927 98.4308 0.4866 1.1047 -198.7605 0.0013 -0.0007 1.0000
2.5039 0.5831 -167.3487 0.3292 2.2745 -525.0877 0.0012 0.0001 1.0000
1.4496 0.0285 111.8620 0.1770 1.0577 -98.5509 0.0006 -0.0005 1.0000
1.4510 0.0272 114.3815 0.1900 1.0462 -75.8755 0.0006 -0.0005 1.0000
2.6550 0.4684 -162.5557 0.6237 2.1182 -450.7817 0.0014 -0.0000 1.0000
2.0598 0.1446 -2.9800 0.5011 1.4431 -219.3598 0.0011 -0.0004 1.0000
2.0213 0.4558 -77.9540 0.1695 2.0575 -351.4622 0.0006 0.0001 1.0000
1.8710 0.2510 -8.6381 0.3051 1.6331 -239.6289 0.0007 -0.0002 1.0000
2.1804 0.3669 -76.9537 0.3736 1.9951 -362.5211 0.0009 -0.0000 1.0000
1.7657 0.1008 44.0641 0.3481 1.3841 -182.5749 0.0007 -0.0004 1.0000
1.7598 0.1135 35.6316 0.3451 1.3750 -179.3433 0.0007 -0.0004 1.0000
1.7943 0.0765 55.4138 0.3507 1.4560 -220.5240 0.0007 -0.0004 1.0000
1.5966 -0.0090 103.7752 0.3293 1.2513 -162.8059 0.0006 -0.0005 1.0000
2.1639 0.1100 0.8336 0.6230 1.7085 -362.0351 0.0010 -0.0003 1.0000
1.8489 0.2317 2.4623 0.2061 1.8613 -350.7173 0.0004 -0.0001 1.0000
1.8862 0.0356 52.1972 0.4227 1.5812 -312.9646 0.0007 -0.0003 1.0000
1.5796 -0.1189 128.4758 0.3510 1.1626 -170.6140 0.0006 -0.0006 1.0000
1.9333 -0.0065 62.2790 0.4869 1.6107 -346.9475 0.0008 -0.0004 1.0000
2.1105 0.0920 12.0054 0.5204 1.9244 -472.5061 0.0008 -0.0002 1.0000
2.6110 0.1149 -51.0238 0.7461 2.2620 -629.0121 0.0012 -0.0001 1.0000
1.7830 -0.0905 95.3987 0.3741 1.5220 -345.0668 0.0006 -0.0004 1.0000
2.1112 -0.0549 39.7949 0.5720 1.7575 -476.5673 0.0009 -0.0004 1.0000
2.4747 0.1355 -61.1300 0.5587 2.3921 -729.5577 0.0008 -0.0001 1.0000
2.0698 -0.0165 22.1934 0.3821 1.8717 -534.8816 0.0006 -0.0003 1.0000
2.5462 -0.0130 -34.4244 0.6528 2.1539 -708.5842 0.0011 -0.0003 1.0000
2.0416 -0.1807 64.4973 0.4815 1.6026 -510.8745 0.0008 -0.0006 1.0000
2.7134 -0.0464 -48.9430 0.7012 2.3473 -865.8808 0.0012 -0.0004 1.0000
2.3169 0.0397 -24.7358 0.4481 2.3730 -867.0077 0.0007 -0.0002 1.0000
3.7875 0.1673 -259.1015 0.8296 3.4973 -1423.9215 0.0017 0.0000 1.0000
2.7403 -0.0019 -104.3335 0.4955 2.5656 -1042.1506 0.0010 -0.0003 1.0000
2.5653 -0.0737 -67.7142 0.4419 2.3489 -977.8602 0.0008 -0.0004 1.0000
3.4492 0.1368 -272.2890 0.6900 3.2176 -1437.8749 0.0015 -0.0002 1.0000
3.9005 0.2033 -392.3053 0.7194 3.5198 -1622.0924 0.0017 -0.0002 1.0000
3.7259 0.2649 -428.5424 0.5097 3.5212 -1628.5174 0.0014 -0.0001 1.0000
4.9259 0.5548 -738.6711 0.7929 4.7486 -2292.7244 0.0020 0.0002 1.0000
4.5128 0.4450 -666.5593 0.5862 4.3312 -2087.8521 0.0019 0.0000 1.0000
4.3509 0.4989 -671.2068 0.5866 4.3598 -2123.3075 0.0017 0.0001 1.0000
3.5851 0.3780 -537.3067 0.3461 3.6324 -1750.1447 0.0012 -0.0001 1.0000
3.9968 0.4295 -631.9569 0.4269 3.9366 -1919.4682 0.0015 -0.0001 1.0000
3.8996 0.4803 -643.8471 0.4105 3.9683 -1945.0180 0.0013 -0.0001 1.0000
5.1665 0.7577 -938.9826 0.5321 5.2172 -2562.7051 0.0020 0.0003 1.0000
5.8286 0.8896 -1101.5088 0.6586 5.7254 -2832.9072 0.0025 0.0004 1.0000
5.3161 1.0273 -1077.8951 0.4848 5.6614 -2774.2252 0.0017 0.0006 1.0000
5.6891 0.9104 -1130.0252 0.5304 5.5186 -2729.7699 0.0024 0.0002 1.0000
4.8595 0.6247 -890.7693 0.4766 4.6122 -2290.4548 0.0021 -0.0001 1.0000
5.0526 0.8106 -1006.9595 0.3561 5.0036 -2431.2950 0.0019 0.0001 1.0000
4.5600 0.7335 -896.8486 0.3542 4.5415 -2196.6514 0.0017 0.0001 1.0000
3.3074 0.4698 -587.8764 0.1495 3.3875 -1589.2252 0.0010 -0.0002 1.0000
3.3398 0.4176 -567.5246 0.1772 3.3340 -1558.4320 0.0011 -0.0003 1.0000
4.0706 0.7108 -788.3286 0.2169 4.1170 -1900.1128 0.0014 0.0000 1.0000
4.8978 0.9297 -986.4710 0.2726 4.9095 -2250.4732 0.0017 0.0003 1.0000
5.4186 1.1008 -1138.9454 0.3746 5.2280 -2384.1124 0.0022 0.0003 1.0000
3.1894 0.3350 -473.7924 0.2123 2.9263 -1298.3715 0.0012 -0.0005 1.0000
3.8378 0.5962 -647.7803 0.1969 3.7007 -1617.2198 0.0013 -0.0001 1.0000
4.7655 0.7162 -821.5276 0.4282 4.2319 -1873.0364 0.0021 -0.0001 1.0000
3.5676 0.5107 -546.0949 0.2162 3.3177 -1409.0886 0.0012 -0.0002 1.0000
3.5791 0.4924 -524.8314 0.2808 3.2507 -1372.2169 0.0013 -0.0003 1.0000
3.8106 0.6312 -604.3046 0.2545 3.4818 -1438.1250 0.0014 -0.0002 1.0000
3.4774 0.5239 -493.0069 0.2153 3.2003 -1284.4895 0.0013 -0.0003 1.0000
4.0971 0.7784 -665.2451 0.2979 3.8230 -1532.6136 0.0015 -0.0000 1.0000
2.8024 0.4731 -361.9265 0.0060 2.7148 -996.2253 0.0007 -0.0002 1.0000
3.1833 0.4543 -414.1374 0.1949 2.7732 -1038.6181 0.0012 -0.0004 1.0000
2.9372 0.3608 -337.2676 0.1726 2.4591 -881.6814 0.0011 -0.0004 1.0000
3.1999 0.7321 -506.4096 -0.0704 3.1035 -1071.9418 0.0008 -0.0000 1.0000
3.5599 0.7441 -570.1347 0.1935 3.1672 -1134.7176 0.0014 -0.0002 1.0000
4.3407 1.0409 -791.0771 0.3839 3.9021 -1453.3338 0.0018 0.0001 1.0000
3.7765 1.0744 -721.8214 0.1305 3.7240 -1327.7796 0.0011 0.0002 1.0000
2.8127 0.4249 -384.8567 0.1312 2.1710 -708.0870 0.0011 -0.0005 1.0000
3.1281 0.7436 -548.4134 0.0302 2.7277 -892.7774 0.0011 -0.0002 1.0000
3.3111 1.0214 -680.1816 -0.0679 3.2472 -1079.7590 0.0010 0.0001 1.0000
3.0532 0.8172 -582.0026 -0.0330 2.7759 -901.4094 0.0010 -0.0002 1.0000
2.4820 0.4417 -363.2593 -0.0047 1.9580 -585.9188 0.0009 -0.0005 1.0000
2.7277 0.6969 -493.1753 -0.0590 2.3803 -726.6175 0.0010 -0.0003 1.0000
2.5417 0.6964 -474.6875 -0.1432 2.2713 -674.3561 0.0007 -0.0003 1.0000
3.2846 0.8472 -639.8449 0.0684 2.6791 -853.0664 0.0014 -0.0003 1.0000
3.0155 0.8702 -609.8542 -0.0934 2.6068 -798.7740 0.0010 -0.0002 1.0000
2.9710 0.8815 -600.8287 -0.0922 2.6180 -803.1861 0.0010 -0.0002 1.0000
2.9747 0.8807 -597.1397 -0.0922 2.6180 -803.1862 0.0010 -0.0002 1.0000
3.2435 0.8702 -625.1454 0.0358 2.5820 -798.8788 0.0014 -0.0003 1.0000
3.2287 1.0348 -663.5061 -0.1492 2.8791 -882.8185 0.0012 -0.0001 1.0000
2.6516 0.8767 -516.6165 -0.2834 2.4339 -690.8198 0.0006 -0.0002 1.0000
3.4484 0.8641 -617.7358 0.1242 2.6032 -817.6919 0.0016 -0.0004 1.0000
2.5082 0.7192 -406.9672 -0.2614 2.2159 -609.3747 0.0007 -0.0003 1.0000
2.1730 0.6849 -341.0874 -0.2853 2.0579 -555.8121 0.0004 -0.0003 1.0000
3.3994 1.0501 -632.0233 -0.0223 2.8970 -903.6043 0.0012 -0.0001 1.0000
2.7867 0.7209 -417.6179 -0.0645 2.2509 -647.2416 0.0010 -0.0004 1.0000
2.7908 0.9761 -486.7912 -0.2634 2.6929 -776.6357 0.0007 -0.0001 1.0000
3.4359 0.6428 -465.0947 0.2299 2.2914 -691.2902 0.0017 -0.0006 1.0000
3.3901 1.0094 -574.8719 0.0148 2.8642 -878.6852 0.0014 -0.0002 1.0000
2.6715 0.8590 -417.3250 -0.2060 2.4720 -694.8480 0.0007 -0.0002 1.0000
6.5274 2.5952 -1544.7548 0.3017 5.7810 -1973.2013 0.0031 0.0008 1.0000
6.7637 2.1942 -1427.1023 0.8642 5.3508 -1913.3913 0.0037 0.0004 1.0000
-19.7994 -11.1344 6746.8449 -2.6869 -20.4576 8189.0004 -0.0110 -0.0084 1.0000
-106.5848 -48.7191 31606.2420 -15.4220 -96.7422 38257.5525 -0.0651 -0.0311 1.0000
3.4144 0.9507 -563.3285 -0.0173 2.7986 -830.4919 0.0014 -0.0002 1.0000
9.7937 5.0098 -2836.1513 0.4358 10.4085 -3742.1650 0.0038 0.0030 1.0000
2.1237 0.5918 -266.8989 -0.2463 2.0112 -521.1703 0.0003 -0.0003 1.0000
2.4701 0.6568 -356.5829 -0.1500 2.1755 -598.9104 0.0007 -0.0003 1.0000
2.4929 0.6501 -347.3047 -0.2054 2.2659 -615.4804 0.0006 -0.0003 1.0000
2.9054 0.7134 -447.4589 -0.0379 2.4884 -733.5534 0.0010 -0.0003 1.0000
3.9701 1.0054 -720.3534 0.2371 3.1625 -1018.4164 0.0018 -0.0001 1.0000
3.3447 1.0230 -648.2652 -0.1036 3.0925 -947.9082 0.0010 0.0000 1.0000
3.0621 0.8224 -545.1531 -0.0633 2.7427 -823.9738 0.0010 -0.0001 1.0000
2.2503 0.4063 -288.1619 -0.0602 1.8928 -521.4028 0.0006 -0.0005 1.0000
2.1286 0.4998 -311.9812 -0.2038 2.0417 -551.9531 0.0004 -0.0003 1.0000
2.1478 0.4495 -306.3982 -0.1761 1.9872 -534.4810 0.0004 -0.0003 1.0000
2.2190 0.2482 -266.7776 0.0696 1.6892 -476.6813 0.0008 -0.0006 1.0000
2.6210 0.4923 -421.3437 -0.0071 2.3014 -688.0288 0.0008 -0.0003 1.0000
3.3631 0.7909 -656.0182 0.1098 3.1529 -1028.4960 0.0013 -0.0000 1.0000
3.8730 0.7499 -742.0266 0.6142 3.2995 -1193.7187 0.0020 -0.0002 1.0000
2.6205 0.4125 -413.4766 0.1631 2.4281 -799.2912 0.0009 -0.0003 1.0000
4.4381 0.8286 -862.0241 0.8108 3.9449 -1506.5704 0.0024 -0.0000 1.0000
3.2511 0.5222 -568.5349 0.4397 2.8929 -1049.2005 0.0014 -0.0003 1.0000
4.1542 0.6029 -735.2253 0.8496 3.5926 -1407.0027 0.0023 -0.0002 1.0000
4.4162 0.8369 -870.9007 0.6355 4.2477 -1637.7083 0.0020 0.0002 1.0000
5.0439 0.9544 -1012.9673 0.8411 4.9848 -1994.5859 0.0024 0.0004 1.0000
3.7275 0.5351 -670.4256 0.6549 3.4030 -1344.1749 0.0017 -0.0002 1.0000
3.8368 0.4766 -654.5627 0.7495 3.5015 -1404.3290 0.0019 -0.0002 1.0000
3.1706 0.3607 -511.8622 0.5225 2.9304 -1141.6160 0.0013 -0.0003 1.0000
3.1280 0.3479 -489.9877 0.3877 3.0208 -1144.9332 0.0012 -0.0003 1.0000
3.5039 0.3940 -571.6721 0.5693 3.3053 -1302.7303 0.0015 -0.0002 1.0000
3.8320 0.4473 -632.4863 0.5504 3.8077 -1511.9776 0.0015 -0.0001 1.0000
