532.080699 376.074043 644.693012 377.272047 642.297005 489.884359 524.892679 486.290349 
532.080699 374.876040 642.297005 377.272047 638.702995 487.488353 528.486689 486.290349 
529.684692 373.678037 641.099002 374.876040 637.504992 487.488353 524.892679 483.894343 
528.486689 370.084027 639.900998 372.480033 636.306988 482.696339 524.892679 481.498336 
528.486689 368.886023 637.504992 368.886023 635.108985 480.300333 523.694676 480.300333 
524.892679 366.490017 637.504992 366.490017 633.910982 480.300333 521.298669 477.904326 
523.694676 362.896007 637.504992 366.490017 632.712978 479.102329 520.100666 476.706323 
522.496672 361.698003 633.910982 362.896007 630.316972 474.310316 517.704659 474.310316 
520.100666 360.500000 633.910982 361.698003 630.316972 473.112313 517.704659 473.112313 
518.902662 359.301997 632.712978 360.500000 630.316972 473.112313 515.308652 473.112313 
518.902662 356.905990 631.514975 359.301997 629.118968 470.716306 515.308652 470.716306 
515.308652 353.311980 630.316972 355.707987 629.118968 469.518303 514.110649 468.320300 
515.308652 353.311980 629.118968 355.707987 626.722962 468.320300 512.912646 468.320300 
512.912646 350.915973 629.118968 354.509983 625.524958 468.320300 510.516639 467.122296 
512.912646 348.519967 626.722962 350.915973 625.524958 465.924293 510.516639 463.528286 
510.516639 346.123960 625.524958 347.321963 624.326955 463.528286 511.714642 461.132280 
510.516639 343.727953 625.524958 346.123960 623.128952 461.132280 510.516639 459.934276 
510.516639 341.331947 627.920965 343.727953 625.524958 458.736273 508.120632 456.340266 
512.912646 337.737937 629.118968 341.331947 625.524958 456.340266 510.516639 452.746256 
515.308652 334.143927 631.514975 335.341930 627.920965 452.746256 512.912646 450.350250 
518.902662 331.747920 635.108985 334.143927 630.316972 450.350250 515.308652 449.152246 
522.496672 328.153910 637.504992 331.747920 635.108985 447.954243 518.902662 444.360233 
527.288686 323.361897 643.495008 326.955907 638.702995 444.360233 522.496672 441.964226 
532.080699 320.965890 649.485025 325.757903 643.495008 444.360233 528.486689 439.568220 
536.872712 318.569884 654.277038 322.163894 649.485025 440.766223 534.476705 435.974210 
542.862729 316.173877 660.267055 320.965890 655.475042 439.568220 538.070715 433.578203 
547.654742 314.975874 666.257072 318.569884 660.267055 439.568220 544.060732 432.380200 
554.842762 313.777870 674.643095 317.371880 667.455075 439.568220 548.852745 431.182196 
563.228785 311.381864 680.633111 318.569884 674.643095 437.172213 558.436772 429.984193 
571.614809 311.381864 689.019135 317.371880 680.633111 435.974210 564.426789 428.786190 
580.000832 308.985857 697.405158 316.173877 690.217138 435.974210 571.614809 427.588186 
588.386855 308.985857 706.989185 316.173877 698.603161 434.776206 582.396839 427.588186 
596.772879 306.589850 716.573211 313.777870 709.385191 433.578203 589.584859 425.192180 
605.158902 305.391847 724.959235 312.579867 716.573211 433.578203 599.168885 423.994176 
612.346922 302.995840 734.543261 310.183860 724.959235 432.380200 606.356905 422.796173 
621.961945 301.793962 744.158285 308.981982 734.574258 431.178322 615.971929 421.594295 
631.514975 297.005824 752.513311 305.391847 744.127288 428.786190 623.128952 418.004160 
637.504992 295.807820 759.701331 302.995840 750.117304 425.192180 629.118968 415.608153 
644.693012 289.817804 768.087354 298.203827 759.701331 421.598170 633.910982 410.816140 
650.683028 285.025790 775.275374 293.411814 764.493344 418.004160 643.495008 408.420133 
657.871048 281.431780 781.265391 288.619800 772.879368 415.608153 650.683028 404.826123 
663.861065 279.035774 788.453411 285.025790 777.671381 410.816140 655.475042 401.232113 
667.455075 275.441764 793.245424 282.629784 783.661398 409.618136 657.871048 397.638103 
672.247088 273.045757 798.037438 280.233777 787.255408 406.024126 666.257072 396.440100 
675.841098 271.847754 801.631448 279.035774 792.047421 407.222130 668.653078 398.836106 
678.237105 273.045757 805.225458 277.837770 796.839434 407.222130 669.851082 397.638103 
680.633111 271.847754 807.621464 276.639767 799.235441 406.024126 672.247088 396.440100 
681.831115 269.451747 808.819468 275.441764 801.631448 404.826123 673.445092 397.638103 
680.633111 270.649750 807.621464 275.441764 800.433444 404.826123 675.841098 396.440100 
680.633111 270.649750 805.225458 275.441764 798.037438 402.430116 672.247088 395.242097 
678.237105 269.451747 805.225458 274.243760 798.037438 404.826123 671.049085 395.242097 
675.841098 268.253744 804.027454 273.045757 794.443428 402.430116 668.653078 395.242097 
674.643095 270.649750 801.631448 275.441764 794.443428 404.826123 668.653078 395.242097 
672.247088 269.451747 799.235441 274.243760 793.245424 404.826123 666.257072 397.638103 
668.653078 270.649750 799.235441 275.441764 790.849418 407.222130 666.257072 398.836106 
667.455075 271.847754 794.443428 275.441764 789.651414 406.024126 659.069052 401.232113 
663.861065 271.847754 794.443428 276.639767 789.651414 408.420133 660.267055 402.430116 
662.663062 273.045757 792.047421 276.639767 787.255408 407.222130 659.069052 402.430116 
660.267055 274.243760 789.651414 279.035774 782.463394 408.420133 655.475042 403.628120 
657.871048 275.441764 787.255408 279.035774 781.265391 408.420133 653.079035 406.024126 
655.475042 274.243760 787.255408 277.837770 782.463394 412.014143 650.683028 404.826123 
653.079035 277.837770 788.453411 281.431780 780.067388 415.608153 649.485025 409.618136 
650.683028 279.035774 784.859401 282.629784 776.473378 418.004160 645.891015 414.410150 
648.287022 281.431780 783.661398 285.025790 774.077371 421.598170 644.693012 414.410150 
648.287022 282.629784 781.265391 287.421797 772.879368 421.598170 642.297005 414.410150 
647.089018 285.025790 778.869384 288.619800 771.681364 423.994176 641.099002 418.004160 
645.891015 286.223794 777.671381 288.619800 770.483361 423.994176 639.900998 416.806156 
644.693012 287.421797 777.671381 289.817804 770.483361 426.390183 638.702995 419.202163 
644.693012 287.421797 777.671381 291.015807 769.285358 427.588186 638.702995 421.598170 
643.495008 287.421797 776.473378 291.015807 769.285358 427.588186 637.504992 419.202163 
641.099002 286.223794 775.275374 291.015807 770.483361 425.192180 636.306988 418.004160 
641.099002 283.827787 774.077371 288.619800 765.691348 426.390183 633.910982 418.004160 
637.504992 281.431780 774.077371 287.421797 769.285358 423.994176 633.910982 418.004160 
636.306988 281.431780 772.879368 285.025790 765.691348 421.598170 630.316972 415.608153 
633.910982 279.035774 770.483361 281.431780 765.691348 419.202163 629.118968 412.014143 
633.910982 274.243760 770.483361 280.233777 764.493344 418.004160 629.118968 412.014143 
631.514975 274.243760 770.483361 280.233777 762.097338 419.202163 625.524958 410.816140 
630.316972 273.045757 769.285358 281.431780 760.899334 419.202163 624.326955 409.618136 
629.118968 271.847754 766.889351 279.035774 758.503328 420.400166 620.732945 410.816140 
625.524958 270.649750 765.691348 277.837770 758.503328 419.202163 618.336938 412.014143 
623.128952 270.649750 762.097338 277.837770 752.513311 418.004160 615.940932 409.618136 
619.534942 269.451747 759.701331 276.639767 750.117304 418.004160 612.346922 409.618136 
615.940932 267.055740 756.107321 274.243760 746.523295 416.806156 607.554908 408.420133 
612.346922 264.659734 753.711314 270.649750 744.127288 416.806156 603.960899 406.024126 
607.554908 263.461730 750.117304 269.451747 740.533278 414.410150 601.564892 404.826123 
602.762895 259.867720 745.325291 267.055740 738.137271 414.410150 596.772879 403.628120 
600.366889 258.669717 744.127288 264.659734 735.741265 408.420133 594.376872 400.034110 
597.970882 253.877704 740.533278 259.867720 733.345258 406.024126 589.584859 396.440100 
594.376872 251.481697 738.137271 257.471714 729.751248 406.024126 587.188852 395.242097 
590.782862 250.283694 735.741265 253.877704 726.157238 402.430116 585.990849 394.044093 
589.584859 246.689684 733.345258 252.679700 726.157238 398.836106 582.396839 391.648087 
585.990849 245.491681 729.751248 250.283694 723.761231 398.836106 580.000832 391.648087 
582.396839 243.095674 727.355241 249.085691 720.167221 396.440100 577.604825 390.450083 
578.802829 245.491681 726.157238 250.283694 720.167221 395.242097 575.208819 389.252080 
577.604825 245.491681 723.761231 250.283694 717.771215 400.034110 570.416805 394.044093 
575.208819 247.887687 722.563228 252.679700 716.573211 402.430116 569.218802 396.440100 
571.614809 247.887687 722.563228 251.481697 715.375208 401.232113 568.020799 397.638103 
569.218802 250.283694 720.167221 253.877704 714.177205 403.628120 566.822795 396.440100 
566.822795 251.481697 716.573211 253.877704 712.979201 406.024126 565.624792 401.232113 
566.822795 252.679700 715.375208 256.273710 710.583195 408.420133 562.030782 403.628120 
563.228785 255.075707 714.177205 256.273710 709.385191 410.816140 559.634775 403.628120 
562.030782 256.273710 712.979201 259.867720 711.781198 412.014143 558.436772 407.222130 
559.634775 257.471714 710.583195 259.867720 710.583195 409.618136 557.238769 408.420133 
558.436772 257.471714 710.583195 258.669717 708.187188 414.410150 556.040765 410.816140 
557.238769 258.669717 709.385191 261.065724 706.989185 414.410150 554.842762 412.014143 
553.644759 261.065724 708.187188 262.263727 705.791181 418.004160 553.644759 415.608153 
554.842762 262.263727 708.187188 263.461730 704.593178 420.400166 551.248752 415.608153 
551.248752 264.659734 704.593178 264.659734 703.395175 422.796173 548.852745 420.400166 
548.852745 267.055740 703.395175 268.253744 700.999168 425.192180 547.654742 422.796173 
546.456739 269.451747 700.999168 270.649750 696.207155 428.786190 542.862729 425.192180 
542.862729 271.847754 699.801165 271.847754 696.207155 429.984193 540.466722 427.588186 
540.466722 273.045757 697.405158 274.243760 693.811148 433.578203 538.070715 429.984193 
539.268719 275.441764 695.009151 277.837770 692.613145 437.172213 535.674709 433.578203 
535.674709 279.035774 693.811148 281.431780 689.019135 443.162230 530.882696 439.568220 
532.080699 282.629784 691.415141 286.223794 686.623128 446.756240 528.486689 443.162230 
530.882696 286.223794 691.415141 289.817804 686.623128 450.350250 526.090682 444.360233 
529.684692 288.619800 690.217138 291.015807 684.227121 452.746256 522.496672 447.954243 
526.090682 288.619800 687.821131 292.213810 681.831115 456.340266 520.100666 450.350250 
523.694676 288.619800 685.425125 293.411814 679.435108 456.340266 517.704659 450.350250 
523.694676 287.421797 684.227121 293.411814 678.237105 457.538270 516.506656 450.350250 
521.298669 288.619800 683.029118 292.213810 677.039101 457.538270 514.110649 451.548253 
518.902662 288.619800 681.831115 291.015807 675.841098 457.538270 511.714642 450.350250 
516.506656 286.223794 683.029118 291.015807 675.841098 457.538270 510.516639 450.350250 
517.704659 286.223794 681.831115 291.015807 675.841098 456.340266 509.318636 450.350250 
515.308652 283.827787 680.633111 288.619800 674.643095 457.538270 508.120632 450.350250 
514.110649 282.629784 680.633111 287.421797 674.643095 456.340266 506.922629 449.152246 
514.110649 283.827787 681.831115 286.223794 675.841098 456.340266 506.922629 451.548253 
515.308652 282.629784 684.227121 286.223794 677.039101 457.538270 508.120632 451.548253 
514.110649 282.629784 683.029118 287.421797 678.237105 457.538270 509.318636 451.548253 
516.506656 283.827787 684.227121 287.421797 680.633111 457.538270 511.714642 450.350250 
517.704659 282.629784 687.821131 287.421797 681.831115 459.934276 511.714642 453.944260 
520.100666 281.431780 691.415141 287.421797 685.425125 461.132280 514.110649 455.142263 
520.100666 283.827787 692.613145 287.421797 689.019135 462.330283 516.506656 456.340266 
523.694676 282.629784 696.207155 286.223794 691.415141 461.132280 517.704659 457.538270 
524.892679 282.629784 697.405158 285.025790 693.811148 461.132280 520.100666 455.142263 
527.288686 280.233777 700.999168 283.827787 697.405158 462.330283 521.298669 456.340266 
529.684692 279.035774 704.593178 280.233777 700.999168 458.736273 522.496672 455.142263 
530.882696 279.035774 705.791181 280.233777 703.395175 457.538270 526.090682 451.548253 
534.476705 277.837770 709.385191 277.837770 706.989185 457.538270 529.684692 452.746256 
535.674709 274.243760 712.979201 275.441764 710.583195 456.340266 532.080699 451.548253 
540.466722 271.847754 716.573211 273.045757 715.375208 453.944260 535.674709 450.350250 
542.862729 270.649750 722.563228 273.045757 718.969218 452.746256 540.466722 450.350250 
547.654742 270.649750 727.355241 270.649750 724.959235 451.548253 542.862729 449.152246 
553.644759 270.649750 733.345258 270.649750 730.949251 457.538270 548.852745 452.746256 
558.436772 271.847754 739.335275 273.045757 738.137271 457.538270 554.842762 453.944260 
565.624792 273.045757 748.919301 274.243760 746.523295 459.934276 563.228785 456.340266 
572.812812 274.243760 757.305324 274.243760 757.305324 461.132280 570.416805 456.340266 
583.594842 275.441764 769.285358 276.639767 768.087354 462.330283 580.000832 457.538270 
591.980865 275.441764 780.067388 275.441764 777.671381 464.726290 589.584859 461.132280 
603.960899 276.639767 790.849418 276.639767 789.651414 464.726290 600.366889 463.528286 
615.940932 276.639767 805.225458 275.441764 802.829451 465.924293 613.544925 463.528286 
629.118968 276.639767 818.403494 274.243760 818.403494 465.924293 627.920965 463.528286 
644.693012 274.243760 835.175541 273.045757 832.779534 464.726290 642.297005 462.330283 
660.267055 273.045757 849.551581 273.045757 849.551581 463.528286 657.871048 462.330283 
675.841098 270.649750 868.719634 268.253744 868.719634 462.330283 673.445092 458.736273 
693.811148 269.451747 890.283694 264.659734 889.085691 462.330283 692.613145 459.934276 
712.979201 267.055740 910.649750 262.263727 913.045757 462.330283 712.979201 457.538270 
733.345258 263.461730 933.411814 259.867720 934.609817 461.132280 734.543261 457.538270 
756.107321 259.867720 958.569884 253.877704 962.163894 459.934276 756.107321 456.340266 
777.671381 257.471714 984.925957 252.679700 984.925957 458.736273 780.067388 456.340266 
804.027454 256.273710 1012.480033 250.283694 1013.678037 459.934276 804.027454 455.142263 
831.581531 253.877704 1042.430116 249.085691 1044.826123 459.934276 830.383527 456.340266 
857.937604 252.679700 1073.578203 244.293677 1077.172213 459.934276 857.937604 456.340266 
885.491681 251.481697 1104.726290 244.293677 1105.924293 461.132280 886.689684 458.736273 
916.639767 249.085691 1139.468386 239.501664 1143.062396 459.934276 916.639767 457.538270 
947.787854 246.689684 1175.408486 237.105657 1177.804493 461.132280 947.787854 456.340266 
982.529950 244.293677 1213.744592 234.709651 1218.536606 461.132280 981.331947 456.340266 
1018.470050 241.897671 1255.674709 229.917637 1258.070715 461.132280 1017.272047 456.340266 
0.000000 0.000000 0.000000 0.000000 0.000000 0.000000 0.000000 0.000000 
0.000000 0.000000 0.000000 0.000000 0.000000 0.000000 0.000000 0.000000 
0.000000 0.000000 0.000000 0.000000 0.000000 0.000000 0.000000 0.000000 
0.000000 0.000000 0.000000 0.000000 0.000000 0.000000 0.000000 0.000000 
0.000000 0.000000 0.000000 0.000000 0.000000 0.000000 0.000000 0.000000 
0.000000 0.000000 0.000000 0.000000 0.000000 0.000000 0.000000 0.000000 
0.000000 0.000000 0.000000 0.000000 0.000000 0.000000 0.000000 0.000000 
0.000000 0.000000 0.000000 0.000000 0.000000 0.000000 0.000000 0.000000 
0.000000 0.000000 0.000000 0.000000 0.000000 0.000000 0.000000 0.000000 
0.000000 0.000000 0.000000 0.000000 0.000000 0.000000 0.000000 0.000000 
0.000000 0.000000 0.000000 0.000000 0.000000 0.000000 0.000000 0.000000 
0.000000 0.000000 0.000000 0.000000 0.000000 0.000000 0.000000 0.000000 
0.000000 0.000000 0.000000 0.000000 0.000000 0.000000 0.000000 0.000000 
0.000000 0.000000 0.000000 0.000000 0.000000 0.000000 0.000000 0.000000 
0.000000 0.000000 0.000000 0.000000 0.000000 0.000000 0.000000 0.000000 
0.000000 0.000000 0.000000 0.000000 0.000000 0.000000 0.000000 0.000000 
0.000000 0.000000 0.000000 0.000000 0.000000 0.000000 0.000000 0.000000 
0.000000 0.000000 0.000000 0.000000 0.000000 0.000000 0.000000 0.000000 
0.000000 0.000000 0.000000 0.000000 0.000000 0.000000 0.000000 0.000000 
0.000000 0.000000 0.000000 0.000000 0.000000 0.000000 0.000000 0.000000 
0.000000 0.000000 0.000000 0.000000 0.000000 0.000000 0.000000 0.000000 
0.000000 0.000000 0.000000 0.000000 0.000000 0.000000 0.000000 0.000000 
0.000000 0.000000 0.000000 0.000000 0.000000 0.000000 0.000000 0.000000 
0.000000 0.000000 0.000000 0.000000 0.000000 0.000000 0.000000 0.000000 
0.000000 0.000000 0.000000 0.000000 0.000000 0.000000 0.000000 0.000000 
0.000000 0.000000 0.000000 0.000000 0.000000 0.000000 0.000000 0.000000 
0.000000 0.000000 0.000000 0.000000 0.000000 0.000000 0.000000 0.000000 
0.000000 0.000000 0.000000 0.000000 0.000000 0.000000 0.000000 0.000000 
0.000000 0.000000 0.000000 0.000000 0.000000 0.000000 0.000000 0.000000 
0.000000 0.000000 0.000000 0.000000 0.000000 0.000000 0.000000 0.000000 
0.000000 0.000000 0.000000 0.000000 0.000000 0.000000 0.000000 0.000000 
0.000000 0.000000 0.000000 0.000000 0.000000 0.000000 0.000000 0.000000 
0.000000 0.000000 0.000000 0.000000 0.000000 0.000000 0.000000 0.000000 
0.000000 0.000000 0.000000 0.000000 0.000000 0.000000 0.000000 0.000000 
0.000000 0.000000 0.000000 0.000000 0.000000 0.000000 0.000000 0.000000 
0.000000 0.000000 0.000000 0.000000 0.000000 0.000000 0.000000 0.000000 
0.000000 0.000000 0.000000 0.000000 0.000000 0.000000 0.000000 0.000000 
0.000000 0.000000 0.000000 0.000000 0.000000 0.000000 0.000000 0.000000 
0.000000 0.000000 0.000000 0.000000 0.000000 0.000000 0.000000 0.000000 
0.000000 0.000000 0.000000 0.000000 0.000000 0.000000 0.000000 0.000000 
0.000000 0.000000 0.000000 0.000000 0.000000 0.000000 0.000000 0.000000 
0.000000 0.000000 0.000000 0.000000 0.000000 0.000000 0.000000 0.000000 
0.000000 0.000000 0.000000 0.000000 0.000000 0.000000 0.000000 0.000000 
0.000000 0.000000 0.000000 0.000000 0.000000 0.000000 0.000000 0.000000 
971.016432 168.199531 1273.889671 163.392019 1264.274648 460.255869 957.795775 439.823944 
925.345070 171.805164 1222.208920 166.997653 1212.593897 461.457746 912.124413 442.227700 
884.293677 173.611481 1179.002496 173.611481 1164.626456 463.528286 871.115641 444.360233 
847.155574 177.205491 1139.468386 174.809484 1126.290349 465.924293 833.977537 446.756240 
817.205491 180.799501 1102.330283 180.799501 1090.350250 470.716306 801.631448 450.350250 
788.453411 181.997504 1077.172213 181.997504 1062.796173 471.914309 776.473378 452.746256 
764.493344 184.393511 1052.014143 185.591514 1038.836106 474.310316 751.315308 456.340266 
745.325291 184.393511 1031.648087 187.987521 1018.470050 475.508319 732.147255 458.736273 
729.751248 185.591514 1014.876040 189.185524 1001.698003 479.102329 716.573211 458.736273 
715.375208 186.789517 1002.896007 187.987521 989.717970 480.300333 703.395175 463.528286 
706.989185 186.789517 993.311980 191.581531 980.133943 481.498336 693.811148 461.132280 
699.801165 186.789517 987.321963 191.581531 976.539933 481.498336 685.425125 463.528286 
691.415141 187.987521 983.727953 191.581531 972.945923 482.696339 680.633111 465.924293 
689.019135 185.591514 980.133943 190.383527 970.549917 485.092346 677.039101 468.320300 
686.623128 185.591514 978.935940 189.185524 971.747920 486.290349 675.841098 468.320300 
685.425125 184.393511 981.331947 186.789517 969.351913 485.092346 673.445092 468.320300 
684.227121 183.195507 981.331947 185.591514 971.747920 486.290349 672.247088 468.320300 
684.227121 181.997504 982.529950 184.393511 971.747920 486.290349 671.049085 469.518303 
685.425125 179.601498 984.925957 183.195507 972.945923 487.488353 671.049085 471.914309 
683.029118 177.205491 988.519967 179.601498 977.737937 488.686356 671.049085 471.914309 
681.831115 176.007488 987.321963 179.601498 976.539933 488.686356 668.653078 471.914309 
680.633111 171.215474 988.519967 174.809484 977.737937 488.686356 666.257072 469.518303 
675.841098 168.819468 987.321963 176.007488 976.539933 487.488353 662.663062 468.320300 
674.643095 166.423461 987.321963 172.413478 975.341930 487.488353 659.069052 468.320300 
669.851082 164.027454 986.123960 171.215474 970.549917 486.290349 655.475042 468.320300 
665.059068 160.433444 981.331947 167.621464 966.955907 486.290349 649.485025 468.320300 
659.069052 160.433444 974.143927 167.621464 962.163894 487.488353 643.495008 468.320300 
650.683028 156.839434 970.549917 164.027454 953.777870 487.488353 635.108985 468.320300 
642.297005 155.641431 962.163894 162.829451 946.589850 486.290349 625.524958 467.122296 
632.712978 153.245424 953.777870 161.631448 939.401830 486.290349 617.138935 467.122296 
623.128952 153.245424 945.391847 161.631448 928.619800 487.488353 607.554908 468.320300 
613.544925 149.651414 934.609817 161.631448 920.233777 488.686356 596.772879 469.518303 
602.762895 149.651414 927.421797 162.829451 911.847754 487.488353 584.792845 470.716306 
590.782862 150.849418 916.639767 162.829451 901.065724 491.082363 574.010815 471.914309 
580.000832 152.047421 908.253744 165.225458 891.481697 494.676373 564.426789 475.508319 
569.218802 154.443428 898.669717 166.423461 883.095674 500.666389 553.644759 482.696339 
559.634775 158.037438 889.085691 171.215474 874.709651 503.062396 541.664725 487.488353 
548.852745 160.433444 879.501664 173.611481 866.323627 509.052413 532.080699 492.280366 
538.070715 164.027454 873.511647 177.205491 860.333611 513.844426 522.496672 498.270383 
529.684692 167.621464 867.521631 180.799501 854.343594 517.438436 512.912646 504.260399 
521.298669 170.017471 860.333611 185.591514 848.353577 523.428453 504.526622 507.854409 
515.308652 173.611481 855.541597 187.987521 844.759567 529.418469 498.536606 515.042429 
509.318636 177.205491 850.749584 192.779534 841.165557 534.210483 492.546589 519.834443 
504.526622 178.403494 848.353577 192.779534 837.571547 537.804493 487.754576 523.428453 
502.130616 180.799501 847.155574 195.175541 836.373544 541.398502 485.358569 530.616473 
498.536606 184.393511 845.957571 198.769551 835.175541 544.992512 481.764559 534.210483 
496.140599 186.789517 845.957571 199.967554 836.373544 548.586522 480.566556 537.804493 
496.140599 187.987521 845.957571 201.165557 837.571547 553.378536 480.566556 541.398502 
497.338602 190.383527 847.155574 202.363561 838.769551 556.972546 479.368552 546.190516 
496.140599 192.779534 848.353577 204.759567 843.561564 560.566556 480.566556 548.586522 
497.338602 193.977537 849.551581 204.759567 843.561564 564.160566 480.566556 553.378536 
488.952579 190.383527 859.135607 201.165557 854.343594 574.942596 473.378536 565.358569 
480.566556 184.393511 873.511647 196.373544 867.521631 592.912646 463.794509 580.932612 
481.764559 185.591514 875.907654 197.571547 871.115641 597.704659 463.794509 585.724626 
474.576539 180.799501 887.887687 192.779534 883.095674 614.476705 455.408486 602.496672 
472.180532 179.601498 893.877704 192.779534 886.689684 621.664725 453.012479 609.684692 
461.398502 171.215474 910.649750 185.591514 905.857737 643.228785 441.032446 630.050749 
456.606489 167.621464 920.233777 181.997504 916.639767 654.010815 435.042429 639.634775 
447.022463 160.433444 935.807820 176.007488 928.619800 670.782862 426.656406 657.604825 
431.448419 142.463394 960.965890 164.027454 953.777870 697.138935 409.884359 681.564892 
425.458403 138.869384 970.549917 158.037438 963.361897 706.722962 403.894343 692.346922 
418.270383 134.077371 975.341930 150.849418 972.945923 717.504992 394.310316 701.930948 
413.478369 130.483361 976.539933 149.651414 974.143927 719.900998 389.518303 706.722962 
407.488353 126.889351 978.935940 144.859401 974.143927 720.500000 383.528286 707.920965 
401.019394 123.208975 979.201415 141.767904 974.956778 727.527812 377.668962 709.564269 
395.508319 118.503328 975.341930 137.671381 972.945923 720.500000 373.944260 710.316972 
390.716306 113.711314 972.945923 134.077371 969.351913 719.900998 369.152246 707.920965 
384.726290 112.513311 969.351913 130.483361 968.153910 718.702995 364.360233 710.316972 
379.934276 106.523295 965.757903 125.691348 964.559900 715.108985 359.568220 707.920965 
372.746256 102.929285 962.163894 123.295341 960.965890 711.514975 353.578203 706.722962 
365.558236 96.939268 958.569884 116.107321 958.569884 712.712978 346.390183 706.722962 
357.172213 94.543261 954.975874 113.711314 956.173877 711.514975 340.400166 706.722962 
351.182196 92.147255 951.381864 108.919301 952.579867 711.514975 333.212146 710.316972 
342.796173 88.553245 947.787854 106.523295 951.381864 711.514975 328.420133 707.920965 
338.004160 87.355241 941.797837 104.127288 946.589850 707.920965 322.430116 710.316972 
330.816140 84.959235 938.203827 101.731281 942.995840 705.524958 317.638103 710.316972 
324.826123 80.167221 934.609817 94.543261 940.599834 703.128952 314.044093 707.920965 
318.836106 78.969218 929.817804 93.345258 940.599834 701.930948 308.054077 706.722962 
311.648087 74.177205 926.223794 88.553245 934.609817 700.732945 304.460067 707.920965 
308.054077 69.385191 926.223794 83.761231 933.411814 698.336938 299.668053 705.524958 
304.460067 65.791181 922.629784 78.969218 929.817804 693.544925 296.074043 703.128952 
299.668053 63.395175 919.035774 77.771215 927.421797 692.346922 292.480033 699.534942 
296.074043 60.999168 916.639767 70.583195 926.223794 689.950915 288.886023 699.534942 
293.678037 58.603161 914.243760 69.385191 925.025790 688.752912 287.688020 700.732945 
290.084027 55.009151 915.441764 66.989185 925.025790 688.752912 284.094010 701.930948 
287.688020 51.415141 915.441764 63.395175 925.025790 686.356905 282.896007 695.940932 
287.688020 49.019135 914.243760 60.999168 925.025790 682.762895 281.698003 694.742928 
287.688020 46.623128 914.243760 59.801165 923.827787 681.564892 280.500000 694.742928 
286.490017 44.227121 916.639767 55.009151 923.827787 681.564892 280.500000 692.346922 
285.292013 41.831115 916.639767 52.613145 923.827787 679.168885 279.301997 691.148918 
286.490017 37.039101 917.837770 51.415141 923.827787 679.168885 278.103993 686.356905 
287.688020 35.841098 920.233777 49.019135 925.025790 675.574875 279.301997 686.356905 
288.886023 33.445092 921.431780 47.821131 929.817804 675.574875 280.500000 683.960899 
290.084027 32.247088 923.827787 47.821131 928.619800 675.574875 279.301997 680.366889 
292.480033 28.653078 925.025790 45.425125 928.619800 673.178869 280.500000 680.366889 
292.480033 27.455075 927.421797 43.029118 932.213810 674.376872 280.500000 679.168885 
293.678037 23.861065 928.619800 41.831115 929.817804 671.980865 281.698003 676.772879 
293.678037 21.465058 927.421797 41.831115 931.015807 671.980865 281.698003 675.574875 
294.876040 21.465058 931.015807 39.435108 931.015807 671.980865 281.698003 675.574875 
294.876040 17.871048 933.411814 40.633111 932.213810 671.980865 281.698003 673.178869 
296.074043 17.871048 934.609817 40.633111 933.411814 670.782862 282.896007 670.782862 
298.470050 17.871048 933.411814 40.633111 934.609817 673.178869 282.896007 670.782862 
298.470050 15.475042 937.005824 39.435108 933.411814 671.980865 282.896007 669.584859 
299.668053 15.475042 938.203827 40.633111 933.411814 673.178869 281.698003 671.980865 
302.064060 17.871048 939.401830 40.633111 934.609817 674.376872 285.292013 670.782862 
303.262063 19.069052 939.401830 41.831115 934.609817 675.574875 284.094010 670.782862 
304.460067 17.871048 938.203827 41.831115 933.411814 674.376872 285.292013 670.782862 
305.658070 19.069052 937.005824 45.425125 933.411814 675.574875 286.490017 668.386855 
306.856073 20.267055 939.401830 44.227121 933.411814 676.772879 287.688020 668.386855 
306.856073 19.069052 939.401830 45.425125 932.213810 674.376872 287.688020 670.782862 
308.054077 20.267055 940.599834 45.425125 933.411814 676.772879 287.688020 669.584859 
308.054077 21.465058 941.797837 47.821131 934.609817 677.970882 287.688020 673.178869 
309.252080 22.663062 941.797837 49.019135 937.005824 677.970882 288.886023 673.178869 
309.252080 21.465058 942.995840 50.217138 934.609817 679.168885 288.886023 674.376872 
311.648087 22.663062 944.193844 51.415141 935.807820 680.366889 287.688020 674.376872 
311.648087 23.861065 944.193844 50.217138 935.807820 681.564892 290.084027 671.980865 
310.450083 25.059068 942.995840 52.613145 934.609817 680.366889 290.084027 673.178869 
312.846090 25.059068 944.193844 51.415141 933.411814 681.564892 290.084027 674.376872 
312.846090 27.455075 944.193844 52.613145 934.609817 682.762895 288.886023 675.574875 
312.846090 28.653078 942.995840 55.009151 933.411814 682.762895 290.084027 673.178869 
312.846090 29.851082 941.797837 58.603161 932.213810 683.960899 290.084027 675.574875 
316.440100 34.643095 939.401830 59.801165 934.609817 680.366889 292.480033 675.574875 
318.836106 38.237105 935.807820 64.593178 928.619800 680.366889 296.074043 675.574875 
322.430116 41.831115 931.015807 69.385191 925.025790 674.376872 302.064060 667.188852 
326.024126 47.821131 927.421797 75.375208 920.233777 674.376872 304.460067 668.386855 
329.618136 53.811148 921.431780 77.771215 915.441764 669.584859 306.856073 664.792845 
329.618136 56.207155 920.233777 81.365225 911.847754 668.386855 311.648087 661.198835 
334.410150 60.999168 915.441764 86.157238 908.253744 663.594842 312.846090 657.604825 
334.410150 64.593178 910.649750 89.751248 905.857737 662.396839 315.242097 656.406822 
335.608153 64.593178 909.451747 92.147255 904.659734 660.000832 317.638103 656.406822 
338.004160 69.385191 904.659734 93.345258 899.867720 658.802829 318.836106 652.812812 
338.004160 69.385191 902.263727 92.147255 897.471714 652.812812 320.034110 650.416805 
340.400166 72.979201 896.273710 95.741265 891.481697 651.614809 322.430116 646.822795 
339.202163 75.375208 890.283694 98.137271 887.887687 646.822795 322.430116 644.426789 
339.202163 75.375208 886.689684 95.741265 883.095674 638.436772 323.628120 639.634775 
339.202163 75.375208 879.501664 100.533278 872.313644 631.248752 326.024126 631.248752 
341.598170 78.969218 868.719634 101.731281 866.323627 625.258735 326.024126 622.862729 
341.598170 80.167221 857.937604 100.533278 854.343594 614.476705 328.420133 614.476705 
341.598170 80.167221 849.551581 100.533278 844.759567 602.496672 328.420133 603.694676 
341.598170 77.771215 838.769551 100.533278 835.175541 589.318636 329.618136 590.516639 
341.598170 75.375208 830.383527 95.741265 825.591514 578.536606 328.420133 579.734609 
341.598170 76.573211 818.403494 95.741265 814.809484 564.160566 330.816140 565.358569 
338.004160 66.989185 810.017471 87.355241 805.225458 552.180532 327.222130 553.378536 
333.212146 58.603161 801.631448 78.969218 795.641431 539.002496 323.628120 540.200499 
329.618136 47.821131 793.245424 71.781198 787.255408 524.626456 318.836106 527.022463 
321.232113 35.841098 783.661398 59.801165 776.473378 512.646423 314.044093 512.646423 
316.440100 23.861065 776.473378 49.019135 769.285358 495.874376 308.054077 497.072379 
306.856073 5.891015 770.483361 32.247088 762.097338 480.300333 299.668053 482.696339 
298.628049 -13.397424 765.107058 14.703721 754.455636 464.726290 293.416891 464.726290 
0.000000 0.000000 0.000000 0.000000 0.000000 0.000000 0.000000 0.000000 
0.000000 0.000000 0.000000 0.000000 0.000000 0.000000 0.000000 0.000000 
0.000000 0.000000 0.000000 0.000000 0.000000 0.000000 0.000000 0.000000 
0.000000 0.000000 0.000000 0.000000 0.000000 0.000000 0.000000 0.000000 
0.000000 0.000000 0.000000 0.000000 0.000000 0.000000 0.000000 0.000000 
0.000000 0.000000 0.000000 0.000000 0.000000 0.000000 0.000000 0.000000 
0.000000 0.000000 0.000000 0.000000 0.000000 0.000000 0.000000 0.000000 
0.000000 0.000000 0.000000 0.000000 0.000000 0.000000 0.000000 0.000000 
0.000000 0.000000 0.000000 0.000000 0.000000 0.000000 0.000000 0.000000 
0.000000 0.000000 0.000000 0.000000 0.000000 0.000000 0.000000 0.000000 
0.000000 0.000000 0.000000 0.000000 0.000000 0.000000 0.000000 0.000000 
0.000000 0.000000 0.000000 0.000000 0.000000 0.000000 0.000000 0.000000 
0.000000 0.000000 0.000000 0.000000 0.000000 0.000000 0.000000 0.000000 
0.000000 0.000000 0.000000 0.000000 0.000000 0.000000 0.000000 0.000000 
0.000000 0.000000 0.000000 0.000000 0.000000 0.000000 0.000000 0.000000 
0.000000 0.000000 0.000000 0.000000 0.000000 0.000000 0.000000 0.000000 
0.000000 0.000000 0.000000 0.000000 0.000000 0.000000 0.000000 0.000000 
0.000000 0.000000 0.000000 0.000000 0.000000 0.000000 0.000000 0.000000 
0.000000 0.000000 0.000000 0.000000 0.000000 0.000000 0.000000 0.000000 
0.000000 0.000000 0.000000 0.000000 0.000000 0.000000 0.000000 0.000000 
0.000000 0.000000 0.000000 0.000000 0.000000 0.000000 0.000000 0.000000 
0.000000 0.000000 0.000000 0.000000 0.000000 0.000000 0.000000 0.000000 
0.000000 0.000000 0.000000 0.000000 0.000000 0.000000 0.000000 0.000000 
0.000000 0.000000 0.000000 0.000000 0.000000 0.000000 0.000000 0.000000 
0.000000 0.000000 0.000000 0.000000 0.000000 0.000000 0.000000 0.000000 
0.000000 0.000000 0.000000 0.000000 0.000000 0.000000 0.000000 0.000000 
0.000000 0.000000 0.000000 0.000000 0.000000 0.000000 0.000000 0.000000 
0.000000 0.000000 0.000000 0.000000 0.000000 0.000000 0.000000 0.000000 
0.000000 0.000000 0.000000 0.000000 0.000000 0.000000 0.000000 0.000000 
0.000000 0.000000 0.000000 0.000000 0.000000 0.000000 0.000000 0.000000 
0.000000 0.000000 0.000000 0.000000 0.000000 0.000000 0.000000 0.000000 
0.000000 0.000000 0.000000 0.000000 0.000000 0.000000 0.000000 0.000000 
0.000000 0.000000 0.000000 0.000000 0.000000 0.000000 0.000000 0.000000 
0.000000 0.000000 0.000000 0.000000 0.000000 0.000000 0.000000 0.000000 
0.000000 0.000000 0.000000 0.000000 0.000000 0.000000 0.000000 0.000000 
0.000000 0.000000 0.000000 0.000000 0.000000 0.000000 0.000000 0.000000 
0.000000 0.000000 0.000000 0.000000 0.000000 0.000000 0.000000 0.000000 
0.000000 0.000000 0.000000 0.000000 0.000000 0.000000 0.000000 0.000000 
0.000000 0.000000 0.000000 0.000000 0.000000 0.000000 0.000000 0.000000 
0.000000 0.000000 0.000000 0.000000 0.000000 0.000000 0.000000 0.000000 
0.000000 0.000000 0.000000 0.000000 0.000000 0.000000 0.000000 0.000000 
0.000000 0.000000 0.000000 0.000000 0.000000 0.000000 0.000000 0.000000 
0.000000 0.000000 0.000000 0.000000 0.000000 0.000000 0.000000 0.000000 
0.000000 0.000000 0.000000 0.000000 0.000000 0.000000 0.000000 0.000000 
0.000000 0.000000 0.000000 0.000000 0.000000 0.000000 0.000000 0.000000 
0.000000 0.000000 0.000000 0.000000 0.000000 0.000000 0.000000 0.000000 
0.000000 0.000000 0.000000 0.000000 0.000000 0.000000 0.000000 0.000000 
0.000000 0.000000 0.000000 0.000000 0.000000 0.000000 0.000000 0.000000 
0.000000 0.000000 0.000000 0.000000 0.000000 0.000000 0.000000 0.000000 
0.000000 0.000000 0.000000 0.000000 0.000000 0.000000 0.000000 0.000000 
0.000000 0.000000 0.000000 0.000000 0.000000 0.000000 0.000000 0.000000 
0.000000 0.000000 0.000000 0.000000 0.000000 0.000000 0.000000 0.000000 
0.000000 0.000000 0.000000 0.000000 0.000000 0.000000 0.000000 0.000000 
0.000000 0.000000 0.000000 0.000000 0.000000 0.000000 0.000000 0.000000 
0.000000 0.000000 0.000000 0.000000 0.000000 0.000000 0.000000 0.000000 
0.000000 0.000000 0.000000 0.000000 0.000000 0.000000 0.000000 0.000000 
0.000000 0.000000 0.000000 0.000000 0.000000 0.000000 0.000000 0.000000 
0.000000 0.000000 0.000000 0.000000 0.000000 0.000000 0.000000 0.000000 
0.000000 0.000000 0.000000 0.000000 0.000000 0.000000 0.000000 0.000000 
0.000000 0.000000 0.000000 0.000000 0.000000 0.000000 0.000000 0.000000 
0.000000 0.000000 0.000000 0.000000 0.000000 0.000000 0.000000 0.000000 
0.000000 0.000000 0.000000 0.000000 0.000000 0.000000 0.000000 0.000000 
0.000000 0.000000 0.000000 0.000000 0.000000 0.000000 0.000000 0.000000 
0.000000 0.000000 0.000000 0.000000 0.000000 0.000000 0.000000 0.000000 
0.000000 0.000000 0.000000 0.000000 0.000000 0.000000 0.000000 0.000000 
0.000000 0.000000 0.000000 0.000000 0.000000 0.000000 0.000000 0.000000 
0.000000 0.000000 0.000000 0.000000 0.000000 0.000000 0.000000 0.000000 
0.000000 0.000000 0.000000 0.000000 0.000000 0.000000 0.000000 0.000000 
0.000000 0.000000 0.000000 0.000000 0.000000 0.000000 0.000000 0.000000 
0.000000 0.000000 0.000000 0.000000 0.000000 0.000000 0.000000 0.000000 
0.000000 0.000000 0.000000 0.000000 0.000000 0.000000 0.000000 0.000000 
0.000000 0.000000 0.000000 0.000000 0.000000 0.000000 0.000000 0.000000 
0.000000 0.000000 0.000000 0.000000 0.000000 0.000000 0.000000 0.000000 
0.000000 0.000000 0.000000 0.000000 0.000000 0.000000 0.000000 0.000000 
442.535325 -11.803497 911.189088 8.024162 895.341819 473.357589 432.290403 462.024163 
445.824459 0.500000 910.649750 20.267055 898.669717 481.498336 432.646423 470.716306 
447.022463 9.485025 911.847754 29.851082 898.669717 493.478369 433.844426 482.696339 
449.418469 21.465058 913.045757 40.633111 901.065724 501.864393 436.240433 491.082363 
449.418469 28.653078 914.243760 49.019135 902.263727 507.854409 437.438436 498.270383 
454.210483 37.039101 916.639767 56.207155 904.659734 516.240433 438.636439 505.458403 
455.408486 44.227121 919.035774 64.593178 905.857737 523.428453 441.032446 511.448419 
457.804493 51.415141 921.431780 70.583195 907.055740 529.418469 441.032446 518.636439 
459.002496 56.207155 921.431780 75.375208 909.451747 534.210483 444.626456 522.230449 
463.794509 62.197171 922.629784 82.563228 909.451747 540.200499 445.824459 529.418469 
456.606489 52.613145 937.005824 74.177205 926.223794 553.378536 438.636439 540.200499 
445.824459 37.039101 959.767887 58.603161 946.589850 571.348586 426.656406 556.972546 
438.636439 20.267055 982.529950 43.029118 969.351913 592.912646 415.874376 572.546589 
436.240433 20.267055 990.915973 43.029118 976.539933 600.100666 414.676373 580.932612 
439.834443 22.663062 992.113977 45.425125 977.737937 602.496672 415.874376 583.328619 
441.032446 26.257072 996.905990 49.019135 978.935940 606.090682 417.072379 585.724626 
444.626456 29.851082 998.103993 53.811148 980.133943 607.288686 419.468386 590.516639 
447.022463 35.841098 993.311980 60.999168 978.935940 609.684692 423.062396 590.516639 
457.804493 56.207155 977.737937 80.167221 960.965890 601.298669 435.042429 579.734609 
470.982529 74.177205 960.965890 96.939268 945.391847 589.318636 449.418469 570.150582 
485.358569 98.137271 938.203827 118.503328 923.827787 572.546589 463.794509 555.774542 
498.536606 119.701331 914.243760 138.869384 902.263727 558.170549 478.170549 542.596506 
504.526622 126.889351 910.649750 146.057404 897.471714 553.378536 482.962562 537.804493 
504.526622 129.285358 909.451747 148.453411 898.669717 553.378536 484.160566 539.002496 
504.526622 128.087354 913.045757 147.255408 898.669717 555.774542 485.358569 539.002496 
505.724626 130.483361 911.847754 148.453411 898.669717 555.774542 485.358569 541.398502 
504.526622 129.285358 911.847754 147.255408 899.867720 556.972546 486.556572 540.200499 
506.922629 129.285358 913.045757 148.453411 899.867720 556.972546 485.358569 540.200499 
506.922629 128.087354 913.045757 148.453411 898.669717 558.170549 485.358569 541.398502 
506.922629 128.087354 914.243760 147.255408 899.867720 556.972546 486.556572 541.398502 
505.724626 128.087354 915.441764 146.057404 902.263727 556.972546 486.556572 537.804493 
506.922629 128.087354 914.243760 148.453411 899.867720 555.774542 486.556572 539.002496 
508.120632 126.889351 911.847754 147.255408 902.263727 554.576539 486.556572 537.804493 
506.922629 124.493344 913.045757 144.859401 898.669717 552.180532 485.358569 535.408486 
506.922629 123.295341 915.441764 143.661398 898.669717 550.982529 486.556572 536.606489 
506.922629 123.295341 914.243760 142.463394 898.669717 550.982529 486.556572 534.210483 
506.922629 122.097338 915.441764 143.661398 902.263727 552.180532 486.556572 530.616473 
506.922629 119.701331 915.441764 140.067388 901.065724 547.388519 486.556572 531.814476 
508.120632 117.305324 916.639767 137.671381 901.065724 546.190516 487.754576 528.220466 
508.120632 116.107321 914.243760 136.473378 901.065724 546.190516 487.754576 529.418469 
506.922629 112.513311 915.441764 134.077371 899.867720 543.794509 486.556572 525.824459 
508.120632 111.315308 916.639767 131.681364 899.867720 541.398502 487.754576 523.428453 
509.318636 106.523295 917.837770 126.889351 901.065724 539.002496 487.754576 519.834443 
510.516639 102.929285 919.035774 125.691348 901.065724 535.408486 488.952579 516.240433 
511.714642 98.137271 921.431780 120.899334 902.263727 530.616473 488.952579 511.448419 
512.912646 94.543261 925.025790 117.305324 905.857737 529.418469 491.348586 509.052413 
515.308652 88.553245 928.619800 113.711314 907.055740 523.428453 493.744592 504.260399 
520.100666 82.563228 932.213810 105.325291 911.847754 522.230449 497.338602 499.468386 
523.694676 77.771215 934.609817 101.731281 915.441764 516.240433 498.536606 493.478369 
527.288686 71.781198 941.797837 96.939268 917.837770 510.250416 502.130616 488.686356 
530.882696 65.791181 945.391847 89.751248 922.629784 509.052413 505.724626 480.300333 
534.476705 58.603161 953.777870 83.761231 926.223794 501.864393 510.516639 475.508319 
541.664725 51.415141 959.767887 76.573211 933.411814 494.676373 516.506656 467.122296 
548.852745 43.029118 969.351913 70.583195 940.599834 488.686356 523.694676 461.132280 
554.842762 34.643095 977.737937 60.999168 946.589850 482.696339 529.684692 455.142263 
564.426789 27.455075 986.123960 55.009151 954.975874 479.102329 535.674709 447.954243 
572.812812 19.069052 994.509983 46.623128 963.361897 469.518303 542.862729 441.964226 
580.000832 10.683028 1005.292013 41.831115 970.549917 464.726290 551.248752 433.578203 
588.386855 3.495008 1016.074043 32.247088 980.133943 458.736273 559.634775 427.588186 
596.169773 -6.393673 1029.918655 23.580844 985.776194 455.641904 566.875200 421.561823 
608.478005 -11.159718 1038.203256 20.469805 1002.877071 448.460122 576.274736 416.499687 
618.916547 -22.786715 1054.091759 10.264567 1013.170937 443.233271 585.778811 411.317625 
0.000000 0.000000 0.000000 0.000000 0.000000 0.000000 0.000000 0.000000 

