663.861065 246.689684 698.603161 246.689684 696.207155 282.629784 661.465058 281.431780 
650.196410 247.762997 685.134816 248.908518 684.180215 282.319562 648.859968 280.601280 
638.732192 248.888137 673.794793 249.927029 673.535070 281.353509 639.771084 280.834063 
621.738912 251.512077 661.119565 250.906221 662.331277 283.319527 621.738912 281.199030 
616.165886 253.402918 649.957720 252.990822 648.309338 283.897988 616.577981 282.249606 
603.611471 255.066724 636.513211 254.575653 635.694760 286.495252 603.611471 285.022040 
594.988447 256.830489 628.349249 256.629521 627.545374 288.985479 596.395228 287.980636 
590.045701 258.085122 623.447699 257.639762 623.225019 291.487120 591.381781 290.151040 
587.314617 260.704647 622.275374 260.704647 620.939294 293.883965 589.096056 293.215925 
586.682259 261.244382 621.403120 260.424204 621.129728 295.418458 586.955652 294.598280 
584.762520 262.399695 618.937245 262.972456 619.319085 296.765340 584.953440 297.147181 
582.071089 263.341823 617.934286 262.404223 617.231087 297.564221 584.180689 296.861021 
577.663856 263.742188 615.039661 262.560344 616.516965 296.833809 579.732082 296.242887 
576.892921 261.684072 612.176287 261.684072 612.669761 296.473965 577.879868 295.487017 
572.960804 262.151312 610.218442 261.144349 609.882787 295.045443 573.967767 294.374134 
568.979461 261.206490 606.239616 259.388921 606.239616 293.013940 570.191173 292.711012 
566.493047 258.510918 603.235244 257.842878 603.457924 291.690236 567.829127 290.799516 
562.771013 255.847253 601.210014 256.626422 599.911399 289.091794 564.069628 289.091794 
558.907951 253.736435 597.431588 253.068395 596.318188 288.919872 560.912071 288.029152 
556.712234 251.814308 594.631788 250.775416 594.891511 285.838018 557.231680 285.058849 
553.893421 248.172941 593.114638 248.810685 591.839151 283.567698 553.893421 283.248826 
549.973574 248.037220 589.354226 248.340148 589.354226 283.782735 551.488214 281.965166 
548.006032 247.858663 584.928015 247.523008 585.599324 282.431066 548.006032 281.759757 
543.689037 247.027878 581.686508 246.534404 581.439771 280.584086 543.935774 280.090612 
539.291251 246.670232 579.288589 246.670232 578.509420 281.473111 539.291251 280.174496 
535.644335 244.077011 574.401921 244.077011 574.793412 281.660125 536.427317 280.485653 
530.876916 245.643406 571.591956 245.251916 570.808975 282.835029 530.876916 282.443539 
526.895901 245.949095 568.349219 245.630224 565.798246 284.213697 525.939286 283.257082 
520.988900 246.420658 563.520777 246.420658 563.298097 285.389656 521.434260 284.053576 
514.222232 246.493424 557.377613 247.128062 556.954521 286.264070 514.856870 284.360156 
507.818900 246.337878 553.301287 246.760970 552.032011 286.320070 509.934359 285.050794 
503.624886 247.399414 548.904664 246.761670 547.310306 286.620630 504.262629 285.345143 
496.072866 245.519781 539.240119 246.095344 539.240119 285.809217 494.921739 283.506964 
489.777399 243.548443 535.523096 244.292275 534.407347 285.946893 489.777399 284.087312 
481.084622 243.630983 526.830318 242.887150 525.714570 283.797935 480.712706 280.450689 
474.008340 239.939169 517.693760 239.939169 516.418273 281.392487 472.413982 279.479257 
463.818886 235.482185 509.800073 237.217324 509.366288 278.860664 463.818886 276.691740 
455.382093 232.633345 502.230850 233.500914 500.495711 277.313178 453.646954 274.710469 
445.208096 232.372036 492.969970 231.980546 491.404007 273.870058 444.816606 271.521113 
434.394695 228.306670 484.776420 229.582157 484.457548 273.586448 434.713566 270.716603 
421.744496 226.114528 475.316917 226.114528 474.492726 269.796655 422.980782 267.736178 
409.331882 225.076850 463.728494 225.076850 462.080112 267.934787 410.568169 265.050118 
397.778960 224.335735 457.285557 223.552754 453.762140 266.616738 398.561942 263.876303 
385.281300 221.661329 445.994727 221.128755 444.929579 265.332390 387.411596 262.136947 
375.120390 221.522264 430.268419 221.522264 430.268419 264.021663 376.638225 261.997882 
367.790130 220.067924 420.300920 220.067924 421.670767 263.446403 370.073208 261.163325 
357.912532 218.955452 415.590288 219.461398 414.578397 262.972687 358.924423 261.960796 
348.899016 217.045019 405.658175 217.682762 406.933661 262.643669 350.812246 261.687054 
345.860231 217.848703 398.770893 217.848703 398.770893 264.534582 345.860231 261.422190 
335.485591 217.848703 394.621037 214.736311 392.546110 259.347262 337.560519 260.384726 
332.373199 213.698847 389.433718 212.661383 388.396254 257.272334 332.373199 256.234870 
328.023365 210.894810 386.150527 210.461025 387.018096 254.707073 327.589581 254.707073 
325.084832 209.093330 384.200537 208.028182 385.265685 255.427261 327.215127 251.699243 
318.636507 206.064683 380.396917 204.386411 383.082152 251.042372 325.013941 250.035409 
320.679515 200.605716 382.493847 199.781525 382.905943 248.408799 322.739993 246.348321 
320.596281 196.268729 381.759936 195.834944 383.061291 244.852625 321.897636 243.985055 
324.666948 193.450646 382.184931 192.918072 383.782653 241.382299 322.536652 239.784577 
321.950951 192.689046 383.137437 189.949353 384.507284 237.893987 323.777414 238.350602 
321.306201 186.449112 387.653584 186.037016 388.889870 234.664291 325.427156 234.252195 
326.743000 185.120557 390.188531 185.601205 392.111123 234.627297 327.704296 232.704705 
329.673979 181.163434 394.561454 180.682786 396.484046 232.592766 332.077219 230.670174 
335.121755 178.388578 398.364908 179.400469 401.906524 229.489046 335.121755 230.500936 
338.307162 179.289444 402.748606 177.691722 406.476623 230.416540 340.970031 228.286244 
341.989829 178.839170 410.025548 176.556092 411.852010 228.153651 346.099369 227.240420 
347.935159 180.500000 415.120805 177.609356 415.120805 228.624332 353.454351 227.503124 
353.821819 177.541142 420.190891 177.107357 421.926030 230.029101 354.689388 228.727747 
359.640158 181.158132 425.732433 179.387803 428.092872 233.087777 360.820377 232.497668 
363.962942 181.762788 431.734305 181.282140 433.656897 235.114712 365.404886 233.672768 
364.565897 183.307869 435.398228 183.307869 439.126245 236.032687 370.424210 235.500114 
371.884013 186.857744 447.509509 184.727448 448.042083 237.984840 377.209752 237.452266 
381.739665 189.764467 449.012160 187.994138 452.552818 239.923783 382.919884 237.563345 
384.464676 188.848863 456.458048 185.898315 459.998706 240.778508 386.235005 239.008180 
389.983332 189.589291 464.160530 187.854152 465.028100 241.209680 393.887395 240.342111 
393.322462 187.328027 472.755862 187.328027 472.755862 240.452275 395.852188 237.922549 
400.467305 185.808912 476.092801 185.276338 475.560227 241.729173 400.999879 238.001156 
403.298355 184.241079 479.096538 182.414616 480.466385 240.404793 405.124817 239.491562 
407.310619 181.032725 484.673988 181.593329 487.477009 236.532534 408.431827 237.093138 
412.731452 181.336439 490.094821 181.336439 492.897842 236.836247 414.973868 236.836247 
414.835214 180.514573 495.280504 180.514573 498.822121 236.674492 419.894666 235.662602 
419.120832 177.794155 500.621707 176.680755 500.621707 235.690951 423.574432 235.913631 
424.182801 177.821561 506.200232 177.132339 506.717149 236.060829 426.767384 235.716218 
428.542651 177.643158 512.049233 177.021135 512.360244 235.646798 431.652766 236.268821 
433.880943 178.793874 515.114601 177.101506 518.499337 237.603658 436.631040 237.603658 
438.562444 180.182737 520.133638 179.245137 523.180838 238.079533 440.906443 238.079533 
440.853606 181.777346 525.774169 179.763419 527.116787 241.188174 443.203187 241.188174 
443.748801 185.668020 530.683290 184.996711 531.354598 245.414503 447.440999 245.750157 
446.341212 188.184281 536.178041 186.123803 538.650614 249.998613 449.637976 249.586517 
447.780918 191.465160 538.215286 188.724725 541.347212 252.929211 453.261789 253.320702 
449.295922 191.915158 544.112416 191.612230 545.021200 257.347626 452.931059 255.832986 
452.932878 199.288561 547.673644 197.331107 550.022588 260.361121 456.456295 260.361121 
456.456063 200.298591 550.825943 195.765540 551.238038 262.937114 459.340732 263.761305 
455.774597 202.092001 551.872098 198.975325 554.209604 264.165792 462.007948 265.204683 
456.785792 202.321509 555.715510 199.346179 557.203175 264.803436 462.364536 267.034933 
458.665639 201.812072 557.134785 200.944503 560.171279 268.614929 459.099424 267.313575 
457.338577 204.283859 559.711787 199.078441 561.446926 267.182653 462.110210 268.050222 
459.118668 201.402462 560.535388 200.441166 562.457980 268.693177 460.560612 269.173825 
459.179450 201.678533 562.420229 199.075824 564.155368 267.180035 462.215944 268.047605 
458.409610 201.208859 563.646216 198.679133 566.175942 268.499574 460.433391 270.017409 
457.794014 199.898605 564.185440 197.615527 566.468518 271.587249 460.990323 271.587249 
455.769413 200.120990 565.559526 197.591263 568.595198 271.459266 460.322920 272.471156 
458.315439 200.279920 568.551410 198.513318 569.611371 271.650644 461.142002 273.417246 
458.849245 199.228943 571.320869 196.825704 573.243460 272.768082 462.213781 273.248730 
460.908307 204.138359 571.349913 201.665786 575.470869 277.079271 462.144593 277.079271 
460.118359 204.034775 574.042172 202.077321 578.740062 282.724420 464.816248 281.941438 
459.932481 214.398562 580.294187 208.540249 579.229039 285.763468 461.530203 287.361189 
461.802760 215.337027 581.099318 213.206731 584.827335 293.092819 463.933056 290.962523 
462.998690 223.035404 584.958118 220.905109 588.686135 300.258623 464.596412 301.323771 
467.243516 229.260807 593.814121 227.185879 594.851585 311.220461 467.243516 308.108069 
469.318444 236.523055 594.851585 232.373199 595.889049 317.445245 471.393372 314.332853 
470.355908 240.672911 600.038905 236.523055 601.076369 322.632565 474.505764 322.632565 
475.543228 243.785303 603.151297 240.672911 609.376081 325.744957 477.618156 326.782421 
476.580692 246.897695 608.338617 242.747839 614.563401 327.819885 479.693084 330.932277 
479.693084 250.010086 615.600865 245.860231 618.713256 338.194524 483.842939 338.194524 
481.768012 251.047550 620.788184 247.935159 622.863112 337.157061 483.842939 338.194524 
482.805476 253.122478 628.050432 250.010086 628.050432 341.306916 486.955331 343.381844 
483.842939 255.197406 627.012968 252.085014 631.162824 342.344380 486.955331 343.381844 
486.955331 256.234870 634.275216 252.085014 635.312680 347.531700 487.992795 347.531700 
486.955331 256.234870 634.275216 251.047550 637.387608 347.531700 487.992795 345.456772 
485.917867 255.197406 640.500000 250.010086 643.612392 349.606628 490.067723 347.531700 
483.842939 250.010086 644.649856 247.935159 646.724784 347.531700 485.917867 349.606628 
485.917867 251.047550 645.687320 245.860231 645.687320 347.531700 489.030259 349.606628 
480.730548 245.860231 647.762248 241.710375 647.762248 349.606628 485.917867 347.531700 
478.655620 247.935159 642.574928 240.672911 648.799712 347.531700 480.730548 344.419308 
477.618156 242.747839 648.799712 238.597983 652.949568 349.606628 477.618156 349.606628 
475.543228 246.897695 650.874640 240.672911 652.949568 349.606628 479.693084 349.606628 
477.618156 245.860231 655.024496 241.710375 653.987032 356.868876 480.730548 353.756484 
476.580692 245.860231 663.324207 246.897695 663.324207 363.093660 476.580692 361.018732 
476.580692 252.085014 665.399135 247.935159 665.399135 366.206052 480.730548 368.280980 
478.655620 257.272334 671.623919 253.122478 668.511527 375.543228 483.842939 368.280980 
476.580692 253.122478 674.736311 255.197406 672.661383 375.543228 481.768012 377.618156 
480.730548 259.347262 676.811239 256.234870 675.773775 375.543228 484.880403 375.543228 
479.693084 257.272334 684.073487 255.197406 687.185879 377.618156 483.842939 381.768012 
479.693084 255.197406 689.260807 250.010086 691.335735 377.618156 487.992795 377.618156 
482.805476 250.010086 695.485591 243.785303 698.597983 377.618156 482.805476 377.618156 
489.030259 247.935159 705.860231 243.785303 706.897695 377.618156 489.030259 372.430836 
493.180115 242.747839 711.047550 241.710375 713.122478 375.543228 492.142651 375.543228 
491.105187 240.672911 718.309798 238.597983 717.272334 372.430836 495.255043 375.543228 
496.292507 234.448127 729.721902 232.373199 726.609510 375.543228 499.404899 372.430836 
499.404899 227.185879 735.946686 227.185879 739.059078 368.280980 500.442363 368.280980 
501.479827 217.848703 745.283862 221.998559 746.321326 372.430836 502.517291 372.430836 
505.629683 215.773775 755.658501 217.848703 754.621037 373.468300 507.704611 366.206052 
509.779539 212.661383 766.033141 213.698847 767.070605 372.430836 512.891931 366.206052 
517.041787 209.548991 775.370317 210.586455 775.370317 366.206052 517.041787 368.280980 
519.116715 208.511527 785.744957 209.548991 782.632565 373.468300 519.116715 370.355908 
521.191643 208.511527 799.231988 208.511527 796.119597 379.693084 525.341499 375.543228 
523.266571 209.548991 810.644092 209.548991 808.569164 386.955331 525.341499 379.693084 
528.453890 212.661383 817.906340 212.661383 817.906340 392.142651 526.378963 386.955331 
531.566282 212.661383 828.280980 213.698847 830.355908 398.367435 529.491354 394.217579 
533.641210 217.848703 843.842939 217.848703 840.730548 405.629683 535.716138 400.442363 
536.753602 217.848703 857.329971 225.110951 853.180115 414.966859 539.865994 407.704611 
540.903458 221.998559 869.779539 224.073487 861.479827 422.229107 546.090778 419.116715 
552.315562 221.998559 881.191643 227.185879 881.191643 431.566282 553.353026 428.453890 
553.353026 218.886167 899.865994 223.036023 894.678674 433.641210 552.315562 426.378963 
559.577810 213.698847 902.978386 218.886167 905.053314 431.566282 553.353026 426.378963 
560.615274 209.548991 921.652738 210.586455 916.465418 428.453890 559.577810 424.304035 
567.877522 201.249280 934.102305 206.436599 925.802594 433.641210 563.727666 428.453890 
566.840058 195.024496 946.551873 203.324207 943.439481 430.528818 567.877522 428.453890 
570.989914 191.912104 949.664265 196.061960 950.701729 433.641210 568.914986 429.491354 
567.877522 180.500000 968.338617 187.762248 959.001441 428.453890 565.802594 426.378963 
567.877522 176.350144 973.525937 182.574928 972.488473 428.453890 568.914986 424.304035 
566.840058 169.087896 981.825648 176.350144 975.600865 428.453890 568.914986 426.378963 
562.690202 159.750720 988.050432 168.050432 975.600865 424.304035 559.577810 424.304035 
562.690202 157.675793 993.237752 159.750720 983.900576 426.378963 562.690202 422.229107 
558.540346 153.525937 991.162824 161.825648 988.050432 426.378963 558.540346 428.453890 
552.315562 147.301153 987.012968 156.638329 983.900576 426.378963 554.390490 429.491354 
548.165706 144.188761 990.125360 152.488473 984.938040 430.528818 551.278098 433.641210 
542.978386 152.488473 990.125360 157.675793 979.750720 429.491354 544.015850 437.791066 
538.828530 147.301153 989.087896 153.525937 979.750720 430.528818 542.978386 435.716138 
538.828530 144.188761 990.125360 156.638329 978.713256 433.641210 540.903458 440.903458 
536.753602 148.338617 981.825648 159.750720 976.638329 435.716138 540.903458 448.165706 
536.753602 148.338617 981.825648 159.750720 976.638329 430.528818 536.753602 447.128242 
535.716138 152.488473 975.600865 157.675793 969.376081 428.453890 534.678674 442.978386 
535.716138 148.338617 972.488473 157.675793 961.076369 428.453890 539.865994 440.903458 
537.791066 150.413545 966.263689 162.863112 960.038905 426.378963 535.716138 442.978386 
542.978386 152.488473 955.889049 161.825648 950.701729 419.116715 542.978386 438.828530 
541.940922 156.638329 944.476945 163.900576 939.289625 417.041787 546.090778 431.566282 
545.053314 152.488473 934.102305 163.900576 926.840058 412.891931 546.090778 430.528818 
540.903458 152.488473 917.502882 167.012968 919.577810 409.779539 547.128242 424.304035 
538.828530 153.525937 907.128242 171.162824 901.940922 407.704611 537.791066 424.304035 
533.641210 153.525937 891.566282 171.162824 888.453890 407.704611 535.716138 421.191643 
527.416427 157.675793 871.854467 173.237752 866.667147 401.479827 531.566282 412.891931 
525.341499 161.825648 865.629683 176.350144 858.367435 391.105187 524.304035 405.629683 
519.116715 162.863112 844.880403 176.350144 842.805476 391.105187 521.191643 400.442363 
512.891931 159.750720 826.206052 176.350144 824.131124 384.880403 516.004323 398.367435 
507.704611 161.825648 815.831412 177.387608 811.681556 379.693084 510.817003 389.030259 
506.667147 161.825648 804.419308 175.312680 800.269452 375.543228 506.667147 384.880403 
506.667147 158.713256 787.819885 173.237752 783.670029 364.131124 503.554755 375.543228 
503.554755 158.713256 779.520173 175.312680 775.370317 358.943804 508.742075 370.355908 
507.704611 157.675793 771.220461 172.200288 768.108069 354.793948 508.742075 363.093660 
510.817003 157.675793 768.108069 173.237752 759.808357 349.606628 514.966859 356.868876 
514.966859 158.713256 763.958213 175.312680 754.621037 347.531700 514.966859 353.756484 
518.079251 162.863112 755.658501 176.350144 754.621037 340.269452 520.154179 347.531700 
521.191643 163.900576 755.658501 182.574928 749.433718 343.381844 523.266571 351.681556 
529.491354 176.350144 748.396254 186.724784 747.358790 344.419308 530.528818 349.606628 
530.528818 176.350144 750.471182 195.024496 743.208934 349.606628 533.641210 356.868876 
537.791066 190.874640 746.321326 203.324207 742.171470 351.681556 534.678674 358.943804 
540.903458 195.024496 743.208934 208.511527 739.059078 353.756484 538.828530 363.093660 
542.978386 204.361671 742.171470 214.736311 736.984150 356.868876 538.828530 363.093660 
540.903458 212.661383 734.909222 218.886167 731.796830 363.093660 538.828530 368.280980 
538.828530 212.661383 738.021614 224.073487 725.572046 363.093660 537.791066 370.355908 
533.641210 218.886167 720.384726 229.260807 714.159942 366.206052 530.528818 370.355908 
533.641210 227.185879 714.159942 236.523055 708.972622 370.355908 529.491354 372.430836 
532.603746 231.335735 706.897695 237.560519 699.635447 370.355908 527.416427 372.430836 
520.154179 236.523055 698.597983 243.785303 694.448127 372.430836 518.079251 377.618156 
511.854467 236.523055 686.148415 245.860231 681.998559 372.430836 505.629683 373.468300 
507.704611 240.672911 674.736311 250.010086 671.623919 373.468300 503.554755 379.693084 
502.517291 245.860231 666.436599 257.272334 658.136888 377.618156 492.142651 379.693084 
496.292507 250.010086 650.874640 256.234870 645.687320 375.543228 486.955331 379.693084 
486.955331 250.010086 647.762248 260.384726 641.537464 379.693084 482.805476 382.805476 
481.768012 255.197406 635.312680 262.459654 629.087896 381.768012 478.655620 384.880403 
474.505764 260.384726 628.050432 266.609510 624.938040 377.618156 470.355908 389.030259 
471.393372 264.534582 614.563401 269.721902 617.675793 379.693084 468.280980 389.030259 
470.355908 269.721902 613.525937 273.871758 605.226225 384.880403 465.168588 391.105187 
463.093660 269.721902 602.113833 278.021614 601.076369 384.880403 462.056196 391.105187 
466.206052 273.871758 600.038905 281.134006 597.963977 382.805476 462.056196 391.105187 
462.056196 279.059078 597.963977 285.283862 594.851585 391.105187 465.168588 398.367435 
464.131124 285.283862 593.814121 289.433718 591.739193 391.105187 465.168588 398.367435 
464.131124 290.471182 588.626801 292.546110 584.476945 396.292507 457.906340 400.442363 
459.981268 295.658501 584.476945 299.808357 583.439481 400.442363 461.018732 403.554755 
461.018732 303.958213 582.402017 306.033141 578.252161 403.554755 458.943804 407.704611 
458.943804 307.070605 581.364553 310.182997 575.139769 407.704611 454.793948 414.966859 
456.868876 315.370317 572.027378 318.482709 569.952450 412.891931 456.868876 420.154179 
451.681556 319.520173 565.802594 323.670029 564.765130 412.891931 446.494236 424.304035 
445.456772 326.782421 558.540346 328.857349 556.465418 419.116715 446.494236 424.304035 
440.269452 329.894813 548.165706 331.969741 547.128242 424.304035 434.044669 428.453890 
433.007205 337.157061 547.128242 336.119597 541.940922 424.304035 429.894813 429.491354 
428.857349 340.269452 533.641210 337.157061 534.678674 428.453890 423.670029 439.865994 
416.407781 342.344380 525.341499 342.344380 527.416427 429.491354 417.445245 435.716138 
412.257925 344.419308 519.116715 344.419308 517.041787 429.491354 412.257925 438.828530 
403.958213 344.419308 509.779539 347.531700 509.779539 428.453890 402.920749 437.791066 
397.733429 344.419308 501.479827 344.419308 501.479827 426.378963 397.733429 433.641210 
388.396254 344.419308 494.217579 339.231988 495.255043 426.378963 389.433718 433.641210 
383.208934 340.269452 486.955331 338.194524 485.917867 420.154179 382.171470 428.453890 
376.984150 336.119597 476.580692 333.007205 479.693084 414.966859 378.021614 420.154179 
368.684438 329.894813 469.318444 327.819885 470.355908 403.554755 369.721902 412.891931 
364.534582 318.482709 466.206052 321.595101 466.206052 398.367435 363.497118 405.629683 
360.384726 307.070605 458.943804 304.995677 459.981268 386.955331 360.384726 389.030259 
354.159942 298.770893 449.606628 297.733429 451.681556 370.355908 353.122478 377.618156 
346.897695 290.471182 443.381844 289.433718 447.531700 363.093660 351.047550 366.206052 
339.635447 275.946686 437.157061 273.871758 437.157061 351.681556 344.822767 356.868876 
336.523055 262.459654 428.857349 265.572046 430.932277 338.194524 337.560519 347.531700 
328.223343 253.122478 422.632565 255.197406 422.632565 334.044669 325.110951 342.344380 
319.923631 247.935159 412.257925 247.935159 415.370317 324.707493 323.036023 328.857349 
313.698847 245.860231 406.033141 247.935159 403.958213 319.520173 314.736311 323.670029 
304.361671 242.747839 396.695965 242.747839 401.883285 317.445245 305.399135 320.557637 
293.987032 240.672911 387.358790 241.710375 389.433718 313.295389 299.174352 320.557637 
285.687320 240.672911 378.021614 240.672911 379.059078 314.332853 282.574928 315.370317 
277.387608 238.597983 365.572046 240.672911 368.684438 314.332853 279.462536 317.445245 
271.162824 236.523055 363.497118 237.560519 360.384726 309.145533 272.200288 313.295389 
264.938040 237.560519 356.234870 237.560519 356.234870 311.220461 269.087896 317.445245 
263.900576 238.597983 350.010086 240.672911 352.085014 312.257925 263.900576 317.445245 
259.750720 237.560519 345.860231 241.710375 347.935159 315.370317 260.788184 315.370317 
257.675793 237.560519 343.785303 241.710375 345.860231 313.295389 260.788184 316.407781 
256.638329 240.672911 339.635447 241.710375 343.785303 310.182997 255.600865 308.108069 
258.713256 240.672911 340.672911 238.597983 339.635447 311.220461 259.750720 312.257925 
256.638329 236.523055 342.747839 240.672911 339.635447 308.108069 260.788184 311.220461 
261.568720 235.961381 340.539197 238.859380 340.539197 304.788861 262.293219 307.686860 
265.975504 236.523055 342.747839 236.523055 343.785303 303.958213 268.050432 303.958213 
271.162824 231.335735 345.860231 232.373199 351.047550 302.920749 269.087896 302.920749 
275.312680 228.223343 353.122478 231.335735 353.122478 297.733429 274.275216 299.808357 
278.425072 231.335735 355.197406 231.335735 357.272334 292.546110 278.425072 296.695965 
285.687320 229.260807 359.347262 231.335735 360.384726 295.658501 288.799712 292.546110 
289.837176 229.260807 359.347262 228.223343 362.459654 295.658501 296.061960 296.695965 
296.061960 231.335735 365.572046 232.373199 363.497118 297.733429 298.136888 293.583573 
300.211816 229.260807 368.684438 231.335735 368.684438 290.471182 303.324207 292.546110 
306.271926 228.141352 376.463910 233.110696 372.736902 291.500489 305.029590 292.742825 
308.511527 228.223343 382.171470 231.335735 378.021614 290.471182 312.661383 293.583573 
317.848703 231.335735 384.246398 231.335735 384.246398 290.471182 315.773775 289.433718 
319.147318 226.727348 389.960471 228.590852 386.854631 285.117141 321.631990 288.222981 
323.318590 221.481093 389.358557 225.404259 386.743113 279.020866 325.280174 281.636310 
327.232117 218.842542 389.865123 220.219091 391.929948 281.475548 327.920391 279.410724 
328.781352 215.641227 398.297107 216.329502 396.232283 272.768036 328.781352 274.832860 
329.885529 208.971262 394.915608 211.213678 394.355004 266.152883 332.688550 268.955903 
330.090351 203.101231 395.592518 203.691341 396.772737 259.161644 333.040899 260.931973 
334.931689 196.807019 396.454628 195.845723 396.935276 249.678295 334.451041 251.600887 
334.212925 184.065583 395.469382 185.442133 396.157657 243.257216 336.277749 242.568941 
334.028213 173.884968 394.596395 177.326342 396.661219 233.076600 334.716488 234.453150 
333.149564 168.298704 392.634809 170.586598 393.397441 225.496056 335.437458 224.733425 
331.477333 156.063300 393.594133 158.024883 392.286411 216.218517 332.785055 213.603073 
328.573147 149.504898 390.517879 150.193173 390.517879 208.008256 332.014521 205.943432 
327.698507 139.794032 384.845964 141.657536 389.815308 198.183824 332.046683 198.804992 
325.112971 131.965347 384.992878 135.406721 387.057703 193.910079 325.801246 193.910079 
322.000522 122.910704 377.578712 124.872288 380.194156 182.412061 323.962105 181.758200 
319.478075 117.475420 375.056265 118.783143 377.017848 175.669055 321.439658 177.630638 
315.966543 112.329202 376.747832 114.689641 376.157723 170.159944 315.966543 168.389615 
315.114488 109.898021 372.286298 112.933693 374.310079 164.540105 316.632323 165.551996 
314.737687 106.607123 372.479912 111.091956 373.040516 163.788744 316.419499 164.909952 
315.876655 106.467971 370.255255 109.270992 371.937068 163.649592 318.679676 163.088988 
313.928846 108.310857 372.231675 111.113877 372.231675 164.371269 317.853074 163.810665 
314.504252 109.831030 370.564664 113.194655 372.807081 165.330839 315.064856 164.770235 
318.365877 113.714941 374.426290 116.075380 374.426290 171.545683 319.546097 169.185244 
321.892311 118.092545 375.592285 120.452984 376.182395 174.743067 324.842859 171.792519 
329.223170 125.586996 381.742924 126.177106 383.513253 181.057299 332.173718 181.057299 
338.561599 131.623052 387.540696 133.983491 387.540696 185.323026 340.922037 185.323026 
347.190548 138.892301 396.169645 140.662630 397.939974 192.002166 347.780658 190.821946 
358.783603 147.487357 405.992371 150.437905 408.352810 198.236783 360.553932 197.056564 
372.421679 152.203367 420.073030 154.445783 419.512426 205.460759 375.224700 204.339551 
384.625596 156.972534 436.555241 159.332972 438.325570 210.672508 387.576144 210.082398 
401.192400 165.274673 452.128176 164.032337 455.234016 216.210449 402.434736 216.210449 
416.616749 169.788002 468.214308 169.788002 470.954001 220.015714 418.443211 222.755407 
434.642142 174.625404 489.020742 174.625404 491.263159 223.958567 435.202746 225.079775 
460.498382 178.872448 508.962609 177.807300 511.092904 228.401822 465.291547 229.999544 
478.924513 182.929862 526.856165 181.864714 527.388739 230.861514 479.989661 230.328941 
493.120396 188.205028 540.211143 186.523216 540.211143 233.053358 495.923417 235.295775 
507.708163 192.385594 551.811091 189.900922 553.053427 237.730859 508.950499 239.594363 
516.590150 196.678659 562.391507 196.146085 560.261211 241.414869 519.253019 245.142886 
523.390356 203.031902 568.659139 200.369032 569.724287 248.833259 526.053226 251.496129 
530.048626 209.949202 569.934150 207.987618 574.511178 254.411754 532.664070 259.642642 
533.081103 215.297789 578.349886 211.569772 581.545330 261.631720 535.743973 267.490034 
536.753602 227.185879 581.364553 221.998559 583.174395 267.705113 539.447273 274.992966 
539.737825 235.139692 583.464947 228.412443 586.828572 275.503189 545.343866 282.791043 
539.071509 245.316117 585.185920 237.056819 590.003844 284.547780 548.707356 291.430528 
541.272583 251.828463 587.696718 242.020547 595.543051 290.406265 551.734360 298.906459 
542.916557 259.066581 590.715435 249.624827 598.976970 294.473157 556.489078 308.045678 
542.062742 271.293502 589.892679 255.764301 600.452535 306.078910 557.591943 317.881102 
542.121957 279.576996 585.633246 265.916475 598.281877 310.945600 558.818149 326.123956 
543.196873 287.309217 585.242182 271.051698 599.257286 317.581840 553.848351 334.399964 
539.111761 295.977208 582.838883 278.598480 598.535798 324.007414 556.490489 343.067954 
533.621091 307.880101 577.292153 288.174866 593.801944 331.845927 551.728605 352.083736 
528.351436 316.747861 569.836142 293.763092 591.139098 339.172026 549.093789 363.278004 
524.286318 329.195484 563.233552 305.591100 585.657717 349.259211 544.350045 375.814143 
511.054965 342.332765 557.024503 314.863163 579.448668 356.347869 537.403358 383.817471 
505.379853 355.390473 547.867745 324.704774 573.832567 364.242117 531.344676 393.747597 
500.968353 364.035821 543.469322 328.727323 570.277625 371.228292 527.122795 404.575206 
487.434858 374.739226 529.508198 342.252217 561.462633 380.597539 516.726424 413.084548 
478.813122 385.940668 525.903869 345.577171 555.615887 387.622480 511.328161 424.061748 
467.942319 398.313611 514.529919 357.316523 545.588320 397.071275 503.348895 437.447196 
459.551857 405.370179 498.794146 368.370307 534.112206 404.248971 493.188105 444.051864 
450.038789 410.496092 489.841682 371.814407 526.280950 411.056696 483.114432 450.859589 
441.306916 420.154179 479.693084 379.693084 514.966859 417.041787 473.468300 459.577810 
425.842968 429.261562 468.330860 387.363780 501.967107 422.770357 463.609983 465.848358 
411.180386 433.312224 456.449169 390.173737 490.533900 428.519059 448.993134 470.059825 
401.812419 439.226791 442.186848 397.410418 482.561277 431.055775 440.264256 477.197980 
390.248501 441.230299 431.584225 396.530039 470.997358 434.981876 428.219690 480.643432 
373.543655 444.273363 423.112862 400.605252 460.289767 436.011829 417.211766 483.810707 
365.143865 448.026312 409.431591 403.738586 449.795088 437.935438 408.870987 485.586788 
353.307528 446.334082 399.273961 400.367649 440.271049 437.637730 393.683449 486.710002 
340.321746 447.733008 391.257522 400.524240 433.496947 439.657824 382.561170 488.108929 
327.174948 451.181274 380.137694 398.218528 421.984802 440.719497 367.714334 492.374521 
316.095454 451.374001 369.881034 402.405040 409.216756 445.754612 354.628407 494.723573 
300.180678 453.093552 358.140661 403.103067 395.090150 450.195553 339.303667 499.461538 
281.923770 458.957520 336.985753 410.778284 378.970516 454.139596 319.090609 502.318832 
251.087011 460.604392 323.355865 407.607232 359.834430 457.163018 295.824873 508.783627 
227.402971 463.409278 295.277162 415.363502 329.595573 464.171909 268.585064 512.980316 
177.791066 463.727666 254.563401 414.966859 296.061960 463.727666 217.214697 517.675793 
124.880403 467.877522 198.540346 421.191643 243.151297 466.840058 168.453890 523.900576 
87.531700 465.802594 164.304035 420.154179 205.802594 475.139769 127.992795 524.938040 
59.520173 466.840058 139.404899 419.116715 178.828530 473.064841 96.868876 527.012968 
36.165043 465.251700 123.335620 415.439942 159.804942 471.478170 74.413357 523.958415 
16.896614 460.072810 110.293660 410.261052 147.652478 469.857262 59.592406 516.111037 
12.834294 450.240634 109.318444 400.442363 145.629683 463.727666 51.220461 512.488473 
16.984150 440.903458 110.355908 394.217579 148.742075 452.315562 53.295389 504.188761 
21.134006 429.491354 118.655620 384.880403 153.929395 442.978386 63.670029 489.664265 
34.621037 414.966859 140.442363 372.430836 169.491354 430.528818 69.894813 478.252161 
59.520173 398.367435 162.229107 356.868876 194.390490 419.116715 91.681556 459.577810 
88.136023 374.964841 189.257637 341.257637 220.155908 404.926801 118.097983 440.506628 
117.618156 356.868876 223.439481 322.632565 252.488473 391.105187 145.629683 428.453890 
151.854467 337.157061 258.713256 311.220461 281.537464 379.693084 173.641210 410.817003 
180.903458 321.595101 291.912104 298.770893 312.661383 366.206052 207.877522 394.217579 
210.989914 307.070605 327.185879 284.246398 345.860231 354.793948 235.889049 379.693084 
247.301153 294.621037 355.197406 281.134006 371.796830 349.606628 262.863112 368.280980 
281.537464 284.246398 387.358790 275.946686 398.770893 345.456772 292.949568 358.943804 
305.399135 278.021614 420.557637 268.684438 425.744957 337.157061 314.736311 351.681556 
332.373199 269.721902 440.269452 266.609510 449.606628 339.231988 338.597983 345.456772 
351.047550 265.572046 468.280980 261.422190 471.393372 335.082133 360.384726 344.419308 
374.909222 265.572046 491.105187 261.422190 490.067723 340.269452 376.984150 339.231988 
390.471182 268.684438 500.442363 266.609510 506.667147 342.344380 398.770893 344.419308 
404.995677 273.871758 516.004323 273.871758 520.154179 345.456772 407.070605 347.531700 
411.220461 279.059078 525.341499 278.021614 528.453890 353.756484 415.370317 353.756484 
414.332853 284.246398 529.491354 284.246398 533.641210 366.206052 418.482709 368.280980 
415.370317 292.546110 529.491354 294.621037 534.678674 377.618156 415.370317 381.768012 
412.257925 303.958213 533.641210 307.070605 533.641210 391.105187 415.370317 391.105187 
410.182997 318.482709 531.566282 320.557637 532.603746 400.442363 410.182997 403.554755 
404.995677 328.857349 531.566282 333.007205 531.566282 412.891931 407.070605 419.116715 
399.808357 338.194524 529.491354 341.306916 529.491354 426.378963 399.808357 428.453890 
397.733429 347.531700 532.603746 349.606628 530.528818 435.716138 398.770893 435.716138 
395.658501 351.681556 531.566282 356.868876 531.566282 442.978386 393.583573 440.903458 
397.733429 353.756484 530.528818 361.018732 534.678674 447.128242 394.621037 447.128242 
399.808357 358.943804 534.678674 368.280980 534.678674 458.540346 394.621037 452.315562 
394.621037 361.018732 539.865994 372.430836 536.753602 463.727666 393.583573 461.652738 
393.583573 368.280980 544.015850 377.618156 536.753602 470.989914 387.358790 461.652738 
388.396254 375.543228 536.753602 386.955331 531.566282 476.177233 378.021614 475.139769 
380.096542 379.693084 535.716138 389.030259 530.528818 484.476945 373.871758 475.139769 
371.796830 377.618156 533.641210 389.030259 527.416427 489.664265 369.721902 484.476945 
373.871758 379.693084 534.678674 394.217579 528.453890 487.589337 365.572046 482.402017 
375.946686 379.693084 539.865994 391.105187 534.678674 489.664265 368.684438 482.402017 
380.096542 382.805476 542.978386 391.105187 544.015850 489.664265 379.059078 485.514409 
391.508646 382.805476 563.727666 391.105187 562.690202 489.664265 388.396254 486.551873 
402.920749 377.618156 575.139769 386.955331 573.064841 491.739193 400.845821 489.664265 
411.220461 375.543228 585.514409 381.768012 581.364553 486.551873 407.070605 485.514409 
414.332853 368.280980 592.776657 375.543228 589.664265 484.476945 411.220461 480.327089 
411.220461 361.018732 592.776657 366.206052 591.739193 475.139769 412.257925 473.064841 
415.370317 351.681556 597.963977 358.943804 596.926513 463.727666 409.145533 466.840058 
421.595101 341.306916 608.338617 349.606628 605.226225 457.502882 422.632565 456.465418 
434.044669 325.744957 617.675793 331.969741 616.638329 445.053314 428.857349 445.053314 
437.157061 311.220461 624.938040 323.670029 631.162824 435.716138 428.857349 433.641210 
444.419308 306.033141 640.500000 315.370317 633.237752 431.566282 436.119597 424.304035 
446.494236 297.733429 645.687320 312.257925 638.425072 428.453890 439.231988 419.116715 
445.456772 291.508646 646.724784 308.108069 641.537464 430.528818 439.231988 419.116715 
448.569164 287.358790 645.687320 302.920749 638.425072 430.528818 444.419308 410.817003 
452.719020 284.246398 655.024496 300.845821 648.799712 428.453890 445.456772 412.891931 
455.831412 284.246398 665.399135 301.883285 660.211816 428.453890 447.531700 412.891931 
461.018732 285.283862 670.586455 303.958213 665.399135 433.641210 444.419308 419.116715 
462.056196 282.171470 677.848703 299.808357 668.511527 435.716138 453.756484 424.304035 
461.018732 283.208934 685.110951 302.920749 675.773775 435.716138 453.756484 422.229107 
463.093660 290.471182 688.223343 301.883285 677.848703 433.641210 461.018732 424.304035 
464.131124 285.283862 692.373199 298.770893 679.923631 433.641210 458.943804 428.453890 
461.018732 286.321326 690.298271 294.621037 683.036023 431.566282 448.569164 422.229107 
452.719020 283.208934 689.260807 293.583573 683.036023 431.566282 447.531700 421.191643 
446.494236 275.946686 683.036023 286.321326 673.698847 430.528818 436.119597 422.229107 
431.969741 269.721902 676.811239 283.208934 671.623919 429.491354 422.632565 421.191643 
419.520173 262.459654 669.548991 273.871758 667.474063 424.304035 413.295389 412.891931 
404.995677 255.197406 661.249280 268.684438 658.136888 419.116715 401.883285 409.779539 
388.396254 242.747839 656.061960 252.085014 649.837176 412.891931 385.283862 400.442363 
378.021614 236.523055 648.799712 245.860231 643.612392 407.704611 369.721902 400.442363 
367.646974 225.110951 648.799712 241.710375 639.462536 405.629683 365.572046 389.030259 
362.459654 223.036023 640.500000 238.597983 634.275216 407.704611 360.384726 394.217579 
356.234870 223.036023 642.574928 237.560519 637.387608 412.891931 347.935159 400.442363 
351.047550 224.073487 644.649856 236.523055 638.425072 417.041787 344.822767 400.442363 
344.822767 231.335735 646.724784 245.860231 635.312680 426.378963 340.672911 412.891931 
337.560519 232.373199 650.874640 242.747839 640.500000 428.453890 335.485591 422.229107 
331.335735 234.448127 644.649856 250.010086 638.425072 437.791066 327.185879 428.453890 
325.110951 233.410663 642.574928 241.710375 639.462536 437.791066 319.923631 428.453890 
311.623919 228.223343 641.537464 238.597983 634.275216 438.828530 313.698847 430.528818 
305.399135 225.110951 635.312680 231.335735 634.275216 426.378963 310.586455 426.378963 
297.099424 214.736311 638.425072 221.998559 634.275216 422.229107 302.286744 417.041787 
283.612392 206.436599 634.275216 209.548991 634.275216 419.116715 292.949568 419.116715 
279.462536 199.174352 630.125360 203.324207 632.200288 412.891931 286.724784 405.629683 
264.938040 181.537464 629.087896 181.537464 624.938040 400.442363 274.275216 398.367435 
252.488473 171.162824 625.975504 169.087896 625.975504 394.217579 261.825648 392.142651 
236.926513 157.675793 620.788184 161.825648 618.713256 391.105187 255.600865 389.030259 
226.551873 150.413545 617.675793 156.638329 616.638329 392.142651 244.188761 389.030259 
215.139769 149.376081 610.413545 154.563401 608.338617 396.292507 229.664265 389.030259 
209.952450 158.713256 614.563401 162.863112 611.451009 409.779539 227.589337 400.442363 
197.502882 172.200288 608.338617 176.350144 611.451009 424.304035 214.102305 419.116715 
192.315562 177.387608 615.600865 187.762248 606.263689 437.791066 210.989914 431.566282 
190.240634 195.024496 613.525937 200.211816 612.488473 452.315562 205.802594 449.203170 
182.978386 206.436599 620.788184 215.773775 609.376081 473.064841 198.540346 461.652738 
180.903458 217.848703 627.012968 233.410663 620.788184 491.739193 192.315562 482.402017 
174.678674 235.485591 627.012968 245.860231 620.788184 512.488473 191.278098 495.889049 
175.716138 243.785303 635.312680 257.272334 628.050432 523.900576 190.240634 514.563401 
175.716138 255.197406 644.649856 269.721902 640.500000 540.500000 192.315562 531.162824 
182.978386 256.234870 655.024496 273.871758 645.687320 550.874640 193.353026 538.425072 
188.165706 256.234870 671.623919 278.021614 663.324207 549.837176 201.652738 536.350144 
196.465418 246.897695 692.373199 268.684438 675.773775 547.762248 213.064841 534.275216 
210.989914 241.710375 705.860231 259.347262 696.523055 536.350144 227.589337 523.900576 
227.589337 218.886167 729.721902 240.672911 720.384726 517.675793 246.263689 504.188761 
244.188761 191.912104 753.583573 213.698847 746.321326 504.188761 272.200288 489.664265 
262.863112 185.687320 785.744957 199.174352 763.958213 503.151297 286.724784 482.402017 
276.350144 180.500000 814.793948 193.987032 795.082133 493.814121 307.474063 480.327089 
288.799712 189.837176 831.393372 200.211816 811.681556 510.413545 312.661383 493.814121 
289.837176 200.211816 846.955331 199.174352 829.318444 510.413545 330.298271 503.151297 
290.874640 208.511527 859.404899 204.361671 850.067723 524.938040 333.410663 517.675793 
288.799712 209.548991 870.817003 208.511527 857.329971 529.087896 337.560519 533.237752 
287.762248 218.886167 880.154179 208.511527 864.592219 534.275216 333.410663 541.537464 
284.649856 221.998559 889.491354 212.661383 871.854467 542.574928 328.223343 549.837176 
274.275216 224.073487 895.716138 215.773775 870.817003 545.687320 330.298271 557.099424 
267.012968 224.073487 905.053314 209.548991 878.079251 557.099424 325.110951 560.211816 
271.162824 231.335735 910.240634 214.736311 889.491354 561.249280 325.110951 568.511527 
271.162824 234.448127 913.353026 221.998559 893.641210 564.361671 330.298271 570.586455 
269.087896 236.523055 922.690202 218.886167 897.791066 559.174352 331.335735 568.511527 
273.237752 232.373199 925.802594 221.998559 905.053314 552.949568 336.523055 566.436599 
278.425072 234.448127 937.214697 212.661383 909.203170 551.912104 345.860231 566.436599 
286.724784 236.523055 942.402017 212.661383 919.577810 549.837176 354.159942 564.361671 
293.987032 236.523055 951.739193 209.548991 923.727666 551.912104 357.272334 566.436599 
293.987032 240.672911 950.701729 214.736311 927.877522 553.987032 363.497118 568.511527 
299.174352 246.897695 956.926513 217.848703 929.952450 551.912104 364.534582 569.548991 
293.987032 241.710375 953.814121 217.848703 927.877522 550.874640 368.684438 572.661383 
295.024496 245.860231 946.551873 212.661383 927.877522 550.874640 364.534582 568.511527 
290.874640 241.710375 946.551873 212.661383 921.652738 547.762248 362.459654 563.324207 
290.874640 233.410663 944.476945 204.361671 920.615274 540.500000 365.572046 552.949568 
296.061960 221.998559 946.551873 190.874640 919.577810 531.162824 363.497118 542.574928 
301.249280 208.511527 943.439481 185.687320 914.390490 522.863112 365.572046 534.275216 
303.324207 201.249280 948.626801 177.387608 917.502882 514.563401 370.759366 519.750720 
315.773775 185.687320 951.739193 167.012968 921.652738 499.001441 381.134006 501.076369 
328.223343 172.200288 957.963977 161.825648 923.727666 495.889049 384.246398 493.814121 
343.785303 167.012968 962.113833 162.863112 927.877522 487.589337 392.546110 484.476945 
352.085014 167.012968 969.376081 167.012968 932.027378 501.076369 398.770893 485.514409 
360.384726 171.162824 970.413545 176.350144 938.252161 506.263689 406.033141 489.664265 
379.059078 189.837176 973.525937 199.174352 945.514409 519.750720 417.445245 501.076369 
393.583573 180.500000 985.975504 200.211816 952.776657 529.087896 423.670029 501.076369 
415.370317 180.500000 998.425072 195.024496 959.001441 534.275216 436.119597 501.076369 
427.819885 168.050432 1011.912104 185.687320 968.338617 529.087896 443.381844 491.739193 
440.269452 147.301153 1024.361671 167.012968 983.900576 515.600865 450.644092 476.177233 
448.569164 133.814121 1031.623919 157.675793 985.975504 504.188761 457.906340 458.540346 
454.793948 117.214697 1034.736311 133.814121 999.462536 486.551873 456.868876 445.053314 
453.756484 93.353026 1037.848703 115.139769 994.275216 466.840058 458.943804 424.304035 
450.644092 84.015850 1031.623919 100.615274 991.162824 452.315562 456.868876 410.817003 
446.494236 64.304035 1028.511527 77.791066 989.087896 428.453890 448.569164 400.442363 
450.644092 60.154179 1022.286744 72.603746 991.162824 422.229107 451.681556 394.217579 
450.644092 64.304035 1022.286744 70.528818 983.900576 426.378963 448.569164 396.292507 
452.719020 77.791066 1013.987032 77.791066 989.087896 429.491354 449.606628 403.554755 
454.793948 96.465418 1012.949568 89.203170 987.012968 442.978386 453.756484 417.041787 
459.981268 109.952450 1005.687320 117.214697 988.050432 459.577810 461.018732 430.528818 
461.018732 130.701729 1006.724784 135.889049 987.012968 475.139769 456.868876 448.165706 
468.280980 152.488473 997.387608 157.675793 988.050432 489.664265 459.981268 466.840058 
468.280980 181.537464 1001.537464 180.500000 975.600865 508.338617 459.981268 482.402017 
469.318444 199.174352 994.275216 199.174352 976.638329 522.863112 465.168588 499.001441 
469.318444 199.174352 982.863112 197.099424 973.525937 522.863112 467.243516 501.076369 
471.393372 199.174352 981.825648 205.399135 977.675793 532.200288 465.168588 508.338617 

