577.604825 320.965890 605.158902 323.361897 597.970882 374.876040 571.614809 368.886023 
578.310065 322.918264 606.181524 326.002938 599.112061 379.155299 572.022480 374.111032 
579.346667 324.949822 606.716240 328.640101 599.335681 382.456678 572.581155 376.921258 
581.130502 328.783015 608.484058 332.220964 600.738471 386.585455 573.985684 380.262069 
580.555572 332.823491 608.217955 335.766298 601.155219 389.325378 573.787117 384.616888 
581.163510 335.811821 608.799030 339.302893 601.757579 393.619733 573.984294 388.066021 
582.905929 340.313099 610.416838 344.108200 602.621473 398.579242 575.513907 392.323650 
583.026541 345.562095 611.197466 349.752811 604.445757 403.766484 576.740467 397.946045 
585.175833 350.864750 612.981649 355.090521 605.248375 409.223434 577.997793 402.779040 
586.010138 356.346888 614.082985 360.665213 606.407857 415.030706 579.118511 409.061162 
587.163428 361.970194 615.308714 366.561269 607.723460 421.055333 579.777786 414.268527 
588.768665 367.476572 616.636927 372.121282 609.559273 426.973099 580.806304 420.116622 
590.699670 373.987784 618.186363 378.347743 610.414264 433.510692 582.946666 427.402004 
591.803647 380.732932 620.044529 385.349230 612.169668 440.201712 583.657239 433.956132 
593.313411 388.819174 621.746518 392.872619 613.156319 447.804684 585.490452 442.376355 
594.726480 397.220418 622.691132 402.097974 615.049628 456.401425 586.434636 450.060603 
595.907943 405.629772 624.452453 409.821623 615.669527 464.315686 587.524241 458.726551 
596.855938 414.515529 625.086722 419.566078 617.232058 474.324304 588.730851 468.040574 
598.671922 423.794364 627.356746 429.221222 618.635009 484.652705 590.337818 477.869132 
599.782794 434.561074 627.986645 439.757496 620.519106 495.288845 591.599355 488.364398 
601.178035 444.000921 629.461040 448.815050 621.036315 506.885476 592.452427 499.965166 
601.949282 455.866019 630.608930 461.626068 621.527770 519.403755 592.510288 512.087844 
602.109259 467.679895 631.155864 473.164626 622.390547 530.938198 593.437625 524.103692 
602.217377 482.833551 631.087105 487.121134 622.511938 544.574750 593.928050 538.286295 
602.747842 491.784477 631.640437 497.717778 623.127440 555.244997 593.976876 548.021849 
603.302155 499.348804 632.356541 503.798575 623.704695 562.373525 594.471549 556.227975 
604.621943 505.619906 633.750690 510.621379 625.184286 569.396427 595.437093 562.312605 
605.489559 509.258926 634.672457 514.083990 625.955235 573.521147 596.087642 567.224754 
607.078410 510.463321 635.997993 515.424814 627.446580 575.284702 598.178868 568.572094 
608.695070 509.380922 638.390854 513.894505 629.453300 573.296650 599.452655 566.677397 
609.998534 506.071641 640.160442 510.313160 630.970486 570.636976 600.091057 564.589282 
610.745070 499.843051 641.002040 504.675761 632.177090 564.559348 602.340356 558.676048 
613.300526 490.139732 643.689713 495.254744 634.663222 555.130468 604.435516 547.987519 
616.963546 476.980537 646.696071 482.295259 638.171939 542.418323 607.470265 534.944889 
619.505041 461.104105 649.875002 465.285476 641.512259 524.484892 611.362370 518.322871 
623.604035 442.431857 653.443676 446.881628 645.067636 506.822659 614.704494 499.493625 
626.802310 423.586302 656.921215 427.602211 648.117227 487.067688 617.226042 480.426138 
629.911937 402.607314 660.094380 407.250766 650.807474 466.583773 620.625032 460.650472 
633.169561 382.906236 663.903605 386.935994 654.846704 446.232720 624.117524 440.573525 
636.772001 363.253957 667.034446 368.730019 657.513300 427.284968 626.475560 419.612717 
639.410083 344.445999 669.952737 349.226588 660.391559 408.983956 628.961215 401.756141 
641.820731 325.755195 672.542473 331.139418 662.369511 390.694365 631.369004 382.764613 
644.180940 307.992859 674.852674 313.993850 664.656776 373.087633 633.246628 366.199442 
646.274024 292.982580 676.663211 297.796708 667.108312 358.016834 635.442234 349.849474 
647.959565 277.904395 678.433297 283.337696 668.713596 343.603635 637.271318 336.171824 
649.135326 265.076357 680.275289 270.571645 669.548378 331.061438 638.134067 323.193602 
649.855915 253.901299 681.680735 260.071741 670.712896 321.324725 638.340242 312.413721 
649.889785 246.025509 682.084270 252.043170 670.519033 312.817137 638.870930 304.679053 
649.596543 239.297872 681.469288 245.169509 670.738213 306.945699 638.015683 298.254979 
648.867569 234.726237 680.504022 241.187203 669.587218 303.346149 637.727973 294.880056 
647.688381 234.204829 678.796328 240.161670 667.985765 303.039436 635.995322 294.214486 
645.406878 236.147563 677.213575 242.718827 666.573037 305.690104 633.823074 297.194492 
642.112618 240.774315 674.781500 247.019836 663.971943 309.475052 630.582424 301.307831 
639.468865 248.201191 672.304902 254.106953 660.965839 317.180492 628.602263 309.148655 
636.600372 257.376380 667.752264 263.933568 657.377278 326.383004 625.537519 318.523440 
631.543747 268.583918 663.517966 275.537339 652.749520 338.564417 620.444184 330.646442 
624.784117 283.204040 657.881252 288.619935 648.671171 352.345144 615.666720 344.659176 
619.287097 298.435259 652.698101 304.449239 642.068225 368.145136 608.648312 359.251127 
612.239637 313.412365 645.292101 318.458543 635.371775 384.070320 602.349446 375.102807 
606.729789 326.541223 639.949508 333.148371 630.024396 398.178401 595.959164 389.161134 
599.733811 340.915696 633.395963 346.778206 623.562076 411.644038 589.710811 403.133944 
593.270655 353.088751 628.084917 359.650096 616.990373 425.025599 583.200494 416.220404 
585.430501 365.356176 619.818945 370.323396 609.989850 435.305432 575.496062 427.637468 
579.636028 373.803181 613.781353 379.064731 603.854341 445.894903 568.934913 438.291479 
573.755197 379.944484 609.303990 386.366201 598.524678 454.023581 563.893274 445.537740 
569.700506 385.355064 605.173033 390.739287 595.311556 458.470369 559.248780 451.549333 
566.453095 387.827395 602.145726 393.082751 592.072959 461.840334 556.380328 454.614219 
563.429654 388.903753 599.218899 394.921413 589.400611 463.015996 553.611365 455.731459 
562.686228 386.323558 598.286032 392.514828 588.741157 461.134741 553.141353 451.073926 
564.862558 381.651915 599.654521 387.749476 589.611480 456.257362 554.102157 448.007721 
567.200400 374.614058 602.420218 379.768177 593.615263 448.489773 557.651639 440.449882 
572.632664 363.685038 609.277836 369.195590 599.533799 437.340457 563.264725 429.811664 
580.407118 350.836063 616.654396 357.020672 606.437427 425.713372 570.167361 418.015294 
589.645307 336.002735 625.298080 341.465432 616.206923 409.906404 579.842296 401.672904 
600.682021 317.095943 636.615803 323.202337 626.986489 391.781843 590.348123 384.031419 
612.211564 296.891457 649.523641 303.067249 637.944031 371.515611 601.661252 363.281222 
625.110842 274.680897 661.136296 281.052746 650.598238 349.672658 613.592499 340.850097 
637.208480 250.533916 673.834243 257.428972 662.606759 328.652866 625.663808 318.839894 
649.849744 229.020031 686.589146 235.671130 674.870544 306.932902 638.131141 298.064770 
661.300233 207.809623 698.973123 214.810780 686.971141 286.155899 649.343208 277.190604 
673.185966 186.581629 710.812366 193.915390 698.269820 267.677507 660.845798 257.257134 
683.065920 168.102123 721.263550 175.871133 708.962618 248.705597 670.514919 239.231128 
692.901194 152.866830 730.325000 159.868704 718.307677 233.334498 679.450695 223.992351 
699.786785 138.234989 738.070621 147.638037 725.006444 220.125245 687.160111 208.519036 
706.531954 126.270852 745.485758 134.342361 732.046708 209.326728 693.196418 199.265367 
710.890572 117.343100 750.670071 125.463865 736.946089 200.455626 699.205137 189.672497 
716.676133 108.174607 756.166688 116.300241 742.063719 193.335495 702.894535 182.404372 
720.809029 102.882557 760.482249 110.550490 746.813325 187.229824 707.140104 177.561560 
723.796176 97.392910 763.819256 105.637763 749.365661 185.593820 709.695156 173.292888 
727.158325 92.839001 766.907317 101.128250 752.920157 178.913826 712.610468 169.215255 
729.258978 89.292385 769.810572 98.303850 755.166941 176.872563 714.052131 166.171448 
730.630020 88.783315 770.884176 96.524499 756.728869 176.148104 716.032360 165.752800 
731.672407 88.993375 772.684878 97.673933 757.697730 175.940149 716.583996 164.497941 
731.830439 87.637725 773.329882 96.238557 758.243517 175.919276 716.637184 164.016421 
730.950584 87.957785 773.004476 96.531880 757.897738 175.740182 716.587877 165.401481 
729.035961 88.924084 771.562117 96.876129 757.040990 177.088065 715.552058 166.024350 
726.960245 90.527912 769.441871 97.546615 754.665653 178.815812 712.184028 168.103054 
722.505647 93.317352 765.249550 100.686991 750.507089 181.720207 708.149663 171.200062 
719.124204 94.941461 760.842814 103.530587 746.280718 184.983565 703.818535 173.551439 
712.386894 99.195857 755.867761 106.565495 740.760003 189.105446 698.016099 178.787952 
706.153199 104.376932 748.572394 112.382548 734.095086 194.791835 691.219984 184.769084 
696.837317 110.794058 739.956632 117.883452 725.954319 200.497099 683.247264 189.995364 
688.660327 116.766043 731.366996 124.472510 718.522885 207.317026 674.531804 195.757326 
678.648523 124.083887 721.621728 131.853734 708.555958 214.771119 665.886624 204.355050 
668.335445 131.223167 712.435042 138.628191 699.596077 221.192791 656.136174 210.518429 
658.293751 137.957485 702.915230 146.600384 690.654373 228.004434 646.953168 218.535535 
650.137112 145.356156 693.497897 153.659285 681.818723 235.389582 637.677040 226.182351 
641.189705 153.182617 686.525616 160.721647 674.420214 243.153653 630.112869 233.885280 
634.307147 159.590073 678.328945 167.918521 666.907073 250.489136 622.885276 240.970910 
626.621615 166.894746 671.997619 174.515508 660.093703 257.717099 615.244308 247.520904 
620.471156 174.728629 666.015870 181.534161 654.498816 265.818057 608.566731 255.685875 
614.567139 181.853945 660.587200 188.428239 648.867806 273.322388 602.847745 263.889705 
609.670799 187.150567 655.994240 194.520206 644.718303 279.912539 598.089938 269.971266 
605.888364 194.223483 652.293014 201.245239 641.020041 285.712388 594.105551 277.216063 
603.632432 200.151056 649.547423 206.836084 638.158911 292.575784 591.609097 283.439106 
601.623577 205.966331 647.990796 213.567096 637.334339 298.544377 590.252777 289.369508 
599.168302 212.145668 646.414398 218.783550 635.286185 305.271239 588.625784 295.704881 
596.777009 216.506177 643.802321 222.472075 633.557043 310.274814 586.097742 301.573942 
595.702094 220.887486 643.033247 227.135917 633.492358 314.707647 585.106422 306.870488 
594.027195 224.507249 642.168481 231.158348 632.350192 318.889507 584.842344 310.021375 
593.425698 227.928647 641.675148 234.602665 631.403422 323.099014 582.401190 314.035787 
591.012192 232.085294 639.773708 239.010392 630.159127 327.100739 581.566517 318.525573 
588.282691 235.361745 637.139871 241.995830 627.716827 330.205994 577.984093 321.829954 
585.876731 236.795476 635.382388 244.481329 625.209783 333.322075 576.248474 324.352440 
582.535160 239.493117 633.138057 245.360120 623.115261 335.565283 573.734656 327.009238 
579.935691 239.998917 630.191927 247.327951 620.665488 337.057580 570.623888 328.189449 
576.766921 241.171301 626.950650 248.540940 618.177271 338.029407 567.291672 329.606963 
573.511594 242.941587 623.499206 249.383220 614.746245 340.195192 563.582453 332.303849 
569.384160 243.290008 620.073737 249.979546 611.244483 342.317112 559.475919 332.563614 
563.826044 244.956057 616.183637 252.231832 606.851289 343.999919 554.769483 335.229520 
559.579178 245.444448 611.811267 252.101479 602.337800 345.811993 549.593631 336.082486 
555.018345 245.819591 607.876662 252.899499 598.922346 346.448543 546.235403 337.933373 
550.394575 246.829589 603.744234 254.741615 595.380093 348.781693 542.256491 339.513320 
544.549557 247.839529 599.681669 254.899122 590.706766 350.238716 535.963397 340.921687 
540.327235 248.732404 594.771490 256.061439 585.294787 352.039072 530.185684 342.220783 
534.135351 248.798618 590.415263 255.591021 580.711830 352.948801 526.259398 343.714366 
530.382283 248.865854 585.678099 254.807139 576.976801 352.585738 521.734863 344.694032 
526.005070 247.826874 582.326728 255.711906 573.033655 353.148374 517.556821 343.855301 
522.331165 248.128000 578.765277 254.614679 569.683925 352.887873 513.249814 343.157854 
517.883760 245.515384 575.086192 252.885023 566.312813 352.550610 509.461316 343.075360 
513.491934 244.174059 571.396236 251.192762 561.920986 349.805544 505.420425 340.330294 
509.443674 241.217909 567.453256 247.885677 559.451935 348.568976 501.442352 339.234101 
506.086270 237.798961 564.758462 244.719271 556.333737 346.116855 497.962428 336.187714 
502.033345 234.849030 561.279950 241.357180 553.200868 343.692226 494.448106 333.952442 
498.403398 230.936923 557.990268 238.133405 549.930208 340.323449 491.206916 331.399811 
496.165318 227.863881 555.281290 236.190074 546.844496 338.595173 487.370220 328.251821 
491.107875 225.928188 552.563236 232.788321 544.681403 336.324596 484.335252 326.875376 
487.817508 222.946899 549.845158 229.702362 542.249333 334.291034 480.898436 325.234473 
485.076233 219.809382 547.161028 227.160519 539.589712 332.726303 478.153886 322.779287 
481.956516 218.302396 545.030055 225.153080 537.234449 330.984337 474.869602 323.188731 
478.532874 216.663233 541.982234 224.823923 535.045648 330.300834 472.208339 321.324075 
476.238190 215.186644 539.707845 222.480590 532.830086 328.895324 469.063350 321.139910 
472.272008 213.756791 537.085871 220.809076 530.033586 328.608299 466.210402 319.893689 
469.150716 213.379284 533.523985 220.643193 528.229120 328.541933 463.551769 319.873834 
465.649784 211.743454 531.382888 219.631426 524.982676 328.727491 460.391136 320.422186 
460.504300 211.278242 527.668925 218.348202 522.570959 329.437044 456.545707 319.796293 
457.502420 209.873248 524.616583 216.937897 519.318096 328.963042 452.985804 320.289428 
453.807411 209.318272 522.962713 215.543817 517.628499 328.229099 450.284040 319.894389 
452.100775 207.855705 520.156094 214.399486 515.440647 326.710395 447.979503 319.109140 
449.067410 206.838016 518.473536 212.791244 514.196210 325.557115 446.147840 317.780158 
447.144506 204.940737 516.629669 210.204765 512.272484 324.798126 443.635154 317.239990 
444.251170 203.842645 514.724701 209.611884 510.399917 324.861593 439.926336 318.063726 
440.322082 201.766791 512.410925 208.050570 508.592253 324.776109 438.169419 317.088027 
437.941822 201.098315 510.329975 206.641552 506.091029 324.679891 434.582021 316.040218 
435.949660 199.953985 508.752188 206.138643 505.226045 324.104148 433.565341 317.315462 
435.246539 200.708397 509.572386 207.338127 506.060812 325.143354 432.915205 318.440768 
434.955091 201.765794 509.300706 208.433562 505.966822 326.119670 431.954595 319.451902 
433.426437 202.392544 508.749244 208.490105 505.696342 327.526145 431.633037 321.115635 
432.414702 201.899509 508.027796 208.477457 504.926155 329.411459 429.639682 323.061998 
429.893701 202.005881 506.700954 208.774337 503.721366 330.961139 428.170176 322.565048 
428.677692 202.298921 506.405757 208.165190 503.472623 331.723482 426.844483 324.024004 
427.953666 203.322277 505.916683 207.588910 503.201554 331.321261 425.238536 325.503126 
427.717956 203.277824 505.970986 208.432064 503.115518 332.644920 425.500923 325.531353 
426.433689 201.773441 506.147493 207.217310 502.896921 332.344364 424.805993 325.595766 
425.047856 200.327581 505.682616 205.648656 503.226735 332.126529 424.229229 324.758886 
423.885711 198.933713 504.875877 203.879362 502.017845 330.041040 422.401252 323.916686 
422.354528 197.587498 504.648085 202.326918 502.062947 329.860388 421.492815 323.828400 
422.124363 194.893942 505.265922 200.612884 502.731448 330.288788 421.078518 323.282266 
422.103667 194.038741 505.945306 199.516681 503.075865 330.434893 421.148861 322.937585 
421.684192 192.162327 506.253098 198.312793 503.485388 329.932763 421.069145 321.322110 
420.404199 192.001363 506.353646 195.813637 503.234513 328.896653 420.057628 322.658386 
419.899767 190.406907 506.023980 194.837955 503.809036 329.573499 419.081140 321.796542 
419.132590 189.277460 506.596423 194.016879 504.718430 329.143098 418.270878 321.981206 
420.006313 188.260110 507.380420 193.567883 505.138200 331.025028 418.373152 323.404173 
419.668402 188.300525 508.616142 192.823291 506.902973 330.942098 419.165873 324.486047 
420.533174 186.636902 510.988503 193.169787 508.365797 330.977107 419.528115 323.827484 
421.512709 186.706023 512.142365 191.923921 510.286017 331.505152 420.958369 325.119393 
422.712758 186.842594 514.411775 192.462008 511.685807 331.827135 422.410346 326.034452 
422.372842 186.859047 515.367814 191.952870 512.805568 332.728776 422.875372 326.562278 
422.777807 187.057008 515.682723 191.837845 513.484401 333.611476 422.254932 327.444203 
422.558118 185.587660 517.065816 191.229167 515.121577 333.936320 424.131185 328.492450 
423.532948 185.141833 519.056402 190.491146 516.763839 334.158421 423.532948 328.044920 
424.186905 183.934450 519.880420 189.800719 518.047210 333.524311 424.553547 328.391326 
423.777172 181.948845 521.440238 189.084528 519.550127 334.517390 424.944041 328.401764 
425.168179 181.367246 523.131300 187.263175 520.410103 334.207857 425.621712 328.311928 
426.229897 181.140338 524.717155 186.598416 523.079901 333.951278 426.891228 327.811575 
426.599944 179.546342 527.291066 185.276731 524.425871 333.448219 427.827884 328.536457 
425.597677 178.041662 527.368875 183.656625 524.210458 334.207811 427.001417 328.592848 
425.553423 176.822318 528.594261 182.568090 526.295952 334.256462 426.833954 329.110591 
426.064568 175.932211 530.319055 182.643374 527.144324 336.844584 427.367071 330.495122 
426.119381 177.068619 531.310028 182.374945 529.266384 338.338140 427.674678 331.824029 
426.570726 177.329418 533.150973 182.771814 530.260594 339.243244 427.931325 334.251825 
426.504499 178.934336 533.413789 184.055638 531.785049 343.689161 428.351526 335.931647 
426.152524 180.024044 534.614620 185.515796 532.583456 344.060829 428.708747 337.916555 
426.085267 180.992512 534.808001 186.555174 532.793062 346.402192 427.932294 340.206256 
424.482268 181.283511 535.076673 186.524015 533.032197 347.356142 427.656999 341.834182 
424.519882 180.935278 535.361974 186.524767 533.872734 348.581284 426.647369 342.624319 
424.340523 179.619752 536.530258 185.348589 533.665839 349.575264 425.772733 343.369024 
423.545514 179.899486 537.833868 184.140057 535.154550 349.426954 427.145029 344.102541 
423.636724 177.708216 538.650436 183.458901 536.534524 349.831310 426.838505 344.510234 
424.004914 175.851360 539.018626 181.904713 537.899318 349.235421 428.030956 343.634288 
423.069493 174.679211 540.826799 179.530795 538.241661 349.719041 426.649874 343.256196 
422.788592 173.459249 541.184567 176.801071 539.805617 348.242057 427.085220 344.846971 
422.097229 170.603567 542.500978 174.837864 541.326049 349.237624 426.280696 344.635810 
421.887388 168.747415 543.476712 173.567131 542.563022 349.452493 426.410154 344.632776 
422.844920 167.610739 545.060120 171.907368 543.627910 349.023927 426.186742 344.727299 
423.653761 167.612100 548.085066 171.295922 546.994126 349.798893 428.259382 346.754413 
424.687914 167.222371 550.100345 170.851670 549.114385 351.459685 428.720468 346.671027 
426.340431 166.382097 554.013907 169.777083 552.008814 350.736738 431.703226 350.235464 
428.399495 166.144893 556.241631 169.962637 554.691447 352.952451 433.741339 350.489382 
429.503546 166.899892 559.545967 170.961896 558.879728 354.925243 436.167505 352.652794 
431.068608 168.015498 562.613780 171.652706 561.489318 356.424712 436.511004 354.417548 
431.541698 167.973866 564.880391 171.602130 563.973325 359.364779 437.891160 357.550647 
433.325960 169.021516 566.090169 171.951029 565.462938 362.159009 438.321276 359.107609 
433.343934 168.048910 568.867972 172.027359 568.473332 363.098072 440.362807 359.534895 
435.083620 168.313310 571.113689 170.345246 570.716036 362.583800 440.932065 362.224322 
435.221879 167.313982 573.995429 169.424607 572.412461 363.602046 442.081408 362.019078 
435.769177 166.255064 575.419509 168.370978 574.628429 363.635793 443.703855 363.564056 
435.932203 164.991191 576.637004 167.067310 576.448667 364.332593 444.172574 363.419452 
436.254030 164.316282 578.663382 165.223348 578.209849 364.777854 444.417623 365.231387 
437.636821 162.453338 581.070881 163.548454 580.196536 365.084903 445.571499 365.052115 
438.118431 161.169200 583.317011 161.169200 583.317011 364.533383 446.735558 366.256808 
436.987619 158.180565 585.412510 159.899772 585.850166 365.867300 447.211366 366.728411 
438.458519 158.849807 588.435572 158.849807 587.921952 367.893165 448.228643 370.119991 
439.558140 160.193156 591.824611 160.193156 591.824611 369.748001 449.608732 372.260649 
441.912917 161.995407 594.258734 160.937450 593.609532 372.552906 451.963509 375.173755 
441.414679 163.489337 596.210501 162.932517 597.326442 376.187486 452.551069 379.535305 
442.413346 166.299336 597.960667 164.324132 598.454468 379.621377 452.783167 384.559387 
441.549254 168.428042 599.244337 166.338769 598.810435 384.135783 453.453353 388.474800 
442.344288 169.532487 601.077793 167.909704 602.080122 385.766526 454.097713 392.139780 
442.400082 170.399823 602.525429 168.468511 603.393435 387.639946 455.767369 393.824485 
442.006780 171.164511 603.842623 169.260560 603.842623 388.214935 455.427256 395.399971 
441.876515 169.771572 604.467811 166.430655 607.251908 391.385736 454.683364 398.067570 
441.940188 169.795969 606.250245 165.249841 608.198586 391.906797 455.578572 399.050712 
442.150505 167.369964 609.083326 162.961690 611.691025 391.515742 456.690619 400.342638 
442.719766 166.250908 610.910894 161.273702 612.954675 390.328647 459.070012 400.908217 
443.090388 164.114044 613.926407 158.157433 615.248855 390.128201 459.440633 401.669550 
443.466842 160.477408 616.294851 155.110079 619.515249 392.346041 460.231691 401.392674 
445.533856 158.756804 620.163858 152.408190 623.761902 392.757501 461.130332 404.271240 
448.530915 157.391034 624.822344 150.121689 628.568257 392.034297 464.349601 405.582784 
450.563459 156.874661 630.720019 148.853992 631.757657 393.596568 468.455720 407.366317 
455.373451 157.365040 636.880746 148.364678 639.880867 395.374606 473.374174 410.875229 
460.386918 158.984278 643.530934 149.892022 645.744958 398.895855 477.921983 414.216897 
465.171210 160.155614 650.592106 149.576044 651.705745 401.815280 482.989434 420.747143 
471.208258 161.684641 656.810739 152.105158 659.205609 404.165301 489.768506 422.725549 
476.623817 165.206280 663.002474 152.972931 665.161300 408.434025 496.772861 427.863461 
481.769639 168.522963 669.083788 155.534026 670.510371 411.535869 500.450774 434.135151 
486.248453 170.529549 675.619167 156.137374 677.134133 415.953995 504.428041 437.163515 
491.473941 173.326705 680.846743 158.655110 682.027556 417.253044 510.219339 442.640513 
494.787057 174.263241 686.078679 159.503085 687.761337 421.436815 513.680056 446.440518 
498.560378 176.366428 691.453391 160.122806 692.591678 423.075653 518.188088 449.800734 
502.932437 176.582987 695.786948 159.257914 696.544430 425.134397 522.339023 452.657318 
506.343275 176.680292 700.008331 157.586554 700.690250 424.898884 526.118932 454.903329 
509.986505 176.336252 705.359700 155.437757 705.498277 425.763527 530.681344 456.805786 
514.114468 174.059164 710.247422 153.276864 710.896869 425.395101 534.247321 458.516891 
518.260302 172.329153 715.278733 151.125375 715.278733 425.007500 537.697098 459.463638 
521.997620 171.495399 720.077705 148.102512 719.990353 425.576725 543.006017 460.908595 
524.693599 170.444980 726.066001 145.363073 726.066001 426.730081 545.815914 464.569011 
528.302154 169.279657 731.416671 144.939487 731.441648 430.088491 550.963691 468.076219 
532.780057 172.218234 738.815395 146.463817 737.300429 431.277372 554.747060 472.938929 
538.086238 175.063026 741.735504 146.278678 742.455113 430.524121 560.394108 477.298687 
541.621606 178.302390 747.189438 148.703409 746.350122 436.588861 564.218510 482.751252 
544.033110 180.289336 751.112111 150.513173 749.784551 440.584883 567.245146 488.377019 
546.868609 184.368245 754.631641 152.506822 753.967861 443.906091 570.100897 493.025785 
549.132464 186.469930 757.636274 152.897283 757.232135 443.673887 575.422887 497.705551 
553.945610 186.919520 762.168542 152.800058 760.747225 447.731178 578.818656 501.022709 
559.418159 187.628568 766.517411 152.448246 765.027563 447.997798 583.314226 502.912544 
562.327427 185.909234 770.795014 150.268991 768.043825 447.440157 586.646613 504.233251 
566.744164 185.221365 774.711083 147.082103 773.271865 448.598155 590.491252 507.606069 
570.065871 185.061962 779.888623 144.915371 777.616174 445.636066 594.305323 510.022109 
574.624162 184.428596 785.208620 140.869432 782.717049 447.298665 600.209485 512.098385 
579.646612 184.108764 789.788304 138.898998 788.113868 447.832402 603.925931 513.972615 
587.485663 180.589978 796.055229 136.549392 793.562366 445.664447 612.414297 516.295575 
594.163777 180.267561 804.823965 132.640041 800.345531 446.680851 618.893451 517.323862 
602.014318 180.606425 811.752115 132.746793 806.121570 446.621313 624.079017 520.557405 
610.431915 182.845825 816.945663 131.018051 814.553611 446.768800 632.757725 524.909137 
618.052390 182.421463 823.768788 130.593689 818.187335 450.331190 639.623012 529.261021 
623.640657 183.766854 828.647981 130.616808 823.514373 450.458386 645.707692 531.953115 
629.429290 186.172253 835.120716 128.848547 828.406186 450.306647 652.319732 537.145419 
637.631797 187.079005 841.083919 129.340248 831.791004 451.923435 657.216954 538.878570 
643.180693 188.025740 842.916964 130.435297 836.818223 452.488622 661.121078 541.070741 
645.439952 187.013965 847.054928 129.612482 836.916828 452.471980 666.028094 541.301574 
650.214075 186.917810 846.739961 126.109352 838.839206 450.087748 668.720997 541.193173 
652.936228 187.823546 848.594050 124.194985 840.640480 449.495999 672.820153 540.962054 
656.381317 186.042794 849.424040 122.255362 841.030878 445.391496 677.364222 539.394909 
659.720495 184.137962 851.359672 118.207052 841.689805 440.828969 679.939308 538.406714 
665.348858 179.364288 851.558264 115.152690 842.972005 436.966726 684.808240 534.786886 
667.799143 177.450012 855.155523 109.320419 843.450009 431.892751 687.386401 533.427135 
673.418606 171.725332 856.034870 104.089678 846.777240 429.036721 692.398861 528.545676 
677.414843 167.860715 856.021328 99.288582 848.845175 424.607536 696.551253 525.073684 
683.152964 162.038645 858.570047 92.375401 850.360700 416.341044 701.617920 520.426656 
687.285433 158.528297 859.752320 88.201993 852.217359 413.042537 705.704227 515.183120 
692.457536 154.195328 860.601888 86.009521 852.570154 408.717322 709.243860 512.892562 
694.001818 152.629073 860.770782 81.773560 852.632578 406.102562 712.329737 508.341688 
696.456214 151.906354 859.901998 77.693133 851.950582 400.167247 715.009520 508.836606 
699.497789 150.517793 858.967865 79.175918 851.414019 398.116069 717.123429 507.227173 
700.984342 148.718830 857.097153 78.216271 849.635063 398.114410 717.837363 504.865034 
703.263619 149.343133 854.079578 76.910197 850.245593 391.529340 719.966116 500.930695 
703.573176 151.124486 852.971457 77.264662 847.935560 391.168916 721.198816 501.119336 
703.783763 153.366435 850.545445 79.633532 846.164500 394.318450 720.581039 503.816538 
702.622216 154.706798 849.772454 81.105009 842.764789 394.804000 721.170498 501.971850 
704.199531 156.180751 845.443832 78.920058 842.393990 391.212068 722.127074 503.461190 
703.564277 156.665205 842.150652 81.891923 839.911837 392.340924 722.000919 504.253997 
705.128254 159.953692 839.614977 82.887562 837.607981 391.748826 721.704059 505.250967 
702.775440 162.669098 838.809859 85.269953 835.935305 395.104692 722.676950 505.536033 
703.039224 167.506982 836.468861 87.356022 831.991231 396.280284 722.001986 510.642680 
703.775575 169.920175 833.414454 93.239282 832.180948 399.735604 723.429577 509.532864 
702.449242 172.967845 831.164143 97.362933 831.842572 399.213660 724.650827 511.832835 
705.401408 173.007042 830.396714 99.692488 832.269139 401.564847 724.631455 515.542254 
706.173919 176.749478 830.396714 102.096244 830.786357 406.108603 726.039670 516.273222 
706.930125 179.911908 834.104991 100.171057 832.069705 409.515946 725.556389 520.778263 
707.506275 183.823944 832.741326 105.494643 832.741326 411.607806 728.897628 525.384380 
710.940983 186.796422 832.800469 112.913146 833.259063 416.812424 730.640845 528.762911 
710.123589 194.368595 834.277987 115.931380 832.242700 421.879288 731.795318 534.795328 
710.904831 199.152106 834.002347 121.326291 832.547108 426.004316 731.842723 539.579812 
712.538705 207.818609 831.733210 127.452616 831.598592 433.814554 729.438967 543.185446 
712.612676 210.265258 830.396714 135.748826 829.598516 437.583286 727.035211 551.598592 
707.121269 220.751019 828.159498 146.537798 826.520296 444.263218 727.441555 554.710512 
705.401408 230.697183 825.589202 154.978873 826.522507 453.037052 723.734787 559.712852 
703.313252 233.751544 821.983568 164.593897 824.476903 454.321286 721.671203 567.836557 
701.269558 240.800865 819.579812 169.401408 819.994591 461.280053 718.622066 570.828638 
698.635437 247.910898 817.777703 179.738984 817.429235 470.703497 715.016432 576.838028 
695.786385 253.532864 815.457169 186.119909 814.100311 477.146738 710.208920 582.847418 
691.932360 258.324847 811.166667 192.237089 812.014250 482.871705 707.805164 587.654930 
689.281141 263.270682 809.548058 199.735405 808.931305 487.754853 702.997653 592.462441 
686.021380 265.179495 806.461154 204.580866 806.251436 493.973748 699.656071 593.927056 
683.637795 271.077049 806.395501 210.894644 803.264101 500.407020 694.602085 598.300729 
681.295108 275.540640 803.377462 216.593519 801.296513 507.220890 691.006204 603.638204 
677.335887 279.119896 801.670780 223.792201 799.438153 507.739272 686.816986 608.994156 
674.384781 282.938501 799.369453 227.642252 795.582039 518.515670 681.959610 612.443545 
669.708186 284.742115 796.609581 236.551712 791.670063 521.156201 676.816269 615.689709 
664.323087 288.809910 793.133048 240.596126 788.815395 528.439612 669.360349 619.110310 
659.028605 291.699331 789.785232 245.757814 784.484287 533.775789 663.446058 623.008352 
653.030473 295.682742 786.621108 251.352217 780.630496 538.302503 657.179268 627.196286 
648.956731 295.476611 783.788680 255.330020 776.971334 543.930989 651.229180 628.011586 
643.530278 297.640083 781.123810 259.511755 772.535268 546.789668 647.231320 629.020383 
638.300424 299.207893 777.798959 260.148303 768.860479 552.511451 640.506454 630.138735 
632.334913 298.800329 774.503275 261.200244 763.734967 554.881371 631.578460 629.280590 
628.011659 296.262265 770.123148 263.872291 759.122496 554.520987 626.333026 626.113527 
621.597587 293.704504 765.748958 264.750105 755.946589 549.989829 617.322516 625.214320 
614.729668 290.183682 763.089598 261.615624 749.602332 550.401797 610.762825 618.638287 
609.889694 281.832247 759.201971 258.861128 744.845022 546.000123 606.061174 612.999222 
602.376424 278.421282 757.613256 254.423317 739.614783 546.148572 597.126869 609.143229 
597.869888 271.864990 752.690207 254.429594 734.926956 542.252712 590.429967 603.871504 
593.224168 270.327992 749.333848 249.823779 731.019768 540.073319 585.069621 597.671284 
588.763131 262.331519 744.767558 246.184084 727.097743 537.736022 579.554793 590.745466 
583.943858 259.219220 741.671707 244.592136 723.235907 535.920993 574.646736 588.663575 
578.942489 256.322196 737.615215 244.361940 719.276156 534.597477 568.576935 584.830551 
574.431931 255.749729 734.626868 243.732248 715.322596 531.617700 565.084998 582.815987 
569.839255 254.572653 732.375658 244.672382 710.916660 532.109217 558.956255 583.351679 
564.940243 255.918138 726.095097 245.280290 707.320980 536.298665 553.814406 586.307709 
557.404971 259.052024 721.130836 246.503080 702.954556 539.307151 547.340372 588.086990 
551.698618 262.536418 716.242582 252.729156 698.626245 542.518678 541.664815 593.491528 
545.131109 267.564490 711.742908 255.616918 693.150147 548.969371 536.144609 601.304550 
538.282999 274.773402 706.680353 262.129817 688.838815 554.599398 529.647695 607.232629 
535.202737 281.871616 702.264211 270.672468 684.722502 567.286808 524.329778 615.284753 
528.277805 291.601596 697.953965 278.724387 682.953693 573.499892 519.022110 625.260272 
521.441453 299.011626 693.882663 286.777900 679.593594 584.995426 513.681478 639.206767 
516.601601 306.959590 691.466519 296.165460 676.354736 595.522685 508.685905 648.773730 
510.008579 316.061038 687.597849 303.989874 672.961506 604.980758 502.104623 658.282264 
505.574726 320.252134 684.340680 310.404857 667.641624 614.671949 496.484931 669.451732 
502.905563 325.930432 682.947390 315.073638 667.566933 618.159127 492.202050 674.951674 
499.582042 327.863154 682.972629 316.700248 665.430921 622.085443 486.824436 677.899970 
499.641764 325.561805 684.581203 315.487283 665.151768 624.919030 485.969198 679.609293 
499.370678 321.824513 689.854521 312.825277 668.856302 622.549005 485.121887 678.794234 
506.235144 313.365824 699.943714 304.704059 677.108151 615.740176 491.273914 668.498201 
513.628428 302.908114 709.612288 293.821283 684.932007 605.615491 496.539201 656.621404 
521.645451 285.697261 721.478063 279.224950 692.404586 593.802145 504.655634 641.674384 
530.765186 270.437656 733.832387 263.053395 703.372307 575.038458 513.612801 625.122520 
542.257158 254.520208 744.532359 246.127046 711.799027 564.227881 521.274253 608.711639 
549.866128 241.440999 758.771927 233.467496 723.688510 548.420895 530.729719 593.869866 
560.568408 228.316834 770.067972 219.156271 732.628226 536.345875 541.264136 579.151000 
567.870115 215.775164 779.926143 208.221685 741.936042 523.627873 549.335064 566.918919 
574.334936 204.770322 788.232690 195.470420 750.103090 514.457070 555.735131 555.376641 
578.301381 196.313617 795.978034 186.745413 755.313165 505.685564 559.164972 547.147783 
580.077329 185.802722 800.801706 176.096550 759.481164 497.566720 561.596593 537.186640 
578.318571 180.093934 803.635256 170.573511 760.793351 491.094429 560.071093 531.556228 
574.214472 171.807838 800.891217 166.770577 759.153911 486.276847 557.663471 526.574935 
568.390088 171.257604 800.398178 157.552485 758.303884 480.601724 554.067957 522.934686 
562.096035 164.587997 794.922346 155.817143 755.054827 477.149345 548.541079 519.408915 
555.373752 162.953711 789.794763 150.993455 749.129894 475.515059 540.224095 516.977278 
546.970712 160.997653 784.497193 149.247226 742.531383 473.223275 533.898884 512.431825 
537.739158 155.993814 780.301536 146.761336 736.657094 470.737384 527.667363 507.667296 
531.731392 151.492761 775.319753 141.719154 732.466245 465.000003 519.702338 502.590799 
525.257251 143.549940 772.623125 133.131743 727.053603 458.628326 514.085840 496.757925 
520.879694 133.187773 771.835234 124.794611 723.994211 451.288608 509.968584 484.021939 
518.209468 121.986663 770.451260 115.169318 723.487323 439.371981 508.362191 471.943744 
518.749492 107.691082 772.804078 101.901502 723.118367 430.075786 507.235753 455.262091 
520.990224 89.954138 777.443285 86.429010 728.204387 412.456006 508.652276 440.704372 
524.542980 71.884728 784.321726 70.517471 732.365977 401.393559 512.237671 421.218779 
530.522685 55.008673 793.325274 52.848257 738.534370 385.380171 519.422830 406.330465 
537.683904 38.469467 802.637840 39.190142 745.901101 373.823476 524.570759 390.726450 
546.639005 27.147369 814.445039 30.139615 752.355930 364.523127 533.173897 380.232419 
554.592064 21.595714 821.406262 24.246186 763.095874 360.856152 541.048082 372.538126 
562.840251 19.029531 833.247618 22.381255 769.922051 361.316960 549.721784 369.232656 
570.166415 22.728487 838.747595 25.378959 778.670226 365.522888 556.030564 371.707323 
575.500359 31.733683 846.127517 33.593664 785.678152 372.110109 563.410486 379.550031 
580.939423 47.597015 852.835901 48.394366 793.034623 384.876225 568.979167 392.849729 
585.278561 64.634337 857.175040 65.431687 801.360514 399.521496 577.305058 409.089700 
589.669426 84.372432 860.768555 81.854483 806.213002 417.580958 582.115581 425.134803 
593.499788 103.554682 864.598917 102.757332 814.365843 434.455089 587.120985 444.023293 
594.833124 124.026041 868.324303 120.836640 821.280631 454.129097 592.441073 461.305251 
597.628545 140.159741 872.026710 133.796885 828.282075 467.846826 596.037831 478.981824 
599.132752 156.044902 873.848776 149.550434 832.933623 485.314463 600.431645 493.757273 
596.415088 170.078570 874.411297 161.746259 838.052120 498.068648 605.263866 507.537185 
598.170145 183.900736 875.209341 174.111365 843.033492 510.306387 607.426170 521.018014 
596.030516 194.640845 874.583233 184.183432 847.223005 521.551643 609.996016 532.610411 
594.478195 207.339129 873.806963 194.412446 850.577993 533.634188 611.198298 544.855111 
592.057467 220.979844 873.841091 205.830187 854.027171 548.184187 614.781953 557.302233 
589.004826 232.626685 873.411645 216.423461 857.780801 559.557708 616.476440 568.505986 
588.101401 243.556369 872.755485 226.812011 862.389930 572.064724 619.995416 579.240878 
591.029540 256.973904 873.291574 238.634845 867.710121 580.698157 623.720905 591.861062 
591.387212 269.103265 875.571623 249.198993 874.056657 593.096211 629.389694 602.943488 
595.549496 279.384564 877.014179 261.045506 881.000931 607.095569 636.572908 613.674758 
599.153030 291.442357 883.398473 271.293313 889.874951 616.705497 642.329553 624.621193 
604.855490 301.190830 888.664107 281.261177 897.648697 630.491918 650.125263 635.603021 
610.201093 314.554554 894.855178 292.228743 906.018083 640.670858 659.218371 645.339639 
615.683456 324.192878 897.945490 301.867068 914.424125 653.808592 666.412813 656.204837 
619.154811 333.807276 904.227515 313.355012 921.308639 665.337170 671.854852 667.810030 
623.083311 341.505332 907.472675 322.363740 927.297895 679.217702 675.039060 677.850446 
623.843427 353.785753 909.294862 333.054643 930.823322 694.254364 678.063252 689.470262 
625.023799 361.796371 910.594837 343.616782 933.319323 705.693589 678.047599 701.906175 
623.513157 371.618367 909.129312 356.317501 933.584368 721.433534 677.215566 713.257100 
0.000000 0.000000 0.000000 0.000000 0.000000 0.000000 0.000000 0.000000 
0.000000 0.000000 0.000000 0.000000 0.000000 0.000000 0.000000 0.000000 
0.000000 0.000000 0.000000 0.000000 0.000000 0.000000 0.000000 0.000000 
0.000000 0.000000 0.000000 0.000000 0.000000 0.000000 0.000000 0.000000 
0.000000 0.000000 0.000000 0.000000 0.000000 0.000000 0.000000 0.000000 
0.000000 0.000000 0.000000 0.000000 0.000000 0.000000 0.000000 0.000000 
0.000000 0.000000 0.000000 0.000000 0.000000 0.000000 0.000000 0.000000 
0.000000 0.000000 0.000000 0.000000 0.000000 0.000000 0.000000 0.000000 
0.000000 0.000000 0.000000 0.000000 0.000000 0.000000 0.000000 0.000000 
0.000000 0.000000 0.000000 0.000000 0.000000 0.000000 0.000000 0.000000 
0.000000 0.000000 0.000000 0.000000 0.000000 0.000000 0.000000 0.000000 
0.000000 0.000000 0.000000 0.000000 0.000000 0.000000 0.000000 0.000000 
0.000000 0.000000 0.000000 0.000000 0.000000 0.000000 0.000000 0.000000 
0.000000 0.000000 0.000000 0.000000 0.000000 0.000000 0.000000 0.000000 
0.000000 0.000000 0.000000 0.000000 0.000000 0.000000 0.000000 0.000000 
0.000000 0.000000 0.000000 0.000000 0.000000 0.000000 0.000000 0.000000 
0.000000 0.000000 0.000000 0.000000 0.000000 0.000000 0.000000 0.000000 
0.000000 0.000000 0.000000 0.000000 0.000000 0.000000 0.000000 0.000000 
0.000000 0.000000 0.000000 0.000000 0.000000 0.000000 0.000000 0.000000 
0.000000 0.000000 0.000000 0.000000 0.000000 0.000000 0.000000 0.000000 
573.431960 381.536754 817.915472 413.614378 804.806707 790.023181 581.454653 715.572496 
576.180554 377.081715 815.849161 412.277804 802.851104 782.722437 579.217353 710.370341 
578.581488 372.343215 816.863792 411.764920 797.918804 764.830611 577.801240 708.630382 
580.097321 370.298206 816.786829 411.892178 793.242110 768.551070 574.822725 703.351254 
583.472690 366.864409 814.379105 411.135939 788.542874 771.952257 572.058392 697.118115 
582.962379 362.547302 813.593178 409.826616 784.082849 765.854457 568.806349 692.180577 
584.734061 358.012063 812.456717 407.861799 776.046793 762.031065 566.829296 685.951976 
586.487892 354.544235 812.278844 405.564524 771.839826 761.813018 564.494722 678.520541 
587.953601 349.644879 811.031049 402.073219 767.129755 752.212805 562.662043 673.571377 
591.494196 346.027092 809.132781 398.260352 762.624526 746.443778 561.540482 664.820192 
594.512984 340.193556 810.210567 394.373518 756.621731 739.830125 561.331246 653.178056 
598.707419 333.089772 810.455458 387.852196 757.718678 730.034081 561.137770 644.286304 
602.386666 324.825537 812.704999 382.273601 754.802014 720.644170 564.935081 633.147887 
608.456813 318.559824 815.527971 375.390866 753.492668 710.140219 567.468419 623.135120 
613.596780 308.715767 816.711297 366.628584 753.856229 699.396641 569.345398 611.303124 
618.032034 300.834100 820.993948 359.548082 756.082380 688.455113 572.365603 600.927788 
623.941631 291.603243 823.279225 352.201871 756.301794 675.926125 576.897959 589.014934 
629.214972 286.354863 826.911905 344.654741 757.654774 666.793315 580.995925 578.463891 
633.867255 276.711777 829.118705 337.672637 760.206428 656.612788 584.391774 569.147207 
638.489073 268.963171 831.587059 328.317060 761.153777 645.662520 587.049036 557.027379 
643.210140 260.994219 834.557536 320.188017 762.812246 635.188161 591.078522 548.433409 
645.872381 252.834447 836.397155 312.425896 762.537330 622.972886 593.834777 537.362634 
649.480948 245.610546 836.858286 303.019773 763.103375 614.022664 594.934932 528.488715 
650.632995 237.679321 837.731261 296.762984 762.740458 603.543541 596.851712 517.947978 
651.528531 230.200518 837.017409 290.631283 763.673719 594.712516 598.651612 509.692808 
653.599667 223.924583 835.312919 282.657912 762.594565 586.408539 598.978267 500.055493 
654.747263 215.721651 835.785666 274.047831 761.552346 574.011043 600.965980 491.445412 
655.176799 207.442512 832.920152 267.170035 758.800454 564.368435 600.486537 482.333041 
655.115793 200.368280 833.050824 258.281097 757.812215 554.428863 599.720924 472.306725 
654.047338 191.379675 831.143053 250.131808 755.604596 543.892474 599.766688 462.913853 
654.783259 183.121914 829.648177 239.251394 753.925716 533.407811 600.092996 451.535965 
653.881454 173.923963 827.345029 230.735178 753.111709 522.366078 599.342688 442.830378 
654.584410 166.958721 826.865101 223.502127 750.001408 509.753122 599.807985 432.889429 
654.366472 157.433815 824.423096 214.291825 748.683332 500.654445 599.652421 423.272737 
654.365679 148.296709 823.474017 204.790381 747.529776 489.898397 598.970811 413.520624 
654.369352 139.292975 822.640793 194.252599 747.325753 479.228426 600.766756 401.877844 
655.384113 129.316890 822.030342 185.928767 744.687355 466.596099 599.569587 392.442514 
654.399047 121.589977 819.994603 176.089781 742.437191 457.672098 598.656577 381.915624 
653.355344 114.572350 817.729124 169.111116 741.223355 448.622291 598.816578 375.146454 
652.740540 108.273348 815.719231 163.508804 737.980441 439.004165 596.823165 366.038809 
651.492434 100.801838 811.321317 156.098086 735.573031 431.821847 596.196186 360.618458 
650.693218 96.934344 809.872645 150.611127 733.367804 423.313866 596.399460 351.744822 
651.502313 92.065748 807.369560 146.619285 733.332618 416.789181 595.649882 345.999473 
651.440353 86.533564 806.387517 141.860063 732.103935 411.437576 596.716118 339.547036 
650.821655 83.855234 806.304978 137.277709 731.354043 404.390085 596.601829 335.817953 
652.768994 79.551308 806.532732 132.815511 731.926093 400.521686 597.447940 330.646872 
652.568481 77.204921 805.837941 130.459564 732.450446 397.382226 598.014944 326.592517 

