1.0000 0.0000 -0.0000 -0.0000 1.0000 -0.0000 -0.0000 0.0000 1.0000
3.7132 0.2543 -1021.6928 0.8757 2.6884 -745.8183 0.0018 0.0003 1.0000
1.6225 0.4665 -343.5790 0.0906 1.8182 -241.1307 0.0002 0.0006 1.0000
1.7873 -0.1326 -266.7952 0.3080 1.2774 -200.4539 0.0006 -0.0003 1.0000
1.1610 -0.1127 -37.4992 0.0885 0.9806 -41.0864 0.0002 -0.0002 1.0000
1.1907 -0.1128 -52.6753 0.0928 1.0205 -59.3790 0.0002 -0.0002 1.0000
1.7680 -0.1335 -251.7967 0.2886 1.2765 -185.4540 0.0006 -0.0003 1.0000
2.7552 0.5800 -772.8139 0.4281 2.5785 -558.6272 0.0009 0.0008 1.0000
1.4973 -0.3696 -86.5259 0.2513 0.8790 -64.3699 0.0005 -0.0006 1.0000
1.5262 -0.3679 -102.2437 0.2709 0.9232 -96.4381 0.0005 -0.0006 1.0000
1.1934 -0.1129 -53.4461 0.0891 0.9799 -37.8997 0.0002 -0.0002 1.0000
1.2078 -0.1137 -56.7251 0.1093 1.0202 -66.6215 0.0002 -0.0002 1.0000
9.9833 3.6132 -4096.8543 2.2737 9.3309 -2920.3534 0.0047 0.0046 1.0000
1.1743 0.6624 -219.8138 -0.0866 1.8277 -188.8247 -0.0002 0.0009 1.0000
2.7189 0.5809 -743.3654 0.4515 2.5527 -560.3254 0.0009 0.0008 1.0000
2.1681 0.1504 -443.0168 0.3496 1.7915 -324.7217 0.0007 0.0002 1.0000
0.8949 0.0264 40.4742 -0.0491 1.0417 -1.5113 -0.0001 0.0001 1.0000
1.6531 0.4553 -343.6360 0.1137 1.8384 -259.0252 0.0002 0.0006 1.0000
1.2259 -0.1158 -55.9850 0.1109 1.0185 -58.6388 0.0002 -0.0002 1.0000
2.1733 0.1514 -436.7979 0.3515 1.8443 -345.0948 0.0007 0.0002 1.0000
1.2107 -0.1168 -42.3536 0.0956 1.0174 -45.0090 0.0002 -0.0002 1.0000
2.8493 -0.1754 -609.6331 0.6703 1.7712 -436.8030 0.0014 -0.0003 1.0000
5.3182 1.2224 -1832.5459 1.2390 4.3786 -1282.8027 0.0025 0.0014 1.0000
1.2116 -0.1179 -37.5708 0.0963 1.0167 -41.8203 0.0002 -0.0002 1.0000
1.0780 -0.3166 60.1540 0.0905 0.7538 26.7654 0.0002 -0.0005 1.0000
1.8256 -0.1396 -251.4618 0.3180 1.3573 -221.0429 0.0006 -0.0003 1.0000
1.4025 0.0989 -154.2512 0.1043 1.3534 -126.1843 0.0002 0.0001 1.0000
1.8450 -0.1386 -266.4756 0.3185 1.3151 -201.9729 0.0006 -0.0003 1.0000
1.2454 -0.0782 -70.9534 0.1008 1.0655 -62.4177 0.0002 -0.0002 1.0000
2.1988 0.1941 -475.8664 0.3714 1.8712 -372.6887 0.0007 0.0001 1.0000
1.4563 0.1408 -204.5593 0.1088 1.4028 -151.5971 0.0002 0.0001 1.0000
2.2173 0.1382 -465.3051 0.3693 1.8616 -371.5711 0.0007 0.0001 1.0000
1.1655 -0.2738 -8.6501 0.0972 0.8425 -14.3548 0.0002 -0.0004 1.0000
2.2642 0.1818 -524.2035 0.3487 1.8525 -352.5853 0.0007 0.0001 1.0000
1.1495 -0.2761 1.7767 0.0974 0.8386 -11.9263 0.0002 -0.0005 1.0000
0.9053 -0.1024 45.5895 -0.0398 0.8903 31.1852 -0.0001 -0.0002 1.0000
1.3016 -0.1162 -93.7334 0.1046 1.0968 -78.5034 0.0002 -0.0002 1.0000
1.7794 0.4079 -414.3621 0.1252 1.8745 -283.3217 0.0003 0.0005 1.0000
1.1857 -0.3395 6.9878 0.1009 0.8657 -24.4483 0.0002 -0.0005 1.0000
0.9367 -0.1027 30.4804 -0.0210 0.9273 7.1041 -0.0000 -0.0002 1.0000
1.5245 0.0404 -207.8751 0.1180 1.4625 -182.2160 0.0002 0.0001 1.0000
1.9246 -0.1358 -323.2963 0.2976 1.4410 -244.1993 0.0006 -0.0003 1.0000
1.8241 0.4621 -454.2856 0.1313 1.9375 -308.9292 0.0003 0.0005 1.0000
1.5522 0.1309 -256.6970 0.1184 1.4790 -186.6342 0.0002 0.0001 1.0000
1.3533 -0.0787 -126.6261 0.1090 1.1447 -97.4704 0.0002 -0.0002 1.0000
1.3820 -0.1178 -127.9994 0.1088 1.1366 -95.3057 0.0002 -0.0002 1.0000
1.3795 -0.1197 -117.0612 0.1121 1.1772 -115.3214 0.0002 -0.0002 1.0000
1.3521 -0.1211 -95.5606 0.1088 1.1366 -95.3057 0.0002 -0.0002 1.0000
1.9608 -0.1419 -311.1558 0.2966 1.4414 -245.7924 0.0006 -0.0003 1.0000
1.3564 -0.1216 -95.1114 0.1049 1.0964 -76.9091 0.0002 -0.0002 1.0000
1.3833 -0.1232 -101.0939 0.1280 1.1780 -127.6070 0.0002 -0.0002 1.0000
1.9862 -0.1434 -316.5756 0.3160 1.4423 -260.7926 0.0006 -0.0003 1.0000
0.9103 -0.2450 95.6015 -0.0225 0.7695 43.5459 -0.0000 -0.0004 1.0000
1.4371 -0.0835 -146.7011 0.1116 1.1855 -120.5849 0.0002 -0.0002 1.0000
1.6183 0.0797 -238.8865 0.1204 1.5016 -207.9958 0.0003 0.0001 1.0000
1.2903 -0.2836 -35.0106 0.1226 0.9637 -79.8618 0.0002 -0.0004 1.0000
1.4336 -0.1234 -126.7891 0.1110 1.1783 -120.1129 0.0002 -0.0002 1.0000
1.6237 0.1261 -260.4680 0.1207 1.5118 -210.7765 0.0003 0.0001 1.0000
1.4461 -0.1238 -131.2516 0.1145 1.2186 -138.5580 0.0002 -0.0002 1.0000
1.4621 -0.1231 -143.5967 0.1308 1.2190 -149.3066 0.0002 -0.0002 1.0000
1.6730 0.0726 -278.4450 0.1405 1.5326 -236.3241 0.0003 0.0001 1.0000
1.0828 -0.1089 -15.2491 -0.0051 1.0402 -49.2473 -0.0000 -0.0002 1.0000
1.3376 -0.2744 -73.2698 0.1236 0.9708 -79.0346 0.0002 -0.0004 1.0000
2.8998 0.5953 -877.3957 0.4302 2.6184 -620.8340 0.0008 0.0006 1.0000
1.8225 -0.3222 -246.2373 0.3018 1.1505 -191.8049 0.0006 -0.0005 1.0000
1.4988 -0.0402 -216.1836 0.1328 1.2323 -146.9669 0.0002 -0.0002 1.0000
1.6855 0.0728 -295.4872 0.1462 1.5812 -251.7040 0.0003 0.0001 1.0000
2.0598 -0.1381 -382.9759 0.3176 1.5678 -313.2331 0.0006 -0.0003 1.0000
1.7374 0.0690 -331.4782 0.1341 1.6239 -257.2347 0.0003 0.0000 1.0000
1.3714 -0.2634 -113.9543 0.1133 1.0033 -73.1547 0.0002 -0.0004 1.0000
1.5336 -0.1162 -216.6905 0.1217 1.2555 -141.0662 0.0002 -0.0002 1.0000
1.5607 -0.1151 -236.7206 0.1254 1.2957 -157.9761 0.0003 -0.0002 1.0000
1.2557 0.0905 -173.3126 -0.0063 1.3308 -112.9001 -0.0000 0.0000 1.0000
1.4523 0.3288 -327.6271 -0.0075 1.6954 -214.0438 -0.0000 0.0003 1.0000
0.9760 0.0723 -74.7915 -0.0983 1.1889 -45.8024 -0.0002 0.0000 1.0000
1.2982 0.0873 -208.2648 0.0131 1.3664 -133.6742 -0.0000 0.0000 1.0000
1.4344 -0.2499 -175.3442 0.1230 1.0745 -91.7485 0.0002 -0.0004 1.0000
1.1853 -0.0995 -117.6318 0.0047 1.1097 -53.6138 0.0000 -0.0002 1.0000
2.4719 0.1420 -686.6455 0.3793 2.0661 -446.3791 0.0007 0.0001 1.0000
1.5993 -0.1096 -285.1299 0.1498 1.3327 -169.8402 0.0003 -0.0002 1.0000
1.6264 -0.1091 -301.8718 0.1372 1.3722 -174.2887 0.0003 -0.0002 1.0000
1.6524 -0.1079 -321.7305 0.1569 1.4133 -203.8533 0.0003 -0.0002 1.0000
1.6251 -0.1081 -306.6510 0.1547 1.3719 -182.0441 0.0003 -0.0002 1.0000
3.6140 0.2393 -1216.7619 0.7607 2.7781 -786.9954 0.0014 0.0001 1.0000
1.8290 0.0568 -443.4221 0.1639 1.6444 -245.6021 0.0003 0.0000 1.0000
2.1272 0.3687 -669.3781 0.1879 2.1793 -412.9571 0.0003 0.0004 1.0000
1.2866 -0.0942 -198.2750 0.0145 1.1825 -72.5718 0.0000 -0.0002 1.0000
2.1054 0.3208 -635.7342 0.1884 2.1791 -411.1391 0.0003 0.0004 1.0000
1.3353 -0.0568 -243.3725 0.0236 1.2693 -108.9035 0.0000 -0.0002 1.0000
1.9080 0.0995 -517.8645 0.1590 1.7910 -296.3997 0.0003 0.0000 1.0000
3.6909 0.8364 -1474.0119 0.5244 3.6888 -960.2712 0.0010 0.0010 1.0000
1.9417 0.0523 -524.2279 0.1782 1.8189 -325.5102 0.0003 0.0000 1.0000
1.4941 0.0375 -338.8838 0.0400 1.5505 -203.3011 0.0001 0.0000 1.0000
1.9981 -0.2983 -444.8216 0.3060 1.4578 -278.1895 0.0006 -0.0005 1.0000
1.7216 -0.1001 -398.6126 0.1462 1.4511 -200.2545 0.0003 -0.0002 1.0000
1.3301 -0.0912 -237.1115 0.0237 1.2588 -106.1058 0.0000 -0.0002 1.0000
1.1592 -0.2844 -125.0158 0.0280 0.8771 -4.6090 0.0001 -0.0005 1.0000
1.7202 -0.0990 -403.4024 0.1462 1.4511 -200.2545 0.0003 -0.0002 1.0000
1.7228 -0.0595 -425.0730 0.1637 1.4577 -211.5824 0.0003 -0.0002 1.0000
2.3143 -0.1089 -667.1135 0.3419 1.7680 -365.5222 0.0006 -0.0003 1.0000
1.7611 -0.0962 -439.1597 0.1673 1.4912 -225.1620 0.0003 -0.0002 1.0000
2.2319 0.2871 -748.9854 0.2008 2.2882 -460.9144 0.0003 0.0003 1.0000
1.9329 0.0959 -565.1155 0.1616 1.7830 -284.4924 0.0003 0.0000 1.0000
1.9725 0.0954 -587.7788 0.1690 1.8739 -323.0104 0.0003 0.0000 1.0000
1.5773 -0.2154 -329.9374 0.1456 1.2555 -143.5156 0.0003 -0.0004 1.0000
1.1219 -0.0793 -187.6599 -0.0767 1.1487 -25.6531 -0.0001 -0.0002 1.0000
4.6274 1.3366 -2073.6843 0.6669 5.0473 -1359.5707 0.0012 0.0018 1.0000
2.2264 0.2775 -764.6613 0.1809 2.1797 -382.0390 0.0003 0.0003 1.0000
1.7604 -0.0543 -472.0506 0.1557 1.4934 -198.3480 0.0003 -0.0002 1.0000
3.6765 0.7716 -1532.0209 0.5400 3.8593 -1012.2184 0.0009 0.0009 1.0000
1.7118 0.1810 -518.2863 0.0295 1.9052 -269.1917 0.0001 0.0002 1.0000
0.8822 -0.0719 -98.5901 -0.1552 1.0019 53.0921 -0.0003 -0.0002 1.0000
1.1163 -0.0422 -213.4061 -0.0785 1.1599 -19.2704 -0.0001 -0.0002 1.0000
1.5399 0.1169 -450.3220 0.0126 1.5741 -157.9115 0.0001 0.0000 1.0000
3.0434 0.3074 -1119.5425 0.4436 2.9595 -702.0224 0.0008 0.0004 1.0000
2.6120 0.1185 -910.9873 0.3833 2.2603 -480.6133 0.0007 0.0000 1.0000
2.5722 0.1217 -886.4437 0.3844 2.2717 -484.0509 0.0007 0.0000 1.0000
1.7312 -0.0866 -472.7696 0.1414 1.4843 -175.8403 0.0003 -0.0002 1.0000
2.5461 0.1230 -882.9663 0.3838 2.2776 -487.4319 0.0007 0.0000 1.0000
1.3269 -0.0777 -304.1625 0.0108 1.2527 -67.9757 0.0000 -0.0002 1.0000
1.6407 0.2740 -551.7422 0.0033 1.8705 -230.9054 0.0000 0.0003 1.0000
2.1756 -0.0961 -659.1365 0.3150 1.6770 -279.7939 0.0006 -0.0003 1.0000
1.4086 0.1216 -400.3866 -0.0178 1.4632 -106.7570 0.0000 0.0000 1.0000
2.0567 0.3611 -718.3075 0.1570 2.1958 -365.1432 0.0003 0.0004 1.0000
2.4126 0.1860 -810.8106 0.3754 2.1230 -432.0903 0.0007 0.0001 1.0000
4.9519 1.7176 -2314.8054 0.6881 5.6359 -1469.4337 0.0014 0.0023 1.0000
1.5807 -0.0522 -388.2341 0.1223 1.3345 -129.2279 0.0003 -0.0002 1.0000
1.3457 0.0890 -309.5542 0.0010 1.5097 -153.1258 0.0000 0.0000 1.0000
1.3256 0.0862 -294.6840 -0.0092 1.4162 -111.8989 0.0000 0.0000 1.0000
1.3181 0.1300 -297.7548 -0.0096 1.4342 -119.7036 0.0000 0.0000 1.0000
2.0151 0.3982 -629.5323 0.1689 2.2168 -404.9108 0.0003 0.0004 1.0000
1.9867 0.4058 -604.6857 0.1643 2.1704 -383.9741 0.0003 0.0004 1.0000
1.7047 0.1617 -420.2139 0.1270 1.6584 -224.3956 0.0003 0.0001 1.0000
1.0862 -0.0952 -87.3770 -0.0141 1.0703 -20.8013 -0.0000 -0.0002 1.0000
1.0669 -0.0942 -82.3243 -0.0245 0.9952 13.6170 -0.0000 -0.0002 1.0000
1.4440 -0.1065 -218.6365 0.1222 1.2116 -106.6333 0.0002 -0.0002 1.0000
2.8244 -0.1548 -702.2090 0.6483 1.9185 -479.1719 0.0012 -0.0003 1.0000
2.2920 0.1663 -601.1052 0.3596 1.8821 -349.6148 0.0007 0.0001 1.0000
1.2800 -0.1071 -128.9399 0.1032 1.0539 -47.3736 0.0002 -0.0002 1.0000
2.1948 0.1836 -543.3532 0.3552 1.8704 -351.1126 0.0007 0.0001 1.0000
1.4158 0.0948 -219.6256 0.0933 1.4068 -139.8104 0.0002 0.0001 1.0000
1.6494 0.4847 -423.9188 0.1141 1.8562 -263.6140 0.0002 0.0006 1.0000
1.5867 0.5105 -392.0339 0.1075 1.8427 -254.0268 0.0002 0.0006 1.0000
1.4299 -0.3133 -124.2025 0.2486 0.8714 -64.8971 0.0005 -0.0006 1.0000
1.6576 -0.1236 -244.4604 0.2856 1.1936 -153.6831 0.0006 -0.0003 1.0000
2.6489 0.8018 -828.7914 0.4462 2.6742 -574.6343 0.0010 0.0010 1.0000
0.8924 0.4074 -109.6458 -0.1049 1.3215 -45.8366 -0.0002 0.0005 1.0000
0.9842 -0.1023 3.1627 0.0518 0.8243 30.5162 0.0001 -0.0002 1.0000
0.9525 -0.1014 15.3764 0.0611 0.7862 35.3483 0.0001 -0.0002 1.0000
1.5303 -0.1246 -171.9947 0.2811 1.0693 -106.0285 0.0006 -0.0003 1.0000
1.2401 -0.3357 -18.5310 0.2370 0.6957 -5.3988 0.0005 -0.0006 1.0000
1.4915 -0.1264 -141.9880 0.2791 1.0701 -109.2214 0.0006 -0.0003 1.0000
1.8735 0.2739 -354.9578 0.3498 1.6251 -251.2891 0.0008 0.0003 1.0000
0.8468 -0.1050 89.7097 0.0547 0.7481 48.5626 0.0001 -0.0002 1.0000
0.8302 -0.1053 99.8805 0.0485 0.7093 66.5064 0.0001 -0.0002 1.0000
1.4402 -0.1321 -85.8016 0.2786 0.9442 -55.1844 0.0006 -0.0003 1.0000
0.4361 -0.0923 241.8155 -0.1023 0.5414 155.3867 -0.0002 -0.0002 1.0000
1.3870 -0.1369 -32.8187 0.2756 0.9454 -59.9807 0.0006 -0.0003 1.0000
1.8166 0.3318 -262.2932 0.3526 1.5310 -205.2249 0.0008 0.0004 1.0000
2.6978 1.3087 -736.3932 0.5099 2.7296 -501.4000 0.0012 0.0017 1.0000
1.0839 -0.4068 149.7468 0.2251 0.4836 68.7539 0.0005 -0.0007 1.0000
0.7088 -0.1149 213.4504 0.0194 0.6350 95.7391 0.0001 -0.0002 1.0000
1.3466 -0.1471 40.9330 0.2483 0.8637 -21.1884 0.0006 -0.0003 1.0000
0.6892 -0.1165 231.9170 0.0121 0.5981 106.9480 0.0000 -0.0002 1.0000
0.6754 -0.1188 250.8900 0.0120 0.5988 103.7548 0.0000 -0.0002 1.0000
1.0817 -0.4353 197.5403 0.2167 0.4548 69.2811 0.0005 -0.0007 1.0000
0.5383 -0.3455 352.2439 0.0087 0.3205 166.3981 0.0000 -0.0005 1.0000
1.3092 -0.1586 119.4749 0.2607 0.7834 -10.8071 0.0006 -0.0003 1.0000
5.8210 0.9872 -1297.9551 1.6226 3.6054 -1035.3571 0.0040 0.0013 1.0000
3.0931 -0.2593 -308.8845 0.8882 1.3629 -314.8398 0.0022 -0.0004 1.0000
1.2813 -0.1650 167.0331 0.2577 0.7847 -15.6034 0.0006 -0.0003 1.0000
0.5892 -0.1267 336.8386 -0.0033 0.5256 125.8758 0.0000 -0.0002 1.0000
1.7811 0.4995 -74.1112 0.3479 1.4421 -171.4463 0.0008 0.0006 1.0000
0.5754 -0.1286 353.9418 -0.0033 0.5262 122.6829 0.0000 -0.0002 1.0000
0.5367 -0.1281 372.2905 -0.0114 0.4892 138.3580 -0.0000 -0.0002 1.0000
0.5366 -0.1288 375.4857 -0.0113 0.4895 136.7632 -0.0000 -0.0002 1.0000
3.1714 -0.2841 -223.5996 0.9225 1.3467 -320.2030 0.0023 -0.0004 1.0000
1.2534 -0.1714 214.6062 0.2313 0.7025 24.7850 0.0006 -0.0003 1.0000
0.4828 -0.1291 405.9633 -0.0197 0.4537 147.5174 -0.0000 -0.0002 1.0000
1.2350 -0.1728 231.2056 0.2284 0.7038 19.9960 0.0006 -0.0003 1.0000
3.3449 -0.2989 -239.3321 0.9694 1.3345 -326.7456 0.0025 -0.0005 1.0000
1.2156 -0.1737 246.2096 0.2463 0.6632 20.8760 0.0006 -0.0003 1.0000
0.4410 -0.1281 422.8141 -0.0283 0.4188 154.9333 -0.0001 -0.0002 1.0000
1.1952 -0.1742 259.6171 0.2244 0.6213 50.1669 0.0006 -0.0003 1.0000
0.8867 -0.5410 389.9641 0.1691 0.2780 120.6306 0.0005 -0.0007 1.0000
0.4148 -0.1288 440.0845 -0.0279 0.4200 148.5491 -0.0001 -0.0002 1.0000
0.4016 -0.1291 448.7164 -0.0279 0.4203 146.9514 -0.0001 -0.0002 1.0000
1.1534 -0.1748 284.8341 0.2194 0.6234 42.1846 0.0006 -0.0003 1.0000
1.1524 -0.1744 283.2382 0.2174 0.6242 38.9917 0.0006 -0.0003 1.0000
1.1310 -0.1745 295.0488 0.2154 0.6250 35.7988 0.0006 -0.0003 1.0000
1.1300 -0.1741 293.4523 0.2135 0.6259 32.6059 0.0006 -0.0003 1.0000
1.1086 -0.1742 305.2628 0.2120 0.5844 48.4898 0.0006 -0.0003 1.0000
0.3287 -0.1236 459.0891 -0.0457 0.3512 164.4658 -0.0001 -0.0002 1.0000
1.1056 -0.1729 300.4735 0.2090 0.5857 43.7001 0.0006 -0.0003 1.0000
1.1056 -0.1729 300.4735 0.2085 0.5438 61.1800 0.0006 -0.0003 1.0000
1.1047 -0.1725 298.8770 0.2075 0.5442 59.5839 0.0006 -0.0003 1.0000
1.1037 -0.1721 297.2806 0.2065 0.5447 57.9871 0.0006 -0.0003 1.0000
1.0833 -0.1726 310.6881 0.2055 0.5451 56.3910 0.0006 -0.0003 1.0000
1.0823 -0.1722 309.0911 0.2040 0.5877 35.7178 0.0006 -0.0003 1.0000
1.0619 -0.1727 322.4981 0.2040 0.5877 35.7178 0.0006 -0.0003 1.0000
1.0609 -0.1723 320.9022 0.2045 0.5455 54.7942 0.0006 -0.0003 1.0000
1.0599 -0.1719 319.3057 0.2045 0.5455 54.7942 0.0006 -0.0003 1.0000
1.0589 -0.1715 317.7093 0.2035 0.5459 53.1981 0.0006 -0.0003 1.0000
1.0385 -0.1720 331.1163 0.2035 0.5459 53.1981 0.0006 -0.0003 1.0000
1.0375 -0.1715 329.5198 0.2035 0.5459 53.1981 0.0006 -0.0003 1.0000
1.0375 -0.1715 329.5198 0.2035 0.5459 53.1981 0.0006 -0.0003 1.0000
1.0375 -0.1715 329.5198 0.2035 0.5459 53.1981 0.0006 -0.0003 1.0000
1.0365 -0.1711 327.9234 0.2035 0.5459 53.1981 0.0006 -0.0003 1.0000
1.0365 -0.1711 327.9234 0.2035 0.5459 53.1981 0.0006 -0.0003 1.0000
1.0365 -0.1711 327.9234 0.2035 0.5459 53.1981 0.0006 -0.0003 1.0000
1.0365 -0.1711 327.9234 0.2035 0.5459 53.1981 0.0006 -0.0003 1.0000
1.0559 -0.1702 312.9199 0.2035 0.5459 53.1981 0.0006 -0.0003 1.0000
1.0559 -0.1702 312.9199 0.2035 0.5459 53.1981 0.0006 -0.0003 1.0000
0.2929 -0.1216 467.8528 -0.0442 0.3535 151.6942 -0.0001 -0.0002 1.0000
0.2479 -0.1201 484.0926 -0.0547 0.3179 169.7296 -0.0001 -0.0002 1.0000
0.2479 -0.1201 484.0926 -0.0547 0.3179 169.7296 -0.0001 -0.0002 1.0000
1.0569 -0.1706 314.5164 0.2045 0.5455 54.7942 0.0006 -0.0003 1.0000
0.2601 -0.1198 476.0707 -0.0547 0.3179 169.7296 -0.0001 -0.0002 1.0000
1.0579 -0.1710 316.1123 0.2045 0.5455 54.7942 0.0006 -0.0003 1.0000
1.0773 -0.1701 301.1089 0.2045 0.5455 54.7942 0.0006 -0.0003 1.0000
1.0579 -0.1710 316.1075 0.2249 0.5460 41.3837 0.0006 -0.0003 1.0000
3.9305 -0.3494 -290.5572 1.1728 1.3531 -385.0514 0.0033 -0.0005 1.0000
0.3053 -0.1216 461.2063 -0.0446 0.3530 154.8871 -0.0001 -0.0002 1.0000
0.3178 -0.1213 452.9616 -0.0448 0.3527 156.4821 -0.0001 -0.0002 1.0000
0.3178 -0.1213 452.9636 -0.0450 0.3524 158.0800 -0.0001 -0.0002 1.0000
0.3178 -0.1213 452.9616 -0.0452 0.3521 159.6750 -0.0001 -0.0002 1.0000
1.0977 -0.1696 287.6970 0.2294 0.5862 30.2896 0.0006 -0.0003 1.0000
0.3615 -0.1226 436.4124 -0.0359 0.3870 147.8177 -0.0001 -0.0002 1.0000
1.1171 -0.1687 272.6984 0.2130 0.5840 50.0859 0.0006 -0.0003 1.0000
1.1171 -0.1687 272.6984 0.2149 0.5832 53.2788 0.0006 -0.0003 1.0000
1.1171 -0.1687 272.6984 0.2373 0.5829 43.0644 0.0006 -0.0003 1.0000
1.1375 -0.1682 259.2965 0.2393 0.5820 46.2612 0.0006 -0.0003 1.0000
0.8744 -0.5648 385.0808 0.1900 0.2447 120.6126 0.0005 -0.0008 1.0000
1.7096 0.5843 9.2834 0.3496 1.4057 -150.3051 0.0009 0.0008 1.0000
1.1594 -0.2103 266.5462 0.2458 0.6214 38.3478 0.0006 -0.0003 1.0000
1.1589 -0.1681 247.4803 0.2487 0.6202 43.1455 0.0006 -0.0003 1.0000
0.5395 0.2709 315.4706 -0.0452 0.7694 98.5777 -0.0001 0.0004 1.0000
0.9169 -0.5515 363.5946 0.2000 0.2785 120.4269 0.0005 -0.0007 1.0000
1.7393 0.5011 -18.8001 0.3511 1.3888 -141.5503 0.0009 0.0007 1.0000
1.2211 -0.1670 208.8552 0.2552 0.6595 35.2441 0.0006 -0.0003 1.0000
1.2211 -0.1670 208.8552 0.2562 0.6591 36.8403 0.0006 -0.0003 1.0000
1.7517 0.4772 -30.1690 0.3531 1.4289 -157.1933 0.0009 0.0006 1.0000
1.2405 -0.1660 193.8471 0.2572 0.7428 1.8765 0.0006 -0.0003 1.0000
1.7632 0.4541 -43.2491 0.3524 1.4671 -175.8159 0.0008 0.0006 1.0000
0.5330 -0.1701 374.6333 0.0027 0.4737 138.6424 -0.0000 -0.0002 1.0000
3.1761 2.2621 -661.1404 0.6274 3.5834 -699.3773 0.0015 0.0031 1.0000
1.2823 -0.1654 168.6337 0.2582 0.7424 3.4765 0.0006 -0.0003 1.0000
1.0231 -0.5216 307.5093 0.2090 0.3709 94.0562 0.0005 -0.0007 1.0000
0.7123 0.2234 250.5772 0.0008 0.8650 44.1584 -0.0000 0.0003 1.0000
0.6413 -0.1294 323.5651 0.0183 0.5646 94.4309 0.0000 -0.0002 1.0000
1.3354 -0.2116 180.0543 0.2737 0.8291 -54.4695 0.0006 -0.0003 1.0000
2.7468 1.5311 -505.9862 0.5114 2.8060 -574.5889 0.0011 0.0020 1.0000
0.7756 0.2264 245.1592 0.0326 0.9547 -13.8288 0.0000 0.0003 1.0000
0.6790 -0.1338 325.9258 0.0254 0.6029 75.2052 0.0000 -0.0002 1.0000
1.4065 -0.2142 155.7965 0.2722 0.8718 -75.1427 0.0006 -0.0003 1.0000
1.8713 0.3320 -89.0294 0.3417 1.5174 -259.0817 0.0008 0.0004 1.0000
1.4707 -0.2139 120.3541 0.2921 0.9145 -107.6348 0.0006 -0.0003 1.0000
0.9021 0.1309 213.2152 0.0639 0.9851 -51.5777 0.0001 0.0002 1.0000
0.9222 0.1786 182.2904 0.0640 0.9951 -50.6020 0.0001 0.0002 1.0000
1.4941 -0.2147 111.7419 0.3160 0.9556 -133.7281 0.0006 -0.0003 1.0000
1.9048 0.2153 -99.5048 0.3757 1.4762 -276.6456 0.0007 0.0003 1.0000
0.4038 -0.3702 439.6242 -0.0423 0.3578 142.9200 -0.0002 -0.0004 1.0000
0.1711 -0.1477 461.9269 -0.1440 0.4450 157.5470 -0.0004 -0.0002 1.0000
0.5795 0.3505 248.2242 -0.0791 1.0963 -32.4795 -0.0003 0.0005 1.0000
1.9291 0.1976 -111.9485 0.4035 1.5563 -315.1409 0.0007 0.0003 1.0000
0.9777 0.0529 200.8921 0.1016 0.9833 -50.3345 0.0001 0.0001 1.0000
0.5201 -0.1616 355.0767 -0.0248 0.5988 79.7085 -0.0002 -0.0002 1.0000
1.9551 0.1271 -102.5919 0.4280 1.6332 -357.5042 0.0007 0.0003 1.0000
0.5442 -0.3726 390.7931 -0.0079 0.4767 103.2369 -0.0001 -0.0004 1.0000
0.6256 0.0541 281.2495 -0.0286 0.8902 4.5516 -0.0002 0.0001 1.0000
2.0320 0.1610 -170.3916 0.4135 1.6158 -327.9777 0.0007 0.0002 1.0000
1.0249 -0.1836 202.2110 0.1327 0.8578 -43.7194 0.0002 -0.0002 1.0000
1.6920 -0.2582 32.5103 0.3792 1.1576 -216.0096 0.0006 -0.0003 1.0000
1.7328 -0.2571 5.7005 0.3801 1.1572 -214.4098 0.0006 -0.0003 1.0000
1.3681 0.5073 -57.5119 0.1575 1.6476 -265.4257 0.0001 0.0006 1.0000
0.6803 -0.2046 307.2286 -0.0088 0.7253 37.8647 -0.0001 -0.0002 1.0000
1.4006 0.4386 -45.8247 0.1441 1.6274 -249.2500 0.0001 0.0006 1.0000
2.5532 0.7609 -477.7499 0.5080 2.4371 -605.4530 0.0008 0.0009 1.0000
2.0831 0.1946 -223.7535 0.4282 1.7390 -407.1933 0.0007 0.0002 1.0000
1.8144 -0.1710 -84.4900 0.3747 1.2856 -278.0292 0.0006 -0.0003 1.0000
3.8657 0.2993 -836.4355 0.9629 2.5837 -820.5157 0.0018 0.0003 1.0000
2.1557 0.1775 -267.9982 0.4053 1.7195 -388.7270 0.0007 0.0002 1.0000
3.4031 1.5015 -949.4543 0.6152 3.6732 -1026.8978 0.0010 0.0018 1.0000
0.9242 0.3426 86.8167 -0.0105 1.3336 -146.8957 -0.0002 0.0004 1.0000
1.3542 0.1102 -13.1974 0.1513 1.2884 -190.8715 0.0002 0.0001 1.0000
0.5081 -0.1519 323.8071 -0.0713 0.7016 41.4839 -0.0003 -0.0002 1.0000
0.7895 -0.1645 236.9309 0.0300 0.8151 -27.5192 -0.0001 -0.0002 1.0000
1.2151 -0.1835 105.5487 0.1508 1.0197 -126.0069 0.0002 -0.0002 1.0000
1.5595 0.4998 -175.4675 0.1579 1.6979 -301.5519 0.0002 0.0005 1.0000
1.6066 0.4510 -167.4931 0.1709 1.8051 -355.9919 0.0002 0.0005 1.0000
1.5926 0.4632 -156.6028 0.1706 1.8181 -363.3137 0.0002 0.0005 1.0000
0.9674 0.3414 71.1142 -0.0001 1.3750 -180.1407 -0.0002 0.0004 1.0000
2.6951 0.6611 -557.1503 0.4601 2.4251 -634.4557 0.0008 0.0008 1.0000
3.4771 1.4911 -973.4548 0.5698 3.4557 -947.1990 0.0010 0.0018 1.0000
0.9630 0.3318 74.0789 -0.0174 1.3130 -160.8717 -0.0002 0.0004 1.0000
1.3807 0.0647 9.3661 0.1350 1.3272 -232.3388 0.0002 0.0001 1.0000
0.9254 0.0744 131.0583 -0.0096 1.0858 -113.3562 -0.0001 0.0001 1.0000
1.4290 0.1110 -34.8655 0.1223 1.3857 -254.4845 0.0002 0.0001 1.0000
0.7459 -0.3235 283.3220 0.0027 0.6544 -2.1262 -0.0001 -0.0004 1.0000
0.8382 -0.1261 202.3752 0.0002 0.8719 -70.1590 -0.0001 -0.0002 1.0000
1.4400 0.1021 -51.9617 0.1160 1.3261 -237.4530 0.0002 0.0001 1.0000
1.4400 0.1021 -51.9618 0.1157 1.3259 -239.0499 0.0002 0.0001 1.0000
3.5938 1.5275 -1121.8071 0.5092 3.4481 -994.9427 0.0010 0.0016 1.0000
1.7215 0.4075 -230.3908 0.1291 1.7426 -365.7029 0.0002 0.0005 1.0000
1.9388 -0.1688 -161.7446 0.2833 1.3388 -304.7816 0.0006 -0.0003 1.0000
2.8512 0.5956 -649.9630 0.3909 2.4753 -667.2055 0.0008 0.0007 1.0000
3.0641 0.1002 -595.2402 0.5293 2.1365 -612.5839 0.0012 0.0001 1.0000
1.3255 -0.1436 33.7209 0.0912 1.1537 -173.5295 0.0002 -0.0002 1.0000
1.3394 -0.1819 33.5406 0.0893 1.1044 -146.5972 0.0002 -0.0002 1.0000
1.3089 -0.1436 42.7594 0.0941 1.1509 -160.7557 0.0002 -0.0002 1.0000
0.9246 -0.1235 143.2676 -0.0365 0.9006 -23.0929 -0.0001 -0.0002 1.0000
1.3126 -0.1396 20.4114 0.0713 1.0263 -77.6800 0.0002 -0.0002 1.0000
1.3119 -0.1406 25.9128 0.0763 1.0649 -89.5545 0.0002 -0.0002 1.0000
1.3279 -0.1402 15.4123 0.0776 1.0636 -83.1669 0.0002 -0.0002 1.0000
2.3786 0.1925 -430.4446 0.3129 1.6947 -290.4290 0.0007 0.0001 1.0000
1.9940 -0.1648 -211.5451 0.2454 1.3185 -180.9089 0.0006 -0.0003 1.0000
2.3967 0.1880 -443.2388 0.3180 1.7906 -324.8789 0.0007 0.0001 1.0000
5.6062 1.1838 -1783.4679 1.0070 4.2484 -1186.6095 0.0024 0.0011 1.0000
5.4914 1.1637 -1739.2916 0.9814 4.2818 -1203.8290 0.0023 0.0011 1.0000
1.8286 0.4928 -296.8300 0.0924 1.9281 -279.8009 0.0003 0.0005 1.0000
2.3071 1.0468 -608.8546 0.1155 2.6824 -491.5880 0.0004 0.0011 1.0000
1.6635 -0.3827 -45.3303 0.1965 0.9976 -72.8353 0.0005 -0.0005 1.0000
10.0763 3.5499 -3904.2466 1.8580 8.2680 -2439.5822 0.0043 0.0036 1.0000
1.5606 0.1425 -147.2818 0.0799 1.4426 -153.5389 0.0002 0.0001 1.0000
2.3506 0.2016 -419.8111 0.3043 1.8741 -335.7683 0.0008 0.0001 1.0000
1.1755 -0.2754 68.3050 0.0452 0.8140 25.1468 0.0002 -0.0004 1.0000
2.3926 0.1917 -461.7202 0.2807 1.8637 -319.5015 0.0008 0.0001 1.0000
1.9567 -0.1582 -225.2780 0.2300 1.4001 -196.0760 0.0006 -0.0003 1.0000
3.0725 0.7407 -849.5725 0.3421 2.6870 -529.5977 0.0010 0.0007 1.0000
2.3789 -0.4528 -314.6050 0.4224 1.2872 -225.1505 0.0010 -0.0007 1.0000
1.5301 0.1994 -182.1376 0.0489 1.4803 -137.0389 0.0003 0.0001 1.0000
2.3178 0.2018 -452.4043 0.2882 1.8910 -320.5516 0.0008 0.0001 1.0000
1.8966 -0.1091 -247.8724 0.2150 1.3552 -155.6102 0.0006 -0.0003 1.0000
2.3217 0.2008 -470.1251 0.2665 1.9500 -330.7933 0.0008 0.0001 1.0000
2.9499 -0.1862 -607.7393 0.5165 1.8061 -361.4631 0.0013 -0.0003 1.0000
1.6301 -0.7130 -30.1244 0.2751 0.6277 -6.1542 0.0007 -0.0010 1.0000
2.3411 0.2468 -525.5948 0.2407 1.9460 -319.4185 0.0008 0.0001 1.0000
1.3047 -0.0426 -95.9624 0.0190 1.0742 -21.5428 0.0002 -0.0002 1.0000
2.3379 0.1940 -510.9940 0.2381 1.8950 -301.2205 0.0008 0.0001 1.0000
1.3068 -0.1214 -69.7932 0.0204 1.0986 -43.2225 0.0002 -0.0002 1.0000
5.7793 1.2021 -2014.2113 0.9936 4.4886 -1207.1388 0.0027 0.0013 1.0000
2.3448 0.1882 -532.0203 0.2254 1.9868 -357.9197 0.0008 0.0001 1.0000
2.3261 0.1923 -520.9914 0.2249 1.9959 -362.1610 0.0008 0.0001 1.0000
1.3043 -0.1190 -80.9653 0.0180 1.1010 -54.3960 0.0002 -0.0002 1.0000
4.7801 -0.2374 -1314.0659 0.9469 2.7976 -806.5648 0.0026 -0.0005 1.0000
2.3031 0.1953 -520.7571 0.2240 1.9016 -322.9722 0.0008 0.0001 1.0000
2.7924 -0.1700 -607.1853 0.4274 1.8930 -408.7801 0.0013 -0.0003 1.0000
2.3306 0.1854 -555.5488 0.2212 1.8831 -319.4748 0.0008 0.0001 1.0000
11.3497 3.8345 -4799.1278 1.8236 10.0395 -2923.7028 0.0053 0.0045 1.0000
2.7560 -0.1188 -635.9588 0.3949 1.8733 -386.4406 0.0013 -0.0003 1.0000
1.3424 -0.4452 -47.5389 0.0997 0.8025 -19.9468 0.0004 -0.0007 1.0000
1.8510 -0.0901 -321.3038 0.1723 1.4061 -196.3985 0.0006 -0.0003 1.0000
16.8859 3.0032 -6732.4090 3.4132 12.2859 -4075.9514 0.0095 0.0033 1.0000
3.6860 0.2662 -1106.6955 0.5934 2.7812 -713.5208 0.0017 0.0002 1.0000
4.3756 1.6085 -1736.9915 0.3939 4.3884 -1020.7699 0.0015 0.0019 1.0000
3.7616 0.2702 -1146.5076 0.5774 2.7560 -678.1841 0.0017 0.0002 1.0000
3.7993 0.1967 -1152.5660 0.5327 2.8130 -681.1647 0.0017 0.0002 1.0000
2.3148 0.1816 -593.0258 0.1901 1.9916 -362.1408 0.0008 0.0001 1.0000
1.5824 -0.2958 -206.2421 0.1195 1.0824 -103.0363 0.0005 -0.0005 1.0000
2.1793 -0.2808 -459.0932 0.2953 1.3500 -234.7356 0.0010 -0.0007 1.0000
4.3101 -0.0895 -1319.7357 0.8553 2.6708 -769.9675 0.0024 -0.0005 1.0000
2.3287 0.2278 -652.9838 0.1750 1.9893 -336.1364 0.0008 0.0001 1.0000
1.8859 -0.1196 -385.5532 0.1345 1.4879 -201.3516 0.0006 -0.0003 1.0000
2.7114 -0.0981 -714.5814 0.3688 1.9098 -378.8909 0.0012 -0.0003 1.0000
1.5843 -0.2795 -242.8294 0.1094 1.1102 -90.1669 0.0005 -0.0005 1.0000
5.4160 0.9898 -2087.2569 0.7857 4.5638 -1170.4548 0.0025 0.0011 1.0000
4.4655 -0.1377 -1394.4098 0.9345 2.7115 -734.6540 0.0025 -0.0005 1.0000
1.8711 -0.0293 -446.0647 0.1499 1.4395 -158.3328 0.0006 -0.0003 1.0000
1.9885 0.5044 -650.1633 -0.0010 2.1197 -264.4783 0.0004 0.0005 1.0000
6.8708 0.4311 -2518.3439 1.4916 4.8032 -1420.3521 0.0039 0.0003 1.0000
2.3477 0.2172 -719.9216 0.1846 1.9829 -276.0998 0.0008 0.0001 1.0000
3.0506 0.6074 -1100.8252 0.2566 3.0020 -569.5897 0.0011 0.0007 1.0000
2.3392 0.1647 -699.1544 0.1837 2.1376 -342.5395 0.0008 0.0001 1.0000
2.6867 -0.1334 -738.8550 0.4122 1.9551 -362.8565 0.0012 -0.0003 1.0000
2.6224 -0.0367 -764.4637 0.3997 1.9582 -368.7205 0.0012 -0.0003 1.0000
5.2611 1.0308 -2126.6848 0.8645 4.5250 -1109.8995 0.0025 0.0011 1.0000
4.7328 -0.4472 -1532.3140 1.1850 2.4608 -730.9037 0.0030 -0.0012 1.0000
4.2190 -0.1698 -1363.5028 0.8765 2.8096 -723.1506 0.0023 -0.0004 1.0000
2.3525 0.1607 -724.7054 0.1929 2.0279 -284.4336 0.0008 0.0001 1.0000
3.5838 0.2898 -1268.0412 0.5337 2.8309 -593.8859 0.0016 0.0001 1.0000
3.0685 -0.3619 -861.3957 0.6458 1.7486 -372.4970 0.0017 -0.0008 1.0000
2.3165 0.1624 -708.8112 0.2117 2.1318 -348.0954 0.0008 0.0001 1.0000
5.3021 0.9432 -2117.8081 0.8328 4.7035 -1138.5681 0.0025 0.0011 1.0000
1.6294 0.1270 -420.3370 -0.0155 1.6640 -135.3501 0.0003 0.0001 1.0000
5.9251 0.4459 -2252.4403 1.2503 4.5272 -1287.8422 0.0033 0.0002 1.0000
5.0029 0.8753 -1999.3337 0.7959 4.6300 -1172.0471 0.0023 0.0011 1.0000
1.8731 -0.0632 -470.7200 0.1449 1.5587 -175.0110 0.0006 -0.0003 1.0000
1.3969 -0.0134 -304.9718 -0.0070 1.2672 -49.3461 0.0003 -0.0002 1.0000
1.8960 -0.1058 -461.8624 0.1658 1.5169 -169.3446 0.0006 -0.0003 1.0000
1.8955 -0.0635 -480.9341 0.1454 1.5164 -155.9346 0.0006 -0.0003 1.0000
2.7286 -0.1290 -783.7613 0.4220 1.9525 -354.8746 0.0012 -0.0003 1.0000
2.6932 -0.0332 -815.8374 0.3894 1.9156 -326.6118 0.0012 -0.0003 1.0000
2.3211 0.1677 -690.5745 0.1932 2.0972 -312.4464 0.0008 0.0001 1.0000
2.6920 -0.0837 -775.9606 0.4170 1.9347 -351.0181 0.0012 -0.0003 1.0000
2.3561 0.2129 -737.0678 0.1916 2.0771 -307.0080 0.0008 0.0001 1.0000
2.7150 -0.1318 -762.0147 0.4111 1.9927 -374.7203 0.0012 -0.0003 1.0000
3.2176 -0.4164 -886.1785 0.6573 1.8049 -392.0173 0.0017 -0.0008 1.0000
2.3179 0.1683 -674.5179 0.2123 2.0900 -329.1785 0.0008 0.0001 1.0000
2.3794 0.2107 -739.2441 0.1872 2.1185 -330.7503 0.0008 0.0001 1.0000
4.1646 -0.1765 -1300.4741 0.7988 2.8279 -711.0830 0.0022 -0.0004 1.0000
2.7600 -0.1372 -758.2181 0.4161 1.9541 -359.6640 0.0012 -0.0003 1.0000
4.0716 -0.1226 -1272.0942 0.8181 2.7666 -716.7774 0.0022 -0.0005 1.0000
2.3602 0.2145 -709.2206 0.2059 2.1206 -351.5929 0.0008 0.0001 1.0000
3.6167 0.2876 -1227.5752 0.5051 2.8570 -618.4680 0.0016 0.0001 1.0000
9.0942 2.5276 -4018.0822 1.4155 8.2548 -2238.6699 0.0041 0.0031 1.0000
2.4061 0.1584 -698.3572 0.2023 2.1550 -371.6196 0.0008 0.0001 1.0000
3.6347 0.2835 -1223.8257 0.5292 2.8314 -633.5757 0.0016 0.0001 1.0000
2.7797 -0.0475 -793.3449 0.4208 1.9626 -391.5375 0.0012 -0.0003 1.0000
2.3678 0.1650 -661.5527 0.2261 2.0644 -345.6302 0.0008 0.0001 1.0000
2.8710 0.1600 -866.4640 0.3503 2.3428 -463.0206 0.0011 0.0001 1.0000
3.0500 0.6381 -1095.9295 0.2909 2.8351 -562.4332 0.0010 0.0006 1.0000
2.5555 0.8796 -965.4238 0.0389 2.8390 -460.5409 0.0005 0.0011 1.0000
3.0436 0.6995 -1127.0432 0.2922 2.8329 -559.9356 0.0010 0.0006 1.0000
4.1464 1.2668 -1709.6786 0.4165 4.0892 -888.7654 0.0014 0.0015 1.0000
1.7177 0.1645 -446.5740 0.0369 1.6807 -191.1882 0.0003 0.0001 1.0000
3.5841 0.2748 -1223.2709 0.6239 2.7866 -673.7789 0.0015 0.0001 1.0000
2.4595 0.8601 -938.1489 0.0834 2.8248 -469.6714 0.0004 0.0011 1.0000
1.6814 -0.2316 -328.3724 0.1960 1.1099 -82.1397 0.0005 -0.0005 1.0000
2.8348 -0.0394 -857.4437 0.5204 1.8770 -368.3950 0.0012 -0.0003 1.0000
1.9706 -0.0678 -498.8175 0.2349 1.5152 -196.7993 0.0006 -0.0003 1.0000
3.6070 0.2155 -1232.4332 0.6925 2.7623 -664.9987 0.0016 0.0001 1.0000
3.9366 1.1817 -1657.8508 0.4842 3.9862 -875.0722 0.0013 0.0015 1.0000
1.2490 -0.2215 -166.2283 0.0634 0.9061 17.5091 0.0002 -0.0004 1.0000
1.9543 0.4563 -654.8125 0.1002 2.0664 -292.3554 0.0003 0.0005 1.0000
2.3611 -0.3134 -598.5413 0.4446 1.4178 -249.5020 0.0010 -0.0006 1.0000
2.9336 0.5297 -1067.6960 0.3733 2.7606 -569.7517 0.0009 0.0006 1.0000
7.5808 2.0332 -3294.3351 1.5129 7.4099 -2174.4162 0.0033 0.0028 1.0000
1.4072 -0.0560 -276.1336 0.0862 1.1784 -68.8708 0.0002 -0.0002 1.0000
1.6886 -0.2270 -344.4851 0.2338 1.1537 -127.6015 0.0005 -0.0005 1.0000
1.0974 -0.3291 -69.2607 0.0552 0.6965 63.1066 0.0002 -0.0006 1.0000
2.8845 0.5497 -1025.9876 0.3922 2.7180 -573.6857 0.0009 0.0006 1.0000
1.6717 -0.2687 -308.5240 0.2312 1.1158 -114.8576 0.0005 -0.0005 1.0000
3.7947 1.1862 -1570.6999 0.5062 3.8932 -915.7737 0.0012 0.0015 1.0000
1.5982 0.1668 -396.0862 0.0943 1.5367 -171.7736 0.0003 0.0001 1.0000
1.9331 0.4056 -603.8042 0.0900 1.9847 -278.2997 0.0003 0.0005 1.0000
2.3145 0.2076 -691.3936 0.3333 1.9742 -382.9935 0.0007 0.0001 1.0000
1.9606 -0.1147 -450.3574 0.2822 1.5225 -259.3630 0.0006 -0.0003 1.0000
1.9351 0.4084 -597.4186 0.1099 2.0308 -318.9872 0.0003 0.0005 1.0000
1.9018 0.3694 -547.4480 0.1103 2.0452 -322.8319 0.0003 0.0005 1.0000
1.0406 -0.0896 -91.6853 -0.0375 0.9992 0.1558 -0.0000 -0.0002 1.0000
1.9655 -0.1167 -442.3746 0.2812 1.5229 -260.9598 0.0006 -0.0003 1.0000
1.6839 -0.2803 -286.2365 0.2257 1.1569 -140.7657 0.0005 -0.0005 1.0000
4.3903 -0.0760 -1419.2528 1.1266 2.6865 -863.5378 0.0023 -0.0005 1.0000
