1.0000 -0.0000 0.0000 -0.0000 1.0000 0.0000 -0.0000 -0.0000 1.0000
0.9692 0.1359 -6.3026 -0.0193 1.0296 6.6681 -0.0001 0.0002 1.0000
0.9259 0.0170 19.1917 -0.0189 0.9462 15.2819 -0.0001 -0.0000 1.0000
0.8518 -0.0388 50.3358 -0.0226 0.9007 18.7240 -0.0001 -0.0001 1.0000
1.0779 0.0051 -21.8525 0.0034 1.0229 1.8970 0.0001 -0.0000 1.0000
0.9173 0.0159 26.5604 -0.0213 0.9472 17.7283 -0.0001 0.0000 1.0000
0.8103 -0.0492 70.2591 -0.0315 0.9207 17.9242 -0.0001 -0.0001 1.0000
0.9126 -0.0587 40.3577 -0.0202 0.9163 20.0363 -0.0001 -0.0001 1.0000
1.1127 0.0577 -29.6629 0.0029 1.0721 -2.6089 0.0001 0.0001 1.0000
1.0652 -0.0208 -5.7728 -0.0002 0.9990 4.3875 0.0001 -0.0001 1.0000
1.1210 -0.0623 -12.2237 0.0105 1.0488 -7.9066 0.0001 -0.0001 1.0000
1.0104 0.0087 19.5433 -0.0064 1.0237 -2.1832 -0.0000 0.0000 1.0000
0.9699 0.0384 26.9234 -0.0129 0.9742 4.6265 -0.0000 0.0000 1.0000
1.0808 -0.0749 11.6361 0.0038 0.9846 -1.2749 0.0001 -0.0002 1.0000
0.8833 -0.0064 72.0616 -0.0207 0.9716 -0.4101 -0.0001 -0.0000 1.0000
1.0632 0.2006 -1.4924 -0.0154 1.1462 -19.4694 -0.0000 0.0003 1.0000
0.7980 -0.0421 104.8973 -0.0325 0.8943 8.6859 -0.0002 -0.0001 1.0000
0.9285 -0.0472 66.9547 -0.0146 0.9516 -4.7345 -0.0001 -0.0001 1.0000
1.2099 0.0865 -28.5850 0.0113 1.1537 -32.7233 0.0001 0.0001 1.0000
1.0832 0.0112 18.1401 -0.0008 1.0360 -14.3909 0.0001 -0.0000 1.0000
0.9356 0.1510 46.4598 -0.0261 1.0613 -11.7179 -0.0001 0.0002 1.0000
1.0640 -0.0071 24.1412 -0.0059 1.0528 -14.7411 0.0000 -0.0000 1.0000
0.9649 0.0544 45.6192 -0.0225 1.0290 -4.9482 -0.0001 0.0001 1.0000
0.9406 -0.0066 53.4914 -0.0284 0.9872 4.4018 -0.0001 -0.0000 1.0000
0.9797 -0.0635 41.1248 -0.0194 0.9828 3.0648 -0.0000 -0.0001 1.0000
0.8924 0.0889 51.5651 -0.0383 1.0110 9.9200 -0.0001 0.0002 1.0000
0.9274 0.0263 40.2629 -0.0328 0.9728 16.7369 -0.0001 0.0000 1.0000
0.9649 -0.2624 48.9667 -0.0181 0.8518 27.7093 0.0000 -0.0004 1.0000
0.7167 -0.2671 121.2318 -0.0585 0.7489 52.7364 -0.0002 -0.0004 1.0000
0.8169 -0.1452 71.3373 -0.0444 0.8550 38.0443 -0.0001 -0.0002 1.0000
0.9307 -0.1272 29.9754 -0.0312 0.9049 34.2092 -0.0000 -0.0002 1.0000
0.9813 -0.0797 6.4328 -0.0245 0.9674 28.1132 -0.0000 -0.0001 1.0000
0.7842 -0.1005 65.4756 -0.0531 0.8620 48.4936 -0.0002 -0.0002 1.0000
1.0206 -0.0029 -25.1218 -0.0246 1.0097 31.5184 -0.0000 -0.0000 1.0000
0.7755 -0.0289 52.2764 -0.0602 0.8788 56.8609 -0.0002 -0.0001 1.0000
0.8396 0.0203 22.3590 -0.0532 0.9506 49.1895 -0.0002 0.0000 1.0000
0.5606 -0.0367 115.3995 -0.0983 0.7639 84.4390 -0.0004 -0.0001 1.0000
1.0640 0.0332 -54.0818 -0.0171 1.0820 32.2096 0.0000 0.0000 1.0000
1.0884 -0.0765 -56.2665 -0.0093 1.0161 41.0480 0.0000 -0.0001 1.0000
0.8442 -0.0813 18.2367 -0.0543 0.8744 71.5655 -0.0001 -0.0002 1.0000
1.0933 0.0129 -77.6964 -0.0128 1.0722 39.4801 0.0000 -0.0000 1.0000
1.0869 0.0724 -83.9656 -0.0221 1.0909 46.5349 0.0000 0.0001 1.0000
1.1076 -0.0580 -80.5455 -0.0077 1.0143 51.4863 0.0000 -0.0001 1.0000
1.0638 -0.0893 -65.6368 -0.0119 0.9931 53.8212 0.0000 -0.0002 1.0000
1.3158 0.0496 -164.9501 0.0300 1.2245 20.5874 0.0002 0.0001 1.0000
1.0736 -0.0684 -75.5555 -0.0123 1.0008 58.5321 0.0000 -0.0001 1.0000
1.0581 -0.0195 -81.1295 -0.0181 1.0255 57.9625 -0.0000 -0.0001 1.0000
0.8293 -0.1143 -0.0215 -0.0529 0.8497 82.8982 -0.0002 -0.0002 1.0000
1.1767 -0.0263 -130.3731 0.0085 1.0915 43.9408 0.0001 -0.0001 1.0000
1.3073 -0.0241 -179.8774 0.0342 1.1551 32.4115 0.0002 -0.0001 1.0000
1.0891 -0.0567 -105.4114 -0.0123 1.0111 63.3758 0.0000 -0.0001 1.0000
1.0465 -0.0048 -100.9835 -0.0219 1.0359 62.4367 -0.0000 -0.0001 1.0000
1.1535 0.0727 -146.5325 -0.0098 1.1407 54.0841 0.0000 0.0001 1.0000
0.9568 -0.0521 -74.8898 -0.0390 0.9385 80.4931 -0.0001 -0.0001 1.0000
1.1208 -0.0808 -130.5013 -0.0066 1.0317 63.4830 0.0000 -0.0002 1.0000
1.1000 -0.0320 -134.3560 -0.0195 1.0469 68.5204 0.0000 -0.0001 1.0000
1.1494 -0.0579 -153.3723 -0.0047 1.0420 67.2489 0.0000 -0.0002 1.0000
1.3343 -0.0435 -221.4517 0.0259 1.1640 51.4285 0.0002 -0.0001 1.0000
1.2700 -0.0626 -205.8607 0.0171 1.0983 59.3347 0.0001 -0.0002 1.0000
1.1392 -0.0182 -170.9638 -0.0090 1.0839 64.4323 0.0000 -0.0001 1.0000
1.5543 0.1003 -334.0138 0.0560 1.3839 27.5094 0.0003 0.0002 1.0000
1.2623 -0.0832 -220.6554 0.0137 1.0975 60.4340 0.0001 -0.0002 1.0000
1.1774 -0.1406 -188.1403 0.0023 1.0341 69.7788 0.0001 -0.0002 1.0000
1.0713 -0.0693 -167.5638 -0.0287 0.9978 81.3963 -0.0000 -0.0002 1.0000
1.4212 0.0050 -311.3232 0.0368 1.2534 39.7241 0.0002 -0.0001 1.0000
1.1712 0.0895 -238.5124 -0.0251 1.1168 75.3676 0.0000 0.0001 1.0000
1.4198 -0.0886 -317.3602 0.0425 1.1574 47.6904 0.0002 -0.0003 1.0000
1.1757 -0.0106 -242.3862 -0.0138 1.0977 66.9117 0.0000 -0.0001 1.0000
1.3869 -0.0505 -322.5522 0.0230 1.1927 51.2139 0.0002 -0.0001 1.0000
1.7270 -0.1134 -451.5165 0.1063 1.3342 11.6041 0.0005 -0.0003 1.0000
1.5929 0.0114 -417.7057 0.0667 1.3680 19.2254 0.0003 -0.0000 1.0000
1.5266 -0.0231 -393.4721 0.0545 1.3155 25.9407 0.0003 -0.0001 1.0000
1.6005 0.0380 -438.8627 0.0637 1.3642 20.1558 0.0003 -0.0000 1.0000
1.5865 0.0072 -435.3417 0.0646 1.3125 24.0853 0.0003 -0.0001 1.0000
1.5533 0.0430 -433.3082 0.0563 1.3222 22.2943 0.0003 -0.0000 1.0000
1.6361 0.0303 -466.7190 0.0792 1.3969 2.4156 0.0003 -0.0000 1.0000
1.2691 -0.1076 -311.3467 0.0140 1.0870 47.0765 0.0001 -0.0003 1.0000
1.7154 0.0740 -507.9756 0.0934 1.4873 -14.3073 0.0004 0.0001 1.0000
1.8561 -0.0072 -553.6859 0.1372 1.5532 -41.0028 0.0005 -0.0000 1.0000
1.6944 0.1174 -508.2199 0.0922 1.5365 -27.4876 0.0003 0.0003 1.0000
1.6511 -0.0204 -477.5494 0.1015 1.4077 -23.2767 0.0003 -0.0001 1.0000
1.6199 -0.0683 -458.4055 0.1012 1.3616 -21.3149 0.0003 -0.0001 1.0000
1.5591 -0.0318 -443.6553 0.0862 1.3328 -15.9308 0.0003 -0.0001 1.0000
1.6575 -0.0521 -479.5263 0.1078 1.3913 -30.1829 0.0003 -0.0001 1.0000
1.6189 0.0227 -477.3281 0.0936 1.4173 -30.8640 0.0003 0.0001 1.0000
1.5700 -0.0461 -451.0960 0.0918 1.3397 -26.5693 0.0002 -0.0001 1.0000
1.7301 -0.0572 -513.6766 0.1230 1.4360 -47.8652 0.0004 -0.0001 1.0000
2.4764 0.0186 -817.2120 0.2845 1.9903 -163.8996 0.0009 0.0001 1.0000
1.9854 0.0228 -627.9521 0.1725 1.6766 -95.7229 0.0005 0.0002 1.0000
1.6837 0.0591 -518.3166 0.1127 1.5006 -64.1171 0.0003 0.0002 1.0000
1.7843 -0.0338 -548.4463 0.1359 1.5106 -74.6436 0.0004 -0.0000 1.0000
1.8387 -0.0068 -578.0158 0.1445 1.5653 -87.3330 0.0004 -0.0000 1.0000
2.0460 -0.0185 -657.4976 0.1943 1.7109 -123.3704 0.0006 0.0000 1.0000
1.7199 -0.0902 -524.4630 0.1265 1.4490 -73.8225 0.0003 -0.0002 1.0000
1.5455 -0.0515 -462.6329 0.0888 1.3485 -51.9163 0.0002 -0.0001 1.0000
1.9948 -0.0270 -651.4213 0.1774 1.6524 -117.5820 0.0005 -0.0001 1.0000
1.7559 -0.0064 -562.6259 0.1178 1.4782 -74.9939 0.0003 -0.0000 1.0000
1.8138 -0.0066 -588.3076 0.1326 1.5315 -88.2509 0.0004 -0.0000 1.0000
1.9361 -0.0605 -634.2100 0.1568 1.5946 -104.5594 0.0005 -0.0001 1.0000
2.3902 0.0185 -831.9312 0.2470 1.9505 -176.3266 0.0008 0.0001 1.0000
1.7433 -0.0889 -559.4245 0.1276 1.4916 -90.7585 0.0003 -0.0001 1.0000
2.0652 0.0049 -712.5159 0.1910 1.7403 -142.2739 0.0005 -0.0000 1.0000
1.7085 -0.0660 -561.3501 0.1161 1.4692 -86.5842 0.0003 -0.0001 1.0000
1.8480 0.0476 -636.4620 0.1280 1.6263 -105.6125 0.0003 0.0002 1.0000
2.5836 -0.0603 -929.6071 0.2764 1.9768 -191.0153 0.0009 -0.0001 1.0000
2.4529 0.1408 -912.2501 0.2422 2.0497 -195.2002 0.0007 0.0003 1.0000
2.2907 -0.0089 -826.4320 0.2185 1.8735 -169.2037 0.0007 0.0000 1.0000
1.8720 -0.0796 -647.9517 0.1415 1.5262 -104.5424 0.0004 -0.0001 1.0000
2.1743 0.0454 -798.2286 0.1773 1.8157 -148.0824 0.0005 0.0002 1.0000
1.7828 -0.0763 -621.9198 0.1224 1.5043 -103.1796 0.0003 -0.0001 1.0000
1.8453 -0.0785 -651.1922 0.1321 1.5423 -110.8911 0.0003 -0.0001 1.0000
2.2296 -0.0581 -819.6201 0.2000 1.8262 -168.2388 0.0006 -0.0000 1.0000
2.0689 -0.0531 -756.5552 0.1719 1.7366 -152.0034 0.0005 -0.0001 1.0000
2.0135 -0.0531 -736.6410 0.1594 1.6843 -140.8219 0.0004 -0.0001 1.0000
2.3042 -0.0128 -868.5009 0.2089 1.9124 -185.0755 0.0006 0.0001 1.0000
2.2058 0.0275 -835.2735 0.1870 1.8561 -169.9230 0.0005 0.0002 1.0000
2.3575 -0.0659 -888.2344 0.2254 1.8894 -187.0658 0.0007 -0.0001 1.0000
2.1854 0.0109 -828.5766 0.1796 1.7971 -155.9572 0.0005 0.0001 1.0000
2.2820 -0.0396 -864.4842 0.2099 1.8701 -179.0188 0.0006 -0.0000 1.0000
1.8706 -0.0634 -686.1757 0.1356 1.6079 -125.8793 0.0003 -0.0001 1.0000
2.0423 -0.0291 -764.8013 0.1603 1.7069 -137.9901 0.0004 0.0000 1.0000
2.2694 0.0255 -874.6099 0.2078 1.9313 -185.5929 0.0005 0.0001 1.0000
2.7772 0.0025 -1091.3089 0.3082 2.2292 -250.9802 0.0009 0.0000 1.0000
2.1979 -0.0982 -822.1980 0.1955 1.8096 -160.3372 0.0005 -0.0001 1.0000
2.4885 -0.0655 -956.5626 0.2577 2.0042 -204.4801 0.0007 -0.0001 1.0000
2.4862 -0.0682 -955.6761 0.2526 2.0144 -201.2878 0.0007 -0.0001 1.0000
2.7525 0.0107 -1084.5821 0.3023 2.1937 -234.6597 0.0009 0.0001 1.0000
2.0174 -0.0713 -751.8112 0.1585 1.6990 -128.3576 0.0003 -0.0000 1.0000
2.1895 -0.0150 -836.2696 0.1907 1.8336 -153.1053 0.0005 0.0000 1.0000
2.1333 -0.0404 -809.4434 0.1774 1.7477 -134.1442 0.0004 -0.0000 1.0000
2.2400 -0.0945 -847.1080 0.2059 1.8424 -157.7466 0.0005 -0.0001 1.0000
2.1922 -0.0292 -835.5662 0.1827 1.8573 -146.9106 0.0004 0.0001 1.0000
2.1757 -0.0568 -826.4443 0.1845 1.7800 -135.9372 0.0004 -0.0000 1.0000
2.5742 -0.1520 -983.8273 0.2707 2.0392 -193.3071 0.0007 -0.0002 1.0000
2.3122 -0.0628 -888.3450 0.2093 1.8874 -153.3295 0.0005 -0.0001 1.0000
2.4383 -0.0498 -947.0680 0.2369 2.0063 -176.7691 0.0006 -0.0000 1.0000
2.0488 -0.0594 -776.6758 0.1574 1.7208 -114.0860 0.0003 -0.0001 1.0000
2.5681 -0.1249 -993.9662 0.2782 2.0557 -193.5985 0.0007 -0.0001 1.0000
2.2237 -0.1395 -841.8151 0.2005 1.8398 -140.1099 0.0004 -0.0001 1.0000
2.3916 -0.0369 -933.3371 0.2358 1.9982 -166.9745 0.0005 0.0000 1.0000
2.0310 -0.1419 -764.0885 0.1613 1.6805 -103.7161 0.0003 -0.0002 1.0000
2.2762 -0.1482 -873.2158 0.2193 1.8613 -143.3638 0.0005 -0.0002 1.0000
2.2714 -0.1388 -875.2867 0.2129 1.8541 -134.9644 0.0005 -0.0001 1.0000
2.2449 -0.1140 -871.4701 0.2058 1.8443 -130.0426 0.0004 -0.0001 1.0000
2.2180 -0.1318 -861.5071 0.2059 1.7935 -122.8481 0.0004 -0.0002 1.0000
2.4914 -0.1505 -983.5671 0.2659 1.9857 -162.2060 0.0006 -0.0001 1.0000
2.3595 -0.1216 -934.3710 0.2395 1.9418 -150.9022 0.0005 -0.0001 1.0000
2.1927 -0.1824 -854.9587 0.2043 1.7641 -116.0276 0.0004 -0.0002 1.0000
2.4407 -0.2272 -962.3967 0.2597 1.8976 -146.3366 0.0006 -0.0003 1.0000
2.8803 -0.1672 -1173.1017 0.3509 2.2260 -208.8756 0.0008 -0.0002 1.0000
2.4073 -0.0910 -975.3155 0.2336 1.9397 -135.7727 0.0005 -0.0001 1.0000
2.3917 -0.1070 -970.8433 0.2309 1.9204 -132.9308 0.0005 -0.0001 1.0000
2.3811 -0.1354 -963.6293 0.2301 1.9134 -131.1448 0.0005 -0.0001 1.0000
2.3976 -0.1173 -977.2465 0.2340 1.9531 -138.1973 0.0005 -0.0001 1.0000
2.3511 -0.1522 -953.2282 0.2252 1.8844 -125.3137 0.0005 -0.0002 1.0000
2.4602 -0.0959 -1012.9712 0.2394 1.9872 -137.3528 0.0005 -0.0001 1.0000
2.3968 -0.2205 -967.7119 0.2488 1.8651 -133.3135 0.0005 -0.0004 1.0000
2.8488 -0.1020 -1187.9829 0.3296 2.3028 -201.9974 0.0007 -0.0000 1.0000
2.5852 -0.1597 -1059.7359 0.2679 2.1343 -163.0188 0.0006 -0.0001 1.0000
2.8905 -0.1919 -1195.2402 0.3428 2.2280 -190.1689 0.0008 -0.0002 1.0000
2.9330 -0.0971 -1230.9440 0.3463 2.3925 -212.4777 0.0008 0.0000 1.0000
2.4515 -0.2458 -990.1425 0.2558 1.8755 -125.3338 0.0005 -0.0004 1.0000
2.6557 -0.0953 -1105.7626 0.2712 2.1604 -154.9609 0.0006 -0.0000 1.0000
2.5667 -0.1481 -1057.9793 0.2653 2.0643 -147.5600 0.0005 -0.0002 1.0000
2.3398 -0.1509 -952.4998 0.2139 1.9596 -122.2772 0.0004 -0.0001 1.0000
2.9417 -0.1022 -1233.5350 0.3363 2.3968 -202.8699 0.0007 -0.0000 1.0000
2.3978 -0.2654 -960.1241 0.2362 1.9069 -123.1716 0.0004 -0.0003 1.0000
2.4941 -0.2286 -1011.8207 0.2537 1.9557 -131.6929 0.0005 -0.0004 1.0000
2.5007 -0.2530 -1009.3175 0.2499 1.9435 -126.3657 0.0005 -0.0004 1.0000
2.6235 -0.2574 -1063.5176 0.2814 2.0202 -145.6676 0.0006 -0.0004 1.0000
2.5120 -0.3010 -1005.2333 0.2537 1.9183 -123.2723 0.0005 -0.0004 1.0000
2.5703 -0.1619 -1055.4278 0.2488 2.0601 -136.2527 0.0005 -0.0002 1.0000
2.4086 -0.1823 -979.5119 0.2152 1.9272 -111.1884 0.0004 -0.0003 1.0000
2.6337 -0.1293 -1089.3006 0.2475 2.1713 -145.4232 0.0005 -0.0001 1.0000
2.5727 -0.2589 -1042.5939 0.2549 1.9603 -122.5687 0.0005 -0.0004 1.0000
2.6440 -0.1710 -1091.7355 0.2503 2.1213 -136.9889 0.0005 -0.0002 1.0000
2.3719 -0.1538 -971.9486 0.1869 1.9407 -95.3545 0.0003 -0.0002 1.0000
2.6528 -0.2490 -1084.9720 0.2584 2.0608 -127.1261 0.0006 -0.0004 1.0000
2.8150 -0.1816 -1174.9118 0.2895 2.2271 -153.2481 0.0006 -0.0002 1.0000
2.3815 -0.2616 -964.4203 0.1885 1.8959 -81.2550 0.0004 -0.0003 1.0000
2.4610 -0.2468 -1006.2680 0.2004 2.0124 -95.5655 0.0004 -0.0002 1.0000
3.3918 -0.3004 -1429.4895 0.4235 2.5834 -219.3837 0.0010 -0.0003 1.0000
2.2417 -0.2484 -912.3552 0.1530 1.7747 -46.5470 0.0003 -0.0004 1.0000
2.0745 -0.1716 -850.4802 0.1023 1.7134 -17.9772 0.0001 -0.0002 1.0000
3.3597 -0.1641 -1445.2228 0.3952 2.7170 -208.3836 0.0008 0.0000 1.0000
2.7342 -0.2687 -1148.9703 0.2735 2.0805 -102.8380 0.0005 -0.0004 1.0000
2.3553 -0.2589 -978.9121 0.1779 1.8585 -50.0782 0.0003 -0.0004 1.0000
2.6018 -0.2539 -1098.2895 0.2496 2.0093 -88.4217 0.0005 -0.0004 1.0000
2.4528 -0.3143 -1021.7220 0.2214 1.8843 -68.2642 0.0004 -0.0005 1.0000
2.6390 -0.2924 -1115.4181 0.2593 2.0312 -91.2358 0.0005 -0.0005 1.0000
2.5474 -0.2143 -1087.4740 0.2235 2.0297 -76.1359 0.0004 -0.0003 1.0000
2.3891 -0.3580 -991.4322 0.1935 1.7734 -35.3870 0.0003 -0.0005 1.0000
2.5964 -0.3787 -1085.1269 0.2591 1.9158 -72.8935 0.0005 -0.0006 1.0000
2.6733 -0.3281 -1134.4618 0.2683 1.9921 -80.0988 0.0005 -0.0005 1.0000
2.5781 -0.2625 -1102.9293 0.2315 1.9978 -69.5523 0.0004 -0.0004 1.0000
2.6453 -0.2819 -1135.1315 0.2531 2.0204 -79.6273 0.0004 -0.0004 1.0000
3.0113 -0.3429 -1298.5764 0.3444 2.2790 -132.5583 0.0006 -0.0004 1.0000
3.3971 -0.2906 -1492.1947 0.4318 2.6208 -194.0742 0.0008 -0.0003 1.0000
2.6731 -0.2755 -1154.9810 0.2545 2.0273 -74.0297 0.0004 -0.0004 1.0000
2.7797 -0.3237 -1200.8776 0.2817 2.0836 -87.6487 0.0005 -0.0005 1.0000
3.0055 -0.3458 -1305.1543 0.3470 2.2691 -129.3424 0.0006 -0.0005 1.0000
3.0686 -0.4722 -1317.7787 0.3798 2.1693 -126.9852 0.0007 -0.0007 1.0000
2.6671 -0.3576 -1149.0985 0.2511 1.9570 -59.6226 0.0004 -0.0005 1.0000
2.7592 -0.3431 -1198.2363 0.2749 2.1386 -94.4562 0.0005 -0.0004 1.0000
3.0661 -0.4741 -1324.8621 0.3618 2.2441 -127.5050 0.0007 -0.0006 1.0000
3.3608 -0.4756 -1470.1561 0.4574 2.3968 -176.8018 0.0009 -0.0007 1.0000
2.7676 -0.4097 -1198.8034 0.2904 2.0358 -87.5495 0.0005 -0.0006 1.0000
2.9852 -0.4248 -1302.7367 0.3414 2.2135 -122.0745 0.0006 -0.0006 1.0000
3.7535 -0.5420 -1653.7922 0.5564 2.6119 -227.2222 0.0011 -0.0008 1.0000
3.2220 -0.4429 -1416.6850 0.4003 2.3922 -161.6694 0.0007 -0.0005 1.0000
2.7431 -0.4023 -1197.5338 0.2768 2.0297 -86.8179 0.0004 -0.0006 1.0000
3.5263 -0.2975 -1596.8769 0.4594 2.6863 -215.5576 0.0008 -0.0004 1.0000
2.7817 -0.4487 -1210.9890 0.2862 2.0446 -96.6351 0.0005 -0.0007 1.0000
2.9662 -0.3526 -1318.3947 0.3020 2.3122 -130.8920 0.0005 -0.0004 1.0000
2.4147 -0.3042 -1063.5436 0.1569 1.8926 -39.9603 0.0002 -0.0004 1.0000
2.6946 -0.4449 -1176.6190 0.2494 1.9902 -85.9279 0.0004 -0.0007 1.0000
2.8533 -0.4053 -1262.4912 0.2891 2.1472 -122.3900 0.0005 -0.0006 1.0000
3.2592 -0.5025 -1443.4279 0.4177 2.2993 -181.5431 0.0007 -0.0008 1.0000
3.1948 -0.4249 -1427.0726 0.3643 2.3730 -170.0251 0.0006 -0.0005 1.0000
3.0261 -0.5137 -1332.0600 0.3275 2.2293 -148.6866 0.0005 -0.0006 1.0000
3.0461 -0.3528 -1374.5676 0.3122 2.2878 -148.5844 0.0005 -0.0005 1.0000
2.5601 -0.4354 -1124.7335 0.2170 1.9414 -92.6108 0.0003 -0.0006 1.0000
2.9437 -0.4518 -1312.3881 0.2966 2.2273 -149.5396 0.0005 -0.0006 1.0000
3.1003 -0.4275 -1397.6471 0.3361 2.3143 -175.3181 0.0005 -0.0006 1.0000
3.4775 -0.4507 -1582.9676 0.4232 2.5777 -237.4850 0.0007 -0.0006 1.0000
3.0965 -0.3872 -1408.9096 0.3236 2.3627 -184.9797 0.0005 -0.0005 1.0000
3.0146 -0.4673 -1360.9663 0.3014 2.2297 -163.8479 0.0005 -0.0006 1.0000
2.6908 -0.4011 -1216.2483 0.2251 2.0024 -115.0767 0.0003 -0.0006 1.0000
3.3707 -0.5154 -1535.7783 0.4057 2.4548 -236.2026 0.0007 -0.0008 1.0000
3.5169 -0.4092 -1633.1034 0.4086 2.6525 -257.2975 0.0007 -0.0005 1.0000
3.1417 -0.4077 -1453.2308 0.3203 2.3908 -201.3486 0.0005 -0.0005 1.0000
3.2756 -0.3859 -1531.1075 0.3355 2.4606 -212.8502 0.0006 -0.0006 1.0000
3.4405 -0.5632 -1586.5976 0.3957 2.4529 -237.1798 0.0007 -0.0008 1.0000
2.9009 -0.3384 -1361.1078 0.2371 2.2210 -156.1929 0.0003 -0.0004 1.0000
3.4597 -0.4610 -1623.8492 0.3845 2.5350 -248.2404 0.0007 -0.0007 1.0000
3.7617 -0.5180 -1771.2689 0.4679 2.7131 -305.7337 0.0008 -0.0008 1.0000
3.4974 -0.4539 -1652.6069 0.3898 2.6386 -272.6953 0.0007 -0.0006 1.0000
3.7876 -0.5102 -1797.6462 0.4666 2.7624 -318.4672 0.0008 -0.0008 1.0000
3.5918 -0.5288 -1698.9478 0.4128 2.6013 -280.8203 0.0007 -0.0008 1.0000
3.5946 -0.5224 -1706.3082 0.4151 2.6580 -295.4059 0.0007 -0.0008 1.0000
3.7727 -0.4407 -1816.6109 0.4272 2.8602 -321.9410 0.0008 -0.0006 1.0000
4.0653 -0.5098 -1956.8640 0.4940 3.0732 -374.8127 0.0009 -0.0006 1.0000
3.6151 -0.5554 -1722.6280 0.4007 2.6451 -291.8792 0.0007 -0.0008 1.0000
3.5135 -0.3713 -1708.6565 0.3577 2.6125 -270.6547 0.0006 -0.0006 1.0000
3.6945 -0.4711 -1784.1164 0.4078 2.7680 -314.5260 0.0007 -0.0007 1.0000
3.4743 -0.4534 -1677.2902 0.3412 2.6570 -275.9774 0.0006 -0.0006 1.0000
3.7499 -0.4095 -1828.0844 0.3980 2.8977 -327.0295 0.0007 -0.0005 1.0000
3.5620 -0.4065 -1735.4659 0.3401 2.6859 -272.9066 0.0006 -0.0005 1.0000
3.1444 -0.4499 -1513.1399 0.2635 2.3390 -207.2275 0.0004 -0.0006 1.0000
4.1535 -0.5056 -2021.6793 0.4895 3.0593 -374.0849 0.0009 -0.0007 1.0000
4.0188 -0.4489 -1962.6867 0.4549 2.9127 -340.1639 0.0009 -0.0007 1.0000
4.0838 -0.5456 -1977.6974 0.4790 3.0215 -370.7531 0.0009 -0.0008 1.0000
3.4226 -0.4769 -1651.3143 0.3278 2.5455 -257.4286 0.0005 -0.0007 1.0000
3.4682 -0.4794 -1672.6333 0.3219 2.6049 -260.5740 0.0006 -0.0006 1.0000
3.7570 -0.4958 -1815.4443 0.3739 2.8178 -303.0678 0.0007 -0.0006 1.0000
3.7768 -0.4716 -1827.3673 0.3951 2.8509 -323.4934 0.0007 -0.0007 1.0000
4.2048 -0.5154 -2035.1906 0.4812 3.1213 -385.7143 0.0009 -0.0008 1.0000
3.5297 -0.4497 -1700.8934 0.3355 2.6900 -286.5956 0.0006 -0.0007 1.0000
3.1306 -0.4144 -1501.0102 0.2456 2.4025 -219.9998 0.0004 -0.0007 1.0000
3.7815 -0.4648 -1820.7988 0.3812 2.8154 -317.6464 0.0007 -0.0007 1.0000
3.3458 -0.3514 -1618.6959 0.2781 2.6571 -269.3998 0.0004 -0.0005 1.0000
3.1646 -0.4558 -1502.7027 0.2479 2.4128 -226.7645 0.0004 -0.0007 1.0000
3.4073 -0.4544 -1622.7354 0.2797 2.5789 -253.2513 0.0005 -0.0007 1.0000
3.3048 -0.4872 -1565.3464 0.2711 2.4793 -245.5700 0.0005 -0.0008 1.0000
3.2598 -0.4267 -1549.9624 0.2423 2.5362 -241.9774 0.0004 -0.0006 1.0000
3.7076 -0.3951 -1785.2333 0.3243 2.8533 -312.5995 0.0006 -0.0006 1.0000
3.9141 -0.5058 -1867.8435 0.3600 3.0054 -347.2214 0.0007 -0.0007 1.0000
3.4401 -0.3486 -1657.2006 0.2354 2.7083 -259.3935 0.0004 -0.0004 1.0000
3.5371 -0.3733 -1702.6060 0.2577 2.7589 -280.3768 0.0005 -0.0005 1.0000
3.4911 -0.3152 -1694.0396 0.2317 2.7240 -266.6360 0.0005 -0.0004 1.0000
3.4207 -0.3005 -1663.6113 0.2056 2.7099 -259.4501 0.0004 -0.0004 1.0000
3.6709 -0.3738 -1782.0075 0.2735 2.8628 -316.7815 0.0006 -0.0006 1.0000
3.9080 -0.4303 -1897.8501 0.3059 2.9981 -347.1230 0.0007 -0.0007 1.0000
3.6892 -0.4167 -1795.2929 0.2679 2.7424 -303.3158 0.0006 -0.0008 1.0000
3.4192 -0.4513 -1657.0024 0.2044 2.5341 -253.8517 0.0005 -0.0007 1.0000
4.8268 -0.4752 -2385.0007 0.4280 3.5921 -476.8266 0.0011 -0.0007 1.0000
4.9240 -0.4396 -2454.4082 0.4261 3.6984 -496.7766 0.0012 -0.0007 1.0000
3.8297 -0.3589 -1912.4617 0.2627 2.9210 -349.7244 0.0007 -0.0008 1.0000
3.8231 -0.4344 -1903.5190 0.2416 2.8808 -334.9218 0.0007 -0.0008 1.0000
3.4958 -0.3006 -1768.5648 0.1920 2.7278 -308.6373 0.0005 -0.0007 1.0000
3.9114 -0.3456 -1986.3716 0.2431 2.9992 -363.9193 0.0007 -0.0007 1.0000
1.0000 0.0000 0.0000 0.0000 1.0000 0.0000 0.0000 0.0000 1.0000
1.0000 0.0000 0.0000 0.0000 1.0000 0.0000 0.0000 0.0000 1.0000
1.0000 0.0000 0.0000 0.0000 1.0000 0.0000 0.0000 0.0000 1.0000
1.0000 0.0000 0.0000 0.0000 1.0000 0.0000 0.0000 0.0000 1.0000
1.0000 0.0000 0.0000 0.0000 1.0000 0.0000 0.0000 0.0000 1.0000
1.0000 0.0000 0.0000 0.0000 1.0000 0.0000 0.0000 0.0000 1.0000
1.0000 0.0000 0.0000 0.0000 1.0000 0.0000 0.0000 0.0000 1.0000
1.0000 0.0000 0.0000 0.0000 1.0000 0.0000 0.0000 0.0000 1.0000
1.0000 0.0000 0.0000 0.0000 1.0000 0.0000 0.0000 0.0000 1.0000
1.0000 0.0000 0.0000 0.0000 1.0000 0.0000 0.0000 0.0000 1.0000
1.0000 0.0000 0.0000 0.0000 1.0000 0.0000 0.0000 0.0000 1.0000
1.0000 0.0000 0.0000 0.0000 1.0000 0.0000 0.0000 0.0000 1.0000
1.0000 0.0000 0.0000 0.0000 1.0000 0.0000 0.0000 0.0000 1.0000
1.0000 0.0000 0.0000 0.0000 1.0000 0.0000 0.0000 0.0000 1.0000
1.0000 0.0000 0.0000 0.0000 1.0000 0.0000 0.0000 0.0000 1.0000
1.0000 0.0000 0.0000 0.0000 1.0000 0.0000 0.0000 0.0000 1.0000
1.0000 0.0000 0.0000 0.0000 1.0000 0.0000 0.0000 0.0000 1.0000
1.0000 0.0000 0.0000 0.0000 1.0000 0.0000 0.0000 0.0000 1.0000
1.0000 0.0000 0.0000 0.0000 1.0000 0.0000 0.0000 0.0000 1.0000
1.0000 0.0000 0.0000 0.0000 1.0000 0.0000 0.0000 0.0000 1.0000
1.0000 0.0000 0.0000 0.0000 1.0000 0.0000 0.0000 0.0000 1.0000
1.0000 0.0000 0.0000 0.0000 1.0000 0.0000 0.0000 0.0000 1.0000
1.0000 0.0000 0.0000 0.0000 1.0000 0.0000 0.0000 0.0000 1.0000
1.0000 0.0000 0.0000 0.0000 1.0000 0.0000 0.0000 0.0000 1.0000
1.0000 0.0000 0.0000 0.0000 1.0000 0.0000 0.0000 0.0000 1.0000
1.0000 0.0000 0.0000 0.0000 1.0000 0.0000 0.0000 0.0000 1.0000
1.0000 0.0000 0.0000 0.0000 1.0000 0.0000 0.0000 0.0000 1.0000
1.0000 0.0000 0.0000 0.0000 1.0000 0.0000 0.0000 0.0000 1.0000
1.0000 0.0000 0.0000 0.0000 1.0000 0.0000 0.0000 0.0000 1.0000
1.0000 0.0000 0.0000 0.0000 1.0000 0.0000 0.0000 0.0000 1.0000
1.0000 0.0000 0.0000 0.0000 1.0000 0.0000 0.0000 0.0000 1.0000
1.0000 0.0000 0.0000 0.0000 1.0000 0.0000 0.0000 0.0000 1.0000
1.0000 0.0000 0.0000 0.0000 1.0000 0.0000 0.0000 0.0000 1.0000
1.0000 0.0000 0.0000 0.0000 1.0000 0.0000 0.0000 0.0000 1.0000
1.0000 0.0000 0.0000 0.0000 1.0000 0.0000 0.0000 0.0000 1.0000
1.0000 0.0000 0.0000 0.0000 1.0000 0.0000 0.0000 0.0000 1.0000
1.0000 0.0000 0.0000 0.0000 1.0000 0.0000 0.0000 0.0000 1.0000
1.0000 0.0000 0.0000 0.0000 1.0000 0.0000 0.0000 0.0000 1.0000
1.0000 0.0000 0.0000 0.0000 1.0000 0.0000 0.0000 0.0000 1.0000
1.0000 0.0000 0.0000 0.0000 1.0000 0.0000 0.0000 0.0000 1.0000
1.0000 0.0000 0.0000 0.0000 1.0000 0.0000 0.0000 0.0000 1.0000
1.0000 0.0000 0.0000 0.0000 1.0000 0.0000 0.0000 0.0000 1.0000
1.0000 0.0000 0.0000 0.0000 1.0000 0.0000 0.0000 0.0000 1.0000
1.0000 0.0000 0.0000 0.0000 1.0000 0.0000 0.0000 0.0000 1.0000
1.0000 0.0000 0.0000 0.0000 1.0000 0.0000 0.0000 0.0000 1.0000
1.0000 0.0000 0.0000 0.0000 1.0000 0.0000 0.0000 0.0000 1.0000
1.0000 0.0000 0.0000 0.0000 1.0000 0.0000 0.0000 0.0000 1.0000
1.0000 0.0000 0.0000 0.0000 1.0000 0.0000 0.0000 0.0000 1.0000
1.0000 0.0000 0.0000 0.0000 1.0000 0.0000 0.0000 0.0000 1.0000
1.0000 0.0000 0.0000 0.0000 1.0000 0.0000 0.0000 0.0000 1.0000
1.0000 0.0000 0.0000 0.0000 1.0000 0.0000 0.0000 0.0000 1.0000
1.0000 0.0000 0.0000 0.0000 1.0000 0.0000 0.0000 0.0000 1.0000
1.0000 0.0000 0.0000 0.0000 1.0000 0.0000 0.0000 0.0000 1.0000
1.0000 0.0000 0.0000 0.0000 1.0000 0.0000 0.0000 0.0000 1.0000
1.0000 0.0000 0.0000 0.0000 1.0000 0.0000 0.0000 0.0000 1.0000
1.0000 0.0000 0.0000 0.0000 1.0000 0.0000 0.0000 0.0000 1.0000
1.0000 0.0000 0.0000 0.0000 1.0000 0.0000 0.0000 0.0000 1.0000
1.0000 0.0000 0.0000 0.0000 1.0000 0.0000 0.0000 0.0000 1.0000
1.0000 0.0000 0.0000 0.0000 1.0000 0.0000 0.0000 0.0000 1.0000
1.0000 0.0000 0.0000 0.0000 1.0000 0.0000 0.0000 0.0000 1.0000
1.0000 0.0000 0.0000 0.0000 1.0000 0.0000 0.0000 0.0000 1.0000
1.0000 0.0000 0.0000 0.0000 1.0000 0.0000 0.0000 0.0000 1.0000
1.0000 0.0000 0.0000 0.0000 1.0000 0.0000 0.0000 0.0000 1.0000
1.0000 0.0000 0.0000 0.0000 1.0000 0.0000 0.0000 0.0000 1.0000
1.0000 0.0000 0.0000 0.0000 1.0000 0.0000 0.0000 0.0000 1.0000
1.0000 0.0000 0.0000 0.0000 1.0000 0.0000 0.0000 0.0000 1.0000
1.0000 0.0000 0.0000 0.0000 1.0000 0.0000 0.0000 0.0000 1.0000
1.0000 0.0000 0.0000 0.0000 1.0000 0.0000 0.0000 0.0000 1.0000
1.0000 0.0000 0.0000 0.0000 1.0000 0.0000 0.0000 0.0000 1.0000
1.0000 0.0000 0.0000 0.0000 1.0000 0.0000 0.0000 0.0000 1.0000
1.0000 0.0000 0.0000 0.0000 1.0000 0.0000 0.0000 0.0000 1.0000
1.0000 0.0000 0.0000 0.0000 1.0000 0.0000 0.0000 0.0000 1.0000
1.0000 0.0000 0.0000 0.0000 1.0000 0.0000 0.0000 0.0000 1.0000
1.0000 0.0000 0.0000 0.0000 1.0000 0.0000 0.0000 0.0000 1.0000
1.0000 0.0000 0.0000 0.0000 1.0000 0.0000 0.0000 0.0000 1.0000
1.0000 0.0000 0.0000 0.0000 1.0000 0.0000 0.0000 0.0000 1.0000
1.0000 0.0000 0.0000 0.0000 1.0000 0.0000 0.0000 0.0000 1.0000
1.0000 0.0000 0.0000 0.0000 1.0000 0.0000 0.0000 0.0000 1.0000
1.0000 0.0000 0.0000 0.0000 1.0000 0.0000 0.0000 0.0000 1.0000
1.0000 0.0000 0.0000 0.0000 1.0000 0.0000 0.0000 0.0000 1.0000
1.0000 0.0000 0.0000 0.0000 1.0000 0.0000 0.0000 0.0000 1.0000
1.0000 0.0000 0.0000 0.0000 1.0000 0.0000 0.0000 0.0000 1.0000
1.0000 0.0000 0.0000 0.0000 1.0000 0.0000 0.0000 0.0000 1.0000
1.0000 0.0000 0.0000 0.0000 1.0000 0.0000 0.0000 0.0000 1.0000
1.0000 0.0000 0.0000 0.0000 1.0000 0.0000 0.0000 0.0000 1.0000
1.0000 0.0000 0.0000 0.0000 1.0000 0.0000 0.0000 0.0000 1.0000
1.0000 0.0000 0.0000 0.0000 1.0000 0.0000 0.0000 0.0000 1.0000
1.0000 0.0000 0.0000 0.0000 1.0000 0.0000 0.0000 0.0000 1.0000
1.0000 0.0000 0.0000 0.0000 1.0000 0.0000 0.0000 0.0000 1.0000
1.3268 -0.1626 -665.6496 -0.1641 1.6100 -9.4807 -0.0004 -0.0000 1.0000
1.3821 -0.2756 -667.1642 -0.1344 1.6207 -23.9873 -0.0003 -0.0003 1.0000
1.3203 -0.1913 -646.4471 -0.1635 1.5514 3.1063 -0.0004 -0.0002 1.0000
1.2372 -0.2132 -593.8652 -0.1604 1.4589 9.9070 -0.0004 -0.0003 1.0000
1.2561 -0.2250 -594.5850 -0.1592 1.5162 4.1454 -0.0003 -0.0003 1.0000
1.2606 -0.2353 -589.1379 -0.1500 1.5212 0.2679 -0.0003 -0.0004 1.0000
1.3276 -0.1429 -635.5871 -0.1554 1.6615 -9.5892 -0.0003 -0.0001 1.0000
1.2992 -0.2085 -602.3850 -0.1533 1.6200 -6.1751 -0.0003 -0.0002 1.0000
1.1168 -0.2715 -493.3372 -0.1616 1.3849 21.9143 -0.0004 -0.0004 1.0000
1.2835 -0.2080 -582.0659 -0.1498 1.6246 -7.1893 -0.0003 -0.0002 1.0000
1.0900 -0.1849 -482.6973 -0.1770 1.3849 33.4337 -0.0004 -0.0002 1.0000
1.2868 -0.2447 -561.1243 -0.1464 1.6406 -8.7881 -0.0003 -0.0002 1.0000
1.1169 -0.2585 -468.1266 -0.1729 1.4481 25.5301 -0.0004 -0.0003 1.0000
1.1091 -0.2167 -466.0190 -0.1723 1.4394 28.0265 -0.0004 -0.0002 1.0000
1.0881 -0.2164 -449.5750 -0.1650 1.3887 30.0010 -0.0004 -0.0003 1.0000
1.1192 -0.2329 -453.9410 -0.1614 1.4523 22.2724 -0.0003 -0.0003 1.0000
0.9909 -0.2296 -386.2800 -0.1835 1.3231 46.6104 -0.0004 -0.0003 1.0000
1.0657 -0.2244 -414.4386 -0.1735 1.4021 36.2203 -0.0003 -0.0003 1.0000
0.9758 -0.1863 -369.9823 -0.1935 1.3594 51.0733 -0.0004 -0.0002 1.0000
1.0201 -0.1999 -379.1337 -0.1842 1.4020 44.1254 -0.0004 -0.0002 1.0000
1.0327 -0.2528 -368.5672 -0.1715 1.3441 47.6313 -0.0003 -0.0004 1.0000
0.9935 -0.1882 -353.1862 -0.1834 1.3409 54.4297 -0.0004 -0.0003 1.0000
0.8793 -0.1200 -304.5925 -0.2070 1.2583 74.5334 -0.0005 -0.0002 1.0000
0.8278 -0.1940 -260.6191 -0.2022 1.1663 82.5465 -0.0004 -0.0004 1.0000
0.9167 -0.1113 -302.2785 -0.2101 1.3419 73.1490 -0.0004 -0.0001 1.0000
0.7605 -0.1539 -216.6455 -0.2275 1.1867 95.5258 -0.0005 -0.0002 1.0000
0.7851 -0.1321 -221.4007 -0.2336 1.2614 92.1023 -0.0005 -0.0001 1.0000
0.7719 -0.1913 -196.5653 -0.2242 1.1796 101.1623 -0.0005 -0.0002 1.0000
0.7313 -0.1466 -178.5514 -0.2262 1.1460 106.6673 -0.0005 -0.0003 1.0000
0.7590 -0.1442 -183.2143 -0.2288 1.1543 112.6227 -0.0005 -0.0003 1.0000
0.6745 -0.1795 -131.1588 -0.2361 1.0626 126.3697 -0.0005 -0.0003 1.0000
0.6355 -0.1691 -111.0130 -0.2398 1.0192 132.9330 -0.0005 -0.0003 1.0000
0.7611 -0.1763 -150.7730 -0.2255 1.1501 119.6958 -0.0004 -0.0003 1.0000
0.7088 -0.1754 -119.7125 -0.2389 1.1323 128.3966 -0.0005 -0.0003 1.0000
0.6760 -0.1539 -102.6846 -0.2381 1.1147 128.6572 -0.0005 -0.0003 1.0000
0.5522 -0.1860 -40.4502 -0.2544 0.9922 147.2652 -0.0006 -0.0003 1.0000
0.7526 -0.1907 -111.3271 -0.2257 1.2269 113.3948 -0.0004 -0.0003 1.0000
0.6048 -0.0614 -63.4561 -0.2691 1.1589 140.7711 -0.0005 -0.0000 1.0000
0.5922 -0.0529 -56.2893 -0.2626 1.1470 136.5990 -0.0005 -0.0001 1.0000
0.6549 -0.0441 -75.6687 -0.2532 1.2075 129.3043 -0.0005 -0.0000 1.0000
0.6087 -0.1717 -32.5404 -0.2487 1.1096 137.3507 -0.0005 -0.0002 1.0000
0.5656 -0.2198 -6.1664 -0.2473 1.0275 144.7638 -0.0005 -0.0003 1.0000
0.5526 -0.1515 -5.1119 -0.2529 1.0702 142.7302 -0.0005 -0.0002 1.0000
0.5109 -0.0663 1.6628 -0.2706 1.0547 154.5646 -0.0006 -0.0001 1.0000
0.5099 -0.1975 22.8925 -0.2577 0.9794 156.7836 -0.0005 -0.0003 1.0000
0.4548 -0.2055 49.3322 -0.2601 0.9402 159.4215 -0.0006 -0.0003 1.0000
0.5907 -0.2391 7.0861 -0.2373 1.0267 146.8585 -0.0004 -0.0004 1.0000
0.5434 -0.1116 15.0651 -0.2625 1.0974 151.2024 -0.0005 -0.0001 1.0000
0.5678 -0.1011 6.8990 -0.2572 1.1331 144.4203 -0.0005 -0.0001 1.0000
0.5270 -0.1392 30.0870 -0.2530 1.0597 149.5078 -0.0005 -0.0002 1.0000
0.4987 -0.2413 57.5478 -0.2447 0.9644 155.6010 -0.0005 -0.0004 1.0000
0.4644 -0.0666 51.2371 -0.2733 1.0500 161.0478 -0.0006 -0.0001 1.0000
0.4884 -0.1610 57.9663 -0.2637 1.0121 163.7321 -0.0005 -0.0002 1.0000
0.4432 -0.0927 64.7905 -0.2682 1.0073 162.7669 -0.0006 -0.0002 1.0000
0.4138 -0.1042 82.8260 -0.2741 0.9863 168.9569 -0.0006 -0.0001 1.0000
0.3876 -0.1144 96.8411 -0.2777 0.9510 174.9895 -0.0006 -0.0002 1.0000
0.6068 -0.2070 31.7281 -0.2354 1.0631 154.8078 -0.0004 -0.0004 1.0000
0.4429 -0.0068 68.8360 -0.2727 1.0746 162.1345 -0.0006 -0.0000 1.0000
0.4853 -0.0430 64.6869 -0.2692 1.0868 164.4968 -0.0005 -0.0000 1.0000
0.4028 -0.1030 102.6253 -0.2691 0.9763 170.5279 -0.0006 -0.0002 1.0000
0.4862 -0.0732 74.9859 -0.2616 1.0679 161.6962 -0.0005 -0.0001 1.0000
0.3643 -0.2541 143.5702 -0.2588 0.8694 173.4534 -0.0005 -0.0004 1.0000
0.4119 -0.1139 115.4411 -0.2686 0.9859 170.1243 -0.0005 -0.0001 1.0000
0.3647 -0.0711 132.3762 -0.2738 0.9562 173.3007 -0.0006 -0.0001 1.0000
0.3732 -0.0388 132.2892 -0.2740 0.9808 172.0616 -0.0006 -0.0001 1.0000
0.4048 -0.0581 126.7386 -0.2652 0.9784 168.9170 -0.0005 -0.0001 1.0000
0.4121 -0.0203 131.3428 -0.2668 1.0740 154.6416 -0.0005 -0.0000 1.0000
0.4642 -0.1243 130.0369 -0.2387 1.0217 147.0500 -0.0004 -0.0003 1.0000
0.3594 -0.1690 177.7602 -0.2475 0.8898 161.6299 -0.0005 -0.0003 1.0000
0.4918 -0.1542 138.3875 -0.2298 1.0286 139.4999 -0.0004 -0.0003 1.0000
0.6252 -0.1673 104.4307 -0.2160 1.0785 135.4468 -0.0003 -0.0003 1.0000
0.3778 -0.1508 190.8858 -0.2463 0.9690 144.8080 -0.0005 -0.0002 1.0000
0.3085 -0.1287 216.5641 -0.2543 0.9307 148.5741 -0.0006 -0.0002 1.0000
0.2294 -0.0671 239.9274 -0.2632 0.8997 152.2414 -0.0006 -0.0001 1.0000
0.2850 -0.0458 223.7387 -0.2582 0.9367 149.1471 -0.0006 -0.0001 1.0000
0.2030 -0.1299 265.1999 -0.2569 0.8614 149.7431 -0.0006 -0.0002 1.0000
0.3151 -0.0884 231.0715 -0.2479 0.9615 141.1847 -0.0005 -0.0001 1.0000
0.2588 -0.0960 250.2278 -0.2472 0.9339 137.6578 -0.0006 -0.0001 1.0000
0.3557 -0.0920 225.6117 -0.2367 1.0249 126.1226 -0.0005 -0.0001 1.0000
0.2269 -0.1213 272.6788 -0.2515 0.8982 143.5383 -0.0006 -0.0001 1.0000
0.2035 -0.0785 276.5243 -0.2565 0.9016 144.5264 -0.0006 -0.0001 1.0000
0.2781 -0.0005 248.8124 -0.2521 1.0146 133.1057 -0.0006 0.0000 1.0000
0.2797 0.0251 249.6342 -0.2555 1.0433 130.6964 -0.0006 0.0001 1.0000
0.3877 -0.0890 226.2145 -0.2303 1.0407 122.8260 -0.0005 -0.0001 1.0000
0.2353 -0.0197 266.9139 -0.2544 0.9725 135.0876 -0.0006 0.0000 1.0000
0.1741 -0.1623 298.8471 -0.2505 0.8564 141.6740 -0.0006 -0.0002 1.0000
0.2840 -0.1908 266.6411 -0.2333 0.9182 129.6381 -0.0005 -0.0003 1.0000
0.2733 -0.0841 259.4289 -0.2427 0.9583 129.8393 -0.0005 -0.0001 1.0000
0.1674 -0.0550 289.4354 -0.2544 0.8921 138.4283 -0.0006 -0.0001 1.0000
0.3591 0.0621 221.3472 -0.2416 1.1286 111.5278 -0.0005 0.0001 1.0000
0.2302 -0.1118 277.4828 -0.2407 0.9222 128.5408 -0.0006 -0.0001 1.0000
0.2040 -0.0614 277.7267 -0.2425 0.9308 125.0469 -0.0006 -0.0001 1.0000
0.2201 -0.0477 270.0408 -0.2454 0.9335 128.1184 -0.0006 -0.0001 1.0000
0.2114 -0.1986 286.7366 -0.2330 0.8471 129.6350 -0.0006 -0.0003 1.0000
0.2490 -0.0175 259.0085 -0.2411 0.9841 120.0380 -0.0006 0.0000 1.0000
0.1842 -0.0012 275.3052 -0.2497 0.9390 126.7095 -0.0006 0.0000 1.0000
0.3007 -0.0228 244.3086 -0.2370 1.0309 114.4712 -0.0005 0.0000 1.0000
0.2441 -0.0971 266.4342 -0.2380 0.9373 122.7341 -0.0006 -0.0001 1.0000
0.1835 -0.0492 275.6895 -0.2445 0.8919 128.3524 -0.0006 -0.0001 1.0000
0.2636 -0.1295 262.4500 -0.2322 0.9417 119.1820 -0.0005 -0.0002 1.0000
0.2706 -0.0213 253.9542 -0.2373 1.0205 113.2635 -0.0005 0.0000 1.0000
0.2178 -0.0311 268.4732 -0.2430 0.9523 122.6318 -0.0006 -0.0000 1.0000
0.2906 -0.0959 252.3323 -0.2266 0.9783 113.5185 -0.0005 -0.0001 1.0000
0.1916 -0.0835 282.8659 -0.2444 0.9047 128.0735 -0.0006 -0.0001 1.0000
0.2297 -0.1075 273.5909 -0.2368 0.9220 123.7174 -0.0005 -0.0002 1.0000
0.2575 0.0488 252.5823 -0.2471 1.0312 119.1559 -0.0006 0.0001 1.0000
0.2463 -0.0039 259.7918 -0.2471 0.9730 126.5815 -0.0006 -0.0000 1.0000
0.2789 -0.0040 251.3405 -0.2414 1.0168 119.2921 -0.0005 -0.0000 1.0000
0.2930 -0.0372 252.5608 -0.2388 1.0240 117.7868 -0.0005 -0.0000 1.0000
0.2562 -0.1404 273.0664 -0.2379 0.9366 125.4308 -0.0005 -0.0002 1.0000
0.2214 -0.0659 276.1458 -0.2472 0.9337 130.8373 -0.0006 -0.0001 1.0000
