1.0000 0.0000 -0.0000 0.0000 1.0000 -0.0000 0.0000 0.0000 1.0000
1.0485 0.0197 -18.0929 0.0028 1.0385 -6.6501 0.0000 0.0000 1.0000
1.0060 0.0306 -4.4417 -0.0028 1.0303 -5.6876 -0.0000 0.0000 1.0000
1.0473 0.0317 -18.2225 0.0107 1.0520 -13.5249 0.0000 0.0001 1.0000
1.0282 0.0258 -8.8170 0.0062 1.0415 -11.8086 0.0000 0.0001 1.0000
0.9820 0.0121 9.6865 -0.0019 1.0026 -2.0873 -0.0000 0.0000 1.0000
1.0265 0.0289 -8.7492 0.0149 1.0324 -14.8594 0.0000 0.0000 1.0000
1.0397 0.0142 -8.6871 0.0121 1.0325 -12.1348 0.0000 0.0000 1.0000
1.0449 0.0424 -15.5715 0.0110 1.0550 -14.8767 0.0000 0.0001 1.0000
1.0146 0.0126 1.8351 0.0112 1.0175 -9.8755 0.0000 0.0000 1.0000
1.0168 0.0083 -0.5885 0.0088 1.0011 -4.4330 0.0000 0.0000 1.0000
1.0174 0.0141 0.2833 0.0101 1.0136 -6.9814 0.0000 0.0000 1.0000
1.0065 0.0186 2.4419 0.0109 1.0136 -9.1152 0.0000 0.0000 1.0000
1.0649 0.0213 -14.3756 0.0305 1.0416 -20.3151 0.0001 0.0001 1.0000
1.0117 0.0290 -3.2205 0.0132 1.0189 -12.3830 0.0000 0.0001 1.0000
1.0139 0.0157 0.0452 0.0227 0.9994 -9.3441 0.0000 0.0000 1.0000
1.0263 0.0193 -0.5235 0.0200 1.0237 -10.6419 0.0000 0.0001 1.0000
1.0601 0.0063 -9.3601 0.0368 1.0218 -13.6080 0.0001 0.0000 1.0000
1.0013 0.0005 10.1072 0.0110 0.9803 7.9262 0.0000 0.0000 1.0000
1.0035 0.0322 2.1199 0.0063 1.0134 4.4500 0.0000 0.0001 1.0000
0.9784 0.0140 17.4365 0.0093 0.9685 17.0433 0.0000 0.0000 1.0000
0.9747 0.0218 16.9345 0.0026 0.9607 26.9983 0.0000 0.0000 1.0000
0.9622 0.0225 18.6782 0.0002 0.9553 27.5487 -0.0000 0.0000 1.0000
0.9103 0.0187 37.0143 -0.0155 0.9223 37.7578 -0.0000 0.0000 1.0000
0.9411 0.0195 30.6299 -0.0161 0.9248 43.1786 -0.0000 0.0000 1.0000
0.9371 0.0311 33.3345 -0.0201 0.9368 43.4358 -0.0000 0.0000 1.0000
0.8985 0.0331 45.1256 -0.0310 0.9168 52.3021 -0.0000 0.0000 1.0000
0.9688 0.0729 16.3382 -0.0190 0.9710 42.8552 0.0000 0.0001 1.0000
0.9338 0.0565 29.4423 -0.0294 0.9414 53.8642 -0.0000 0.0001 1.0000
0.9325 0.0569 28.3282 -0.0266 0.9281 59.8627 -0.0000 0.0001 1.0000
0.8754 0.0278 46.3267 -0.0474 0.8736 79.1445 -0.0000 0.0000 1.0000
0.9216 0.0473 27.0514 -0.0387 0.9116 75.3070 -0.0000 0.0001 1.0000
0.8964 0.0472 33.4845 -0.0560 0.8967 88.2540 -0.0000 0.0000 1.0000
0.9035 0.0645 26.2383 -0.0502 0.9199 81.4699 -0.0000 0.0001 1.0000
0.8871 0.0513 25.1885 -0.0685 0.8813 98.1123 -0.0000 0.0001 1.0000
0.8984 0.0212 27.2755 -0.0514 0.8549 95.3425 -0.0000 0.0000 1.0000
0.8637 0.0325 29.2340 -0.0587 0.8460 94.1643 -0.0000 0.0000 1.0000
0.8341 0.0097 39.8069 -0.0685 0.8134 101.4870 -0.0001 -0.0000 1.0000
0.8511 0.0394 26.0377 -0.0694 0.8485 96.8535 -0.0001 0.0001 1.0000
0.8968 0.0736 -0.0027 -0.0692 0.9027 87.8173 -0.0000 0.0001 1.0000
0.8505 0.0165 23.6347 -0.0706 0.8310 98.5349 -0.0000 0.0000 1.0000
0.8432 0.0271 19.1454 -0.0752 0.8341 99.4627 -0.0001 0.0001 1.0000
0.8389 0.0535 13.5567 -0.0784 0.8555 97.7792 -0.0001 0.0001 1.0000
0.8252 0.0120 27.3683 -0.0743 0.7993 109.0507 -0.0001 0.0000 1.0000
0.8244 0.0147 30.9281 -0.0752 0.8159 105.2597 -0.0001 0.0001 1.0000
0.7675 0.0129 50.5654 -0.0947 0.7783 119.6992 -0.0001 0.0001 1.0000
0.8170 -0.0096 52.4796 -0.0746 0.7857 114.1369 -0.0001 0.0000 1.0000
0.7772 -0.0278 70.8365 -0.0871 0.7397 125.7987 -0.0001 -0.0000 1.0000
0.8033 0.0287 61.1197 -0.0899 0.8035 118.1584 -0.0001 0.0001 1.0000
0.7736 0.0389 75.3032 -0.0919 0.7968 117.7852 -0.0001 0.0001 1.0000
0.7615 0.0157 85.7900 -0.0920 0.7678 119.8492 -0.0001 0.0001 1.0000
0.7423 0.0095 99.7633 -0.1020 0.7565 126.5026 -0.0001 0.0001 1.0000
0.7320 0.0367 102.3855 -0.1090 0.7729 124.5232 -0.0001 0.0001 1.0000
0.7258 0.0102 110.5312 -0.1044 0.7329 127.5242 -0.0001 0.0001 1.0000
0.7347 0.0137 117.6748 -0.0985 0.7388 128.1254 -0.0001 0.0001 1.0000
0.7122 -0.0282 133.3291 -0.0962 0.6878 133.6594 -0.0001 -0.0000 1.0000
0.6820 0.0192 136.2629 -0.1139 0.7133 139.0634 -0.0002 0.0001 1.0000
0.6931 -0.0061 145.6635 -0.1036 0.6980 141.9186 -0.0001 0.0000 1.0000
0.7108 0.0181 137.0226 -0.1009 0.7134 143.9290 -0.0001 0.0001 1.0000
0.6629 0.0052 158.4343 -0.1109 0.6888 154.0555 -0.0002 0.0000 1.0000
0.7367 0.0268 138.8460 -0.0868 0.7282 146.7195 -0.0001 0.0001 1.0000
0.7084 0.0320 147.2854 -0.1055 0.7227 158.5514 -0.0001 0.0001 1.0000
0.6640 0.0152 160.4327 -0.1144 0.6891 163.9133 -0.0002 0.0000 1.0000
0.6667 -0.0374 170.6982 -0.1040 0.6324 171.2389 -0.0001 -0.0000 1.0000
0.7605 -0.0198 143.5478 -0.0730 0.6863 154.7133 -0.0001 -0.0000 1.0000
0.7088 -0.0171 148.7166 -0.0819 0.6697 153.4488 -0.0001 0.0000 1.0000
0.7192 -0.0025 130.8605 -0.0830 0.6726 150.6836 -0.0001 0.0000 1.0000
0.7302 -0.0301 126.5328 -0.0703 0.6538 146.1719 -0.0001 -0.0000 1.0000
0.7615 -0.0257 111.0090 -0.0639 0.6782 138.9402 -0.0001 -0.0000 1.0000
0.7349 -0.0150 104.4105 -0.0667 0.6684 137.0250 -0.0001 -0.0000 1.0000
0.7465 -0.0263 97.1466 -0.0533 0.6707 127.9337 -0.0001 -0.0000 1.0000
0.8018 -0.0017 64.5350 -0.0322 0.7230 107.8915 -0.0001 0.0000 1.0000
0.8499 -0.0299 41.8599 -0.0114 0.7004 105.2657 -0.0000 -0.0001 1.0000
0.8323 -0.0199 23.8673 -0.0097 0.7049 96.0008 -0.0000 -0.0000 1.0000
0.8500 -0.0082 -2.7298 -0.0061 0.7260 87.3424 -0.0000 -0.0000 1.0000
0.8340 -0.0171 -19.5769 0.0001 0.7173 74.0315 -0.0000 -0.0000 1.0000
0.8550 -0.0157 -39.0937 0.0093 0.7272 68.1637 -0.0000 -0.0000 1.0000
0.8861 0.0022 -74.6154 0.0128 0.7484 57.4002 -0.0000 -0.0000 1.0000
0.8803 -0.0172 -78.3673 0.0210 0.7322 50.9735 0.0000 -0.0001 1.0000
0.9067 0.0161 -110.9459 0.0255 0.7634 39.9445 0.0000 -0.0000 1.0000
0.9038 0.0136 -116.7355 0.0318 0.7531 36.9134 0.0000 -0.0001 1.0000
0.9056 0.0436 -119.9703 0.0277 0.7806 35.3221 0.0000 -0.0001 1.0000
0.9405 0.0800 -132.8048 0.0319 0.8220 32.0686 0.0001 -0.0000 1.0000
0.9436 0.1067 -126.5632 0.0362 0.8269 34.4957 0.0001 -0.0000 1.0000
0.9334 0.1437 -116.6881 0.0139 0.8489 46.8474 0.0001 -0.0000 1.0000
1.0011 0.2252 -142.2398 0.0346 0.9243 33.7395 0.0001 0.0001 1.0000
0.9404 0.1841 -97.0143 0.0174 0.8563 57.0325 0.0001 -0.0000 1.0000
0.9241 0.2336 -94.2720 -0.0103 0.8752 70.3746 0.0001 0.0000 1.0000
0.9417 0.2334 -89.9569 0.0005 0.8621 72.3681 0.0001 -0.0000 1.0000
0.9940 0.2752 -103.5441 0.0109 0.9176 60.8985 0.0002 0.0000 1.0000
0.9999 0.3363 -112.6261 0.0021 0.9506 55.9228 0.0002 0.0000 1.0000
0.8810 0.3040 -61.8443 -0.0366 0.8679 75.7538 0.0001 0.0000 1.0000
1.0089 0.3648 -100.3863 -0.0009 0.9519 47.4610 0.0002 0.0000 1.0000
0.9945 0.4071 -93.9449 -0.0145 0.9682 38.9741 0.0002 0.0001 1.0000
0.9809 0.4418 -92.9979 -0.0301 0.9796 31.7825 0.0002 0.0001 1.0000
0.9847 0.4625 -95.5397 -0.0214 0.9869 9.8478 0.0002 0.0001 1.0000
0.9410 0.4342 -85.0620 -0.0331 0.9417 8.3719 0.0002 0.0001 1.0000
0.9593 0.4686 -101.6923 -0.0259 0.9625 -6.3274 0.0002 0.0001 1.0000
0.9535 0.4859 -112.5033 -0.0314 0.9720 -14.1290 0.0002 0.0001 1.0000
1.0168 0.5224 -149.4597 -0.0141 1.0208 -35.5231 0.0003 0.0001 1.0000
0.9741 0.5152 -147.8441 -0.0284 0.9917 -27.5751 0.0002 0.0001 1.0000
1.0076 0.5571 -181.4050 -0.0191 1.0258 -43.4688 0.0003 0.0002 1.0000
1.0299 0.5962 -207.2237 -0.0009 1.0753 -66.3078 0.0003 0.0002 1.0000
0.9793 0.5534 -197.9153 -0.0071 1.0260 -60.9270 0.0002 0.0002 1.0000
0.9718 0.5765 -216.3184 -0.0259 1.0279 -53.9251 0.0002 0.0002 1.0000
1.0288 0.6336 -248.3525 -0.0115 1.0965 -72.8846 0.0003 0.0003 1.0000
0.9606 0.5874 -225.2570 -0.0238 1.0370 -62.6524 0.0003 0.0002 1.0000
1.0418 0.6522 -271.6283 -0.0104 1.1054 -83.9399 0.0003 0.0002 1.0000
1.0428 0.6878 -284.1464 -0.0097 1.1252 -89.8609 0.0003 0.0003 1.0000
1.0396 0.6940 -287.7375 -0.0148 1.1168 -88.8562 0.0003 0.0003 1.0000
1.0048 0.6662 -273.7957 -0.0235 1.0802 -81.6905 0.0003 0.0002 1.0000
0.9444 0.6860 -265.5801 -0.0394 1.0507 -70.5083 0.0002 0.0002 1.0000
1.0689 0.8033 -327.3657 -0.0189 1.1780 -99.5297 0.0004 0.0004 1.0000
1.0544 0.7762 -321.7166 -0.0295 1.1390 -89.1337 0.0004 0.0003 1.0000
0.9731 0.7587 -288.9851 -0.0564 1.0813 -63.9483 0.0003 0.0003 1.0000
1.0533 0.8178 -324.8723 -0.0487 1.1236 -72.4274 0.0004 0.0003 1.0000
1.0340 0.8283 -314.5025 -0.0613 1.1009 -61.1919 0.0004 0.0003 1.0000
1.0491 0.8504 -313.4624 -0.0639 1.1084 -56.8236 0.0004 0.0003 1.0000
0.9738 0.8391 -282.8144 -0.0825 1.0528 -38.0230 0.0003 0.0003 1.0000
0.9559 0.8913 -289.6673 -0.1102 1.0607 -25.7633 0.0003 0.0003 1.0000
0.9880 0.9166 -302.7777 -0.1182 1.0518 -12.7576 0.0003 0.0003 1.0000
1.0251 0.9449 -318.0277 -0.1119 1.0616 -12.2860 0.0004 0.0003 1.0000
0.9616 0.9552 -301.0086 -0.1310 1.0261 6.6922 0.0003 0.0003 1.0000
0.9253 0.9339 -288.4903 -0.1477 0.9783 23.8975 0.0003 0.0003 1.0000
0.9832 1.0007 -323.5093 -0.1458 0.9937 27.2850 0.0004 0.0003 1.0000
0.9151 1.0106 -302.9124 -0.1712 0.9613 43.5899 0.0003 0.0003 1.0000
0.8960 1.0105 -297.5953 -0.1805 0.9282 52.7842 0.0003 0.0003 1.0000
0.8840 1.0294 -302.3957 -0.1842 0.9083 57.3031 0.0003 0.0003 1.0000
0.9425 1.1654 -356.1909 -0.1973 0.9698 54.9339 0.0004 0.0005 1.0000
0.9549 1.1346 -357.5408 -0.1926 0.9255 62.5541 0.0004 0.0004 1.0000
0.8146 1.0792 -301.1792 -0.2311 0.8527 95.5476 0.0002 0.0004 1.0000
0.8285 1.0951 -309.7529 -0.2238 0.8360 100.1608 0.0003 0.0004 1.0000
0.8283 1.1285 -316.4670 -0.2369 0.8287 117.4919 0.0003 0.0004 1.0000
0.7894 1.1063 -300.3418 -0.2497 0.7877 132.5476 0.0003 0.0004 1.0000
0.7969 1.1306 -306.1285 -0.2650 0.7817 146.9106 0.0003 0.0004 1.0000
0.7795 1.1733 -308.8526 -0.2880 0.7628 171.6842 0.0003 0.0004 1.0000
0.8148 1.2301 -330.4652 -0.2992 0.7700 185.5808 0.0004 0.0004 1.0000
0.7375 1.2349 -302.6793 -0.3299 0.7299 213.9777 0.0003 0.0004 1.0000
0.7566 1.3106 -316.1534 -0.3469 0.7395 232.5650 0.0003 0.0004 1.0000
0.7810 1.3778 -336.5776 -0.3625 0.7379 254.6080 0.0004 0.0005 1.0000
0.7684 1.4070 -325.3514 -0.3823 0.7199 281.0438 0.0004 0.0004 1.0000
0.6625 1.3256 -265.4996 -0.3914 0.6470 301.2276 0.0003 0.0004 1.0000
0.6636 1.5153 -285.1992 -0.4393 0.7073 337.0183 0.0003 0.0005 1.0000
0.6458 1.5240 -265.8819 -0.4521 0.6808 362.1707 0.0003 0.0005 1.0000
0.6182 1.5885 -244.2770 -0.4837 0.6672 404.8387 0.0003 0.0005 1.0000
0.7002 1.6379 -257.5627 -0.4716 0.6476 431.2113 0.0005 0.0004 1.0000
0.6363 1.6743 -211.3044 -0.5040 0.6203 466.2757 0.0004 0.0005 1.0000
0.5334 1.6302 -150.2706 -0.5298 0.5702 487.5233 0.0003 0.0004 1.0000
0.5902 1.7393 -171.4404 -0.5379 0.5807 509.0722 0.0004 0.0004 1.0000
0.5628 1.9010 -160.8811 -0.5648 0.6049 532.9803 0.0004 0.0006 1.0000
0.5091 1.8356 -104.8681 -0.5684 0.5495 548.9345 0.0004 0.0005 1.0000
0.5154 2.0188 -123.0428 -0.6181 0.5853 588.8706 0.0005 0.0006 1.0000
0.5257 1.9655 -98.2316 -0.6172 0.5232 615.8641 0.0005 0.0005 1.0000
0.4470 2.0391 -72.7163 -0.6415 0.5129 642.2022 0.0005 0.0006 1.0000
0.5086 2.1591 -91.7645 -0.6484 0.5202 672.5171 0.0006 0.0006 1.0000
0.4348 2.2737 -69.9884 -0.6860 0.5094 710.6623 0.0006 0.0007 1.0000
0.4426 2.2329 -55.2909 -0.6730 0.4479 727.5490 0.0006 0.0006 1.0000
0.3740 2.2613 -19.2692 -0.6981 0.4204 754.0618 0.0006 0.0007 1.0000
0.3713 2.3769 -23.7124 -0.7131 0.4064 781.2745 0.0006 0.0007 1.0000
0.3429 2.2972 16.7618 -0.7071 0.3311 797.6322 0.0006 0.0006 1.0000
0.3048 2.4648 20.4571 -0.7454 0.3541 825.8097 0.0006 0.0008 1.0000
0.2566 2.4319 47.1451 -0.7339 0.2986 830.3915 0.0006 0.0007 1.0000
0.2393 2.4804 45.0830 -0.7551 0.2651 854.0731 0.0006 0.0008 1.0000
0.2091 2.3607 75.6051 -0.7340 0.1865 855.8141 0.0006 0.0007 1.0000
0.1782 2.5914 58.5875 -0.7897 0.2017 901.7356 0.0006 0.0009 1.0000
0.1227 2.6404 54.5250 -0.8120 0.1575 921.1810 0.0006 0.0009 1.0000
0.1095 2.5340 56.0853 -0.7924 0.0881 916.9675 0.0006 0.0008 1.0000
0.1160 2.6378 27.0849 -0.7982 0.0345 951.7288 0.0007 0.0009 1.0000
-0.0349 2.5066 70.0941 -0.8045 0.0008 929.8543 0.0005 0.0009 1.0000
-0.0308 2.5807 58.9931 -0.8283 -0.0179 968.7383 0.0006 0.0009 1.0000
-0.0748 2.5783 56.2365 -0.8422 -0.0455 982.3644 0.0005 0.0010 1.0000
-0.0960 2.4600 71.8642 -0.8215 -0.0972 980.6396 0.0005 0.0009 1.0000
-0.1156 2.4618 78.4561 -0.8299 -0.1312 1001.0677 0.0005 0.0009 1.0000
-0.1323 2.5899 69.5554 -0.8611 -0.1459 1041.1301 0.0006 0.0010 1.0000
-0.1542 2.6315 87.9714 -0.8609 -0.1611 1054.9128 0.0006 0.0010 1.0000
-0.1678 2.6781 104.3199 -0.8722 -0.1794 1072.4356 0.0006 0.0011 1.0000
-0.1241 2.5406 135.2988 -0.8194 -0.2343 1057.5319 0.0007 0.0009 1.0000
-0.1914 2.6292 169.5258 -0.8487 -0.2237 1067.9659 0.0006 0.0010 1.0000
-0.2807 2.6126 220.1373 -0.8592 -0.2073 1048.1263 0.0005 0.0011 1.0000
-0.2651 2.5738 235.6825 -0.8562 -0.2302 1051.3010 0.0005 0.0010 1.0000
-0.2470 2.6004 239.2239 -0.8518 -0.2626 1064.9761 0.0006 0.0010 1.0000
-0.2646 2.7023 254.0032 -0.8725 -0.2796 1097.2202 0.0006 0.0011 1.0000
-0.2902 2.6272 280.4859 -0.8628 -0.2986 1093.1476 0.0006 0.0010 1.0000
-0.2970 2.5808 318.1245 -0.8501 -0.3379 1113.8329 0.0006 0.0010 1.0000
-0.3684 2.5994 360.5786 -0.8548 -0.3283 1122.8061 0.0005 0.0010 1.0000
-0.3505 2.5652 388.5455 -0.8368 -0.3608 1140.8164 0.0006 0.0009 1.0000
-0.3942 2.6170 422.9822 -0.8349 -0.3858 1163.4599 0.0006 0.0010 1.0000
-0.4538 2.7417 460.2592 -0.8527 -0.4020 1198.7919 0.0006 0.0011 1.0000
-0.4586 2.8605 487.8617 -0.8571 -0.4639 1253.2112 0.0007 0.0011 1.0000
-0.5040 2.8528 539.5803 -0.8370 -0.5051 1256.8271 0.0006 0.0011 1.0000
-0.5492 2.8944 585.5202 -0.8272 -0.5417 1266.3443 0.0006 0.0011 1.0000
-0.5685 2.8165 641.5412 -0.7948 -0.6025 1265.0041 0.0007 0.0011 1.0000
-0.6365 2.9753 675.5822 -0.8280 -0.6253 1303.8519 0.0007 0.0012 1.0000
-0.6209 2.8069 714.0757 -0.7658 -0.7067 1283.7656 0.0007 0.0010 1.0000
-0.7003 2.9027 759.6638 -0.7820 -0.7146 1299.5911 0.0007 0.0011 1.0000
-0.7292 3.0382 794.0199 -0.7958 -0.7547 1337.8906 0.0007 0.0012 1.0000
-0.7547 3.0164 823.0173 -0.7752 -0.7898 1329.9129 0.0007 0.0012 1.0000
-0.7772 3.0085 865.7723 -0.7471 -0.8340 1334.0017 0.0007 0.0012 1.0000
-0.7508 2.9720 885.5818 -0.7239 -0.9123 1350.4917 0.0008 0.0011 1.0000
-0.8296 2.9045 911.0503 -0.7149 -0.8967 1319.0690 0.0007 0.0011 1.0000
-0.8159 2.7413 923.2696 -0.6722 -0.9164 1285.6566 0.0007 0.0010 1.0000
-0.9310 2.9800 944.0715 -0.7085 -0.9007 1314.9568 0.0006 0.0012 1.0000
-0.9576 3.1273 961.6623 -0.7231 -0.9877 1378.7865 0.0007 0.0013 1.0000
-1.0329 3.0387 955.8912 -0.7232 -0.9117 1321.4514 0.0006 0.0013 1.0000
-1.0600 3.1667 932.5791 -0.7493 -0.9822 1379.6234 0.0007 0.0014 1.0000
-1.1091 3.0377 931.2546 -0.7645 -0.9561 1355.7768 0.0006 0.0014 1.0000
-1.1306 3.2528 883.5208 -0.7424 -1.0356 1405.0204 0.0008 0.0015 1.0000
-1.2248 3.1446 839.1829 -0.7804 -0.9672 1366.0216 0.0006 0.0016 1.0000
-1.3614 3.3761 817.3128 -0.8261 -0.9804 1424.3584 0.0006 0.0019 1.0000
-1.3977 3.1964 768.2081 -0.8402 -0.9102 1388.1034 0.0005 0.0019 1.0000
-1.4418 3.2638 728.3866 -0.8506 -0.9007 1425.0696 0.0005 0.0020 1.0000
-1.4303 3.1354 681.7547 -0.8406 -0.8805 1422.1986 0.0005 0.0019 1.0000
-1.5349 3.2957 671.5403 -0.9222 -0.8286 1495.9752 0.0005 0.0022 1.0000
-1.5170 3.1297 647.0598 -0.8947 -0.7452 1462.6510 0.0004 0.0021 1.0000
-1.5325 3.0928 630.8326 -0.9084 -0.6620 1469.7879 0.0003 0.0021 1.0000
-1.5523 3.2114 631.4443 -0.8774 -0.6695 1530.1911 0.0005 0.0022 1.0000
-1.5979 3.2245 631.4423 -0.9366 -0.5302 1529.7130 0.0003 0.0023 1.0000
-1.5768 3.2280 634.8709 -0.9216 -0.5647 1588.1348 0.0004 0.0022 1.0000
-1.5398 3.1505 621.6923 -0.9124 -0.4405 1539.2914 0.0003 0.0022 1.0000
-1.5670 3.2619 646.5892 -0.9420 -0.4105 1619.6585 0.0004 0.0023 1.0000
-1.5876 3.5069 634.4592 -0.9909 -0.3105 1695.6076 0.0005 0.0025 1.0000
-1.4815 3.1958 623.3810 -0.9516 -0.2913 1629.5961 0.0004 0.0022 1.0000
-1.4198 3.2339 608.9316 -0.9199 -0.2458 1652.0718 0.0005 0.0022 1.0000
-1.5258 3.6287 638.3599 -1.0061 -0.1277 1790.1821 0.0006 0.0025 1.0000
-1.4534 3.3734 640.5814 -0.9934 -0.0909 1725.5123 0.0005 0.0024 1.0000
-1.4138 3.3746 614.6535 -1.0015 -0.0448 1718.2331 0.0004 0.0023 1.0000
-1.4145 3.4190 612.6919 -1.0246 0.0381 1713.7121 0.0004 0.0024 1.0000
-1.3608 3.2028 616.5661 -1.0297 0.0349 1677.1997 0.0003 0.0022 1.0000
-1.3611 3.2564 606.9712 -1.0475 0.0980 1683.8467 0.0003 0.0023 1.0000
-1.3700 3.4767 593.2728 -1.0738 0.1630 1761.2742 0.0004 0.0024 1.0000
-1.2700 3.2616 557.9783 -1.0602 0.1343 1717.9417 0.0004 0.0022 1.0000
-1.2634 3.2841 549.9381 -1.0705 0.1957 1715.0863 0.0004 0.0022 1.0000
-1.2766 3.3596 544.2874 -1.1396 0.2624 1751.7178 0.0004 0.0023 1.0000
-1.2110 3.3955 507.5364 -1.1446 0.2586 1787.7822 0.0005 0.0023 1.0000
-1.1834 3.4255 497.3331 -1.1543 0.2996 1804.7370 0.0005 0.0023 1.0000
-1.1396 3.1713 482.7524 -1.1583 0.3552 1681.3077 0.0003 0.0021 1.0000
-1.1071 3.3744 451.9491 -1.2204 0.3936 1763.9922 0.0004 0.0022 1.0000
-1.0635 3.2366 440.1230 -1.2188 0.4092 1699.7872 0.0004 0.0021 1.0000
-1.0274 3.3625 407.3738 -1.2616 0.4783 1726.1349 0.0004 0.0022 1.0000
-0.9957 3.3706 381.3340 -1.3096 0.5235 1714.8133 0.0004 0.0022 1.0000
-0.9282 3.1689 365.0106 -1.2941 0.4775 1650.5954 0.0003 0.0021 1.0000
-0.8329 3.1281 325.6774 -1.2680 0.4429 1640.4875 0.0004 0.0019 1.0000
-0.8164 2.9348 317.9963 -1.2756 0.4363 1562.9050 0.0003 0.0018 1.0000
-0.8169 3.0720 284.8470 -1.3418 0.5501 1565.3737 0.0002 0.0020 1.0000
-0.7135 3.0187 243.9480 -1.3057 0.4881 1557.4834 0.0004 0.0018 1.0000
-0.7305 3.0022 238.1338 -1.3605 0.5609 1528.4035 0.0003 0.0019 1.0000
-0.6577 3.1056 187.3309 -1.3924 0.6073 1537.9737 0.0003 0.0020 1.0000
-0.5959 2.9206 166.3326 -1.3709 0.5646 1491.0739 0.0003 0.0018 1.0000
-0.5801 3.0283 118.9778 -1.4510 0.6779 1497.8636 0.0002 0.0019 1.0000
-0.4910 2.7902 87.2755 -1.3877 0.6054 1429.1781 0.0002 0.0017 1.0000
-0.4471 2.8143 40.2029 -1.4182 0.7026 1411.9329 0.0002 0.0018 1.0000
-0.3698 2.7660 -19.6279 -1.4119 0.6879 1405.3021 0.0003 0.0017 1.0000
-0.3231 2.6065 -43.3594 -1.3829 0.6523 1361.4594 0.0002 0.0015 1.0000
-0.2840 2.6833 -99.7519 -1.4335 0.7503 1366.0478 0.0002 0.0017 1.0000
-0.2395 2.6897 -142.5533 -1.4615 0.8396 1346.9972 0.0002 0.0017 1.0000
-0.1629 2.5248 -169.9919 -1.3971 0.7895 1289.1843 0.0002 0.0015 1.0000
-0.1375 2.5212 -189.6117 -1.4230 0.8590 1263.5505 0.0002 0.0016 1.0000
-0.0960 2.3305 -181.6898 -1.3545 0.7786 1197.0408 0.0001 0.0014 1.0000
-0.0873 2.2690 -178.3242 -1.3348 0.8133 1138.1557 0.0001 0.0014 1.0000
-0.0258 2.2726 -199.1843 -1.3261 0.8150 1132.3066 0.0001 0.0013 1.0000
0.0166 2.2757 -211.8422 -1.3139 0.8415 1110.8192 0.0002 0.0013 1.0000
0.0384 2.1865 -207.7225 -1.2799 0.8525 1062.2568 0.0001 0.0013 1.0000
0.0779 2.2611 -230.2442 -1.2970 0.9102 1060.4182 0.0001 0.0014 1.0000
0.0800 2.0826 -193.8843 -1.2409 0.8568 1006.4571 0.0001 0.0012 1.0000
0.1426 2.1428 -217.5853 -1.2389 0.8961 1006.3713 0.0002 0.0013 1.0000
0.1575 2.0835 -206.1134 -1.2221 0.9041 980.5497 0.0001 0.0012 1.0000
0.1618 2.0687 -193.3020 -1.2087 0.9331 952.1978 0.0001 0.0013 1.0000
0.1962 1.9839 -183.9974 -1.1699 0.8973 925.7258 0.0001 0.0011 1.0000
0.1967 1.9942 -178.7545 -1.1677 0.9508 902.8745 0.0001 0.0012 1.0000
0.2182 1.9926 -182.5814 -1.1569 0.9802 881.0432 0.0001 0.0012 1.0000
0.2440 1.9026 -175.0304 -1.1175 0.9338 853.7348 0.0001 0.0011 1.0000
0.2300 1.9340 -170.0122 -1.1307 1.0031 832.4597 0.0001 0.0012 1.0000
0.2462 1.8363 -152.0565 -1.0906 0.9524 813.1259 0.0001 0.0011 1.0000
0.2593 1.8016 -151.2577 -1.0804 0.9591 792.0183 0.0000 0.0011 1.0000
0.3071 1.7882 -155.8729 -1.0635 0.9655 782.9664 0.0001 0.0011 1.0000
0.2470 1.7543 -125.8894 -1.0605 1.0009 746.6886 -0.0000 0.0011 1.0000
0.2945 1.7533 -134.5948 -1.0411 0.9817 744.9323 0.0000 0.0011 1.0000
0.3159 1.8618 -149.2050 -1.0778 1.0960 738.3155 0.0000 0.0013 1.0000
0.3109 1.7520 -121.8063 -1.0337 1.0219 711.3313 0.0000 0.0011 1.0000
0.3251 1.7451 -112.8884 -1.0207 1.0443 687.4014 0.0000 0.0011 1.0000
0.3111 1.7092 -97.1614 -1.0288 1.0031 682.8199 -0.0000 0.0011 1.0000
0.2893 1.6997 -79.9590 -1.0103 1.0084 653.4541 -0.0001 0.0011 1.0000
0.3235 1.7797 -95.4424 -1.0218 1.0427 646.4025 -0.0000 0.0012 1.0000
0.2729 1.5343 -25.5722 -0.9442 0.9066 603.9389 -0.0000 0.0010 1.0000
0.3066 1.6730 -47.7098 -0.9937 0.9875 613.7531 -0.0000 0.0011 1.0000
0.3405 1.6250 -41.3835 -0.9632 0.9607 592.9071 0.0000 0.0010 1.0000
0.2938 1.6493 -27.6560 -0.9714 0.9635 586.1432 -0.0001 0.0011 1.0000
0.3111 1.6639 -30.7496 -0.9740 0.9774 577.0731 -0.0001 0.0011 1.0000
0.3139 1.6129 -14.2658 -0.9471 0.9538 561.0409 -0.0000 0.0011 1.0000
0.3447 1.5443 -5.4474 -0.9281 0.9110 556.1287 0.0000 0.0010 1.0000
0.2840 1.5848 7.5999 -0.9347 0.9179 549.2715 -0.0001 0.0010 1.0000
0.3530 1.5776 0.9081 -0.9190 0.9213 544.0400 0.0000 0.0010 1.0000
0.3025 1.5925 19.5440 -0.9256 0.9091 548.8694 -0.0001 0.0010 1.0000
0.3088 1.6042 30.0527 -0.9303 0.9171 557.0738 -0.0000 0.0010 1.0000
0.2844 1.5197 61.4775 -0.8905 0.8808 542.5567 -0.0001 0.0010 1.0000
0.3047 1.5348 64.7502 -0.8970 0.8940 557.8098 -0.0000 0.0009 1.0000
0.2618 1.4434 99.0011 -0.8623 0.8531 555.0436 -0.0001 0.0009 1.0000
0.2924 1.4489 94.6000 -0.8580 0.8431 576.6947 -0.0000 0.0008 1.0000
0.2588 1.5007 106.3448 -0.8790 0.8794 598.3558 -0.0001 0.0009 1.0000
0.2814 1.4903 110.3920 -0.8657 0.8810 607.6093 -0.0000 0.0009 1.0000
0.3363 1.4879 97.0369 -0.8524 0.8740 623.5450 0.0000 0.0008 1.0000
0.3097 1.5269 101.7945 -0.8649 0.9133 636.5579 -0.0000 0.0009 1.0000
0.2860 1.5243 125.4774 -0.8648 0.9068 657.0169 0.0000 0.0009 1.0000
0.2716 1.5023 132.4704 -0.8572 0.9027 663.8973 -0.0000 0.0008 1.0000
0.2777 1.4305 148.4658 -0.8413 0.8701 678.6079 -0.0000 0.0007 1.0000
0.3289 1.5221 139.9698 -0.8370 0.9503 697.2107 0.0000 0.0008 1.0000
0.2996 1.5022 154.6743 -0.8431 0.9305 718.2548 -0.0000 0.0008 1.0000
0.3691 1.5056 146.2347 -0.8206 0.9646 724.1511 0.0001 0.0007 1.0000
0.3795 1.4040 166.2130 -0.7837 0.8931 729.6146 0.0001 0.0006 1.0000
0.4393 1.4976 150.8346 -0.7853 0.9723 746.4431 0.0001 0.0007 1.0000
0.4551 1.3911 163.0638 -0.7495 0.9005 738.3310 0.0001 0.0006 1.0000
0.5092 1.4321 143.8361 -0.7399 0.9398 734.0042 0.0002 0.0006 1.0000
0.4928 1.4036 145.7439 -0.7374 0.9285 718.3455 0.0001 0.0006 1.0000
0.5161 1.3191 141.6664 -0.7034 0.8788 697.7824 0.0001 0.0005 1.0000
0.4871 1.3255 135.5477 -0.7174 0.8946 675.8348 0.0001 0.0005 1.0000
0.4762 1.2916 124.9280 -0.7070 0.8750 649.9671 0.0001 0.0005 1.0000
0.5057 1.2552 103.9535 -0.6901 0.8627 623.9255 0.0001 0.0005 1.0000
0.6051 1.2926 51.4521 -0.6712 0.8805 605.8636 0.0002 0.0005 1.0000
0.5401 1.2771 58.5021 -0.6862 0.8821 582.2238 0.0001 0.0005 1.0000
0.5401 1.2328 48.6279 -0.6640 0.8475 556.1598 0.0001 0.0005 1.0000
0.6109 1.2641 7.9236 -0.6518 0.8544 545.9135 0.0001 0.0005 1.0000
0.5854 1.2211 10.6413 -0.6299 0.8311 521.0561 0.0001 0.0005 1.0000
0.5615 1.1535 18.9354 -0.6218 0.7930 513.4012 0.0001 0.0004 1.0000
0.6076 1.2048 -12.8543 -0.6187 0.8230 517.1560 0.0001 0.0005 1.0000
0.5609 1.1902 -1.3589 -0.6288 0.8198 528.5492 0.0001 0.0005 1.0000
0.7049 1.1467 -43.1647 -0.5884 0.8100 547.9362 0.0003 0.0004 1.0000
0.6423 1.1125 -27.6755 -0.5859 0.7802 564.8751 0.0002 0.0004 1.0000
0.6917 1.1752 -55.6478 -0.5795 0.8104 594.1633 0.0002 0.0004 1.0000
0.6218 1.0558 -21.4263 -0.5670 0.7226 605.1242 0.0002 0.0003 1.0000
0.6030 1.1154 -27.2339 -0.5897 0.7694 625.6303 0.0001 0.0004 1.0000
0.5948 1.0843 -20.8543 -0.5835 0.7367 642.3098 0.0001 0.0003 1.0000
0.6375 1.0968 -36.5458 -0.5797 0.7322 664.4410 0.0002 0.0003 1.0000
0.7031 1.1999 -77.9659 -0.5798 0.8004 680.4617 0.0002 0.0004 1.0000
0.7093 1.1807 -86.9926 -0.5684 0.7654 685.0506 0.0003 0.0003 1.0000
0.5860 1.0998 -45.3830 -0.6067 0.7124 690.2897 0.0001 0.0003 1.0000
0.7217 1.1837 -97.5622 -0.5604 0.7504 698.7711 0.0003 0.0003 1.0000
0.7180 1.1306 -97.0591 -0.5569 0.6993 707.2609 0.0003 0.0002 1.0000
0.6660 1.1147 -86.2911 -0.5706 0.6874 713.5600 0.0002 0.0003 1.0000
0.6840 1.1225 -97.0650 -0.5718 0.6911 711.7885 0.0002 0.0003 1.0000
0.8266 1.2064 -152.7402 -0.5306 0.7115 725.2422 0.0004 0.0003 1.0000
0.7599 1.1349 -119.0430 -0.5405 0.6807 707.5020 0.0003 0.0002 1.0000
0.7308 1.1459 -114.0546 -0.5501 0.6868 697.1814 0.0003 0.0003 1.0000
0.7410 1.0927 -113.0013 -0.5245 0.6310 678.9664 0.0003 0.0002 1.0000
0.8118 1.1544 -148.9753 -0.5247 0.6693 674.0736 0.0004 0.0002 1.0000
0.7312 1.1171 -134.9201 -0.5422 0.6369 654.9065 0.0002 0.0003 1.0000
0.7444 1.0334 -140.4065 -0.5316 0.5737 644.8779 0.0003 0.0002 1.0000
0.7477 1.0434 -160.3423 -0.5309 0.5906 629.9751 0.0002 0.0002 1.0000
0.7378 1.0024 -159.5582 -0.5246 0.5576 623.9646 0.0002 0.0001 1.0000
0.7603 1.0247 -186.1152 -0.5187 0.5734 616.2862 0.0003 0.0002 1.0000
0.8349 1.1214 -233.3853 -0.5264 0.6452 622.1888 0.0003 0.0003 1.0000
0.7755 0.9805 -186.5200 -0.5087 0.5726 603.8842 0.0003 0.0002 1.0000
0.8598 1.0797 -231.8203 -0.5114 0.6480 605.0073 0.0003 0.0003 1.0000
0.7751 1.0100 -189.6580 -0.5150 0.6146 586.1778 0.0002 0.0003 1.0000
0.7252 0.9173 -148.2089 -0.5087 0.5631 575.5741 0.0002 0.0002 1.0000
0.7672 0.8766 -142.6841 -0.4842 0.5528 562.7410 0.0002 0.0002 1.0000
0.7666 0.8900 -137.5843 -0.4776 0.5913 542.0525 0.0002 0.0002 1.0000
0.7321 0.7592 -90.2078 -0.4467 0.5106 523.4122 0.0002 0.0001 1.0000
0.7327 0.7585 -86.8719 -0.4515 0.5252 511.8382 0.0001 0.0001 1.0000
0.7760 0.7200 -72.9411 -0.4125 0.5258 492.0315 0.0002 0.0001 1.0000
0.7297 0.7326 -52.7362 -0.4315 0.5455 484.0006 0.0001 0.0002 1.0000
0.6565 0.5914 6.9307 -0.4026 0.4590 465.5143 0.0000 0.0001 1.0000
0.6493 0.6268 21.7951 -0.4136 0.5070 459.5285 0.0000 0.0002 1.0000
0.6239 0.5146 68.6364 -0.3935 0.4377 451.4244 0.0000 0.0000 1.0000
0.5274 0.4839 117.5460 -0.4074 0.4262 439.9721 -0.0001 0.0001 1.0000
0.5800 0.4861 126.8975 -0.3841 0.4432 431.0039 -0.0000 0.0001 1.0000
0.5243 0.4074 171.4573 -0.3818 0.3911 426.4187 -0.0001 -0.0000 1.0000
0.5643 0.4837 161.2818 -0.3849 0.4560 417.0922 -0.0000 0.0001 1.0000
0.5358 0.4332 182.1992 -0.3878 0.4336 416.1553 -0.0001 0.0001 1.0000
0.5068 0.4125 191.8649 -0.3862 0.4205 411.0011 -0.0001 0.0000 1.0000
0.5410 0.4030 186.4722 -0.3828 0.4323 411.7227 -0.0000 0.0000 1.0000
0.5002 0.4204 187.5674 -0.3949 0.4407 408.8215 -0.0001 0.0001 1.0000
0.5141 0.3835 190.7231 -0.3835 0.4290 407.4457 -0.0001 0.0001 1.0000
0.5394 0.3959 182.4940 -0.3844 0.4471 409.8864 -0.0000 0.0001 1.0000
0.4634 0.3679 205.5438 -0.3901 0.4239 408.3191 -0.0001 0.0001 1.0000
0.5014 0.3949 194.3509 -0.3883 0.4535 409.9149 -0.0001 0.0001 1.0000
0.4600 0.3596 218.8507 -0.3866 0.4374 411.5209 -0.0001 0.0001 1.0000
0.4511 0.3603 228.3723 -0.3919 0.4479 418.2434 -0.0001 0.0001 1.0000
0.4643 0.3650 236.1949 -0.3849 0.4616 422.8592 -0.0001 0.0001 1.0000
0.4167 0.3238 263.7574 -0.3851 0.4352 431.6118 -0.0002 0.0001 1.0000
0.4332 0.2857 278.0957 -0.3692 0.4269 437.1802 -0.0001 0.0000 1.0000
0.3786 0.2431 308.2704 -0.3796 0.3963 452.2374 -0.0002 -0.0000 1.0000
0.4110 0.2744 308.1236 -0.3707 0.4376 454.8549 -0.0001 0.0000 1.0000
0.4176 0.2777 308.1823 -0.3752 0.4558 471.7503 -0.0001 0.0001 1.0000
0.3842 0.2866 314.7717 -0.3842 0.4726 484.5881 -0.0002 0.0001 1.0000
0.3962 0.2156 320.2380 -0.3695 0.4297 496.5193 -0.0002 0.0000 1.0000
0.4009 0.2351 308.4870 -0.3671 0.4652 499.5624 -0.0002 0.0001 1.0000
0.4117 0.1975 296.9633 -0.3458 0.4454 502.3169 -0.0002 0.0000 1.0000
0.4010 0.2254 276.9932 -0.3673 0.4977 506.7311 -0.0002 0.0001 1.0000
0.4289 0.1607 255.5897 -0.3370 0.4634 504.1295 -0.0002 0.0000 1.0000
0.5002 0.1969 205.1845 -0.3270 0.5451 498.8443 -0.0001 0.0001 1.0000
0.4914 0.2055 152.4652 -0.3335 0.5458 490.2279 -0.0002 0.0001 1.0000
0.4896 0.1894 111.5355 -0.3521 0.5538 496.2074 -0.0002 0.0001 1.0000
0.5221 0.1429 86.4090 -0.3037 0.5670 468.8549 -0.0002 0.0001 1.0000
0.5065 0.0750 96.4472 -0.2847 0.5144 456.5369 -0.0001 0.0000 1.0000
0.4987 0.1045 77.9548 -0.2997 0.5721 438.1053 -0.0002 0.0001 1.0000
0.4859 0.0908 75.3296 -0.2909 0.5672 425.3555 -0.0002 0.0001 1.0000
0.5020 0.0754 63.7420 -0.2748 0.5469 428.0569 -0.0002 0.0001 1.0000
0.4788 0.0376 72.5569 -0.2752 0.5080 435.9869 -0.0002 0.0000 1.0000
0.4757 0.0449 71.6977 -0.2850 0.5494 447.3817 -0.0002 0.0001 1.0000
0.4928 0.0927 55.4810 -0.2840 0.6367 445.9387 -0.0002 0.0002 1.0000
0.4955 0.0591 62.8823 -0.2639 0.5996 459.1333 -0.0002 0.0001 1.0000
0.5209 0.0404 62.4096 -0.2351 0.6139 466.5437 -0.0001 0.0001 1.0000
0.5035 0.0101 69.3208 -0.2266 0.5799 471.3979 -0.0002 0.0001 1.0000
0.4713 0.0316 77.0839 -0.2461 0.6183 469.3753 -0.0002 0.0002 1.0000
0.5149 -0.0046 79.5416 -0.1872 0.5902 461.1483 -0.0001 0.0001 1.0000
0.5078 -0.0251 97.8189 -0.1626 0.5571 457.3715 -0.0001 0.0001 1.0000
0.4645 -0.0089 121.6045 -0.1911 0.5990 451.4484 -0.0002 0.0002 1.0000
0.4930 0.0012 136.5819 -0.1712 0.6618 440.7914 -0.0002 0.0002 1.0000
0.4782 0.0050 163.7447 -0.1404 0.6402 424.1273 -0.0002 0.0002 1.0000
0.3861 -0.0052 210.6168 -0.1866 0.5770 430.2439 -0.0003 0.0002 1.0000
0.3835 -0.0497 255.3603 -0.1476 0.5557 416.0061 -0.0002 0.0002 1.0000
0.3812 0.0055 276.5331 -0.1346 0.6238 399.8850 -0.0002 0.0003 1.0000
0.3532 -0.0427 312.9337 -0.1136 0.5490 390.9752 -0.0002 0.0002 1.0000
0.3613 -0.0099 328.9217 -0.0980 0.6104 374.3267 -0.0002 0.0003 1.0000
0.3645 -0.0452 347.4882 -0.0780 0.5642 367.1129 -0.0002 0.0002 1.0000
0.3379 -0.0566 370.7323 -0.0720 0.5431 359.0604 -0.0002 0.0002 1.0000
0.3311 -0.0396 385.5493 -0.0666 0.5642 346.9765 -0.0002 0.0003 1.0000
0.2882 -0.0532 412.7469 -0.0763 0.5377 338.3810 -0.0003 0.0003 1.0000
0.2413 -0.0451 439.2918 -0.0883 0.5123 337.7793 -0.0003 0.0003 1.0000
0.2377 -0.0514 457.4229 -0.0671 0.5040 321.8428 -0.0003 0.0003 1.0000
0.2232 -0.0416 468.6056 -0.0634 0.4972 315.5338 -0.0003 0.0003 1.0000
0.2185 -0.0689 479.1704 -0.0555 0.4647 310.3515 -0.0003 0.0002 1.0000
0.2242 -0.0846 490.8886 -0.0396 0.4521 303.3192 -0.0003 0.0002 1.0000
0.2072 -0.0741 499.7013 -0.0426 0.4565 298.4201 -0.0003 0.0002 1.0000
0.2177 -0.0845 509.1226 -0.0260 0.4504 292.2648 -0.0003 0.0002 1.0000
0.1878 -0.0390 515.2859 -0.0388 0.4811 287.8862 -0.0003 0.0003 1.0000
0.1917 0.0014 521.3795 -0.0293 0.5285 275.9950 -0.0003 0.0004 1.0000
0.1814 -0.0672 533.8744 -0.0224 0.4482 283.2625 -0.0003 0.0003 1.0000
0.1694 -0.0799 543.3184 -0.0248 0.4419 284.0309 -0.0003 0.0002 1.0000
0.1565 -0.0356 543.6383 -0.0353 0.4826 287.3610 -0.0003 0.0003 1.0000
0.1393 -0.0774 551.1120 -0.0443 0.4422 300.2712 -0.0003 0.0002 1.0000
0.1498 -0.1050 550.9253 -0.0352 0.4272 308.9702 -0.0003 0.0002 1.0000
0.2135 -0.0937 542.5501 0.0017 0.4576 314.8689 -0.0003 0.0003 1.0000
0.1808 -0.0975 543.3454 -0.0123 0.4466 327.9937 -0.0003 0.0002 1.0000
0.1533 -0.0868 545.3495 -0.0309 0.4566 343.1610 -0.0003 0.0003 1.0000
0.1568 -0.0552 541.6951 -0.0305 0.4959 356.8169 -0.0003 0.0003 1.0000
0.1760 -0.1037 546.0421 -0.0196 0.4537 372.2228 -0.0003 0.0002 1.0000
0.1648 -0.0832 556.0468 -0.0285 0.4767 380.2113 -0.0003 0.0003 1.0000
0.1203 -0.0197 563.8687 -0.0613 0.5392 385.0944 -0.0004 0.0004 1.0000
0.1838 -0.0940 576.3772 -0.0032 0.4768 389.2189 -0.0003 0.0003 1.0000
0.1415 -0.0996 593.2098 -0.0248 0.4532 397.2112 -0.0003 0.0003 1.0000
0.0915 -0.0746 609.0565 -0.0499 0.4694 396.9106 -0.0004 0.0003 1.0000
0.0935 -0.1021 621.5976 -0.0434 0.4301 402.0683 -0.0004 0.0002 1.0000
0.0723 -0.1125 635.4036 -0.0501 0.4097 405.0043 -0.0004 0.0002 1.0000
0.0721 -0.0520 642.7670 -0.0466 0.4778 395.7405 -0.0004 0.0003 1.0000
0.0720 -0.0758 647.6929 -0.0387 0.4544 389.4356 -0.0004 0.0003 1.0000
0.0941 -0.0642 651.5657 -0.0061 0.4671 368.9266 -0.0003 0.0003 1.0000
0.0401 -0.0574 662.1513 -0.0384 0.4563 362.0311 -0.0004 0.0003 1.0000
0.0264 -0.0454 667.2804 -0.0367 0.4585 343.4874 -0.0004 0.0003 1.0000
0.0766 -0.0619 670.5785 0.0141 0.4440 316.5851 -0.0003 0.0003 1.0000
0.0457 -0.0541 675.4619 0.0031 0.4322 299.3098 -0.0004 0.0003 1.0000
0.0604 -0.0605 678.3204 0.0254 0.4174 276.6326 -0.0004 0.0003 1.0000
0.0601 -0.1314 682.2207 0.0432 0.3506 256.9457 -0.0003 0.0002 1.0000
0.0261 -0.0871 686.3828 0.0232 0.3727 246.2685 -0.0004 0.0003 1.0000
0.0293 -0.0672 683.5792 0.0326 0.3849 226.5777 -0.0004 0.0003 1.0000
0.0108 -0.0804 681.9867 0.0263 0.3587 218.6516 -0.0004 0.0003 1.0000
0.0748 -0.1288 682.1458 0.0682 0.3385 203.6025 -0.0003 0.0003 1.0000
0.0426 -0.0660 680.7436 0.0502 0.3780 197.0598 -0.0004 0.0004 1.0000
0.0679 -0.1461 680.5690 0.0631 0.3213 198.9896 -0.0003 0.0003 1.0000
0.0271 -0.0646 669.9600 0.0417 0.3655 192.5783 -0.0004 0.0004 1.0000
0.0378 -0.1007 669.4876 0.0475 0.3440 192.2358 -0.0004 0.0003 1.0000
0.0415 -0.1079 663.8641 0.0518 0.3389 188.5652 -0.0004 0.0003 1.0000
0.0526 -0.1152 660.4829 0.0611 0.3391 184.3749 -0.0003 0.0003 1.0000
0.0805 -0.1415 656.4353 0.0770 0.3260 181.5477 -0.0003 0.0003 1.0000
0.0123 -0.1012 648.5747 0.0388 0.3331 185.4201 -0.0004 0.0003 1.0000
0.0451 -0.0787 641.6452 0.0590 0.3583 175.1057 -0.0004 0.0004 1.0000
0.0681 -0.1282 635.9285 0.0714 0.3326 171.2327 -0.0003 0.0003 1.0000
0.0484 -0.1135 630.8474 0.0629 0.3328 168.2188 -0.0004 0.0004 1.0000
0.0532 -0.1442 630.2389 0.0686 0.3131 164.8599 -0.0003 0.0003 1.0000
0.0870 -0.1249 624.2322 0.0914 0.3360 151.2287 -0.0003 0.0004 1.0000
0.0192 -0.1349 624.9658 0.0511 0.3051 160.3984 -0.0004 0.0003 1.0000
0.0567 -0.1564 620.4564 0.0733 0.3007 150.6064 -0.0003 0.0003 1.0000
-0.0052 -0.0586 615.3697 0.0436 0.3563 142.8819 -0.0004 0.0005 1.0000
0.0629 -0.1372 613.0713 0.0780 0.3167 137.5837 -0.0003 0.0003 1.0000
0.0215 -0.1000 607.9762 0.0633 0.3297 131.3157 -0.0004 0.0004 1.0000
0.0480 -0.1393 600.6088 0.0696 0.3069 129.4526 -0.0004 0.0003 1.0000
0.0685 -0.1530 593.4017 0.0828 0.3119 118.2749 -0.0004 0.0003 1.0000
0.0438 -0.1403 590.0663 0.0667 0.3094 123.0718 -0.0004 0.0004 1.0000
0.0556 -0.1509 583.2145 0.0728 0.3050 117.6869 -0.0004 0.0003 1.0000
0.0740 -0.1580 576.5189 0.0832 0.3051 109.7593 -0.0003 0.0003 1.0000
0.0736 -0.1640 568.6757 0.0937 0.3055 92.8037 -0.0003 0.0003 1.0000
0.0573 -0.1234 560.5563 0.1023 0.3417 66.6393 -0.0004 0.0004 1.0000
0.0938 -0.1635 554.8600 0.1010 0.3136 74.3316 -0.0003 0.0003 1.0000
0.0868 -0.1553 540.3792 0.0941 0.3091 69.2313 -0.0004 0.0004 1.0000
0.1034 -0.2057 523.8836 0.0964 0.2803 66.7220 -0.0003 0.0003 1.0000
0.1306 -0.1993 505.7513 0.0990 0.3091 60.7669 -0.0003 0.0003 1.0000
0.0958 -0.2021 492.3353 0.0840 0.2995 64.2036 -0.0004 0.0003 1.0000
0.0931 -0.1362 465.2490 0.0777 0.3376 60.1396 -0.0004 0.0005 1.0000
0.1177 -0.1474 450.8818 0.0828 0.3503 57.6495 -0.0004 0.0005 1.0000
0.1154 -0.1763 440.2687 0.0791 0.3250 61.7629 -0.0004 0.0004 1.0000
0.1119 -0.1965 436.3527 0.0786 0.3051 64.5942 -0.0004 0.0003 1.0000
0.1255 -0.2034 432.2245 0.0805 0.3104 65.3891 -0.0004 0.0003 1.0000
0.1509 -0.2390 427.0943 0.0893 0.2902 66.6597 -0.0003 0.0003 1.0000
0.1301 -0.1808 421.2879 0.0784 0.3319 63.0673 -0.0004 0.0004 1.0000
0.1414 -0.2110 418.1357 0.0893 0.3179 57.8747 -0.0004 0.0004 1.0000
0.1372 -0.2243 411.1107 0.0852 0.2983 60.4620 -0.0004 0.0003 1.0000
0.1416 -0.2045 407.5260 0.0875 0.3206 56.4451 -0.0004 0.0004 1.0000
