1.0000 0.0000 0.0000 0.0000 1.0000 -0.0000 0.0000 -0.0000 1.0000
0.9113 0.0090 5.4775 -0.0303 0.9728 14.1572 -0.0001 0.0000 1.0000
1.0147 -0.0394 -26.4294 -0.0107 0.9863 15.1849 -0.0000 -0.0001 1.0000
0.9901 0.0044 -33.9539 -0.0282 1.0112 19.9508 -0.0001 0.0000 1.0000
1.0444 -0.0332 -56.5204 -0.0261 0.9850 26.4428 -0.0000 -0.0000 1.0000
1.0822 -0.0678 -67.2850 -0.0282 1.0004 27.1808 0.0000 -0.0001 1.0000
1.0700 -0.0746 -75.3150 -0.0414 0.9735 35.6869 -0.0000 -0.0001 1.0000
1.0992 -0.1000 -93.7118 -0.0569 0.9974 39.3099 -0.0000 -0.0001 1.0000
1.1208 -0.0817 -107.9897 -0.0643 1.0092 44.2507 -0.0000 -0.0000 1.0000
1.0335 -0.0806 -101.0518 -0.0877 0.9546 53.5510 -0.0001 -0.0000 1.0000
1.1415 -0.1875 -121.2112 -0.0703 0.9310 57.5020 0.0000 -0.0002 1.0000
1.1740 -0.1356 -141.2126 -0.1011 1.0129 58.7042 -0.0000 -0.0001 1.0000
1.1096 -0.1420 -130.2630 -0.1128 0.9605 63.1753 -0.0001 -0.0001 1.0000
1.1356 -0.1335 -139.5117 -0.1122 0.9415 67.5854 -0.0001 -0.0001 1.0000
1.1224 -0.1546 -137.8420 -0.1263 0.9395 69.7126 -0.0001 -0.0001 1.0000
1.1601 -0.1508 -145.6090 -0.1260 0.9395 71.2127 -0.0001 -0.0001 1.0000
1.0694 -0.1294 -129.0624 -0.1631 0.9169 84.0651 -0.0002 -0.0000 1.0000
1.0765 -0.1362 -130.4618 -0.1808 0.9314 88.3147 -0.0002 -0.0001 1.0000
1.1181 -0.1783 -135.3566 -0.1734 0.9018 91.6838 -0.0001 -0.0001 1.0000
1.1442 -0.1713 -144.5168 -0.1953 0.9267 99.0684 -0.0001 -0.0001 1.0000
1.1133 -0.1785 -139.5318 -0.2155 0.9193 106.4793 -0.0002 -0.0001 1.0000
1.1065 -0.1691 -138.9980 -0.2338 0.9198 114.5839 -0.0002 -0.0001 1.0000
1.0695 -0.1724 -133.9732 -0.2554 0.8895 125.8253 -0.0002 -0.0001 1.0000
1.0413 -0.1753 -129.4831 -0.2758 0.8828 134.1556 -0.0003 -0.0001 1.0000
1.0602 -0.1692 -135.2621 -0.2901 0.9006 141.4740 -0.0003 -0.0000 1.0000
1.0154 -0.1885 -126.2799 -0.3114 0.8735 148.2522 -0.0003 -0.0001 1.0000
1.0498 -0.2033 -133.2770 -0.3125 0.8667 151.4128 -0.0003 -0.0001 1.0000
1.0448 -0.1942 -130.1056 -0.3355 0.8826 157.8530 -0.0003 -0.0001 1.0000
1.0073 -0.2000 -120.6115 -0.3585 0.8732 165.3874 -0.0003 -0.0001 1.0000
1.0044 -0.1748 -122.8492 -0.3758 0.8820 171.7359 -0.0003 -0.0001 1.0000
1.0038 -0.1862 -118.7479 -0.3978 0.9034 178.7532 -0.0003 -0.0000 1.0000
0.9232 -0.1724 -100.0110 -0.4067 0.8640 180.3130 -0.0004 -0.0000 1.0000
0.8965 -0.1749 -92.6291 -0.4255 0.8590 188.0557 -0.0004 0.0000 1.0000
0.9059 -0.1741 -90.4259 -0.4353 0.8702 189.7226 -0.0004 0.0000 1.0000
0.9593 -0.1614 -97.9380 -0.4510 0.9232 191.7917 -0.0003 0.0000 1.0000
0.8563 -0.1781 -74.0782 -0.4513 0.8419 195.6474 -0.0005 0.0000 1.0000
0.8342 -0.1596 -63.4098 -0.4729 0.8624 200.4266 -0.0005 0.0001 1.0000
0.7804 -0.1462 -47.4299 -0.4903 0.8598 201.5530 -0.0005 0.0001 1.0000
-1.1786 0.1938 845.3799 -0.3702 0.8005 147.3481 -0.0007 0.0002 1.0000
0.7390 -0.1252 -22.9490 -0.5055 0.8789 198.8853 -0.0005 0.0001 1.0000
0.7295 -0.1143 -13.5889 -0.5140 0.8763 203.0994 -0.0005 0.0001 1.0000
0.6553 -0.0840 4.2151 -0.5270 0.8797 201.4442 -0.0006 0.0002 1.0000
0.6519 -0.0929 14.6331 -0.5268 0.8698 202.9457 -0.0006 0.0001 1.0000
0.6309 -0.0799 19.3941 -0.5233 0.8656 199.7103 -0.0006 0.0002 1.0000
0.6020 -0.0608 28.2124 -0.5455 0.8868 202.6416 -0.0006 0.0002 1.0000
0.6221 -0.0902 29.3550 -0.5502 0.8789 205.6782 -0.0006 0.0001 1.0000
0.5778 -0.0708 37.3859 -0.5455 0.8660 202.5903 -0.0006 0.0002 1.0000
0.5717 -0.0444 40.8284 -0.5448 0.8644 202.5822 -0.0006 0.0002 1.0000
0.5475 -0.0586 51.9478 -0.5498 0.8621 204.1464 -0.0007 0.0002 1.0000
0.5176 -0.0199 64.5107 -0.5339 0.8433 199.2180 -0.0007 0.0002 1.0000
0.5115 -0.0267 74.3605 -0.5288 0.8372 194.3425 -0.0007 0.0002 1.0000
0.5005 -0.0076 85.8706 -0.5300 0.8461 190.7838 -0.0007 0.0003 1.0000
0.5182 -0.0196 102.9470 -0.5228 0.8532 182.6453 -0.0006 0.0002 1.0000
0.4202 0.0259 137.4377 -0.5283 0.8444 171.8979 -0.0007 0.0003 1.0000
0.4526 0.0071 152.4066 -0.5025 0.8391 147.4547 -0.0006 0.0002 1.0000
0.3191 0.0672 183.7204 -0.5042 0.8032 139.1753 -0.0008 0.0003 1.0000
0.1913 0.0554 214.5292 -0.5073 0.7676 131.5043 -0.0009 0.0003 1.0000
0.6373 0.1930 141.8040 -0.5016 0.9129 122.8911 -0.0005 0.0005 1.0000
0.1398 0.1102 231.5552 -0.5208 0.7832 131.6084 -0.0009 0.0004 1.0000
0.2491 0.1680 211.0666 -0.5261 0.8141 138.7041 -0.0008 0.0005 1.0000
0.2258 0.1034 222.7440 -0.5257 0.7958 146.5491 -0.0008 0.0003 1.0000
0.2265 0.1226 221.8807 -0.5409 0.7996 158.1269 -0.0008 0.0004 1.0000
0.2244 0.1844 221.3892 -0.5422 0.8073 166.6964 -0.0008 0.0005 1.0000
0.1944 0.1402 228.5154 -0.5423 0.7990 170.9278 -0.0008 0.0004 1.0000
0.1976 0.1721 229.1717 -0.5452 0.7999 179.2607 -0.0008 0.0004 1.0000
0.2069 0.1662 231.0949 -0.5484 0.8280 181.1474 -0.0008 0.0004 1.0000
0.1957 0.1511 235.5512 -0.5431 0.7995 185.5653 -0.0008 0.0004 1.0000
0.3134 0.0849 233.9354 -0.5019 0.7743 182.6374 -0.0006 0.0002 1.0000
0.1642 0.1488 247.1948 -0.5375 0.7836 190.5372 -0.0008 0.0004 1.0000
0.1659 0.1456 248.3172 -0.5462 0.7970 195.1684 -0.0008 0.0004 1.0000
0.1226 0.1750 263.7034 -0.5303 0.7748 193.9201 -0.0009 0.0005 1.0000
0.1521 0.1594 266.2472 -0.5363 0.7762 197.9958 -0.0008 0.0004 1.0000
0.0272 0.2490 288.4657 -0.5380 0.7691 197.4772 -0.0009 0.0006 1.0000
0.1105 0.1738 288.6702 -0.5397 0.7839 197.2536 -0.0008 0.0005 1.0000
0.0969 0.2018 300.8226 -0.5355 0.7759 197.0878 -0.0008 0.0005 1.0000
0.0343 0.2329 323.3896 -0.5236 0.7600 190.4770 -0.0009 0.0005 1.0000
0.0182 0.2071 336.9862 -0.5275 0.7412 193.3847 -0.0009 0.0005 1.0000
0.0090 0.2156 356.9695 -0.5220 0.7469 186.5366 -0.0009 0.0005 1.0000
-0.0430 0.2747 380.7438 -0.5388 0.7696 186.1684 -0.0009 0.0005 1.0000
-0.0738 0.1941 399.5661 -0.5226 0.7275 179.2038 -0.0009 0.0005 1.0000
-0.1257 0.3324 416.8188 -0.5302 0.7391 179.4662 -0.0010 0.0006 1.0000
-0.1404 0.2891 430.2845 -0.5269 0.7298 174.3764 -0.0010 0.0005 1.0000
-0.1313 0.3193 436.6634 -0.5209 0.7289 169.9285 -0.0009 0.0005 1.0000
-0.1183 0.3221 450.7957 -0.5227 0.7420 167.1492 -0.0009 0.0005 1.0000
-0.1103 0.3200 454.6169 -0.5076 0.7243 162.8099 -0.0009 0.0005 1.0000
-0.1256 0.3424 456.9845 -0.5188 0.7511 164.5999 -0.0009 0.0006 1.0000
-0.1611 0.3072 468.2810 -0.4967 0.7043 161.6058 -0.0009 0.0005 1.0000
-0.1550 0.3238 467.0535 -0.5042 0.7176 167.6485 -0.0009 0.0006 1.0000
-0.1352 0.3360 463.7021 -0.5041 0.7200 169.4567 -0.0009 0.0006 1.0000
-0.1765 0.3055 466.7334 -0.4904 0.7019 170.6496 -0.0009 0.0005 1.0000
-0.1678 0.3036 465.7020 -0.4931 0.7003 177.5231 -0.0009 0.0005 1.0000
-0.1455 0.3449 455.8620 -0.4907 0.7120 181.8790 -0.0009 0.0006 1.0000
-0.1158 0.3113 451.7045 -0.4840 0.7095 184.8681 -0.0009 0.0006 1.0000
-0.1296 0.2944 447.9268 -0.4813 0.7040 186.3631 -0.0009 0.0006 1.0000
-0.1025 0.2759 438.9939 -0.4885 0.7043 192.9486 -0.0009 0.0005 1.0000
-0.1449 0.2952 440.4942 -0.4729 0.6841 190.0856 -0.0009 0.0006 1.0000
-0.1124 0.2451 436.5085 -0.4715 0.6816 191.4816 -0.0009 0.0005 1.0000
-0.1148 0.2920 432.7163 -0.4830 0.7142 194.5852 -0.0009 0.0006 1.0000
-0.1071 0.2551 434.7319 -0.4719 0.6868 194.4395 -0.0009 0.0005 1.0000
-0.1286 0.2983 434.1879 -0.4722 0.6865 195.6643 -0.0009 0.0006 1.0000
-0.1132 0.2736 429.7461 -0.4664 0.6813 194.6815 -0.0009 0.0005 1.0000
-0.1323 0.3052 427.2665 -0.4670 0.6800 196.6931 -0.0009 0.0006 1.0000
-0.1070 0.2810 419.5319 -0.4677 0.6863 199.1143 -0.0009 0.0006 1.0000
-0.0989 0.2973 413.7265 -0.4711 0.7012 201.6960 -0.0009 0.0006 1.0000
-0.0964 0.2239 410.7634 -0.4598 0.6657 203.9652 -0.0009 0.0005 1.0000
-0.0937 0.2526 402.8831 -0.4671 0.6835 209.4698 -0.0009 0.0006 1.0000
-0.0854 0.2883 393.1146 -0.4744 0.7056 212.8914 -0.0009 0.0006 1.0000
-0.0926 0.2290 391.2649 -0.4669 0.6676 216.4446 -0.0009 0.0005 1.0000
-0.0744 0.2586 383.5525 -0.4753 0.6906 222.1458 -0.0009 0.0006 1.0000
-0.0750 0.2549 381.5642 -0.4831 0.6953 229.3664 -0.0009 0.0006 1.0000
-0.0754 0.2609 381.7421 -0.4841 0.6941 234.0168 -0.0009 0.0006 1.0000
-0.0773 0.2556 386.0105 -0.4880 0.6954 241.4757 -0.0009 0.0006 1.0000
-0.0876 0.2837 391.8246 -0.4978 0.7039 249.6018 -0.0009 0.0006 1.0000
-0.1236 0.2736 404.3680 -0.4979 0.6843 252.4415 -0.0009 0.0006 1.0000
-0.1294 0.2666 414.3198 -0.4970 0.6660 257.8337 -0.0009 0.0005 1.0000
-0.1432 0.3192 427.1796 -0.5053 0.6907 261.8442 -0.0009 0.0006 1.0000
-0.1956 0.3398 438.6718 -0.5153 0.6963 264.2019 -0.0009 0.0006 1.0000
-0.1574 0.3162 449.2421 -0.5137 0.6970 269.1408 -0.0009 0.0006 1.0000
-0.2034 0.3271 461.1660 -0.5110 0.6756 269.4009 -0.0009 0.0006 1.0000
-0.1930 0.2973 476.1441 -0.5169 0.6772 274.0660 -0.0009 0.0005 1.0000
-0.1848 0.3374 481.9300 -0.5169 0.6891 275.5636 -0.0009 0.0006 1.0000
-0.2479 0.3435 497.6696 -0.5232 0.6760 276.3551 -0.0009 0.0006 1.0000
-0.2244 0.3484 506.6420 -0.5220 0.6860 277.7700 -0.0009 0.0006 1.0000
-0.2598 0.4018 515.1452 -0.5301 0.7038 278.8066 -0.0009 0.0006 1.0000
-0.2722 0.3414 527.4897 -0.5223 0.6614 281.1109 -0.0009 0.0005 1.0000
-0.2665 0.3879 530.6918 -0.5248 0.6872 279.9672 -0.0009 0.0006 1.0000
-0.2785 0.3671 540.8004 -0.5216 0.6690 279.6904 -0.0009 0.0005 1.0000
-0.2826 0.3727 546.3477 -0.5203 0.6789 277.0831 -0.0009 0.0006 1.0000
-0.3108 0.4045 556.3110 -0.5259 0.6766 281.0393 -0.0009 0.0006 1.0000
-0.2797 0.3994 559.2588 -0.5173 0.6837 275.6890 -0.0009 0.0006 1.0000
-0.2861 0.3012 568.2912 -0.4974 0.6196 273.3408 -0.0009 0.0005 1.0000
-0.2834 0.3485 571.7943 -0.5036 0.6518 272.0172 -0.0009 0.0005 1.0000
-0.3016 0.3345 577.2647 -0.4976 0.6348 269.0682 -0.0009 0.0005 1.0000
-0.3005 0.3885 581.4949 -0.5034 0.6604 269.5599 -0.0009 0.0006 1.0000
-0.3609 0.4730 588.8871 -0.5126 0.6755 268.9626 -0.0010 0.0007 1.0000
-0.3402 0.4116 593.2629 -0.5014 0.6602 265.1596 -0.0009 0.0006 1.0000
-0.3353 0.4255 598.5893 -0.4977 0.6600 263.5755 -0.0009 0.0006 1.0000
-0.3111 0.3910 600.7207 -0.4948 0.6622 262.5560 -0.0009 0.0006 1.0000
-0.3319 0.4267 605.9562 -0.4916 0.6629 258.9899 -0.0009 0.0006 1.0000
-0.3669 0.4770 608.5620 -0.4999 0.6706 260.2946 -0.0009 0.0007 1.0000
-0.3203 0.3516 614.5822 -0.4767 0.6192 256.8254 -0.0009 0.0005 1.0000
-0.3299 0.3841 618.6088 -0.4766 0.6400 252.9700 -0.0009 0.0005 1.0000
-0.3679 0.4421 619.0580 -0.4762 0.6360 250.9704 -0.0009 0.0006 1.0000
-0.3483 0.4673 617.6430 -0.4840 0.6692 251.5393 -0.0009 0.0006 1.0000
-0.3509 0.4400 619.7810 -0.4713 0.6343 250.6071 -0.0009 0.0006 1.0000
-0.3513 0.4755 615.6268 -0.4793 0.6635 249.3392 -0.0009 0.0007 1.0000
-0.3312 0.4223 613.2395 -0.4685 0.6427 247.8941 -0.0009 0.0006 1.0000
-0.3270 0.4356 608.2832 -0.4710 0.6514 248.9611 -0.0009 0.0006 1.0000
-0.2876 0.4270 606.5323 -0.4557 0.6457 244.0859 -0.0009 0.0006 1.0000
-0.3461 0.4781 605.3938 -0.4580 0.6438 240.8413 -0.0009 0.0007 1.0000
-0.3449 0.4164 606.6750 -0.4513 0.6247 241.3845 -0.0009 0.0006 1.0000
-0.3265 0.3903 602.3237 -0.4481 0.6174 241.3251 -0.0009 0.0006 1.0000
-0.2672 0.3776 595.6369 -0.4349 0.6184 239.6893 -0.0008 0.0006 1.0000
-0.2763 0.3747 595.8471 -0.4314 0.6132 239.4726 -0.0009 0.0006 1.0000
-0.2701 0.4366 595.8106 -0.4413 0.6461 242.9832 -0.0008 0.0006 1.0000
-0.2763 0.4408 594.1425 -0.4472 0.6423 247.3455 -0.0009 0.0006 1.0000
-0.3118 0.4229 599.3750 -0.4432 0.6187 246.2607 -0.0009 0.0006 1.0000
-0.3221 0.4425 598.0866 -0.4444 0.6225 246.6336 -0.0009 0.0006 1.0000
-0.3212 0.4874 595.1288 -0.4431 0.6288 248.0784 -0.0009 0.0007 1.0000
-0.3106 0.4175 600.4802 -0.4450 0.6280 247.6355 -0.0009 0.0006 1.0000
-0.3038 0.3673 601.2653 -0.4349 0.6029 245.7236 -0.0009 0.0006 1.0000
-0.2709 0.3680 601.7006 -0.4213 0.5962 243.4293 -0.0008 0.0005 1.0000
-0.3012 0.4386 602.0929 -0.4308 0.6180 243.1679 -0.0009 0.0006 1.0000
-0.2977 0.4333 601.5578 -0.4260 0.6196 238.5735 -0.0009 0.0006 1.0000
-0.3468 0.4161 605.9354 -0.4296 0.5934 240.2307 -0.0009 0.0006 1.0000
-0.3291 0.3797 606.6725 -0.4194 0.5841 236.2903 -0.0009 0.0006 1.0000
-0.2956 0.3327 605.4151 -0.4082 0.5609 235.4585 -0.0008 0.0005 1.0000
-0.2484 0.3687 601.2467 -0.4008 0.5701 234.6928 -0.0008 0.0005 1.0000
-0.3022 0.4247 602.2047 -0.4033 0.5779 231.7972 -0.0009 0.0006 1.0000
-0.3325 0.4364 604.9114 -0.4154 0.5867 233.4477 -0.0009 0.0006 1.0000
-0.3223 0.4387 603.8425 -0.4134 0.5924 232.4103 -0.0009 0.0006 1.0000
-0.3093 0.4336 601.2451 -0.4154 0.5991 233.4340 -0.0009 0.0006 1.0000
-0.3215 0.3830 605.7021 -0.4059 0.5624 235.0026 -0.0009 0.0006 1.0000
-0.2929 0.5095 597.0759 -0.4144 0.6230 233.7978 -0.0009 0.0007 1.0000
-0.3525 0.4900 601.9906 -0.4141 0.5973 231.4109 -0.0009 0.0007 1.0000
-0.3260 0.4334 600.6807 -0.4069 0.5765 232.7980 -0.0009 0.0006 1.0000
-0.2977 0.4515 598.2878 -0.4029 0.5865 232.0983 -0.0009 0.0007 1.0000
-0.2867 0.3324 601.7014 -0.3896 0.5469 228.9726 -0.0008 0.0005 1.0000
-0.3437 0.4681 602.9342 -0.4111 0.5853 233.0525 -0.0009 0.0007 1.0000
-0.2956 0.3877 601.6525 -0.3924 0.5641 229.5015 -0.0008 0.0006 1.0000
-0.2892 0.4395 599.0404 -0.4026 0.5961 231.7766 -0.0008 0.0006 1.0000
-0.2721 0.3701 599.8528 -0.3907 0.5627 231.2060 -0.0008 0.0005 1.0000
-0.2848 0.4583 598.7959 -0.4007 0.5973 234.4401 -0.0008 0.0007 1.0000
-0.3054 0.5001 597.2462 -0.4041 0.6062 233.1247 -0.0009 0.0007 1.0000
-0.3001 0.4703 593.9153 -0.4080 0.5963 236.8902 -0.0008 0.0007 1.0000
-0.3199 0.5028 592.9431 -0.3986 0.5858 231.9305 -0.0009 0.0007 1.0000
-0.3180 0.4345 598.3028 -0.3930 0.5684 232.3253 -0.0009 0.0006 1.0000
-0.3249 0.4755 595.9499 -0.3972 0.5701 236.5461 -0.0009 0.0007 1.0000
-0.3006 0.4378 594.2962 -0.3959 0.5746 237.9241 -0.0008 0.0006 1.0000
-0.3014 0.4276 593.3416 -0.3925 0.5578 240.0442 -0.0008 0.0006 1.0000
-0.2702 0.4018 587.6490 -0.3890 0.5602 241.5414 -0.0008 0.0006 1.0000
-0.2583 0.3766 583.4046 -0.3906 0.5582 247.6347 -0.0008 0.0006 1.0000
-0.2983 0.4439 582.0234 -0.3985 0.5779 246.3891 -0.0008 0.0007 1.0000
-0.2964 0.4897 578.3676 -0.4007 0.5877 250.3125 -0.0008 0.0007 1.0000
-0.2847 0.4540 574.1609 -0.4001 0.5731 253.5259 -0.0008 0.0007 1.0000
-0.2719 0.4314 566.7948 -0.3940 0.5604 255.0788 -0.0008 0.0007 1.0000
-0.2939 0.4143 563.3969 -0.3985 0.5545 255.0676 -0.0008 0.0006 1.0000
-0.2369 0.4133 554.8532 -0.3822 0.5616 252.7697 -0.0008 0.0006 1.0000
-0.2291 0.4427 546.0422 -0.3908 0.5832 256.0260 -0.0008 0.0007 1.0000
-0.2699 0.4408 540.0884 -0.4003 0.5800 255.3841 -0.0008 0.0007 1.0000
-0.2450 0.3642 535.6488 -0.3889 0.5420 256.2678 -0.0008 0.0006 1.0000
-0.2558 0.4404 526.5356 -0.3969 0.5791 255.5870 -0.0008 0.0007 1.0000
-0.2219 0.4244 518.6873 -0.3912 0.5790 258.2766 -0.0008 0.0007 1.0000
-0.2760 0.4694 516.9998 -0.3967 0.5863 254.2096 -0.0009 0.0008 1.0000
-0.2023 0.3415 507.4090 -0.3737 0.5442 252.6010 -0.0008 0.0006 1.0000
-0.2290 0.3461 502.6124 -0.3752 0.5240 252.7773 -0.0008 0.0006 1.0000
-0.1662 0.3559 490.4162 -0.3676 0.5501 252.9610 -0.0008 0.0006 1.0000
-0.1969 0.3590 486.8326 -0.3726 0.5435 251.5648 -0.0008 0.0006 1.0000
-0.1784 0.4038 474.1015 -0.3777 0.5734 252.2653 -0.0008 0.0007 1.0000
-0.1671 0.4140 470.7525 -0.3724 0.5901 249.3150 -0.0008 0.0007 1.0000
-0.1558 0.3115 470.0709 -0.3563 0.5365 247.0199 -0.0008 0.0006 1.0000
-0.1852 0.4217 461.1413 -0.3755 0.5846 248.2011 -0.0008 0.0008 1.0000
-0.2024 0.3557 461.5219 -0.3701 0.5493 245.6705 -0.0008 0.0007 1.0000
-0.2084 0.3159 460.5458 -0.3606 0.5133 242.4232 -0.0008 0.0006 1.0000
-0.1858 0.3861 454.0433 -0.3649 0.5615 242.4649 -0.0008 0.0007 1.0000
-0.1727 0.3611 448.6088 -0.3607 0.5619 239.2002 -0.0008 0.0007 1.0000
-0.1609 0.3466 443.1185 -0.3496 0.5368 236.1433 -0.0008 0.0007 1.0000
-0.1540 0.3384 442.2333 -0.3508 0.5452 236.4267 -0.0008 0.0007 1.0000
-0.1736 0.3674 441.4361 -0.3534 0.5483 235.3395 -0.0008 0.0007 1.0000
-0.1779 0.3564 440.3686 -0.3515 0.5392 233.9000 -0.0008 0.0007 1.0000
-0.1665 0.3839 436.4351 -0.3498 0.5501 231.9449 -0.0008 0.0008 1.0000
-0.1860 0.3470 439.2282 -0.3436 0.5246 228.0550 -0.0008 0.0007 1.0000
-0.1706 0.3107 436.7790 -0.3363 0.5021 227.5241 -0.0008 0.0006 1.0000
-0.2327 0.3986 439.5643 -0.3560 0.5353 225.7006 -0.0009 0.0008 1.0000
-0.1744 0.3205 434.9910 -0.3311 0.5046 221.4765 -0.0008 0.0006 1.0000
-0.1452 0.3814 430.7918 -0.3314 0.5407 220.0984 -0.0008 0.0007 1.0000
-0.1990 0.3505 436.2198 -0.3304 0.5002 219.1394 -0.0008 0.0007 1.0000
-0.1845 0.3426 434.2213 -0.3294 0.5008 218.5430 -0.0008 0.0007 1.0000
-0.1489 0.3251 432.2350 -0.3205 0.5079 216.8887 -0.0008 0.0007 1.0000
-0.1528 0.3671 428.5378 -0.3255 0.5209 219.1887 -0.0008 0.0007 1.0000
-0.1928 0.3846 432.6361 -0.3364 0.5336 217.6403 -0.0008 0.0008 1.0000
-0.1517 0.3494 429.5932 -0.3177 0.5028 217.3277 -0.0008 0.0007 1.0000
-0.1426 0.3555 427.9203 -0.3133 0.5055 214.6540 -0.0008 0.0007 1.0000
-0.1023 0.3384 423.6612 -0.3048 0.5118 213.2865 -0.0007 0.0007 1.0000
-0.1371 0.3408 425.9792 -0.3098 0.5110 211.4357 -0.0008 0.0007 1.0000
-0.1562 0.3962 425.2027 -0.3157 0.5172 213.4861 -0.0008 0.0008 1.0000
-0.1517 0.3220 425.7366 -0.3081 0.4856 209.5827 -0.0008 0.0007 1.0000
-0.1560 0.3497 426.9543 -0.3101 0.5030 207.9505 -0.0008 0.0007 1.0000
-0.1019 0.2721 422.9414 -0.2965 0.4806 206.8785 -0.0007 0.0006 1.0000
-0.1614 0.3878 427.2867 -0.3187 0.5291 206.8965 -0.0008 0.0008 1.0000
-0.1515 0.3089 427.8075 -0.3014 0.4757 203.9269 -0.0008 0.0006 1.0000
-0.1275 0.2949 427.4103 -0.2895 0.4638 201.7582 -0.0007 0.0006 1.0000
-0.2042 0.3422 430.0611 -0.2997 0.4606 197.8081 -0.0008 0.0007 1.0000
-0.1474 0.3924 422.8287 -0.3025 0.5166 197.3468 -0.0008 0.0008 1.0000
-0.1932 0.3145 428.9009 -0.2982 0.4555 194.3802 -0.0008 0.0007 1.0000
-0.2036 0.3935 428.5545 -0.3048 0.4927 190.8404 -0.0009 0.0008 1.0000
-0.2094 0.4055 427.9142 -0.3056 0.4957 188.0445 -0.0009 0.0008 1.0000
-0.1728 0.4172 425.0006 -0.2999 0.5053 188.4559 -0.0008 0.0008 1.0000
-0.1376 0.3427 425.2310 -0.2799 0.4745 181.5862 -0.0007 0.0007 1.0000
-0.1642 0.3360 425.9011 -0.2799 0.4624 178.4219 -0.0008 0.0007 1.0000
-0.1338 0.2853 423.7802 -0.2702 0.4420 175.8520 -0.0007 0.0006 1.0000
-0.1959 0.4595 427.8015 -0.2878 0.5007 173.2954 -0.0008 0.0009 1.0000
-0.1780 0.3365 425.7398 -0.2696 0.4392 172.0589 -0.0008 0.0007 1.0000
-0.1271 0.3607 419.6703 -0.2653 0.4658 169.2715 -0.0007 0.0007 1.0000
-0.1574 0.3489 421.9188 -0.2727 0.4511 171.5237 -0.0008 0.0007 1.0000
-0.1596 0.2825 425.1096 -0.2684 0.4303 171.0109 -0.0008 0.0006 1.0000
-0.1264 0.2829 421.1047 -0.2644 0.4439 169.4831 -0.0007 0.0006 1.0000
-0.1647 0.3491 420.1529 -0.2727 0.4666 167.8304 -0.0008 0.0007 1.0000
-0.1639 0.3234 418.8292 -0.2655 0.4454 166.1533 -0.0008 0.0007 1.0000
-0.2104 0.3955 417.3002 -0.2805 0.4686 168.0471 -0.0009 0.0008 1.0000
-0.1451 0.3387 412.5696 -0.2702 0.4689 167.6319 -0.0008 0.0007 1.0000
-0.1649 0.3196 410.1470 -0.2659 0.4361 167.3351 -0.0008 0.0007 1.0000
-0.1401 0.3010 407.9047 -0.2604 0.4391 167.5434 -0.0008 0.0006 1.0000
-0.1222 0.2869 402.8916 -0.2554 0.4358 167.1728 -0.0007 0.0006 1.0000
-0.1550 0.3550 397.6182 -0.2712 0.4655 168.6222 -0.0008 0.0008 1.0000
-0.1216 0.3634 389.6505 -0.2680 0.4811 168.1891 -0.0008 0.0008 1.0000
-0.1513 0.3567 388.6433 -0.2676 0.4610 167.7995 -0.0008 0.0008 1.0000
-0.1354 0.3279 383.4692 -0.2702 0.4569 170.5750 -0.0008 0.0007 1.0000
-0.1326 0.3204 379.4633 -0.2666 0.4602 169.1250 -0.0008 0.0007 1.0000
-0.1213 0.3194 370.2783 -0.2609 0.4559 166.5444 -0.0008 0.0007 1.0000
-0.0637 0.2496 364.1100 -0.2490 0.4370 168.7833 -0.0007 0.0006 1.0000
-0.1308 0.3400 362.2533 -0.2610 0.4477 170.4273 -0.0008 0.0008 1.0000
-0.0798 0.2683 355.1102 -0.2540 0.4464 169.6593 -0.0007 0.0007 1.0000
-0.0267 0.2827 345.2822 -0.2412 0.4527 168.4620 -0.0006 0.0007 1.0000
-0.0662 0.3053 340.7849 -0.2480 0.4506 168.2530 -0.0007 0.0008 1.0000
-0.0927 0.2917 336.4682 -0.2569 0.4496 168.2704 -0.0008 0.0007 1.0000
-0.0558 0.3018 325.5703 -0.2442 0.4541 166.4072 -0.0007 0.0008 1.0000
-0.0756 0.2513 323.2698 -0.2539 0.4368 167.8312 -0.0008 0.0006 1.0000
-0.0523 0.1860 314.3404 -0.2424 0.4123 163.4451 -0.0007 0.0005 1.0000
-0.0289 0.2462 307.5469 -0.2443 0.4523 163.7271 -0.0007 0.0007 1.0000
-0.0520 0.2110 304.4491 -0.2447 0.4242 162.4622 -0.0007 0.0006 1.0000
-0.0771 0.2847 298.0750 -0.2620 0.4718 161.5431 -0.0008 0.0008 1.0000
-0.0176 0.2449 288.4707 -0.2303 0.4461 155.5275 -0.0007 0.0007 1.0000
-0.0435 0.2106 288.0361 -0.2344 0.4221 155.1972 -0.0008 0.0006 1.0000
-0.0136 0.2217 278.9380 -0.2310 0.4407 152.8105 -0.0007 0.0007 1.0000
-0.0414 0.1891 281.2218 -0.2270 0.4123 149.8085 -0.0008 0.0006 1.0000
-0.0759 0.2372 278.8867 -0.2306 0.4290 144.5926 -0.0008 0.0007 1.0000
-0.0051 0.2340 266.9163 -0.2194 0.4502 142.9450 -0.0007 0.0008 1.0000
-0.0058 0.2558 263.8066 -0.2131 0.4475 140.7529 -0.0007 0.0008 1.0000
-0.0237 0.2048 266.3764 -0.2172 0.4381 137.1319 -0.0008 0.0007 1.0000
-0.0234 0.1870 263.6317 -0.2063 0.4168 133.4200 -0.0008 0.0007 1.0000
-0.0218 0.2080 263.1818 -0.2078 0.4285 133.7211 -0.0008 0.0007 1.0000
-0.0194 0.2007 265.4707 -0.2006 0.4143 131.5452 -0.0008 0.0007 1.0000
-0.0020 0.2295 265.5205 -0.1892 0.4221 128.7046 -0.0007 0.0008 1.0000
-0.0863 0.2141 279.7303 -0.2096 0.4050 130.6374 -0.0009 0.0008 1.0000
-0.0410 0.2530 281.6208 -0.2054 0.4476 131.7522 -0.0008 0.0009 1.0000
-0.0096 0.2412 286.5237 -0.1866 0.4362 129.1735 -0.0007 0.0008 1.0000
-0.0650 0.2691 300.0598 -0.2007 0.4496 130.7591 -0.0008 0.0009 1.0000
-0.0054 0.1879 309.3897 -0.1851 0.4208 135.4463 -0.0007 0.0007 1.0000
-0.0474 0.1772 324.5785 -0.1890 0.3988 139.5761 -0.0007 0.0006 1.0000
-0.0500 0.2456 334.3899 -0.2003 0.4506 143.6138 -0.0007 0.0008 1.0000
-0.0843 0.2732 352.5943 -0.2067 0.4476 149.8433 -0.0008 0.0008 1.0000
-0.1071 0.2492 367.0807 -0.2011 0.4210 151.0851 -0.0008 0.0007 1.0000
-0.1088 0.2667 378.0626 -0.2073 0.4255 158.7946 -0.0008 0.0007 1.0000
-0.1160 0.3178 390.9110 -0.2238 0.4659 166.8955 -0.0008 0.0008 1.0000
-0.1457 0.3117 411.8567 -0.2271 0.4389 174.2957 -0.0008 0.0007 1.0000
-0.1321 0.3795 422.4952 -0.2277 0.4781 178.9017 -0.0008 0.0008 1.0000
-0.1019 0.2793 437.6885 -0.2274 0.4473 189.0150 -0.0007 0.0007 1.0000
-0.1600 0.2745 456.3685 -0.2373 0.4162 196.5379 -0.0007 0.0006 1.0000
-0.2021 0.2994 471.7083 -0.2533 0.4207 203.9319 -0.0008 0.0006 1.0000
-0.1848 0.3841 483.1515 -0.2657 0.4757 213.4599 -0.0007 0.0008 1.0000
-0.1949 0.2732 497.5561 -0.2618 0.4141 220.0774 -0.0007 0.0005 1.0000
-0.1953 0.3020 506.5099 -0.2711 0.4285 227.6712 -0.0007 0.0006 1.0000
-0.2343 0.3667 520.2536 -0.2884 0.4501 235.0046 -0.0008 0.0006 1.0000
-0.2652 0.3321 531.1898 -0.2987 0.4291 241.2788 -0.0008 0.0006 1.0000
-0.2468 0.4343 539.6181 -0.2995 0.4688 247.1534 -0.0007 0.0007 1.0000
-0.2675 0.4600 545.5362 -0.3268 0.4925 257.3545 -0.0008 0.0007 1.0000
-0.2622 0.4233 554.7870 -0.3246 0.4731 261.7336 -0.0008 0.0007 1.0000
-0.3267 0.5202 562.4698 -0.3534 0.5112 267.8930 -0.0008 0.0008 1.0000
-0.3011 0.4720 570.5129 -0.3493 0.4925 271.3847 -0.0008 0.0007 1.0000
-0.3745 0.6001 577.2079 -0.3769 0.5328 276.7548 -0.0009 0.0009 1.0000
-0.3441 0.5057 586.8914 -0.3635 0.4866 280.1117 -0.0008 0.0007 1.0000
-0.3447 0.5749 588.8421 -0.3828 0.5300 284.8172 -0.0008 0.0008 1.0000
-0.2780 0.4700 593.0676 -0.3634 0.4872 287.7156 -0.0007 0.0006 1.0000
-0.3792 0.5877 597.5558 -0.3971 0.5257 289.9956 -0.0008 0.0008 1.0000
-0.4274 0.5920 604.0153 -0.3967 0.4944 289.2322 -0.0009 0.0008 1.0000
-0.3998 0.6528 605.4762 -0.4156 0.5469 296.2226 -0.0009 0.0009 1.0000
-0.3943 0.5527 608.9162 -0.4039 0.4841 297.4263 -0.0008 0.0007 1.0000
-0.4084 0.6021 611.1062 -0.4109 0.5142 295.5661 -0.0009 0.0008 1.0000
-0.2912 0.4815 602.6520 -0.3838 0.4866 295.4263 -0.0007 0.0006 1.0000
-0.3927 0.5306 608.4908 -0.4013 0.4671 296.6658 -0.0008 0.0007 1.0000
-0.3832 0.4357 608.8187 -0.3977 0.4339 295.9068 -0.0008 0.0005 1.0000
-0.3835 0.5761 601.6192 -0.4115 0.4976 298.3842 -0.0008 0.0007 1.0000
-0.4315 0.5331 600.4115 -0.4206 0.4696 299.2531 -0.0009 0.0007 1.0000
-0.3094 0.6681 587.7117 -0.4125 0.5489 304.2306 -0.0007 0.0008 1.0000
-0.2658 0.5951 578.7708 -0.4047 0.5357 304.5149 -0.0007 0.0007 1.0000
-0.3828 0.5498 576.7248 -0.4295 0.5039 302.0708 -0.0008 0.0007 1.0000
-0.3219 0.6085 563.3175 -0.4213 0.5374 302.6200 -0.0008 0.0008 1.0000
-0.3733 0.6365 554.5676 -0.4359 0.5470 301.7126 -0.0009 0.0008 1.0000
-0.3184 0.6461 537.2068 -0.4401 0.5732 304.9807 -0.0008 0.0009 1.0000
-0.2699 0.5426 523.4700 -0.4167 0.5329 303.1226 -0.0008 0.0007 1.0000
-0.2503 0.4883 510.5292 -0.4125 0.5160 303.7717 -0.0007 0.0007 1.0000
-0.1902 0.4389 492.6531 -0.3988 0.5021 303.4194 -0.0007 0.0006 1.0000
-0.2352 0.4752 479.4977 -0.4130 0.5161 301.9567 -0.0008 0.0007 1.0000
-0.2434 0.4503 467.9010 -0.4165 0.5159 300.8974 -0.0008 0.0007 1.0000
-0.1584 0.4610 442.9530 -0.4069 0.5518 301.0960 -0.0007 0.0007 1.0000
-0.1429 0.3945 428.0766 -0.3915 0.5140 298.7705 -0.0007 0.0006 1.0000
-0.1022 0.4394 407.8611 -0.4001 0.5703 300.9683 -0.0007 0.0007 1.0000
-0.1689 0.3806 402.2717 -0.4074 0.5267 298.2446 -0.0008 0.0007 1.0000
-0.1814 0.5103 384.9860 -0.4298 0.6097 299.9752 -0.0009 0.0009 1.0000
-0.0997 0.3479 371.3041 -0.4044 0.5510 301.2979 -0.0007 0.0006 1.0000
-0.0736 0.3294 358.6520 -0.3918 0.5491 299.2786 -0.0007 0.0006 1.0000
-0.0226 0.3556 348.0341 -0.3845 0.5874 301.1981 -0.0007 0.0007 1.0000
-0.1133 0.3702 349.6247 -0.4162 0.5891 298.8044 -0.0008 0.0007 1.0000
-0.0392 0.3371 340.5447 -0.3904 0.5998 294.7104 -0.0007 0.0007 1.0000
-0.0439 0.3586 339.9380 -0.3944 0.6205 293.6299 -0.0007 0.0007 1.0000
