1.0000 -0.0000 -0.0000 -0.0000 1.0000 -0.0000 -0.0000 -0.0000 1.0000
1.0400 0.0009 -10.4790 0.0045 1.0342 -9.9790 0.0000 0.0000 1.0000
1.0148 -0.0172 -4.9673 0.0001 0.9998 -10.8478 0.0000 -0.0000 1.0000
1.0534 -0.0080 -18.6491 0.0127 1.0336 -26.3991 0.0000 0.0000 1.0000
1.0723 -0.0264 -22.0436 0.0265 1.0316 -38.5101 0.0001 -0.0000 1.0000
1.0604 -0.0249 -19.0525 0.0213 1.0218 -37.5050 0.0000 -0.0000 1.0000
1.0227 -0.0268 -6.6326 0.0152 1.0062 -38.8008 0.0000 -0.0000 1.0000
1.0166 -0.0333 -4.7121 0.0291 0.9962 -52.2365 0.0000 -0.0000 1.0000
1.0458 -0.0314 -17.9079 0.0262 1.0253 -61.4594 0.0000 0.0000 1.0000
1.0231 -0.0447 -11.3165 0.0390 0.9970 -72.0647 0.0000 -0.0000 1.0000
1.0225 -0.0496 -15.1501 0.0383 0.9989 -80.4344 0.0000 -0.0000 1.0000
1.0182 -0.0513 -12.0257 0.0494 0.9989 -91.9549 0.0000 0.0000 1.0000
1.0531 -0.0505 -20.0493 0.0588 1.0192 -102.9960 0.0001 0.0000 1.0000
1.0356 -0.0515 -12.6025 0.0628 1.0131 -109.1383 0.0000 0.0000 1.0000
0.8930 -0.0604 33.3803 -0.0044 0.9225 -61.9698 -0.0001 0.0000 1.0000
0.9070 -0.0785 34.6116 0.0219 0.9213 -78.4908 -0.0001 -0.0000 1.0000
1.0461 -0.0829 1.4359 0.1019 1.0071 -133.3587 0.0001 0.0000 1.0000
0.9037 -0.0717 31.7635 0.0234 0.9275 -77.2384 -0.0001 0.0000 1.0000
0.8793 -0.0813 38.1427 0.0273 0.9068 -70.8295 -0.0001 -0.0000 1.0000
0.8520 -0.0775 43.0628 0.0123 0.8824 -50.2869 -0.0001 -0.0000 1.0000
0.8180 -0.0729 56.9223 0.0129 0.8634 -34.9313 -0.0001 0.0000 1.0000
0.7783 -0.0752 74.8271 -0.0062 0.8356 -6.8892 -0.0001 -0.0000 1.0000
0.7472 -0.0824 89.6813 -0.0213 0.8019 20.1333 -0.0001 -0.0000 1.0000
0.7376 -0.0816 97.7921 -0.0234 0.7896 39.6231 -0.0001 -0.0000 1.0000
0.6666 -0.0662 121.3798 -0.0542 0.7564 72.6026 -0.0002 -0.0000 1.0000
0.6398 -0.0712 139.1294 -0.0620 0.7226 98.2942 -0.0002 -0.0001 1.0000
0.6069 -0.0470 152.3259 -0.0883 0.7223 127.3349 -0.0002 -0.0000 1.0000
0.5747 -0.0473 168.1887 -0.0982 0.6901 147.2379 -0.0002 -0.0000 1.0000
0.5467 -0.0304 180.1561 -0.1222 0.6832 172.0061 -0.0002 -0.0000 1.0000
0.5146 -0.0336 196.8632 -0.1285 0.6532 187.1457 -0.0002 -0.0001 1.0000
0.4944 -0.0111 206.0674 -0.1503 0.6529 202.7109 -0.0002 -0.0000 1.0000
0.4791 -0.0202 217.2867 -0.1479 0.6244 206.7639 -0.0002 -0.0001 1.0000
0.4423 -0.0094 231.0604 -0.1670 0.6108 215.1078 -0.0002 -0.0001 1.0000
0.4357 0.0077 234.4559 -0.1773 0.6165 221.4404 -0.0002 -0.0000 1.0000
0.4184 0.0069 241.2950 -0.1831 0.6009 223.8621 -0.0003 -0.0001 1.0000
0.4220 0.0294 239.2330 -0.1859 0.6156 226.6661 -0.0002 -0.0000 1.0000
0.3939 0.0165 249.0428 -0.1956 0.5866 237.1224 -0.0003 -0.0001 1.0000
0.3821 0.0294 250.3564 -0.2037 0.5853 247.1442 -0.0003 -0.0001 1.0000
0.3835 0.0384 249.9026 -0.2144 0.5896 261.7325 -0.0003 -0.0000 1.0000
0.3746 0.0526 252.2226 -0.2168 0.5918 270.9388 -0.0003 -0.0000 1.0000
0.3824 0.0533 255.0955 -0.2199 0.5884 282.5134 -0.0002 -0.0000 1.0000
0.3574 0.0515 270.1727 -0.2244 0.5684 289.9598 -0.0003 -0.0001 1.0000
0.3229 0.0568 287.6991 -0.2476 0.5570 298.5293 -0.0003 -0.0001 1.0000
0.3223 0.1000 295.5059 -0.2520 0.5835 299.3431 -0.0003 -0.0000 1.0000
0.2800 0.1000 323.5131 -0.2560 0.5625 293.9451 -0.0003 -0.0000 1.0000
0.2604 0.1096 345.2672 -0.2700 0.5580 293.1372 -0.0003 -0.0000 1.0000
0.2361 0.1230 360.8058 -0.2750 0.5519 286.2136 -0.0003 -0.0000 1.0000
0.2396 0.1316 374.3112 -0.2690 0.5581 273.8965 -0.0003 -0.0000 1.0000
0.2205 0.1434 390.3640 -0.2744 0.5624 264.1045 -0.0003 0.0000 1.0000
0.2171 0.1373 404.9051 -0.2703 0.5555 253.2507 -0.0003 -0.0000 1.0000
0.1853 0.1493 419.3018 -0.2701 0.5532 238.8491 -0.0004 0.0000 1.0000
0.1796 0.1410 429.6926 -0.2630 0.5497 219.4377 -0.0004 -0.0000 1.0000
0.1925 0.1596 432.5228 -0.2575 0.5659 200.1690 -0.0003 0.0000 1.0000
0.1900 0.1624 437.1003 -0.2540 0.5709 179.7545 -0.0003 0.0000 1.0000
0.1577 0.1661 442.4039 -0.2501 0.5658 159.9190 -0.0004 0.0000 1.0000
0.1524 0.1729 442.0025 -0.2531 0.5725 147.0561 -0.0004 0.0000 1.0000
0.1513 0.2205 432.9432 -0.2525 0.6004 135.9853 -0.0004 0.0001 1.0000
0.1514 0.2002 430.3004 -0.2460 0.5936 132.3176 -0.0004 0.0000 1.0000
0.1328 0.2081 424.2969 -0.2489 0.5902 141.9627 -0.0004 0.0001 1.0000
0.1485 0.2051 411.7213 -0.2487 0.6015 157.9651 -0.0004 0.0001 1.0000
0.1389 0.1800 401.4999 -0.2514 0.5889 180.4844 -0.0004 0.0000 1.0000
0.1483 0.1857 387.3065 -0.2555 0.6041 202.5144 -0.0004 0.0001 1.0000
0.1527 0.1633 378.2717 -0.2504 0.6024 217.1606 -0.0004 0.0000 1.0000
0.1528 0.1201 370.1362 -0.2430 0.5866 227.2554 -0.0004 0.0000 1.0000
0.1642 0.1120 352.4989 -0.2419 0.6028 234.5625 -0.0004 0.0000 1.0000
0.1585 0.0664 349.6010 -0.2299 0.5819 232.8801 -0.0004 -0.0000 1.0000
0.1613 0.0758 340.9598 -0.2218 0.6005 221.8645 -0.0004 0.0000 1.0000
0.1490 0.0488 344.5312 -0.2085 0.5922 210.1378 -0.0004 0.0000 1.0000
0.1546 0.0318 338.8883 -0.1874 0.5942 195.8217 -0.0004 0.0000 1.0000
0.1459 0.0208 335.1307 -0.1796 0.5956 187.4643 -0.0004 0.0000 1.0000
0.1413 -0.0080 336.2346 -0.1561 0.5794 169.1287 -0.0004 0.0000 1.0000
0.1513 -0.0274 330.2291 -0.1311 0.5787 145.5940 -0.0004 0.0000 1.0000
0.1552 -0.0384 331.3258 -0.1175 0.5690 140.0627 -0.0004 0.0000 1.0000
0.1480 -0.0376 335.1199 -0.1069 0.5653 127.3243 -0.0004 0.0000 1.0000
0.1223 -0.0378 345.2274 -0.1006 0.5572 114.1685 -0.0004 0.0000 1.0000
0.1385 -0.0319 345.7651 -0.0839 0.5705 100.4153 -0.0004 0.0000 1.0000
0.1154 -0.0463 357.0582 -0.0813 0.5411 96.6281 -0.0004 0.0000 1.0000
0.1198 -0.0081 350.9876 -0.0752 0.5684 93.4448 -0.0004 0.0001 1.0000
0.1242 -0.0470 350.6123 -0.0712 0.5243 101.0241 -0.0003 0.0000 1.0000
0.1299 -0.0257 334.0043 -0.0721 0.5354 108.6386 -0.0004 0.0001 1.0000
0.1315 -0.0263 322.1166 -0.0672 0.5292 128.3824 -0.0003 0.0001 1.0000
0.1450 -0.0450 311.0228 -0.0721 0.5094 159.3529 -0.0003 0.0000 1.0000
0.1377 -0.0442 304.9236 -0.0915 0.5083 200.0375 -0.0003 0.0000 1.0000
0.1503 -0.0717 299.7052 -0.0920 0.4810 245.3645 -0.0003 -0.0000 1.0000
0.1323 -0.0842 320.1515 -0.1033 0.4785 290.6000 -0.0003 0.0000 1.0000
0.1165 -0.1043 341.0472 -0.1134 0.4509 304.5538 -0.0003 -0.0000 1.0000
0.1073 -0.1123 356.1051 -0.1114 0.4387 307.8290 -0.0003 -0.0000 1.0000
0.1139 -0.1151 372.5815 -0.1022 0.4505 307.8325 -0.0003 -0.0000 1.0000
0.0856 -0.1296 388.2952 -0.1117 0.4186 305.3602 -0.0004 -0.0000 1.0000
0.0993 -0.1395 402.5454 -0.0922 0.4269 297.0590 -0.0003 -0.0000 1.0000
0.0973 -0.1571 419.1845 -0.0761 0.4158 286.5299 -0.0003 -0.0000 1.0000
0.0894 -0.1754 432.3690 -0.0807 0.3968 284.4683 -0.0003 -0.0001 1.0000
0.0946 -0.1689 446.4483 -0.0611 0.4209 269.7893 -0.0003 -0.0000 1.0000
0.0847 -0.1987 463.7146 -0.0529 0.3903 259.1407 -0.0003 -0.0001 1.0000
0.0735 -0.1943 470.7882 -0.0492 0.3993 243.7932 -0.0003 -0.0000 1.0000
0.0848 -0.2157 478.7786 -0.0339 0.3874 229.4185 -0.0003 -0.0001 1.0000
0.0922 -0.2081 479.6023 -0.0143 0.4072 204.8038 -0.0003 -0.0000 1.0000
0.1132 -0.2140 476.0364 0.0048 0.4114 187.9248 -0.0003 -0.0000 1.0000
0.1214 -0.2205 473.4568 0.0192 0.4117 169.0327 -0.0003 -0.0000 1.0000
0.1389 -0.2309 463.5789 0.0334 0.4059 149.1144 -0.0003 -0.0000 1.0000
0.1587 -0.2244 441.5074 0.0407 0.4200 128.9692 -0.0003 -0.0000 1.0000
0.1815 -0.2179 418.3808 0.0539 0.4288 103.0475 -0.0003 -0.0000 1.0000
0.2287 -0.2111 395.3992 0.0798 0.4509 67.7409 -0.0003 0.0000 1.0000
0.2500 -0.2064 379.5096 0.0879 0.4589 37.9702 -0.0002 0.0000 1.0000
0.2474 -0.2152 366.1237 0.0823 0.4426 16.7214 -0.0003 -0.0000 1.0000
0.2906 -0.1970 353.5895 0.1094 0.4758 -19.6937 -0.0002 0.0000 1.0000
0.3157 -0.1739 354.3345 0.1114 0.5046 -36.2759 -0.0002 0.0000 1.0000
0.3281 -0.1924 374.6314 0.1131 0.4972 -33.5760 -0.0002 0.0000 1.0000
0.3163 -0.1917 398.3726 0.1015 0.4857 -17.5718 -0.0002 -0.0000 1.0000
0.3303 -0.1828 426.7110 0.1004 0.4995 1.1020 -0.0002 0.0000 1.0000
0.3302 -0.1922 466.2633 0.0859 0.4929 35.7478 -0.0002 -0.0000 1.0000
0.3113 -0.1607 509.6647 0.0807 0.5087 66.8717 -0.0002 0.0000 1.0000
0.2902 -0.1907 564.4048 0.0612 0.4779 111.4742 -0.0002 -0.0000 1.0000
0.2987 -0.1856 617.3355 0.0496 0.4888 155.3456 -0.0002 -0.0000 1.0000
0.2922 -0.1842 650.2739 0.0494 0.4874 175.8212 -0.0002 -0.0000 1.0000
0.3268 -0.1824 661.0587 0.0570 0.5064 179.7249 -0.0002 -0.0000 1.0000
0.3053 -0.1858 687.7575 0.0381 0.5034 197.3226 -0.0002 -0.0000 1.0000
0.3208 -0.1657 696.5274 0.0445 0.5277 196.1864 -0.0003 -0.0000 1.0000
0.2950 -0.1783 709.2241 0.0201 0.5177 207.7085 -0.0003 -0.0000 1.0000
0.3484 -0.1709 705.6842 0.0350 0.5412 207.2631 -0.0002 -0.0000 1.0000
0.3660 -0.1690 705.0535 0.0348 0.5494 210.1988 -0.0002 -0.0000 1.0000
0.3496 -0.1521 707.5422 0.0183 0.5577 221.0506 -0.0003 -0.0000 1.0000
0.2733 -0.1463 718.0609 -0.0082 0.5428 230.0540 -0.0003 -0.0000 1.0000
0.3002 -0.1207 714.9501 -0.0096 0.5684 234.5104 -0.0003 -0.0000 1.0000
1.0000 0.0000 0.0000 0.0000 1.0000 0.0000 0.0000 0.0000 1.0000
1.0000 0.0000 0.0000 0.0000 1.0000 0.0000 0.0000 0.0000 1.0000
1.0000 0.0000 0.0000 0.0000 1.0000 0.0000 0.0000 0.0000 1.0000
1.0000 0.0000 0.0000 0.0000 1.0000 0.0000 0.0000 0.0000 1.0000
1.0000 0.0000 0.0000 0.0000 1.0000 0.0000 0.0000 0.0000 1.0000
1.0000 0.0000 0.0000 0.0000 1.0000 0.0000 0.0000 0.0000 1.0000
1.0000 0.0000 0.0000 0.0000 1.0000 0.0000 0.0000 0.0000 1.0000
1.0000 0.0000 0.0000 0.0000 1.0000 0.0000 0.0000 0.0000 1.0000
1.0000 0.0000 0.0000 0.0000 1.0000 0.0000 0.0000 0.0000 1.0000
1.0000 0.0000 0.0000 0.0000 1.0000 0.0000 0.0000 0.0000 1.0000
1.0000 0.0000 0.0000 0.0000 1.0000 0.0000 0.0000 0.0000 1.0000
1.0000 0.0000 0.0000 0.0000 1.0000 0.0000 0.0000 0.0000 1.0000
1.0000 0.0000 0.0000 0.0000 1.0000 0.0000 0.0000 0.0000 1.0000
0.4504 0.1175 759.6094 -0.2211 0.6007 317.0237 -0.0002 -0.0001 1.0000
0.5714 0.1357 713.6130 -0.1999 0.6250 307.9455 -0.0001 -0.0001 1.0000
0.5591 0.1063 683.3801 -0.1904 0.5991 293.5784 -0.0001 -0.0001 1.0000
0.5246 0.1131 645.9775 -0.1875 0.5905 276.3036 -0.0001 -0.0001 1.0000
0.6084 0.1220 582.1694 -0.1597 0.6080 251.1967 -0.0000 -0.0001 1.0000
0.5784 0.0944 542.8217 -0.1589 0.5894 233.0802 -0.0000 -0.0001 1.0000
0.6118 0.1386 494.8609 -0.1377 0.6208 204.1598 0.0000 -0.0000 1.0000
0.6323 0.1050 455.4894 -0.1183 0.6101 178.2603 0.0000 -0.0001 1.0000
0.6322 0.1441 421.4999 -0.1127 0.6331 163.0752 0.0000 -0.0000 1.0000
0.6203 0.1388 411.0650 -0.1009 0.6261 152.2392 0.0001 -0.0000 1.0000
0.5919 0.1242 416.7186 -0.0957 0.6085 145.9183 0.0000 -0.0000 1.0000
0.5950 0.1204 428.8475 -0.0790 0.6046 136.9561 0.0001 -0.0000 1.0000
0.5528 0.1223 457.0160 -0.0689 0.5916 134.5978 0.0000 0.0000 1.0000
0.5955 0.1249 467.9102 -0.0467 0.6015 127.6653 0.0001 0.0000 1.0000
0.5621 0.0948 496.8760 -0.0412 0.5747 129.1269 0.0001 -0.0000 1.0000
0.5387 0.0860 525.0503 -0.0280 0.5657 126.3941 0.0001 -0.0000 1.0000
0.5280 0.0760 552.3775 -0.0240 0.5535 130.8429 0.0001 -0.0000 1.0000
0.5232 0.0713 581.9475 -0.0193 0.5489 137.0475 0.0001 -0.0000 1.0000
0.5074 0.0569 611.3222 -0.0085 0.5374 142.3676 0.0001 -0.0000 1.0000
0.5066 0.0602 636.7861 0.0068 0.5362 146.7363 0.0001 0.0000 1.0000
0.4874 0.0623 659.5028 0.0065 0.5296 161.1956 0.0001 0.0000 1.0000
0.4557 0.0442 686.4304 0.0006 0.5091 180.2728 0.0001 -0.0000 1.0000
0.4673 0.0461 710.5374 0.0143 0.5066 197.3133 0.0001 -0.0000 1.0000
0.4838 0.0028 724.9573 0.0242 0.4780 214.0049 0.0001 -0.0000 1.0000
0.4513 0.0523 736.4906 0.0066 0.4896 237.6964 0.0001 0.0000 1.0000
0.4442 0.0003 752.4490 0.0201 0.4543 250.5519 0.0001 -0.0001 1.0000
0.4553 0.0271 761.3655 0.0231 0.4653 271.2527 0.0001 -0.0000 1.0000
0.4339 0.0540 766.0009 0.0183 0.4706 289.7282 0.0001 -0.0000 1.0000
0.3932 0.0372 767.4922 0.0028 0.4446 309.7778 0.0001 -0.0000 1.0000
0.4297 0.0895 755.1212 0.0124 0.4665 331.2401 0.0001 0.0000 1.0000
0.3726 0.0267 754.4374 -0.0064 0.4108 336.1648 0.0001 -0.0001 1.0000
0.3490 0.0228 745.8422 -0.0221 0.3950 339.9883 0.0000 -0.0001 1.0000
0.3954 0.0947 720.9991 -0.0093 0.4388 335.1205 0.0001 0.0000 1.0000
0.4068 0.0901 702.3706 -0.0089 0.4253 334.7755 0.0001 -0.0000 1.0000
0.4147 0.0703 688.7488 -0.0124 0.4035 333.6291 0.0001 -0.0000 1.0000
0.3884 0.0396 682.9439 -0.0155 0.3714 327.9605 0.0001 -0.0001 1.0000
0.3405 0.0833 677.3760 -0.0457 0.3808 331.3923 0.0001 -0.0000 1.0000
0.3661 0.0769 668.8548 -0.0383 0.3750 325.4471 0.0001 -0.0001 1.0000
0.3624 0.0922 665.9785 -0.0432 0.3766 323.1817 0.0001 -0.0000 1.0000
0.3880 0.0995 660.5545 -0.0375 0.3737 321.0814 0.0001 -0.0000 1.0000
0.4025 0.1613 656.1742 -0.0406 0.4061 318.8626 0.0001 0.0000 1.0000
0.3417 0.1219 662.0993 -0.0572 0.3686 315.3264 0.0001 -0.0000 1.0000
0.4050 0.1372 652.2917 -0.0412 0.3782 313.2955 0.0001 -0.0000 1.0000
0.3593 0.1419 654.2672 -0.0536 0.3703 308.5984 0.0001 -0.0000 1.0000
0.3309 0.1227 658.0616 -0.0665 0.3524 312.7086 0.0001 -0.0000 1.0000
0.3681 0.1414 653.9806 -0.0560 0.3655 315.7367 0.0001 -0.0000 1.0000
0.3223 0.1183 654.7538 -0.0699 0.3403 319.5216 0.0001 -0.0000 1.0000
0.3316 0.0993 649.2548 -0.0690 0.3298 323.0017 0.0001 -0.0001 1.0000
0.3516 0.1208 637.3959 -0.0624 0.3424 325.5558 0.0001 -0.0000 1.0000
0.3650 0.1307 621.4262 -0.0585 0.3473 329.1609 0.0001 -0.0000 1.0000
0.3430 0.1084 614.4321 -0.0689 0.3317 335.1078 0.0001 -0.0001 1.0000
0.3748 0.1172 597.0325 -0.0582 0.3377 338.2533 0.0001 -0.0001 1.0000
0.3177 0.1199 590.9391 -0.0782 0.3326 343.9860 0.0001 -0.0000 1.0000
0.3343 0.0907 580.4051 -0.0733 0.3179 349.6226 0.0001 -0.0001 1.0000
0.3691 0.1107 570.7772 -0.0608 0.3379 351.9777 0.0001 -0.0001 1.0000
0.3414 0.1085 574.3248 -0.0724 0.3364 357.2441 0.0001 -0.0000 1.0000
0.3543 0.0954 574.4296 -0.0668 0.3330 358.3244 0.0001 -0.0001 1.0000
0.3225 0.0791 580.7291 -0.0771 0.3201 359.1299 0.0000 -0.0001 1.0000
0.3243 0.1175 577.5191 -0.0834 0.3495 362.3371 0.0000 -0.0000 1.0000
0.3254 0.0936 572.5472 -0.0838 0.3360 369.1293 0.0000 -0.0000 1.0000
0.3502 0.0698 560.1115 -0.0715 0.3249 373.7329 0.0001 -0.0001 1.0000
0.3523 0.0943 546.4775 -0.0759 0.3450 384.4838 0.0001 -0.0000 1.0000
0.3593 0.1277 524.0738 -0.0848 0.3724 402.6650 0.0001 0.0000 1.0000
0.3596 0.1121 511.3017 -0.0883 0.3600 412.7524 0.0000 -0.0000 1.0000
0.3565 0.1230 499.7080 -0.0908 0.3664 420.3520 0.0000 -0.0000 1.0000
0.3647 0.1128 489.2037 -0.0873 0.3572 423.9595 0.0001 -0.0000 1.0000
0.3622 0.1137 485.2177 -0.0975 0.3522 427.8010 0.0001 -0.0000 1.0000
0.3553 0.1122 482.3403 -0.1031 0.3475 427.1343 0.0001 -0.0000 1.0000
0.3721 0.1217 476.6239 -0.1027 0.3516 426.5550 0.0001 -0.0000 1.0000
0.3573 0.1376 475.5034 -0.1128 0.3552 425.0525 0.0001 -0.0000 1.0000
0.3596 0.1291 476.0017 -0.1172 0.3463 431.1136 0.0001 -0.0000 1.0000
0.3454 0.1472 478.7228 -0.1267 0.3530 439.6772 0.0000 -0.0000 1.0000
0.3444 0.1676 484.5179 -0.1286 0.3655 450.6347 0.0000 0.0000 1.0000
0.3098 0.1436 492.8056 -0.1452 0.3401 464.9378 0.0000 -0.0000 1.0000
0.3590 0.1695 486.3148 -0.1328 0.3653 483.6113 0.0001 0.0000 1.0000
0.3561 0.1528 487.5530 -0.1332 0.3511 496.1430 0.0001 -0.0000 1.0000
0.3481 0.1543 488.4404 -0.1363 0.3498 508.2956 0.0001 -0.0000 1.0000
0.3420 0.1678 487.7776 -0.1392 0.3606 517.6509 0.0000 0.0000 1.0000
0.3685 0.1604 480.0857 -0.1272 0.3552 524.9169 0.0001 -0.0000 1.0000
0.3500 0.1483 481.4705 -0.1372 0.3402 529.6335 0.0001 -0.0000 1.0000
0.3548 0.1497 480.0795 -0.1337 0.3422 532.7942 0.0001 -0.0000 1.0000
0.3327 0.1617 482.5214 -0.1494 0.3501 536.6159 0.0000 -0.0000 1.0000
0.3547 0.1629 479.2718 -0.1407 0.3554 538.3630 0.0001 -0.0000 1.0000
0.3488 0.1601 480.4745 -0.1416 0.3505 539.0470 0.0001 -0.0000 1.0000
0.3398 0.1237 484.9010 -0.1412 0.3188 538.8797 0.0000 -0.0000 1.0000
0.3321 0.1469 484.0196 -0.1509 0.3409 539.3175 0.0000 -0.0000 1.0000
0.3805 0.1354 477.9965 -0.1237 0.3390 537.2368 0.0001 -0.0000 1.0000
0.3443 0.1247 483.5646 -0.1409 0.3233 535.2781 0.0000 -0.0000 1.0000
0.3610 0.1471 479.0468 -0.1356 0.3480 528.8313 0.0001 -0.0000 1.0000
0.3190 0.1537 484.1814 -0.1611 0.3471 525.2303 0.0000 -0.0000 1.0000
0.3593 0.1531 478.5461 -0.1285 0.3557 507.7041 0.0001 -0.0000 1.0000
0.3258 0.1346 480.5203 -0.1477 0.3354 495.5370 0.0000 -0.0000 1.0000
0.3414 0.1519 472.0541 -0.1425 0.3540 476.9355 0.0000 0.0000 1.0000
0.3393 0.1428 468.6669 -0.1412 0.3465 458.0079 0.0000 -0.0000 1.0000
0.3498 0.1487 460.9196 -0.1341 0.3543 438.5307 0.0000 0.0000 1.0000
0.3569 0.1396 453.5603 -0.1289 0.3474 421.0339 0.0000 -0.0000 1.0000
0.3453 0.1413 446.5741 -0.1363 0.3501 407.1853 0.0000 0.0000 1.0000
0.3717 0.1351 432.9072 -0.1206 0.3492 392.3764 0.0001 -0.0000 1.0000
0.3416 0.1563 429.3460 -0.1396 0.3641 387.2437 0.0000 0.0000 1.0000
0.3566 0.1633 421.6447 -0.1352 0.3751 380.2216 0.0000 0.0000 1.0000
0.3620 0.1377 419.4200 -0.1305 0.3595 375.4688 0.0000 0.0000 1.0000
0.3941 0.1523 409.7355 -0.1223 0.3783 374.7146 0.0001 0.0000 1.0000
0.3598 0.1438 413.2508 -0.1340 0.3677 375.5186 0.0000 0.0000 1.0000
0.3618 0.1340 411.8785 -0.1309 0.3657 377.3567 0.0000 0.0000 1.0000
0.3929 0.1440 403.9554 -0.1208 0.3838 381.3024 0.0001 0.0000 1.0000
0.3658 0.1339 407.0014 -0.1317 0.3765 387.6000 0.0000 0.0000 1.0000
0.3796 0.1339 406.2223 -0.1271 0.3845 394.1479 0.0000 0.0000 1.0000
0.3740 0.1078 411.7449 -0.1238 0.3661 403.8339 0.0000 -0.0000 1.0000
0.3804 0.1216 412.1368 -0.1202 0.3813 405.4329 0.0000 -0.0000 1.0000
0.3552 0.1074 423.1944 -0.1314 0.3666 415.5986 -0.0000 -0.0000 1.0000
0.3996 0.1030 421.2055 -0.1154 0.3736 424.9395 0.0000 -0.0000 1.0000
0.3845 0.1099 428.3644 -0.1247 0.3783 431.9205 0.0000 -0.0000 1.0000
0.4193 0.1288 424.5909 -0.1147 0.4023 434.9779 0.0001 0.0000 1.0000
0.4216 0.1178 431.2894 -0.1153 0.3971 436.8234 0.0001 -0.0000 1.0000
0.3849 0.1299 440.0304 -0.1392 0.4040 440.7143 0.0000 0.0000 1.0000
0.3967 0.1334 440.9225 -0.1386 0.4100 445.8603 0.0000 0.0000 1.0000
0.3847 0.1067 444.1729 -0.1423 0.3925 455.9123 -0.0000 -0.0000 1.0000
0.4226 0.0976 437.1042 -0.1238 0.4010 472.4433 0.0000 -0.0000 1.0000
0.4267 0.1090 424.3716 -0.1326 0.4224 500.2590 0.0000 -0.0000 1.0000
1.0000 0.0000 0.0000 0.0000 1.0000 0.0000 0.0000 0.0000 1.0000
1.0000 0.0000 0.0000 0.0000 1.0000 0.0000 0.0000 0.0000 1.0000
1.0000 0.0000 0.0000 0.0000 1.0000 0.0000 0.0000 0.0000 1.0000
1.0000 0.0000 0.0000 0.0000 1.0000 0.0000 0.0000 0.0000 1.0000
0.4544 -0.0250 345.2134 -0.0416 0.4280 410.1914 -0.0000 -0.0001 1.0000
0.5015 -0.0268 322.1590 -0.0011 0.4790 339.0994 0.0000 -0.0000 1.0000
0.4965 -0.0537 298.4679 0.0087 0.4857 273.5546 -0.0000 -0.0000 1.0000
0.5112 -0.0508 280.1828 0.0132 0.5025 229.0434 -0.0000 -0.0000 1.0000
0.5534 -0.0187 264.7481 0.0056 0.5340 232.6178 0.0000 -0.0000 1.0000
0.5208 -0.0021 263.1460 -0.0349 0.5234 253.7372 -0.0000 -0.0000 1.0000
0.5512 0.0661 257.9457 -0.0584 0.5681 256.2802 0.0000 0.0000 1.0000
0.5319 0.0569 266.7964 -0.0771 0.5305 260.1324 -0.0000 -0.0000 1.0000
0.5634 0.0640 251.3249 -0.0704 0.5519 253.0766 0.0000 -0.0000 1.0000
0.5380 0.0422 234.3805 -0.0812 0.5407 256.0667 -0.0000 -0.0000 1.0000
0.5724 0.0379 207.1670 -0.0711 0.5605 253.0825 -0.0000 -0.0000 1.0000
0.5788 0.0046 183.8608 -0.0556 0.5441 260.6338 0.0000 -0.0001 1.0000
0.5825 -0.0138 159.1859 -0.0481 0.5485 281.6385 -0.0000 -0.0001 1.0000
0.5863 -0.0244 143.0959 -0.0459 0.5409 304.0626 -0.0000 -0.0001 1.0000
0.6058 -0.0312 118.0105 -0.0240 0.5479 321.4138 0.0000 -0.0001 1.0000
0.5895 -0.0497 118.9326 -0.0308 0.5275 303.8491 -0.0000 -0.0001 1.0000
0.5969 -0.0582 100.9024 -0.0268 0.5407 275.9172 -0.0000 -0.0001 1.0000
0.6278 -0.0707 77.3131 0.0080 0.5548 223.3812 0.0000 -0.0001 1.0000
0.6274 -0.0756 67.1902 0.0218 0.5784 162.4749 -0.0000 -0.0001 1.0000
0.6166 -0.1041 84.3608 0.0612 0.5749 85.4269 -0.0000 -0.0001 1.0000
0.6142 -0.0999 118.0403 0.0613 0.5881 78.4602 -0.0000 -0.0001 1.0000
0.5570 -0.0991 175.4807 0.0103 0.5429 163.7041 -0.0000 -0.0001 1.0000
0.5614 -0.0599 201.4276 -0.0266 0.5668 231.8441 -0.0000 -0.0001 1.0000
0.5152 -0.0141 255.5706 -0.0825 0.5523 301.8534 -0.0001 -0.0001 1.0000
0.4944 -0.0095 282.9471 -0.1108 0.5250 324.0858 -0.0001 -0.0001 1.0000
0.4834 -0.0117 304.7717 -0.1220 0.5090 332.1417 -0.0001 -0.0001 1.0000
0.4828 0.0084 326.6416 -0.1343 0.5182 339.0851 -0.0001 -0.0001 1.0000
0.4712 0.0293 336.7081 -0.1493 0.5358 340.8532 -0.0001 -0.0001 1.0000
0.4969 0.0366 342.6994 -0.1322 0.5550 323.4535 -0.0001 -0.0000 1.0000
0.4680 -0.0009 360.7729 -0.1472 0.5207 320.6751 -0.0001 -0.0001 1.0000
0.4576 0.0146 364.1268 -0.1436 0.5417 307.6063 -0.0002 -0.0001 1.0000
0.4769 -0.0037 362.6511 -0.1285 0.5409 299.6444 -0.0001 -0.0001 1.0000
0.4603 -0.0451 367.9429 -0.1168 0.5122 294.0889 -0.0001 -0.0001 1.0000
0.4657 -0.0546 362.0558 -0.1077 0.5214 292.6165 -0.0001 -0.0001 1.0000
0.4517 -0.0879 357.8833 -0.0950 0.4956 291.1293 -0.0001 -0.0001 1.0000
0.4854 -0.0680 339.9292 -0.0668 0.5461 281.3439 -0.0001 -0.0001 1.0000
0.4658 -0.0734 333.7121 -0.0639 0.5511 280.2474 -0.0002 -0.0001 1.0000
0.4554 -0.1116 333.1984 -0.0491 0.5269 278.1633 -0.0002 -0.0001 1.0000
0.4629 -0.1347 335.8667 -0.0158 0.5218 254.3031 -0.0001 -0.0001 1.0000
0.4292 -0.1212 345.2374 -0.0296 0.5165 233.2567 -0.0002 -0.0001 1.0000
0.4268 -0.0986 359.3268 -0.0275 0.5457 210.6369 -0.0002 -0.0000 1.0000
0.4120 -0.0905 388.3998 -0.0445 0.5374 198.2037 -0.0002 -0.0000 1.0000
0.4045 -0.0668 415.2842 -0.0556 0.5392 189.7011 -0.0002 -0.0000 1.0000
0.3471 -0.0323 453.2911 -0.0939 0.5283 186.2241 -0.0002 -0.0000 1.0000
0.3044 -0.0031 485.4253 -0.1258 0.5153 182.6608 -0.0002 -0.0000 1.0000
0.2904 0.0192 500.4857 -0.1545 0.5090 195.8347 -0.0002 -0.0000 1.0000
0.2390 0.0215 511.2179 -0.1642 0.4901 188.9300 -0.0003 -0.0000 1.0000
0.2715 0.0390 497.7697 -0.1500 0.5128 171.9440 -0.0003 0.0000 1.0000
0.2519 0.0213 478.3912 -0.1452 0.4981 167.6065 -0.0003 -0.0000 1.0000
0.2779 0.0187 456.8644 -0.1206 0.5158 145.3916 -0.0002 0.0000 1.0000
0.2611 -0.0213 435.6681 -0.1096 0.5000 131.1796 -0.0003 -0.0000 1.0000
0.2664 -0.0278 395.9146 -0.0851 0.5074 112.0283 -0.0003 0.0000 1.0000
0.2939 -0.0697 364.4812 -0.0532 0.5010 95.7255 -0.0002 0.0000 1.0000
0.3148 -0.0935 333.6335 -0.0243 0.5009 76.1217 -0.0002 -0.0000 1.0000
0.2917 -0.1112 325.4394 -0.0195 0.4752 70.2027 -0.0002 -0.0000 1.0000
0.2932 -0.0774 344.9650 -0.0378 0.4939 104.1613 -0.0002 -0.0000 1.0000
0.2662 -0.0720 380.9591 -0.0502 0.4722 137.3962 -0.0002 -0.0000 1.0000
0.2251 -0.0148 417.3738 -0.0852 0.4897 172.5572 -0.0003 0.0000 1.0000
0.1908 0.0012 473.6208 -0.1182 0.4634 203.1939 -0.0003 0.0000 1.0000
0.1395 0.0078 514.0482 -0.1446 0.4375 232.4667 -0.0003 -0.0000 1.0000
0.1181 0.0079 527.1198 -0.1610 0.4214 260.9802 -0.0003 -0.0000 1.0000
0.1221 0.0230 529.3676 -0.1692 0.4236 285.8834 -0.0003 -0.0000 1.0000
0.1270 0.0277 535.3835 -0.1726 0.4293 311.2585 -0.0003 -0.0000 1.0000
0.1245 0.0215 531.4521 -0.1808 0.4200 344.6887 -0.0003 -0.0000 1.0000
0.1099 0.0172 525.4776 -0.1931 0.4205 372.4687 -0.0003 -0.0000 1.0000
0.1240 -0.0219 504.2853 -0.1911 0.4011 404.6466 -0.0003 -0.0001 1.0000
1.0000 0.0000 0.0000 0.0000 1.0000 0.0000 0.0000 0.0000 1.0000
-0.2119 -0.0144 515.1729 -0.3246 0.3477 403.4333 -0.0007 0.0000 1.0000
0.1631 -0.0746 461.1014 -0.1524 0.4141 389.1547 -0.0003 -0.0000 1.0000
0.1817 -0.1073 449.8386 -0.1066 0.4018 350.8058 -0.0002 -0.0001 1.0000
0.1316 -0.1115 445.8729 -0.1203 0.3890 319.5384 -0.0003 -0.0000 1.0000
0.1656 -0.1387 436.5426 -0.0701 0.3904 267.0638 -0.0003 -0.0001 1.0000
0.1275 -0.1351 431.3793 -0.0753 0.3804 225.1888 -0.0003 -0.0000 1.0000
0.1925 -0.1425 422.8072 -0.0171 0.4065 161.5633 -0.0002 -0.0000 1.0000
0.1430 -0.1311 422.0514 -0.0272 0.3937 114.3528 -0.0003 -0.0000 1.0000
0.1878 -0.1231 408.8191 -0.0015 0.4194 53.8033 -0.0002 -0.0000 1.0000
0.1797 -0.0987 391.5748 -0.0083 0.4327 3.1654 -0.0003 0.0000 1.0000
0.1779 -0.0717 391.3972 -0.0114 0.4423 -19.8131 -0.0003 0.0000 1.0000
0.2165 -0.0482 389.0988 -0.0023 0.4563 -30.4004 -0.0002 0.0001 1.0000
0.1828 -0.0184 394.7980 -0.0395 0.4587 -12.7255 -0.0002 0.0001 1.0000
0.1464 0.0210 404.3805 -0.0672 0.4520 15.9374 -0.0003 0.0001 1.0000
0.1247 -0.0135 419.4093 -0.0852 0.4203 53.9909 -0.0003 -0.0000 1.0000
0.1248 0.0190 431.1414 -0.1043 0.4277 93.0863 -0.0003 0.0000 1.0000
0.0985 0.0115 445.4312 -0.1209 0.4083 122.8246 -0.0003 -0.0000 1.0000
0.1011 0.0211 458.9919 -0.1216 0.4105 147.7090 -0.0003 0.0000 1.0000
0.0780 0.0459 478.9346 -0.1420 0.4196 176.7903 -0.0003 0.0000 1.0000
0.0589 0.0497 501.1696 -0.1459 0.4142 191.7654 -0.0003 0.0000 1.0000
0.0231 0.0337 528.0492 -0.1619 0.3935 210.6941 -0.0003 0.0000 1.0000
0.0166 0.0384 550.0954 -0.1585 0.3955 218.2151 -0.0003 0.0000 1.0000
0.0053 0.0350 568.9178 -0.1574 0.3908 221.7572 -0.0003 0.0000 1.0000
0.0264 0.0278 574.9743 -0.1428 0.3961 219.2998 -0.0003 0.0000 1.0000
-0.0068 0.0366 574.4065 -0.1487 0.3958 220.1986 -0.0003 0.0000 1.0000
0.0300 0.0211 560.5695 -0.1303 0.4057 212.9714 -0.0003 0.0000 1.0000
0.0097 0.0114 544.1671 -0.1337 0.4029 211.8245 -0.0003 0.0000 1.0000
0.0102 0.0065 528.9359 -0.1194 0.4071 198.8393 -0.0003 0.0000 1.0000
0.0388 -0.0218 510.4082 -0.0978 0.4040 183.2286 -0.0003 0.0000 1.0000
0.0210 -0.0453 498.5166 -0.0929 0.3831 166.2037 -0.0003 -0.0000 1.0000
0.0369 -0.0412 482.7532 -0.0736 0.4014 142.1999 -0.0003 0.0000 1.0000
0.0255 -0.0541 485.8844 -0.0642 0.3899 129.3952 -0.0003 0.0000 1.0000
0.0033 -0.0410 490.6264 -0.0594 0.3902 114.8674 -0.0003 0.0000 1.0000
0.0228 -0.0536 497.6377 -0.0465 0.3879 99.3590 -0.0003 0.0000 1.0000
-0.0091 -0.0722 514.7185 -0.0382 0.3610 80.8922 -0.0003 -0.0000 1.0000
-0.0249 -0.0132 526.1224 -0.0343 0.3916 64.5741 -0.0003 0.0001 1.0000
-0.0150 -0.0177 540.4527 -0.0209 0.3868 51.6365 -0.0003 0.0001 1.0000
-0.0363 -0.0146 553.0993 -0.0291 0.3767 56.3733 -0.0003 0.0001 1.0000
-0.0385 -0.0015 555.5743 -0.0269 0.3795 60.6110 -0.0003 0.0001 1.0000
-0.0202 -0.0145 555.3647 -0.0170 0.3733 71.0149 -0.0003 0.0001 1.0000
-0.0304 -0.0227 548.7621 -0.0278 0.3630 98.8207 -0.0003 0.0000 1.0000
-0.0096 -0.0022 532.9511 -0.0290 0.3753 128.3655 -0.0003 0.0001 1.0000
0.0108 0.0013 520.6855 -0.0271 0.3791 161.5579 -0.0003 0.0001 1.0000
0.0220 0.0150 486.7006 -0.0353 0.3926 212.4273 -0.0003 0.0001 1.0000
-0.0169 -0.0267 483.4697 -0.0762 0.3411 264.3457 -0.0003 0.0000 1.0000
-0.0021 -0.0187 479.3857 -0.0688 0.3546 285.5094 -0.0003 0.0000 1.0000
0.0046 0.0054 466.2218 -0.0793 0.3821 315.7845 -0.0003 0.0001 1.0000
0.0127 -0.0267 462.5268 -0.0754 0.3509 337.1289 -0.0003 0.0000 1.0000
0.0083 -0.0235 466.9082 -0.0757 0.3520 338.9480 -0.0003 0.0000 1.0000
0.0101 -0.0259 462.2523 -0.0812 0.3462 347.2000 -0.0003 0.0000 1.0000
0.0313 -0.0099 455.7971 -0.0652 0.3710 346.4583 -0.0003 0.0001 1.0000
0.0230 -0.0172 454.4837 -0.0721 0.3575 347.9110 -0.0003 0.0000 1.0000
0.0158 0.0093 452.6617 -0.0840 0.3841 347.2028 -0.0003 0.0001 1.0000
0.0349 -0.0008 449.9947 -0.0709 0.3733 340.7586 -0.0003 0.0001 1.0000
0.0309 -0.0041 451.6131 -0.0649 0.3651 328.0363 -0.0003 0.0001 1.0000
0.0158 -0.0190 456.9287 -0.0707 0.3400 314.5936 -0.0003 0.0000 1.0000
0.0469 -0.0073 456.0669 -0.0522 0.3556 295.2057 -0.0003 0.0001 1.0000
0.0383 0.0106 459.5039 -0.0476 0.3686 267.6155 -0.0003 0.0001 1.0000
0.0263 0.0005 465.0383 -0.0434 0.3505 240.3494 -0.0003 0.0001 1.0000
0.0273 0.0140 468.2040 -0.0426 0.3592 220.2918 -0.0003 0.0001 1.0000
0.0196 -0.0342 476.6018 -0.0386 0.3164 203.0434 -0.0003 0.0000 1.0000
0.0321 -0.0015 475.3049 -0.0310 0.3472 189.4398 -0.0003 0.0001 1.0000
0.0513 -0.0174 479.2280 -0.0262 0.3369 199.8051 -0.0003 0.0000 1.0000
0.0714 0.0130 484.1500 -0.0330 0.3713 234.6165 -0.0003 0.0001 1.0000
0.0557 0.0114 502.3025 -0.0514 0.3590 279.4362 -0.0003 0.0001 1.0000
0.0477 0.0222 509.7286 -0.0957 0.3687 403.5060 -0.0003 0.0001 1.0000
1.0000 0.0000 0.0000 0.0000 1.0000 0.0000 0.0000 0.0000 1.0000
1.0000 0.0000 0.0000 0.0000 1.0000 0.0000 0.0000 0.0000 1.0000
1.0000 0.0000 0.0000 0.0000 1.0000 0.0000 0.0000 0.0000 1.0000
1.0000 0.0000 0.0000 0.0000 1.0000 0.0000 0.0000 0.0000 1.0000
1.0000 0.0000 0.0000 0.0000 1.0000 0.0000 0.0000 0.0000 1.0000
1.0000 0.0000 0.0000 0.0000 1.0000 0.0000 0.0000 0.0000 1.0000
1.0000 0.0000 0.0000 0.0000 1.0000 0.0000 0.0000 0.0000 1.0000
1.0000 0.0000 0.0000 0.0000 1.0000 0.0000 0.0000 0.0000 1.0000
1.0000 0.0000 0.0000 0.0000 1.0000 0.0000 0.0000 0.0000 1.0000
1.0000 0.0000 0.0000 0.0000 1.0000 0.0000 0.0000 0.0000 1.0000
1.0000 0.0000 0.0000 0.0000 1.0000 0.0000 0.0000 0.0000 1.0000
-0.0578 -0.0784 592.1646 -0.1830 0.2838 444.6785 -0.0004 -0.0001 1.0000
0.0989 -0.0636 576.3894 -0.0825 0.3349 374.1200 -0.0002 -0.0000 1.0000
0.0706 -0.0662 577.7098 -0.0761 0.3315 304.1620 -0.0003 -0.0000 1.0000
0.0788 -0.0302 576.4824 -0.0520 0.3677 228.7243 -0.0003 0.0000 1.0000
0.0731 -0.0866 580.0221 -0.0495 0.3293 183.4209 -0.0003 -0.0000 1.0000
0.0940 -0.0658 575.8012 -0.0313 0.3548 152.0396 -0.0002 0.0000 1.0000
0.0924 -0.0623 571.8676 -0.0380 0.3570 149.3852 -0.0003 0.0000 1.0000
0.0932 -0.0628 569.9155 -0.0368 0.3571 153.9293 -0.0003 0.0000 1.0000
0.0943 -0.0807 571.5411 -0.0407 0.3465 167.0010 -0.0003 -0.0000 1.0000
0.0791 -0.0733 573.4513 -0.0465 0.3448 186.0358 -0.0003 -0.0000 1.0000
0.0688 -0.0863 579.3686 -0.0605 0.3311 217.1576 -0.0003 -0.0000 1.0000
0.1151 -0.0603 576.0130 -0.0497 0.3653 233.7702 -0.0002 0.0000 1.0000
0.1142 -0.0599 579.5872 -0.0555 0.3626 259.7841 -0.0002 0.0000 1.0000
0.1164 -0.0828 584.4585 -0.0574 0.3463 284.8188 -0.0002 -0.0000 1.0000
0.0820 -0.0895 592.2921 -0.0921 0.3306 322.2583 -0.0003 -0.0000 1.0000
0.0917 -0.0806 597.1637 -0.0913 0.3417 344.9293 -0.0003 -0.0000 1.0000
0.0831 -0.0646 602.7776 -0.1017 0.3541 369.1114 -0.0003 -0.0000 1.0000
0.1118 -0.0725 602.4728 -0.0929 0.3551 386.3393 -0.0002 -0.0000 1.0000
0.1030 -0.0639 610.1727 -0.1028 0.3616 400.3287 -0.0002 0.0000 1.0000
0.1144 -0.1228 616.6960 -0.0928 0.3081 402.3680 -0.0002 -0.0001 1.0000
0.0633 -0.0650 624.6201 -0.1238 0.3492 399.8359 -0.0003 0.0000 1.0000
0.0783 -0.0912 630.6658 -0.1174 0.3295 383.4816 -0.0003 -0.0000 1.0000
0.0967 -0.1062 641.1047 -0.0836 0.3235 342.3872 -0.0002 -0.0000 1.0000
0.1021 -0.1053 647.7216 -0.0743 0.3333 301.3187 -0.0002 -0.0000 1.0000
0.0828 -0.1017 656.2946 -0.0747 0.3337 260.8422 -0.0003 -0.0000 1.0000
0.0823 -0.0985 669.2224 -0.0521 0.3456 204.6932 -0.0003 0.0000 1.0000
0.0598 -0.1071 686.7233 -0.0408 0.3381 163.3821 -0.0003 0.0000 1.0000
0.0883 -0.1158 688.4670 -0.0214 0.3457 127.0854 -0.0003 0.0000 1.0000
0.0869 -0.1409 696.8013 -0.0133 0.3398 99.2121 -0.0003 -0.0000 1.0000
0.1012 -0.1511 698.9477 0.0052 0.3382 76.1327 -0.0003 -0.0000 1.0000
0.1089 -0.1578 694.3977 0.0094 0.3386 72.4345 -0.0002 -0.0000 1.0000
0.1188 -0.1588 689.1819 0.0159 0.3384 69.0553 -0.0002 -0.0000 1.0000
0.1168 -0.1449 680.3004 0.0134 0.3458 76.0652 -0.0002 0.0000 1.0000
0.1232 -0.1396 663.3178 0.0181 0.3446 84.4318 -0.0002 0.0000 1.0000
0.0869 -0.1458 646.3143 0.0005 0.3283 106.2040 -0.0003 0.0000 1.0000
0.1488 -0.1597 621.2333 0.0202 0.3323 118.8282 -0.0002 -0.0000 1.0000
0.1211 -0.1553 598.3508 0.0072 0.3265 143.9001 -0.0003 0.0000 1.0000
0.1216 -0.1869 574.7481 0.0027 0.3006 172.3157 -0.0003 -0.0001 1.0000
0.1382 -0.1712 545.4078 0.0067 0.3095 195.7018 -0.0002 -0.0000 1.0000
0.1649 -0.1762 511.9050 0.0027 0.3120 225.9911 -0.0002 -0.0000 1.0000
0.1475 -0.1989 491.0245 -0.0132 0.2797 256.4294 -0.0002 -0.0001 1.0000
0.1869 -0.2020 466.5179 0.0064 0.2906 279.7081 -0.0002 -0.0001 1.0000
0.2323 -0.2061 443.5452 0.0292 0.2992 304.4021 -0.0001 -0.0001 1.0000
0.2296 -0.1977 432.7234 0.0182 0.3056 332.2250 -0.0002 -0.0001 1.0000
0.2294 -0.2145 429.6973 0.0175 0.2847 357.0176 -0.0002 -0.0001 1.0000
0.2109 -0.2207 435.6183 0.0018 0.2651 377.9836 -0.0002 -0.0001 1.0000
0.1790 -0.2082 448.2741 -0.0175 0.2639 387.3791 -0.0002 -0.0001 1.0000
0.2103 -0.2266 461.0285 0.0116 0.2559 381.1112 -0.0002 -0.0001 1.0000
0.1981 -0.2236 484.8067 0.0037 0.2544 380.2619 -0.0002 -0.0001 1.0000
0.1810 -0.2377 517.7213 0.0094 0.2354 370.9960 -0.0002 -0.0001 1.0000
0.1644 -0.2503 550.0233 0.0037 0.2208 365.2650 -0.0002 -0.0001 1.0000
0.1419 -0.2263 581.9055 -0.0013 0.2434 353.8243 -0.0002 -0.0001 1.0000
0.1736 -0.2541 615.1603 0.0323 0.2307 340.1679 -0.0002 -0.0001 1.0000
0.1396 -0.2399 647.1318 0.0121 0.2416 337.1553 -0.0002 -0.0001 1.0000
0.1511 -0.2544 674.4257 0.0309 0.2329 329.5597 -0.0002 -0.0001 1.0000
0.1168 -0.2390 702.8868 0.0168 0.2408 329.1263 -0.0002 -0.0001 1.0000
0.0918 -0.2656 725.7961 0.0115 0.2124 327.6554 -0.0002 -0.0001 1.0000
0.0599 -0.2421 746.7685 0.0009 0.2281 325.7140 -0.0003 -0.0001 1.0000
0.0694 -0.2583 767.1021 0.0182 0.2221 320.7553 -0.0003 -0.0001 1.0000
0.0715 -0.2672 783.7238 0.0177 0.2208 321.7937 -0.0002 -0.0001 1.0000
0.0745 -0.2743 801.7282 0.0325 0.2195 312.9312 -0.0002 -0.0001 1.0000
0.0533 -0.2617 817.3235 0.0259 0.2280 305.5245 -0.0003 -0.0000 1.0000
0.0547 -0.2732 829.6828 0.0318 0.2221 294.7946 -0.0002 -0.0001 1.0000
0.0882 -0.2733 841.5881 0.0498 0.2350 282.1406 -0.0002 -0.0001 1.0000
0.0451 -0.2775 858.5399 0.0370 0.2253 274.2026 -0.0002 -0.0001 1.0000
0.0396 -0.2728 862.8156 0.0287 0.2311 267.5571 -0.0003 -0.0001 1.0000
0.0194 -0.2702 867.6630 0.0203 0.2355 259.7670 -0.0003 -0.0000 1.0000
0.0387 -0.2601 862.4746 0.0280 0.2496 246.6621 -0.0003 -0.0000 1.0000
0.0051 -0.2869 861.0861 0.0122 0.2304 239.4843 -0.0003 -0.0001 1.0000
0.0457 -0.2583 843.0721 0.0278 0.2585 219.7167 -0.0002 -0.0000 1.0000
0.0231 -0.2592 827.8189 0.0197 0.2549 207.1378 -0.0003 -0.0000 1.0000
0.0619 -0.2467 802.7473 0.0309 0.2752 186.5830 -0.0002 -0.0000 1.0000
0.0144 -0.2189 778.6169 0.0112 0.2762 178.1131 -0.0003 -0.0000 1.0000
0.0212 -0.2283 758.5022 0.0066 0.2772 170.5280 -0.0003 -0.0000 1.0000
0.0370 -0.2302 732.4847 0.0093 0.2814 159.4055 -0.0003 -0.0000 1.0000
0.0455 -0.1865 698.5104 0.0082 0.3089 151.7972 -0.0003 0.0000 1.0000
0.0366 -0.1997 675.5807 -0.0018 0.2955 149.8064 -0.0003 -0.0000 1.0000
0.0459 -0.1931 656.8321 -0.0062 0.3038 147.1661 -0.0003 -0.0000 1.0000
0.0385 -0.2110 638.7896 -0.0065 0.2903 141.9154 -0.0003 -0.0000 1.0000
0.0466 -0.1636 614.9124 -0.0133 0.3228 139.8910 -0.0003 0.0000 1.0000
0.0324 -0.2000 601.1261 -0.0193 0.2949 140.9975 -0.0003 -0.0001 1.0000
0.0400 -0.1881 582.6082 -0.0236 0.3043 143.1925 -0.0003 -0.0000 1.0000
0.0672 -0.1838 563.7171 -0.0146 0.3142 142.5045 -0.0003 -0.0000 1.0000
0.0365 -0.1756 551.6204 -0.0352 0.3063 152.8091 -0.0003 -0.0000 1.0000
0.0559 -0.1554 538.6199 -0.0277 0.3253 152.3997 -0.0003 -0.0000 1.0000
0.0510 -0.1603 532.1568 -0.0358 0.3173 160.6809 -0.0003 -0.0000 1.0000
0.0478 -0.1543 527.8092 -0.0399 0.3222 165.0418 -0.0003 -0.0000 1.0000
0.0725 -0.1371 519.1733 -0.0328 0.3439 165.8994 -0.0003 0.0000 1.0000
0.0711 -0.1683 515.8073 -0.0333 0.3174 171.9793 -0.0003 -0.0001 1.0000
0.0372 -0.1467 510.8325 -0.0555 0.3184 181.4893 -0.0003 -0.0000 1.0000
0.0680 -0.1404 503.1214 -0.0452 0.3361 182.6927 -0.0003 -0.0000 1.0000
