1.0000 0.0000 -0.0000 0.0000 1.0000 -0.0000 0.0000 0.0000 1.0000
1.2864 0.0667 -91.5002 0.0377 1.2094 -40.4829 0.0002 0.0002 1.0000
1.1645 0.0053 -45.8823 0.0319 1.0669 -15.7395 0.0001 0.0000 1.0000
1.2062 0.0151 -50.3823 0.0624 1.1016 -27.7335 0.0002 0.0000 1.0000
1.2105 0.0066 -47.3888 0.0742 1.1056 -35.7705 0.0002 0.0000 1.0000
1.2715 0.0562 -68.9872 0.0598 1.2532 -57.8586 0.0002 0.0002 1.0000
1.2715 0.0504 -70.9847 0.0604 1.2221 -51.6548 0.0002 0.0001 1.0000
1.1092 -0.0122 -23.6697 0.0332 1.0330 -16.0655 0.0001 -0.0000 1.0000
1.2425 0.0328 -60.1499 0.0690 1.1860 -50.2281 0.0002 0.0001 1.0000
1.3465 0.0818 -96.5178 0.0669 1.3272 -74.7523 0.0002 0.0002 1.0000
1.2647 0.0394 -66.1154 0.1068 1.2187 -71.3140 0.0002 0.0001 1.0000
1.2818 0.0835 -85.0285 0.0679 1.2884 -75.4067 0.0002 0.0002 1.0000
1.1780 0.0240 -46.6994 0.0499 1.1640 -51.0321 0.0001 0.0001 1.0000
1.1663 0.0373 -56.5845 0.0323 1.1687 -49.5552 0.0001 0.0001 1.0000
1.2494 0.0200 -69.8608 0.0634 1.1814 -57.1937 0.0002 0.0001 1.0000
1.2339 0.0283 -74.0397 0.0460 1.1715 -49.5981 0.0002 0.0001 1.0000
1.1898 0.0306 -73.8308 0.0478 1.1260 -43.9938 0.0001 0.0001 1.0000
1.3064 0.0433 -97.1157 0.0867 1.2623 -79.3227 0.0003 0.0001 1.0000
1.1662 0.0092 -69.4995 0.0592 1.1165 -54.0544 0.0001 0.0000 1.0000
1.3263 0.0541 -125.6247 0.0662 1.2492 -73.3718 0.0002 0.0001 1.0000
1.3167 0.0503 -127.5629 0.1011 1.2740 -87.6530 0.0003 0.0001 1.0000
1.3495 0.0538 -151.2576 0.0845 1.2551 -79.8049 0.0003 0.0001 1.0000
1.4964 0.0945 -198.5477 0.1129 1.4728 -128.2605 0.0004 0.0003 1.0000
1.3126 0.0400 -148.5618 0.0983 1.2518 -83.2833 0.0003 0.0001 1.0000
1.3111 0.0407 -161.7782 0.0653 1.2283 -73.1257 0.0002 0.0001 1.0000
1.3932 0.0551 -185.5659 0.1023 1.3551 -108.1153 0.0003 0.0001 1.0000
1.3922 0.0266 -180.9821 0.1009 1.3010 -96.3522 0.0003 0.0001 1.0000
1.4710 0.0600 -208.0508 0.1337 1.4186 -128.1865 0.0003 0.0002 1.0000
1.5559 0.0623 -232.2164 0.1135 1.4775 -128.1203 0.0004 0.0002 1.0000
1.5061 0.0489 -210.0594 0.1477 1.4618 -135.1334 0.0004 0.0002 1.0000
1.4639 0.0122 -174.7324 0.1702 1.4071 -133.7408 0.0004 0.0001 1.0000
1.5469 -0.0084 -179.9034 0.1903 1.4664 -150.3575 0.0004 0.0001 1.0000
1.4902 -0.0001 -163.6184 0.1615 1.4699 -150.1395 0.0003 0.0002 1.0000
1.5008 -0.0217 -146.3784 0.1780 1.4557 -150.3984 0.0004 0.0002 1.0000
1.6485 -0.0141 -166.4629 0.2285 1.5750 -189.0775 0.0005 0.0002 1.0000
1.6047 -0.0240 -132.9938 0.2264 1.5941 -192.4212 0.0005 0.0002 1.0000
1.5766 -0.0470 -111.3119 0.2265 1.5677 -194.0238 0.0004 0.0002 1.0000
1.6703 -0.0322 -118.8996 0.2555 1.6945 -228.6415 0.0005 0.0003 1.0000
1.5727 -0.0596 -83.6870 0.2233 1.6104 -211.8997 0.0004 0.0002 1.0000
1.5812 -0.0946 -70.8842 0.2627 1.5322 -209.5374 0.0005 0.0001 1.0000
1.6629 -0.0798 -78.4359 0.2754 1.6738 -247.2296 0.0005 0.0002 1.0000
1.6075 -0.0827 -62.6108 0.2438 1.6073 -226.9956 0.0004 0.0002 1.0000
1.7769 -0.0634 -90.4947 0.3096 1.8204 -297.3449 0.0006 0.0003 1.0000
1.8465 -0.0564 -109.4539 0.2846 1.8430 -300.0966 0.0006 0.0003 1.0000
1.7723 -0.0744 -86.6904 0.2772 1.7651 -294.1896 0.0006 0.0002 1.0000
1.9388 -0.0463 -118.6585 0.2955 1.9393 -341.3977 0.0007 0.0003 1.0000
1.8829 -0.0609 -103.0488 0.2655 1.8822 -335.8953 0.0006 0.0003 1.0000
1.8450 -0.0402 -104.1989 0.2516 1.8834 -343.8745 0.0005 0.0003 1.0000
2.0093 0.0000 -140.0106 0.2583 2.0854 -395.6308 0.0006 0.0004 1.0000
2.1010 -0.0099 -161.3309 0.2602 2.0658 -395.8106 0.0007 0.0004 1.0000
1.9408 0.0000 -126.9808 0.1920 1.9930 -367.3856 0.0006 0.0003 1.0000
2.2992 0.0816 -217.2370 0.2522 2.3428 -461.3627 0.0008 0.0005 1.0000
2.2529 0.1051 -212.9265 0.2074 2.3491 -450.2905 0.0007 0.0006 1.0000
1.9986 0.0311 -158.6607 0.1303 1.9823 -351.2803 0.0005 0.0003 1.0000
2.1703 0.0964 -200.1182 0.1178 2.2140 -394.3676 0.0006 0.0004 1.0000
2.2711 0.1528 -232.5196 0.1056 2.3442 -418.1695 0.0007 0.0005 1.0000
2.4446 0.2043 -276.4908 0.1138 2.5741 -469.0051 0.0008 0.0006 1.0000
2.4948 0.2101 -290.2069 0.1094 2.6191 -477.3837 0.0008 0.0006 1.0000
2.4845 0.1966 -293.3794 0.0766 2.5394 -448.9378 0.0008 0.0006 1.0000
2.5989 0.2241 -330.8042 0.0712 2.6339 -469.5786 0.0009 0.0006 1.0000
2.4183 0.2168 -288.0653 0.0580 2.5502 -451.4818 0.0007 0.0006 1.0000
2.6209 0.2490 -347.9439 0.0770 2.6651 -477.5867 0.0009 0.0006 1.0000
2.6983 0.2400 -361.9359 0.0722 2.7118 -484.2467 0.0010 0.0006 1.0000
2.5513 0.2212 -337.4779 0.0727 2.5978 -462.2133 0.0009 0.0006 1.0000
2.4684 0.2233 -326.1208 0.0127 2.5595 -434.0121 0.0008 0.0005 1.0000
2.6606 0.2466 -374.9591 0.0320 2.7548 -478.9832 0.0010 0.0006 1.0000
2.6410 0.2821 -392.8562 0.0187 2.7853 -476.9749 0.0009 0.0007 1.0000
2.8547 0.3112 -447.5997 0.0298 2.9627 -506.3514 0.0012 0.0007 1.0000
2.6289 0.2930 -400.7365 0.0096 2.8053 -472.9835 0.0010 0.0007 1.0000
2.6575 0.3116 -408.9491 0.0633 2.9608 -519.5511 0.0010 0.0008 1.0000
2.8354 0.3017 -444.2190 0.0940 3.0489 -542.0164 0.0013 0.0007 1.0000
2.8897 0.3376 -460.2073 0.1019 3.2478 -584.8219 0.0013 0.0009 1.0000
2.5739 0.2457 -385.2353 0.0415 2.8150 -468.9916 0.0011 0.0006 1.0000
3.1260 0.3418 -513.7408 0.1559 3.3954 -614.1615 0.0016 0.0009 1.0000
2.3841 0.1822 -316.7776 0.0767 2.6475 -445.9260 0.0011 0.0005 1.0000
2.4714 0.1897 -333.1806 0.0818 2.7697 -464.8904 0.0012 0.0006 1.0000
2.6744 0.2333 -381.5293 0.0772 3.0167 -513.6156 0.0013 0.0007 1.0000
2.6322 0.2459 -353.7177 0.0890 3.0489 -507.5880 0.0014 0.0007 1.0000
2.5556 0.2119 -324.8265 0.1019 2.9688 -487.4590 0.0014 0.0007 1.0000
2.7339 0.2455 -346.1710 0.1432 3.2454 -544.0876 0.0016 0.0008 1.0000
2.8385 0.2912 -375.5543 0.1573 3.4251 -577.4251 0.0016 0.0010 1.0000
2.6451 0.2107 -316.3632 0.1546 3.1090 -497.3215 0.0016 0.0007 1.0000
2.5243 0.2416 -300.7409 0.1053 3.1600 -492.3170 0.0014 0.0009 1.0000
3.0156 0.3704 -422.3596 0.2054 3.8650 -644.0725 0.0019 0.0013 1.0000
2.7733 0.3193 -379.4419 0.1864 3.7170 -611.3844 0.0017 0.0012 1.0000
2.2453 0.1734 -267.1824 0.1007 2.9455 -448.8360 0.0012 0.0007 1.0000
2.6112 0.2009 -345.3240 0.1677 3.3699 -539.7556 0.0017 0.0009 1.0000
2.4646 0.1722 -312.3827 0.2051 3.2168 -521.2903 0.0016 0.0008 1.0000
2.1646 0.1090 -251.3261 0.1574 2.7994 -427.4492 0.0013 0.0006 1.0000
2.5348 0.1564 -345.5094 0.2379 3.1822 -518.7549 0.0017 0.0007 1.0000
2.2907 0.0869 -271.1981 0.1485 2.9012 -443.0007 0.0015 0.0006 1.0000
2.4184 0.1177 -300.3151 0.2125 3.0847 -492.2020 0.0017 0.0007 1.0000
2.2433 0.0883 -263.6963 0.1953 2.9044 -458.5481 0.0015 0.0006 1.0000
2.3544 0.1270 -280.5611 0.1930 3.1688 -503.0145 0.0016 0.0008 1.0000
2.3093 0.0993 -262.3693 0.1852 3.0572 -481.9942 0.0016 0.0007 1.0000
2.2365 0.1042 -254.6699 0.1572 2.9781 -458.5347 0.0015 0.0006 1.0000
2.5026 0.1820 -313.3327 0.1768 3.4579 -548.5128 0.0017 0.0009 1.0000
2.3602 0.1303 -263.6550 0.2037 3.2216 -517.9864 0.0016 0.0007 1.0000
2.5376 0.1995 -313.4879 0.1657 3.4592 -541.6104 0.0018 0.0009 1.0000
2.5310 0.1631 -302.5465 0.1118 3.3597 -507.2203 0.0018 0.0008 1.0000
2.8523 0.2551 -374.0343 0.1790 3.7950 -607.2306 0.0021 0.0010 1.0000
2.8496 0.2918 -373.6110 0.1457 3.9443 -643.6454 0.0021 0.0011 1.0000
3.2332 0.4117 -463.5345 0.1804 4.4906 -753.5976 0.0024 0.0013 1.0000
3.1372 0.3092 -415.2255 0.1758 4.1458 -697.4603 0.0024 0.0010 1.0000
3.0894 0.3571 -417.8792 0.1091 4.2233 -697.7183 0.0023 0.0011 1.0000
2.8954 0.3215 -366.4097 0.0464 3.9226 -623.4258 0.0021 0.0009 1.0000
2.9871 0.3736 -399.8435 0.0091 4.0537 -643.4230 0.0022 0.0010 1.0000
2.9143 0.3992 -385.5524 0.0031 4.0762 -651.7120 0.0021 0.0010 1.0000
3.0424 0.4104 -411.1697 0.0123 4.1794 -680.4562 0.0022 0.0010 1.0000
3.5756 0.5965 -543.3918 -0.0523 4.9787 -813.4445 0.0027 0.0014 1.0000
3.6678 0.6294 -556.9239 0.0062 5.1162 -855.1690 0.0028 0.0015 1.0000
3.4542 0.6047 -507.0277 -0.0765 4.8532 -778.8093 0.0026 0.0014 1.0000
3.0769 0.5238 -442.0370 -0.1243 4.2883 -660.8569 0.0022 0.0011 1.0000
2.9062 0.4598 -401.9494 -0.1230 3.9897 -592.8824 0.0020 0.0009 1.0000
3.5282 0.6342 -545.2898 -0.0798 4.8420 -763.3130 0.0026 0.0013 1.0000
3.3413 0.5828 -517.7290 -0.0923 4.5005 -693.4632 0.0025 0.0011 1.0000
3.1536 0.5602 -479.5464 -0.1429 4.3276 -643.5480 0.0023 0.0011 1.0000
3.2128 0.6261 -514.0782 -0.1646 4.4883 -674.5543 0.0023 0.0012 1.0000
3.4092 0.6366 -542.1421 -0.1326 4.7063 -703.9899 0.0026 0.0012 1.0000
3.3102 0.5908 -525.2694 -0.0918 4.4517 -659.4758 0.0025 0.0011 1.0000
3.1986 0.6061 -504.4522 -0.0680 4.4975 -671.4605 0.0023 0.0012 1.0000
3.6462 0.7342 -616.5649 -0.0076 5.1960 -797.5551 0.0027 0.0016 1.0000
3.2780 0.5420 -497.2921 0.0934 4.5521 -688.9203 0.0025 0.0012 1.0000
2.9751 0.4524 -441.0175 0.0384 3.9776 -517.7817 0.0022 0.0009 1.0000
3.0452 0.3945 -439.3749 0.1450 3.9373 -527.1495 0.0023 0.0009 1.0000
3.0666 0.4992 -456.0887 0.1558 4.2465 -595.3459 0.0022 0.0011 1.0000
2.6952 0.3361 -369.4345 0.1162 3.5714 -468.6619 0.0019 0.0008 1.0000
2.6769 0.3030 -359.0579 0.1332 3.5045 -475.1572 0.0019 0.0007 1.0000
2.7704 0.2468 -361.5941 0.1696 3.5635 -506.7240 0.0019 0.0007 1.0000
2.7859 0.3109 -377.4304 0.1900 3.8454 -572.5508 0.0019 0.0010 1.0000
2.7194 0.2364 -346.3791 0.1833 3.6812 -547.8554 0.0019 0.0009 1.0000
2.8494 0.1594 -375.2619 0.2382 3.5547 -534.4942 0.0021 0.0007 1.0000
2.3514 0.1141 -273.1535 0.1484 3.0974 -447.3565 0.0015 0.0006 1.0000
2.5925 0.0997 -317.2333 0.2360 3.3173 -518.6928 0.0017 0.0007 1.0000
2.6014 0.0921 -343.4603 0.1881 3.2677 -500.2973 0.0017 0.0007 1.0000
2.5832 0.1136 -360.9325 0.1956 3.2181 -495.0392 0.0017 0.0007 1.0000
2.8228 0.1814 -433.2975 0.2419 3.5912 -584.9599 0.0018 0.0009 1.0000
2.9588 0.2317 -465.5253 0.2528 3.8785 -645.8087 0.0020 0.0011 1.0000
2.6391 0.1733 -417.7511 0.1490 3.2411 -496.6270 0.0017 0.0007 1.0000
2.5970 0.2184 -440.0947 0.1151 3.2549 -498.5761 0.0016 0.0008 1.0000
2.5482 0.2491 -458.5316 0.1259 3.1810 -498.8844 0.0014 0.0008 1.0000
2.3616 0.2401 -431.7608 0.0512 2.9150 -420.7533 0.0013 0.0006 1.0000
2.6191 0.2697 -513.9461 0.1234 3.0773 -477.2615 0.0015 0.0007 1.0000
2.4935 0.2345 -481.0185 0.0815 2.8851 -435.7607 0.0014 0.0006 1.0000
2.4962 0.2396 -492.4489 0.0892 2.8845 -444.5639 0.0013 0.0006 1.0000
3.0542 0.3417 -656.7997 0.1725 3.4750 -587.8948 0.0018 0.0008 1.0000
3.0115 0.3510 -653.2073 0.1274 3.4275 -573.8890 0.0016 0.0009 1.0000
2.7784 0.3058 -594.6087 0.1337 3.0953 -521.5762 0.0014 0.0007 1.0000
2.8629 0.2816 -604.5447 0.1484 3.0583 -529.2317 0.0015 0.0006 1.0000
2.7023 0.2666 -562.7672 0.0944 2.8673 -487.7564 0.0013 0.0006 1.0000
2.7296 0.2719 -565.9427 0.1040 2.8601 -510.4215 0.0012 0.0006 1.0000
2.7184 0.2434 -534.3156 0.0115 2.8134 -484.1681 0.0011 0.0006 1.0000
2.5910 0.3420 -521.9220 0.0463 2.9277 -537.5137 0.0008 0.0009 1.0000
2.5648 0.2422 -456.1472 0.0627 2.6255 -486.2713 0.0010 0.0006 1.0000
2.4204 0.2500 -416.9177 -0.0011 2.5060 -453.1022 0.0008 0.0006 1.0000
2.5364 0.2533 -435.6652 0.0155 2.5011 -454.3717 0.0009 0.0005 1.0000
2.3293 0.2630 -383.5898 -0.0553 2.3673 -404.5294 0.0006 0.0006 1.0000
2.2233 0.2894 -355.5991 -0.0870 2.3238 -388.3720 0.0005 0.0006 1.0000
2.3959 0.2633 -383.9831 -0.0199 2.2747 -396.7514 0.0007 0.0005 1.0000
1.9598 0.2022 -259.5640 -0.0496 1.9569 -324.1100 0.0004 0.0004 1.0000
2.1585 0.2581 -307.8475 -0.0483 2.1243 -353.3734 0.0005 0.0005 1.0000
1.9034 0.1807 -230.2669 -0.0983 1.8686 -284.3362 0.0004 0.0003 1.0000
1.9753 0.2482 -256.5281 -0.0733 2.0002 -321.4829 0.0004 0.0005 1.0000
2.0909 0.2578 -281.6175 -0.0299 2.0822 -353.3197 0.0005 0.0005 1.0000
1.8979 0.2345 -247.4131 -0.0591 1.9095 -306.8679 0.0003 0.0004 1.0000
1.8306 0.1784 -207.4725 -0.0400 1.8184 -290.9477 0.0003 0.0004 1.0000
1.8751 0.1816 -224.2960 0.0275 1.8477 -328.5619 0.0003 0.0004 1.0000
1.9237 0.1565 -218.1715 0.0331 1.8976 -339.8002 0.0004 0.0004 1.0000
1.7979 0.0970 -174.7093 0.0413 1.7522 -312.9988 0.0003 0.0003 1.0000
1.9907 0.1349 -218.1940 0.0746 1.9458 -361.9958 0.0004 0.0004 1.0000
1.7618 0.0644 -164.8317 0.0832 1.6743 -317.9509 0.0002 0.0003 1.0000
1.8791 0.0759 -178.8977 0.1221 1.8186 -361.4687 0.0003 0.0004 1.0000
1.7814 0.0431 -153.9933 0.1174 1.6947 -337.8396 0.0002 0.0003 1.0000
1.8174 0.0310 -149.3899 0.1231 1.7100 -341.5202 0.0003 0.0003 1.0000
1.6756 0.0374 -110.5309 0.1146 1.6564 -331.5279 0.0001 0.0004 1.0000
1.6968 0.0382 -113.1529 0.1462 1.6308 -331.9902 0.0001 0.0003 1.0000
1.6911 0.0353 -100.3385 0.1326 1.6069 -316.7204 0.0001 0.0003 1.0000
1.5552 0.0199 -49.6000 0.1196 1.5436 -292.7517 0.0000 0.0003 1.0000
1.5095 0.0118 -21.1036 0.1179 1.4941 -262.6441 0.0001 0.0003 1.0000
1.4893 0.0100 -15.5681 0.0989 1.4465 -230.2312 0.0000 0.0002 1.0000
1.4101 0.0172 -6.4614 0.0579 1.3508 -181.1956 -0.0001 0.0002 1.0000
1.3930 -0.0166 20.6645 0.0808 1.3057 -159.7447 -0.0000 0.0001 1.0000
1.4436 0.0105 5.0418 0.0647 1.3426 -144.9095 -0.0000 0.0002 1.0000
1.4665 0.0190 -5.6578 0.0610 1.3545 -139.2238 0.0000 0.0002 1.0000
1.4478 -0.0036 -9.2619 0.0714 1.2875 -129.0497 -0.0000 0.0001 1.0000
1.3188 0.0018 0.3088 0.0222 1.2274 -106.8978 -0.0001 0.0001 1.0000
1.3354 -0.0002 -12.6804 0.0420 1.2754 -127.5148 -0.0001 0.0002 1.0000
1.4854 0.0493 -73.7871 0.0590 1.4172 -159.2742 -0.0000 0.0003 1.0000
1.3770 0.0212 -75.3073 0.0666 1.2642 -139.1618 -0.0001 0.0002 1.0000
1.3770 0.0142 -82.5379 0.0654 1.2990 -144.7255 -0.0000 0.0002 1.0000
1.4103 0.0323 -124.6243 0.0758 1.2759 -139.8010 -0.0000 0.0002 1.0000
1.3444 0.0227 -126.0461 0.0416 1.1737 -106.4490 -0.0001 0.0001 1.0000
1.4336 0.0534 -165.7421 0.0849 1.2600 -131.7013 -0.0000 0.0002 1.0000
1.3109 0.0339 -133.3659 0.0457 1.1919 -101.7790 -0.0001 0.0002 1.0000
1.3273 0.0271 -143.7768 0.0526 1.1552 -94.6366 -0.0000 0.0001 1.0000
1.3765 0.0503 -160.5634 0.0658 1.2306 -107.4178 -0.0000 0.0002 1.0000
1.2871 0.0072 -127.4593 0.0599 1.1035 -81.4565 -0.0000 0.0001 1.0000
1.3167 0.0150 -134.6444 0.0699 1.1188 -85.3448 0.0000 0.0001 1.0000
1.3307 0.0304 -135.5006 0.0878 1.1737 -101.1213 -0.0000 0.0001 1.0000
1.2826 0.0044 -112.1383 0.0893 1.1122 -89.6840 -0.0000 0.0001 1.0000
1.2211 -0.0081 -90.2691 0.0856 1.0716 -83.6207 -0.0001 0.0001 1.0000
1.1477 -0.0235 -71.7337 0.0736 1.0047 -69.8339 -0.0001 0.0000 1.0000
1.2161 -0.0222 -72.6068 0.1105 1.0958 -95.1014 -0.0001 0.0001 1.0000
1.2068 -0.0390 -65.2338 0.1589 1.0450 -100.0373 -0.0001 0.0001 1.0000
1.2039 -0.0433 -49.4562 0.1667 1.0965 -111.3327 -0.0001 0.0001 1.0000
1.2141 -0.0828 -35.4964 0.1824 1.0530 -103.8290 -0.0000 0.0001 1.0000
1.1467 -0.0513 -27.5149 0.1830 1.0802 -117.8422 -0.0002 0.0002 1.0000
1.1633 -0.0997 -13.4486 0.2256 1.0088 -112.3534 -0.0001 0.0001 1.0000
1.0120 -0.1252 38.5487 0.1667 0.9220 -79.4644 -0.0002 0.0000 1.0000
1.0349 -0.1298 48.1426 0.1977 0.9566 -89.0142 -0.0002 0.0001 1.0000
0.9737 -0.1385 69.6937 0.1884 0.9059 -65.7477 -0.0002 0.0001 1.0000
0.9795 -0.1369 75.8672 0.2199 0.9472 -73.7728 -0.0002 0.0001 1.0000
0.9772 -0.1958 100.0396 0.2621 0.8183 -36.3783 -0.0001 -0.0000 1.0000
0.9407 -0.1675 107.5592 0.2361 0.8802 -21.2805 -0.0002 0.0001 1.0000
0.8544 -0.1822 131.9743 0.2235 0.8047 6.8173 -0.0003 0.0000 1.0000
0.7570 -0.2021 160.7363 0.1450 0.7214 57.9599 -0.0003 -0.0000 1.0000
0.7801 -0.2315 161.1467 0.1692 0.6761 73.6979 -0.0003 -0.0001 1.0000
0.7894 -0.2502 176.9486 0.2155 0.6929 68.3524 -0.0002 -0.0001 1.0000
0.7958 -0.2406 171.3349 0.2124 0.7417 72.3308 -0.0003 -0.0000 1.0000
0.7740 -0.2519 185.2630 0.2288 0.7221 84.6395 -0.0003 -0.0000 1.0000
0.7163 -0.3033 211.0944 0.2377 0.6076 104.8167 -0.0003 -0.0001 1.0000
0.6709 -0.3218 230.8845 0.2465 0.5904 107.8007 -0.0003 -0.0001 1.0000
0.7378 -0.3506 230.2693 0.3343 0.6186 82.4402 -0.0002 -0.0001 1.0000
0.6931 -0.3891 261.8342 0.3721 0.5642 82.5346 -0.0002 -0.0001 1.0000
0.6590 -0.3992 281.5254 0.3811 0.5921 71.8639 -0.0002 -0.0001 1.0000
0.6609 -0.4213 298.3175 0.4501 0.5962 50.7406 -0.0002 -0.0001 1.0000
0.5822 -0.4412 326.4440 0.4532 0.5295 54.7852 -0.0003 -0.0001 1.0000
0.6313 -0.4654 341.7414 0.5472 0.5975 23.1758 -0.0002 -0.0000 1.0000
0.5669 -0.4856 362.4615 0.5444 0.5427 26.2556 -0.0002 -0.0000 1.0000
0.5464 -0.5129 381.3758 0.5687 0.4992 28.2899 -0.0002 -0.0001 1.0000
0.5207 -0.5171 387.2807 0.5842 0.4795 22.8708 -0.0002 -0.0001 1.0000
0.4700 -0.5255 402.2011 0.5716 0.4494 28.6493 -0.0002 -0.0001 1.0000
0.4972 -0.5455 409.4157 0.6268 0.4438 18.6829 -0.0002 -0.0001 1.0000
0.4668 -0.5395 411.0058 0.5989 0.4255 28.4127 -0.0002 -0.0001 1.0000
0.4497 -0.5530 420.1046 0.6179 0.4087 23.7720 -0.0002 -0.0001 1.0000
0.4843 -0.5647 424.0500 0.6765 0.4380 3.9196 -0.0001 -0.0001 1.0000
0.4574 -0.5674 433.1795 0.6621 0.4225 9.2554 -0.0002 -0.0001 1.0000
0.4339 -0.5799 444.2963 0.6469 0.4179 12.1104 -0.0002 -0.0001 1.0000
0.4035 -0.5723 445.3114 0.6202 0.3838 20.0985 -0.0002 -0.0001 1.0000
0.4023 -0.5779 459.1012 0.6728 0.4117 1.2411 -0.0002 -0.0001 1.0000
0.3914 -0.5754 459.8337 0.6481 0.3710 11.2773 -0.0002 -0.0001 1.0000
0.3266 -0.5857 476.4306 0.6079 0.3134 27.5822 -0.0002 -0.0001 1.0000
0.3944 -0.6115 492.4462 0.7047 0.3756 -3.0461 -0.0001 -0.0001 1.0000
0.3938 -0.6209 501.9411 0.7230 0.3423 -2.5746 -0.0001 -0.0001 1.0000
0.3322 -0.5886 515.4317 0.6789 0.4108 -11.3439 -0.0002 0.0000 1.0000
0.3489 -0.6022 525.0361 0.7097 0.3709 -13.1110 -0.0002 -0.0001 1.0000
0.3711 -0.6136 528.9392 0.7127 0.3617 -5.2936 -0.0001 -0.0001 1.0000
0.3042 -0.5814 548.4050 0.6819 0.4477 -23.4250 -0.0003 0.0001 1.0000
0.3252 -0.6063 548.9896 0.6606 0.3453 8.4950 -0.0002 -0.0001 1.0000
0.2711 -0.5882 566.2953 0.6439 0.3589 10.2783 -0.0002 -0.0001 1.0000
0.2475 -0.5421 582.6256 0.5853 0.4473 20.6479 -0.0003 0.0001 1.0000
0.3743 -0.5653 588.1524 0.6998 0.4964 -11.4871 -0.0002 0.0001 1.0000
0.2968 -0.5309 610.8863 0.6314 0.5172 12.7722 -0.0003 0.0002 1.0000
0.3514 -0.5905 630.6343 0.6752 0.4253 41.8490 -0.0002 0.0000 1.0000
0.2666 -0.5077 638.2113 0.5984 0.5362 45.8200 -0.0004 0.0002 1.0000
0.2419 -0.5371 632.0412 0.5333 0.4305 88.6539 -0.0004 0.0000 1.0000
0.2796 -0.4583 623.2688 0.5229 0.5821 86.1620 -0.0004 0.0002 1.0000
0.2965 -0.5240 616.3535 0.5377 0.4024 122.2666 -0.0003 -0.0000 1.0000
0.3097 -0.5223 618.0996 0.4865 0.4031 152.4227 -0.0003 -0.0000 1.0000
0.2102 -0.5330 606.4324 0.3283 0.2820 200.3940 -0.0005 -0.0002 1.0000
0.2797 -0.5355 596.0153 0.4035 0.3066 177.2006 -0.0004 -0.0002 1.0000
0.1761 -0.5028 592.1704 0.2828 0.2882 208.9432 -0.0005 -0.0001 1.0000
0.2158 -0.4859 584.5207 0.3789 0.3634 170.4179 -0.0005 -0.0001 1.0000
0.4702 -0.5075 568.2820 0.5822 0.5428 118.5943 -0.0002 0.0001 1.0000
0.2602 -0.5035 551.1934 0.4097 0.3510 165.1014 -0.0004 -0.0001 1.0000
0.2823 -0.4871 552.9524 0.4764 0.4860 133.6509 -0.0004 0.0001 1.0000
0.2463 -0.5205 554.3172 0.4662 0.3655 162.8933 -0.0003 -0.0001 1.0000
0.2173 -0.5337 557.3279 0.4797 0.3404 169.7694 -0.0004 -0.0000 1.0000
0.3396 -0.5726 561.4416 0.6387 0.4209 136.2359 -0.0002 0.0000 1.0000
0.2245 -0.5739 580.2463 0.6063 0.3469 154.7876 -0.0003 0.0000 1.0000
0.1635 -0.5878 586.7031 0.5388 0.2716 189.4116 -0.0003 -0.0000 1.0000
0.1094 -0.5939 603.2862 0.5453 0.2499 191.6884 -0.0004 -0.0000 1.0000
0.0790 -0.5888 615.1368 0.5682 0.2683 187.7736 -0.0004 0.0000 1.0000
0.0568 -0.6102 634.5382 0.6151 0.2531 182.9232 -0.0003 0.0000 1.0000
-0.0403 -0.5977 620.0629 0.4803 0.1238 226.2250 -0.0004 -0.0001 1.0000
-0.0551 -0.5961 629.2331 0.5042 0.1815 216.0676 -0.0005 -0.0000 1.0000
-0.0915 -0.6108 636.8397 0.4910 0.1195 229.0736 -0.0005 -0.0001 1.0000
-0.0442 -0.6387 632.0624 0.5669 0.0728 230.4541 -0.0004 -0.0001 1.0000
-0.1032 -0.6168 635.3929 0.4979 0.0739 251.2999 -0.0004 -0.0001 1.0000
-0.1380 -0.6222 652.7605 0.5300 0.1007 245.0875 -0.0004 -0.0000 1.0000
-0.1031 -0.6414 645.9910 0.5666 0.0372 251.2405 -0.0004 -0.0001 1.0000
-0.0957 -0.6725 659.1352 0.6109 -0.0246 261.6841 -0.0003 -0.0002 1.0000
-0.1440 -0.6670 671.8512 0.6061 -0.0152 254.8649 -0.0003 -0.0001 1.0000
-0.1255 -0.6682 664.1706 0.6162 -0.0407 255.9575 -0.0003 -0.0002 1.0000
-0.1598 -0.6854 710.1792 0.7008 0.0431 227.1906 -0.0003 -0.0000 1.0000
-0.1804 -0.6603 688.2933 0.6133 -0.0086 241.2009 -0.0003 -0.0001 1.0000
-0.1680 -0.6941 714.5822 0.7175 0.0062 207.2839 -0.0002 -0.0000 1.0000
-0.1817 -0.6852 707.3844 0.6900 -0.0326 204.4467 -0.0003 -0.0001 1.0000
-0.1813 -0.6850 701.8767 0.6831 -0.0521 193.2390 -0.0003 -0.0001 1.0000
-0.1279 -0.7435 746.4420 0.8734 0.0172 136.3739 -0.0001 0.0000 1.0000
-0.1726 -0.7033 716.8792 0.7609 -0.0157 141.0321 -0.0002 -0.0001 1.0000
-0.1357 -0.7455 736.4822 0.8441 -0.0277 122.9338 -0.0001 -0.0001 1.0000
-0.1480 -0.7297 717.3369 0.8006 -0.0629 123.1259 -0.0001 -0.0002 1.0000
-0.1561 -0.7102 700.7803 0.7595 -0.0540 117.9289 -0.0002 -0.0001 1.0000
-0.1441 -0.7455 733.4567 0.8758 -0.0190 90.3301 -0.0001 -0.0001 1.0000
-0.1479 -0.7431 727.8997 0.8725 -0.0176 84.6581 -0.0001 -0.0001 1.0000
-0.1431 -0.7247 707.2711 0.8272 -0.0299 92.9273 -0.0002 -0.0001 1.0000
-0.1318 -0.7232 702.4334 0.7909 -0.0259 111.8077 -0.0002 -0.0001 1.0000
-0.1297 -0.7496 723.7609 0.8727 -0.0132 95.2144 -0.0001 -0.0001 1.0000
-0.1224 -0.7376 712.8909 0.8469 0.0012 104.5141 -0.0001 -0.0000 1.0000
-0.1401 -0.7233 702.7424 0.7910 -0.0166 125.9222 -0.0002 -0.0001 1.0000
-0.0891 -0.7466 696.5344 0.8254 -0.0336 130.2514 -0.0001 -0.0001 1.0000
-0.0963 -0.7525 703.7519 0.8521 -0.0221 126.2627 -0.0001 -0.0001 1.0000
-0.1276 -0.7266 696.0500 0.7695 -0.0077 152.7813 -0.0002 -0.0001 1.0000
-0.1099 -0.7301 694.2157 0.8096 0.0100 135.5258 -0.0002 -0.0001 1.0000
-0.0418 -0.7648 692.4101 0.8898 -0.0041 129.4166 -0.0000 -0.0001 1.0000
-0.0764 -0.7512 696.1523 0.8556 0.0312 131.7560 -0.0001 -0.0000 1.0000
-0.0775 -0.7470 684.2902 0.8187 0.0319 135.0490 -0.0002 -0.0000 1.0000
-0.0929 -0.7154 657.6296 0.7150 -0.0049 162.8649 -0.0002 -0.0001 1.0000
-0.0289 -0.7547 671.2810 0.8619 0.0034 137.4161 -0.0001 -0.0001 1.0000
-0.0546 -0.7569 674.6431 0.8442 0.0063 138.2125 -0.0001 -0.0001 1.0000
-0.0751 -0.7230 652.8023 0.7532 0.0131 149.1142 -0.0002 -0.0001 1.0000
-0.0227 -0.7585 662.9911 0.8593 0.0482 123.0702 -0.0001 -0.0001 1.0000
-0.0420 -0.7328 641.6645 0.7532 -0.0071 156.5754 -0.0002 -0.0002 1.0000
-0.0546 -0.7235 639.8481 0.7218 -0.0157 165.2568 -0.0002 -0.0002 1.0000
-0.0038 -0.7642 660.9024 0.8892 0.0570 116.1031 -0.0001 -0.0001 1.0000
-0.0060 -0.7699 661.9958 0.8326 0.0274 142.7662 -0.0001 -0.0001 1.0000
-0.0302 -0.7428 649.7400 0.7775 0.0429 148.6719 -0.0002 -0.0001 1.0000
0.0000 -0.7513 641.2166 0.8044 0.0147 151.4439 -0.0002 -0.0002 1.0000
-0.0077 -0.7509 645.7301 0.7962 0.0203 161.3913 -0.0002 -0.0002 1.0000
0.0076 -0.7509 646.0436 0.7868 0.0622 165.8985 -0.0002 -0.0001 1.0000
0.0446 -0.7917 671.4228 0.8936 0.0940 151.5277 -0.0001 -0.0001 1.0000
0.0333 -0.7559 651.3451 0.8087 0.0992 171.3636 -0.0002 -0.0001 1.0000
0.0561 -0.7699 662.6360 0.8622 0.1527 159.7578 -0.0001 -0.0000 1.0000
0.0016 -0.7276 641.1394 0.7018 0.0867 210.5352 -0.0003 -0.0001 1.0000
0.0564 -0.7692 658.8433 0.8134 0.1173 196.8062 -0.0002 -0.0001 1.0000
0.0338 -0.7555 671.9696 0.8107 0.1816 191.6659 -0.0002 0.0000 1.0000
0.0458 -0.7495 657.8299 0.7582 0.1194 226.5330 -0.0002 -0.0001 1.0000
0.0025 -0.7287 662.9215 0.7064 0.1583 233.0397 -0.0003 -0.0000 1.0000
0.0578 -0.7722 683.5879 0.8199 0.1591 226.1741 -0.0002 -0.0000 1.0000
0.1239 -0.8066 696.7469 0.9395 0.2181 202.6311 -0.0001 0.0000 1.0000
0.0196 -0.7448 675.0633 0.7123 0.1286 260.0778 -0.0003 -0.0001 1.0000
0.0593 -0.7663 681.2968 0.7410 0.1598 261.2000 -0.0002 -0.0000 1.0000
0.0380 -0.7584 670.1813 0.7367 0.0625 265.1042 -0.0002 -0.0002 1.0000
0.0245 -0.7553 684.9714 0.7032 0.1323 270.3176 -0.0003 -0.0001 1.0000
0.1028 -0.7902 685.1609 0.8284 0.0961 256.0585 -0.0002 -0.0001 1.0000
0.0317 -0.7745 699.8346 0.7588 0.1268 263.2720 -0.0002 -0.0001 1.0000
0.0767 -0.7904 704.5349 0.8307 0.1723 246.6833 -0.0002 -0.0000 1.0000
0.0680 -0.8115 709.1671 0.8550 0.0820 249.2786 -0.0001 -0.0001 1.0000
0.0318 -0.8034 717.9226 0.8249 0.1283 241.6286 -0.0002 -0.0000 1.0000
0.0202 -0.8024 728.1915 0.8305 0.1483 240.4444 -0.0002 -0.0000 1.0000
0.0654 -0.8270 725.9756 0.9102 0.1197 227.6563 -0.0001 -0.0000 1.0000
0.0058 -0.8194 740.2845 0.8677 0.0993 237.6662 -0.0002 -0.0000 1.0000
0.0029 -0.8269 735.3787 0.8413 0.0516 251.4238 -0.0002 -0.0001 1.0000
-0.0075 -0.8194 739.4222 0.8548 0.0692 246.1329 -0.0002 -0.0001 1.0000
0.0242 -0.8448 748.3057 0.9321 0.0564 242.1417 -0.0001 -0.0001 1.0000
0.0156 -0.8589 755.7040 0.9396 0.0469 250.9470 -0.0001 -0.0001 1.0000
0.0225 -0.8727 765.7514 0.9811 0.0349 252.5282 -0.0000 -0.0001 1.0000
-0.0010 -0.8686 769.8416 0.9578 0.0145 264.5830 -0.0000 -0.0001 1.0000
-0.0346 -0.8629 773.5314 0.9483 -0.0082 270.6537 -0.0000 -0.0001 1.0000
-0.0348 -0.8719 783.6110 1.0069 0.0283 256.5157 -0.0000 -0.0000 1.0000
-0.0786 -0.8407 762.5871 0.8389 -0.0712 311.5672 -0.0001 -0.0001 1.0000
-0.0883 -0.8482 777.1092 0.8945 -0.0638 307.8253 -0.0001 -0.0001 1.0000
-0.1349 -0.8249 760.9658 0.7713 -0.1465 344.2929 -0.0002 -0.0002 1.0000
-0.1377 -0.8550 801.9880 0.8996 -0.0702 321.1783 -0.0001 -0.0001 1.0000
-0.1372 -0.8614 804.6886 0.9036 -0.0958 334.7882 -0.0001 -0.0001 1.0000
-0.1684 -0.8424 798.0071 0.8195 -0.1588 368.0289 -0.0001 -0.0002 1.0000
-0.1845 -0.8518 819.0145 0.8733 -0.1300 360.6141 -0.0001 -0.0001 1.0000
-0.2522 -0.8235 825.2688 0.7770 -0.0872 376.2402 -0.0002 0.0000 1.0000
-0.1974 -0.8740 844.5176 0.9623 -0.1731 370.8456 -0.0000 -0.0001 1.0000
-0.2403 -0.8407 836.8495 0.8819 -0.1780 387.9210 -0.0001 -0.0001 1.0000
-0.2258 -0.8762 860.6959 0.9344 -0.2199 407.0098 0.0000 -0.0001 1.0000
-0.2965 -0.8532 863.4559 0.8514 -0.2102 417.6156 -0.0001 -0.0001 1.0000
-0.2858 -0.8689 882.6221 0.9582 -0.2427 419.1058 0.0000 -0.0001 1.0000
-0.3535 -0.8425 886.8251 0.8457 -0.2410 444.6134 -0.0001 -0.0000 1.0000
-0.3443 -0.8462 885.9846 0.8529 -0.2900 462.6287 -0.0001 -0.0001 1.0000
-0.4081 -0.8401 923.1920 0.9156 -0.2564 467.2796 -0.0000 0.0000 1.0000
-0.4448 -0.8071 908.7194 0.8294 -0.2718 482.5515 -0.0001 0.0000 1.0000
-0.4224 -0.8289 908.1993 0.8660 -0.3812 510.5677 -0.0000 -0.0001 1.0000
-0.4603 -0.8067 900.4272 0.7915 -0.4117 531.5159 -0.0001 -0.0001 1.0000
-0.5072 -0.8134 928.6851 0.8281 -0.4210 544.1591 -0.0000 -0.0001 1.0000
-0.5434 -0.7849 920.4443 0.7574 -0.4287 562.4513 -0.0001 -0.0001 1.0000
-0.5673 -0.7355 894.7935 0.6318 -0.4084 587.5773 -0.0002 -0.0000 1.0000
-0.5183 -0.7693 892.7477 0.7193 -0.5245 606.5278 -0.0000 -0.0002 1.0000
-0.5851 -0.7534 924.2368 0.7313 -0.4749 616.9037 -0.0001 -0.0000 1.0000
-0.6105 -0.7190 898.0321 0.6152 -0.5059 639.8439 -0.0001 -0.0001 1.0000
-0.5986 -0.7235 891.6019 0.6373 -0.5854 653.4173 -0.0001 -0.0002 1.0000
-0.6464 -0.7277 930.0582 0.6820 -0.5506 672.2735 -0.0000 -0.0000 1.0000
-0.6411 -0.7094 910.7272 0.6742 -0.6030 680.9620 -0.0000 -0.0001 1.0000
-0.6309 -0.6761 875.1355 0.6000 -0.6411 691.6280 -0.0001 -0.0002 1.0000
-0.6611 -0.6785 903.3218 0.6746 -0.6509 704.1269 0.0000 -0.0001 1.0000
-0.7370 -0.6209 896.1322 0.4642 -0.5790 745.8799 -0.0002 0.0000 1.0000
-0.6862 -0.6286 858.5153 0.4561 -0.6859 748.0738 -0.0001 -0.0002 1.0000
-0.7452 -0.6266 908.2091 0.5784 -0.6678 755.8662 -0.0000 -0.0001 1.0000
-0.8002 -0.5905 913.3419 0.5145 -0.6472 772.9879 -0.0001 0.0000 1.0000
-0.8112 -0.5668 895.6180 0.4648 -0.6753 784.0058 -0.0001 -0.0000 1.0000
-0.7758 -0.5724 878.4558 0.4643 -0.7347 794.2522 -0.0001 -0.0001 1.0000
-0.8020 -0.5262 857.7434 0.3633 -0.7194 814.0126 -0.0001 -0.0001 1.0000
-0.8372 -0.5181 869.4282 0.3718 -0.7265 827.8516 -0.0001 -0.0001 1.0000
-0.8131 -0.5097 845.7116 0.3253 -0.7500 835.4191 -0.0001 -0.0001 1.0000
-0.7992 -0.4934 838.9791 0.3867 -0.7813 841.8960 -0.0001 -0.0001 1.0000
-0.8355 -0.4813 849.7751 0.3707 -0.7887 859.2182 -0.0001 -0.0001 1.0000
-0.8720 -0.4712 869.2124 0.4136 -0.8060 876.3125 -0.0000 -0.0001 1.0000
-0.8493 -0.4562 841.1153 0.3828 -0.8346 880.1087 -0.0000 -0.0002 1.0000
-0.8575 -0.4354 833.6772 0.3288 -0.8437 899.8599 -0.0000 -0.0002 1.0000
-0.9071 -0.4027 844.5522 0.3258 -0.8172 905.5235 -0.0001 -0.0001 1.0000
-0.9412 -0.3813 833.6907 0.2752 -0.8225 919.7619 -0.0001 -0.0001 1.0000
-0.9294 -0.3621 816.2882 0.2760 -0.8335 937.8635 -0.0001 -0.0001 1.0000
-0.9118 -0.3557 775.1645 0.1496 -0.8264 940.6782 -0.0002 -0.0002 1.0000
-1.0350 -0.3154 835.8406 0.2931 -0.8125 1002.0513 -0.0001 0.0001 1.0000
-0.9607 -0.3313 795.1917 0.2776 -0.8724 1003.7706 -0.0000 -0.0001 1.0000
-0.9698 -0.3120 774.2042 0.1866 -0.8705 1040.2756 -0.0001 -0.0001 1.0000
-0.9363 -0.3372 768.3077 0.2592 -0.9505 1076.5849 0.0000 -0.0002 1.0000
-1.0306 -0.2950 786.0796 0.2243 -0.8842 1098.3738 -0.0001 -0.0001 1.0000
-1.0578 -0.2721 789.3010 0.1342 -0.8373 1134.2951 -0.0001 0.0000 1.0000
-1.0289 -0.2652 765.4063 0.0744 -0.8374 1161.5626 -0.0002 0.0000 1.0000
-1.0397 -0.2637 761.1532 0.0672 -0.8752 1191.4167 -0.0002 -0.0000 1.0000
-1.0697 -0.2531 783.7699 0.1973 -0.8839 1209.9482 -0.0001 0.0000 1.0000
-1.0513 -0.2331 749.3167 0.0475 -0.8507 1210.6656 -0.0002 0.0000 1.0000
-1.0839 -0.2445 783.3150 0.2223 -0.8881 1238.9258 -0.0000 0.0000 1.0000
-1.0475 -0.2594 765.6449 0.1004 -0.8944 1229.7674 -0.0001 -0.0000 1.0000
-1.0642 -0.2542 782.4251 0.0625 -0.8450 1245.5428 -0.0002 0.0001 1.0000
-1.0376 -0.2746 775.3446 0.1260 -0.8887 1231.3882 -0.0001 -0.0000 1.0000
-1.0223 -0.2856 779.6444 0.1465 -0.8967 1228.8304 -0.0001 -0.0000 1.0000
-1.0316 -0.2904 784.7016 0.1310 -0.8946 1225.3937 -0.0001 -0.0000 1.0000
-1.0997 -0.3033 820.0945 0.2393 -0.8948 1227.3125 -0.0000 0.0000 1.0000
-1.0557 -0.2903 781.8943 0.1435 -0.8914 1232.0678 -0.0001 0.0000 1.0000
-1.0125 -0.2733 725.4764 0.0984 -0.9041 1198.5051 -0.0002 -0.0001 1.0000
-1.0564 -0.2791 743.5780 0.1290 -0.8954 1205.9057 -0.0001 -0.0000 1.0000
-1.0621 -0.2817 732.6590 0.1055 -0.8937 1202.6334 -0.0002 -0.0000 1.0000
-1.0632 -0.2768 727.2613 0.0709 -0.8582 1201.9614 -0.0002 0.0000 1.0000
-1.0615 -0.2881 723.5905 0.0093 -0.8327 1195.5454 -0.0002 0.0000 1.0000
-1.0070 -0.3083 703.5543 0.1347 -0.9262 1151.0617 -0.0002 -0.0001 1.0000
-1.1130 -0.2982 752.6764 0.1791 -0.8488 1167.9669 -0.0002 0.0001 1.0000
-1.0534 -0.3452 748.7426 0.2048 -0.8970 1130.6516 -0.0002 -0.0001 1.0000
-1.0796 -0.3814 793.8893 0.2931 -0.8987 1121.6296 -0.0001 -0.0001 1.0000
-0.9730 -0.3873 747.8557 0.1514 -0.8833 1099.5843 -0.0002 -0.0002 1.0000
-0.9547 -0.4226 778.7951 0.2601 -0.9290 1111.7714 -0.0002 -0.0002 1.0000
-0.9661 -0.4667 830.5923 0.2856 -0.9027 1122.1923 -0.0001 -0.0001 1.0000
-0.9813 -0.5245 895.8891 0.4161 -0.8669 1120.3572 -0.0001 -0.0001 1.0000
-1.0649 -0.5337 975.8073 0.5116 -0.8201 1141.7341 -0.0001 0.0000 1.0000
-1.0452 -0.5429 986.4244 0.5043 -0.7875 1148.8911 -0.0001 0.0001 1.0000
-1.0827 -0.5662 1013.4782 0.3111 -0.7278 1161.7418 -0.0003 0.0001 1.0000
-1.1783 -0.5540 1097.1415 0.2983 -0.5479 1211.0519 -0.0003 0.0003 1.0000
-1.1613 -0.5872 1080.7642 0.0169 -0.6019 1234.9590 -0.0005 0.0002 1.0000
1.0000 0.0000 0.0000 0.0000 1.0000 0.0000 0.0000 0.0000 1.0000
1.0000 0.0000 0.0000 0.0000 1.0000 0.0000 0.0000 0.0000 1.0000
1.0000 0.0000 0.0000 0.0000 1.0000 0.0000 0.0000 0.0000 1.0000
1.0000 0.0000 0.0000 0.0000 1.0000 0.0000 0.0000 0.0000 1.0000
1.0000 0.0000 0.0000 0.0000 1.0000 0.0000 0.0000 0.0000 1.0000
1.0000 0.0000 0.0000 0.0000 1.0000 0.0000 0.0000 0.0000 1.0000
1.0000 0.0000 0.0000 0.0000 1.0000 0.0000 0.0000 0.0000 1.0000
1.0000 0.0000 0.0000 0.0000 1.0000 0.0000 0.0000 0.0000 1.0000
1.0000 0.0000 0.0000 0.0000 1.0000 0.0000 0.0000 0.0000 1.0000
1.0000 0.0000 0.0000 0.0000 1.0000 0.0000 0.0000 0.0000 1.0000
1.0000 0.0000 0.0000 0.0000 1.0000 0.0000 0.0000 0.0000 1.0000
1.0000 0.0000 0.0000 0.0000 1.0000 0.0000 0.0000 0.0000 1.0000
1.0000 0.0000 0.0000 0.0000 1.0000 0.0000 0.0000 0.0000 1.0000
1.0000 0.0000 0.0000 0.0000 1.0000 0.0000 0.0000 0.0000 1.0000
1.0000 0.0000 0.0000 0.0000 1.0000 0.0000 0.0000 0.0000 1.0000
1.0000 0.0000 0.0000 0.0000 1.0000 0.0000 0.0000 0.0000 1.0000
1.0000 0.0000 0.0000 0.0000 1.0000 0.0000 0.0000 0.0000 1.0000
1.0000 0.0000 0.0000 0.0000 1.0000 0.0000 0.0000 0.0000 1.0000
1.0000 0.0000 0.0000 0.0000 1.0000 0.0000 0.0000 0.0000 1.0000
1.0000 0.0000 0.0000 0.0000 1.0000 0.0000 0.0000 0.0000 1.0000
1.0000 0.0000 0.0000 0.0000 1.0000 0.0000 0.0000 0.0000 1.0000
1.0000 0.0000 0.0000 0.0000 1.0000 0.0000 0.0000 0.0000 1.0000
1.0000 0.0000 0.0000 0.0000 1.0000 0.0000 0.0000 0.0000 1.0000
-1.1031 -0.6415 1124.2014 0.4070 -0.7712 1239.0000 -0.0004 0.0001 1.0000
-1.1998 -0.7120 1260.4441 0.9571 -0.8418 1299.9548 0.0001 0.0002 1.0000
-1.1814 -0.6363 1163.9677 0.5950 -0.8018 1279.8255 -0.0001 0.0002 1.0000
-1.3324 -0.5789 1196.5667 0.5236 -0.7078 1276.5837 -0.0002 0.0003 1.0000
-1.2555 -0.5814 1150.1294 0.5984 -0.8273 1264.0296 -0.0001 0.0002 1.0000
-1.2691 -0.5390 1117.2259 0.4518 -0.8426 1272.0061 -0.0002 0.0002 1.0000
-1.3329 -0.5105 1140.4033 0.4554 -0.8119 1277.3929 -0.0001 0.0003 1.0000
-1.2684 -0.4986 1090.9928 0.3824 -0.8831 1255.6019 -0.0001 0.0001 1.0000
-1.2950 -0.4408 1071.9540 0.2826 -0.8239 1242.8984 -0.0002 0.0002 1.0000
-1.2667 -0.4566 1066.3557 0.3836 -0.9046 1218.6022 -0.0001 0.0001 1.0000
-1.2410 -0.4543 1062.3132 0.4572 -0.9285 1198.2860 -0.0001 0.0001 1.0000
-1.3497 -0.4530 1156.6082 0.6780 -0.9651 1237.7599 0.0001 0.0003 1.0000
-1.3244 -0.4270 1103.9656 0.5296 -0.9456 1190.1539 0.0000 0.0002 1.0000
-1.3661 -0.4082 1132.8702 0.5849 -0.9670 1197.2367 0.0001 0.0002 1.0000
-1.2395 -0.4060 1042.0139 0.3845 -1.0040 1160.1774 -0.0000 0.0000 1.0000
-1.3226 -0.3732 1091.6863 0.4539 -0.9981 1187.2173 0.0000 0.0002 1.0000
-1.2818 -0.3835 1075.5048 0.4235 -1.0308 1174.4141 0.0000 0.0001 1.0000
-1.2888 -0.3821 1056.4813 0.3355 -1.0328 1145.0546 -0.0000 0.0000 1.0000
-1.4113 -0.3605 1149.0344 0.5415 -1.0787 1187.8987 0.0002 0.0002 1.0000
-1.3359 -0.3543 1088.5990 0.3830 -1.0409 1146.0217 0.0000 0.0001 1.0000
-1.3972 -0.3502 1136.3880 0.5124 -1.0923 1157.2113 0.0001 0.0002 1.0000
-1.2599 -0.3761 1046.7358 0.3124 -1.0973 1131.7917 0.0000 -0.0001 1.0000
-1.2650 -0.3521 1034.7576 0.2875 -1.0753 1114.5553 -0.0000 -0.0000 1.0000
-1.3326 -0.3714 1083.9430 0.4179 -1.1116 1103.9248 0.0001 -0.0000 1.0000
-1.3603 -0.3652 1125.3380 0.5361 -1.1436 1137.6378 0.0002 0.0001 1.0000
-1.3637 -0.3731 1102.6679 0.4285 -1.0859 1100.7683 0.0001 0.0001 1.0000
-1.3760 -0.3863 1092.6557 0.4534 -1.1010 1072.7473 0.0001 0.0000 1.0000
-1.3313 -0.3889 1070.0695 0.4561 -1.1256 1090.2788 0.0001 0.0000 1.0000
-1.3584 -0.3641 1043.6258 0.3472 -1.0740 1073.3719 -0.0000 0.0000 1.0000
-1.3128 -0.3946 1014.6498 0.3403 -1.1019 1060.6732 -0.0000 -0.0001 1.0000
-1.3293 -0.3682 992.7182 0.2868 -1.0721 1053.7288 -0.0001 -0.0000 1.0000
-1.3238 -0.3856 997.4065 0.3560 -1.1085 1061.5073 -0.0000 -0.0000 1.0000
-1.3860 -0.3724 1011.2170 0.3607 -1.1032 1058.2885 -0.0000 -0.0000 1.0000
-1.4001 -0.3780 1011.9361 0.3894 -1.1136 1053.9170 -0.0000 0.0000 1.0000
-1.3931 -0.3800 998.8878 0.3328 -1.1094 1061.8519 -0.0001 -0.0000 1.0000
-1.4264 -0.3756 1005.6560 0.3647 -1.1218 1053.4916 -0.0000 -0.0000 1.0000
-1.4661 -0.3639 1011.6936 0.3078 -1.1021 1063.9654 -0.0001 0.0000 1.0000
-1.5034 -0.3773 1048.4657 0.4547 -1.1707 1079.7854 0.0001 0.0001 1.0000
-1.4513 -0.3690 1005.5288 0.2923 -1.1127 1065.1598 -0.0001 0.0000 1.0000
-1.4740 -0.3808 1028.2481 0.3875 -1.1617 1070.9476 0.0000 -0.0000 1.0000
-1.4383 -0.3531 995.5025 0.2962 -1.1230 1072.1508 -0.0001 0.0000 1.0000
-1.4453 -0.3602 999.0012 0.3570 -1.1488 1057.9276 -0.0000 -0.0000 1.0000
