1.0000 -0.0000 -0.0000 0.0000 1.0000 -0.0000 0.0000 -0.0000 1.0000
0.8447 0.0590 37.4652 -0.0380 0.9603 19.5221 -0.0002 0.0001 1.0000
0.9295 0.0648 10.5905 -0.0207 1.0060 8.8328 -0.0001 0.0001 1.0000
0.8718 0.0414 31.3327 -0.0295 0.9607 16.7125 -0.0001 0.0001 1.0000
0.8469 0.0241 40.8960 -0.0202 0.9312 15.2072 -0.0001 0.0000 1.0000
0.8757 0.0269 32.3123 -0.0246 0.9374 21.5011 -0.0001 0.0000 1.0000
0.8798 0.0272 36.1341 -0.0043 0.9442 11.8471 -0.0001 0.0000 1.0000
0.9070 0.0242 29.2125 -0.0027 0.9577 11.7802 -0.0001 0.0000 1.0000
0.9451 0.0014 20.0278 0.0031 0.9445 15.7051 -0.0000 -0.0000 1.0000
0.9446 0.0118 24.4741 0.0104 0.9579 12.8467 -0.0000 0.0000 1.0000
0.8875 0.0168 37.0473 -0.0074 0.9259 22.9502 -0.0001 0.0000 1.0000
0.9505 0.0027 20.9628 0.0174 0.9312 16.9172 -0.0000 -0.0000 1.0000
0.9663 0.0336 15.4180 0.0143 0.9724 15.1074 -0.0000 0.0000 1.0000
1.0040 0.0184 5.5442 0.0278 0.9672 13.7460 0.0000 0.0000 1.0000
0.9493 0.0094 22.7111 0.0199 0.9270 20.7576 -0.0000 -0.0000 1.0000
0.9461 -0.0110 29.7300 0.0170 0.9175 26.9605 -0.0000 -0.0000 1.0000
0.8550 0.0425 48.8786 -0.0081 0.9038 39.8092 -0.0001 0.0001 1.0000
0.8686 -0.0019 50.9935 0.0072 0.8667 41.6297 -0.0001 -0.0000 1.0000
1.0644 -0.0144 -1.5408 0.0655 0.9321 24.1040 0.0001 -0.0001 1.0000
0.9625 0.0191 25.9844 0.0377 0.9054 44.3288 0.0000 -0.0000 1.0000
0.9022 0.0037 46.8807 0.0301 0.8597 59.2167 -0.0000 -0.0001 1.0000
0.7870 0.0502 76.2276 -0.0120 0.8276 87.8766 -0.0001 0.0000 1.0000
0.8382 0.0220 66.0795 0.0094 0.8126 90.1578 -0.0001 -0.0000 1.0000
0.9154 0.0600 45.0933 0.0390 0.8675 82.1962 0.0000 0.0000 1.0000
0.8649 0.0451 64.1017 0.0282 0.8211 95.0951 -0.0000 -0.0000 1.0000
0.8070 0.0087 87.2885 0.0153 0.7532 110.2994 -0.0001 -0.0001 1.0000
0.9000 0.0316 64.9534 0.0533 0.8008 100.1376 0.0000 -0.0001 1.0000
0.8212 0.0264 91.0149 0.0264 0.7601 115.5050 -0.0000 -0.0001 1.0000
0.7984 0.0500 97.9494 0.0229 0.7603 122.6749 -0.0001 -0.0000 1.0000
0.8529 0.0128 92.7512 0.0495 0.7465 123.3246 0.0000 -0.0001 1.0000
0.9396 -0.0033 71.7218 0.0815 0.7620 118.0267 0.0001 -0.0001 1.0000
0.7238 0.0749 118.4494 -0.0002 0.7287 144.4800 -0.0001 0.0000 1.0000
0.7822 0.0418 110.3453 0.0237 0.7263 143.0942 -0.0000 -0.0001 1.0000
0.8899 0.0445 83.3504 0.0763 0.7610 127.5159 0.0001 -0.0001 1.0000
0.8818 0.0546 86.2881 0.0730 0.7617 130.6952 0.0001 -0.0000 1.0000
0.8629 0.0414 93.8277 0.0666 0.7382 136.3825 0.0001 -0.0001 1.0000
0.8098 0.1143 99.1688 0.0438 0.7721 138.2157 -0.0000 0.0000 1.0000
0.8798 0.0900 88.4135 0.0821 0.7751 127.2858 0.0001 -0.0000 1.0000
0.8206 0.0847 106.1793 0.0553 0.7409 139.6183 0.0000 -0.0000 1.0000
0.8296 0.0643 111.3747 0.0684 0.7256 133.5099 0.0001 -0.0001 1.0000
0.8466 0.0672 108.2190 0.0775 0.7284 127.5301 0.0001 -0.0001 1.0000
0.8427 0.0275 117.8399 0.0829 0.6914 127.6364 0.0001 -0.0001 1.0000
0.7978 0.0484 129.5574 0.0706 0.6874 126.6888 0.0001 -0.0001 1.0000
0.7186 0.0923 148.7507 0.0437 0.6919 128.9964 -0.0000 0.0000 1.0000
0.7292 0.0800 149.9927 0.0501 0.6876 124.3697 0.0000 -0.0000 1.0000
0.7964 0.0533 140.3345 0.0816 0.6851 116.2982 0.0001 -0.0001 1.0000
0.7696 0.0349 151.2356 0.0767 0.6663 117.1248 0.0001 -0.0001 1.0000
0.7941 0.0673 142.7828 0.0933 0.6899 108.6593 0.0001 -0.0000 1.0000
0.8040 0.0794 146.2907 0.0982 0.7069 107.6575 0.0001 0.0000 1.0000
0.7321 0.0135 175.8324 0.0879 0.6315 116.4661 0.0000 -0.0001 1.0000
0.7950 0.0393 165.7512 0.1113 0.6723 111.1065 0.0001 -0.0000 1.0000
0.8683 -0.0316 161.8547 0.1491 0.6546 102.7315 0.0002 -0.0002 1.0000
0.8185 -0.0036 174.2849 0.1324 0.6581 109.4009 0.0001 -0.0001 1.0000
0.7285 0.0085 196.9024 0.0981 0.6363 123.4851 0.0000 -0.0001 1.0000
0.9848 -0.0558 146.8186 0.2149 0.6750 97.2760 0.0003 -0.0002 1.0000
0.9680 -0.0717 151.3512 0.2131 0.6604 106.4199 0.0003 -0.0002 1.0000
0.8564 -0.0652 173.6276 0.1696 0.6322 125.1466 0.0002 -0.0001 1.0000
0.8172 -0.0484 173.8654 0.1595 0.6292 132.9963 0.0001 -0.0001 1.0000
0.9740 -0.0995 135.5255 0.2225 0.6539 126.7077 0.0003 -0.0002 1.0000
0.8317 -0.1053 160.5622 0.1852 0.6037 137.6488 0.0001 -0.0001 1.0000
0.9135 -0.1303 136.7634 0.2202 0.6145 133.6631 0.0002 -0.0002 1.0000
0.8220 -0.1097 156.0873 0.1724 0.5991 148.2117 0.0001 -0.0001 1.0000
0.9224 -0.1209 132.5377 0.2184 0.6373 135.7331 0.0002 -0.0001 1.0000
1.1071 -0.2353 96.7304 0.3190 0.6066 114.7987 0.0004 -0.0003 1.0000
1.0569 -0.2031 102.5908 0.3028 0.6203 116.8026 0.0003 -0.0002 1.0000
1.0471 -0.1811 96.1595 0.2896 0.6456 121.4623 0.0003 -0.0001 1.0000
1.1402 -0.3042 79.3052 0.3449 0.5720 119.6660 0.0004 -0.0003 1.0000
1.0267 -0.1842 81.6827 0.2797 0.6364 129.7037 0.0003 -0.0001 1.0000
1.1744 -0.3182 53.7922 0.3649 0.5691 120.1166 0.0005 -0.0004 1.0000
1.1532 -0.2657 39.2353 0.3455 0.6045 120.1124 0.0004 -0.0002 1.0000
1.1476 -0.2819 37.7985 0.3335 0.5909 128.3935 0.0004 -0.0003 1.0000
1.1440 -0.2872 32.6228 0.3328 0.5828 127.1659 0.0004 -0.0003 1.0000
1.3913 -0.3352 -26.4479 0.4422 0.6397 101.9690 0.0006 -0.0003 1.0000
1.2305 -0.2797 9.1876 0.3446 0.6314 120.6860 0.0005 -0.0002 1.0000
1.2604 -0.2888 8.4511 0.3397 0.6334 121.4115 0.0005 -0.0002 1.0000
1.3172 -0.3579 16.7204 0.3654 0.5932 118.2929 0.0005 -0.0003 1.0000
1.2936 -0.3360 29.9576 0.3220 0.6033 130.3133 0.0005 -0.0003 1.0000
1.2653 -0.3311 45.5997 0.3020 0.5921 132.2595 0.0004 -0.0003 1.0000
1.4524 -0.3899 18.5183 0.3705 0.6140 117.1717 0.0006 -0.0004 1.0000
1.4526 -0.3667 20.7272 0.3485 0.6343 120.5712 0.0006 -0.0003 1.0000
1.3836 -0.3386 37.7862 0.2964 0.6298 132.8636 0.0005 -0.0003 1.0000
1.3817 -0.3154 40.0741 0.2701 0.6463 140.8588 0.0005 -0.0002 1.0000
1.3160 -0.2858 53.9339 0.2178 0.6502 155.9175 0.0004 -0.0002 1.0000
1.3836 -0.3176 45.1286 0.2326 0.6536 151.6454 0.0005 -0.0003 1.0000
1.4062 -0.3513 44.0615 0.2228 0.6310 154.8462 0.0005 -0.0003 1.0000
1.4733 -0.3250 27.4223 0.2140 0.6781 152.9913 0.0006 -0.0003 1.0000
1.3707 -0.3409 57.8184 0.1676 0.6324 158.3739 0.0005 -0.0003 1.0000
1.5475 -0.3456 12.7648 0.1979 0.6987 138.8912 0.0006 -0.0003 1.0000
1.4544 -0.2748 22.6782 0.1270 0.7196 146.2723 0.0005 -0.0002 1.0000
1.5357 -0.2720 5.7960 0.1119 0.7630 143.1328 0.0005 -0.0002 1.0000
1.6154 -0.2460 -20.3995 0.0933 0.8142 135.0448 0.0006 -0.0002 1.0000
1.5644 -0.3065 -1.8400 0.0669 0.7614 134.5284 0.0006 -0.0003 1.0000
1.5742 -0.2421 -16.4935 0.0244 0.8226 134.3204 0.0005 -0.0002 1.0000
1.4417 -0.1773 6.2937 -0.0326 0.8265 142.3121 0.0004 -0.0001 1.0000
1.5095 -0.1926 -12.5864 -0.0560 0.8484 145.0753 0.0005 -0.0002 1.0000
1.5395 -0.2160 -21.2198 -0.0841 0.8513 146.0331 0.0005 -0.0002 1.0000
1.6174 -0.1650 -55.9589 -0.1370 0.9233 151.7402 0.0005 -0.0002 1.0000
1.6098 -0.1832 -62.7155 -0.1590 0.9181 145.7088 0.0005 -0.0002 1.0000
1.6551 -0.1679 -88.2530 -0.2080 0.9495 152.3537 0.0006 -0.0002 1.0000
1.6985 -0.1148 -123.0019 -0.2561 1.0059 154.6870 0.0006 -0.0002 1.0000
1.7774 -0.0780 -166.8374 -0.3010 1.0706 167.6250 0.0006 -0.0001 1.0000
1.6337 -0.0620 -145.4994 -0.3417 1.0421 188.2763 0.0005 -0.0001 1.0000
1.7399 -0.0823 -192.9501 -0.3654 1.0758 203.2922 0.0006 -0.0002 1.0000
1.8282 -0.0630 -238.6490 -0.3978 1.1134 219.1778 0.0007 -0.0002 1.0000
1.7363 -0.0535 -224.4030 -0.4241 1.0891 227.1860 0.0006 -0.0002 1.0000
1.8995 -0.0531 -285.0639 -0.4577 1.1679 232.9998 0.0007 -0.0002 1.0000
1.8286 -0.0260 -277.6802 -0.4854 1.1524 239.1390 0.0007 -0.0002 1.0000
1.8203 -0.0071 -283.5125 -0.5125 1.1686 244.8254 0.0007 -0.0002 1.0000
1.8962 0.0122 -321.2071 -0.5446 1.2098 256.5853 0.0007 -0.0002 1.0000
1.8695 0.0022 -318.0191 -0.5597 1.1999 271.7983 0.0007 -0.0002 1.0000
1.8865 0.0580 -342.9504 -0.5821 1.2342 293.3219 0.0007 -0.0001 1.0000
2.0536 0.0474 -407.1903 -0.5954 1.2873 319.9905 0.0009 -0.0002 1.0000
2.0622 0.0128 -416.9607 -0.5928 1.2781 337.5318 0.0009 -0.0003 1.0000
2.0580 -0.0174 -425.8403 -0.5805 1.2529 345.8187 0.0010 -0.0004 1.0000
2.0378 0.0403 -445.0478 -0.6009 1.2887 361.6635 0.0009 -0.0002 1.0000
2.0104 0.0587 -455.5833 -0.6111 1.2877 374.0407 0.0009 -0.0002 1.0000
2.0212 0.0572 -473.6076 -0.6071 1.3123 370.5571 0.0009 -0.0002 1.0000
2.0781 0.0703 -513.8500 -0.6303 1.3527 380.3598 0.0010 -0.0002 1.0000
2.1293 0.0377 -543.8353 -0.6270 1.3753 375.9433 0.0010 -0.0003 1.0000
2.1480 0.0017 -568.6954 -0.6225 1.3719 365.8484 0.0011 -0.0003 1.0000
2.1583 0.0163 -596.8607 -0.6170 1.3990 351.0553 0.0011 -0.0003 1.0000
2.3117 -0.0682 -659.3934 -0.5903 1.4362 333.5813 0.0012 -0.0004 1.0000
2.4007 -0.0880 -697.1395 -0.5816 1.4848 318.1607 0.0013 -0.0004 1.0000
2.5524 -0.1071 -751.0323 -0.5692 1.5711 296.2490 0.0014 -0.0004 1.0000
2.6959 -0.1697 -789.7126 -0.5430 1.6268 263.7483 0.0015 -0.0005 1.0000
2.5756 -0.2269 -730.5915 -0.5038 1.5346 228.9650 0.0014 -0.0005 1.0000
2.9009 -0.2877 -819.1410 -0.4964 1.6947 194.3784 0.0017 -0.0005 1.0000
2.9186 -0.3509 -791.2916 -0.4509 1.6734 147.0223 0.0017 -0.0005 1.0000
3.0376 -0.4002 -787.3163 -0.4286 1.7428 107.9580 0.0017 -0.0005 1.0000
2.9536 -0.4026 -713.2071 -0.3900 1.7125 78.0260 0.0016 -0.0004 1.0000
2.9911 -0.4840 -662.6560 -0.3301 1.6968 46.0180 0.0016 -0.0004 1.0000
3.0428 -0.6488 -604.4647 -0.2570 1.6339 23.8701 0.0017 -0.0005 1.0000
3.3623 -0.7559 -639.1521 -0.1915 1.7247 2.9344 0.0019 -0.0006 1.0000
3.2068 -0.8057 -547.6721 -0.1298 1.6033 0.7233 0.0018 -0.0006 1.0000
3.2156 -0.6255 -552.1841 -0.1244 1.7071 4.9627 0.0017 -0.0002 1.0000
3.4422 -0.9171 -525.4494 -0.0469 1.6275 12.3285 0.0020 -0.0006 1.0000
3.3765 -0.9597 -475.6245 -0.0058 1.5346 21.6960 0.0019 -0.0007 1.0000
3.7444 -1.1274 -521.2236 0.0709 1.5872 12.0570 0.0023 -0.0009 1.0000
3.5811 -1.1214 -460.1692 0.0730 1.5176 32.4775 0.0022 -0.0009 1.0000
3.5824 -1.1593 -453.5902 0.0763 1.4794 57.6546 0.0022 -0.0009 1.0000
3.6336 -1.0576 -482.2844 0.0634 1.5658 82.3967 0.0022 -0.0008 1.0000
3.7840 -1.0934 -527.1256 0.1001 1.6061 95.7587 0.0025 -0.0009 1.0000
3.8529 -1.1441 -549.7819 0.1187 1.6129 122.2706 0.0026 -0.0009 1.0000
3.4389 -1.0639 -483.9995 0.0544 1.4356 166.6395 0.0023 -0.0009 1.0000
3.7223 -0.9759 -594.6711 0.0405 1.6427 189.9359 0.0026 -0.0008 1.0000
3.8427 -1.0827 -625.8573 0.0754 1.6000 215.1170 0.0028 -0.0010 1.0000
4.3575 -1.2493 -741.5157 0.1560 1.7138 231.7940 0.0033 -0.0013 1.0000
4.4279 -1.1573 -775.9575 0.1268 1.8140 255.9036 0.0034 -0.0011 1.0000
3.9132 -0.9425 -658.7848 0.0014 1.7077 293.1698 0.0028 -0.0009 1.0000
3.8947 -0.9642 -626.0463 0.0003 1.6896 303.2483 0.0028 -0.0009 1.0000
3.9039 -0.9432 -607.3628 -0.0427 1.7017 331.2852 0.0029 -0.0009 1.0000
3.6691 -0.9479 -516.7113 -0.0897 1.5831 354.5449 0.0027 -0.0010 1.0000
3.8854 -0.9996 -534.3108 -0.0919 1.6400 381.3097 0.0029 -0.0011 1.0000
3.4362 -0.8074 -421.7133 -0.2002 1.5636 404.2444 0.0024 -0.0008 1.0000
3.9506 -1.0630 -472.8747 -0.1501 1.6144 434.6932 0.0030 -0.0012 1.0000
3.9095 -0.9135 -452.1999 -0.2358 1.6912 467.7249 0.0029 -0.0010 1.0000
3.7468 -0.9364 -386.4176 -0.2725 1.5850 477.6335 0.0028 -0.0011 1.0000
4.0747 -0.9251 -434.9164 -0.3213 1.7516 506.0203 0.0030 -0.0010 1.0000
4.6371 -1.0120 -526.3339 -0.3693 1.9598 547.3399 0.0036 -0.0011 1.0000
4.5714 -1.0449 -460.0683 -0.4119 1.9413 555.2175 0.0035 -0.0012 1.0000
4.2177 -0.7871 -386.0068 -0.5258 1.9348 571.9533 0.0032 -0.0009 1.0000
4.1486 -0.5835 -381.3885 -0.6654 2.0108 617.9490 0.0030 -0.0006 1.0000
3.9877 -0.4037 -339.9399 -0.7661 2.0365 638.8475 0.0029 -0.0005 1.0000
3.9987 -0.7592 -257.1093 -0.7535 1.8311 642.0910 0.0030 -0.0009 1.0000
4.1904 -0.6057 -296.7575 -0.8861 2.0194 674.9311 0.0031 -0.0008 1.0000
4.1128 -0.5606 -280.5712 -0.9880 1.9968 695.7425 0.0031 -0.0007 1.0000
3.8625 -0.6048 -195.0825 -1.0252 1.9099 676.4346 0.0030 -0.0008 1.0000
3.6749 -0.5708 -161.3664 -1.0508 1.8556 651.3359 0.0028 -0.0008 1.0000
4.2796 -0.8852 -231.3573 -1.1660 1.9857 692.1006 0.0035 -0.0013 1.0000
3.7152 -0.4126 -170.4810 -1.2757 2.0168 683.7388 0.0029 -0.0007 1.0000
4.1396 -0.4660 -250.0013 -1.4145 2.1995 717.1262 0.0034 -0.0008 1.0000
4.2700 -0.4316 -299.9890 -1.5748 2.3147 752.0851 0.0036 -0.0008 1.0000
4.1758 -0.6081 -272.3856 -1.5901 2.2366 737.9975 0.0036 -0.0011 1.0000
3.6866 -0.2379 -222.7515 -1.6441 2.2188 728.8790 0.0032 -0.0006 1.0000
3.6255 -0.2424 -214.4619 -1.7241 2.2382 761.3314 0.0032 -0.0007 1.0000
3.2540 0.2026 -185.1899 -1.7477 2.2652 767.7083 0.0029 -0.0001 1.0000
3.5553 -0.1936 -194.8657 -1.7722 2.2034 823.1636 0.0034 -0.0008 1.0000
3.7612 0.0383 -237.8600 -1.9526 2.3934 944.7203 0.0037 -0.0006 1.0000
2.7425 0.1882 -31.8996 -1.6599 1.9476 853.4307 0.0027 -0.0003 1.0000
2.9005 0.3831 -32.1507 -1.7691 2.0807 962.5097 0.0030 -0.0002 1.0000
2.6457 0.0178 67.4633 -1.5295 1.7273 911.9126 0.0028 -0.0007 1.0000
3.3594 0.4234 -10.2139 -1.7976 2.2311 1126.6953 0.0037 -0.0003 1.0000
3.3501 0.2699 40.0689 -1.6699 2.0658 1143.2447 0.0038 -0.0006 1.0000
2.8879 0.1242 143.7676 -1.4665 1.7462 1077.8270 0.0033 -0.0007 1.0000
3.3456 0.2481 136.7816 -1.5420 2.0138 1202.1802 0.0039 -0.0007 1.0000
2.8480 -0.1793 244.4028 -1.2493 1.5153 1076.2988 0.0034 -0.0011 1.0000
2.8411 -0.2948 268.1445 -1.1818 1.4298 1079.5437 0.0034 -0.0013 1.0000
2.8952 0.0153 268.3966 -1.2403 1.6431 1144.2504 0.0035 -0.0009 1.0000
2.4674 -0.0825 324.4524 -1.0983 1.3664 1060.0831 0.0030 -0.0009 1.0000
2.8230 0.2474 297.9892 -1.2654 1.7321 1201.4737 0.0035 -0.0006 1.0000
2.5463 -0.1511 356.1536 -1.1059 1.3500 1114.7253 0.0032 -0.0010 1.0000
2.4720 0.1560 369.2529 -1.1361 1.5343 1118.7643 0.0031 -0.0006 1.0000
2.9458 -0.0952 362.1269 -1.1175 1.5520 1197.1709 0.0037 -0.0011 1.0000
3.0626 0.0122 369.7288 -1.1779 1.6632 1253.5997 0.0039 -0.0009 1.0000
2.3938 -0.1398 447.5598 -1.0422 1.2926 1111.0158 0.0030 -0.0010 1.0000
3.3215 -0.2160 399.3796 -1.1538 1.6075 1313.1243 0.0042 -0.0013 1.0000
2.3248 -0.4273 493.8139 -0.9167 1.0718 1064.5871 0.0029 -0.0013 1.0000
2.7832 -0.1693 483.4523 -1.0392 1.4384 1196.6304 0.0035 -0.0011 1.0000
3.3391 -0.0831 454.4636 -1.1607 1.7168 1346.6610 0.0042 -0.0011 1.0000
2.6626 -0.1010 521.6436 -1.0676 1.4627 1207.9974 0.0034 -0.0009 1.0000
3.7424 0.1790 469.4311 -1.2842 2.1115 1473.3021 0.0047 -0.0008 1.0000
2.8344 -0.4166 536.5041 -1.0116 1.3304 1221.3811 0.0036 -0.0013 1.0000
3.4162 0.0694 512.7136 -1.1764 1.9128 1382.0431 0.0043 -0.0008 1.0000
4.7169 -0.1760 475.3154 -1.3180 2.2565 1672.7749 0.0058 -0.0012 1.0000
3.6724 -0.1655 554.7685 -1.1998 1.8752 1447.0942 0.0045 -0.0010 1.0000
3.6671 -0.5777 589.8578 -1.0891 1.6134 1405.7026 0.0044 -0.0014 1.0000
4.9391 -0.4673 555.1117 -1.2701 2.2080 1692.7442 0.0059 -0.0014 1.0000
4.8145 -0.3563 580.0321 -1.2876 2.2551 1683.7354 0.0057 -0.0012 1.0000
3.2273 -0.2591 663.5593 -1.1367 1.7153 1369.4320 0.0037 -0.0009 1.0000
3.7678 -0.3304 668.3402 -1.1529 1.8880 1492.9254 0.0043 -0.0010 1.0000
3.3329 -0.2053 687.0545 -1.1196 1.8053 1433.6376 0.0038 -0.0008 1.0000
2.9034 0.3479 708.7976 -1.2764 2.0705 1449.3668 0.0033 -0.0001 1.0000
3.8336 -0.4675 694.5543 -1.0996 1.8545 1595.5986 0.0044 -0.0010 1.0000
5.5892 -0.1785 635.0731 -1.3790 2.8229 2103.9599 0.0064 -0.0009 1.0000
1.6862 0.0381 754.4838 -1.0759 1.4231 1218.3672 0.0019 -0.0002 1.0000
2.3023 -1.2578 748.3542 -0.7287 0.6093 1244.8190 0.0026 -0.0017 1.0000
3.4483 0.6670 691.6386 -1.3614 2.7961 1721.3028 0.0039 0.0004 1.0000
6.0391 1.7279 579.7534 -1.7826 4.8518 2418.2818 0.0068 0.0015 1.0000
4.4096 -0.1873 638.1505 -1.1931 2.4571 1881.2832 0.0049 -0.0006 1.0000
6.8300 0.6606 501.7868 -1.4274 4.3876 2412.5199 0.0076 0.0003 1.0000
4.9166 0.8383 537.3019 -1.5885 3.7339 2083.2526 0.0054 0.0007 1.0000
12.7345 4.8325 29.5187 -3.2998 10.8605 4254.1470 0.0140 0.0050 1.0000
3.4579 -0.6532 575.7749 -0.9991 1.7174 1545.3044 0.0038 -0.0010 1.0000
7.1381 -0.5501 349.3939 -1.3688 3.4641 2420.5226 0.0080 -0.0011 1.0000
3.3265 -0.5544 548.4316 -1.0626 1.7401 1485.2522 0.0037 -0.0010 1.0000
3.0644 0.3448 513.6678 -1.3836 2.3617 1500.5103 0.0034 0.0001 1.0000
4.5612 0.6853 374.5159 -1.7980 3.2476 1873.4637 0.0050 0.0004 1.0000
3.1642 -0.1460 500.8549 -1.4149 1.9564 1421.3449 0.0035 -0.0006 1.0000
3.7481 -0.0842 452.5936 -1.5697 2.2547 1523.9495 0.0042 -0.0007 1.0000
3.1079 -0.0318 451.4814 -1.4940 1.9728 1358.4225 0.0035 -0.0006 1.0000
6.6368 1.1901 147.4136 -2.8029 4.4192 2361.7386 0.0077 0.0003 1.0000
2.9374 0.7252 366.8749 -1.7668 2.4040 1398.2840 0.0034 0.0002 1.0000
4.6509 0.1621 177.1202 -1.9919 2.7397 1705.9344 0.0056 -0.0009 1.0000
3.8998 0.2147 241.4276 -2.0167 2.4755 1615.4322 0.0048 -0.0008 1.0000
3.3134 0.1111 246.5063 -1.7842 2.0904 1415.9442 0.0041 -0.0009 1.0000
4.1624 0.6027 102.1729 -2.2288 2.7772 1684.9311 0.0051 -0.0006 1.0000
3.3533 0.4304 159.4768 -1.9708 2.2529 1475.4439 0.0041 -0.0006 1.0000
4.1748 0.4442 -2.5640 -2.2011 2.5689 1663.8995 0.0052 -0.0009 1.0000
3.4711 0.2486 44.5854 -1.9025 2.1519 1438.0541 0.0043 -0.0010 1.0000
3.3840 0.3733 0.0995 -1.9737 2.1544 1476.0333 0.0042 -0.0009 1.0000
3.1926 0.4798 -26.7858 -1.9166 2.1030 1438.0657 0.0039 -0.0008 1.0000
2.8769 0.3464 -22.2847 -1.6912 1.7934 1335.3571 0.0035 -0.0009 1.0000
2.8825 0.5844 -100.8958 -1.7967 1.9635 1395.1891 0.0035 -0.0006 1.0000
2.5774 0.7272 -119.4003 -1.7275 1.9226 1353.9855 0.0031 -0.0004 1.0000
2.4896 0.6615 -151.4660 -1.6077 1.8368 1315.5077 0.0030 -0.0005 1.0000
3.3135 0.9292 -381.0485 -1.8942 2.3081 1604.1190 0.0041 -0.0005 1.0000
3.8429 1.1771 -558.6697 -2.0356 2.6122 1784.4915 0.0049 -0.0005 1.0000
3.2993 0.8551 -461.2694 -1.7636 2.1263 1609.2698 0.0042 -0.0008 1.0000
2.8258 0.7970 -401.2498 -1.6449 1.8836 1504.7891 0.0035 -0.0007 1.0000
3.2382 0.8765 -540.6393 -1.6840 2.0204 1644.7660 0.0042 -0.0010 1.0000
2.8610 0.6117 -466.5111 -1.5268 1.6287 1543.7594 0.0038 -0.0013 1.0000
2.9718 0.8414 -553.5499 -1.5755 1.8091 1617.1240 0.0040 -0.0011 1.0000
2.8688 0.9778 -580.4620 -1.6391 1.8522 1663.2468 0.0039 -0.0010 1.0000
2.4165 0.9168 -497.7092 -1.5505 1.6369 1546.6553 0.0032 -0.0008 1.0000
3.0494 1.2276 -730.1367 -1.7217 2.0482 1802.5438 0.0043 -0.0009 1.0000
3.5029 1.5006 -921.3314 -1.9146 2.3482 2039.5845 0.0051 -0.0010 1.0000
2.7790 1.2172 -730.4436 -1.7016 1.8491 1783.3132 0.0040 -0.0010 1.0000
3.8210 1.6513 -1103.1369 -2.0169 2.4377 2221.8757 0.0057 -0.0013 1.0000
3.0274 1.4110 -873.5695 -1.7991 2.0301 1913.3412 0.0044 -0.0010 1.0000
3.0799 1.6035 -927.7803 -1.9467 2.2476 1989.3438 0.0044 -0.0007 1.0000
3.3559 1.5121 -1001.8968 -1.9577 2.1524 2100.6202 0.0049 -0.0012 1.0000
2.8758 1.4185 -846.5568 -1.8691 1.9792 1925.2718 0.0041 -0.0009 1.0000
2.8494 1.3180 -825.0615 -1.8261 1.8266 1900.7915 0.0040 -0.0011 1.0000
2.7969 1.2806 -796.7414 -1.8087 1.7602 1867.0217 0.0037 -0.0010 1.0000
2.8091 1.2845 -768.7410 -1.8009 1.7860 1852.1407 0.0037 -0.0010 1.0000
2.7869 1.1974 -737.6872 -1.7877 1.7074 1798.8706 0.0035 -0.0010 1.0000
3.2916 1.4269 -877.0770 -2.0014 2.0672 1957.6208 0.0040 -0.0009 1.0000
3.3324 1.3300 -873.0654 -2.0135 1.9617 1923.2649 0.0039 -0.0010 1.0000
3.2304 1.2823 -823.7912 -2.0065 1.9429 1839.8264 0.0037 -0.0009 1.0000
3.1004 1.2791 -782.0246 -2.0247 1.9487 1756.9152 0.0034 -0.0008 1.0000
3.2759 1.1637 -812.5278 -2.0624 1.9323 1750.4334 0.0036 -0.0010 1.0000
3.3088 1.2407 -841.3053 -2.1316 2.0623 1701.7911 0.0035 -0.0009 1.0000
2.7195 1.0991 -675.4696 -1.9911 1.8201 1478.1827 0.0027 -0.0006 1.0000
2.9172 1.1727 -754.5896 -2.1742 2.0114 1500.5023 0.0028 -0.0006 1.0000
2.7928 1.1712 -738.1109 -2.1278 1.9923 1374.5944 0.0026 -0.0005 1.0000
2.4858 1.0932 -631.2611 -2.0794 1.8922 1256.1583 0.0022 -0.0004 1.0000
2.6950 1.0443 -684.2120 -2.1586 1.9571 1244.9500 0.0024 -0.0005 1.0000
2.5456 0.9433 -618.7481 -2.1167 1.9006 1155.4594 0.0021 -0.0005 1.0000
2.6484 0.8415 -621.1611 -2.0912 1.8710 1134.2962 0.0022 -0.0007 1.0000
2.4610 0.7876 -553.3040 -1.9919 1.7730 1064.0744 0.0019 -0.0006 1.0000
2.6228 0.7624 -588.5642 -2.0020 1.8184 1062.7023 0.0020 -0.0006 1.0000
2.5768 0.7509 -556.9174 -1.9652 1.7801 1044.5086 0.0019 -0.0006 1.0000
2.5894 0.7482 -562.4543 -1.9449 1.8033 1030.2785 0.0019 -0.0005 1.0000
2.7030 0.7489 -611.0215 -1.9437 1.8438 1035.6881 0.0019 -0.0005 1.0000
2.4868 0.6729 -554.8693 -1.7865 1.7088 961.7954 0.0017 -0.0005 1.0000
2.4628 0.6184 -556.8842 -1.7259 1.6725 943.6995 0.0017 -0.0006 1.0000
2.3164 0.5963 -538.4463 -1.6184 1.5965 893.8090 0.0015 -0.0005 1.0000
2.3534 0.5880 -568.7831 -1.6178 1.6205 898.9797 0.0015 -0.0005 1.0000
2.3213 0.5070 -566.4485 -1.4835 1.5630 838.3862 0.0015 -0.0005 1.0000
2.1527 0.5111 -529.8180 -1.4013 1.5230 795.2849 0.0013 -0.0004 1.0000
2.0811 0.4485 -495.3316 -1.3106 1.4493 762.5562 0.0012 -0.0004 1.0000
2.1903 0.3619 -518.7550 -1.2121 1.4358 729.4457 0.0013 -0.0005 1.0000
2.1471 0.3368 -500.4909 -1.1503 1.4200 713.4024 0.0013 -0.0005 1.0000
2.0866 0.3221 -486.2626 -1.0804 1.3945 691.5690 0.0012 -0.0004 1.0000
2.0290 0.2567 -463.4442 -0.9725 1.3225 668.2486 0.0012 -0.0004 1.0000
1.9305 0.1491 -425.8228 -0.8471 1.2020 640.3257 0.0011 -0.0006 1.0000
1.8666 0.1692 -411.9410 -0.7809 1.1900 621.3005 0.0010 -0.0005 1.0000
1.8134 0.0997 -388.4202 -0.7226 1.1101 606.5214 0.0010 -0.0006 1.0000
1.8094 0.1153 -400.8636 -0.7088 1.1211 605.5492 0.0010 -0.0005 1.0000
1.8364 0.1133 -421.7188 -0.6616 1.1231 586.2995 0.0011 -0.0005 1.0000
1.8724 0.1288 -451.4152 -0.6545 1.1492 568.0955 0.0011 -0.0005 1.0000
1.6739 0.0415 -387.2833 -0.6035 0.9948 502.2271 0.0010 -0.0006 1.0000
1.8889 0.1337 -483.9810 -0.6728 1.1747 485.3467 0.0012 -0.0005 1.0000
1.5408 0.1424 -364.4944 -0.6698 1.0875 407.7450 0.0008 -0.0004 1.0000
1.5062 0.0794 -344.4060 -0.6531 1.0383 348.4697 0.0008 -0.0005 1.0000
1.5486 0.1091 -358.0325 -0.7145 1.1221 319.0527 0.0008 -0.0004 1.0000
1.3586 0.1893 -301.1523 -0.7208 1.1279 275.0946 0.0006 -0.0002 1.0000
1.4485 0.1531 -313.4295 -0.7365 1.1573 269.7966 0.0007 -0.0003 1.0000
1.5636 0.0990 -321.1747 -0.7377 1.1834 266.9661 0.0008 -0.0004 1.0000
1.7667 0.0535 -360.7659 -0.7210 1.2177 275.3249 0.0010 -0.0005 1.0000
1.5612 0.0252 -264.7891 -0.6185 1.0640 283.5538 0.0008 -0.0005 1.0000
1.4394 0.0106 -198.5361 -0.5632 0.9787 312.1057 0.0007 -0.0004 1.0000
1.3259 0.0096 -140.1175 -0.5010 0.8848 340.2082 0.0005 -0.0004 1.0000
1.4282 -0.0016 -137.4274 -0.4637 0.9101 383.7567 0.0006 -0.0004 1.0000
1.5279 -0.0125 -138.3449 -0.4281 0.9434 412.2355 0.0008 -0.0004 1.0000
1.4509 -0.0185 -95.6269 -0.3934 0.9077 412.3626 0.0007 -0.0004 1.0000
1.3670 0.0445 -68.1068 -0.4001 0.9065 417.3117 0.0006 -0.0003 1.0000
1.3511 -0.0261 -41.1514 -0.3733 0.8439 415.9056 0.0006 -0.0003 1.0000
1.3265 -0.0347 -17.8925 -0.3585 0.8196 417.2974 0.0006 -0.0003 1.0000
1.2887 -0.0504 1.6135 -0.3513 0.7945 421.5974 0.0005 -0.0004 1.0000
1.4818 -0.1236 -32.7003 -0.2684 0.7638 436.3936 0.0008 -0.0005 1.0000
1.5154 -0.1015 -37.7398 -0.2442 0.7759 460.2681 0.0008 -0.0005 1.0000
1.2717 -0.1577 23.8004 -0.2235 0.6243 462.0182 0.0006 -0.0005 1.0000
1.3157 -0.0558 -1.5662 -0.2575 0.7579 491.1535 0.0006 -0.0004 1.0000
1.3341 -0.0944 2.0786 -0.2278 0.7177 489.9623 0.0006 -0.0004 1.0000
1.4652 -0.1583 -20.8238 -0.1894 0.6839 501.9452 0.0008 -0.0005 1.0000
1.2595 -0.1075 34.9791 -0.2232 0.6576 486.0500 0.0006 -0.0004 1.0000
1.2755 -0.1490 40.3862 -0.2245 0.6438 471.9747 0.0006 -0.0005 1.0000
1.2842 -0.1094 35.3374 -0.2521 0.6856 452.0628 0.0006 -0.0004 1.0000
1.2092 -0.0783 58.3020 -0.2813 0.6950 424.1706 0.0005 -0.0004 1.0000
1.3649 -0.1687 33.6969 -0.2630 0.6952 403.3669 0.0007 -0.0005 1.0000
1.3525 -0.2076 43.5464 -0.2708 0.6806 378.5722 0.0007 -0.0006 1.0000
1.2265 -0.0766 62.7065 -0.3392 0.7518 369.3538 0.0006 -0.0004 1.0000
1.2633 -0.1453 69.9672 -0.3208 0.7196 357.7676 0.0006 -0.0005 1.0000
1.2483 -0.1395 75.3778 -0.3169 0.7125 350.7432 0.0006 -0.0004 1.0000
1.2903 -0.1118 66.1637 -0.3053 0.7381 344.4173 0.0007 -0.0004 1.0000
1.1719 -0.1063 97.6248 -0.3101 0.6952 342.0383 0.0005 -0.0004 1.0000
1.2656 -0.1434 84.9678 -0.2846 0.7014 338.2286 0.0006 -0.0004 1.0000
1.2350 -0.1167 94.5074 -0.2885 0.7038 341.4839 0.0006 -0.0004 1.0000
1.2831 -0.1760 94.0016 -0.2650 0.6733 340.8107 0.0007 -0.0005 1.0000
1.4011 -0.2129 74.8291 -0.2413 0.6852 339.5636 0.0008 -0.0005 1.0000
1.2987 -0.1364 96.5431 -0.2584 0.6982 337.6332 0.0007 -0.0004 1.0000
1.4260 -0.1979 79.3543 -0.2271 0.6995 332.4413 0.0008 -0.0005 1.0000
1.2978 -0.1642 112.0344 -0.2471 0.6789 331.8663 0.0007 -0.0004 1.0000
1.3873 -0.2153 98.4684 -0.2318 0.6666 333.0489 0.0008 -0.0005 1.0000
1.2271 -0.1866 139.4189 -0.2558 0.6286 333.8483 0.0007 -0.0005 1.0000
1.2088 -0.1136 139.3001 -0.2672 0.6683 330.6880 0.0006 -0.0004 1.0000
1.3755 -0.2363 119.5619 -0.2401 0.6480 331.2534 0.0008 -0.0006 1.0000
1.1719 -0.1783 161.6938 -0.2746 0.6151 328.0739 0.0006 -0.0005 1.0000
1.3720 -0.1876 120.2761 -0.2611 0.6701 326.6726 0.0008 -0.0005 1.0000
1.3407 -0.2252 131.0953 -0.2732 0.6462 323.9348 0.0008 -0.0006 1.0000
1.1626 -0.1611 161.8987 -0.3111 0.6326 321.8360 0.0006 -0.0005 1.0000
1.2281 -0.1904 143.3944 -0.3023 0.6340 315.1530 0.0007 -0.0005 1.0000
1.2253 -0.1498 132.5234 -0.3188 0.6570 315.3958 0.0007 -0.0005 1.0000
1.2381 -0.1573 121.7547 -0.3263 0.6667 315.0366 0.0007 -0.0005 1.0000
1.1673 -0.0876 110.8870 -0.3482 0.6774 315.2571 0.0006 -0.0004 1.0000
1.3388 -0.1847 69.6222 -0.3294 0.6830 316.4977 0.0009 -0.0006 1.0000
1.3272 -0.1944 62.2802 -0.3371 0.6776 319.7618 0.0008 -0.0006 1.0000
1.3676 -0.2029 43.8070 -0.3309 0.6843 322.7354 0.0009 -0.0006 1.0000
1.3996 -0.2493 31.0562 -0.3207 0.6769 329.1793 0.0009 -0.0007 1.0000
1.3583 -0.2668 33.3623 -0.3183 0.6524 331.5798 0.0009 -0.0007 1.0000
1.4261 -0.2652 9.7092 -0.3111 0.6817 328.3893 0.0010 -0.0007 1.0000
1.3877 -0.2458 12.1350 -0.3218 0.6876 324.1102 0.0009 -0.0007 1.0000
1.4388 -0.2291 -5.3312 -0.3189 0.7167 313.1059 0.0010 -0.0006 1.0000
1.5109 -0.2893 -20.0670 -0.3222 0.7298 302.2560 0.0010 -0.0007 1.0000
1.5115 -0.2512 -22.7680 -0.3256 0.7580 287.1448 0.0010 -0.0006 1.0000
1.4865 -0.2969 -2.6508 -0.3260 0.7357 275.3294 0.0010 -0.0007 1.0000
1.4814 -0.3128 8.4163 -0.3237 0.7350 262.7335 0.0010 -0.0007 1.0000
1.3756 -0.3227 52.5811 -0.3155 0.6958 251.1543 0.0009 -0.0006 1.0000
1.5956 -0.4999 42.3262 -0.2771 0.6799 242.9176 0.0011 -0.0009 1.0000
1.5633 -0.3975 55.0526 -0.2938 0.7229 251.0547 0.0011 -0.0007 1.0000
1.7533 -0.5674 44.1617 -0.2482 0.6882 250.8999 0.0013 -0.0010 1.0000
1.5904 -0.5047 85.5587 -0.2473 0.6518 244.7189 0.0011 -0.0008 1.0000
1.3729 -0.4906 145.0964 -0.2332 0.5838 223.9759 0.0009 -0.0008 1.0000
1.3588 -0.4565 151.0878 -0.2383 0.5960 216.3353 0.0008 -0.0007 1.0000
1.1483 -0.4193 203.3153 -0.2348 0.5421 203.7924 0.0006 -0.0006 1.0000
1.2690 -0.4750 187.4951 -0.2274 0.5571 203.1916 0.0007 -0.0007 1.0000
1.2123 -0.5325 215.4679 -0.2123 0.5073 197.5906 0.0006 -0.0008 1.0000
1.1423 -0.4593 234.6695 -0.2076 0.5070 196.6297 0.0005 -0.0007 1.0000
1.1167 -0.5444 258.6897 -0.1831 0.4535 199.5495 0.0005 -0.0008 1.0000
0.9763 -0.4710 287.0432 -0.1714 0.4234 202.3699 0.0004 -0.0006 1.0000
0.9498 -0.4971 298.9696 -0.1621 0.3855 221.7671 0.0004 -0.0007 1.0000
0.8677 -0.5232 320.9675 -0.1355 0.3354 222.6447 0.0003 -0.0007 1.0000
1.1072 -0.6067 284.0113 -0.0802 0.3521 228.6384 0.0005 -0.0008 1.0000
0.8803 -0.5275 323.8930 -0.1019 0.3171 239.4605 0.0003 -0.0007 1.0000
0.9356 -0.5765 316.9792 -0.0695 0.2913 243.1996 0.0004 -0.0007 1.0000
0.9441 -0.5590 314.4642 -0.0529 0.2975 243.0005 0.0004 -0.0007 1.0000
1.0177 -0.5822 307.9863 -0.0226 0.2965 241.7838 0.0004 -0.0007 1.0000
0.8697 -0.5657 345.2254 -0.0379 0.2668 241.7289 0.0003 -0.0007 1.0000
0.9488 -0.6183 343.5018 -0.0153 0.2545 242.2596 0.0004 -0.0007 1.0000
0.8131 -0.5553 372.0490 -0.0330 0.2494 238.4513 0.0002 -0.0007 1.0000
0.8146 -0.5735 382.0287 -0.0191 0.2403 231.7277 0.0002 -0.0007 1.0000
0.7660 -0.6068 401.6392 -0.0167 0.2105 229.7292 0.0002 -0.0007 1.0000
0.7620 -0.5878 403.2099 -0.0143 0.2193 227.2562 0.0002 -0.0007 1.0000
0.5672 -0.5404 441.2909 -0.0441 0.1895 226.1396 0.0000 -0.0006 1.0000
0.6994 -0.5783 424.9860 -0.0079 0.2016 221.7578 0.0001 -0.0006 1.0000
0.7413 -0.6030 421.9149 0.0094 0.2025 217.7680 0.0002 -0.0007 1.0000
0.7776 -0.6334 418.7963 0.0319 0.1867 214.8637 0.0002 -0.0007 1.0000
0.6828 -0.5935 433.3047 0.0112 0.1774 222.4726 0.0001 -0.0007 1.0000
0.6094 -0.5227 442.7217 -0.0089 0.2005 226.6026 0.0001 -0.0006 1.0000
0.8040 -0.5739 412.4115 0.0538 0.2203 213.9984 0.0002 -0.0006 1.0000
0.6559 -0.5759 436.6640 0.0288 0.1731 215.6684 0.0001 -0.0006 1.0000
0.6508 -0.6405 438.8299 0.0409 0.1244 212.2206 0.0001 -0.0007 1.0000
0.5471 -0.5485 448.8674 0.0062 0.1553 211.5648 0.0000 -0.0006 1.0000
0.6273 -0.5150 430.2268 0.0345 0.1947 197.7923 0.0001 -0.0005 1.0000
0.6279 -0.5822 427.8727 0.0501 0.1510 194.0157 0.0001 -0.0006 1.0000
0.6207 -0.5550 418.7217 0.0442 0.1632 194.0021 0.0001 -0.0006 1.0000
0.6899 -0.5789 399.4730 0.0743 0.1655 187.2416 0.0002 -0.0006 1.0000
0.5802 -0.5529 406.9573 0.0457 0.1472 192.5463 0.0001 -0.0006 1.0000
0.7190 -0.5861 372.0957 0.1022 0.1591 179.3063 0.0002 -0.0007 1.0000
0.6853 -0.5593 359.2528 0.0995 0.1569 177.9499 0.0002 -0.0006 1.0000
0.5645 -0.5518 364.0018 0.0646 0.1145 188.0139 0.0001 -0.0007 1.0000
0.4155 -0.4697 361.6261 0.0229 0.1092 192.8430 -0.0001 -0.0006 1.0000
0.6943 -0.5519 291.1561 0.1348 0.1312 167.0187 0.0002 -0.0007 1.0000
0.6048 -0.4276 278.5539 0.0918 0.1862 171.6511 0.0001 -0.0005 1.0000
0.5572 -0.4683 275.5175 0.0856 0.1342 175.4950 0.0001 -0.0006 1.0000
0.5994 -0.4971 260.1801 0.1080 0.1231 172.0211 0.0001 -0.0007 1.0000
0.6637 -0.5225 241.5701 0.1303 0.1263 170.4112 0.0002 -0.0007 1.0000
0.6290 -0.5087 241.8455 0.1233 0.1218 169.5569 0.0002 -0.0007 1.0000
0.5761 -0.4869 248.3218 0.1026 0.1199 174.2485 0.0001 -0.0007 1.0000
0.6402 -0.4761 235.0057 0.1296 0.1465 168.5610 0.0002 -0.0006 1.0000
0.6848 -0.5364 233.6825 0.1566 0.1165 165.9733 0.0003 -0.0007 1.0000
0.6384 -0.5571 247.2742 0.1412 0.0819 172.4447 0.0002 -0.0008 1.0000
0.6758 -0.4762 236.7761 0.1533 0.1593 165.7131 0.0002 -0.0006 1.0000
0.7130 -0.5683 240.5806 0.1733 0.0975 168.3928 0.0003 -0.0008 1.0000
0.6615 -0.5052 253.9938 0.1581 0.1276 166.8730 0.0002 -0.0007 1.0000
0.9263 -0.6707 230.8335 0.2758 0.0939 148.5445 0.0006 -0.0009 1.0000
0.5785 -0.5049 301.6959 0.1104 0.1120 183.5181 0.0001 -0.0006 1.0000
0.6002 -0.4937 314.1516 0.1189 0.1342 180.0909 0.0001 -0.0006 1.0000
0.6839 -0.5529 328.3478 0.1570 0.1309 170.2857 0.0003 -0.0007 1.0000
0.7348 -0.6130 350.3846 0.1620 0.1238 171.4528 0.0003 -0.0007 1.0000
0.7009 -0.6427 375.9863 0.1485 0.0970 172.4482 0.0003 -0.0008 1.0000
0.8429 -0.6150 364.9248 0.1806 0.1718 156.1843 0.0004 -0.0007 1.0000
0.6161 -0.5667 424.7875 0.0975 0.1509 169.9451 0.0002 -0.0006 1.0000
0.8878 -0.6395 406.0911 0.1766 0.1915 151.2203 0.0004 -0.0007 1.0000
0.7658 -0.5701 433.1059 0.1250 0.2093 157.5063 0.0003 -0.0006 1.0000
0.7158 -0.5926 453.3986 0.1068 0.1913 162.8563 0.0002 -0.0006 1.0000
1.0073 -0.6924 428.9413 0.1880 0.2182 149.3703 0.0005 -0.0007 1.0000
0.8638 -0.7383 463.2853 0.1514 0.1648 158.0626 0.0004 -0.0008 1.0000
1.0942 -0.7843 439.3754 0.2198 0.2002 142.4214 0.0006 -0.0008 1.0000
1.1247 -0.7605 442.9373 0.2248 0.2232 143.7943 0.0006 -0.0007 1.0000
1.1572 -0.7804 450.1513 0.2186 0.2332 149.7468 0.0006 -0.0007 1.0000
0.9358 -0.7338 489.3276 0.1610 0.2096 163.8916 0.0004 -0.0007 1.0000
1.1283 -0.7995 469.5280 0.2251 0.2179 154.7907 0.0006 -0.0007 1.0000
1.2477 -0.8074 456.1100 0.2556 0.2536 153.2765 0.0007 -0.0007 1.0000
1.4621 -0.8780 429.0221 0.3257 0.2609 150.7348 0.0009 -0.0008 1.0000
1.5637 -0.9339 422.2851 0.3666 0.2688 152.4879 0.0010 -0.0008 1.0000
1.3932 -0.9400 443.5418 0.3300 0.2131 169.4859 0.0008 -0.0009 1.0000
1.7270 -1.0490 395.7722 0.4382 0.2277 170.0657 0.0011 -0.0010 1.0000
1.3734 -0.9981 442.3458 0.3488 0.1542 197.1692 0.0008 -0.0009 1.0000
1.6379 -0.9124 389.6819 0.4499 0.2709 184.9543 0.0010 -0.0008 1.0000
1.6692 -1.0047 393.6858 0.4723 0.2201 202.0595 0.0011 -0.0009 1.0000
1.6100 -1.0321 398.1044 0.4809 0.1559 210.3251 0.0010 -0.0010 1.0000
1.8679 -1.0971 358.8038 0.5937 0.1873 203.9233 0.0013 -0.0010 1.0000
1.7599 -1.0671 364.2010 0.5644 0.1757 218.5085 0.0012 -0.0010 1.0000
1.8329 -1.0294 338.1988 0.6082 0.2223 213.2717 0.0013 -0.0009 1.0000
1.6565 -1.0287 361.3644 0.5467 0.1652 237.5974 0.0011 -0.0010 1.0000
1.8327 -1.0447 316.5293 0.6312 0.2063 223.7929 0.0013 -0.0010 1.0000
1.5726 -1.1129 364.1963 0.5339 0.0684 256.9848 0.0011 -0.0011 1.0000
1.6251 -0.8057 311.6759 0.5429 0.3209 239.1767 0.0011 -0.0006 1.0000
1.5857 -0.9723 323.4562 0.5560 0.1608 250.8341 0.0011 -0.0009 1.0000
1.6545 -0.9933 309.0914 0.5956 0.1761 246.5162 0.0012 -0.0009 1.0000
1.5965 -0.9074 289.9430 0.5673 0.2180 240.2143 0.0011 -0.0008 1.0000
1.6031 -0.9450 291.5450 0.5724 0.1925 245.6139 0.0012 -0.0009 1.0000
1.4817 -0.9385 303.7151 0.5186 0.1480 257.4585 0.0011 -0.0009 1.0000
1.5558 -0.9882 287.5560 0.5579 0.1332 251.6134 0.0011 -0.0010 1.0000
1.5249 -0.7687 262.3231 0.5244 0.3083 242.8755 0.0011 -0.0007 1.0000
1.5477 -0.7965 249.3326 0.5318 0.2950 241.7803 0.0011 -0.0007 1.0000
1.4462 -0.7188 250.2544 0.4789 0.3205 245.9060 0.0010 -0.0006 1.0000
1.9164 -0.9586 186.3296 0.7256 0.2799 213.2216 0.0015 -0.0009 1.0000
