1.0000 0.0000 -0.0000 0.0000 1.0000 0.0000 0.0000 0.0000 1.0000
0.9941 -0.0017 1.7100 0.0022 0.9982 -2.8625 -0.0000 -0.0000 1.0000
1.0039 -0.0015 -0.9422 0.0062 0.9979 -3.0714 0.0000 -0.0000 1.0000
0.9909 -0.0001 -2.4496 -0.0009 0.9914 -0.0027 -0.0000 -0.0000 1.0000
0.9949 -0.0042 -3.3042 0.0014 0.9921 -0.1960 0.0000 -0.0000 1.0000
1.0040 -0.0008 -5.1284 0.0092 1.0008 -5.5334 0.0000 -0.0000 1.0000
1.0102 0.0017 -8.7802 0.0032 1.0026 -0.0883 0.0000 0.0000 1.0000
1.0050 -0.0041 -5.8841 0.0043 0.9992 0.1223 0.0000 0.0000 1.0000
1.0077 0.0052 -11.0700 0.0045 1.0034 -1.3005 0.0000 0.0000 1.0000
0.9902 -0.0031 -5.1946 0.0023 0.9935 0.7202 -0.0000 0.0000 1.0000
1.0018 0.0031 -8.4912 0.0076 0.9959 0.2420 0.0000 -0.0000 1.0000
0.9965 -0.0027 -4.5575 0.0075 0.9903 1.7515 0.0000 -0.0000 1.0000
0.9920 0.0022 -3.7900 0.0106 0.9835 0.0967 0.0000 -0.0000 1.0000
0.9783 0.0009 0.2220 -0.0008 0.9839 6.9475 -0.0000 -0.0000 1.0000
0.9957 0.0082 -2.3910 0.0054 0.9969 3.4468 0.0000 0.0000 1.0000
0.9967 -0.0015 2.6447 0.0018 0.9848 9.9894 0.0000 0.0000 1.0000
0.9843 0.0062 2.5264 -0.0009 0.9825 10.2682 0.0000 -0.0000 1.0000
0.9962 0.0071 2.8515 0.0033 0.9868 7.6138 0.0000 -0.0000 1.0000
0.9962 0.0071 2.8515 0.0033 0.9868 7.6138 0.0000 -0.0000 1.0000
0.9825 0.0037 10.1101 -0.0002 0.9720 11.2178 0.0000 -0.0000 1.0000
0.9711 0.0090 12.3148 -0.0068 0.9751 13.3834 0.0000 -0.0000 1.0000
0.9705 0.0098 13.2621 -0.0106 0.9636 14.6311 0.0000 -0.0000 1.0000
0.9821 0.0098 14.7807 -0.0097 0.9767 8.2498 0.0000 -0.0000 1.0000
0.9595 0.0216 10.7049 -0.0183 0.9687 12.5835 -0.0000 0.0000 1.0000
0.9824 0.0208 12.7412 -0.0168 0.9805 6.3313 0.0000 0.0000 1.0000
0.9655 0.0271 13.0131 -0.0233 0.9665 9.0185 0.0000 0.0000 1.0000
0.9756 0.0364 11.6925 -0.0260 0.9809 4.8501 0.0000 0.0000 1.0000
0.9561 0.0468 11.7010 -0.0336 0.9679 13.7402 0.0000 0.0000 1.0000
0.9628 0.0433 12.6940 -0.0340 0.9697 13.5480 0.0000 0.0000 1.0000
0.9725 0.0541 11.2310 -0.0394 0.9763 18.6115 0.0000 0.0000 1.0000
0.9407 0.0531 14.8950 -0.0478 0.9416 27.2170 0.0000 -0.0000 1.0000
0.9481 0.0720 11.8102 -0.0528 0.9529 35.0477 0.0000 0.0000 1.0000
0.9361 0.0665 18.0782 -0.0627 0.9449 41.3548 0.0000 0.0000 1.0000
0.9432 0.0828 14.1319 -0.0693 0.9473 49.9949 0.0000 0.0000 1.0000
0.9318 0.0863 15.4055 -0.0773 0.9373 60.6435 0.0000 0.0000 1.0000
0.9458 0.0941 16.0531 -0.0845 0.9447 67.8151 0.0000 0.0000 1.0000
0.9363 0.1019 20.0146 -0.0918 0.9433 75.7065 0.0000 0.0000 1.0000
0.9112 0.1046 24.0417 -0.0988 0.9173 84.4245 0.0000 0.0000 1.0000
0.9125 0.1158 23.9595 -0.1053 0.9097 92.8687 0.0000 0.0000 1.0000
0.9086 0.1220 28.8512 -0.1154 0.9164 96.0590 0.0000 0.0000 1.0000
0.9020 0.1255 31.8475 -0.1168 0.8976 99.7641 0.0000 -0.0000 1.0000
0.9070 0.1327 39.3669 -0.1247 0.9006 106.4950 0.0000 0.0000 1.0000
0.9100 0.1463 42.1674 -0.1338 0.9117 107.1929 0.0000 0.0000 1.0000
0.8835 0.1561 48.7835 -0.1463 0.8925 116.7845 0.0000 0.0000 1.0000
0.8777 0.1630 56.7882 -0.1513 0.8857 119.8568 0.0000 0.0000 1.0000
0.8782 0.1680 63.5075 -0.1548 0.8738 127.3614 0.0000 0.0000 1.0000
0.8565 0.1617 79.6300 -0.1608 0.8609 130.6799 0.0000 -0.0000 1.0000
0.8551 0.1653 85.6090 -0.1656 0.8555 136.6923 0.0000 -0.0000 1.0000
0.8464 0.1767 93.4389 -0.1697 0.8532 141.5147 0.0000 -0.0000 1.0000
0.8412 0.1694 102.4991 -0.1752 0.8323 150.7736 0.0000 -0.0000 1.0000
0.8254 0.1684 109.4807 -0.1770 0.8267 153.2190 0.0000 -0.0000 1.0000
0.8250 0.1745 111.1198 -0.1840 0.8276 160.9618 0.0000 -0.0000 1.0000
0.8259 0.1784 110.6681 -0.1885 0.8170 171.5294 0.0000 -0.0000 1.0000
0.8090 0.1734 111.6615 -0.1880 0.7982 177.9265 0.0000 -0.0001 1.0000
0.8318 0.1818 110.0010 -0.1853 0.8146 177.7882 0.0001 -0.0000 1.0000
0.8235 0.1731 114.4281 -0.1886 0.8130 181.2737 0.0001 -0.0000 1.0000
0.8253 0.1821 109.2071 -0.1828 0.8025 181.8253 0.0001 -0.0000 1.0000
0.8123 0.1810 106.7683 -0.1850 0.8008 181.8822 0.0001 -0.0001 1.0000
0.8361 0.1878 106.5070 -0.1873 0.8299 180.1792 0.0001 -0.0000 1.0000
0.8410 0.1764 107.0792 -0.1783 0.8159 176.4987 0.0001 -0.0000 1.0000
0.8313 0.1791 102.0420 -0.1757 0.8186 168.6533 0.0001 -0.0000 1.0000
0.8435 0.1783 101.5341 -0.1710 0.8188 168.4999 0.0001 -0.0000 1.0000
0.8367 0.1638 105.1216 -0.1620 0.8082 157.2520 0.0001 -0.0001 1.0000
0.8424 0.1560 108.8128 -0.1591 0.8158 151.3414 0.0001 -0.0001 1.0000
0.8534 0.1632 107.7183 -0.1481 0.8310 137.0723 0.0001 -0.0001 1.0000
0.8555 0.1572 109.2120 -0.1475 0.8337 131.5696 0.0001 -0.0001 1.0000
0.8690 0.1503 115.4710 -0.1395 0.8335 120.8760 0.0001 -0.0001 1.0000
0.8893 0.1551 116.4077 -0.1298 0.8608 104.6303 0.0001 -0.0000 1.0000
0.8826 0.1520 123.2328 -0.1257 0.8680 92.1621 0.0001 -0.0000 1.0000
0.9039 0.1501 128.9276 -0.1191 0.8871 79.8831 0.0002 -0.0000 1.0000
0.8827 0.1431 139.6892 -0.1117 0.8759 68.7384 0.0001 -0.0000 1.0000
0.9119 0.1389 144.2337 -0.1056 0.8987 59.2672 0.0002 -0.0000 1.0000
0.9056 0.1284 151.7633 -0.0993 0.9036 54.1946 0.0002 -0.0000 1.0000
0.9137 0.1218 156.1272 -0.0898 0.9041 52.5804 0.0002 -0.0000 1.0000
0.9104 0.1120 158.3768 -0.0870 0.9018 61.0486 0.0002 -0.0000 1.0000
0.9003 0.1005 163.0518 -0.0788 0.9033 67.6642 0.0002 -0.0000 1.0000
0.9232 0.0874 159.9327 -0.0602 0.9032 76.0319 0.0002 -0.0001 1.0000
0.9311 0.0912 154.4046 -0.0556 0.9165 96.8062 0.0002 -0.0001 1.0000
0.9159 0.0684 156.3810 -0.0410 0.8851 111.9839 0.0002 -0.0001 1.0000
0.9151 0.0626 157.4495 -0.0424 0.9064 128.3918 0.0002 -0.0001 1.0000
0.9193 0.0634 157.0523 -0.0274 0.9147 135.1177 0.0003 -0.0001 1.0000
0.9109 0.0281 162.7938 -0.0153 0.8792 143.6314 0.0003 -0.0001 1.0000
0.9156 0.0386 168.3999 -0.0129 0.9071 145.0721 0.0003 -0.0001 1.0000
0.9251 0.0343 170.4372 -0.0015 0.9241 140.0895 0.0003 -0.0001 1.0000
0.9192 0.0257 177.6472 0.0114 0.9022 134.5642 0.0003 -0.0001 1.0000
0.9086 0.0214 194.0805 0.0135 0.9160 121.8824 0.0003 -0.0001 1.0000
0.9104 0.0093 208.9309 0.0157 0.8965 109.9729 0.0003 -0.0001 1.0000
0.9210 0.0179 218.7164 0.0219 0.9118 86.8329 0.0003 -0.0001 1.0000
0.9103 0.0002 232.8857 0.0235 0.9016 66.4278 0.0003 -0.0001 1.0000
0.9153 0.0056 245.6179 0.0179 0.9243 49.3566 0.0003 -0.0001 1.0000
0.9142 0.0098 250.6932 0.0184 0.9306 34.1407 0.0003 -0.0001 1.0000
0.8978 0.0134 258.8050 0.0161 0.9251 30.6924 0.0003 -0.0001 1.0000
0.9054 0.0104 266.4490 0.0186 0.9326 22.6477 0.0003 -0.0001 1.0000
0.9068 0.0207 269.3064 0.0192 0.9349 22.6757 0.0003 -0.0000 1.0000
0.8715 0.0009 281.4609 0.0176 0.9107 24.7035 0.0003 -0.0001 1.0000
0.8677 0.0021 290.2963 0.0162 0.9112 26.9465 0.0003 -0.0001 1.0000
0.8480 -0.0015 302.8960 0.0233 0.8946 33.2956 0.0003 -0.0001 1.0000
0.8637 0.0054 313.9737 0.0317 0.9060 38.3852 0.0003 -0.0001 1.0000
0.8402 -0.0094 331.6266 0.0312 0.8883 48.2476 0.0003 -0.0001 1.0000
0.8333 -0.0103 346.3395 0.0347 0.8748 63.2376 0.0003 -0.0001 1.0000
0.8235 -0.0176 356.3741 0.0367 0.8604 70.5662 0.0003 -0.0001 1.0000
0.8153 -0.0203 368.0169 0.0453 0.8614 74.3623 0.0004 -0.0001 1.0000
0.7757 -0.0421 380.1019 0.0407 0.8325 80.9758 0.0003 -0.0001 1.0000
0.7821 -0.0312 384.1004 0.0459 0.8418 80.2602 0.0003 -0.0001 1.0000
0.7677 -0.0287 393.0464 0.0460 0.8364 80.7812 0.0003 -0.0001 1.0000
0.7522 -0.0320 403.7537 0.0445 0.8256 86.1439 0.0003 -0.0001 1.0000
0.7241 -0.0737 418.2020 0.0498 0.7789 86.2585 0.0003 -0.0001 1.0000
0.7186 -0.0601 422.1969 0.0448 0.7823 85.4625 0.0003 -0.0001 1.0000
0.6967 -0.0597 433.9634 0.0435 0.7706 89.8612 0.0003 -0.0001 1.0000
0.6939 -0.0532 439.2727 0.0395 0.7733 91.0646 0.0003 -0.0001 1.0000
0.6868 -0.0589 448.9380 0.0398 0.7778 90.7281 0.0003 -0.0001 1.0000
0.6806 -0.0677 452.5012 0.0392 0.7480 102.8028 0.0003 -0.0001 1.0000
0.6919 -0.0559 458.0046 0.0387 0.7689 105.7408 0.0004 -0.0001 1.0000
0.6730 -0.0671 458.1974 0.0418 0.7301 114.8997 0.0003 -0.0001 1.0000
0.6510 -0.0612 464.2130 0.0329 0.7273 123.0457 0.0003 -0.0001 1.0000
0.6482 -0.0660 466.9808 0.0334 0.7221 128.7747 0.0003 -0.0001 1.0000
0.6239 -0.0663 467.3510 0.0277 0.7046 135.6080 0.0003 -0.0001 1.0000
0.6487 -0.0617 470.4015 0.0334 0.7140 139.2878 0.0003 -0.0001 1.0000
0.6088 -0.0554 470.7069 0.0232 0.6929 147.6300 0.0003 -0.0001 1.0000
0.6016 -0.0500 470.7683 0.0163 0.7045 148.0162 0.0003 -0.0001 1.0000
0.6203 -0.0513 468.2810 0.0213 0.6971 152.8680 0.0003 -0.0001 1.0000
0.6244 -0.0242 463.0212 0.0151 0.7115 159.9594 0.0003 -0.0001 1.0000
0.5610 -0.0579 462.7068 -0.0006 0.6495 169.7317 0.0003 -0.0001 1.0000
0.5987 -0.0321 455.9099 0.0061 0.6742 172.5897 0.0003 -0.0001 1.0000
0.5623 -0.0517 450.5268 -0.0052 0.6386 179.3305 0.0003 -0.0002 1.0000
0.5797 -0.0176 441.3917 -0.0044 0.6648 183.1979 0.0003 -0.0001 1.0000
0.5776 0.0020 437.3590 -0.0118 0.6688 189.9826 0.0003 -0.0001 1.0000
0.5653 -0.0192 437.1470 -0.0143 0.6378 195.2252 0.0003 -0.0001 1.0000
0.5460 0.0092 431.0665 -0.0267 0.6527 199.0961 0.0003 -0.0001 1.0000
0.5649 0.0301 425.4535 -0.0289 0.6752 203.2063 0.0003 -0.0001 1.0000
0.5434 0.0095 428.7943 -0.0290 0.6429 205.2259 0.0003 -0.0001 1.0000
0.5659 0.0350 418.1308 -0.0289 0.6547 209.0976 0.0003 -0.0001 1.0000
0.5709 0.0597 417.2213 -0.0328 0.6788 210.1338 0.0004 -0.0001 1.0000
0.5258 0.0447 417.5846 -0.0527 0.6423 220.5688 0.0003 -0.0001 1.0000
0.5529 0.0639 415.1610 -0.0459 0.6680 219.9755 0.0003 -0.0001 1.0000
0.5656 0.0765 409.7582 -0.0449 0.6668 226.7993 0.0004 -0.0001 1.0000
0.5246 0.0547 416.0717 -0.0583 0.6389 231.9423 0.0003 -0.0001 1.0000
0.5142 0.0629 412.3866 -0.0581 0.6379 232.8615 0.0003 -0.0001 1.0000
0.5307 0.0912 410.7210 -0.0589 0.6536 238.9914 0.0003 -0.0001 1.0000
0.5345 0.0723 412.1476 -0.0574 0.6377 237.5219 0.0003 -0.0001 1.0000
0.5481 0.0961 409.8192 -0.0616 0.6568 240.2361 0.0004 -0.0001 1.0000
0.5000 0.0708 414.8772 -0.0708 0.6109 243.0728 0.0003 -0.0001 1.0000
0.4967 0.0649 412.0759 -0.0716 0.5845 245.7397 0.0003 -0.0001 1.0000
0.5148 0.0740 415.7356 -0.0627 0.6063 238.8324 0.0003 -0.0001 1.0000
0.5010 0.1098 414.5354 -0.0713 0.6236 241.7521 0.0003 -0.0001 1.0000
0.4903 0.0831 421.9909 -0.0692 0.5953 239.9611 0.0003 -0.0001 1.0000
0.4908 0.0947 423.5524 -0.0742 0.5986 246.5761 0.0003 -0.0001 1.0000
0.5172 0.1213 422.9868 -0.0691 0.6372 246.2334 0.0003 -0.0001 1.0000
0.4946 0.0982 429.4508 -0.0697 0.5987 253.7514 0.0003 -0.0001 1.0000
0.4992 0.1001 427.6413 -0.0682 0.5919 258.2882 0.0003 -0.0001 1.0000
0.5235 0.1280 429.1986 -0.0615 0.6187 264.3055 0.0003 -0.0001 1.0000
0.4918 0.0820 438.7843 -0.0606 0.5716 268.2467 0.0003 -0.0001 1.0000
0.4915 0.1085 438.4470 -0.0646 0.5865 274.0775 0.0003 -0.0001 1.0000
0.4993 0.0819 447.6819 -0.0575 0.5646 277.0467 0.0003 -0.0001 1.0000
0.5289 0.1602 445.0260 -0.0566 0.6503 273.4821 0.0003 -0.0000 1.0000
0.5018 0.1058 455.6589 -0.0551 0.5816 282.2268 0.0003 -0.0001 1.0000
0.5191 0.1283 459.8271 -0.0537 0.6111 279.6449 0.0003 -0.0001 1.0000
0.4964 0.0878 466.5696 -0.0548 0.5660 280.6071 0.0003 -0.0001 1.0000
0.5380 0.1222 462.6275 -0.0465 0.6054 274.9972 0.0003 -0.0001 1.0000
0.5056 0.1124 471.3418 -0.0570 0.5910 274.0159 0.0003 -0.0001 1.0000
0.5047 0.0909 476.0386 -0.0511 0.5703 267.4026 0.0003 -0.0002 1.0000
0.5570 0.1379 477.5778 -0.0423 0.6280 255.9100 0.0003 -0.0001 1.0000
0.4998 0.0920 481.9668 -0.0537 0.5679 255.0272 0.0003 -0.0002 1.0000
0.5281 0.1094 485.2117 -0.0491 0.5971 242.8870 0.0003 -0.0001 1.0000
0.4990 0.0741 493.2815 -0.0501 0.5608 238.4443 0.0003 -0.0002 1.0000
0.5236 0.0979 493.0080 -0.0438 0.5964 228.6409 0.0003 -0.0001 1.0000
0.5452 0.1224 493.4079 -0.0409 0.6216 219.7257 0.0003 -0.0001 1.0000
0.5200 0.0827 500.5059 -0.0385 0.5782 217.9245 0.0003 -0.0002 1.0000
0.5453 0.1024 501.3572 -0.0304 0.6068 208.4468 0.0003 -0.0001 1.0000
0.4923 0.0604 510.1778 -0.0390 0.5637 205.7881 0.0003 -0.0002 1.0000
0.5338 0.0883 510.3440 -0.0287 0.6018 196.7448 0.0003 -0.0001 1.0000
0.5493 0.0928 513.4035 -0.0238 0.6102 191.0126 0.0003 -0.0001 1.0000
0.5212 0.0547 516.9125 -0.0189 0.5734 185.3558 0.0003 -0.0002 1.0000
0.5313 0.0676 517.3955 -0.0187 0.5879 180.3359 0.0003 -0.0002 1.0000
0.5501 0.0691 515.8209 -0.0142 0.5997 175.0652 0.0003 -0.0002 1.0000
0.5467 0.0721 518.3393 -0.0087 0.6061 169.1620 0.0003 -0.0001 1.0000
0.5418 0.0426 519.2807 -0.0053 0.5828 170.3419 0.0003 -0.0002 1.0000
0.5530 0.0705 518.1343 -0.0017 0.6063 168.7580 0.0003 -0.0002 1.0000
0.5594 0.0817 513.3738 0.0057 0.6121 165.0065 0.0003 -0.0001 1.0000
0.5572 0.0601 517.5578 0.0074 0.6030 161.1671 0.0003 -0.0002 1.0000
0.5551 0.0503 516.0674 0.0112 0.5985 153.9355 0.0003 -0.0002 1.0000
0.5611 0.0497 509.5667 0.0170 0.5950 145.6573 0.0003 -0.0002 1.0000
0.5550 0.0429 510.5787 0.0158 0.5994 132.8446 0.0003 -0.0002 1.0000
0.5236 0.0268 503.9146 0.0123 0.5733 124.2839 0.0003 -0.0002 1.0000
0.5539 0.0398 497.3002 0.0180 0.5875 112.7318 0.0003 -0.0002 1.0000
0.5699 0.0455 494.2426 0.0264 0.5933 103.5570 0.0003 -0.0002 1.0000
0.5475 0.0128 501.6996 0.0216 0.5828 100.0669 0.0003 -0.0002 1.0000
0.5257 0.0001 505.1945 0.0185 0.5585 102.0002 0.0003 -0.0002 1.0000
0.5573 0.0394 510.3928 0.0255 0.5950 99.0926 0.0003 -0.0002 1.0000
0.5508 0.0045 522.8724 0.0266 0.5665 105.1714 0.0003 -0.0002 1.0000
0.5778 -0.0149 531.9369 0.0321 0.5563 110.8333 0.0003 -0.0002 1.0000
0.5446 0.0171 543.1358 0.0230 0.5763 117.9741 0.0002 -0.0002 1.0000
0.5566 -0.0113 552.6977 0.0308 0.5450 134.4401 0.0002 -0.0002 1.0000
0.5901 -0.0151 555.1049 0.0353 0.5483 146.4819 0.0003 -0.0002 1.0000
0.5825 -0.0083 549.3960 0.0302 0.5490 160.9865 0.0002 -0.0002 1.0000
0.5713 -0.0289 547.1258 0.0330 0.5270 176.6574 0.0002 -0.0002 1.0000
0.5945 -0.0621 542.2924 0.0460 0.5005 195.2453 0.0002 -0.0003 1.0000
0.5827 -0.0577 533.4186 0.0411 0.4885 215.6825 0.0002 -0.0003 1.0000
0.5713 -0.0521 526.9974 0.0327 0.4949 231.6653 0.0002 -0.0003 1.0000
0.6027 -0.0507 522.5448 0.0425 0.4810 249.0667 0.0002 -0.0003 1.0000
0.5983 -0.0545 515.5681 0.0360 0.4728 263.2461 0.0002 -0.0003 1.0000
0.6000 -0.0324 505.2367 0.0278 0.4892 269.9045 0.0002 -0.0003 1.0000
0.6223 -0.0084 492.0187 0.0299 0.5210 264.5854 0.0002 -0.0002 1.0000
0.6325 -0.0368 471.5869 0.0318 0.4811 264.9921 0.0002 -0.0003 1.0000
0.6485 -0.0417 442.0330 0.0334 0.4958 255.6080 0.0002 -0.0003 1.0000
0.6313 -0.0307 405.2914 0.0237 0.4773 246.1417 0.0002 -0.0003 1.0000
0.6285 -0.0155 366.7375 0.0235 0.4759 237.7731 0.0002 -0.0003 1.0000
0.6284 0.0056 331.9995 0.0105 0.5006 224.5507 0.0002 -0.0003 1.0000
0.6213 0.0087 303.2254 0.0027 0.4952 217.1343 0.0002 -0.0003 1.0000
0.6459 0.0425 271.4746 0.0026 0.5196 207.8339 0.0002 -0.0002 1.0000
0.6511 0.0537 240.4433 -0.0032 0.5235 199.6591 0.0002 -0.0002 1.0000
0.6620 0.0585 218.8813 -0.0085 0.5353 187.5350 0.0002 -0.0002 1.0000
0.6559 0.0810 202.0594 -0.0218 0.5460 180.4617 0.0002 -0.0002 1.0000
0.6429 0.0722 186.4393 -0.0301 0.5283 174.7117 0.0002 -0.0002 1.0000
0.6667 0.0955 164.0105 -0.0316 0.5413 165.9700 0.0002 -0.0002 1.0000
0.6746 0.1089 144.9697 -0.0469 0.5515 159.8525 0.0002 -0.0002 1.0000
0.6707 0.1064 138.1154 -0.0556 0.5525 157.0220 0.0002 -0.0002 1.0000
0.6686 0.1265 125.9721 -0.0661 0.5461 155.1127 0.0002 -0.0002 1.0000
0.6614 0.1181 116.4891 -0.0807 0.5407 160.0377 0.0002 -0.0002 1.0000
0.6679 0.1292 103.8060 -0.0818 0.5333 170.0834 0.0002 -0.0002 1.0000
0.6723 0.1360 93.7797 -0.1005 0.5425 186.8295 0.0002 -0.0002 1.0000
0.6584 0.1335 94.4810 -0.1096 0.5181 208.6662 0.0002 -0.0002 1.0000
0.6745 0.1496 87.2574 -0.1155 0.5357 221.2798 0.0002 -0.0002 1.0000
0.6443 0.1464 84.6545 -0.1330 0.5117 243.0846 0.0002 -0.0002 1.0000
0.6368 0.1452 81.9702 -0.1402 0.4931 262.3446 0.0001 -0.0002 1.0000
0.6406 0.1554 67.4910 -0.1537 0.4897 283.9161 0.0001 -0.0002 1.0000
0.6276 0.1529 63.1765 -0.1613 0.4866 300.5209 0.0001 -0.0002 1.0000
0.6470 0.1631 46.0965 -0.1644 0.4792 320.3605 0.0002 -0.0002 1.0000
0.6370 0.1747 35.9578 -0.1790 0.4885 343.2147 0.0001 -0.0002 1.0000
0.6316 0.1780 27.8777 -0.1859 0.4739 361.1329 0.0001 -0.0002 1.0000
0.6225 0.1817 23.8533 -0.1946 0.4639 376.7148 0.0001 -0.0002 1.0000
0.6060 0.1911 19.4452 -0.2130 0.4738 392.4886 0.0001 -0.0002 1.0000
0.6172 0.1987 17.4303 -0.2082 0.4672 398.2059 0.0001 -0.0002 1.0000
0.5968 0.2027 23.3033 -0.2231 0.4595 409.8910 0.0001 -0.0002 1.0000
0.5734 0.1929 38.4011 -0.2360 0.4475 420.4557 0.0001 -0.0002 1.0000
0.5843 0.2004 49.1570 -0.2372 0.4663 422.0346 0.0001 -0.0002 1.0000
0.5653 0.1897 64.4033 -0.2401 0.4495 423.8074 0.0001 -0.0002 1.0000
0.5258 0.1848 80.4534 -0.2578 0.4150 430.5609 0.0000 -0.0002 1.0000
0.5210 0.1764 94.8344 -0.2514 0.4064 422.3385 0.0000 -0.0002 1.0000
0.5068 0.1895 104.0734 -0.2587 0.4026 420.4208 0.0000 -0.0002 1.0000
0.4883 0.1894 116.4980 -0.2668 0.4012 414.9964 -0.0000 -0.0002 1.0000
0.4648 0.1856 128.2610 -0.2722 0.3984 407.9178 -0.0000 -0.0002 1.0000
0.4381 0.1814 140.8138 -0.2747 0.3900 398.7430 -0.0000 -0.0002 1.0000
0.4317 0.1831 150.2952 -0.2775 0.3883 394.2441 -0.0001 -0.0002 1.0000
0.4125 0.1785 163.6983 -0.2758 0.3728 390.9151 -0.0001 -0.0002 1.0000
0.4051 0.1646 182.5125 -0.2733 0.3603 391.5515 -0.0001 -0.0002 1.0000
0.3821 0.1610 199.4022 -0.2760 0.3650 392.3080 -0.0001 -0.0002 1.0000
0.3694 0.1581 210.2389 -0.2767 0.3489 401.5075 -0.0001 -0.0002 1.0000
0.3535 0.1407 231.7602 -0.2728 0.3332 406.3498 -0.0001 -0.0002 1.0000
0.3423 0.1434 241.3896 -0.2741 0.3384 406.1449 -0.0001 -0.0002 1.0000
0.3749 0.1438 250.4372 -0.2620 0.3543 399.9608 -0.0001 -0.0002 1.0000
0.3526 0.1375 258.0672 -0.2646 0.3480 403.2944 -0.0001 -0.0002 1.0000
0.3353 0.1226 264.1015 -0.2609 0.3399 405.3022 -0.0001 -0.0002 1.0000
0.3411 0.1168 266.4580 -0.2567 0.3406 407.1496 -0.0001 -0.0002 1.0000
0.3392 0.1015 270.7132 -0.2518 0.3348 406.9000 -0.0001 -0.0002 1.0000
0.3269 0.0790 280.9149 -0.2481 0.3162 407.4439 -0.0001 -0.0002 1.0000
0.3251 0.0961 283.2936 -0.2435 0.3350 402.5481 -0.0001 -0.0002 1.0000
0.3139 0.0884 287.2066 -0.2426 0.3291 400.3837 -0.0001 -0.0002 1.0000
0.3104 0.0725 296.8046 -0.2345 0.3247 390.9599 -0.0001 -0.0002 1.0000
0.3094 0.0805 296.6222 -0.2381 0.3385 389.4837 -0.0002 -0.0002 1.0000
0.3172 0.0770 293.4896 -0.2307 0.3409 382.7510 -0.0001 -0.0002 1.0000
0.3007 0.0537 296.6428 -0.2251 0.3247 375.6521 -0.0002 -0.0002 1.0000
0.3207 0.0770 282.3465 -0.2215 0.3489 370.5772 -0.0001 -0.0002 1.0000
0.3066 0.0706 276.0751 -0.2205 0.3436 365.2162 -0.0002 -0.0002 1.0000
0.3148 0.0498 269.0674 -0.2091 0.3340 357.8212 -0.0001 -0.0002 1.0000
0.2932 0.0632 262.2947 -0.2175 0.3488 355.3624 -0.0002 -0.0002 1.0000
0.3108 0.0578 254.2077 -0.2054 0.3485 349.4269 -0.0002 -0.0002 1.0000
0.3043 0.0550 248.2993 -0.2038 0.3499 343.3573 -0.0002 -0.0002 1.0000
0.3135 0.0640 242.4491 -0.2016 0.3580 343.2483 -0.0002 -0.0001 1.0000
0.2940 0.0504 248.1777 -0.2008 0.3505 337.8909 -0.0002 -0.0002 1.0000
0.2844 0.0565 248.3294 -0.2012 0.3488 338.3745 -0.0002 -0.0001 1.0000
0.2812 0.0536 250.7194 -0.1974 0.3470 334.1696 -0.0002 -0.0001 1.0000
0.2779 0.0621 250.2567 -0.1985 0.3583 330.3350 -0.0002 -0.0001 1.0000
0.2647 0.0515 262.9751 -0.2037 0.3502 331.1887 -0.0002 -0.0001 1.0000
0.2693 0.0489 270.8516 -0.1901 0.3425 322.8314 -0.0002 -0.0002 1.0000
0.2595 0.0492 284.5719 -0.1900 0.3423 321.9166 -0.0002 -0.0002 1.0000
0.2456 0.0590 295.0386 -0.1943 0.3524 319.7501 -0.0002 -0.0001 1.0000
0.2288 0.0426 313.0592 -0.1926 0.3403 316.0559 -0.0002 -0.0001 1.0000
0.2209 0.0527 316.9632 -0.1945 0.3459 314.0084 -0.0002 -0.0001 1.0000
0.2076 0.0204 328.5320 -0.1852 0.3251 303.0473 -0.0002 -0.0002 1.0000
0.2129 0.0461 323.0519 -0.1818 0.3434 296.2900 -0.0002 -0.0001 1.0000
0.2019 0.0475 315.6178 -0.1828 0.3446 288.3191 -0.0002 -0.0001 1.0000
0.1998 0.0393 306.0454 -0.1745 0.3403 275.7905 -0.0002 -0.0001 1.0000
0.2077 0.0469 291.3975 -0.1699 0.3577 266.4074 -0.0002 -0.0001 1.0000
0.2014 0.0319 279.4415 -0.1613 0.3437 257.6017 -0.0002 -0.0001 1.0000
0.2100 0.0376 265.5826 -0.1567 0.3525 247.7027 -0.0002 -0.0001 1.0000
0.2056 0.0519 260.0194 -0.1571 0.3653 242.0509 -0.0002 -0.0001 1.0000
0.1882 0.0298 261.8125 -0.1522 0.3368 237.2036 -0.0003 -0.0001 1.0000
0.1839 0.0364 261.8301 -0.1520 0.3388 233.3609 -0.0003 -0.0001 1.0000
0.1870 0.0340 259.8138 -0.1453 0.3389 225.8434 -0.0002 -0.0001 1.0000
0.1813 0.0326 258.0346 -0.1403 0.3379 218.4056 -0.0002 -0.0001 1.0000
0.1782 0.0424 255.8587 -0.1429 0.3491 214.9829 -0.0003 -0.0001 1.0000
0.1728 0.0339 258.5943 -0.1377 0.3417 206.9615 -0.0003 -0.0001 1.0000
0.1687 0.0402 257.5509 -0.1386 0.3493 200.4924 -0.0003 -0.0001 1.0000
0.1579 0.0420 262.9309 -0.1398 0.3427 200.1116 -0.0003 -0.0001 1.0000
0.1568 0.0290 272.9288 -0.1364 0.3380 196.9961 -0.0003 -0.0001 1.0000
0.1462 0.0345 281.2575 -0.1365 0.3391 192.9952 -0.0003 -0.0001 1.0000
0.1383 0.0224 294.7629 -0.1374 0.3368 194.1023 -0.0003 -0.0001 1.0000
0.1271 0.0248 303.0249 -0.1401 0.3345 193.3224 -0.0003 -0.0001 1.0000
0.1255 0.0359 311.8206 -0.1377 0.3437 190.7455 -0.0003 -0.0001 1.0000
0.1170 0.0318 318.8479 -0.1403 0.3490 187.3928 -0.0003 -0.0001 1.0000
0.1064 0.0308 322.2039 -0.1395 0.3367 188.3159 -0.0003 -0.0001 1.0000
0.1083 0.0314 323.2078 -0.1366 0.3449 181.3818 -0.0003 -0.0001 1.0000
0.0917 0.0188 325.5230 -0.1371 0.3315 180.1738 -0.0003 -0.0001 1.0000
0.0852 0.0226 322.5740 -0.1373 0.3320 176.1553 -0.0003 -0.0001 1.0000
0.0923 0.0151 324.8236 -0.1315 0.3348 170.4461 -0.0003 -0.0001 1.0000
0.0809 0.0291 322.6880 -0.1372 0.3412 172.5268 -0.0003 -0.0001 1.0000
0.0928 0.0238 321.9239 -0.1253 0.3522 162.9366 -0.0003 -0.0001 1.0000
0.0729 -0.0029 324.0023 -0.1262 0.3275 163.4547 -0.0003 -0.0001 1.0000
0.0693 -0.0056 322.6367 -0.1268 0.3312 163.2239 -0.0003 -0.0001 1.0000
0.0663 -0.0045 318.9429 -0.1232 0.3342 158.8651 -0.0003 -0.0001 1.0000
0.0793 -0.0035 315.8276 -0.1107 0.3492 148.0443 -0.0003 -0.0001 1.0000
0.0757 -0.0242 315.2675 -0.1065 0.3358 145.6737 -0.0003 -0.0001 1.0000
0.0689 -0.0100 318.1225 -0.1044 0.3462 138.9230 -0.0003 -0.0001 1.0000
0.0631 -0.0165 324.3734 -0.0985 0.3526 130.0090 -0.0003 -0.0001 1.0000
0.0592 -0.0447 339.2894 -0.0887 0.3365 122.3975 -0.0003 -0.0001 1.0000
0.0441 -0.0371 348.7810 -0.0897 0.3334 121.8845 -0.0003 -0.0001 1.0000
0.0265 -0.0487 368.0066 -0.0864 0.3315 113.7974 -0.0003 -0.0001 1.0000
0.0261 -0.0674 385.3702 -0.0800 0.3266 108.6534 -0.0003 -0.0001 1.0000
0.0107 -0.0598 394.9697 -0.0817 0.3243 108.1111 -0.0003 -0.0001 1.0000
0.0032 -0.0937 408.8649 -0.0787 0.3041 105.2438 -0.0003 -0.0001 1.0000
-0.0015 -0.0845 416.0849 -0.0735 0.3108 99.5423 -0.0003 -0.0001 1.0000
-0.0117 -0.0868 427.3850 -0.0715 0.3123 96.4023 -0.0003 -0.0001 1.0000
-0.0117 -0.0852 436.6362 -0.0689 0.3169 93.8883 -0.0003 -0.0001 1.0000
-0.0198 -0.0934 445.7615 -0.0698 0.3113 94.9111 -0.0003 -0.0001 1.0000
-0.0338 -0.0982 458.7011 -0.0714 0.3063 98.9329 -0.0003 -0.0001 1.0000
-0.0428 -0.0967 467.9796 -0.0696 0.2979 104.6445 -0.0003 -0.0001 1.0000
-0.0394 -0.1196 480.8950 -0.0647 0.2914 104.6742 -0.0003 -0.0002 1.0000
-0.0572 -0.0989 487.2941 -0.0683 0.2976 108.6823 -0.0003 -0.0001 1.0000
-0.0550 -0.0743 496.4548 -0.0671 0.3183 108.3367 -0.0003 -0.0001 1.0000
-0.0605 -0.0708 501.7876 -0.0686 0.3227 110.1081 -0.0003 -0.0001 1.0000
-0.0550 -0.1252 513.4695 -0.0632 0.2878 114.2700 -0.0003 -0.0001 1.0000
-0.0748 -0.1033 519.7137 -0.0717 0.2980 118.1187 -0.0003 -0.0001 1.0000
-0.0758 -0.1182 521.4552 -0.0704 0.2915 119.4749 -0.0003 -0.0001 1.0000
-0.0797 -0.1246 526.0395 -0.0686 0.2885 123.6150 -0.0003 -0.0001 1.0000
-0.0784 -0.1459 525.7157 -0.0685 0.2794 125.1087 -0.0003 -0.0001 1.0000
-0.0855 -0.1685 526.0033 -0.0666 0.2558 126.6284 -0.0003 -0.0002 1.0000
-0.0803 -0.1417 518.7670 -0.0689 0.2712 132.0775 -0.0003 -0.0001 1.0000
-0.0850 -0.1078 511.0223 -0.0680 0.2960 127.3092 -0.0003 -0.0001 1.0000
-0.0840 -0.1015 509.2097 -0.0674 0.3010 124.0241 -0.0003 -0.0001 1.0000
-0.0897 -0.1383 504.1508 -0.0693 0.2714 125.8220 -0.0003 -0.0002 1.0000
-0.0842 -0.1373 504.6601 -0.0672 0.2784 124.2980 -0.0003 -0.0001 1.0000
-0.0848 -0.1131 502.6099 -0.0671 0.2901 123.8526 -0.0003 -0.0001 1.0000
-0.0913 -0.1264 499.8016 -0.0677 0.2850 120.9172 -0.0003 -0.0001 1.0000
-0.1050 -0.1378 499.8272 -0.0733 0.2619 125.9335 -0.0003 -0.0001 1.0000
-0.0834 -0.1555 499.9657 -0.0593 0.2653 115.6889 -0.0003 -0.0002 1.0000
-0.0944 -0.1561 502.7430 -0.0627 0.2621 114.2209 -0.0003 -0.0002 1.0000
-0.0983 -0.1188 503.5344 -0.0654 0.2872 109.7994 -0.0003 -0.0001 1.0000
-0.0964 -0.1591 509.9855 -0.0569 0.2603 103.0021 -0.0003 -0.0002 1.0000
-0.1074 -0.0707 511.0130 -0.0594 0.3200 94.2989 -0.0003 0.0000 1.0000
-0.1048 -0.1518 522.0792 -0.0546 0.2655 93.6657 -0.0003 -0.0001 1.0000
-0.1114 -0.1893 530.8810 -0.0530 0.2417 91.1569 -0.0003 -0.0002 1.0000
-0.1131 -0.1743 536.4963 -0.0512 0.2534 85.3519 -0.0003 -0.0002 1.0000
-0.1216 -0.1982 541.9100 -0.0518 0.2407 81.1340 -0.0003 -0.0002 1.0000
-0.1211 -0.2398 548.5758 -0.0468 0.2176 77.5069 -0.0003 -0.0003 1.0000
-0.1233 -0.1614 547.5046 -0.0475 0.2644 70.3426 -0.0003 -0.0001 1.0000
-0.1291 -0.1942 553.8129 -0.0459 0.2420 68.8686 -0.0003 -0.0002 1.0000
-0.1357 -0.1377 556.1849 -0.0490 0.2716 66.0880 -0.0003 -0.0001 1.0000
-0.1303 -0.2214 562.2550 -0.0462 0.2299 64.7088 -0.0003 -0.0002 1.0000
-0.1422 -0.1839 564.8440 -0.0470 0.2474 62.6212 -0.0003 -0.0002 1.0000
-0.1370 -0.2343 566.7007 -0.0445 0.2181 61.6133 -0.0003 -0.0003 1.0000
-0.1530 -0.1401 566.9831 -0.0478 0.2686 57.1637 -0.0003 -0.0001 1.0000
-0.1519 -0.1401 571.9597 -0.0453 0.2710 55.9255 -0.0003 -0.0001 1.0000
-0.1435 -0.1642 573.8682 -0.0449 0.2596 58.7398 -0.0003 -0.0001 1.0000
-0.1446 -0.2279 572.5091 -0.0456 0.2209 66.3487 -0.0003 -0.0002 1.0000
-0.1462 -0.1583 572.3013 -0.0445 0.2609 65.6969 -0.0003 -0.0001 1.0000
-0.1535 -0.0991 569.5045 -0.0492 0.2941 70.8464 -0.0003 0.0000 1.0000
-0.1451 -0.2111 568.2119 -0.0494 0.2202 88.1501 -0.0003 -0.0002 1.0000
-0.1510 -0.1419 565.0985 -0.0546 0.2558 99.3595 -0.0003 -0.0001 1.0000
-0.1407 -0.2228 564.8857 -0.0541 0.2096 111.1112 -0.0003 -0.0002 1.0000
-0.1359 -0.2951 561.1482 -0.0567 0.1535 128.6525 -0.0003 -0.0004 1.0000
-0.1347 -0.2399 555.8648 -0.0594 0.1868 137.3223 -0.0003 -0.0003 1.0000
-0.1407 -0.2246 551.0102 -0.0638 0.1938 147.1728 -0.0003 -0.0002 1.0000
-0.1464 -0.1902 549.0402 -0.0704 0.2194 154.8737 -0.0003 -0.0002 1.0000
-0.1312 -0.3126 544.7763 -0.0639 0.1214 166.8142 -0.0003 -0.0004 1.0000
-0.1604 -0.1109 540.2165 -0.0793 0.2700 169.0956 -0.0003 -0.0000 1.0000
-0.1469 -0.1629 537.0514 -0.0748 0.2353 173.4185 -0.0003 -0.0001 1.0000
-0.1445 -0.1564 533.2747 -0.0739 0.2390 178.9457 -0.0003 -0.0001 1.0000
-0.1391 -0.2381 528.5008 -0.0745 0.1664 188.7079 -0.0003 -0.0003 1.0000
-0.1409 -0.1716 525.2997 -0.0742 0.2287 188.1521 -0.0003 -0.0001 1.0000
-0.1217 -0.2808 517.0214 -0.0665 0.1290 197.8063 -0.0003 -0.0004 1.0000
-0.1330 -0.1720 507.8210 -0.0759 0.2266 200.1267 -0.0003 -0.0001 1.0000
-0.1201 -0.1753 493.9854 -0.0728 0.2283 201.4639 -0.0003 -0.0001 1.0000
-0.1187 -0.0091 484.0363 -0.0762 0.4287 196.1910 -0.0003 0.0003 1.0000
-0.1138 -0.0988 466.4006 -0.0729 0.3201 206.8993 -0.0003 0.0001 1.0000
-0.1045 -0.2402 452.1332 -0.0680 0.1522 214.4870 -0.0003 -0.0003 1.0000
-0.1179 -0.1414 435.7448 -0.0813 0.2552 216.0955 -0.0003 -0.0000 1.0000
-0.1034 -0.1888 427.1722 -0.0710 0.2106 217.6769 -0.0003 -0.0002 1.0000
-0.0976 -0.1758 415.5033 -0.0721 0.2274 220.4413 -0.0003 -0.0001 1.0000
-0.1118 -0.0860 409.5651 -0.0805 0.3403 222.0990 -0.0003 0.0002 1.0000
1.0000 0.0000 0.0000 0.0000 1.0000 0.0000 0.0000 0.0000 1.0000
1.0000 0.0000 0.0000 0.0000 1.0000 0.0000 0.0000 0.0000 1.0000
1.0000 0.0000 0.0000 0.0000 1.0000 0.0000 0.0000 0.0000 1.0000
1.0000 0.0000 0.0000 0.0000 1.0000 0.0000 0.0000 0.0000 1.0000
1.0000 0.0000 0.0000 0.0000 1.0000 0.0000 0.0000 0.0000 1.0000
1.0000 0.0000 0.0000 0.0000 1.0000 0.0000 0.0000 0.0000 1.0000
1.0000 0.0000 0.0000 0.0000 1.0000 0.0000 0.0000 0.0000 1.0000
1.0000 0.0000 0.0000 0.0000 1.0000 0.0000 0.0000 0.0000 1.0000
1.0000 0.0000 0.0000 0.0000 1.0000 0.0000 0.0000 0.0000 1.0000
1.0000 0.0000 0.0000 0.0000 1.0000 0.0000 0.0000 0.0000 1.0000
1.0000 0.0000 0.0000 0.0000 1.0000 0.0000 0.0000 0.0000 1.0000
1.0000 0.0000 0.0000 0.0000 1.0000 0.0000 0.0000 0.0000 1.0000
1.0000 0.0000 0.0000 0.0000 1.0000 0.0000 0.0000 0.0000 1.0000
1.0000 0.0000 0.0000 0.0000 1.0000 0.0000 0.0000 0.0000 1.0000
1.0000 0.0000 0.0000 0.0000 1.0000 0.0000 0.0000 0.0000 1.0000
1.0000 0.0000 0.0000 0.0000 1.0000 0.0000 0.0000 0.0000 1.0000
1.0000 0.0000 0.0000 0.0000 1.0000 0.0000 0.0000 0.0000 1.0000
1.0000 0.0000 0.0000 0.0000 1.0000 0.0000 0.0000 0.0000 1.0000
1.0000 0.0000 0.0000 0.0000 1.0000 0.0000 0.0000 0.0000 1.0000
1.0000 0.0000 0.0000 0.0000 1.0000 0.0000 0.0000 0.0000 1.0000
1.0000 0.0000 0.0000 0.0000 1.0000 0.0000 0.0000 0.0000 1.0000
1.0000 0.0000 0.0000 0.0000 1.0000 0.0000 0.0000 0.0000 1.0000
1.0000 0.0000 0.0000 0.0000 1.0000 0.0000 0.0000 0.0000 1.0000
1.0000 0.0000 0.0000 0.0000 1.0000 0.0000 0.0000 0.0000 1.0000
1.0000 0.0000 0.0000 0.0000 1.0000 0.0000 0.0000 0.0000 1.0000
1.0000 0.0000 0.0000 0.0000 1.0000 0.0000 0.0000 0.0000 1.0000
1.0000 0.0000 0.0000 0.0000 1.0000 0.0000 0.0000 0.0000 1.0000
1.0000 0.0000 0.0000 0.0000 1.0000 0.0000 0.0000 0.0000 1.0000
1.0000 0.0000 0.0000 0.0000 1.0000 0.0000 0.0000 0.0000 1.0000
1.0000 0.0000 0.0000 0.0000 1.0000 0.0000 0.0000 0.0000 1.0000
1.0000 0.0000 0.0000 0.0000 1.0000 0.0000 0.0000 0.0000 1.0000
1.0000 0.0000 0.0000 0.0000 1.0000 0.0000 0.0000 0.0000 1.0000
1.0000 0.0000 0.0000 0.0000 1.0000 0.0000 0.0000 0.0000 1.0000
1.0000 0.0000 0.0000 0.0000 1.0000 0.0000 0.0000 0.0000 1.0000
1.0000 0.0000 0.0000 0.0000 1.0000 0.0000 0.0000 0.0000 1.0000
1.0000 0.0000 0.0000 0.0000 1.0000 0.0000 0.0000 0.0000 1.0000
1.0000 0.0000 0.0000 0.0000 1.0000 0.0000 0.0000 0.0000 1.0000
1.0000 0.0000 0.0000 0.0000 1.0000 0.0000 0.0000 0.0000 1.0000
1.0000 0.0000 0.0000 0.0000 1.0000 0.0000 0.0000 0.0000 1.0000
1.0000 0.0000 0.0000 0.0000 1.0000 0.0000 0.0000 0.0000 1.0000
1.0000 0.0000 0.0000 0.0000 1.0000 0.0000 0.0000 0.0000 1.0000
1.0000 0.0000 0.0000 0.0000 1.0000 0.0000 0.0000 0.0000 1.0000
1.0000 0.0000 0.0000 0.0000 1.0000 0.0000 0.0000 0.0000 1.0000
1.0000 0.0000 0.0000 0.0000 1.0000 0.0000 0.0000 0.0000 1.0000
1.0000 0.0000 0.0000 0.0000 1.0000 0.0000 0.0000 0.0000 1.0000
1.0000 0.0000 0.0000 0.0000 1.0000 0.0000 0.0000 0.0000 1.0000
1.0000 0.0000 0.0000 0.0000 1.0000 0.0000 0.0000 0.0000 1.0000
1.0000 0.0000 0.0000 0.0000 1.0000 0.0000 0.0000 0.0000 1.0000
1.0000 0.0000 0.0000 0.0000 1.0000 0.0000 0.0000 0.0000 1.0000
1.0000 0.0000 0.0000 0.0000 1.0000 0.0000 0.0000 0.0000 1.0000
1.0000 0.0000 0.0000 0.0000 1.0000 0.0000 0.0000 0.0000 1.0000
1.0000 0.0000 0.0000 0.0000 1.0000 0.0000 0.0000 0.0000 1.0000
1.0000 0.0000 0.0000 0.0000 1.0000 0.0000 0.0000 0.0000 1.0000
1.0000 0.0000 0.0000 0.0000 1.0000 0.0000 0.0000 0.0000 1.0000
1.0000 0.0000 0.0000 0.0000 1.0000 0.0000 0.0000 0.0000 1.0000
1.0000 0.0000 0.0000 0.0000 1.0000 0.0000 0.0000 0.0000 1.0000
1.0000 0.0000 0.0000 0.0000 1.0000 0.0000 0.0000 0.0000 1.0000
1.0000 0.0000 0.0000 0.0000 1.0000 0.0000 0.0000 0.0000 1.0000
1.0000 0.0000 0.0000 0.0000 1.0000 0.0000 0.0000 0.0000 1.0000
1.0000 0.0000 0.0000 0.0000 1.0000 0.0000 0.0000 0.0000 1.0000
-0.1060 0.0220 369.2649 -0.1238 0.3321 346.7164 -0.0003 0.0001 1.0000
-0.0902 -0.0883 382.5579 -0.1052 0.1730 349.3466 -0.0003 -0.0002 1.0000
-0.1000 -0.0651 391.4171 -0.1140 0.1971 345.0260 -0.0003 -0.0002 1.0000
-0.1039 -0.0715 401.1505 -0.1120 0.1877 339.4640 -0.0003 -0.0002 1.0000
-0.0976 -0.1336 413.8584 -0.1029 0.1097 338.1798 -0.0003 -0.0003 1.0000
-0.1016 -0.0938 421.9428 -0.1071 0.1592 332.4901 -0.0003 -0.0002 1.0000
-0.0961 -0.1208 432.8544 -0.0985 0.1390 323.6678 -0.0003 -0.0003 1.0000
-0.1021 -0.1132 439.3808 -0.1024 0.1481 314.5218 -0.0003 -0.0003 1.0000
-0.0996 -0.1077 444.2710 -0.0976 0.1596 302.6770 -0.0003 -0.0002 1.0000
-0.1072 -0.1138 446.4897 -0.1008 0.1489 291.0577 -0.0003 -0.0003 1.0000
-0.0965 -0.1169 450.7784 -0.0902 0.1601 276.8710 -0.0003 -0.0003 1.0000
-0.0981 -0.1226 448.1961 -0.0874 0.1431 265.6379 -0.0003 -0.0003 1.0000
-0.1008 -0.1018 445.0927 -0.0899 0.1753 248.8242 -0.0003 -0.0002 1.0000
-0.1015 -0.0791 441.8812 -0.0885 0.1954 237.9867 -0.0003 -0.0002 1.0000
-0.0952 -0.0828 435.5352 -0.0821 0.1964 224.3266 -0.0003 -0.0002 1.0000
-0.0881 -0.0529 430.9902 -0.0761 0.2295 208.2586 -0.0003 -0.0001 1.0000
-0.0841 -0.0727 427.1836 -0.0717 0.2179 197.3061 -0.0003 -0.0002 1.0000
-0.0817 -0.0937 421.2747 -0.0707 0.1967 189.3870 -0.0003 -0.0002 1.0000
-0.0669 -0.0824 416.8084 -0.0608 0.2193 175.3487 -0.0003 -0.0002 1.0000
-0.0670 -0.1235 412.4804 -0.0585 0.1797 170.6489 -0.0003 -0.0003 1.0000
-0.0541 -0.1066 407.8843 -0.0488 0.2047 157.3841 -0.0003 -0.0002 1.0000
-0.0622 -0.0605 401.3772 -0.0566 0.2427 151.6712 -0.0003 -0.0001 1.0000
-0.0526 -0.0756 398.4430 -0.0480 0.2377 142.2692 -0.0003 -0.0002 1.0000
-0.0572 -0.0813 397.9310 -0.0528 0.2319 140.9524 -0.0003 -0.0002 1.0000
-0.0531 -0.0904 397.0807 -0.0503 0.2256 137.2047 -0.0003 -0.0002 1.0000
-0.0479 -0.0949 395.1880 -0.0462 0.2280 132.7253 -0.0003 -0.0002 1.0000
-0.0441 -0.0856 394.2065 -0.0460 0.2384 132.1590 -0.0003 -0.0001 1.0000
-0.0315 -0.0491 389.2662 -0.0374 0.2737 124.5176 -0.0003 -0.0001 1.0000
-0.0373 -0.1088 392.7236 -0.0397 0.2263 127.4373 -0.0003 -0.0002 1.0000
-0.0380 -0.0840 387.3252 -0.0418 0.2456 127.4568 -0.0003 -0.0001 1.0000
-0.0408 -0.1045 388.0257 -0.0445 0.2297 131.5951 -0.0003 -0.0002 1.0000
-0.0364 -0.1062 387.0487 -0.0433 0.2341 132.1344 -0.0003 -0.0002 1.0000
-0.0320 -0.1078 384.9925 -0.0403 0.2367 133.7472 -0.0003 -0.0002 1.0000
-0.0305 -0.0660 380.3516 -0.0442 0.2681 140.4854 -0.0003 -0.0001 1.0000
-0.0248 -0.1048 382.2744 -0.0442 0.2409 150.0698 -0.0003 -0.0001 1.0000
-0.0231 -0.1220 380.0510 -0.0439 0.2365 152.1259 -0.0003 -0.0002 1.0000
-0.0150 -0.1249 375.9049 -0.0402 0.2302 159.5741 -0.0003 -0.0002 1.0000
-0.0088 -0.1303 370.8629 -0.0438 0.2287 168.8454 -0.0003 -0.0002 1.0000
-0.0015 -0.1238 364.3328 -0.0399 0.2367 170.1516 -0.0003 -0.0002 1.0000
0.0100 -0.1262 362.4523 -0.0377 0.2443 175.6212 -0.0003 -0.0001 1.0000
0.0021 -0.1307 361.6961 -0.0463 0.2377 181.4149 -0.0003 -0.0002 1.0000
0.0128 -0.1268 365.6792 -0.0388 0.2543 179.9120 -0.0003 -0.0001 1.0000
0.0147 -0.1386 370.8310 -0.0409 0.2416 186.7723 -0.0003 -0.0002 1.0000
0.0187 -0.1453 378.3740 -0.0383 0.2401 191.8367 -0.0003 -0.0002 1.0000
0.0155 -0.1306 383.9486 -0.0437 0.2533 196.3553 -0.0003 -0.0001 1.0000
0.0257 -0.1340 390.8905 -0.0403 0.2524 200.3551 -0.0003 -0.0001 1.0000
0.0146 -0.1275 397.1549 -0.0507 0.2588 205.4809 -0.0003 -0.0001 1.0000
0.0225 -0.1215 399.4898 -0.0449 0.2676 204.5079 -0.0003 -0.0001 1.0000
0.0163 -0.1343 404.9823 -0.0516 0.2540 209.5566 -0.0003 -0.0001 1.0000
0.0281 -0.1316 404.8696 -0.0485 0.2638 210.9239 -0.0003 -0.0001 1.0000
0.0317 -0.1209 399.1374 -0.0481 0.2722 211.4213 -0.0003 -0.0001 1.0000
0.0390 -0.1359 391.1400 -0.0449 0.2619 208.6230 -0.0003 -0.0001 1.0000
0.0509 -0.1496 387.4428 -0.0386 0.2614 204.0861 -0.0003 -0.0001 1.0000
0.0593 -0.1301 371.7043 -0.0392 0.2725 202.4769 -0.0003 -0.0001 1.0000
0.0634 -0.1315 360.5076 -0.0371 0.2771 195.8566 -0.0003 -0.0001 1.0000
0.0738 -0.1266 342.6686 -0.0341 0.2877 186.8117 -0.0003 -0.0001 1.0000
0.0751 -0.1179 321.4408 -0.0368 0.2852 181.0764 -0.0003 -0.0001 1.0000
0.0981 -0.1261 299.7754 -0.0264 0.2910 171.8599 -0.0003 -0.0001 1.0000
0.1172 -0.1215 276.8666 -0.0206 0.3082 165.3765 -0.0003 -0.0001 1.0000
0.1363 -0.1253 252.6717 -0.0102 0.3046 155.8728 -0.0003 -0.0001 1.0000
0.1472 -0.1227 235.6305 -0.0094 0.3127 149.9823 -0.0003 -0.0001 1.0000
0.1525 -0.1223 226.9462 -0.0054 0.3114 143.6057 -0.0003 -0.0001 1.0000
0.1547 -0.1205 220.6283 -0.0107 0.3075 146.3347 -0.0003 -0.0001 1.0000
0.1586 -0.1166 221.1841 -0.0102 0.3137 143.7897 -0.0003 -0.0001 1.0000
0.1677 -0.1127 226.7388 -0.0048 0.3224 140.9121 -0.0003 -0.0001 1.0000
0.1824 -0.1200 235.7806 -0.0002 0.3257 140.3693 -0.0002 -0.0001 1.0000
0.1747 -0.1133 246.6912 -0.0034 0.3259 141.5335 -0.0002 -0.0001 1.0000
0.1771 -0.1246 257.1226 -0.0042 0.3142 145.3035 -0.0002 -0.0001 1.0000
0.1841 -0.1025 263.7110 -0.0054 0.3354 145.0198 -0.0002 -0.0001 1.0000
0.1809 -0.1075 276.2847 -0.0078 0.3318 145.3438 -0.0002 -0.0001 1.0000
0.1886 -0.1079 284.2272 -0.0067 0.3389 145.7399 -0.0002 -0.0001 1.0000
0.1945 -0.0948 287.0409 -0.0085 0.3432 147.6748 -0.0002 -0.0001 1.0000
0.1789 -0.1030 295.9580 -0.0186 0.3276 154.2928 -0.0003 -0.0001 1.0000
0.1876 -0.1041 301.8452 -0.0157 0.3349 153.5359 -0.0002 -0.0001 1.0000
0.2043 -0.0888 301.4158 -0.0105 0.3493 152.4422 -0.0002 -0.0001 1.0000
0.1993 -0.1055 305.1939 -0.0157 0.3311 157.8434 -0.0002 -0.0001 1.0000
0.1966 -0.0984 306.7768 -0.0200 0.3348 157.7741 -0.0002 -0.0001 1.0000
0.1988 -0.0979 309.7892 -0.0217 0.3367 157.7698 -0.0002 -0.0001 1.0000
0.2050 -0.0924 307.1554 -0.0217 0.3475 154.8633 -0.0002 -0.0001 1.0000
0.2116 -0.0910 306.7586 -0.0196 0.3481 153.7426 -0.0002 -0.0001 1.0000
