1.0000 0.0000 -0.0000 0.0000 1.0000 -0.0000 0.0000 0.0000 1.0000
1.8156 -0.0067 -190.7554 0.2005 1.4721 -138.0054 0.0008 0.0000 1.0000
1.5689 0.2452 -181.3002 0.0798 1.5972 -131.1980 0.0004 0.0004 1.0000
1.0535 -0.0731 7.6513 -0.0337 1.0108 3.0297 0.0001 -0.0002 1.0000
0.9878 0.0199 7.8960 -0.0799 1.0470 11.3280 0.0000 -0.0000 1.0000
1.1041 -0.1036 10.6554 -0.0861 0.9234 52.4523 0.0002 -0.0003 1.0000
1.3121 0.0718 -78.9146 -0.1173 1.1148 38.1816 0.0003 -0.0001 1.0000
1.3549 0.1832 -108.1412 -0.1373 1.1951 34.3200 0.0003 -0.0000 1.0000
1.3641 0.1541 -98.9355 -0.1463 1.1609 41.8463 0.0004 -0.0001 1.0000
1.2979 0.3777 -116.9557 -0.2153 1.3341 32.6597 0.0002 0.0002 1.0000
1.6003 0.2747 -149.2269 -0.2097 1.3577 53.9758 0.0006 0.0001 1.0000
1.1293 0.2617 -38.8282 -0.2897 1.0912 118.4429 0.0002 -0.0000 1.0000
1.2840 0.4939 -117.4285 -0.3096 1.3739 77.6805 0.0002 0.0003 1.0000
1.1018 0.3130 -45.6879 -0.3215 1.0740 144.8711 0.0001 -0.0000 1.0000
1.0071 0.1723 7.3664 -0.3195 0.9317 176.1458 0.0001 -0.0002 1.0000
1.3467 0.4169 -132.1852 -0.3348 1.2271 163.8374 0.0004 0.0001 1.0000
1.1209 0.3326 -80.9474 -0.3445 1.1114 180.5964 0.0001 0.0000 1.0000
1.3067 0.3130 -159.5680 -0.2796 1.1461 164.9856 0.0003 -0.0001 1.0000
1.9392 0.4512 -376.4022 -0.2092 1.4421 155.8935 0.0009 0.0000 1.0000
1.7299 0.3825 -343.9540 -0.1684 1.4541 112.3840 0.0007 0.0000 1.0000
1.6242 0.2964 -330.7386 -0.1539 1.3604 121.9849 0.0006 -0.0000 1.0000
1.4654 0.2495 -306.3838 -0.1630 1.3007 132.5315 0.0004 0.0001 1.0000
1.8556 0.1841 -455.6000 0.0377 1.4482 29.4659 0.0009 -0.0003 1.0000
1.3919 0.0082 -295.2348 -0.0305 1.1043 88.4976 0.0004 -0.0003 1.0000
1.7997 0.0334 -453.6886 0.1309 1.3952 -6.8693 0.0008 -0.0003 1.0000
1.8248 0.1042 -497.0807 0.1086 1.5579 -19.6952 0.0007 0.0001 1.0000
2.0699 -0.0295 -551.6832 0.2758 1.5758 -76.4978 0.0011 -0.0001 1.0000
1.8053 -0.1406 -443.1320 0.2335 1.4679 -74.3820 0.0008 -0.0001 1.0000
1.6866 -0.1838 -403.0168 0.2587 1.3925 -98.4570 0.0007 -0.0002 1.0000
1.8229 -0.1290 -474.8070 0.2881 1.4600 -119.5815 0.0007 -0.0000 1.0000
1.6046 -0.2661 -364.0576 0.2913 1.2432 -117.5860 0.0006 -0.0003 1.0000
1.7564 -0.1453 -447.6927 0.3022 1.4040 -146.5091 0.0007 -0.0000 1.0000
2.2829 -0.2635 -570.0937 0.5425 1.8402 -320.5899 0.0012 0.0001 1.0000
1.9066 -0.2006 -465.8655 0.4025 1.6649 -273.3499 0.0007 0.0002 1.0000
1.9294 -0.3443 -429.9192 0.4737 1.5183 -297.8709 0.0009 -0.0002 1.0000
2.1252 -0.3417 -490.3704 0.5256 1.5544 -321.0486 0.0011 -0.0002 1.0000
1.8477 -0.2742 -410.3449 0.4168 1.5144 -306.8647 0.0007 0.0000 1.0000
1.8915 -0.3020 -411.2344 0.4479 1.5160 -342.4100 0.0008 -0.0001 1.0000
2.2220 -0.3061 -499.5494 0.5350 1.7941 -438.2340 0.0011 0.0001 1.0000
2.2333 -0.3615 -484.1475 0.5143 1.6555 -406.1981 0.0011 -0.0001 1.0000
2.3421 -0.3358 -516.7593 0.5657 1.7940 -476.5900 0.0012 0.0000 1.0000
2.1521 -0.3868 -440.7831 0.4848 1.7113 -453.5571 0.0011 -0.0001 1.0000
2.0964 -0.1847 -481.5835 0.4293 1.7612 -451.7277 0.0008 0.0002 1.0000
1.7516 -0.2290 -361.2385 0.2937 1.4423 -331.0636 0.0006 0.0001 1.0000
1.9283 -0.3069 -393.9071 0.3349 1.4829 -358.9117 0.0008 -0.0001 1.0000
2.0174 -0.1871 -450.7079 0.3366 1.6967 -411.9987 0.0008 0.0002 1.0000
2.3024 -0.1781 -538.4323 0.4213 1.9498 -500.9063 0.0011 0.0002 1.0000
1.9944 -0.2252 -429.8215 0.3251 1.6832 -401.2081 0.0008 0.0001 1.0000
2.7441 0.0057 -727.0583 0.4816 2.3784 -605.2465 0.0013 0.0007 1.0000
2.2714 -0.0509 -572.1915 0.3400 2.0085 -471.0997 0.0009 0.0004 1.0000
2.1825 -0.0500 -555.7315 0.3202 1.8777 -430.8907 0.0009 0.0003 1.0000
1.5556 -0.1839 -327.8985 0.1729 1.3434 -261.4235 0.0004 -0.0002 1.0000
2.3970 0.0063 -648.2393 0.3287 2.0277 -450.8918 0.0011 0.0003 1.0000
1.6529 -0.1058 -397.5820 0.1660 1.3349 -242.3073 0.0005 -0.0002 1.0000
2.0919 -0.0514 -554.1226 0.2449 1.7089 -342.0513 0.0008 0.0001 1.0000
2.1574 -0.0450 -587.6027 0.2100 1.6763 -304.6727 0.0009 0.0002 1.0000
1.8049 -0.0754 -481.7302 0.1698 1.4769 -266.0407 0.0005 0.0000 1.0000
2.0370 -0.0253 -582.8209 0.2313 1.6621 -322.5170 0.0007 0.0001 1.0000
1.9544 -0.0703 -555.0922 0.2358 1.5718 -310.7309 0.0007 0.0000 1.0000
2.3491 -0.1605 -670.1610 0.3505 1.7743 -387.5376 0.0011 -0.0000 1.0000
2.1803 -0.1735 -625.4680 0.3318 1.6037 -352.0389 0.0010 -0.0002 1.0000
1.7603 -0.1644 -490.6617 0.2297 1.4202 -284.1357 0.0005 -0.0001 1.0000
2.0454 -0.2046 -580.9437 0.3251 1.5802 -352.1226 0.0009 -0.0002 1.0000
2.4787 -0.2080 -730.5126 0.4225 1.8401 -430.2346 0.0013 -0.0001 1.0000
1.7688 -0.2485 -475.4373 0.2878 1.3908 -304.8891 0.0006 -0.0002 1.0000
2.1561 -0.2282 -617.2737 0.3739 1.5450 -360.5135 0.0010 -0.0003 1.0000
2.1227 -0.1457 -620.7780 0.3379 1.6661 -364.2579 0.0008 0.0002 1.0000
2.2098 -0.2630 -607.4326 0.3829 1.6059 -363.8049 0.0010 -0.0001 1.0000
2.3137 -0.2687 -632.5153 0.4501 1.7842 -439.7713 0.0011 -0.0000 1.0000
2.1306 -0.2506 -568.1359 0.3963 1.6232 -380.8913 0.0009 -0.0001 1.0000
2.0937 -0.1834 -574.6597 0.3807 1.6663 -387.0459 0.0008 0.0000 1.0000
2.0386 -0.2268 -527.2691 0.3706 1.6008 -361.2421 0.0008 0.0000 1.0000
2.4455 -0.3716 -614.2504 0.5201 1.7506 -450.7330 0.0013 -0.0003 1.0000
2.1675 -0.3113 -534.2229 0.4326 1.5838 -382.0147 0.0010 -0.0003 1.0000
2.3723 -0.2549 -616.2667 0.4885 1.7328 -434.7352 0.0011 -0.0003 1.0000
3.0932 -0.2125 -843.5545 0.6617 2.3035 -599.7048 0.0017 0.0002 1.0000
3.1053 -0.2108 -836.2920 0.6669 2.3042 -596.5922 0.0017 0.0002 1.0000
2.1936 -0.1773 -552.1384 0.4046 1.7641 -400.6648 0.0008 0.0001 1.0000
2.1793 -0.2145 -530.2553 0.3902 1.7211 -379.7737 0.0009 0.0000 1.0000
1.9679 -0.1830 -471.2936 0.3071 1.4949 -295.3150 0.0007 -0.0001 1.0000
2.1210 -0.2054 -505.6802 0.3392 1.5676 -312.9357 0.0008 -0.0001 1.0000
2.2047 -0.2328 -514.1697 0.3808 1.6238 -339.0087 0.0009 -0.0002 1.0000
1.9997 -0.1514 -469.5034 0.3088 1.5627 -301.0874 0.0007 -0.0001 1.0000
2.4004 -0.2028 -563.8947 0.3615 1.6994 -316.3302 0.0011 -0.0001 1.0000
2.1439 -0.1131 -497.8527 0.2813 1.6237 -276.2061 0.0008 -0.0000 1.0000
2.1500 -0.0949 -495.0834 0.2468 1.6473 -258.9285 0.0008 0.0001 1.0000
2.0222 -0.0162 -476.4016 0.2033 1.5767 -226.4088 0.0006 0.0000 1.0000
2.2471 -0.0453 -527.6878 0.2442 1.6895 -253.4513 0.0009 -0.0000 1.0000
2.4242 -0.0659 -574.6814 0.2549 1.6832 -237.9468 0.0011 -0.0002 1.0000
3.1428 -0.0144 -794.1487 0.3680 2.0867 -322.2635 0.0017 -0.0001 1.0000
2.0895 -0.1521 -447.3559 0.1643 1.4360 -159.0728 0.0008 -0.0004 1.0000
3.4829 0.0876 -913.3503 0.3825 2.4437 -383.5364 0.0019 0.0001 1.0000
1.9282 0.0608 -447.4010 0.0243 1.4582 -92.3478 0.0006 -0.0001 1.0000
1.7618 0.1117 -405.4790 -0.0564 1.4201 -49.3049 0.0004 0.0000 1.0000
2.3415 0.2791 -627.8694 0.0012 1.7786 -113.7474 0.0009 0.0001 1.0000
2.1729 0.1670 -554.3079 -0.0340 1.5077 -46.3207 0.0008 -0.0002 1.0000
2.2768 0.0620 -554.5283 -0.0254 1.5467 -53.8331 0.0010 -0.0004 1.0000
2.1797 0.3143 -593.1392 -0.1529 1.6109 -1.7655 0.0008 -0.0000 1.0000
1.4519 0.1725 -344.7038 -0.2557 1.0939 110.7647 0.0002 -0.0003 1.0000
2.6268 0.3035 -733.6891 -0.1619 1.6217 48.2986 0.0013 -0.0003 1.0000
2.0051 0.2965 -539.6025 -0.2429 1.5006 55.4969 0.0008 -0.0003 1.0000
2.6513 0.6439 -838.8521 -0.2978 1.8014 76.3922 0.0013 -0.0001 1.0000
1.6436 0.3308 -450.7083 -0.3837 1.1101 194.7762 0.0005 -0.0004 1.0000
1.7788 0.4283 -502.9430 -0.4346 1.3713 174.6632 0.0006 -0.0002 1.0000
2.4787 0.6281 -772.8294 -0.4882 1.5966 225.0669 0.0012 -0.0003 1.0000
1.8649 0.5678 -574.2994 -0.5187 1.2979 253.2921 0.0007 -0.0003 1.0000
2.3511 1.0148 -828.5642 -0.6598 1.7568 274.0697 0.0010 0.0001 1.0000
2.5577 1.1003 -889.0581 -0.7553 1.9278 314.5794 0.0012 0.0002 1.0000
2.5721 1.1539 -904.2919 -0.8357 1.8006 400.2617 0.0013 0.0001 1.0000
2.1353 0.9381 -707.4165 -0.8120 1.4834 419.7566 0.0010 -0.0002 1.0000
1.7833 0.8792 -581.2650 -0.8253 1.2775 442.7372 0.0007 -0.0002 1.0000
2.0805 1.2710 -757.9379 -0.9331 1.5871 465.1565 0.0009 0.0000 1.0000
2.0829 1.2143 -716.0721 -1.0472 1.3708 596.2290 0.0011 -0.0001 1.0000
1.9201 1.2003 -647.8268 -1.0863 1.2152 648.4358 0.0009 -0.0001 1.0000
3.4063 2.2084 -1293.4420 -1.4717 1.9988 846.0286 0.0024 0.0002 1.0000
2.1644 1.4679 -758.2335 -1.2011 1.3619 705.3997 0.0013 -0.0002 1.0000
1.6731 1.3692 -561.6850 -1.2095 1.1425 730.6751 0.0008 0.0000 1.0000
1.0872 0.8315 -268.1653 -1.0320 0.6885 671.6858 0.0004 -0.0004 1.0000
1.6140 1.1860 -483.4883 -1.2304 0.8486 811.8436 0.0010 -0.0004 1.0000
1.5612 1.2372 -464.5461 -1.2880 0.8716 839.2516 0.0009 -0.0003 1.0000
1.1023 1.1650 -305.2853 -1.2762 0.6955 840.8462 0.0004 -0.0001 1.0000
1.2749 1.2460 -361.3856 -1.3135 0.7179 879.2128 0.0007 -0.0003 1.0000
1.3202 1.3600 -394.3380 -1.3839 0.7067 932.4361 0.0008 -0.0002 1.0000
0.9040 1.2224 -231.3828 -1.3296 0.6160 889.8054 0.0004 -0.0001 1.0000
1.1607 1.5254 -372.0204 -1.4656 0.6864 988.8201 0.0007 -0.0001 1.0000
1.0062 1.3221 -263.7466 -1.4001 0.5971 966.0401 0.0006 -0.0002 1.0000
1.5360 1.6897 -469.7262 -1.6404 0.6656 1173.4721 0.0013 -0.0003 1.0000
1.1117 1.5143 -317.2583 -1.5435 0.5228 1109.8821 0.0008 -0.0002 1.0000
0.7706 1.4482 -216.3975 -1.4733 0.5130 1034.9427 0.0004 0.0000 1.0000
1.0929 1.5948 -312.5659 -1.6037 0.5578 1159.7963 0.0009 -0.0001 1.0000
1.0849 1.5553 -309.7172 -1.5913 0.4854 1175.9263 0.0010 -0.0002 1.0000
0.9827 1.4561 -271.2530 -1.5415 0.3557 1171.5324 0.0009 -0.0003 1.0000
0.8134 1.4621 -232.4619 -1.5357 0.3675 1149.0213 0.0006 -0.0002 1.0000
0.7503 1.3680 -181.6608 -1.5207 0.3634 1144.5158 0.0006 -0.0002 1.0000
1.1076 1.7760 -360.5516 -1.7209 0.4906 1307.2047 0.0011 -0.0001 1.0000
0.9546 1.5992 -296.3882 -1.6284 0.3676 1257.6106 0.0009 -0.0002 1.0000
0.6918 1.3254 -178.0747 -1.4946 0.2593 1156.2941 0.0006 -0.0002 1.0000
1.1132 1.8338 -381.7949 -1.7878 0.4628 1378.7736 0.0012 -0.0001 1.0000
1.0598 1.6079 -349.0436 -1.6348 0.3246 1295.8498 0.0011 -0.0004 1.0000
1.0890 1.7817 -394.6390 -1.7430 0.4418 1350.0931 0.0011 -0.0001 1.0000
0.9313 1.6820 -354.8220 -1.6830 0.3989 1291.4051 0.0009 -0.0001 1.0000
0.8877 1.6291 -348.7731 -1.6781 0.3976 1277.1670 0.0008 -0.0001 1.0000
0.9116 1.6457 -380.5902 -1.6690 0.4669 1250.4910 0.0008 -0.0001 1.0000
0.8505 1.6994 -396.9580 -1.6734 0.5018 1231.8496 0.0006 0.0000 1.0000
1.0365 1.6452 -448.5077 -1.6792 0.5169 1257.1419 0.0009 -0.0002 1.0000
1.2240 1.9096 -576.1286 -1.8355 0.5983 1371.8816 0.0012 -0.0000 1.0000
0.9286 1.5530 -437.9227 -1.6266 0.4907 1198.6721 0.0007 -0.0001 1.0000
1.2397 1.7902 -613.0642 -1.7293 0.5582 1287.4045 0.0011 -0.0002 1.0000
1.0896 1.7461 -580.8918 -1.6830 0.6460 1203.6994 0.0008 -0.0000 1.0000
1.3810 1.9215 -725.7502 -1.7942 0.7442 1293.6906 0.0012 -0.0001 1.0000
1.4099 1.9124 -758.6754 -1.7572 0.7786 1251.3358 0.0012 -0.0002 1.0000
1.5934 2.1468 -895.4522 -1.8851 0.8295 1348.4940 0.0014 -0.0001 1.0000
1.5514 1.9414 -850.7819 -1.7801 0.7274 1286.1788 0.0014 -0.0003 1.0000
1.6214 1.9847 -894.7171 -1.8198 0.8156 1295.3477 0.0014 -0.0002 1.0000
1.6337 2.0446 -937.5930 -1.8054 0.8713 1263.7950 0.0013 -0.0002 1.0000
1.7665 2.2671 -1053.5501 -1.9106 1.0447 1300.9177 0.0014 -0.0000 1.0000
1.8339 2.2457 -1074.1836 -1.9338 1.1388 1298.6168 0.0015 0.0001 1.0000
2.1709 2.5431 -1277.5915 -2.1260 1.2901 1421.4180 0.0019 0.0001 1.0000
1.7404 2.0241 -1033.0227 -1.7767 0.9755 1204.3232 0.0013 -0.0002 1.0000
1.7868 2.1353 -1081.9577 -1.8932 1.0490 1269.9807 0.0013 -0.0000 1.0000
1.9225 2.0471 -1121.2718 -1.8117 1.0149 1236.6402 0.0016 -0.0004 1.0000
1.6737 1.8803 -1011.2127 -1.7007 0.8810 1161.7453 0.0012 -0.0003 1.0000
1.7552 1.9768 -1072.0771 -1.8035 1.0110 1209.2862 0.0013 -0.0002 1.0000
2.1709 2.4033 -1347.4907 -2.0036 1.4188 1288.3288 0.0017 0.0000 1.0000
2.2621 2.5969 -1446.8507 -2.1277 1.4656 1370.3760 0.0017 0.0003 1.0000
2.1787 2.4256 -1385.6788 -1.9559 1.4446 1247.5181 0.0016 0.0001 1.0000
2.1480 2.2388 -1325.6837 -1.9605 1.1935 1319.5643 0.0017 -0.0001 1.0000
2.0832 2.1496 -1295.2685 -1.8787 1.2779 1232.6236 0.0016 -0.0001 1.0000
2.9082 3.0301 -1861.4540 -2.3372 1.8742 1487.6825 0.0025 0.0002 1.0000
2.9982 3.2197 -1975.8193 -2.4557 2.0626 1529.6734 0.0025 0.0005 1.0000
3.3932 3.3835 -2188.7310 -2.6049 2.2691 1623.6709 0.0031 0.0004 1.0000
2.7143 2.6879 -1765.8524 -2.1779 1.7547 1377.0956 0.0023 0.0001 1.0000
2.7512 2.8101 -1849.9203 -2.2146 1.8142 1383.4228 0.0021 0.0003 1.0000
2.3920 2.3961 -1613.3393 -1.9992 1.4685 1284.5603 0.0017 0.0001 1.0000
2.3444 2.2274 -1564.7590 -1.8644 1.4478 1187.0495 0.0017 -0.0002 1.0000
3.1945 3.0121 -2162.7856 -2.3163 2.0536 1434.0047 0.0027 0.0002 1.0000
3.4203 3.2916 -2380.0125 -2.4568 2.3373 1462.8017 0.0027 0.0005 1.0000
3.3761 3.1840 -2366.1925 -2.4160 2.3458 1424.0202 0.0026 0.0005 1.0000
4.1589 3.6672 -2870.6715 -2.7521 3.0624 1547.7516 0.0034 0.0008 1.0000
4.7315 4.0137 -3267.4904 -2.8819 3.0934 1696.1107 0.0042 0.0005 1.0000
2.1775 1.6594 -1452.9375 -1.4096 1.3731 854.7110 0.0016 -0.0007 1.0000
-5.2273 -4.8769 3863.6910 2.6501 -3.7520 -1371.4492 -0.0056 -0.0044 1.0000
1.0000 0.0000 0.0000 0.0000 1.0000 0.0000 0.0000 0.0000 1.0000
1.0000 0.0000 0.0000 0.0000 1.0000 0.0000 0.0000 0.0000 1.0000
1.0000 0.0000 0.0000 0.0000 1.0000 0.0000 0.0000 0.0000 1.0000
1.0000 0.0000 0.0000 0.0000 1.0000 0.0000 0.0000 0.0000 1.0000
1.0000 0.0000 0.0000 0.0000 1.0000 0.0000 0.0000 0.0000 1.0000
1.0000 0.0000 0.0000 0.0000 1.0000 0.0000 0.0000 0.0000 1.0000
1.0000 0.0000 0.0000 0.0000 1.0000 0.0000 0.0000 0.0000 1.0000
1.0000 0.0000 0.0000 0.0000 1.0000 0.0000 0.0000 0.0000 1.0000
1.0000 0.0000 0.0000 0.0000 1.0000 0.0000 0.0000 0.0000 1.0000
1.0000 0.0000 0.0000 0.0000 1.0000 0.0000 0.0000 0.0000 1.0000
1.0000 0.0000 0.0000 0.0000 1.0000 0.0000 0.0000 0.0000 1.0000
1.0000 0.0000 0.0000 0.0000 1.0000 0.0000 0.0000 0.0000 1.0000
1.0000 0.0000 0.0000 0.0000 1.0000 0.0000 0.0000 0.0000 1.0000
1.0000 0.0000 0.0000 0.0000 1.0000 0.0000 0.0000 0.0000 1.0000
1.0000 0.0000 0.0000 0.0000 1.0000 0.0000 0.0000 0.0000 1.0000
1.0000 0.0000 0.0000 0.0000 1.0000 0.0000 0.0000 0.0000 1.0000
1.0000 0.0000 0.0000 0.0000 1.0000 0.0000 0.0000 0.0000 1.0000
1.0000 0.0000 0.0000 0.0000 1.0000 0.0000 0.0000 0.0000 1.0000
1.0000 0.0000 0.0000 0.0000 1.0000 0.0000 0.0000 0.0000 1.0000
1.0000 0.0000 0.0000 0.0000 1.0000 0.0000 0.0000 0.0000 1.0000
1.0000 0.0000 0.0000 0.0000 1.0000 0.0000 0.0000 0.0000 1.0000
1.0000 0.0000 0.0000 0.0000 1.0000 0.0000 0.0000 0.0000 1.0000
1.0000 0.0000 0.0000 0.0000 1.0000 0.0000 0.0000 0.0000 1.0000
1.0000 0.0000 0.0000 0.0000 1.0000 0.0000 0.0000 0.0000 1.0000
1.0000 0.0000 0.0000 0.0000 1.0000 0.0000 0.0000 0.0000 1.0000
1.0000 0.0000 0.0000 0.0000 1.0000 0.0000 0.0000 0.0000 1.0000
4.5923 -0.8384 -1437.3476 1.8949 2.6874 -1156.2055 0.0028 -0.0007 1.0000
5.0448 -0.8913 -1507.2794 2.0781 2.8398 -1239.1147 0.0031 -0.0008 1.0000
6.3333 -1.0851 -1830.1447 2.6751 3.4691 -1583.9001 0.0043 -0.0011 1.0000
5.3555 -0.9075 -1465.9985 2.2009 3.0938 -1326.3443 0.0033 -0.0006 1.0000
5.2682 -0.9127 -1369.7572 2.1182 2.8926 -1235.9387 0.0032 -0.0007 1.0000
4.7999 -0.9401 -1149.3969 1.8728 2.4376 -1035.8622 0.0029 -0.0010 1.0000
4.7989 -0.9187 -1111.2128 1.8412 2.4248 -1013.6516 0.0028 -0.0010 1.0000
4.1800 -0.8119 -921.2726 1.5642 2.2131 -878.5217 0.0023 -0.0008 1.0000
4.5095 -0.7613 -1007.9930 1.6533 2.3554 -914.8783 0.0024 -0.0007 1.0000
4.4982 -0.7879 -975.8624 1.6600 2.3421 -908.5219 0.0024 -0.0008 1.0000
4.3145 -0.7005 -936.2975 1.5704 2.2287 -844.1491 0.0023 -0.0007 1.0000
4.4204 -0.8022 -930.5631 1.5690 2.1094 -787.4051 0.0024 -0.0009 1.0000
3.6292 -0.6547 -719.9801 1.2541 1.9487 -654.7481 0.0018 -0.0007 1.0000
4.1464 -0.7304 -859.9149 1.4095 1.9515 -668.5115 0.0022 -0.0010 1.0000
4.8226 -0.7495 -1054.4432 1.6195 2.2251 -760.0013 0.0027 -0.0010 1.0000
3.5631 -0.5246 -730.0772 1.0926 1.8065 -499.3185 0.0017 -0.0007 1.0000
4.6156 -0.6713 -996.3477 1.4340 2.1413 -633.7680 0.0025 -0.0010 1.0000
4.2029 -0.6070 -886.4201 1.2079 1.9182 -491.4177 0.0022 -0.0010 1.0000
3.6501 -0.3563 -789.4563 0.9113 1.7959 -357.8371 0.0017 -0.0007 1.0000
4.9678 -0.4385 -1149.5384 1.2942 2.2109 -499.8461 0.0027 -0.0011 1.0000
4.0386 -0.3397 -906.4052 0.8891 1.7717 -290.4485 0.0020 -0.0011 1.0000
4.4484 -0.2332 -1041.1575 0.8571 1.9578 -264.9016 0.0023 -0.0010 1.0000
3.2915 -0.1271 -730.7756 0.4211 1.4836 -56.0398 0.0015 -0.0009 1.0000
5.3452 0.1714 -1387.9888 0.7339 2.4262 -211.0919 0.0029 -0.0009 1.0000
4.7498 0.1672 -1222.8782 0.4928 2.0449 -82.7352 0.0025 -0.0010 1.0000
3.6580 0.3206 -933.3063 0.0795 1.6175 117.4539 0.0017 -0.0007 1.0000
4.0499 0.3796 -1052.4251 0.0377 1.7645 123.9966 0.0020 -0.0009 1.0000
4.4312 0.6008 -1205.6564 -0.0620 1.9323 163.3363 0.0023 -0.0008 1.0000
4.1320 0.4136 -1073.3090 -0.1479 1.6953 204.2104 0.0022 -0.0011 1.0000
5.6164 0.9645 -1629.5515 -0.2417 2.3164 233.3854 0.0032 -0.0009 1.0000
4.6245 0.5201 -1246.9570 -0.3224 1.6827 292.2709 0.0026 -0.0013 1.0000
3.9339 0.6961 -1071.9538 -0.4727 1.7182 292.0835 0.0020 -0.0009 1.0000
5.3688 1.0665 -1576.7584 -0.5852 2.1402 359.4696 0.0031 -0.0010 1.0000
5.9877 1.2320 -1786.6905 -0.7240 2.3262 426.4953 0.0036 -0.0011 1.0000
3.7145 0.6997 -1013.8087 -0.6632 1.4346 422.3251 0.0020 -0.0010 1.0000
3.4784 0.9547 -1003.0655 -0.7379 1.6442 396.8765 0.0017 -0.0006 1.0000
4.1318 1.0241 -1223.8067 -0.7331 1.7511 422.9615 0.0022 -0.0008 1.0000
6.3475 1.3476 -1944.8884 -0.7256 2.4921 436.7877 0.0039 -0.0011 1.0000
4.0387 0.9055 -1171.3475 -0.6300 1.7447 398.2766 0.0022 -0.0008 1.0000
5.0047 0.9649 -1482.6649 -0.5081 1.9341 400.5462 0.0030 -0.0011 1.0000
5.3669 0.8375 -1581.1318 -0.2956 2.0847 293.6456 0.0033 -0.0013 1.0000
4.9348 0.7151 -1448.7076 -0.2027 1.8584 286.2474 0.0029 -0.0013 1.0000
5.1151 0.7645 -1511.7223 -0.0564 2.1728 183.3011 0.0029 -0.0010 1.0000
8.2080 1.0643 -2523.8659 0.4689 3.3064 -5.4206 0.0052 -0.0013 1.0000
3.8719 0.2316 -1030.8506 0.1009 1.5761 148.5845 0.0020 -0.0011 1.0000
5.8279 0.3918 -1675.4620 0.6152 2.3626 -74.6831 0.0035 -0.0013 1.0000
5.9941 0.3367 -1700.8187 0.8032 2.5560 -179.3329 0.0035 -0.0011 1.0000
5.0464 0.0139 -1348.3209 0.8188 2.0757 -188.7234 0.0029 -0.0013 1.0000
5.9630 0.0007 -1620.5007 1.1760 2.3984 -329.2212 0.0036 -0.0013 1.0000
5.1180 -0.2550 -1309.7149 1.1192 1.9374 -300.6746 0.0030 -0.0015 1.0000
4.2129 -0.1212 -1060.7225 0.9218 1.9624 -312.8334 0.0022 -0.0010 1.0000
5.0442 -0.4573 -1222.2100 1.3648 2.0973 -491.6427 0.0029 -0.0015 1.0000
4.9366 -0.4074 -1190.7611 1.4054 2.1855 -550.7361 0.0028 -0.0013 1.0000
4.0816 -0.4680 -911.5365 1.1464 1.8178 -426.0008 0.0022 -0.0011 1.0000
4.8483 -0.4478 -1134.2987 1.4786 2.3502 -646.7887 0.0026 -0.0010 1.0000
5.0410 -0.5676 -1159.3303 1.6015 2.2997 -682.1207 0.0028 -0.0011 1.0000
5.7371 -0.5176 -1391.0444 1.8632 2.5182 -795.0602 0.0033 -0.0012 1.0000
4.5319 -0.5670 -1019.1095 1.4725 2.1011 -642.5760 0.0024 -0.0011 1.0000
4.7563 -0.4743 -1100.7459 1.5483 2.3074 -705.5286 0.0025 -0.0009 1.0000
3.6924 -0.5307 -776.6345 1.1617 1.7482 -492.9813 0.0018 -0.0009 1.0000
5.2694 -0.6128 -1237.5285 1.8083 2.4071 -823.9712 0.0030 -0.0011 1.0000
4.2030 -0.5923 -927.9691 1.4225 2.0311 -653.8375 0.0022 -0.0010 1.0000
5.1925 -0.7041 -1199.3916 1.8020 2.3750 -825.8445 0.0029 -0.0012 1.0000
5.1008 -0.7825 -1175.3291 1.8152 2.2104 -818.1692 0.0030 -0.0014 1.0000
4.6144 -0.5037 -1096.7350 1.5862 2.3107 -766.8983 0.0024 -0.0008 1.0000
3.8889 -0.5846 -865.5783 1.3246 1.9483 -627.6054 0.0020 -0.0009 1.0000
4.7642 -0.6884 -1131.1475 1.7283 2.2396 -826.5123 0.0027 -0.0012 1.0000
7.1847 -0.8803 -1833.1102 2.7455 3.2983 -1348.5217 0.0045 -0.0014 1.0000
4.6816 -0.7620 -1105.0897 1.7587 2.3058 -872.6427 0.0027 -0.0011 1.0000
5.4729 -0.7802 -1381.6023 2.1079 2.5566 -1042.8905 0.0033 -0.0013 1.0000
5.3449 -0.9390 -1310.2805 2.1104 2.4469 -1035.0793 0.0033 -0.0015 1.0000
4.9109 -0.7491 -1243.1901 1.9196 2.3438 -957.7975 0.0029 -0.0012 1.0000
4.7648 -0.6889 -1236.2124 1.8931 2.3584 -969.4134 0.0028 -0.0011 1.0000
5.4997 -0.8581 -1444.8546 2.2711 2.6675 -1175.9048 0.0035 -0.0014 1.0000
4.7941 -0.8871 -1226.7888 1.9693 2.2642 -994.6600 0.0030 -0.0014 1.0000
6.9549 -1.0239 -1904.5434 2.9928 3.4281 -1589.0815 0.0046 -0.0013 1.0000
5.7751 -0.9407 -1564.9399 2.5275 2.9003 -1356.7863 0.0038 -0.0015 1.0000
6.5176 -0.8456 -1858.1390 2.8742 3.4373 -1591.5172 0.0043 -0.0012 1.0000
5.0555 -0.9549 -1345.1206 2.2517 2.6029 -1214.5348 0.0033 -0.0014 1.0000
5.8702 -1.0413 -1603.2169 2.6488 2.9168 -1407.7441 0.0040 -0.0015 1.0000
5.6215 -0.8961 -1571.4116 2.5494 2.9590 -1399.9360 0.0037 -0.0012 1.0000
6.1540 -0.9708 -1726.4239 2.8306 3.2248 -1548.7098 0.0042 -0.0013 1.0000
5.5492 -0.9630 -1538.6008 2.5619 2.8683 -1381.5428 0.0037 -0.0013 1.0000
6.8763 -1.1832 -1940.3233 3.2520 3.2067 -1689.1329 0.0050 -0.0020 1.0000
7.9535 -1.3275 -2242.9824 3.8166 3.8632 -2014.1773 0.0059 -0.0019 1.0000
5.8008 -1.0302 -1613.0852 2.7314 2.8979 -1448.0750 0.0040 -0.0016 1.0000
5.7802 -0.9061 -1629.3854 2.7426 3.1276 -1506.4276 0.0038 -0.0012 1.0000
4.7772 -0.7681 -1327.2510 2.2086 2.5124 -1178.3739 0.0030 -0.0011 1.0000
4.4574 -0.9184 -1166.0765 2.0846 2.2402 -1076.9278 0.0029 -0.0014 1.0000
5.9685 -0.8761 -1666.8155 2.8333 3.2851 -1556.5833 0.0039 -0.0010 1.0000
6.4001 -1.1583 -1710.3714 3.0335 3.2663 -1596.9304 0.0044 -0.0014 1.0000
5.1569 -0.9022 -1362.5912 2.4104 2.7796 -1292.9269 0.0033 -0.0011 1.0000
4.7419 -0.7672 -1261.4361 2.1454 2.5106 -1128.8589 0.0029 -0.0010 1.0000
6.1584 -1.0892 -1628.4120 2.8431 2.8923 -1425.0274 0.0043 -0.0016 1.0000
5.5208 -1.0674 -1414.1695 2.5362 2.5538 -1255.7250 0.0038 -0.0017 1.0000
5.9715 -0.9906 -1571.2238 2.6989 3.0974 -1429.1893 0.0040 -0.0013 1.0000
7.9442 -0.9266 -2240.1024 3.5370 4.0020 -1873.9143 0.0056 -0.0016 1.0000
7.0458 -0.8683 -1961.3207 3.0459 3.4701 -1591.0015 0.0048 -0.0016 1.0000
4.4373 -0.5005 -1210.8864 1.7220 2.2754 -888.7845 0.0026 -0.0010 1.0000
7.3229 -0.5862 -2112.8967 2.8826 3.8519 -1571.7159 0.0048 -0.0010 1.0000
6.9315 -0.7229 -1952.0241 2.6243 3.3012 -1350.7267 0.0047 -0.0015 1.0000
4.7021 -0.5212 -1279.0230 1.5760 2.2759 -786.9654 0.0028 -0.0011 1.0000
5.7457 -0.4746 -1630.7801 1.8629 2.7687 -949.7642 0.0036 -0.0013 1.0000
4.8586 -0.3879 -1371.8828 1.4430 2.3757 -738.4807 0.0029 -0.0012 1.0000
4.9356 -0.1161 -1484.4020 1.3031 2.3995 -664.6444 0.0029 -0.0010 1.0000
5.9002 0.0296 -1829.4370 1.4755 3.0322 -817.1391 0.0036 -0.0009 1.0000
6.0621 0.0407 -1896.1378 1.3723 2.7896 -691.1448 0.0039 -0.0013 1.0000
7.0297 0.3691 -2309.0139 1.4294 3.3434 -766.3561 0.0046 -0.0012 1.0000
5.4265 0.4540 -1820.2665 0.8586 2.6108 -453.3522 0.0033 -0.0011 1.0000
8.1454 0.9668 -2843.7727 1.0757 3.8175 -566.5764 0.0053 -0.0008 1.0000
5.6850 0.6632 -1960.4091 0.5710 2.6990 -301.7784 0.0035 -0.0011 1.0000
6.7059 0.9115 -2355.8017 0.5425 3.1262 -289.2820 0.0044 -0.0013 1.0000
5.0127 0.9299 -1801.6498 0.0966 2.3668 -16.6586 0.0030 -0.0009 1.0000
5.3532 1.1127 -1950.6686 -0.0482 2.4154 91.8149 0.0033 -0.0009 1.0000
4.5446 0.6915 -1566.3594 -0.1322 1.7638 212.2306 0.0030 -0.0015 1.0000
6.9236 1.9279 -2673.2501 -0.3989 3.0665 304.5988 0.0046 -0.0008 1.0000
5.9679 1.7474 -2314.3004 -0.4893 2.5808 367.9380 0.0040 -0.0011 1.0000
4.9817 1.1961 -1807.7260 -0.6172 1.8022 541.0025 0.0035 -0.0014 1.0000
6.0313 2.0791 -2371.1562 -0.9447 2.4513 696.3944 0.0042 -0.0010 1.0000
5.8229 1.9417 -2233.6154 -1.0342 2.3114 771.7964 0.0043 -0.0011 1.0000
4.5392 1.6990 -1763.4152 -1.0639 1.6260 823.1119 0.0032 -0.0011 1.0000
5.8746 2.3449 -2334.1811 -1.3699 1.9883 1074.5501 0.0045 -0.0012 1.0000
6.5688 2.9928 -2697.7569 -1.6925 2.4237 1233.9186 0.0051 -0.0010 1.0000
3.4620 1.6244 -1355.1310 -1.3070 1.1451 981.6991 0.0024 -0.0009 1.0000
3.9416 1.9671 -1581.9582 -1.4990 1.3404 1094.4530 0.0029 -0.0009 1.0000
3.9205 1.7181 -1497.8166 -1.4444 1.1995 1083.4847 0.0030 -0.0012 1.0000
4.7075 2.4351 -1926.4825 -1.8013 1.5234 1290.0690 0.0037 -0.0010 1.0000
5.2219 2.7838 -2159.9248 -1.9945 1.7798 1383.3239 0.0042 -0.0009 1.0000
4.3302 2.2974 -1782.1329 -1.7356 1.3645 1217.7256 0.0033 -0.0010 1.0000
4.1118 2.1893 -1669.2023 -1.7120 1.4275 1155.9560 0.0031 -0.0008 1.0000
4.6373 2.3289 -1883.7258 -1.7562 1.5785 1169.7238 0.0035 -0.0009 1.0000
4.3308 2.0175 -1703.3681 -1.5727 1.5855 1010.8687 0.0032 -0.0009 1.0000
4.1150 1.7687 -1579.6336 -1.4091 1.4539 918.0918 0.0029 -0.0009 1.0000
5.6869 2.0715 -2151.1330 -1.4900 1.9541 958.5767 0.0044 -0.0013 1.0000
5.1377 1.6689 -1876.4203 -1.2816 1.7722 827.1854 0.0038 -0.0012 1.0000
5.0134 1.7648 -1879.5039 -1.0720 2.1340 591.0595 0.0034 -0.0009 1.0000
4.9819 1.3171 -1766.2672 -0.8896 1.8921 531.0612 0.0034 -0.0013 1.0000
4.8175 1.4256 -1749.1712 -0.7710 2.1597 376.7774 0.0031 -0.0008 1.0000
5.2188 1.0461 -1791.4825 -0.4998 2.1017 260.9963 0.0036 -0.0014 1.0000
4.5083 1.0900 -1590.8062 -0.4175 2.0623 169.9766 0.0027 -0.0008 1.0000
8.4430 2.0537 -3117.5347 -0.1404 4.0205 -159.1158 0.0058 -0.0007 1.0000
8.0273 1.8520 -2948.1516 0.0022 3.9645 -258.9284 0.0053 -0.0005 1.0000
5.4188 0.7599 -1847.0232 0.1145 2.4462 -162.3605 0.0035 -0.0011 1.0000
5.8137 0.9380 -2043.1955 0.3207 3.0140 -399.4994 0.0036 -0.0007 1.0000
6.5340 0.8508 -2286.3891 0.5778 3.1662 -534.5450 0.0042 -0.0009 1.0000
7.0880 0.5133 -2386.5352 0.9914 3.6406 -863.4678 0.0050 -0.0015 1.0000
8.8183 0.6243 -3035.8923 1.4122 4.4212 -1182.6020 0.0063 -0.0014 1.0000
7.0974 0.8486 -2551.3569 1.2322 4.1525 -1153.9949 0.0045 -0.0003 1.0000
13.6896 1.0569 -4875.5724 2.8848 7.0517 -2335.0300 0.0102 -0.0012 1.0000
5.9077 0.3356 -2033.1631 1.2869 3.3842 -1104.9142 0.0038 -0.0007 1.0000
5.9763 0.1315 -2020.6749 1.4259 3.2001 -1147.0596 0.0040 -0.0012 1.0000
5.1425 -0.0235 -1692.5504 1.2906 2.8186 -1036.2234 0.0033 -0.0010 1.0000
8.9853 0.3079 -3083.7832 2.5259 5.3187 -2085.8275 0.0062 -0.0002 1.0000
5.2845 -0.1462 -1690.8014 1.5014 2.8875 -1146.2421 0.0035 -0.0009 1.0000
5.5535 -0.3921 -1682.2652 1.6084 2.8479 -1155.8556 0.0037 -0.0009 1.0000
8.1093 -0.3054 -2554.2499 2.7253 4.5884 -2033.3579 0.0060 -0.0013 1.0000
7.1240 0.1242 -2322.1436 2.3339 4.0516 -1708.6647 0.0048 -0.0004 1.0000
4.3312 -0.4720 -1189.3354 1.4877 2.3662 -1011.8640 0.0028 -0.0012 1.0000
8.0223 -0.5277 -2313.3142 2.9047 4.2451 -1914.2918 0.0058 -0.0013 1.0000
7.7828 -0.2602 -2247.7470 2.8327 4.3149 -1851.0114 0.0053 -0.0005 1.0000
6.6939 -0.5892 -1795.1755 2.4940 3.2662 -1453.4690 0.0047 -0.0013 1.0000
7.8930 -0.4574 -2125.7674 3.0142 4.1418 -1784.5692 0.0054 -0.0006 1.0000
5.3363 -0.6419 -1292.1354 2.1099 2.7349 -1184.9102 0.0035 -0.0012 1.0000
4.7832 -0.3994 -1168.7224 1.8384 2.4415 -983.2792 0.0029 -0.0008 1.0000
4.3847 -0.5678 -994.0896 1.7437 2.2159 -905.6744 0.0026 -0.0011 1.0000
3.7658 -0.5535 -793.1419 1.4703 1.7766 -693.9889 0.0021 -0.0010 1.0000
4.5127 -0.6151 -976.4631 1.7787 2.0815 -827.5425 0.0027 -0.0011 1.0000
6.8655 -0.4174 -1683.3330 2.7603 3.3816 -1377.7553 0.0044 -0.0008 1.0000
5.8459 -0.7450 -1329.5045 2.3837 2.4322 -1063.5389 0.0038 -0.0015 1.0000
6.3030 -0.4794 -1470.5727 2.5031 3.0977 -1214.5994 0.0039 -0.0008 1.0000
5.2736 -0.2301 -1243.5027 2.0488 2.6577 -991.3183 0.0031 -0.0006 1.0000
4.7831 -0.2993 -1081.8263 1.8519 2.4347 -897.9716 0.0027 -0.0007 1.0000
4.2605 -0.7371 -833.1434 1.6022 1.6198 -637.1177 0.0026 -0.0015 1.0000
5.5965 -0.3210 -1287.1426 2.1480 2.7057 -1041.9064 0.0034 -0.0009 1.0000
4.6685 -0.5677 -963.4286 1.7368 2.0753 -781.2450 0.0028 -0.0011 1.0000
4.6816 -0.4533 -982.2936 1.7720 2.3322 -871.2916 0.0027 -0.0009 1.0000
5.0530 -0.6852 -1055.2658 1.8967 2.1558 -869.6893 0.0031 -0.0014 1.0000
9.8331 -0.2760 -2485.7580 3.9007 4.8899 -2100.7020 0.0065 -0.0010 1.0000
4.1106 -0.4966 -837.3125 1.5362 1.9496 -739.7855 0.0023 -0.0010 1.0000
4.6028 -0.4611 -984.0191 1.7371 2.2543 -871.6289 0.0027 -0.0010 1.0000
5.9629 -0.5733 -1376.8346 2.3095 2.5302 -1093.8417 0.0039 -0.0015 1.0000
5.2984 -0.5463 -1182.5408 2.0942 2.5178 -1040.8714 0.0033 -0.0012 1.0000
4.9878 -0.2220 -1195.5523 1.9368 2.6062 -1012.0780 0.0030 -0.0007 1.0000
6.1355 -0.7466 -1428.3590 2.5442 2.8278 -1263.4276 0.0042 -0.0016 1.0000
6.9219 -0.0694 -1840.8527 2.8962 3.9289 -1624.8427 0.0044 -0.0004 1.0000
8.2848 -0.2284 -2192.2435 3.6111 4.3431 -1918.5350 0.0059 -0.0009 1.0000
10.5105 -0.4837 -2948.9441 4.6330 4.8908 -2369.9855 0.0079 -0.0019 1.0000
8.2121 -0.2880 -2315.2628 3.6692 4.1531 -1923.1748 0.0059 -0.0013 1.0000
7.4503 -0.5655 -2042.8873 3.3905 3.7867 -1773.4441 0.0054 -0.0014 1.0000
7.0886 -0.5931 -1981.5405 3.2353 3.0366 -1535.9190 0.0054 -0.0021 1.0000
11.3276 -1.3535 -3124.0649 5.4976 4.7089 -2619.2473 0.0096 -0.0033 1.0000
6.7071 -0.5115 -1929.2308 3.2123 3.2455 -1618.8333 0.0051 -0.0017 1.0000
8.0645 -0.4802 -2378.3838 3.9716 4.5140 -2167.9100 0.0062 -0.0013 1.0000
9.5374 -0.4361 -2933.1748 4.7386 4.7761 -2468.3530 0.0077 -0.0019 1.0000
10.1219 -0.7414 -3057.2526 5.1048 4.9848 -2644.8148 0.0084 -0.0025 1.0000
9.5997 -0.8136 -2863.5474 4.9641 5.1380 -2673.6850 0.0079 -0.0021 1.0000
9.9789 -0.8143 -3020.6002 5.1211 4.8994 -2652.4226 0.0085 -0.0027 1.0000
13.4458 -0.5198 -4281.2222 6.7816 7.4010 -3764.0951 0.0112 -0.0018 1.0000
8.1589 -0.2553 -2591.6969 4.0751 4.4259 -2224.9843 0.0065 -0.0016 1.0000
21.4051 -0.5399 -6952.2479 10.6006 10.3820 -5569.6935 0.0190 -0.0038 1.0000
10.5507 -0.4852 -3336.4314 5.2282 5.5667 -2877.5697 0.0088 -0.0023 1.0000
8.7829 -0.3010 -2797.7754 4.2121 4.4425 -2243.0838 0.0071 -0.0018 1.0000
8.8897 0.1214 -2938.2766 4.2055 5.0766 -2415.4842 0.0068 -0.0010 1.0000
16.0723 0.2775 -5353.0437 7.6583 9.1397 -4464.7766 0.0133 -0.0014 1.0000
16.0693 0.7380 -5487.8845 7.3879 8.7336 -4228.0403 0.0132 -0.0016 1.0000
13.9653 -0.2743 -4476.2424 6.3703 6.7658 -3417.3553 0.0119 -0.0027 1.0000
13.9653 -0.2743 -4476.2424 6.3703 6.7658 -3417.3553 0.0119 -0.0027 1.0000
7.3295 -0.1325 -2314.8255 3.2361 3.8296 -1792.7768 0.0057 -0.0015 1.0000
6.5585 -0.2372 -2028.4601 2.8442 3.2009 -1519.7142 0.0051 -0.0019 1.0000
17.0383 0.4411 -5711.9522 7.6327 8.1733 -4180.6068 0.0146 -0.0035 1.0000
7.1974 0.1179 -2334.5847 3.1449 3.7506 -1760.3255 0.0055 -0.0016 1.0000
10.4387 0.3466 -3463.1592 4.5854 5.6286 -2653.1788 0.0083 -0.0016 1.0000
6.8580 -0.1038 -2150.3128 2.9766 3.4806 -1641.1930 0.0053 -0.0017 1.0000
13.1230 0.2616 -4338.9882 5.8703 6.6664 -3307.8080 0.0108 -0.0023 1.0000
13.4774 0.2116 -4422.8578 6.1375 6.9119 -3451.3191 0.0112 -0.0023 1.0000
21.2362 0.7928 -7163.7410 9.7455 10.4351 -5354.0336 0.0181 -0.0029 1.0000
10.4309 -0.2705 -3305.0466 4.8493 4.6693 -2513.1706 0.0090 -0.0031 1.0000
26.2986 0.1461 -8679.0542 12.5791 12.4409 -6766.1748 0.0237 -0.0054 1.0000
17.4616 0.2310 -5741.1507 8.4285 9.1141 -4699.2466 0.0151 -0.0027 1.0000
7.8519 -0.0426 -2505.9810 3.8396 4.2935 -2147.9524 0.0063 -0.0017 1.0000
6.2638 -0.3533 -1913.3632 3.0415 2.6791 -1482.6968 0.0052 -0.0026 1.0000
11.7456 0.0894 -3820.3506 5.8571 6.0888 -3170.3804 0.0100 -0.0022 1.0000
16.9112 0.4431 -5666.5985 8.6744 8.3613 -4617.3160 0.0150 -0.0035 1.0000
9.3187 -0.2636 -2934.1836 4.8219 4.4827 -2469.2495 0.0080 -0.0025 1.0000
8.4445 -0.3412 -2601.8387 4.5137 4.2898 -2356.4235 0.0072 -0.0023 1.0000
13.6396 0.0164 -4438.7007 7.4147 7.1577 -3969.2765 0.0119 -0.0028 1.0000
9.8830 -0.7104 -2939.9601 5.3546 4.6390 -2660.5631 0.0088 -0.0028 1.0000
7.7477 0.0315 -2459.0490 4.1663 4.2367 -2196.6713 0.0062 -0.0015 1.0000
9.4599 -0.0877 -2971.9853 5.2484 4.9730 -2718.1556 0.0081 -0.0021 1.0000
12.8441 -0.1811 -4056.8278 7.2834 6.6730 -3772.5513 0.0113 -0.0028 1.0000
10.3851 -0.2991 -3200.7164 5.8017 5.0671 -2874.1698 0.0091 -0.0027 1.0000
20.2647 -0.6008 -6325.7625 11.5954 9.0462 -5593.3654 0.0188 -0.0054 1.0000
6.5960 -0.3037 -1962.3018 3.7176 3.2295 -1808.2549 0.0055 -0.0022 1.0000
8.6824 0.0720 -2712.1876 4.9074 4.8683 -2558.1736 0.0071 -0.0016 1.0000
10.1550 0.0312 -3173.1321 5.7535 5.1662 -2872.2571 0.0086 -0.0023 1.0000
7.6604 -0.6263 -2162.5511 4.4164 3.5662 -2095.1840 0.0066 -0.0028 1.0000
14.6107 0.0074 -4511.0874 8.4650 7.8117 -4339.6634 0.0126 -0.0024 1.0000
15.5020 -0.2208 -4734.7983 8.8894 7.7304 -4419.5668 0.0136 -0.0032 1.0000
9.2945 -0.3335 -2711.7038 5.3222 4.8137 -2644.2087 0.0078 -0.0021 1.0000
20.9236 0.3472 -6556.7846 12.0207 10.6739 -6044.9484 0.0182 -0.0032 1.0000
15.3621 -0.6223 -4549.5311 8.8730 6.7126 -4172.9188 0.0139 -0.0046 1.0000
7.3437 -0.3004 -2089.7958 4.1408 3.4667 -1942.0917 0.0060 -0.0021 1.0000
17.8764 0.4249 -5573.7103 10.0785 9.1058 -5043.7894 0.0152 -0.0027 1.0000
16.7884 -0.5377 -4988.9108 9.4249 7.0346 -4321.8181 0.0149 -0.0044 1.0000
20.3075 0.6445 -6376.4354 11.5948 10.8473 -5948.3146 0.0171 -0.0024 1.0000
14.7814 0.0418 -4500.8215 8.3700 7.2177 -4095.5853 0.0126 -0.0029 1.0000
11.1708 0.2940 -3471.9383 6.2735 5.6386 -3104.3943 0.0091 -0.0022 1.0000
19.8605 0.1121 -6146.0144 11.0509 8.7989 -5188.6144 0.0173 -0.0041 1.0000
10.4397 -0.1569 -3133.2982 5.8338 4.7936 -2755.3266 0.0087 -0.0028 1.0000
9.4451 -0.2052 -2803.5012 5.3150 4.4203 -2542.5435 0.0078 -0.0027 1.0000
7.0644 -0.1671 -2066.2811 3.8555 3.1727 -1767.5209 0.0056 -0.0021 1.0000
10.8520 -0.2056 -3238.9666 6.1136 4.9524 -2885.5420 0.0092 -0.0030 1.0000
16.0428 -0.2110 -4877.4880 9.1027 7.1077 -4288.2567 0.0140 -0.0041 1.0000
7.9031 -0.4022 -2269.0884 4.4127 3.4462 -2023.1090 0.0065 -0.0027 1.0000
7.9031 -0.4022 -2269.0884 4.4127 3.4462 -2023.1090 0.0065 -0.0027 1.0000
11.2956 -0.1717 -3451.7018 6.3493 4.8255 -2966.3657 0.0097 -0.0035 1.0000
11.4999 0.1483 -3592.8619 6.4120 5.3101 -3104.6506 0.0096 -0.0029 1.0000
16.2622 0.5651 -5203.9958 9.3016 8.1746 -4715.1568 0.0138 -0.0030 1.0000
7.5921 0.3184 -2410.9392 4.2392 3.9651 -2155.6339 0.0059 -0.0017 1.0000
53.8846 0.4678 -17156.4282 30.6480 22.2376 -14501.9795 0.0492 -0.0121 1.0000
12.9988 0.0139 -4023.6433 7.4678 6.3708 -3760.3588 0.0110 -0.0030 1.0000
8.5799 -0.0841 -2604.1808 4.8746 4.1060 -2406.2137 0.0070 -0.0023 1.0000
12.3982 -0.2593 -3799.2032 7.2178 5.3323 -3474.5039 0.0109 -0.0041 1.0000
13.5557 -0.0223 -4186.6360 7.9539 6.7105 -4073.6290 0.0116 -0.0032 1.0000
19.5318 -0.4098 -5953.8315 11.3804 8.5025 -5549.9375 0.0176 -0.0054 1.0000
18.4415 0.4637 -5813.3684 10.8087 9.3329 -5631.4895 0.0158 -0.0032 1.0000
13.7777 -0.6286 -4078.1515 8.1148 5.8240 -3923.3946 0.0122 -0.0045 1.0000
7.6527 -0.2106 -2212.2243 4.5305 3.9424 -2331.2572 0.0061 -0.0020 1.0000
9.2061 -0.3352 -2684.0096 5.5070 4.3119 -2761.4289 0.0077 -0.0028 1.0000
10.4885 -0.6607 -2970.0422 6.1925 4.5053 -3018.4489 0.0090 -0.0035 1.0000
20.7566 -0.2915 -6236.4772 12.4016 9.9060 -6419.9212 0.0180 -0.0045 1.0000
17.2989 -0.8805 -4968.0997 10.3405 7.9058 -5271.7201 0.0152 -0.0048 1.0000
13.5076 -0.9548 -3735.6306 8.1026 6.1234 -4106.4907 0.0117 -0.0039 1.0000
11.5413 -1.3746 -2995.7588 6.9281 4.6419 -3344.2007 0.0102 -0.0044 1.0000
7.5073 -0.4397 -1976.6705 4.5512 4.0591 -2451.4941 0.0058 -0.0018 1.0000
81.2388 -0.5837 -23786.6495 48.7892 40.3174 -26278.8690 0.0704 -0.0119 1.0000
9.5763 -0.5695 -2526.7813 5.6149 4.3554 -2845.1860 0.0077 -0.0026 1.0000
11.7478 -0.7444 -3062.8369 6.9352 5.7007 -3652.6704 0.0094 -0.0025 1.0000
759.1145 6.3306 -218401.6458 444.2483 375.8180 -240154.5192 0.6308 -0.0386 1.0000
12.3480 -1.3144 -3103.1742 7.0649 4.8281 -3464.3591 0.0102 -0.0041 1.0000
14.5497 -0.9068 -3727.7074 8.2938 6.6746 -4331.4944 0.0116 -0.0030 1.0000
13.3553 -0.7561 -3447.8701 7.4943 5.8710 -3877.9445 0.0106 -0.0032 1.0000
11.2965 -1.2393 -2684.6213 6.2773 4.7265 -3188.6712 0.0089 -0.0031 1.0000
9.1685 -0.9401 -2117.3673 5.0869 4.1931 -2659.9603 0.0069 -0.0022 1.0000
9.5959 -1.2532 -2178.1529 5.1853 3.8308 -2597.8159 0.0074 -0.0030 1.0000
10.1838 -0.4426 -2504.9560 5.3993 4.7462 -2892.1917 0.0074 -0.0018 1.0000
6.9151 -0.8519 -1505.1445 3.6132 3.0016 -1872.9445 0.0049 -0.0021 1.0000
7.2363 -0.6971 -1619.7528 3.7507 3.2246 -1971.6458 0.0051 -0.0019 1.0000
7.9786 -0.8176 -1792.8208 4.1133 3.6287 -2215.0908 0.0056 -0.0020 1.0000
8.7887 -0.6567 -2075.7357 4.4089 3.8623 -2358.2622 0.0061 -0.0021 1.0000
8.8729 -0.6785 -2084.7100 4.4536 4.1468 -2467.4085 0.0062 -0.0020 1.0000
6.7063 -0.8331 -1463.8543 3.2813 2.8720 -1738.4890 0.0045 -0.0020 1.0000
