1.0000 0.0000 -0.0000 -0.0000 1.0000 0.0000 -0.0000 -0.0000 1.0000
1.0250 0.0032 -11.2837 0.0043 1.0081 -2.7378 0.0000 -0.0000 1.0000
0.9920 0.0089 -2.4193 -0.0057 0.9968 3.0145 -0.0000 0.0000 1.0000
0.9955 -0.0074 0.5592 -0.0041 0.9857 3.8244 -0.0000 -0.0000 1.0000
0.9957 -0.0092 1.8328 -0.0079 0.9849 7.3736 -0.0000 -0.0000 1.0000
0.9972 -0.0142 1.9818 -0.0080 0.9830 6.8737 -0.0000 -0.0000 1.0000
1.0151 0.0021 -7.7607 -0.0066 1.0030 4.2120 0.0000 -0.0000 1.0000
1.0052 -0.0025 -2.1025 -0.0035 0.9971 2.4012 -0.0000 -0.0000 1.0000
1.0151 0.0028 -5.8206 -0.0018 1.0083 1.5120 0.0000 0.0000 1.0000
1.0059 -0.0052 -3.1492 -0.0049 0.9951 4.6642 -0.0000 -0.0000 1.0000
1.0110 0.0053 -6.8857 -0.0031 1.0054 0.0573 -0.0000 0.0000 1.0000
0.9814 -0.0087 5.8070 -0.0094 0.9782 8.0912 -0.0000 -0.0000 1.0000
1.0312 0.0019 -11.2644 -0.0025 1.0164 0.6218 0.0000 0.0000 1.0000
1.0074 -0.0029 -2.0778 0.0026 0.9951 0.9811 -0.0000 -0.0000 1.0000
1.0096 0.0052 -6.8359 -0.0058 0.9986 4.9083 -0.0000 -0.0000 1.0000
1.0142 -0.0006 -7.4840 -0.0070 1.0000 4.6151 -0.0000 -0.0000 1.0000
1.0251 -0.0017 -8.1113 -0.0003 1.0091 0.6988 0.0000 -0.0000 1.0000
1.0000 -0.0131 3.3926 -0.0081 0.9864 8.5251 -0.0000 -0.0000 1.0000
1.0041 -0.0160 2.0775 -0.0008 0.9841 4.3518 0.0000 -0.0000 1.0000
1.0115 -0.0062 -3.8710 -0.0032 0.9891 6.1346 0.0000 -0.0000 1.0000
1.0075 -0.0037 -5.1052 -0.0023 0.9901 3.4854 -0.0000 -0.0000 1.0000
1.0085 -0.0077 -1.8886 -0.0023 0.9952 2.1131 -0.0000 -0.0000 1.0000
1.0043 -0.0159 1.1627 -0.0030 0.9865 3.7392 0.0000 -0.0000 1.0000
1.0096 -0.0039 -3.9772 -0.0058 0.9967 3.7699 -0.0000 -0.0000 1.0000
0.9872 0.0074 1.2146 -0.0093 0.9972 3.8286 -0.0000 0.0000 1.0000
0.9968 -0.0065 1.1919 -0.0045 0.9897 1.1359 -0.0000 -0.0000 1.0000
1.0343 -0.0003 -10.4728 0.0028 1.0143 -5.7485 0.0000 -0.0000 1.0000
1.0076 -0.0067 -1.7048 -0.0031 0.9989 -4.3325 -0.0000 -0.0000 1.0000
0.9844 -0.0145 7.2040 -0.0021 0.9776 -4.8400 -0.0000 -0.0000 1.0000
0.9954 -0.0112 2.0367 0.0024 0.9831 -13.5312 -0.0000 -0.0000 1.0000
1.0132 -0.0047 -2.5415 0.0047 1.0058 -22.7782 -0.0000 0.0000 1.0000
1.0257 -0.0001 -8.0555 0.0061 1.0174 -28.9316 0.0000 0.0000 1.0000
1.0215 -0.0082 -4.2830 0.0102 1.0096 -34.5782 0.0000 -0.0000 1.0000
1.0222 0.0025 -9.4015 0.0055 1.0181 -37.6926 -0.0000 0.0000 1.0000
1.0238 -0.0216 -1.5920 0.0125 0.9999 -41.8571 0.0000 -0.0000 1.0000
1.0196 -0.0007 -5.5441 0.0096 1.0112 -44.8411 0.0000 0.0000 1.0000
0.9874 0.0053 1.8857 -0.0029 1.0054 -42.7703 -0.0000 0.0000 1.0000
1.0403 -0.0035 -11.3096 0.0144 1.0222 -55.2074 0.0000 0.0000 1.0000
1.0160 -0.0004 -6.2294 0.0074 1.0122 -55.3781 -0.0000 0.0000 1.0000
1.0342 0.0057 -11.1372 0.0115 1.0271 -67.9960 0.0000 0.0000 1.0000
1.0330 0.0004 -11.5259 0.0090 1.0192 -73.8536 0.0000 0.0000 1.0000
1.0340 0.0086 -13.9836 0.0123 1.0297 -93.2309 0.0000 0.0000 1.0000
1.0231 0.0161 -17.2470 0.0070 1.0317 -104.7755 -0.0000 0.0000 1.0000
1.0010 0.0089 -10.7152 0.0015 1.0108 -108.9250 -0.0000 0.0000 1.0000
1.0481 0.0194 -27.8903 0.0117 1.0432 -131.5870 0.0000 0.0000 1.0000
1.0410 0.0212 -26.9273 0.0021 1.0421 -135.5138 0.0000 0.0000 1.0000
1.0415 0.0120 -26.4411 0.0071 1.0345 -141.5873 0.0000 0.0000 1.0000
1.0188 0.0035 -18.3382 0.0088 1.0151 -142.5363 -0.0000 0.0000 1.0000
1.0155 0.0011 -16.7593 0.0064 1.0161 -144.2445 -0.0000 0.0000 1.0000
1.0357 0.0165 -27.0554 0.0090 1.0336 -147.4277 0.0000 0.0000 1.0000
1.0109 0.0097 -18.0289 0.0044 1.0159 -143.0928 -0.0000 0.0000 1.0000
1.0300 0.0120 -24.1305 0.0085 1.0253 -148.6627 0.0000 0.0000 1.0000
1.0284 0.0138 -23.1731 0.0015 1.0331 -146.0310 0.0000 0.0000 1.0000
1.0386 0.0114 -25.9763 0.0094 1.0384 -151.2766 0.0000 0.0000 1.0000
1.0427 0.0119 -28.5858 0.0089 1.0291 -147.5149 0.0000 0.0000 1.0000
1.0550 0.0166 -31.4476 0.0153 1.0480 -156.2281 0.0000 0.0000 1.0000
1.0093 0.0009 -14.7246 0.0048 1.0065 -140.8355 -0.0000 0.0000 1.0000
1.0394 0.0160 -27.5446 0.0118 1.0392 -153.1270 0.0000 0.0000 1.0000
1.0127 0.0049 -15.6250 0.0112 1.0132 -148.1173 -0.0000 0.0000 1.0000
1.0087 -0.0032 -11.6649 0.0095 1.0061 -145.9255 -0.0000 0.0000 1.0000
1.0426 0.0115 -25.0650 0.0095 1.0380 -152.3311 0.0000 0.0000 1.0000
1.0375 0.0053 -22.2251 0.0127 1.0271 -153.9914 0.0000 0.0000 1.0000
0.9992 -0.0014 -11.1998 0.0066 1.0022 -147.5214 -0.0000 0.0000 1.0000
1.0284 0.0088 -21.6993 0.0084 1.0279 -155.9518 -0.0000 0.0000 1.0000
1.0187 0.0134 -17.8129 0.0093 1.0309 -161.1711 -0.0000 0.0000 1.0000
1.0345 0.0095 -23.2926 0.0119 1.0373 -164.9126 0.0000 0.0000 1.0000
1.0490 0.0240 -31.0847 0.0121 1.0442 -166.7924 0.0000 0.0000 1.0000
1.0419 0.0063 -21.8641 0.0093 1.0370 -166.0791 0.0000 0.0000 1.0000
1.0222 0.0090 -19.2075 0.0083 1.0237 -165.0935 -0.0000 0.0000 1.0000
1.0159 0.0157 -17.7846 0.0107 1.0269 -165.5119 -0.0000 0.0000 1.0000
1.0298 0.0255 -23.6503 0.0105 1.0390 -168.1039 -0.0000 0.0001 1.0000
1.0476 0.0185 -27.3955 0.0121 1.0449 -170.0989 0.0000 0.0000 1.0000
1.0247 0.0183 -22.4124 0.0085 1.0310 -164.2538 -0.0000 0.0000 1.0000
1.0054 0.0055 -10.0292 0.0027 1.0166 -157.4464 -0.0000 0.0000 1.0000
1.0275 0.0048 -17.0288 0.0115 1.0261 -163.9904 0.0000 0.0000 1.0000
1.0110 0.0067 -13.7393 0.0100 1.0126 -157.8976 -0.0000 0.0000 1.0000
1.0230 0.0085 -17.9199 0.0107 1.0250 -158.9486 -0.0000 0.0000 1.0000
1.0049 0.0034 -10.2092 0.0075 1.0158 -154.5905 -0.0000 0.0000 1.0000
1.0380 0.0089 -20.2881 0.0116 1.0353 -158.2569 0.0000 0.0000 1.0000
1.0607 0.0094 -26.3462 0.0180 1.0485 -161.0431 0.0000 0.0000 1.0000
1.0160 0.0092 -13.9238 0.0080 1.0202 -147.3605 -0.0000 0.0000 1.0000
1.0349 0.0022 -15.1430 0.0088 1.0254 -142.7840 0.0000 0.0000 1.0000
1.0283 -0.0029 -6.9901 0.0111 1.0210 -135.4495 0.0000 0.0000 1.0000
1.0383 0.0124 -13.0616 0.0121 1.0337 -126.6578 0.0000 0.0000 1.0000
1.0527 0.0229 -11.4954 0.0161 1.0488 -113.9376 0.0000 0.0000 1.0000
1.0020 -0.0003 17.7281 -0.0033 1.0041 -75.0048 -0.0000 0.0000 1.0000
1.0128 0.0081 24.0496 0.0051 1.0100 -56.2600 -0.0000 0.0000 1.0000
0.9938 0.0178 52.5454 -0.0193 1.0027 -7.8105 -0.0000 0.0000 1.0000
0.9875 0.0056 58.4532 -0.0181 0.9820 6.9301 -0.0000 -0.0000 1.0000
0.9532 0.0098 79.5874 -0.0387 0.9660 40.7816 -0.0000 -0.0000 1.0000
0.9694 0.0123 80.6754 -0.0392 0.9614 59.9158 -0.0000 -0.0000 1.0000
0.9523 0.0075 92.4244 -0.0510 0.9470 76.2350 -0.0000 -0.0000 1.0000
0.9424 0.0249 94.0389 -0.0582 0.9540 82.1752 -0.0000 -0.0000 1.0000
0.9310 0.0210 99.9012 -0.0742 0.9448 94.6435 -0.0000 -0.0000 1.0000
0.9717 0.0212 90.6661 -0.0688 0.9622 92.5864 -0.0000 -0.0001 1.0000
0.9610 0.0416 90.4066 -0.0727 0.9635 92.4799 -0.0000 -0.0000 1.0000
0.9519 0.0502 92.8880 -0.0824 0.9605 96.0166 -0.0000 -0.0000 1.0000
0.9710 0.0576 88.3058 -0.0834 0.9705 91.9353 -0.0000 -0.0000 1.0000
0.9348 0.0606 107.7142 -0.0829 0.9422 96.2891 -0.0000 -0.0000 1.0000
0.8934 0.0580 129.3848 -0.0875 0.9006 106.0442 -0.0000 -0.0000 1.0000
0.9327 0.0607 117.7527 -0.0777 0.9129 94.9787 -0.0000 -0.0000 1.0000
0.8721 0.0610 140.1110 -0.0882 0.8730 105.0236 -0.0000 -0.0000 1.0000
0.8427 0.0723 150.1205 -0.0940 0.8664 104.0381 -0.0000 0.0000 1.0000
0.8282 0.0529 157.9030 -0.0885 0.8344 106.3334 -0.0000 -0.0000 1.0000
0.8354 0.0585 157.0877 -0.0872 0.8404 101.1311 -0.0000 -0.0000 1.0000
0.8160 0.0618 168.6268 -0.0867 0.8219 105.7886 -0.0000 -0.0000 1.0000
0.8180 0.0574 168.9313 -0.0834 0.8247 97.1767 -0.0000 -0.0000 1.0000
0.8155 0.0606 168.4537 -0.0819 0.8257 90.0490 -0.0000 -0.0000 1.0000
0.8368 0.0692 159.5649 -0.0779 0.8440 80.9550 -0.0000 -0.0000 1.0000
0.8359 0.0572 160.1509 -0.0765 0.8316 77.9814 -0.0000 -0.0000 1.0000
0.8241 0.0649 160.2131 -0.0723 0.8403 68.6662 -0.0000 0.0000 1.0000
0.8334 0.0545 157.4416 -0.0688 0.8347 65.3947 -0.0000 -0.0000 1.0000
0.8347 0.0522 154.6698 -0.0625 0.8403 58.4382 -0.0000 -0.0000 1.0000
0.8411 0.0449 146.6859 -0.0527 0.8409 52.9996 -0.0000 -0.0000 1.0000
0.8212 0.0315 149.1175 -0.0516 0.8269 52.8973 -0.0000 -0.0000 1.0000
0.8607 0.0525 126.1105 -0.0383 0.8615 37.8639 -0.0000 0.0000 1.0000
0.8520 0.0310 125.3930 -0.0352 0.8516 30.6054 -0.0000 0.0000 1.0000
0.8353 0.0158 126.7403 -0.0260 0.8369 18.1915 -0.0000 -0.0000 1.0000
0.8649 0.0301 107.1185 -0.0192 0.8681 -0.9068 -0.0000 0.0000 1.0000
0.8898 0.0332 89.5686 -0.0020 0.8817 -24.3656 0.0000 0.0000 1.0000
0.8723 0.0259 95.0627 -0.0083 0.8706 -26.6941 0.0000 0.0000 1.0000
0.8611 0.0231 96.7132 -0.0009 0.8668 -41.5887 -0.0000 0.0000 1.0000
0.8784 0.0243 90.2285 0.0071 0.8756 -53.2573 0.0000 0.0000 1.0000
0.8741 0.0127 91.3743 0.0064 0.8707 -59.2503 -0.0000 0.0000 1.0000
0.8678 0.0037 96.5218 0.0096 0.8665 -64.1613 0.0000 0.0000 1.0000
0.8817 0.0043 92.5901 0.0127 0.8756 -69.3837 0.0000 0.0000 1.0000
0.8799 0.0110 90.7539 0.0146 0.8773 -72.9057 0.0000 0.0000 1.0000
0.8872 0.0091 89.9768 0.0233 0.8806 -79.5165 0.0000 0.0000 1.0000
0.8592 -0.0049 99.7338 0.0207 0.8664 -77.4348 -0.0000 0.0000 1.0000
0.8585 -0.0051 98.9581 0.0267 0.8671 -81.2058 -0.0000 0.0000 1.0000
0.8571 -0.0018 99.0750 0.0284 0.8752 -83.4774 -0.0000 0.0000 1.0000
0.9059 -0.0099 87.6250 0.0458 0.8938 -93.5237 0.0000 0.0000 1.0000
0.8651 -0.0198 99.9677 0.0419 0.8667 -87.9602 0.0000 0.0000 1.0000
0.8851 -0.0260 97.6153 0.0560 0.8723 -94.6963 0.0000 0.0000 1.0000
0.9030 -0.0405 94.9803 0.0651 0.8773 -99.2919 0.0000 0.0000 1.0000
0.8621 -0.0361 107.7429 0.0619 0.8685 -95.8511 -0.0000 0.0000 1.0000
0.8611 -0.0460 108.1813 0.0683 0.8638 -95.4171 -0.0000 0.0000 1.0000
0.8367 -0.0501 130.1996 0.0711 0.8333 -81.3311 0.0000 0.0000 1.0000
0.8227 -0.0469 141.5733 0.0720 0.8175 -69.6131 0.0000 0.0000 1.0000
0.7724 -0.0541 171.9653 0.0719 0.7726 -49.6822 0.0000 0.0000 1.0000
0.7904 -0.0620 167.8972 0.0796 0.7735 -54.6252 0.0000 0.0000 1.0000
0.7309 -0.0635 205.2658 0.0779 0.7197 -30.1605 0.0000 0.0000 1.0000
0.7329 -0.0729 209.4430 0.0881 0.7062 -27.3491 0.0000 0.0000 1.0000
0.6872 -0.0553 218.2747 0.0828 0.6919 -23.1482 -0.0000 0.0000 1.0000
0.7040 -0.0658 219.3166 0.0968 0.6883 -25.6629 0.0000 0.0000 1.0000
0.6639 -0.0651 236.3704 0.1020 0.6501 -12.3578 0.0000 0.0000 1.0000
0.6689 -0.0802 233.9720 0.1128 0.6446 -21.4402 0.0000 0.0000 1.0000
0.6513 -0.0691 233.5748 0.1147 0.6522 -29.9956 0.0000 0.0001 1.0000
0.6631 -0.0860 231.7396 0.1284 0.6502 -40.3486 0.0000 0.0000 1.0000
0.6371 -0.1059 242.0657 0.1242 0.6275 -36.4346 0.0000 0.0000 1.0000
0.6511 -0.1037 240.9114 0.1331 0.6403 -44.1131 0.0000 0.0000 1.0000
0.6594 -0.1036 240.0609 0.1448 0.6470 -54.0666 0.0000 0.0000 1.0000
0.6554 -0.1104 243.6789 0.1480 0.6433 -56.9792 0.0000 0.0000 1.0000
0.6363 -0.1070 248.9091 0.1488 0.6409 -60.4976 0.0000 0.0001 1.0000
0.6396 -0.1171 254.5461 0.1556 0.6407 -64.7985 0.0000 0.0001 1.0000
0.6574 -0.1244 253.7322 0.1703 0.6457 -75.2448 0.0000 0.0001 1.0000
0.6200 -0.1320 263.6848 0.1632 0.6234 -72.2889 0.0000 0.0000 1.0000
0.6297 -0.1466 265.4544 0.1714 0.6252 -80.0060 0.0000 0.0000 1.0000
0.6291 -0.1418 269.1999 0.1741 0.6306 -82.7335 0.0000 0.0000 1.0000
0.6426 -0.1545 271.1101 0.1865 0.6291 -89.0903 0.0000 0.0000 1.0000
0.6786 -0.1413 260.2429 0.1990 0.6553 -100.2793 0.0001 0.0001 1.0000
0.6434 -0.1451 270.5071 0.1909 0.6382 -94.7543 0.0000 0.0001 1.0000
0.6751 -0.1654 269.5675 0.2042 0.6383 -100.8597 0.0001 0.0000 1.0000
0.6401 -0.1454 272.0179 0.1961 0.6367 -98.2814 0.0000 0.0001 1.0000
0.6258 -0.1673 281.5072 0.1903 0.6182 -92.3152 0.0000 0.0000 1.0000
0.6470 -0.1713 283.0570 0.2104 0.6264 -103.2555 0.0000 0.0000 1.0000
0.6096 -0.1703 290.4317 0.1961 0.6137 -96.9172 0.0000 0.0000 1.0000
0.6558 -0.1767 286.7229 0.2153 0.6324 -107.4275 0.0001 0.0000 1.0000
0.6184 -0.1680 294.0168 0.2010 0.6218 -102.2456 0.0000 0.0000 1.0000
0.5869 -0.1742 309.7015 0.1982 0.6022 -103.6937 -0.0000 0.0000 1.0000
0.6242 -0.1300 305.4140 0.2063 0.6504 -119.0524 0.0000 0.0001 1.0000
0.6593 -0.1457 309.8807 0.2158 0.6494 -129.6477 0.0000 0.0001 1.0000
0.6154 -0.1282 326.5117 0.1806 0.6339 -118.8880 -0.0000 0.0001 1.0000
0.6117 -0.1179 337.9121 0.1685 0.6382 -123.6701 -0.0000 0.0001 1.0000
0.6478 -0.1096 339.9980 0.1667 0.6514 -131.6222 0.0000 0.0001 1.0000
0.6069 -0.0929 357.3337 0.1395 0.6405 -125.8262 -0.0000 0.0001 1.0000
0.6166 -0.0805 355.6321 0.1319 0.6479 -123.5484 -0.0000 0.0001 1.0000
0.6029 -0.0576 360.4477 0.1174 0.6485 -120.1291 -0.0000 0.0001 1.0000
0.6221 -0.0333 356.3795 0.1080 0.6693 -120.0592 -0.0000 0.0001 1.0000
0.6233 -0.0342 355.6958 0.0962 0.6618 -112.7973 -0.0000 0.0001 1.0000
0.6194 -0.0202 352.7908 0.0791 0.6589 -102.3190 -0.0000 0.0001 1.0000
0.6033 -0.0287 359.1729 0.0624 0.6383 -87.4669 -0.0000 0.0001 1.0000
0.6191 0.0160 344.7017 0.0468 0.6597 -76.3710 -0.0000 0.0001 1.0000
0.6082 0.0142 346.2473 0.0237 0.6461 -53.9734 -0.0000 0.0001 1.0000
0.5865 0.0229 348.7538 0.0041 0.6349 -31.8495 -0.0000 0.0001 1.0000
0.5815 0.0294 350.6144 -0.0123 0.6325 -11.1452 -0.0000 0.0001 1.0000
0.5861 0.0371 348.0858 -0.0211 0.6254 13.5874 -0.0000 0.0000 1.0000
0.5880 0.0554 341.3681 -0.0282 0.6322 24.6729 -0.0000 0.0001 1.0000
0.5642 0.0429 345.7196 -0.0404 0.6107 43.7893 -0.0001 0.0000 1.0000
0.5597 0.0459 343.9628 -0.0460 0.6062 55.5513 -0.0001 0.0000 1.0000
0.5676 0.0573 335.6884 -0.0515 0.6082 71.8378 -0.0001 0.0000 1.0000
0.5837 0.0481 332.6883 -0.0532 0.6086 78.1266 -0.0000 0.0000 1.0000
0.5637 0.0641 331.8431 -0.0657 0.6063 90.8997 -0.0001 0.0000 1.0000
0.5624 0.0676 330.6998 -0.0678 0.6075 97.6310 -0.0001 0.0000 1.0000
0.5748 0.0801 322.7163 -0.0699 0.6108 104.5850 -0.0000 0.0000 1.0000
0.5688 0.0863 323.6526 -0.0755 0.6143 109.3946 -0.0001 0.0000 1.0000
0.5542 0.0716 326.4785 -0.0854 0.5953 121.3479 -0.0001 0.0000 1.0000
0.5549 0.0927 320.6939 -0.0895 0.6030 124.6649 -0.0001 0.0000 1.0000
0.5637 0.1016 316.1423 -0.0951 0.6087 130.6437 -0.0001 0.0000 1.0000
0.5806 0.1092 309.1721 -0.1006 0.6122 137.4251 -0.0000 0.0000 1.0000
0.5593 0.1000 314.9102 -0.1082 0.5954 145.7956 -0.0000 0.0000 1.0000
0.5836 0.0988 310.2527 -0.1051 0.5994 147.3106 -0.0000 0.0000 1.0000
0.5806 0.1121 306.4472 -0.1134 0.5978 156.3280 -0.0000 0.0000 1.0000
0.5492 0.1157 311.8489 -0.1269 0.5894 164.8670 -0.0001 0.0000 1.0000
0.5435 0.1178 313.3555 -0.1335 0.5790 175.2632 -0.0001 0.0000 1.0000
0.5554 0.1231 311.6848 -0.1363 0.5838 181.7674 -0.0000 0.0000 1.0000
0.5466 0.1275 314.8392 -0.1498 0.5836 195.0541 -0.0001 0.0000 1.0000
0.5219 0.1267 325.4508 -0.1573 0.5677 208.7684 -0.0001 -0.0000 1.0000
0.5607 0.1644 316.3506 -0.1600 0.5938 222.6062 -0.0000 0.0000 1.0000
0.5482 0.1527 326.0043 -0.1660 0.5799 234.8096 -0.0000 -0.0000 1.0000
0.5474 0.1385 330.9615 -0.1738 0.5607 253.2989 -0.0000 -0.0000 1.0000
0.5257 0.1441 340.8863 -0.1843 0.5481 271.1792 -0.0001 -0.0000 1.0000
0.5442 0.1514 337.5126 -0.1850 0.5549 279.2612 -0.0000 -0.0000 1.0000
0.5251 0.1399 343.5497 -0.1893 0.5400 287.5435 -0.0000 -0.0000 1.0000
0.5257 0.1426 342.2322 -0.1951 0.5387 295.3583 -0.0000 -0.0000 1.0000
0.5127 0.1564 343.7184 -0.2059 0.5404 304.2056 -0.0001 -0.0000 1.0000
0.5274 0.1620 338.8307 -0.2041 0.5483 306.6109 -0.0000 -0.0000 1.0000
0.5048 0.1411 345.4095 -0.2044 0.5184 311.8387 -0.0001 -0.0001 1.0000
0.5278 0.1540 337.3111 -0.2044 0.5332 313.9291 -0.0000 -0.0001 1.0000
0.5163 0.1665 338.9283 -0.2128 0.5420 317.4439 -0.0001 -0.0000 1.0000
0.5378 0.1713 331.4430 -0.2066 0.5479 317.0906 -0.0000 -0.0000 1.0000
0.5214 0.1554 333.6400 -0.2085 0.5354 317.6046 -0.0000 -0.0000 1.0000
0.5305 0.1569 328.0849 -0.2026 0.5371 315.9622 -0.0000 -0.0000 1.0000
0.5477 0.1616 318.6525 -0.1955 0.5451 314.4868 -0.0000 -0.0000 1.0000
0.5729 0.1655 305.7616 -0.1828 0.5636 305.8708 -0.0000 -0.0000 1.0000
0.5333 0.1568 306.4894 -0.1890 0.5539 304.2410 -0.0000 -0.0000 1.0000
0.5372 0.1631 291.6544 -0.1862 0.5614 300.8917 -0.0000 -0.0000 1.0000
0.5569 0.1358 281.3117 -0.1690 0.5548 290.2839 -0.0000 -0.0000 1.0000
0.5735 0.1315 262.0586 -0.1533 0.5685 273.3838 -0.0000 -0.0000 1.0000
0.5963 0.1235 247.0691 -0.1388 0.5764 265.1303 0.0000 -0.0000 1.0000
0.5976 0.1411 235.6351 -0.1365 0.5919 260.8771 0.0000 -0.0000 1.0000
0.6037 0.1053 231.8365 -0.1234 0.5741 253.5578 0.0000 -0.0000 1.0000
0.6136 0.1030 227.7112 -0.1164 0.5887 247.8018 0.0000 -0.0000 1.0000
0.5962 0.1039 226.6654 -0.1145 0.5884 242.8391 0.0000 -0.0000 1.0000
0.6018 0.1006 220.6600 -0.1078 0.5929 238.8818 0.0000 -0.0000 1.0000
0.6069 0.0906 220.1260 -0.1010 0.5929 234.1656 0.0000 -0.0000 1.0000
0.6193 0.0905 215.7339 -0.0881 0.6072 224.3964 0.0000 -0.0000 1.0000
0.5954 0.0628 224.1111 -0.0853 0.5791 224.3768 0.0000 -0.0000 1.0000
0.6149 0.0793 217.4912 -0.0770 0.6061 217.6899 0.0000 0.0000 1.0000
0.5869 0.0456 231.1198 -0.0741 0.5755 215.9178 -0.0000 -0.0000 1.0000
0.5922 0.0583 225.3706 -0.0705 0.5908 211.8306 -0.0000 -0.0000 1.0000
0.6229 0.0583 219.9433 -0.0560 0.6095 205.0374 0.0000 -0.0000 1.0000
0.6101 0.0513 225.6231 -0.0510 0.6048 198.6450 0.0000 -0.0000 1.0000
0.5998 0.0416 230.7618 -0.0516 0.5955 198.4297 0.0000 -0.0000 1.0000
0.6245 0.0559 222.8010 -0.0407 0.6222 188.5840 0.0000 0.0000 1.0000
0.6164 0.0440 226.0009 -0.0371 0.6112 184.9804 0.0000 0.0000 1.0000
0.5783 0.0298 238.5476 -0.0417 0.5905 182.3935 -0.0000 -0.0000 1.0000
0.6157 0.0165 232.3201 -0.0265 0.5950 175.5133 0.0000 -0.0000 1.0000
0.6045 0.0198 238.1372 -0.0237 0.5983 165.0229 0.0000 -0.0000 1.0000
0.5859 0.0054 247.3605 -0.0190 0.5894 156.5642 -0.0000 -0.0000 1.0000
0.6081 0.0115 244.6669 -0.0044 0.6053 138.8115 0.0000 0.0000 1.0000
0.6155 -0.0028 247.4918 0.0023 0.6062 130.8070 0.0000 0.0000 1.0000
0.5937 -0.0077 255.0671 0.0042 0.6011 126.3141 -0.0000 0.0000 1.0000
0.6082 -0.0032 253.7578 0.0184 0.6165 114.5839 0.0000 0.0000 1.0000
0.6315 -0.0153 253.2475 0.0346 0.6238 106.2983 0.0000 0.0000 1.0000
0.6261 -0.0219 261.0427 0.0460 0.6260 97.6166 0.0000 0.0000 1.0000
0.5915 -0.0441 276.1014 0.0400 0.5975 102.9231 -0.0000 0.0000 1.0000
0.5928 -0.0566 282.9164 0.0562 0.5976 94.8820 -0.0000 0.0000 1.0000
0.5684 -0.0655 295.0234 0.0560 0.5848 95.5684 -0.0000 0.0000 1.0000
0.5988 -0.0795 301.9394 0.0918 0.6070 71.6695 -0.0000 0.0000 1.0000
0.4960 -0.0633 340.8925 0.0694 0.5112 103.7369 -0.0000 0.0000 1.0000
0.5131 -0.0596 336.0175 0.0769 0.5243 98.6009 -0.0000 0.0000 1.0000
0.5054 -0.0730 340.0675 0.0766 0.5135 99.1487 -0.0000 0.0000 1.0000
0.4912 -0.0712 346.4430 0.0735 0.5100 99.6356 -0.0000 0.0000 1.0000
0.5077 -0.0650 344.5905 0.0799 0.5245 93.0408 -0.0000 0.0000 1.0000
0.4880 -0.0817 357.8325 0.0775 0.5052 94.9925 -0.0000 0.0000 1.0000
0.5083 -0.0674 352.5897 0.0820 0.5254 89.9489 -0.0000 0.0000 1.0000
0.4669 -0.0564 361.6620 0.0655 0.5199 93.7573 -0.0001 0.0000 1.0000
0.5046 -0.0699 358.6236 0.0875 0.5192 84.7814 -0.0000 0.0000 1.0000
0.4881 -0.0499 362.6018 0.0783 0.5309 83.1072 -0.0000 0.0001 1.0000
0.4842 -0.0731 370.4158 0.0799 0.5153 82.2646 -0.0000 0.0000 1.0000
0.4873 -0.0840 374.5202 0.0839 0.5088 81.0394 -0.0000 0.0000 1.0000
0.4834 -0.0828 377.3319 0.0864 0.5075 76.7857 -0.0000 0.0000 1.0000
0.4838 -0.0874 379.5155 0.0920 0.5070 69.5107 -0.0000 0.0000 1.0000
0.5224 -0.0522 368.7429 0.1040 0.5512 57.8689 -0.0000 0.0001 1.0000
0.5061 -0.0773 376.7575 0.1013 0.5253 59.6919 -0.0000 0.0000 1.0000
0.4872 -0.0817 382.6369 0.0973 0.5163 58.1228 -0.0000 0.0000 1.0000
0.4900 -0.0717 381.7224 0.0974 0.5247 55.6947 -0.0000 0.0001 1.0000
0.4816 -0.0728 384.9041 0.0940 0.5208 54.9246 -0.0000 0.0001 1.0000
0.4675 -0.0810 392.5838 0.0898 0.5081 56.2553 -0.0000 0.0000 1.0000
0.4718 -0.0782 395.7765 0.0888 0.5109 56.8203 -0.0000 0.0000 1.0000
0.4899 -0.0672 395.3778 0.0897 0.5240 55.8780 -0.0000 0.0001 1.0000
0.4669 -0.0703 404.4360 0.0807 0.5101 60.1434 -0.0000 0.0000 1.0000
0.4702 -0.0482 409.6022 0.0758 0.5265 60.3395 -0.0000 0.0001 1.0000
0.4582 -0.0578 419.0800 0.0685 0.5108 67.2039 -0.0001 0.0000 1.0000
0.4476 -0.0497 429.5711 0.0592 0.5126 73.8974 -0.0001 0.0000 1.0000
0.4703 -0.0347 432.3418 0.0589 0.5270 78.8903 -0.0001 0.0001 1.0000
0.4128 -0.0643 455.0129 0.0312 0.4811 103.8886 -0.0001 0.0000 1.0000
0.4719 -0.0298 445.4736 0.0415 0.5199 106.9156 -0.0001 0.0000 1.0000
0.4388 -0.0303 460.4330 0.0247 0.5018 127.6936 -0.0001 0.0000 1.0000
0.4274 -0.0223 464.8937 0.0080 0.4973 147.3592 -0.0001 0.0000 1.0000
0.4452 -0.0266 464.6997 0.0120 0.4971 155.2044 -0.0001 0.0000 1.0000
0.4436 -0.0199 462.2620 0.0055 0.4995 161.7838 -0.0001 0.0000 1.0000
0.4288 -0.0140 465.3536 -0.0052 0.4937 173.2988 -0.0001 0.0000 1.0000
0.4321 -0.0350 469.3828 -0.0044 0.4821 178.1913 -0.0001 -0.0000 1.0000
0.4227 -0.0154 471.0466 -0.0116 0.4920 182.6847 -0.0001 0.0000 1.0000
0.4171 -0.0038 475.6978 -0.0208 0.4979 189.9037 -0.0001 0.0000 1.0000
0.4232 -0.0363 483.3249 -0.0178 0.4739 194.0220 -0.0001 -0.0000 1.0000
0.4501 -0.0137 481.4494 -0.0122 0.4975 192.8705 -0.0001 -0.0000 1.0000
0.4375 0.0008 485.0128 -0.0244 0.4994 200.1863 -0.0001 0.0000 1.0000
0.4168 -0.0025 494.5968 -0.0323 0.4901 205.3005 -0.0001 0.0000 1.0000
0.4402 0.0200 494.3669 -0.0317 0.5088 208.5934 -0.0001 0.0000 1.0000
0.4356 0.0259 500.1972 -0.0368 0.5076 215.2190 -0.0001 0.0000 1.0000
0.4261 0.0102 510.9427 -0.0449 0.4925 224.3053 -0.0001 -0.0000 1.0000
0.3944 0.0332 518.3966 -0.0627 0.4952 234.5805 -0.0001 0.0000 1.0000
0.4100 0.0145 521.0720 -0.0614 0.4827 240.5960 -0.0001 -0.0000 1.0000
0.4245 0.0182 520.6213 -0.0627 0.4867 245.7359 -0.0001 -0.0000 1.0000
0.4048 0.0246 525.5331 -0.0727 0.4854 250.2496 -0.0001 -0.0000 1.0000
0.3823 0.0396 527.0346 -0.0866 0.4816 257.2614 -0.0001 -0.0000 1.0000
0.3725 0.0506 528.6977 -0.0965 0.4850 262.0782 -0.0001 0.0000 1.0000
0.3812 0.0543 526.7129 -0.1006 0.4829 267.3328 -0.0001 0.0000 1.0000
0.3801 0.0476 526.3778 -0.1051 0.4751 270.8773 -0.0001 -0.0000 1.0000
0.4302 0.0516 516.7746 -0.0929 0.4873 268.6989 -0.0001 -0.0000 1.0000
0.4000 0.0355 522.8936 -0.1027 0.4647 272.7261 -0.0001 -0.0000 1.0000
0.4017 0.0526 519.6357 -0.1095 0.4710 275.9380 -0.0001 -0.0000 1.0000
0.4190 0.0614 516.7185 -0.1047 0.4810 271.6822 -0.0001 -0.0000 1.0000
0.3796 0.0615 523.6072 -0.1177 0.4696 275.2365 -0.0001 -0.0000 1.0000
0.3990 0.0632 515.5277 -0.1177 0.4679 277.0293 -0.0001 -0.0000 1.0000
0.3847 0.0723 515.4932 -0.1233 0.4711 275.4660 -0.0001 -0.0000 1.0000
0.3647 0.0466 520.7792 -0.1318 0.4464 281.8441 -0.0001 -0.0000 1.0000
0.3947 0.0585 514.5538 -0.1254 0.4622 281.4289 -0.0001 -0.0000 1.0000
0.3991 0.0746 505.7607 -0.1241 0.4734 276.3329 -0.0001 -0.0000 1.0000
0.3984 0.0617 504.7715 -0.1189 0.4627 274.6196 -0.0001 -0.0000 1.0000
0.3621 0.0555 509.3443 -0.1318 0.4488 279.5088 -0.0001 -0.0000 1.0000
0.4250 0.0597 492.1641 -0.1136 0.4630 275.1667 -0.0001 -0.0000 1.0000
0.3916 0.0742 491.9316 -0.1284 0.4676 275.1960 -0.0001 -0.0000 1.0000
0.3839 0.0661 490.1160 -0.1267 0.4590 274.1766 -0.0001 -0.0000 1.0000
0.4140 0.0703 480.4323 -0.1191 0.4706 271.0787 -0.0001 -0.0000 1.0000
0.4123 0.0779 472.8543 -0.1224 0.4712 271.1256 -0.0001 -0.0000 1.0000
0.4025 0.0651 475.1188 -0.1184 0.4622 268.7602 -0.0001 -0.0000 1.0000
0.4084 0.0614 468.0855 -0.1203 0.4598 268.3277 -0.0001 -0.0000 1.0000
0.3982 0.0543 468.6411 -0.1227 0.4537 268.1702 -0.0001 -0.0000 1.0000
0.4022 0.0825 461.7948 -0.1230 0.4726 265.7548 -0.0001 -0.0000 1.0000
0.4163 0.0514 462.9173 -0.1171 0.4545 266.0301 -0.0001 -0.0000 1.0000
0.4122 0.0884 456.9098 -0.1216 0.4762 264.1960 -0.0001 -0.0000 1.0000
0.4185 0.0849 455.5589 -0.1209 0.4734 265.0367 -0.0001 -0.0000 1.0000
0.3875 0.0876 462.9393 -0.1277 0.4574 271.1320 -0.0001 -0.0000 1.0000
0.3710 0.0829 462.7500 -0.1321 0.4432 275.1718 -0.0001 -0.0000 1.0000
0.4004 0.0882 455.9837 -0.1244 0.4542 272.2452 -0.0001 -0.0000 1.0000
0.3588 0.1007 464.3685 -0.1321 0.4364 278.5927 -0.0001 0.0000 1.0000
0.3516 0.0932 468.8338 -0.1300 0.4200 282.4240 -0.0001 -0.0000 1.0000
0.3451 0.0719 472.0080 -0.1310 0.4048 283.4251 -0.0001 -0.0000 1.0000
0.3497 0.1185 464.9066 -0.1335 0.4278 284.6903 -0.0001 0.0000 1.0000
0.3366 0.0953 466.1901 -0.1315 0.4067 286.0115 -0.0001 -0.0000 1.0000
0.3378 0.0868 462.3291 -0.1321 0.4048 285.9590 -0.0001 -0.0000 1.0000
0.3758 0.0834 452.1364 -0.1152 0.4124 281.1163 -0.0001 -0.0000 1.0000
0.3952 0.1002 438.9546 -0.1090 0.4252 281.1747 -0.0000 -0.0000 1.0000
0.4030 0.1294 427.3451 -0.1050 0.4534 276.5268 -0.0000 0.0000 1.0000
0.3620 0.0604 435.4368 -0.1096 0.4010 281.2162 -0.0001 -0.0000 1.0000
0.3747 0.0743 423.0665 -0.1060 0.4165 279.0854 -0.0001 -0.0000 1.0000
0.3822 0.0737 413.2410 -0.1002 0.4163 279.5515 -0.0001 -0.0000 1.0000
0.3687 0.0851 405.1658 -0.1028 0.4300 275.5888 -0.0001 0.0000 1.0000
0.4094 0.0738 390.4530 -0.0802 0.4386 265.4174 -0.0000 0.0000 1.0000
0.3947 0.0848 384.0458 -0.0810 0.4496 261.5355 -0.0000 0.0000 1.0000
0.4183 0.0434 372.0012 -0.0629 0.4200 259.3443 -0.0000 -0.0000 1.0000
0.3886 0.0515 374.3847 -0.0771 0.4257 259.8930 -0.0000 -0.0000 1.0000
0.4217 0.0554 361.8027 -0.0586 0.4394 251.1362 -0.0000 0.0000 1.0000
0.4059 0.0626 358.8888 -0.0620 0.4441 248.9681 -0.0000 0.0000 1.0000
0.3986 0.0343 357.6034 -0.0569 0.4194 246.9752 -0.0000 -0.0000 1.0000
0.4110 0.0427 350.6773 -0.0536 0.4328 244.1364 -0.0000 0.0000 1.0000
0.4107 0.0342 348.1179 -0.0505 0.4285 242.0079 -0.0000 -0.0000 1.0000
0.4160 0.0434 342.8776 -0.0480 0.4439 237.3407 -0.0000 0.0000 1.0000
0.4378 0.0440 333.0708 -0.0336 0.4535 230.0569 -0.0000 0.0000 1.0000
0.4344 0.0279 332.3657 -0.0281 0.4454 226.1895 -0.0000 0.0000 1.0000
0.4425 0.0122 327.9789 -0.0158 0.4377 219.5531 0.0000 -0.0000 1.0000
0.4456 0.0190 323.3866 -0.0078 0.4515 209.3927 0.0000 0.0000 1.0000
0.4348 0.0012 322.1143 -0.0022 0.4399 200.9044 -0.0000 -0.0000 1.0000
0.4493 0.0117 317.0490 0.0069 0.4599 192.3662 0.0000 0.0000 1.0000
0.4737 -0.0078 311.4475 0.0258 0.4548 181.1945 0.0000 0.0000 1.0000
0.4582 -0.0243 312.0115 0.0279 0.4449 172.3942 0.0000 -0.0000 1.0000
0.4602 -0.0146 303.8529 0.0330 0.4563 160.4370 0.0000 0.0000 1.0000
0.4705 -0.0224 299.4933 0.0426 0.4638 146.5317 0.0000 0.0000 1.0000
0.4696 -0.0288 299.3778 0.0501 0.4628 134.0918 0.0000 0.0000 1.0000
0.4860 -0.0229 293.6971 0.0612 0.4780 119.5540 0.0000 0.0000 1.0000
0.4561 -0.0367 299.4683 0.0583 0.4631 109.5237 0.0000 0.0000 1.0000
0.4712 -0.0277 291.5592 0.0703 0.4769 92.4625 0.0000 0.0001 1.0000
0.4687 -0.0345 290.5551 0.0775 0.4782 77.1287 0.0000 0.0001 1.0000
0.4753 -0.0404 287.9986 0.0881 0.4799 63.7903 0.0000 0.0001 1.0000
0.4848 -0.0491 288.0393 0.0932 0.4778 58.3821 0.0000 0.0001 1.0000
0.4724 -0.0420 291.4525 0.0941 0.4814 52.1642 0.0000 0.0001 1.0000
0.5019 -0.0394 288.6018 0.1081 0.4982 44.9653 0.0001 0.0001 1.0000
0.4819 -0.0689 299.2750 0.1078 0.4704 46.7516 0.0000 0.0000 1.0000
0.4742 -0.0723 303.5000 0.1102 0.4689 43.2295 0.0000 0.0000 1.0000
0.4592 -0.0747 309.4805 0.1076 0.4624 43.6768 0.0000 0.0000 1.0000
0.4824 -0.0818 311.0634 0.1260 0.4691 34.8146 0.0001 0.0000 1.0000
0.4731 -0.0703 313.9528 0.1239 0.4801 32.3720 0.0000 0.0001 1.0000
0.4928 -0.0830 314.6398 0.1379 0.4794 26.7574 0.0001 0.0001 1.0000
0.4750 -0.0954 320.1973 0.1337 0.4632 29.3310 0.0001 0.0000 1.0000
0.4593 -0.0843 324.8206 0.1287 0.4667 29.6317 0.0000 0.0001 1.0000
0.4617 -0.0938 328.5161 0.1303 0.4635 30.5347 0.0000 0.0001 1.0000
0.4608 -0.0898 330.7436 0.1298 0.4635 31.2298 0.0000 0.0001 1.0000
0.4381 -0.0774 334.7736 0.1193 0.4609 36.9277 0.0000 0.0001 1.0000
0.4586 -0.0734 334.5497 0.1319 0.4758 29.5824 0.0000 0.0001 1.0000
0.4871 -0.0922 332.6139 0.1431 0.4701 27.8881 0.0001 0.0001 1.0000
0.4406 -0.0891 340.1279 0.1217 0.4580 33.8430 0.0000 0.0001 1.0000
0.4772 -0.1012 337.8885 0.1416 0.4682 21.4212 0.0001 0.0000 1.0000
0.4919 -0.0984 335.1848 0.1456 0.4803 12.3674 0.0001 0.0000 1.0000
0.4778 -0.0715 330.9759 0.1366 0.4900 9.5890 0.0000 0.0001 1.0000
0.4638 -0.0826 337.6500 0.1367 0.4777 3.6749 0.0000 0.0001 1.0000
0.4814 -0.0773 335.5208 0.1403 0.4858 -3.1676 0.0001 0.0001 1.0000
0.4632 -0.0740 339.9059 0.1348 0.4844 -11.1810 0.0000 0.0001 1.0000
0.4735 -0.0767 342.1109 0.1403 0.4847 -13.3469 0.0000 0.0001 1.0000
0.4711 -0.0674 346.5504 0.1426 0.4859 -16.6975 0.0000 0.0001 1.0000
0.4577 -0.0816 358.2059 0.1370 0.4746 -14.0413 0.0000 0.0001 1.0000
0.4608 -0.0815 370.3536 0.1429 0.4792 -16.8702 0.0000 0.0001 1.0000
0.4574 -0.0874 384.1096 0.1476 0.4739 -15.5891 0.0000 0.0001 1.0000
0.4403 -0.0864 399.5461 0.1465 0.4705 -13.5691 0.0000 0.0001 1.0000
0.4259 -0.0928 415.3805 0.1493 0.4590 -10.1482 -0.0000 0.0001 1.0000
0.4189 -0.0966 431.0820 0.1530 0.4590 -3.9423 -0.0000 0.0001 1.0000
0.4285 -0.1116 447.9393 0.1682 0.4542 -0.8418 0.0000 0.0001 1.0000
0.3891 -0.1209 467.2499 0.1550 0.4406 14.9413 -0.0000 0.0001 1.0000
0.4239 -0.1486 476.2254 0.1753 0.4332 23.3455 0.0000 0.0000 1.0000
0.3634 -0.1649 493.3046 0.1524 0.4010 44.9593 -0.0000 0.0000 1.0000
0.3813 -0.1242 486.5259 0.1575 0.4331 44.5818 -0.0000 0.0001 1.0000
0.3751 -0.1514 495.5628 0.1576 0.4119 60.0077 -0.0000 0.0000 1.0000
0.3624 -0.1537 500.3313 0.1471 0.4077 77.6757 -0.0000 0.0000 1.0000
0.3618 -0.1406 498.8688 0.1408 0.4108 95.5546 -0.0000 0.0000 1.0000
0.3665 -0.1557 503.5497 0.1389 0.4020 113.6804 -0.0000 0.0000 1.0000
0.3429 -0.1502 511.2358 0.1137 0.3892 144.8772 -0.0001 -0.0000 1.0000
0.3295 -0.1442 518.1819 0.0949 0.3839 169.0495 -0.0001 -0.0000 1.0000
0.3336 -0.1100 515.0735 0.0834 0.4089 180.0299 -0.0001 0.0000 1.0000
0.3385 -0.0879 518.1112 0.0701 0.4222 196.8758 -0.0001 0.0000 1.0000
0.3385 -0.0889 523.4247 0.0567 0.4113 214.7506 -0.0001 0.0000 1.0000
0.3210 -0.0877 525.7808 0.0398 0.4048 220.7844 -0.0001 -0.0000 1.0000
0.3424 -0.0659 522.7342 0.0349 0.4162 232.4648 -0.0001 0.0000 1.0000
0.3295 -0.0604 531.2393 0.0197 0.4133 243.2622 -0.0001 0.0000 1.0000
0.3558 -0.0588 527.9749 0.0317 0.4253 235.3376 -0.0001 0.0000 1.0000
0.3154 -0.0580 534.0369 0.0020 0.4068 245.8915 -0.0001 -0.0000 1.0000
0.3286 -0.0592 532.9988 0.0010 0.4007 249.3561 -0.0001 -0.0000 1.0000
0.3143 -0.0424 535.0190 -0.0131 0.4084 250.1970 -0.0001 -0.0000 1.0000
0.3075 -0.0117 530.6794 -0.0277 0.4171 252.9582 -0.0001 0.0000 1.0000
0.3222 -0.0149 527.2177 -0.0296 0.4093 255.9155 -0.0001 -0.0000 1.0000
0.3577 -0.0123 522.3560 -0.0232 0.4185 252.6580 -0.0001 -0.0000 1.0000
0.3250 0.0122 523.4679 -0.0473 0.4206 257.1714 -0.0001 0.0000 1.0000
0.3062 0.0138 524.4392 -0.0609 0.4089 259.9650 -0.0001 0.0000 1.0000
0.3170 0.0138 521.3935 -0.0667 0.4078 260.9277 -0.0001 -0.0000 1.0000
0.3250 0.0155 520.0162 -0.0727 0.4005 265.1459 -0.0001 -0.0000 1.0000
0.3384 0.0149 516.2710 -0.0699 0.3985 263.3736 -0.0001 -0.0000 1.0000
0.3289 0.0315 515.3988 -0.0809 0.4034 263.2667 -0.0001 -0.0000 1.0000
0.3320 0.0429 513.8938 -0.0858 0.4098 261.8030 -0.0001 -0.0000 1.0000
0.3255 0.0517 512.4579 -0.0968 0.4076 265.6143 -0.0001 -0.0000 1.0000
0.3269 0.0625 511.3360 -0.0996 0.4094 264.8211 -0.0001 0.0000 1.0000
0.3100 0.0499 516.7709 -0.1103 0.3943 268.9092 -0.0001 -0.0000 1.0000
0.3371 0.0660 511.3262 -0.1079 0.4065 268.1001 -0.0001 -0.0000 1.0000
0.3171 0.0587 516.3130 -0.1169 0.3897 272.1951 -0.0001 -0.0000 1.0000
0.3001 0.0781 517.7954 -0.1258 0.3964 271.3141 -0.0001 -0.0000 1.0000
0.3049 0.1081 513.9780 -0.1335 0.4126 273.6157 -0.0001 0.0000 1.0000
0.3101 0.0951 516.6079 -0.1355 0.4042 274.1516 -0.0001 0.0000 1.0000
0.3160 0.0990 517.0190 -0.1359 0.4075 272.7827 -0.0001 0.0000 1.0000
0.3061 0.0793 523.6424 -0.1398 0.3885 276.1741 -0.0001 -0.0000 1.0000
0.2946 0.0813 526.0969 -0.1431 0.3842 275.5031 -0.0001 -0.0000 1.0000
0.3001 0.0958 523.6976 -0.1478 0.3922 274.9734 -0.0001 -0.0000 1.0000
0.3009 0.1086 522.5353 -0.1488 0.3988 272.9513 -0.0001 0.0000 1.0000
0.3117 0.1161 521.5248 -0.1464 0.4034 270.5861 -0.0001 0.0000 1.0000
0.2967 0.0965 525.9411 -0.1471 0.3901 268.2096 -0.0001 -0.0000 1.0000
0.3182 0.0919 523.1493 -0.1433 0.3926 267.6016 -0.0001 -0.0000 1.0000
0.2989 0.0912 527.3391 -0.1483 0.3877 269.2064 -0.0001 -0.0000 1.0000
0.2840 0.1071 525.3214 -0.1522 0.3918 268.6350 -0.0001 -0.0000 1.0000
0.3286 0.1012 520.6474 -0.1403 0.4005 266.4214 -0.0001 -0.0000 1.0000
0.2937 0.0982 525.4414 -0.1511 0.3915 269.8093 -0.0001 -0.0000 1.0000
0.2906 0.0743 531.1079 -0.1443 0.3802 267.8516 -0.0001 -0.0000 1.0000
0.3061 0.0899 527.8774 -0.1427 0.3939 267.8594 -0.0001 -0.0000 1.0000
0.2975 0.0945 528.4386 -0.1413 0.3938 267.5667 -0.0001 -0.0000 1.0000
0.3095 0.0884 526.6660 -0.1351 0.3957 264.9678 -0.0001 -0.0000 1.0000
