1.0000 0.0000 -0.0000 -0.0000 1.0000 -0.0000 -0.0000 0.0000 1.0000
0.9128 0.0200 5.3979 -0.0298 0.9731 8.1555 -0.0001 -0.0000 1.0000
0.8197 0.0117 15.6797 -0.0783 0.9013 27.3319 -0.0004 -0.0000 1.0000
0.8458 -0.0260 23.8783 -0.0484 0.8966 25.4751 -0.0002 -0.0001 1.0000
1.0368 0.0296 2.3139 -0.0118 1.0926 7.7602 0.0000 0.0002 1.0000
0.9367 -0.0141 20.3976 -0.0119 0.9625 26.0162 -0.0001 -0.0000 1.0000
0.9115 0.0269 17.7652 -0.0438 1.0112 27.4326 -0.0002 0.0001 1.0000
0.8287 -0.0848 48.1727 -0.0462 0.8487 49.0392 -0.0002 -0.0002 1.0000
0.8890 0.0090 31.2321 -0.0459 0.9552 42.7484 -0.0002 0.0000 1.0000
0.9291 -0.0051 30.3812 -0.0317 0.9717 42.0176 -0.0001 0.0000 1.0000
0.9332 -0.0132 33.3850 -0.0299 0.9006 56.7275 -0.0001 -0.0001 1.0000
0.9054 -0.1014 55.4299 -0.0268 0.8369 65.1298 -0.0000 -0.0003 1.0000
0.8741 -0.0313 55.7255 -0.0429 0.8827 67.8775 -0.0001 -0.0001 1.0000
0.9158 -0.0240 57.0842 -0.0262 0.9250 66.0810 -0.0001 -0.0001 1.0000
0.8851 -0.0022 62.5730 -0.0572 0.9152 78.1136 -0.0002 -0.0000 1.0000
0.9388 0.0309 62.1732 -0.0588 0.9811 82.4227 -0.0001 0.0001 1.0000
0.8401 -0.0322 84.3909 -0.0718 0.8443 100.5346 -0.0002 -0.0001 1.0000
1.0035 -0.0279 73.8958 -0.0254 0.9628 91.8858 0.0001 -0.0000 1.0000
0.8215 -0.0330 91.7914 -0.0906 0.8267 113.1004 -0.0002 -0.0002 1.0000
0.8213 -0.0332 93.2168 -0.0906 0.8267 113.1003 -0.0002 -0.0002 1.0000
0.8645 -0.0280 99.6838 -0.0690 0.8422 119.9325 -0.0001 -0.0002 1.0000
0.8746 0.0070 100.7536 -0.0888 0.9039 122.5040 -0.0001 -0.0001 1.0000
0.8433 -0.0155 116.3344 -0.0968 0.8890 129.1645 -0.0001 -0.0001 1.0000
0.9251 0.0141 111.5313 -0.0777 0.8910 141.2390 0.0000 -0.0001 1.0000
0.8292 -0.0206 129.1287 -0.1208 0.8339 154.0075 -0.0001 -0.0002 1.0000
0.7793 -0.0077 140.5643 -0.1490 0.8310 160.8221 -0.0002 -0.0002 1.0000
0.8210 0.1129 127.8853 -0.1893 0.9543 165.9647 -0.0002 0.0001 1.0000
0.7990 0.0626 136.7371 -0.1941 0.8377 185.2249 -0.0002 -0.0001 1.0000
0.9142 0.1400 122.8118 -0.1624 0.9317 178.6729 -0.0000 -0.0000 1.0000
0.8517 0.1367 132.4273 -0.2037 0.9236 187.2422 -0.0001 0.0000 1.0000
0.8988 0.1305 126.2895 -0.2134 0.8833 204.2957 -0.0000 -0.0001 1.0000
0.9213 0.3112 101.3017 -0.2694 1.0486 200.5789 -0.0001 0.0002 1.0000
0.6875 0.2673 124.6247 -0.3725 0.9239 221.1882 -0.0003 0.0000 1.0000
0.6802 0.3034 125.0610 -0.4121 0.9300 235.8130 -0.0004 0.0001 1.0000
0.9014 0.4335 92.5931 -0.3730 1.0775 235.8323 -0.0000 0.0002 1.0000
0.6775 0.3216 130.3273 -0.4488 0.8427 265.0225 -0.0003 -0.0000 1.0000
0.6861 0.2524 143.7206 -0.4496 0.7367 284.0248 -0.0002 -0.0002 1.0000
0.8618 0.3591 138.8817 -0.3931 0.8399 290.6483 0.0001 -0.0001 1.0000
0.8374 0.4080 156.8866 -0.4270 0.8918 303.0895 0.0001 -0.0000 1.0000
0.7029 0.4319 179.3775 -0.5011 0.8249 332.8213 -0.0001 0.0000 1.0000
0.5728 0.4531 196.9589 -0.5803 0.7960 355.1097 -0.0003 0.0001 1.0000
0.7083 0.5518 178.7373 -0.5533 0.8711 359.4365 -0.0001 0.0001 1.0000
0.7541 0.5411 178.2521 -0.5394 0.8189 368.7852 -0.0000 0.0001 1.0000
0.4717 0.5043 206.2027 -0.6796 0.7104 382.8293 -0.0004 0.0000 1.0000
0.4191 0.4882 222.3401 -0.6754 0.6543 381.2558 -0.0004 -0.0000 1.0000
0.4171 0.4466 231.7374 -0.6647 0.5862 375.6690 -0.0004 -0.0001 1.0000
0.4283 0.4698 238.8747 -0.6744 0.6032 372.2137 -0.0003 -0.0001 1.0000
0.5067 0.5998 221.3357 -0.6760 0.6947 361.1268 -0.0002 0.0000 1.0000
0.5451 0.6180 226.0297 -0.6593 0.6548 362.9660 -0.0002 0.0000 1.0000
0.4941 0.6195 233.5485 -0.6887 0.6557 358.1787 -0.0002 0.0000 1.0000
0.4828 0.6205 243.7466 -0.6887 0.6206 363.0433 -0.0002 0.0000 1.0000
0.4838 0.7754 239.6066 -0.7271 0.7257 363.9660 -0.0002 0.0002 1.0000
0.4397 0.6601 260.4055 -0.7172 0.6443 367.5923 -0.0002 0.0001 1.0000
0.3295 0.7066 275.2083 -0.7673 0.6671 377.9850 -0.0004 0.0002 1.0000
0.4254 0.7745 258.9185 -0.7514 0.6779 386.9063 -0.0002 0.0002 1.0000
0.3632 0.6796 275.4594 -0.7670 0.6051 400.2277 -0.0003 0.0001 1.0000
0.3756 0.7541 268.3805 -0.7920 0.6281 416.0304 -0.0003 0.0001 1.0000
0.3736 0.6691 272.0596 -0.7649 0.5323 425.1853 -0.0002 -0.0000 1.0000
0.4224 0.6547 272.8495 -0.7495 0.5068 439.1351 -0.0001 -0.0000 1.0000
0.4985 0.8200 257.4741 -0.7747 0.6337 448.9573 -0.0000 0.0001 1.0000
0.3771 0.8541 263.4962 -0.8381 0.6037 469.2914 -0.0002 0.0002 1.0000
0.4894 0.9709 245.1886 -0.8185 0.6871 475.1429 -0.0001 0.0003 1.0000
0.3118 0.7710 275.0146 -0.8316 0.5330 477.2816 -0.0003 0.0001 1.0000
0.3769 0.7194 273.4416 -0.7943 0.4873 479.9607 -0.0002 -0.0000 1.0000
0.3073 0.8973 269.2435 -0.8747 0.5997 491.1790 -0.0003 0.0003 1.0000
0.3635 0.8658 271.0181 -0.8407 0.5698 492.9232 -0.0002 0.0002 1.0000
0.1504 0.6356 305.8703 -0.8560 0.4103 484.2454 -0.0005 -0.0001 1.0000
0.2932 0.5812 304.0578 -0.7977 0.4268 476.9593 -0.0003 -0.0001 1.0000
0.3814 0.8425 280.1750 -0.8353 0.6190 477.4286 -0.0002 0.0002 1.0000
0.3929 0.8293 282.8772 -0.8204 0.6169 470.6713 -0.0002 0.0002 1.0000
0.4582 0.8240 276.9617 -0.7814 0.6840 450.4823 -0.0002 0.0002 1.0000
0.4635 0.7110 288.3463 -0.7435 0.6955 427.1214 -0.0002 0.0001 1.0000
0.3920 0.5644 301.3536 -0.7001 0.6876 395.5819 -0.0004 0.0000 1.0000
0.3853 0.3035 321.2944 -0.6202 0.5770 371.2825 -0.0004 -0.0002 1.0000
0.6909 0.4826 284.4398 -0.5185 0.8671 336.7675 -0.0001 0.0001 1.0000
0.6344 0.1930 290.1100 -0.4496 0.7035 311.6251 -0.0002 -0.0002 1.0000
0.7191 0.1182 275.7072 -0.3756 0.7388 288.1649 -0.0002 -0.0002 1.0000
0.6981 0.0318 276.9238 -0.2836 0.7894 251.0000 -0.0002 -0.0002 1.0000
0.7267 -0.0364 256.8289 -0.2191 0.7717 229.7750 -0.0003 -0.0002 1.0000
0.6586 -0.1510 267.6306 -0.1574 0.6840 217.4863 -0.0003 -0.0003 1.0000
0.8210 -0.1764 234.3749 -0.0373 0.7281 192.3774 -0.0001 -0.0003 1.0000
0.8802 -0.2410 223.4178 0.0411 0.8091 165.1662 -0.0001 -0.0003 1.0000
0.7322 -0.2357 217.6884 -0.0422 0.8463 170.3733 -0.0003 -0.0001 1.0000
0.8277 -0.1916 200.5318 -0.0126 0.9029 184.2897 -0.0002 -0.0001 1.0000
0.7073 -0.1654 201.0844 -0.1101 0.7174 226.7681 -0.0004 -0.0003 1.0000
1.0000 0.0000 0.0000 0.0000 1.0000 0.0000 0.0000 0.0000 1.0000
0.5119 -0.2322 341.5480 -0.3059 0.4709 341.7001 -0.0004 -0.0006 1.0000
1.0000 0.0000 0.0000 0.0000 1.0000 0.0000 0.0000 0.0000 1.0000
0.6501 0.2401 387.2535 -0.4143 0.7467 332.8918 -0.0002 -0.0000 1.0000
0.4801 0.1660 423.6752 -0.5164 0.7053 327.9380 -0.0004 -0.0001 1.0000
0.4604 0.2298 452.6810 -0.4764 0.7290 315.5758 -0.0004 -0.0001 1.0000
0.7202 0.3675 420.4126 -0.4553 0.8511 316.1874 -0.0001 0.0000 1.0000
0.5081 0.1686 454.9698 -0.4729 0.6795 324.6496 -0.0003 -0.0002 1.0000
0.4391 0.2343 446.6721 -0.5240 0.6810 318.0767 -0.0004 -0.0001 1.0000
0.5230 0.1647 459.7592 -0.4570 0.6811 302.0594 -0.0003 -0.0002 1.0000
0.4774 0.0492 490.9329 -0.4097 0.6322 303.5953 -0.0003 -0.0002 1.0000
1.0000 0.0000 0.0000 0.0000 1.0000 0.0000 0.0000 0.0000 1.0000
0.7884 -0.0591 353.4438 -0.3167 0.6864 333.7350 -0.0002 -0.0003 1.0000
0.8699 -0.0828 280.2291 -0.2647 0.6646 338.0790 -0.0001 -0.0003 1.0000
0.9298 -0.0831 232.8220 -0.1328 0.7670 295.0045 -0.0001 -0.0003 1.0000
0.8548 -0.1013 204.8917 -0.1445 0.7672 281.4920 -0.0001 -0.0003 1.0000
0.8599 -0.1182 186.3293 -0.0826 0.8735 235.9412 -0.0001 -0.0002 1.0000
0.8386 -0.1664 159.1964 -0.0581 0.8168 210.7766 -0.0001 -0.0003 1.0000
0.8105 -0.1241 137.5905 -0.0951 0.8036 203.3784 -0.0002 -0.0002 1.0000
0.8310 -0.1303 113.1409 -0.0479 0.9006 148.1612 -0.0002 -0.0002 1.0000
0.9253 -0.1020 110.7072 -0.0275 1.0282 136.6735 -0.0001 0.0000 1.0000
0.8613 -0.1674 134.9989 -0.0608 0.8213 162.6262 -0.0002 -0.0002 1.0000
1.0136 -0.1138 135.2629 -0.0771 0.8533 173.0054 -0.0002 -0.0001 1.0000
0.8543 -0.1911 227.5435 -0.1745 0.7068 210.4086 -0.0003 -0.0003 1.0000
0.8135 -0.1565 313.1820 -0.1335 0.7148 219.3812 -0.0002 -0.0003 1.0000
0.7146 -0.2471 395.3816 -0.2150 0.6136 253.1061 -0.0002 -0.0004 1.0000
0.7632 -0.0422 443.4627 -0.2059 0.8383 234.3223 -0.0001 -0.0001 1.0000
0.7318 -0.1052 499.2995 -0.2369 0.8057 233.4366 -0.0001 -0.0002 1.0000
1.0000 0.0000 0.0000 0.0000 1.0000 0.0000 0.0000 0.0000 1.0000
1.0000 0.0000 0.0000 0.0000 1.0000 0.0000 0.0000 0.0000 1.0000
0.4770 -0.1442 587.5308 -0.3740 0.6499 193.2268 -0.0004 -0.0003 1.0000
0.4782 0.0398 621.4008 -0.3537 0.8233 151.2825 -0.0003 -0.0001 1.0000
0.4546 -0.0721 636.7403 -0.3594 0.7925 159.6978 -0.0003 -0.0002 1.0000
0.3974 -0.1612 623.4895 -0.3653 0.7391 176.8927 -0.0004 -0.0003 1.0000
0.7392 -0.1028 547.8734 -0.3529 0.7762 209.4243 -0.0002 -0.0003 1.0000
0.5336 -0.1168 537.1563 -0.3796 0.7262 238.7588 -0.0003 -0.0003 1.0000
0.4940 -0.0997 509.1931 -0.4127 0.7096 269.2382 -0.0004 -0.0003 1.0000
0.6898 0.0270 482.4339 -0.3541 0.8638 277.8111 -0.0002 -0.0001 1.0000
0.5539 0.1843 478.9801 -0.3899 0.9955 282.7964 -0.0003 0.0002 1.0000
0.6650 0.2184 466.6816 -0.3465 1.0740 282.1052 -0.0002 0.0002 1.0000
0.6110 -0.0948 491.6650 -0.2940 0.8130 297.2473 -0.0002 -0.0002 1.0000
0.6453 -0.0786 500.1072 -0.2883 0.8396 305.2015 -0.0001 -0.0002 1.0000
0.6089 0.0247 511.0916 -0.3359 0.9505 309.2931 -0.0002 0.0001 1.0000
0.6304 0.0155 525.7529 -0.2982 0.9824 297.4867 -0.0002 0.0001 1.0000
0.6784 -0.1543 534.7561 -0.2389 0.8432 289.6159 -0.0001 -0.0002 1.0000
0.6540 -0.2631 554.7241 -0.2150 0.7775 277.4932 -0.0000 -0.0003 1.0000
0.5133 -0.1398 563.6606 -0.2891 0.8736 262.4399 -0.0002 -0.0001 1.0000
0.5025 0.0086 562.5697 -0.3065 0.9860 240.1654 -0.0003 0.0001 1.0000
0.5170 -0.1000 575.1893 -0.2627 0.9298 222.5913 -0.0002 -0.0000 1.0000
0.6079 -0.1084 576.7090 -0.2226 0.9619 205.9362 -0.0001 0.0000 1.0000
0.6901 -0.1340 557.3841 -0.1990 0.9055 205.1876 -0.0000 -0.0001 1.0000
0.5156 -0.1747 549.9267 -0.2464 0.8568 197.4522 -0.0002 -0.0002 1.0000
0.4859 -0.2073 537.8470 -0.2593 0.7755 211.8341 -0.0002 -0.0002 1.0000
0.7417 -0.0021 498.1070 -0.1765 0.9599 192.1034 0.0000 0.0000 1.0000
0.5243 -0.2212 504.0298 -0.2163 0.7462 208.1231 -0.0001 -0.0003 1.0000
1.0000 0.0000 0.0000 0.0000 1.0000 0.0000 0.0000 0.0000 1.0000
1.0000 0.0000 0.0000 0.0000 1.0000 0.0000 0.0000 0.0000 1.0000
0.4480 -0.1244 439.0177 -0.2322 0.8097 196.3423 -0.0002 -0.0001 1.0000
0.3591 -0.2439 434.2111 -0.2373 0.6657 206.8387 -0.0002 -0.0004 1.0000
0.7404 -0.0767 391.9999 -0.1276 0.9269 184.5041 0.0002 -0.0000 1.0000
0.5542 -0.1436 393.3213 -0.1766 0.8003 185.9181 -0.0000 -0.0002 1.0000
0.6819 0.2285 393.2545 -0.1917 1.1637 167.7300 0.0001 0.0005 1.0000
1.0000 0.0000 0.0000 0.0000 1.0000 0.0000 0.0000 0.0000 1.0000
1.0000 0.0000 0.0000 0.0000 1.0000 0.0000 0.0000 0.0000 1.0000
1.0000 0.0000 0.0000 0.0000 1.0000 0.0000 0.0000 0.0000 1.0000
1.0000 0.0000 0.0000 0.0000 1.0000 0.0000 0.0000 0.0000 1.0000
0.1581 -0.1366 685.7550 -0.3239 0.7068 181.6991 -0.0003 -0.0002 1.0000
0.2250 0.1874 692.8588 -0.3433 0.8681 173.1118 -0.0003 0.0002 1.0000
0.2522 -0.1325 691.1440 -0.3660 0.7030 202.1949 -0.0002 -0.0002 1.0000
0.3447 -0.2897 689.0213 -0.3170 0.6176 226.2188 -0.0001 -0.0004 1.0000
1.0000 0.0000 0.0000 0.0000 1.0000 0.0000 0.0000 0.0000 1.0000
0.2709 -0.3146 663.7037 -0.2712 0.5579 276.4871 -0.0002 -0.0005 1.0000
0.2804 -0.2063 655.2811 -0.3322 0.6052 316.1429 -0.0002 -0.0003 1.0000
0.2403 -0.0252 627.3297 -0.3552 0.6761 331.7309 -0.0002 -0.0001 1.0000
0.2756 -0.2772 604.5302 -0.3773 0.4691 354.9482 -0.0002 -0.0005 1.0000
0.1239 -0.2358 601.1502 -0.4007 0.5082 331.6358 -0.0004 -0.0004 1.0000
0.2182 -0.0424 602.2727 -0.3619 0.6941 314.5325 -0.0003 -0.0001 1.0000
0.4618 -0.0815 580.1213 -0.3037 0.7411 278.9816 -0.0000 -0.0002 1.0000
0.2403 -0.1011 591.4385 -0.3450 0.6101 275.5756 -0.0003 -0.0002 1.0000
0.1912 -0.1391 571.6484 -0.4179 0.4994 290.2318 -0.0004 -0.0004 1.0000
0.2058 -0.0695 569.4660 -0.3283 0.6911 220.7894 -0.0003 -0.0002 1.0000
0.2817 -0.2369 573.0510 -0.2728 0.6397 201.9421 -0.0002 -0.0004 1.0000
0.1733 -0.0227 562.0793 -0.3565 0.7360 204.4432 -0.0003 -0.0001 1.0000
0.1724 -0.0830 549.9780 -0.3470 0.6623 213.6699 -0.0003 -0.0002 1.0000
0.4315 0.0592 479.3152 -0.2474 0.6717 222.1847 -0.0000 -0.0002 1.0000
0.3164 -0.0286 483.9205 -0.3143 0.7163 228.7830 -0.0002 -0.0001 1.0000
0.2452 -0.0875 480.9191 -0.3189 0.6945 239.7128 -0.0003 -0.0002 1.0000
0.2529 -0.1452 472.0431 -0.3302 0.6406 257.5628 -0.0003 -0.0003 1.0000
0.3658 -0.0842 453.4718 -0.2752 0.6862 263.1236 -0.0001 -0.0003 1.0000
0.3890 -0.0526 413.7934 -0.2904 0.7197 314.3782 -0.0001 -0.0001 1.0000
0.4333 -0.1587 414.7633 -0.2743 0.6520 302.3803 -0.0001 -0.0003 1.0000
1.0000 0.0000 0.0000 0.0000 1.0000 0.0000 0.0000 0.0000 1.0000
0.4445 -0.0662 469.6832 -0.2845 0.7902 204.9672 -0.0000 -0.0002 1.0000
0.4133 -0.2311 493.5865 -0.1826 0.6286 202.1253 -0.0000 -0.0005 1.0000
0.4398 0.1411 483.8505 -0.2896 0.9431 209.7217 -0.0001 0.0002 1.0000
1.0000 0.0000 0.0000 0.0000 1.0000 0.0000 0.0000 0.0000 1.0000
1.0000 0.0000 0.0000 0.0000 1.0000 0.0000 0.0000 0.0000 1.0000
1.0000 0.0000 0.0000 0.0000 1.0000 0.0000 0.0000 0.0000 1.0000
1.0000 0.0000 0.0000 0.0000 1.0000 0.0000 0.0000 0.0000 1.0000
1.0000 0.0000 0.0000 0.0000 1.0000 0.0000 0.0000 0.0000 1.0000
0.3719 -0.1747 507.7886 -0.2714 0.6787 274.0968 -0.0001 -0.0004 1.0000
0.3846 0.2222 464.9299 -0.3697 0.5343 301.7428 -0.0002 -0.0001 1.0000
1.0000 0.0000 0.0000 0.0000 1.0000 0.0000 0.0000 0.0000 1.0000
1.0000 0.0000 0.0000 0.0000 1.0000 0.0000 0.0000 0.0000 1.0000
1.0000 0.0000 0.0000 0.0000 1.0000 0.0000 0.0000 0.0000 1.0000
0.2104 -0.0367 691.4092 -0.4761 0.4842 243.4574 -0.0002 -0.0005 1.0000
-0.1328 0.1161 714.4365 -0.5191 0.4941 230.9513 -0.0005 -0.0003 1.0000
0.2210 0.3908 663.6110 -0.5465 0.5122 269.4485 -0.0001 -0.0001 1.0000
-0.0159 0.2965 668.1402 -0.5853 0.4111 301.1417 -0.0003 -0.0002 1.0000
0.3175 0.2887 649.2838 -0.5345 0.3948 335.4806 0.0001 -0.0003 1.0000
0.0331 0.1725 662.5189 -0.5849 0.3329 362.2134 -0.0002 -0.0004 1.0000
0.0666 0.0725 649.3771 -0.5346 0.2015 391.2702 -0.0001 -0.0006 1.0000
0.0053 0.4128 625.6303 -0.5886 0.3518 405.4598 -0.0002 -0.0003 1.0000
0.2753 0.7362 588.9178 -0.5661 0.4735 433.8931 0.0002 0.0000 1.0000
0.0211 0.3155 613.1102 -0.5756 0.1953 448.6683 -0.0001 -0.0004 1.0000
-0.1934 0.1302 631.0445 -0.5962 0.1359 440.7531 -0.0003 -0.0006 1.0000
-0.0829 0.1605 621.9567 -0.5601 0.0882 462.9009 -0.0002 -0.0006 1.0000
-0.1783 0.1752 618.8945 -0.5977 0.0731 474.1691 -0.0003 -0.0005 1.0000
-0.1130 0.4309 604.4857 -0.5978 0.2077 481.5230 -0.0002 -0.0003 1.0000
0.0400 0.6100 583.8633 -0.5463 0.2583 487.6617 0.0000 -0.0002 1.0000
-0.0380 0.5603 591.1318 -0.5642 0.2245 482.0531 -0.0000 -0.0002 1.0000
-0.1685 0.7592 583.2504 -0.6353 0.3097 479.5296 -0.0002 0.0000 1.0000
-0.2073 0.4524 593.2943 -0.6110 0.1232 466.7046 -0.0003 -0.0003 1.0000
-0.2833 0.6742 587.4873 -0.6489 0.1993 461.7751 -0.0003 -0.0000 1.0000
-0.0604 0.5591 573.6121 -0.5476 0.1214 448.0104 -0.0000 -0.0002 1.0000
-0.1426 0.8193 562.7258 -0.6239 0.1934 453.4035 -0.0001 0.0001 1.0000
-0.3869 0.5090 576.4093 -0.6301 0.0705 420.1683 -0.0005 -0.0002 1.0000
-0.1409 0.5750 556.6462 -0.5344 0.0559 419.5683 -0.0001 -0.0002 1.0000
-0.2264 0.8522 530.4408 -0.5986 0.1180 430.5362 -0.0002 0.0001 1.0000
-0.2689 0.6323 526.4142 -0.5743 0.0356 423.2256 -0.0002 -0.0002 1.0000
-0.3300 0.6666 504.8458 -0.6093 -0.0695 458.3406 -0.0003 -0.0001 1.0000
-0.1327 0.7321 461.6303 -0.5350 -0.0685 470.0386 -0.0000 -0.0002 1.0000
-0.1060 0.7117 436.8070 -0.5232 -0.1203 491.1175 0.0000 -0.0002 1.0000
-0.3256 0.7325 437.6068 -0.6180 -0.0527 498.5936 -0.0003 -0.0001 1.0000
-0.3097 0.4444 430.7100 -0.5516 -0.2231 498.0182 -0.0003 -0.0005 1.0000
-0.2376 0.6034 407.0815 -0.5407 -0.1943 529.1735 -0.0001 -0.0003 1.0000
-0.3238 0.6353 401.6119 -0.6062 -0.1739 546.7896 -0.0003 -0.0002 1.0000
-0.2340 0.6073 378.7819 -0.5288 -0.2143 550.2865 -0.0002 -0.0003 1.0000
-0.1915 0.5321 373.0773 -0.4961 -0.2573 559.0762 -0.0001 -0.0004 1.0000
-0.2495 0.6513 365.1287 -0.5363 -0.1598 564.7763 -0.0002 -0.0002 1.0000
-0.2753 0.6668 346.9341 -0.5605 -0.2063 580.5047 -0.0002 -0.0002 1.0000
-0.2488 0.7680 336.5747 -0.5475 -0.1090 585.9835 -0.0002 0.0000 1.0000
-0.3064 0.9143 315.6105 -0.6197 -0.0243 600.1354 -0.0003 0.0002 1.0000
-0.2917 0.9461 289.3325 -0.6120 -0.0028 596.7980 -0.0003 0.0003 1.0000
-0.2933 0.7479 289.5696 -0.5856 -0.1481 590.8290 -0.0003 -0.0001 1.0000
-0.2527 0.7931 259.5899 -0.5531 -0.1361 589.0982 -0.0002 -0.0001 1.0000
-0.1922 0.9746 233.8345 -0.5010 -0.0482 607.2289 0.0001 0.0002 1.0000
-0.2237 0.6934 241.0511 -0.5109 -0.2123 588.9857 -0.0001 -0.0002 1.0000
-0.2284 0.7535 227.5979 -0.5149 -0.1993 595.5590 -0.0001 -0.0001 1.0000
-0.2331 0.6790 221.0823 -0.5183 -0.2189 585.6649 -0.0001 -0.0002 1.0000
-0.3024 0.5990 234.2962 -0.5763 -0.2356 575.5763 -0.0004 -0.0003 1.0000
-0.2663 0.7402 216.0735 -0.5423 -0.1937 587.6101 -0.0002 -0.0001 1.0000
-0.2325 0.6869 215.8515 -0.5006 -0.2451 581.9570 -0.0001 -0.0002 1.0000
-0.2665 0.8005 215.4466 -0.5359 -0.1366 580.8423 -0.0002 0.0000 1.0000
-0.2651 0.7748 216.7203 -0.5186 -0.1733 577.9156 -0.0001 -0.0001 1.0000
-0.2162 0.7935 215.3006 -0.4649 -0.2083 583.7573 0.0001 -0.0001 1.0000
-0.3039 0.7060 229.4933 -0.5372 -0.2306 563.5982 -0.0003 -0.0002 1.0000
-0.2037 0.8424 223.9010 -0.4197 -0.2043 578.7499 0.0002 -0.0001 1.0000
-0.2652 0.7690 233.2313 -0.4781 -0.2070 559.3167 -0.0001 -0.0001 1.0000
-0.3667 0.7883 257.9288 -0.5685 -0.1745 566.5597 -0.0003 0.0001 1.0000
-0.3635 0.6753 272.7248 -0.5423 -0.2333 557.0757 -0.0003 -0.0001 1.0000
-0.3428 0.8295 269.8708 -0.5333 -0.2052 584.7160 -0.0002 0.0001 1.0000
-0.2857 0.7760 271.9598 -0.4613 -0.2604 579.8076 -0.0000 -0.0001 1.0000
-0.3636 0.8910 289.1303 -0.5246 -0.1831 597.4847 -0.0001 0.0001 1.0000
-0.3799 0.8304 299.7352 -0.5327 -0.2187 594.7436 -0.0002 0.0001 1.0000
-0.3802 0.6586 314.7747 -0.5196 -0.3225 584.4141 -0.0002 -0.0002 1.0000
-0.3406 0.8290 313.1510 -0.4946 -0.2463 601.8013 -0.0001 -0.0000 1.0000
-0.3896 0.8013 334.3900 -0.5178 -0.2378 604.7016 -0.0001 0.0000 1.0000
-0.3348 0.8872 334.9029 -0.4819 -0.2262 623.6340 0.0001 0.0001 1.0000
-0.3991 0.6347 349.0928 -0.5223 -0.3521 601.4670 -0.0002 -0.0003 1.0000
-0.3954 0.9717 334.0233 -0.5519 -0.1966 629.5326 -0.0001 0.0002 1.0000
-0.4057 0.7554 351.2365 -0.5599 -0.3049 619.7052 -0.0002 -0.0001 1.0000
-0.4320 0.7494 362.6042 -0.5768 -0.3194 625.4816 -0.0002 -0.0001 1.0000
-0.4532 0.8824 361.3663 -0.6201 -0.2454 634.9546 -0.0002 0.0001 1.0000
-0.4116 0.7367 371.4131 -0.5741 -0.3483 631.2001 -0.0001 -0.0001 1.0000
-0.4310 0.9290 368.2174 -0.6101 -0.2876 653.4261 -0.0001 0.0001 1.0000
-0.4359 0.9342 371.5060 -0.6266 -0.3201 661.4607 -0.0001 0.0001 1.0000
-0.4632 1.1079 380.0850 -0.6575 -0.2368 679.3507 -0.0000 0.0003 1.0000
-0.4708 0.9775 390.5086 -0.6519 -0.3137 668.6406 -0.0001 0.0001 1.0000
-0.4674 0.9690 395.4503 -0.6482 -0.3302 669.0906 -0.0000 0.0001 1.0000
-0.4806 1.0950 396.8383 -0.6637 -0.3091 686.2638 0.0000 0.0002 1.0000
-0.5398 1.0081 417.4254 -0.7107 -0.3335 683.9100 -0.0001 0.0002 1.0000
-0.4384 1.1202 408.4152 -0.6430 -0.4027 718.1846 0.0002 0.0002 1.0000
-0.5054 0.9810 431.2069 -0.6816 -0.4166 702.0799 0.0001 0.0001 1.0000
-0.6440 1.0207 437.8557 -0.7784 -0.3463 691.8727 -0.0002 0.0002 1.0000
-0.5432 1.0861 429.9938 -0.6950 -0.4080 707.8291 0.0001 0.0002 1.0000
-0.6386 1.1216 443.6111 -0.7597 -0.4030 714.8768 -0.0001 0.0003 1.0000
-0.6476 0.8906 458.9811 -0.7423 -0.5183 698.9985 -0.0001 -0.0000 1.0000
-0.6858 1.1362 460.0260 -0.8085 -0.4398 731.2078 -0.0001 0.0003 1.0000
-0.7187 1.1782 460.2935 -0.8204 -0.4564 735.4204 -0.0001 0.0003 1.0000
-0.7636 1.1498 470.8003 -0.8428 -0.4522 727.3999 -0.0002 0.0003 1.0000
-0.7207 1.2838 478.7060 -0.8028 -0.4972 761.3510 0.0001 0.0004 1.0000
-0.7794 1.1279 495.1788 -0.8344 -0.5513 749.5412 -0.0001 0.0002 1.0000
-0.7843 1.3196 505.9579 -0.8375 -0.5120 771.3394 0.0001 0.0004 1.0000
-0.8875 1.0845 520.2977 -0.9002 -0.5759 749.5323 -0.0003 0.0002 1.0000
-0.7693 1.1152 517.1597 -0.8172 -0.6724 765.2966 0.0001 0.0001 1.0000
-0.8622 1.0226 537.9274 -0.8680 -0.6739 755.7364 -0.0002 0.0001 1.0000
-0.8793 1.2278 529.6255 -0.9147 -0.6439 775.6562 -0.0001 0.0002 1.0000
-0.9209 1.1396 546.6465 -0.9432 -0.6334 764.6134 -0.0003 0.0002 1.0000
-0.9106 1.0959 548.0900 -0.9657 -0.6889 768.2575 -0.0002 0.0001 1.0000
-0.9449 1.1838 552.2442 -1.0133 -0.5421 747.6901 -0.0003 0.0003 1.0000
-0.8674 1.4699 537.3970 -1.0390 -0.4829 771.9320 -0.0001 0.0005 1.0000
-0.8555 1.3377 518.2984 -1.0689 -0.4483 737.8391 -0.0004 0.0003 1.0000
-0.7185 1.2098 511.0324 -1.0389 -0.3852 712.5381 -0.0002 0.0002 1.0000
-0.4685 1.5391 431.6898 -1.0495 -0.2369 716.1255 0.0001 0.0004 1.0000
-0.5157 1.2939 407.1805 -1.0790 -0.1142 650.5222 -0.0003 0.0002 1.0000
-0.3819 1.3594 385.3088 -1.1040 0.0067 651.7020 -0.0002 0.0004 1.0000
-0.2442 1.0729 357.9617 -1.0173 0.0872 583.0725 -0.0002 0.0001 1.0000
-0.2067 0.6629 358.7835 -0.8895 0.0570 516.3018 -0.0003 -0.0004 1.0000
0.1105 1.0835 280.0339 -0.9612 0.3516 546.1130 0.0000 0.0001 1.0000
0.0519 0.6870 303.3102 -0.8707 0.3088 490.2914 -0.0002 -0.0002 1.0000
0.1757 0.7101 287.9628 -0.8091 0.4025 482.6427 -0.0001 -0.0001 1.0000
0.1504 0.5567 289.7830 -0.7840 0.3917 466.7107 -0.0003 -0.0002 1.0000
0.4224 0.8410 245.1118 -0.6987 0.7601 440.9378 0.0001 0.0002 1.0000
0.3668 0.5203 258.1609 -0.6518 0.5539 428.1657 -0.0001 -0.0001 1.0000
0.5369 0.4593 244.6189 -0.5573 0.5875 414.4082 0.0001 -0.0002 1.0000
0.5296 0.4238 237.8553 -0.5240 0.6062 403.9505 0.0001 -0.0002 1.0000
0.2411 0.3411 270.3191 -0.6064 0.5741 395.4178 -0.0004 -0.0001 1.0000
0.4319 0.3596 254.6130 -0.5270 0.6439 389.8793 -0.0002 -0.0001 1.0000
0.4973 0.3527 253.3918 -0.5297 0.6985 387.1223 -0.0002 0.0000 1.0000
0.6018 0.1528 281.0621 -0.3363 0.5705 362.3040 0.0001 -0.0003 1.0000
0.4074 0.0450 322.7981 -0.3856 0.4936 360.8935 -0.0002 -0.0003 1.0000
0.3658 0.3289 321.1364 -0.4263 0.7626 347.7418 -0.0003 0.0002 1.0000
0.3279 0.0059 345.8783 -0.3946 0.4551 366.3589 -0.0003 -0.0003 1.0000
0.4301 0.1042 340.6664 -0.3213 0.6098 354.1342 -0.0002 -0.0002 1.0000
0.3851 0.0060 358.7646 -0.3073 0.5396 359.6396 -0.0002 -0.0003 1.0000
0.3757 -0.0254 376.4742 -0.3230 0.4897 381.2891 -0.0002 -0.0003 1.0000
0.3039 -0.1405 387.5153 -0.2916 0.3277 378.8027 -0.0003 -0.0006 1.0000
0.3524 0.0560 402.1202 -0.3249 0.5730 387.2684 -0.0003 -0.0001 1.0000
0.4686 0.0383 406.8373 -0.2360 0.5653 382.6592 -0.0001 -0.0001 1.0000
0.4037 0.0449 426.5661 -0.2409 0.5808 373.5445 -0.0001 -0.0001 1.0000
0.2486 -0.0946 444.0803 -0.3245 0.4254 385.8884 -0.0004 -0.0003 1.0000
0.1881 -0.0870 456.3092 -0.3269 0.3898 384.7761 -0.0004 -0.0003 1.0000
0.4040 0.0208 447.7454 -0.2118 0.5827 358.6434 -0.0001 -0.0001 1.0000
0.4298 0.0611 453.7267 -0.1866 0.6686 342.5110 -0.0001 0.0000 1.0000
0.3978 -0.1620 467.9820 -0.1601 0.4334 342.0920 -0.0001 -0.0004 1.0000
0.4597 0.0610 457.4146 -0.1479 0.7069 310.9535 -0.0001 0.0000 1.0000
0.4554 -0.1816 467.6697 -0.1163 0.4594 317.4846 -0.0000 -0.0003 1.0000
0.3015 -0.0030 464.1126 -0.2199 0.5821 311.7056 -0.0003 -0.0000 1.0000
0.4205 -0.0581 455.2786 -0.1373 0.5402 299.6163 -0.0001 -0.0002 1.0000
0.3178 -0.1671 466.8569 -0.1727 0.4376 302.3885 -0.0002 -0.0003 1.0000
0.2980 0.0089 454.3007 -0.2013 0.5590 296.5890 -0.0003 -0.0000 1.0000
0.2946 -0.1688 459.0653 -0.1981 0.4306 299.3383 -0.0003 -0.0003 1.0000
0.3530 -0.0048 451.4475 -0.1697 0.5522 291.6479 -0.0002 -0.0000 1.0000
0.3253 0.0387 448.7613 -0.1889 0.6156 284.4870 -0.0003 0.0001 1.0000
0.1921 -0.1476 460.7344 -0.2346 0.4081 298.6885 -0.0004 -0.0003 1.0000
0.3049 -0.1072 452.4955 -0.1819 0.4745 290.1401 -0.0003 -0.0002 1.0000
0.3293 0.0554 442.8364 -0.1896 0.6088 284.8342 -0.0003 0.0000 1.0000
0.3021 -0.1571 446.7002 -0.1975 0.4297 296.5751 -0.0003 -0.0003 1.0000
0.3097 -0.0532 432.8994 -0.2054 0.5145 291.8298 -0.0003 -0.0001 1.0000
0.3615 -0.1613 436.5926 -0.1807 0.4299 299.7612 -0.0002 -0.0003 1.0000
0.3385 -0.0990 431.2414 -0.1935 0.4692 297.3529 -0.0003 -0.0002 1.0000
0.4254 -0.1282 421.7297 -0.1456 0.4362 291.8272 -0.0002 -0.0003 1.0000
0.4118 -0.0073 424.1212 -0.1838 0.5508 293.1652 -0.0002 -0.0001 1.0000
0.2814 -0.1351 445.9221 -0.2153 0.4057 302.7678 -0.0003 -0.0003 1.0000
0.4042 -0.0491 438.4129 -0.1545 0.5105 290.7574 -0.0002 -0.0002 1.0000
0.4744 -0.0655 431.0366 -0.1219 0.5013 290.1002 -0.0001 -0.0002 1.0000
0.4176 -0.0818 412.6513 -0.1617 0.4704 290.1685 -0.0002 -0.0003 1.0000
0.3102 -0.0586 399.7719 -0.2467 0.4436 302.9830 -0.0004 -0.0002 1.0000
0.3060 -0.0954 383.9069 -0.2561 0.4171 307.8210 -0.0004 -0.0003 1.0000
0.4265 -0.0133 355.5729 -0.2104 0.4746 312.2458 -0.0002 -0.0002 1.0000
0.3797 0.0185 336.4617 -0.2394 0.4651 319.1349 -0.0003 -0.0002 1.0000
0.4401 0.0299 310.6491 -0.2283 0.4648 324.5798 -0.0002 -0.0002 1.0000
0.3258 0.0233 310.3811 -0.3003 0.4080 343.8282 -0.0004 -0.0002 1.0000
0.3675 -0.0299 304.2152 -0.2474 0.3748 340.4986 -0.0003 -0.0003 1.0000
0.3602 -0.0286 301.1400 -0.2487 0.3619 348.0234 -0.0003 -0.0003 1.0000
0.4015 -0.0778 300.4160 -0.2135 0.2886 357.1137 -0.0002 -0.0005 1.0000
0.2437 0.0230 302.2588 -0.3315 0.3680 356.7404 -0.0005 -0.0003 1.0000
0.3143 0.0814 299.3504 -0.2977 0.4401 353.8545 -0.0004 -0.0001 1.0000
0.3607 0.0473 308.7171 -0.2718 0.4210 351.7951 -0.0003 -0.0002 1.0000
0.3295 -0.0106 323.7651 -0.2618 0.3037 356.3253 -0.0003 -0.0003 1.0000
0.2934 0.0332 337.7739 -0.2808 0.3701 345.9540 -0.0003 -0.0002 1.0000
0.2812 0.0297 354.5963 -0.2729 0.3506 340.4589 -0.0003 -0.0002 1.0000
0.2750 0.0551 369.8560 -0.2956 0.3839 336.3197 -0.0004 -0.0001 1.0000
0.1694 -0.0086 391.7291 -0.3288 0.2990 331.9918 -0.0005 -0.0003 1.0000
0.2970 -0.0194 394.8690 -0.2748 0.2840 322.2314 -0.0003 -0.0004 1.0000
0.1335 -0.0329 426.6160 -0.3196 0.2587 315.6532 -0.0004 -0.0003 1.0000
0.0633 -0.0756 452.2655 -0.3104 0.2245 307.1082 -0.0005 -0.0004 1.0000
0.2047 0.0404 434.0704 -0.2666 0.3131 292.8020 -0.0003 -0.0003 1.0000
0.1818 0.1551 427.6106 -0.2897 0.3532 292.8952 -0.0003 -0.0001 1.0000
0.0662 0.1538 428.3778 -0.3539 0.3316 301.2951 -0.0005 -0.0001 1.0000
-0.0177 0.0517 439.4953 -0.3711 0.2420 309.4888 -0.0006 -0.0002 1.0000
0.1225 0.2849 415.6275 -0.3515 0.3866 316.1651 -0.0004 0.0001 1.0000
0.0473 0.1595 422.0079 -0.3786 0.2817 331.5332 -0.0005 -0.0001 1.0000
0.1331 0.2600 419.9247 -0.3399 0.3798 332.9359 -0.0004 -0.0000 1.0000
0.2150 0.1764 426.9802 -0.2751 0.3193 339.9599 -0.0002 -0.0002 1.0000
0.0876 0.2843 440.6121 -0.3615 0.3231 367.1144 -0.0004 -0.0001 1.0000
0.0366 0.2433 462.8318 -0.3862 0.2818 380.4670 -0.0004 -0.0001 1.0000
-0.0385 0.3490 481.2145 -0.4550 0.3101 398.7441 -0.0005 0.0000 1.0000
0.0028 0.0080 519.4790 -0.3854 0.0851 401.1331 -0.0004 -0.0005 1.0000
-0.0632 0.1441 542.5231 -0.4730 0.1516 419.8141 -0.0005 -0.0002 1.0000
-0.1891 0.0718 569.2267 -0.5037 0.0955 411.0669 -0.0006 -0.0003 1.0000
-0.1235 0.1960 580.5244 -0.4739 0.1714 396.9823 -0.0005 -0.0001 1.0000
-0.1362 0.0078 603.0809 -0.4307 0.0957 375.7240 -0.0005 -0.0004 1.0000
-0.1433 0.0364 632.6461 -0.4136 0.1094 372.7514 -0.0005 -0.0003 1.0000
0.0482 0.0252 625.7068 -0.3195 0.1302 364.4226 -0.0002 -0.0004 1.0000
-0.1479 0.0040 647.6853 -0.3909 0.1185 378.8175 -0.0005 -0.0003 1.0000
-0.1574 0.0547 652.4238 -0.4009 0.1243 396.2096 -0.0005 -0.0002 1.0000
-0.1491 0.1580 633.2179 -0.4848 0.1893 418.0193 -0.0006 -0.0001 1.0000
-0.0910 0.1341 631.5194 -0.4026 0.1775 409.9367 -0.0004 -0.0002 1.0000
-0.0928 0.0006 629.0265 -0.3885 0.0994 414.3351 -0.0004 -0.0003 1.0000
-0.0114 -0.0169 606.7478 -0.3117 0.1265 399.7753 -0.0003 -0.0004 1.0000
-0.0850 0.2114 582.2350 -0.3957 0.2300 427.5611 -0.0005 -0.0000 1.0000
1.0000 0.0000 0.0000 0.0000 1.0000 0.0000 0.0000 0.0000 1.0000
0.0594 -0.0171 514.6768 -0.3675 0.0880 456.7100 -0.0003 -0.0003 1.0000
-0.0184 -0.1212 504.5763 -0.3822 0.0176 464.0372 -0.0005 -0.0004 1.0000
0.0770 0.0610 479.9025 -0.3134 0.2041 435.7681 -0.0003 -0.0002 1.0000
0.1136 -0.0602 457.4322 -0.2512 0.1352 420.5913 -0.0003 -0.0003 1.0000
0.2591 -0.0075 387.1786 -0.2339 0.2305 411.8362 -0.0003 -0.0002 1.0000
1.0000 0.0000 0.0000 0.0000 1.0000 0.0000 0.0000 0.0000 1.0000
0.1694 -0.0064 321.3920 -0.2208 0.2626 382.6563 -0.0004 -0.0002 1.0000
0.1618 -0.0734 315.2264 -0.1796 0.1565 371.7161 -0.0003 -0.0003 1.0000
1.0000 0.0000 0.0000 0.0000 1.0000 0.0000 0.0000 0.0000 1.0000
0.2001 -0.0694 309.2938 -0.1385 0.1922 313.5185 -0.0002 -0.0003 1.0000
0.1566 -0.1249 323.4292 -0.1823 0.1184 305.0173 -0.0003 -0.0004 1.0000
0.3039 -0.0040 308.6518 -0.1043 0.2788 266.8118 -0.0001 -0.0002 1.0000
0.0918 -0.0158 319.2977 -0.2232 0.1939 278.3689 -0.0005 -0.0003 1.0000
0.1327 0.0499 312.5063 -0.1997 0.2730 282.8567 -0.0004 -0.0000 1.0000
0.1210 -0.0018 314.7500 -0.1794 0.2338 281.0259 -0.0004 -0.0002 1.0000
0.2110 -0.0726 306.9441 -0.1729 0.1286 290.4876 -0.0002 -0.0004 1.0000
0.1460 -0.1055 331.0635 -0.1973 0.1134 284.6109 -0.0003 -0.0004 1.0000
0.0641 -0.0720 345.1488 -0.2566 0.1416 276.7241 -0.0005 -0.0004 1.0000
0.0736 -0.0406 382.7780 -0.1920 0.1818 276.9421 -0.0003 -0.0003 1.0000
0.0045 -0.1145 394.7097 -0.2263 0.1241 276.7288 -0.0005 -0.0004 1.0000
0.1715 -0.1122 414.0989 -0.1316 0.1323 281.2726 -0.0001 -0.0004 1.0000
0.0037 -0.0281 431.3986 -0.2256 0.1435 296.4066 -0.0004 -0.0003 1.0000
-0.0215 -0.0724 432.6103 -0.3078 0.0918 314.0113 -0.0005 -0.0003 1.0000
0.0789 -0.0744 448.0264 -0.1931 0.1462 284.4705 -0.0003 -0.0004 1.0000
0.1811 0.0800 424.7289 -0.2056 0.2139 313.0706 -0.0002 -0.0001 1.0000
0.1062 -0.0285 432.9859 -0.2000 0.1215 321.6511 -0.0002 -0.0003 1.0000
-0.0658 0.0496 433.4043 -0.2927 0.1461 330.7688 -0.0005 -0.0002 1.0000
-0.0841 0.0922 423.2830 -0.3240 0.1663 338.5016 -0.0006 -0.0001 1.0000
0.0177 0.0027 418.9500 -0.2992 0.0798 355.5473 -0.0004 -0.0003 1.0000
-0.0068 0.0756 421.5666 -0.2894 0.1119 361.1386 -0.0004 -0.0002 1.0000
-0.0000 0.2008 424.9786 -0.2849 0.1610 370.9004 -0.0003 -0.0001 1.0000
0.0494 -0.0058 446.4243 -0.2638 -0.0363 387.5912 -0.0002 -0.0005 1.0000
0.0132 0.1287 482.9185 -0.3410 0.0572 403.7420 -0.0003 -0.0002 1.0000
-0.0520 0.0738 522.2179 -0.2990 -0.0436 386.1529 -0.0002 -0.0003 1.0000
1.0000 0.0000 0.0000 0.0000 1.0000 0.0000 0.0000 0.0000 1.0000
1.0000 0.0000 0.0000 0.0000 1.0000 0.0000 0.0000 0.0000 1.0000
-0.0209 -0.1398 660.0542 -0.2860 -0.1079 331.6636 -0.0001 -0.0005 1.0000
1.0000 0.0000 0.0000 0.0000 1.0000 0.0000 0.0000 0.0000 1.0000
-0.2758 0.0320 708.7258 -0.3167 -0.0453 288.6516 -0.0004 -0.0003 1.0000
-0.2524 -0.0690 715.8323 -0.3203 -0.0602 291.1462 -0.0004 -0.0004 1.0000
-0.3041 0.0105 699.0219 -0.3801 -0.0239 314.4002 -0.0005 -0.0003 1.0000
-0.0837 -0.0168 677.2803 -0.2901 -0.0029 316.4438 -0.0002 -0.0003 1.0000
1.0000 0.0000 0.0000 0.0000 1.0000 0.0000 0.0000 0.0000 1.0000
1.0000 0.0000 0.0000 0.0000 1.0000 0.0000 0.0000 0.0000 1.0000
1.0000 0.0000 0.0000 0.0000 1.0000 0.0000 0.0000 0.0000 1.0000
0.0842 -0.1990 462.0834 -0.2362 -0.1053 408.7083 -0.0002 -0.0007 1.0000
0.3074 -0.1212 407.7844 -0.1378 -0.0100 413.9884 0.0001 -0.0005 1.0000
0.1887 0.0094 372.5489 -0.1598 0.0888 393.2903 -0.0001 -0.0003 1.0000
0.0290 -0.1195 358.9012 -0.2432 0.0200 374.3920 -0.0004 -0.0005 1.0000
0.0572 -0.0049 346.1928 -0.2068 0.1643 352.7045 -0.0004 -0.0002 1.0000
0.0214 -0.0089 344.7790 -0.2114 0.2192 328.2730 -0.0005 -0.0001 1.0000
0.0934 -0.0627 345.9344 -0.1369 0.1441 322.2557 -0.0003 -0.0002 1.0000
0.0539 -0.0515 350.9244 -0.1513 0.1817 311.8884 -0.0004 -0.0002 1.0000
-0.0189 -0.1291 357.6484 -0.1848 0.1012 317.4989 -0.0005 -0.0003 1.0000
0.0265 -0.2221 368.1631 -0.1263 0.0646 317.7977 -0.0004 -0.0005 1.0000
0.0703 -0.1947 369.3853 -0.0751 0.1605 317.2370 -0.0003 -0.0004 1.0000
-0.0383 -0.1462 379.3426 -0.1609 0.1883 340.2568 -0.0005 -0.0002 1.0000
0.1553 -0.1749 381.7388 0.0331 0.2264 346.8960 -0.0001 -0.0002 1.0000
0.0543 -0.1912 376.3373 -0.0649 0.1034 378.2909 -0.0003 -0.0003 1.0000
0.0920 -0.1640 383.8306 -0.0060 0.2154 373.9790 -0.0002 -0.0001 1.0000
0.0840 -0.2410 375.4050 -0.0139 0.1097 370.9601 -0.0003 -0.0003 1.0000
0.0742 -0.2081 376.6598 0.0012 0.1374 366.3086 -0.0003 -0.0002 1.0000
0.0027 -0.2480 384.0455 -0.0596 0.0996 356.1966 -0.0004 -0.0003 1.0000
0.0092 -0.2704 386.5188 -0.0464 0.0692 347.9212 -0.0004 -0.0003 1.0000
0.0470 -0.2872 396.1064 0.0022 0.0546 339.4284 -0.0003 -0.0004 1.0000
0.0355 -0.2928 405.1138 0.0010 0.0437 333.3713 -0.0003 -0.0004 1.0000
0.0485 -0.1270 414.5106 0.0196 0.2505 319.0111 -0.0003 0.0001 1.0000
-0.0406 -0.1948 421.8660 -0.0621 0.1335 321.6001 -0.0005 -0.0001 1.0000
-0.0202 -0.2978 436.2248 -0.0309 0.0046 326.3570 -0.0004 -0.0004 1.0000
-0.0929 -0.3334 447.0446 -0.0907 -0.0207 326.0755 -0.0005 -0.0005 1.0000
-0.0179 -0.3373 452.0661 -0.0241 -0.0151 323.4705 -0.0004 -0.0005 1.0000
-0.0499 -0.2881 453.2156 -0.0523 0.0281 322.2617 -0.0004 -0.0004 1.0000
-0.0072 -0.2471 456.7619 -0.0133 0.0839 314.7404 -0.0003 -0.0003 1.0000
-0.0711 -0.2478 460.1485 -0.0672 0.0707 316.8594 -0.0005 -0.0003 1.0000
-0.0221 -0.3367 465.0076 -0.0236 0.0044 313.1575 -0.0004 -0.0004 1.0000
-0.0884 -0.1817 468.4337 -0.0685 0.1103 312.2440 -0.0005 -0.0001 1.0000
-0.0616 -0.2852 481.5053 -0.0528 0.0433 310.5319 -0.0004 -0.0003 1.0000
-0.0107 -0.2146 486.0061 -0.0094 0.1238 299.9916 -0.0003 -0.0002 1.0000
-0.0051 -0.2371 492.9135 -0.0030 0.1137 296.1340 -0.0003 -0.0002 1.0000
-0.0944 -0.2357 499.3379 -0.0566 0.1145 296.1899 -0.0005 -0.0002 1.0000
-0.0016 -0.3053 498.6459 -0.0074 0.0509 295.3259 -0.0003 -0.0004 1.0000
0.0095 -0.2145 499.1624 0.0007 0.1114 294.6324 -0.0003 -0.0002 1.0000
-0.0112 -0.2304 505.6033 -0.0154 0.0957 297.4398 -0.0003 -0.0002 1.0000
-0.0622 -0.2418 508.4274 -0.0518 0.0715 300.1733 -0.0004 -0.0003 1.0000
-0.0367 -0.2597 514.4766 -0.0345 0.0687 299.0890 -0.0004 -0.0003 1.0000
-0.0705 -0.2495 519.1329 -0.0624 0.0716 302.1637 -0.0004 -0.0003 1.0000
-0.0324 -0.1996 525.0677 -0.0370 0.1282 298.5782 -0.0004 -0.0002 1.0000
-0.1634 -0.2771 532.2020 -0.1227 0.0403 309.0634 -0.0006 -0.0003 1.0000
0.0182 -0.3312 536.6162 -0.0030 0.0169 308.2821 -0.0003 -0.0004 1.0000
-0.0162 -0.2411 538.4196 -0.0261 0.0838 308.4403 -0.0003 -0.0003 1.0000
-0.0648 -0.2887 542.4047 -0.0611 0.0425 314.5971 -0.0004 -0.0004 1.0000
-0.0583 -0.2016 542.3088 -0.0626 0.1038 317.7193 -0.0004 -0.0002 1.0000
-0.0789 -0.2484 542.7395 -0.0804 0.0695 322.4919 -0.0004 -0.0003 1.0000
0.0440 -0.2179 540.4383 -0.0050 0.1143 322.0698 -0.0002 -0.0002 1.0000
-0.1315 -0.2989 539.0127 -0.1253 0.0189 334.3474 -0.0005 -0.0004 1.0000
-0.1777 -0.1373 534.9351 -0.1683 0.1596 334.1942 -0.0006 -0.0001 1.0000
-0.0393 -0.3236 529.1049 -0.0715 0.0093 340.4643 -0.0004 -0.0005 1.0000
-0.2101 -0.3518 526.9239 -0.2005 -0.0605 356.7290 -0.0006 -0.0005 1.0000
-0.1762 -0.4287 523.0667 -0.1718 -0.1100 354.8267 -0.0006 -0.0007 1.0000
-0.0165 -0.3926 510.0814 -0.0716 -0.0721 353.4503 -0.0003 -0.0006 1.0000
-0.2443 -0.1301 500.6821 -0.2528 0.1083 358.6354 -0.0007 -0.0002 1.0000
-0.1882 -0.2987 492.9098 -0.2161 -0.0362 361.5059 -0.0006 -0.0005 1.0000
-0.1826 -0.2020 476.1081 -0.2290 0.0408 356.6243 -0.0007 -0.0003 1.0000
-0.1548 -0.2765 467.5919 -0.2096 -0.0220 355.0363 -0.0007 -0.0005 1.0000
0.0978 -0.2624 453.6745 -0.0205 0.0279 342.8022 -0.0002 -0.0004 1.0000
0.0937 -0.2615 446.8767 -0.0082 0.0170 338.1776 -0.0002 -0.0004 1.0000
-0.0699 -0.2630 437.3544 -0.1423 -0.0106 339.1638 -0.0005 -0.0005 1.0000
-0.0810 -0.2086 430.6717 -0.1562 0.0614 330.9972 -0.0006 -0.0003 1.0000
-0.0095 -0.1832 421.5733 -0.0974 0.0824 323.7325 -0.0004 -0.0003 1.0000
0.0113 -0.2511 412.8344 -0.0689 0.0344 312.2542 -0.0004 -0.0005 1.0000
0.0278 -0.2034 407.3718 -0.0610 0.0713 310.5953 -0.0003 -0.0003 1.0000
