1.0000 -0.0000 0.0000 -0.0000 1.0000 0.0000 -0.0000 -0.0000 1.0000
0.8765 -0.0163 48.5273 -0.0267 0.9198 27.9312 -0.0001 -0.0000 1.0000
0.7722 -0.0304 89.0355 -0.0494 0.8513 51.6825 -0.0001 -0.0001 1.0000
1.0105 0.1251 -71.7632 -0.0090 1.0586 -12.6661 -0.0000 0.0001 1.0000
1.4035 -0.2432 -174.4108 0.1353 1.0092 -73.4159 0.0003 -0.0003 1.0000
0.1860 -0.1383 371.6557 -0.1768 0.4727 192.9245 -0.0004 -0.0002 1.0000
0.1671 -0.0868 353.7173 -0.1913 0.4816 197.2052 -0.0005 -0.0001 1.0000
2.3372 1.5026 -1164.4322 0.1633 2.5532 -450.9787 0.0002 0.0014 1.0000
0.3770 1.1084 -107.2662 -0.2839 1.3643 26.4846 -0.0007 0.0011 1.0000
0.5349 0.2154 64.7016 -0.1374 0.8339 88.0630 -0.0004 0.0001 1.0000
-0.1955 0.6790 282.8340 -0.3703 0.7848 199.6608 -0.0009 0.0006 1.0000
0.4926 -0.0418 136.1885 -0.1239 0.6052 137.7541 -0.0003 -0.0002 1.0000
0.7050 0.1836 -25.7210 -0.0910 0.8888 51.5203 -0.0003 0.0001 1.0000
0.2091 -0.1152 303.0604 -0.1765 0.4608 187.0356 -0.0004 -0.0002 1.0000
0.1830 -0.1199 313.5130 -0.1826 0.4415 193.6743 -0.0005 -0.0002 1.0000
0.2672 -0.3516 325.5076 -0.1381 0.2907 212.6796 -0.0003 -0.0005 1.0000
0.3185 -0.0488 206.6022 -0.1635 0.5042 174.1921 -0.0004 -0.0002 1.0000
1.2930 0.1007 -369.2191 0.0695 1.0014 -60.7104 0.0000 -0.0002 1.0000
-0.1020 0.0123 408.7560 -0.2695 0.3776 246.8034 -0.0007 -0.0001 1.0000
0.0762 -0.1416 361.6385 -0.2072 0.3634 220.7399 -0.0005 -0.0003 1.0000
0.0729 -0.0972 336.3069 -0.2154 0.3456 231.7399 -0.0005 -0.0002 1.0000
0.7252 0.0398 -76.3829 -0.0659 0.6752 77.1265 -0.0003 -0.0002 1.0000
0.1069 0.0454 276.0063 -0.2302 0.4656 211.2606 -0.0006 -0.0001 1.0000
1.8119 0.2248 -727.1107 0.1934 1.2498 -190.6874 0.0002 -0.0002 1.0000
-0.0027 -0.1605 401.7027 -0.2276 0.3049 245.5316 -0.0006 -0.0003 1.0000
0.1017 -0.2028 342.0165 -0.2077 0.2665 253.6682 -0.0005 -0.0004 1.0000
0.2875 -0.1034 208.6436 -0.1591 0.4278 180.1534 -0.0004 -0.0003 1.0000
0.2271 0.2822 129.5372 -0.2346 0.6560 167.0625 -0.0006 0.0001 1.0000
0.2782 -0.0971 204.5916 -0.1781 0.4005 203.4031 -0.0004 -0.0003 1.0000
0.0713 0.0021 302.0785 -0.2345 0.4122 225.0935 -0.0006 -0.0002 1.0000
0.0435 -0.1724 357.0708 -0.2227 0.2555 258.3952 -0.0005 -0.0003 1.0000
1.1320 0.4219 -447.3083 -0.0248 1.0428 -33.8294 -0.0002 0.0001 1.0000
0.4644 -0.0040 52.2356 -0.1450 0.4995 159.5511 -0.0004 -0.0003 1.0000
-0.0115 -0.1745 374.0521 -0.2456 0.2121 280.0309 -0.0006 -0.0004 1.0000
0.5584 0.0997 -46.0899 -0.1371 0.5858 131.0480 -0.0004 -0.0002 1.0000
0.0441 -0.1423 304.7915 -0.2152 0.2165 247.9485 -0.0006 -0.0004 1.0000
0.2411 -0.3531 243.6708 -0.1543 0.1199 248.0243 -0.0004 -0.0007 1.0000
0.1065 -0.1483 248.4104 -0.2053 0.2025 243.8253 -0.0005 -0.0004 1.0000
0.5945 0.6124 -309.6025 -0.1926 0.8069 81.6265 -0.0006 0.0002 1.0000
0.3105 0.2945 -9.9054 -0.2251 0.5578 169.0426 -0.0006 -0.0000 1.0000
0.3148 0.1682 25.2888 -0.2213 0.4702 195.6682 -0.0005 -0.0001 1.0000
0.4117 0.2715 -62.4780 -0.2188 0.5757 171.4525 -0.0005 -0.0001 1.0000
1.1176 0.2739 -517.0009 -0.0703 0.7590 55.1262 -0.0002 -0.0003 1.0000
0.5262 0.3000 -159.6130 -0.2057 0.6087 157.4194 -0.0005 -0.0001 1.0000
0.4155 0.1208 -43.3515 -0.2099 0.4442 201.1399 -0.0005 -0.0002 1.0000
0.0750 0.1234 143.3620 -0.2814 0.3059 263.3540 -0.0007 -0.0002 1.0000
0.6505 0.4222 -339.0509 -0.1944 0.6170 139.6863 -0.0005 -0.0001 1.0000
0.5838 -0.1365 -106.9419 -0.1375 0.2690 202.0324 -0.0003 -0.0006 1.0000
0.8186 0.2255 -364.1146 -0.1476 0.5784 138.3557 -0.0003 -0.0003 1.0000
0.8658 0.2492 -410.6427 -0.1443 0.5931 133.6188 -0.0003 -0.0003 1.0000
0.9152 0.2776 -462.3304 -0.1400 0.6088 126.6657 -0.0003 -0.0003 1.0000
0.7059 0.2768 -331.7229 -0.1821 0.5508 158.6099 -0.0004 -0.0002 1.0000
1.0177 0.3374 -570.9370 -0.1315 0.6414 112.2645 -0.0003 -0.0003 1.0000
1.0702 0.3682 -625.7006 -0.1274 0.6581 105.3966 -0.0002 -0.0003 1.0000
1.1237 0.3997 -681.0590 -0.1232 0.6752 98.1391 -0.0002 -0.0003 1.0000
0.9928 0.4190 -622.7198 -0.1477 0.6216 116.1606 -0.0003 -0.0003 1.0000
1.2344 0.4655 -795.4131 -0.1150 0.7105 84.2590 -0.0002 -0.0003 1.0000
0.8158 0.2773 -442.8030 -0.1719 0.5261 156.2097 -0.0003 -0.0003 1.0000
0.6572 0.2786 -342.5795 -0.2048 0.4820 182.0579 -0.0004 -0.0003 1.0000
0.6803 0.3781 -395.8519 -0.2147 0.5344 174.7404 -0.0005 -0.0002 1.0000
1.3232 0.6953 -947.1377 -0.1481 0.8454 73.2549 -0.0002 -0.0001 1.0000
0.6468 0.2238 -333.2128 -0.2043 0.4102 200.9958 -0.0004 -0.0004 1.0000
1.1622 0.4841 -784.5026 -0.1380 0.6662 101.8599 -0.0003 -0.0003 1.0000
1.1799 0.8184 -907.6732 -0.1952 0.8711 87.9741 -0.0004 0.0000 1.0000
0.6315 0.0873 -284.0950 -0.1772 0.3163 206.6059 -0.0004 -0.0005 1.0000
0.4959 0.0537 -189.4735 -0.2103 0.2664 235.6122 -0.0004 -0.0005 1.0000
0.5976 0.1686 -296.8357 -0.2087 0.3566 216.5822 -0.0004 -0.0004 1.0000
0.7737 0.3275 -476.3390 -0.1978 0.4694 187.9602 -0.0004 -0.0003 1.0000
1.6236 0.7296 -1212.6453 -0.1000 0.8760 46.8890 -0.0001 -0.0003 1.0000
1.3626 0.6394 -1011.8401 -0.1342 0.7400 96.8904 -0.0002 -0.0003 1.0000
1.0889 0.4834 -768.6265 -0.1727 0.5977 153.5300 -0.0003 -0.0003 1.0000
0.9857 0.6458 -776.2440 -0.2278 0.6312 174.1440 -0.0004 -0.0001 1.0000
2.3503 1.1645 -1968.3606 -0.0421 1.0529 -8.5552 0.0001 -0.0003 1.0000
0.6418 0.3630 -445.0597 -0.2339 0.4084 218.3364 -0.0005 -0.0003 1.0000
2.5256 1.2824 -2167.9794 -0.0304 1.1073 -24.2243 0.0001 -0.0003 1.0000
1.2694 0.7413 -1042.5919 -0.1840 0.7060 135.7446 -0.0003 -0.0002 1.0000
1.0047 0.7871 -863.2392 -0.2569 0.7388 165.2459 -0.0005 0.0000 1.0000
2.1180 1.4474 -1923.4357 -0.1476 1.2753 -7.9099 -0.0002 0.0002 1.0000
1.8732 1.2647 -1706.7059 -0.1785 1.0607 62.8127 -0.0002 0.0000 1.0000
1.0795 0.6889 -923.8263 -0.2386 0.5953 197.9805 -0.0004 -0.0002 1.0000
2.7241 1.4696 -2453.8090 -0.0514 1.1590 -7.1850 0.0001 -0.0003 1.0000
2.6509 1.5694 -2421.1448 -0.1047 1.2757 1.9440 0.0001 -0.0001 1.0000
2.2281 1.4951 -2090.3130 -0.1728 1.1994 42.1296 -0.0001 0.0001 1.0000
2.6809 1.5899 -2479.2735 -0.0980 1.2524 -1.6438 0.0001 -0.0001 1.0000
1.0761 0.7024 -954.9050 -0.2555 0.5678 217.6009 -0.0004 -0.0002 1.0000
0.8027 0.4472 -659.1065 -0.2675 0.3537 278.3151 -0.0005 -0.0004 1.0000
0.9803 0.4944 -809.3044 -0.2320 0.4205 241.0644 -0.0004 -0.0004 1.0000
1.3544 0.6275 -1148.1621 -0.1834 0.5083 203.0189 -0.0002 -0.0005 1.0000
2.2721 1.4579 -2159.8500 -0.1937 1.0809 100.0980 -0.0001 -0.0001 1.0000
2.6325 1.4017 -2421.5210 -0.1175 1.0125 94.2533 0.0001 -0.0004 1.0000
3.8184 2.1239 -3600.1796 -0.0091 1.5478 -76.2745 0.0005 -0.0003 1.0000
1.8258 0.9912 -1659.9731 -0.1906 0.7318 176.8252 -0.0001 -0.0004 1.0000
3.3854 1.9650 -3230.2135 -0.0975 1.3837 15.9576 0.0003 -0.0003 1.0000
2.6156 1.5180 -2482.9200 -0.1555 1.0554 103.8070 0.0001 -0.0003 1.0000
3.2057 1.9230 -3114.7589 -0.1115 1.2815 30.8816 0.0002 -0.0003 1.0000
3.2406 1.9567 -3163.3854 -0.1166 1.2904 33.1448 0.0002 -0.0003 1.0000
1.8230 1.5354 -1918.4516 -0.3258 0.9910 181.8600 -0.0004 0.0002 1.0000
2.7930 2.0601 -2882.6928 -0.2472 1.2879 96.3777 -0.0001 0.0001 1.0000
3.3468 2.0590 -3309.6632 -0.1324 1.3173 39.7722 0.0002 -0.0003 1.0000
3.3823 2.0931 -3357.8292 -0.1380 1.3263 41.4338 0.0003 -0.0003 1.0000
3.5361 2.2230 -3539.8976 -0.1458 1.3844 36.9384 0.0003 -0.0003 1.0000
3.6992 2.3601 -3731.8142 -0.1543 1.4459 31.4846 0.0003 -0.0002 1.0000
4.6071 3.0010 -4700.7536 -0.1650 1.8055 -6.0748 0.0005 -0.0001 1.0000
-28.6430 -21.6448 31003.3672 -0.6331 -13.4495 2884.1976 -0.0067 -0.0068 1.0000
4.3565 2.9720 -4514.0221 -0.2380 1.7453 46.4215 0.0004 -0.0000 1.0000
12.3029 8.9086 -13101.7824 -0.1742 5.3607 -611.7551 0.0021 0.0016 1.0000
7.3577 5.0505 -7720.3676 -0.1716 2.9366 -189.6783 0.0011 0.0003 1.0000
4.9215 3.3789 -5163.9148 -0.2174 1.8974 0.1384 0.0005 -0.0000 1.0000
2.8896 1.9876 -3005.0134 -0.2951 1.0598 199.8645 0.0000 -0.0002 1.0000
5.4519 3.8181 -5782.6778 -0.2441 2.0904 -10.0326 0.0006 0.0000 1.0000
4.7009 3.3667 -5006.0388 -0.3108 1.8381 80.8025 0.0004 0.0001 1.0000
9.9185 7.6909 -10902.2973 -0.3933 4.2636 -299.2566 0.0013 0.0014 1.0000
3.9885 2.8964 -4271.9901 -0.3218 1.5368 128.8265 0.0002 -0.0000 1.0000
17.5445 13.6852 -19413.6403 -0.5219 7.6532 -799.9526 0.0027 0.0029 1.0000
11.6019 8.9714 -12814.1590 -0.4423 4.9298 -387.0373 0.0016 0.0016 1.0000
10.0913 7.4881 -11031.2672 -0.4171 3.9532 -175.5035 0.0015 0.0008 1.0000
24.9941 18.7716 -27583.1064 -0.5470 9.8788 -1037.4389 0.0046 0.0028 1.0000
4.8473 3.6705 -5306.8643 -0.3802 1.9679 74.1632 0.0003 0.0002 1.0000
-8.6816 -6.9768 9893.9725 -0.2035 -3.7548 944.3988 -0.0023 -0.0022 1.0000
9.4285 7.4847 -10622.2198 -0.5756 3.7500 -78.5981 0.0010 0.0011 1.0000
10.6475 8.1101 -11884.6390 -0.5284 3.9525 -105.9941 0.0015 0.0007 1.0000
-103.2310 -81.6993 117439.8004 2.0511 -40.5650 5446.8809 -0.0202 -0.0165 1.0000
12.4117 9.5662 -13968.5417 -0.6312 4.5791 -135.4649 0.0018 0.0010 1.0000
13.4811 10.4485 -15231.0067 -0.6937 4.9581 -152.2802 0.0020 0.0011 1.0000
13.8394 10.9465 -15751.1300 -0.7967 5.2106 -140.7750 0.0019 0.0014 1.0000
19.8278 15.5517 -22582.6454 -0.9894 7.2859 -317.8432 0.0032 0.0019 1.0000
29.6758 23.4211 -33938.6889 -1.4169 10.9293 -595.5333 0.0050 0.0032 1.0000
-7.4132 -6.0673 8634.4172 0.0370 -2.9566 585.6603 -0.0020 -0.0018 1.0000
-11.3148 -8.9028 13015.5689 0.1365 -4.2258 687.0005 -0.0030 -0.0019 1.0000
21.1438 16.2430 -24070.7309 -1.1110 7.2091 -123.7516 0.0038 0.0011 1.0000
82.9613 64.4515 -94957.6556 -3.7761 28.7957 -1384.6415 0.0166 0.0066 1.0000
-12.8757 -10.3024 14922.3659 0.4086 -4.6599 501.2101 -0.0032 -0.0021 1.0000
-4.3547 -3.5362 5101.9330 -0.0723 -1.7014 443.5095 -0.0015 -0.0012 1.0000
126.9606 104.7174 -148377.7017 -8.7052 46.4804 -694.3261 0.0221 0.0175 1.0000
-7.0478 -5.5748 8185.7037 0.0779 -2.4930 416.7779 -0.0022 -0.0012 1.0000
-22.6495 -18.6795 26587.4480 1.2867 -8.1717 415.8324 -0.0048 -0.0036 1.0000
-8.3651 -6.7364 9785.2220 0.2204 -2.9405 386.5098 -0.0024 -0.0014 1.0000
-17.1064 -14.0466 20101.9381 0.8950 -5.9789 349.1910 -0.0039 -0.0025 1.0000
-6.9658 -5.4707 8115.5855 0.1092 -2.3229 363.1971 -0.0022 -0.0009 1.0000
-7.1899 -6.1829 8597.0635 0.3045 -2.8546 389.3428 -0.0019 -0.0018 1.0000
-9.9701 -8.4559 11880.4600 0.5159 -3.7867 390.0355 -0.0024 -0.0020 1.0000
-9.0006 -7.4794 10675.2365 0.4779 -3.1606 247.9223 -0.0023 -0.0016 1.0000
-7.2438 -5.9638 8593.4934 0.2330 -2.4758 334.2069 -0.0021 -0.0012 1.0000
-4.7753 -3.9884 5703.6364 0.0860 -1.6749 315.0749 -0.0016 -0.0011 1.0000
-9.3638 -7.8878 11177.5479 0.5583 -3.2379 214.9811 -0.0023 -0.0017 1.0000
-6.7617 -5.7107 8095.1838 0.3179 -2.3548 259.1822 -0.0019 -0.0014 1.0000
-5.5285 -4.6936 6638.2469 0.1923 -1.9588 297.9972 -0.0016 -0.0012 1.0000
-15.1426 -12.9572 18183.9023 1.0669 -5.2523 247.2285 -0.0032 -0.0024 1.0000
-4.9836 -4.2883 6019.8169 0.1857 -1.7939 284.0386 -0.0015 -0.0012 1.0000
-4.8282 -4.1652 5840.6166 0.1817 -1.7330 276.1010 -0.0015 -0.0012 1.0000
-4.8862 -4.2250 5918.9871 0.2003 -1.7374 262.1544 -0.0015 -0.0012 1.0000
-4.9464 -4.2867 5999.1316 0.2197 -1.7416 247.7891 -0.0015 -0.0012 1.0000
-6.7132 -5.6438 8061.4115 0.3718 -2.2133 203.5093 -0.0019 -0.0011 1.0000
-7.4263 -6.4191 8991.0344 0.4790 -2.5454 207.3690 -0.0019 -0.0014 1.0000
-7.6153 -6.4421 9165.7278 0.4724 -2.5049 193.0451 -0.0020 -0.0012 1.0000
-5.5354 -4.8177 6730.9762 0.3049 -1.9056 222.3182 -0.0016 -0.0012 1.0000
-13.2879 -11.4214 16059.6349 1.1121 -4.3270 58.7083 -0.0029 -0.0017 1.0000
-3.6547 -3.1331 4435.8956 0.1020 -1.2642 254.2212 -0.0013 -0.0009 1.0000
-4.3538 -3.8913 5345.5659 0.2308 -1.6140 244.9664 -0.0013 -0.0012 1.0000
-4.0800 -3.5931 4991.2301 0.1702 -1.4619 255.2557 -0.0013 -0.0011 1.0000
-6.0604 -5.2896 7382.9281 0.4052 -2.0591 184.7641 -0.0016 -0.0012 1.0000
-8.7156 -7.7083 10654.2085 0.7762 -2.8816 49.7953 -0.0020 -0.0015 1.0000
-6.4387 -5.6541 7869.3700 0.4881 -2.1049 117.7279 -0.0017 -0.0012 1.0000
-5.8281 -5.1290 7134.9942 0.4239 -1.9215 135.8133 -0.0016 -0.0011 1.0000
-4.9890 -4.4180 6126.6438 0.3223 -1.6814 175.0492 -0.0014 -0.0011 1.0000
-5.0243 -4.3908 6151.6816 0.3492 -1.6126 124.0110 -0.0015 -0.0010 1.0000
-4.4167 -3.9703 5459.3630 0.2985 -1.4841 148.0915 -0.0013 -0.0011 1.0000
-6.2879 -5.6009 7747.3668 0.5446 -2.0273 60.9449 -0.0016 -0.0012 1.0000
-6.5238 -5.7578 8021.4405 0.5787 -2.0404 27.5936 -0.0017 -0.0011 1.0000
-9.0489 -8.1017 11170.2026 0.9676 -2.8351 -115.8773 -0.0020 -0.0014 1.0000
-4.7249 -4.3008 5879.3300 0.3901 -1.5463 84.4752 -0.0013 -0.0011 1.0000
-5.7861 -5.2969 7212.2593 0.5769 -1.8658 -1.2670 -0.0015 -0.0012 1.0000
-5.4604 -4.9712 6801.4037 0.5109 -1.7363 23.2713 -0.0014 -0.0011 1.0000
-7.0486 -6.4666 8795.4677 0.7856 -2.2022 -108.4291 -0.0016 -0.0013 1.0000
-6.3853 -5.7889 7955.0750 0.6505 -1.9194 -64.5526 -0.0016 -0.0011 1.0000
-6.4477 -5.8522 8040.7812 0.6594 -1.9485 -61.5046 -0.0016 -0.0011 1.0000
-6.5111 -5.9163 8127.1594 0.6668 -1.9786 -57.4746 -0.0016 -0.0011 1.0000
-4.6869 -4.2728 5870.1360 0.3977 -1.4024 33.3706 -0.0013 -0.0009 1.0000
-5.4088 -4.8920 6749.7049 0.5099 -1.6677 6.3143 -0.0015 -0.0009 1.0000
-4.7547 -4.3979 5978.9082 0.4727 -1.5165 6.0357 -0.0013 -0.0010 1.0000
-4.7640 -4.3218 5960.5665 0.4192 -1.4610 35.2634 -0.0014 -0.0009 1.0000
-5.6502 -5.1341 7070.2014 0.5701 -1.7195 -33.7324 -0.0015 -0.0009 1.0000
-5.3595 -4.7997 6681.2014 0.5146 -1.6020 -17.3039 -0.0015 -0.0008 1.0000
-4.6603 -4.2751 5857.8565 0.4274 -1.4624 36.1830 -0.0013 -0.0009 1.0000
-3.9343 -3.6483 4967.9059 0.3314 -1.2664 75.5268 -0.0012 -0.0009 1.0000
-4.8362 -4.4087 6070.3593 0.4545 -1.4963 20.7057 -0.0014 -0.0009 1.0000
-3.9535 -3.6920 5004.8733 0.3365 -1.3060 88.1653 -0.0012 -0.0010 1.0000
-4.8009 -4.4439 6059.6378 0.4457 -1.5272 47.0532 -0.0013 -0.0009 1.0000
-4.5088 -4.2103 5707.3582 0.4219 -1.4791 61.1855 -0.0012 -0.0010 1.0000
-4.7834 -4.4420 6046.3291 0.4477 -1.5375 52.6892 -0.0013 -0.0009 1.0000
-5.0990 -4.7339 6445.8776 0.4862 -1.6494 53.6681 -0.0013 -0.0010 1.0000
-4.8165 -4.4596 6085.4856 0.4313 -1.5774 86.0887 -0.0013 -0.0009 1.0000
-4.5935 -4.2980 5825.8921 0.4172 -1.5231 86.6767 -0.0012 -0.0010 1.0000
-5.4608 -5.1060 6921.2023 0.5476 -1.7972 46.2187 -0.0013 -0.0010 1.0000
-4.7088 -4.3485 5950.0842 0.3923 -1.5583 120.3767 -0.0013 -0.0009 1.0000
-5.1391 -4.7407 6490.0610 0.4550 -1.6878 99.1618 -0.0013 -0.0009 1.0000
-6.3945 -5.9068 8076.5982 0.6271 -2.1078 67.4681 -0.0014 -0.0010 1.0000
-7.8918 -7.2965 9967.4009 0.8381 -2.6009 19.3302 -0.0016 -0.0011 1.0000
-7.9577 -7.3624 10055.0402 0.8444 -2.6317 24.2033 -0.0016 -0.0011 1.0000
-8.0226 -7.4276 10141.9234 0.8514 -2.6621 28.6726 -0.0016 -0.0011 1.0000
-7.5934 -7.0409 9605.2440 0.7893 -2.5280 45.4360 -0.0016 -0.0010 1.0000
-5.3248 -4.9491 6750.1052 0.4606 -1.8311 150.0805 -0.0013 -0.0010 1.0000
-5.9108 -5.3919 7448.5804 0.5003 -1.9899 157.4914 -0.0014 -0.0009 1.0000
-4.2042 -3.8763 5322.4279 0.2536 -1.4873 242.1159 -0.0012 -0.0009 1.0000
-4.8892 -4.4920 6179.9160 0.3649 -1.6823 194.9734 -0.0013 -0.0009 1.0000
-5.8001 -5.3691 7346.0134 0.5223 -1.9821 141.2842 -0.0013 -0.0010 1.0000
-4.2416 -3.9473 5386.8299 0.2765 -1.5242 237.2219 -0.0011 -0.0009 1.0000
-7.1064 -6.5518 8985.1088 0.6589 -2.4295 152.6812 -0.0015 -0.0010 1.0000
-6.3594 -5.8472 8035.6901 0.5621 -2.1797 166.3615 -0.0014 -0.0009 1.0000
-4.9538 -4.4831 6234.0832 0.3277 -1.6856 229.8767 -0.0013 -0.0008 1.0000
-7.9528 -7.2906 10038.1562 0.7692 -2.6517 111.4131 -0.0016 -0.0009 1.0000
-5.0270 -4.5731 6336.6006 0.3395 -1.7341 235.6927 -0.0013 -0.0008 1.0000
-5.8978 -5.4208 7454.5767 0.4693 -2.0330 206.7708 -0.0014 -0.0009 1.0000
-5.4828 -5.0108 6919.2139 0.4399 -1.8459 170.8959 -0.0013 -0.0008 1.0000
-3.2717 -3.0737 4172.8028 0.1240 -1.2285 290.4996 -0.0010 -0.0009 1.0000
-5.0692 -4.7198 6435.4332 0.3738 -1.7728 217.7720 -0.0012 -0.0009 1.0000
-5.2411 -4.8774 6650.0135 0.4110 -1.8201 196.0376 -0.0013 -0.0009 1.0000
-4.2612 -3.9692 5410.4533 0.2885 -1.4922 209.9592 -0.0012 -0.0009 1.0000
-4.3936 -4.0971 5577.5396 0.3051 -1.5605 218.5561 -0.0012 -0.0009 1.0000
-5.9498 -5.6286 7579.4099 0.5424 -2.0698 153.9888 -0.0013 -0.0010 1.0000
-4.3816 -4.1252 5577.4911 0.3321 -1.4995 169.7535 -0.0012 -0.0009 1.0000
-5.6134 -5.2671 7131.3424 0.5251 -1.8697 101.5838 -0.0013 -0.0009 1.0000
-3.4955 -3.3376 4470.8168 0.1967 -1.2509 226.6322 -0.0011 -0.0009 1.0000
-4.2529 -4.0629 5431.6688 0.3338 -1.4646 160.2676 -0.0011 -0.0009 1.0000
-3.6924 -3.5228 4715.9093 0.2496 -1.2689 179.0434 -0.0011 -0.0009 1.0000
-3.6258 -3.4682 4632.2947 0.2426 -1.2436 177.8475 -0.0011 -0.0009 1.0000
-3.5619 -3.4156 4551.7676 0.2372 -1.2178 175.3993 -0.0011 -0.0009 1.0000
-3.5002 -3.3648 4473.8761 0.2319 -1.1926 172.9286 -0.0011 -0.0009 1.0000
-3.4390 -3.3143 4397.0084 0.2269 -1.1680 170.4412 -0.0011 -0.0009 1.0000
-3.3821 -3.2673 4324.7808 0.2220 -1.1440 167.9393 -0.0011 -0.0009 1.0000
-3.3488 -3.1816 4256.7184 0.2206 -1.0660 137.7236 -0.0011 -0.0008 1.0000
-3.2643 -3.1883 4182.4058 0.2291 -1.0817 138.8997 -0.0011 -0.0009 1.0000
-3.3581 -3.2837 4299.0029 0.2623 -1.0868 106.4813 -0.0011 -0.0009 1.0000
-2.9354 -2.8470 3750.8905 0.1761 -0.9389 140.4824 -0.0010 -0.0008 1.0000
-3.2692 -3.1529 4161.7716 0.2302 -1.0198 110.5016 -0.0011 -0.0008 1.0000
-2.9916 -2.9446 3834.2517 0.1790 -0.9624 143.4897 -0.0010 -0.0008 1.0000
-3.0477 -3.0399 3920.2734 0.2025 -0.9860 128.4356 -0.0010 -0.0009 1.0000
-2.9407 -2.9166 3773.5864 0.1722 -0.9636 149.6773 -0.0010 -0.0009 1.0000
-2.9808 -2.9413 3815.8447 0.1665 -0.9587 149.3764 -0.0010 -0.0008 1.0000
-3.5075 -3.3747 4443.2105 0.2401 -1.0589 99.6272 -0.0011 -0.0008 1.0000
-2.8862 -2.9099 3717.0398 0.1592 -0.9550 154.9858 -0.0010 -0.0009 1.0000
-2.8940 -2.8621 3699.8654 0.1298 -0.9530 178.9446 -0.0010 -0.0008 1.0000
-2.5715 -2.5048 3273.9506 0.0634 -0.8386 204.8927 -0.0010 -0.0008 1.0000
-2.8721 -2.8402 3666.8265 0.1202 -0.9492 183.5639 -0.0010 -0.0008 1.0000
-2.9167 -2.9301 3737.1878 0.1235 -0.9958 195.2178 -0.0010 -0.0008 1.0000
-2.4912 -2.4658 3180.5535 0.0456 -0.8553 226.8956 -0.0010 -0.0008 1.0000
-2.7472 -2.7129 3499.0642 0.0771 -0.9184 211.9069 -0.0010 -0.0008 1.0000
-2.4615 -2.4739 3156.5277 0.0339 -0.8605 240.3165 -0.0010 -0.0008 1.0000
-2.5405 -2.5567 3259.1164 0.0397 -0.8701 236.2387 -0.0010 -0.0008 1.0000
-2.5072 -2.5276 3216.7605 0.0329 -0.8580 238.4790 -0.0010 -0.0008 1.0000
-2.4656 -2.4921 3163.9874 0.0302 -0.8448 237.0296 -0.0010 -0.0008 1.0000
-2.4237 -2.4564 3111.2129 0.0275 -0.8319 235.6150 -0.0010 -0.0008 1.0000
-2.3840 -2.4225 3060.9248 0.0249 -0.8192 234.2322 -0.0010 -0.0008 1.0000
-2.3428 -2.3874 3009.3140 0.0199 -0.8087 235.3751 -0.0010 -0.0008 1.0000
-2.3013 -2.3520 2957.6385 0.0162 -0.7975 235.3034 -0.0010 -0.0008 1.0000
-2.4032 -2.3918 3058.9088 0.0067 -0.8261 251.2900 -0.0010 -0.0008 1.0000
-2.6654 -2.7151 3409.5717 0.0812 -0.9177 206.1941 -0.0010 -0.0008 1.0000
-2.4563 -2.4907 3140.3146 0.0480 -0.8459 216.4230 -0.0010 -0.0008 1.0000
-2.1352 -2.1414 2726.8570 -0.0279 -0.7531 263.7435 -0.0010 -0.0008 1.0000
-2.1196 -2.1286 2708.0728 -0.0195 -0.7335 248.0999 -0.0010 -0.0008 1.0000
-2.5771 -2.6357 3295.4492 0.0759 -0.8863 198.0142 -0.0010 -0.0008 1.0000
-2.2487 -2.3103 2885.2651 0.0295 -0.7910 216.8879 -0.0010 -0.0008 1.0000
-2.1219 -2.1928 2729.2943 0.0155 -0.7583 221.6999 -0.0010 -0.0008 1.0000
-1.9472 -1.9833 2498.0074 -0.0281 -0.6915 243.7950 -0.0010 -0.0008 1.0000
-1.8177 -1.8769 2344.7931 -0.0455 -0.6600 252.8374 -0.0009 -0.0008 1.0000
-1.7671 -1.8143 2274.3566 -0.0552 -0.6436 256.4185 -0.0009 -0.0008 1.0000
-1.7849 -1.9025 2323.8205 -0.0356 -0.6818 252.5473 -0.0009 -0.0008 1.0000
-1.8149 -1.9032 2346.8093 -0.0260 -0.6674 235.2815 -0.0009 -0.0008 1.0000
-1.7855 -1.9328 2333.1789 -0.0142 -0.6786 230.0169 -0.0009 -0.0008 1.0000
-1.7383 -1.8593 2261.4925 -0.0163 -0.6452 219.8416 -0.0009 -0.0008 1.0000
-1.6353 -1.7614 2134.3838 -0.0400 -0.6269 239.4920 -0.0009 -0.0008 1.0000
-1.7239 -1.9084 2264.9308 0.0017 -0.6622 209.3668 -0.0009 -0.0009 1.0000
-1.6317 -1.7720 2132.7521 -0.0218 -0.6090 214.3107 -0.0009 -0.0008 1.0000
-1.6020 -1.7457 2095.9208 -0.0220 -0.5986 211.5370 -0.0009 -0.0008 1.0000
-1.5735 -1.7204 2060.4823 -0.0239 -0.5899 210.7000 -0.0009 -0.0008 1.0000
-1.5503 -1.6988 2031.2522 -0.0247 -0.5829 209.4039 -0.0009 -0.0008 1.0000
-1.5238 -1.7359 2021.7306 -0.0131 -0.6036 207.0666 -0.0009 -0.0009 1.0000
-1.4911 -1.6522 1958.2896 -0.0272 -0.5708 207.6601 -0.0009 -0.0008 1.0000
-1.5146 -1.7062 1995.9228 -0.0114 -0.5895 197.8649 -0.0009 -0.0009 1.0000
-1.4057 -1.5862 1858.3810 -0.0334 -0.5490 208.0321 -0.0009 -0.0009 1.0000
-1.4995 -1.6262 1949.9137 -0.0208 -0.5464 189.4399 -0.0009 -0.0008 1.0000
-1.3756 -1.5716 1825.3091 -0.0391 -0.5489 213.9379 -0.0009 -0.0009 1.0000
-1.3868 -1.5294 1814.4826 -0.0448 -0.5361 212.1338 -0.0009 -0.0008 1.0000
-1.4168 -1.5556 1848.1761 -0.0279 -0.5340 192.9489 -0.0009 -0.0008 1.0000
-1.3501 -1.5237 1781.0935 -0.0453 -0.5395 215.0630 -0.0009 -0.0008 1.0000
-1.3712 -1.5337 1800.7800 -0.0384 -0.5389 206.3576 -0.0009 -0.0008 1.0000
-1.3316 -1.5189 1762.8350 -0.0370 -0.5361 206.1715 -0.0009 -0.0009 1.0000
-1.2682 -1.4222 1670.3568 -0.0595 -0.5134 220.8789 -0.0009 -0.0008 1.0000
-1.2225 -1.3451 1601.8116 -0.0683 -0.4810 218.4955 -0.0009 -0.0008 1.0000
-1.2415 -1.4032 1640.3716 -0.0570 -0.4995 213.9336 -0.0009 -0.0008 1.0000
-1.2237 -1.4195 1630.8536 -0.0540 -0.5158 218.0075 -0.0009 -0.0009 1.0000
-1.2491 -1.4031 1645.6067 -0.0538 -0.4963 208.4923 -0.0009 -0.0008 1.0000
-1.1911 -1.3811 1587.6440 -0.0567 -0.4971 213.8770 -0.0008 -0.0008 1.0000
-1.2465 -1.4297 1650.9180 -0.0445 -0.5090 203.2076 -0.0009 -0.0008 1.0000
-1.1491 -1.3785 1549.8436 -0.0514 -0.5078 213.8568 -0.0008 -0.0009 1.0000
-1.1971 -1.3496 1577.9212 -0.0618 -0.4902 213.5531 -0.0009 -0.0008 1.0000
-1.1752 -1.3322 1553.5110 -0.0657 -0.4841 215.6894 -0.0009 -0.0008 1.0000
-1.0426 -1.1553 1376.1216 -0.1087 -0.4305 242.8172 -0.0008 -0.0008 1.0000
-1.1082 -1.2781 1474.4101 -0.0739 -0.4789 223.3518 -0.0009 -0.0008 1.0000
-1.0943 -1.2644 1456.6206 -0.0772 -0.4765 225.5355 -0.0009 -0.0008 1.0000
-1.0840 -1.2563 1444.0681 -0.0781 -0.4751 225.9033 -0.0009 -0.0008 1.0000
-1.0747 -1.2493 1432.8240 -0.0790 -0.4738 226.2786 -0.0008 -0.0008 1.0000
-1.0639 -1.2408 1419.7455 -0.0817 -0.4743 228.7999 -0.0008 -0.0008 1.0000
-1.0542 -1.2335 1408.0625 -0.0840 -0.4743 230.8140 -0.0008 -0.0008 1.0000
-1.0430 -1.2246 1394.5593 -0.0857 -0.4739 232.1927 -0.0008 -0.0008 1.0000
-1.0308 -1.2147 1379.8498 -0.0869 -0.4729 232.9131 -0.0008 -0.0008 1.0000
-1.0192 -1.2053 1365.8515 -0.0873 -0.4711 232.7377 -0.0008 -0.0008 1.0000
-1.0080 -1.1964 1352.3963 -0.0877 -0.4694 232.5764 -0.0008 -0.0008 1.0000
-0.9940 -1.2018 1341.9133 -0.0829 -0.4777 231.4781 -0.0008 -0.0009 1.0000
-1.0057 -1.2688 1377.4083 -0.0674 -0.5095 228.3316 -0.0008 -0.0009 1.0000
-1.0054 -1.2604 1372.9442 -0.0629 -0.5005 219.7610 -0.0008 -0.0009 1.0000
-0.9574 -1.1215 1282.2829 -0.1068 -0.4526 246.8746 -0.0008 -0.0008 1.0000
-0.9405 -1.1520 1278.6885 -0.0906 -0.4685 238.0073 -0.0008 -0.0009 1.0000
-0.9435 -1.1735 1287.1358 -0.0819 -0.4779 232.0197 -0.0008 -0.0009 1.0000
-0.9136 -1.1254 1243.0233 -0.0866 -0.4624 232.1440 -0.0008 -0.0009 1.0000
-0.9186 -1.1362 1250.6389 -0.0810 -0.4595 224.8692 -0.0008 -0.0009 1.0000
-0.9138 -1.1659 1256.5002 -0.0638 -0.4693 212.1261 -0.0008 -0.0009 1.0000
-0.8864 -1.0960 1205.6841 -0.0767 -0.4374 212.9762 -0.0008 -0.0008 1.0000
-0.8749 -1.0865 1191.8064 -0.0742 -0.4329 209.4056 -0.0008 -0.0008 1.0000
-0.9003 -1.1503 1234.8287 -0.0513 -0.4577 194.8134 -0.0008 -0.0009 1.0000
-0.8541 -1.0695 1166.6013 -0.0713 -0.4257 204.6291 -0.0008 -0.0008 1.0000
-0.8663 -1.0671 1175.0163 -0.0704 -0.4252 202.8289 -0.0008 -0.0008 1.0000
-0.8341 -1.0533 1142.4811 -0.0672 -0.4173 198.3643 -0.0008 -0.0008 1.0000
-0.8243 -1.0453 1130.5389 -0.0653 -0.4133 195.4299 -0.0008 -0.0008 1.0000
-0.8138 -1.0367 1117.9033 -0.0631 -0.4090 192.1583 -0.0008 -0.0008 1.0000
-0.8099 -1.0348 1113.9912 -0.0587 -0.4045 186.7653 -0.0008 -0.0009 1.0000
-0.8342 -1.0760 1147.4725 -0.0339 -0.4030 160.1204 -0.0008 -0.0009 1.0000
-0.8214 -1.0796 1139.1892 -0.0301 -0.4011 157.1427 -0.0008 -0.0009 1.0000
-0.7911 -1.0642 1107.0170 -0.0343 -0.4056 164.6915 -0.0008 -0.0009 1.0000
-0.8224 -0.9883 1102.7944 -0.0455 -0.3581 154.9446 -0.0009 -0.0008 1.0000
-0.7926 -1.0747 1110.3079 -0.0199 -0.3979 147.6118 -0.0008 -0.0009 1.0000
-0.8154 -1.0729 1125.8543 -0.0136 -0.3892 136.1065 -0.0008 -0.0009 1.0000
-0.7793 -1.0171 1076.2342 -0.0286 -0.3746 147.9563 -0.0008 -0.0009 1.0000
-0.7617 -0.9905 1051.6827 -0.0224 -0.3601 138.0248 -0.0008 -0.0008 1.0000
-0.7465 -0.9775 1035.4503 -0.0324 -0.3585 148.5392 -0.0008 -0.0008 1.0000
-0.7803 -1.0270 1078.7854 -0.0021 -0.3585 116.5857 -0.0008 -0.0008 1.0000
-0.7378 -0.9879 1031.5226 -0.0128 -0.3487 126.6789 -0.0008 -0.0009 1.0000
-0.7607 -1.0456 1071.8718 0.0112 -0.3608 107.3387 -0.0008 -0.0009 1.0000
-0.7302 -0.9889 1026.9620 -0.0079 -0.3430 121.1639 -0.0008 -0.0009 1.0000
-0.7242 -0.9541 1007.3336 -0.0127 -0.3322 121.5325 -0.0008 -0.0008 1.0000
-0.7399 -1.0056 1038.3699 0.0174 -0.3408 94.8680 -0.0008 -0.0009 1.0000
-0.7142 -0.9910 1012.2229 0.0147 -0.3413 99.3278 -0.0008 -0.0009 1.0000
-0.7083 -0.9382 987.7170 0.0040 -0.3171 100.2836 -0.0008 -0.0008 1.0000
-0.6910 -0.9458 978.4693 0.0021 -0.3242 106.5853 -0.0008 -0.0009 1.0000
-0.7205 -1.0120 1025.1451 0.0398 -0.3347 71.8182 -0.0008 -0.0009 1.0000
-0.6962 -0.9866 999.1315 0.0269 -0.3300 84.8660 -0.0008 -0.0009 1.0000
-0.6923 -1.0087 1003.8309 0.0437 -0.3355 70.8867 -0.0008 -0.0009 1.0000
-0.6904 -0.9649 986.5068 0.0292 -0.3235 80.3582 -0.0008 -0.0009 1.0000
-0.6750 -0.9329 962.8496 0.0210 -0.3139 85.5421 -0.0008 -0.0009 1.0000
-0.6792 -0.9399 969.6151 0.0278 -0.3116 77.7984 -0.0008 -0.0009 1.0000
-0.6868 -0.9464 979.6809 0.0297 -0.3154 77.3151 -0.0008 -0.0009 1.0000
-0.6677 -0.9055 949.7466 0.0127 -0.3036 90.0260 -0.0008 -0.0008 1.0000
-0.6874 -0.9415 980.0684 0.0313 -0.3083 72.5908 -0.0008 -0.0009 1.0000
-0.6921 -0.9683 995.7552 0.0353 -0.3211 73.7617 -0.0008 -0.0009 1.0000
-0.6761 -0.9479 974.3820 0.0253 -0.3241 85.3225 -0.0008 -0.0009 1.0000
-0.6985 -0.9388 992.4229 0.0125 -0.3152 94.0431 -0.0008 -0.0008 1.0000
-0.7709 -0.9540 1062.5164 0.0199 -0.2886 74.6498 -0.0008 -0.0008 1.0000
-0.7629 -1.0144 1077.7359 0.0209 -0.3337 92.1363 -0.0008 -0.0009 1.0000
-0.7675 -1.0160 1082.8269 0.0056 -0.3458 112.4222 -0.0008 -0.0009 1.0000
-0.8723 -1.1195 1211.2643 0.0401 -0.3567 79.8039 -0.0008 -0.0008 1.0000
-0.8710 -1.1218 1212.4507 0.0240 -0.3656 100.1779 -0.0008 -0.0009 1.0000
-0.9059 -1.1311 1246.5625 0.0221 -0.3599 99.4427 -0.0008 -0.0008 1.0000
-0.9443 -1.1560 1288.6769 0.0233 -0.3668 100.4968 -0.0008 -0.0008 1.0000
-0.9536 -1.1802 1304.9610 0.0323 -0.3762 95.9937 -0.0008 -0.0008 1.0000
-0.9815 -1.2301 1348.0789 0.0398 -0.3905 94.4406 -0.0008 -0.0009 1.0000
-0.9791 -1.2164 1343.4824 0.0276 -0.3849 105.8121 -0.0008 -0.0009 1.0000
-1.0407 -1.2590 1411.8256 0.0436 -0.3809 87.6301 -0.0008 -0.0008 1.0000
-1.1159 -1.3415 1508.1207 0.0625 -0.3910 72.5210 -0.0008 -0.0008 1.0000
-1.1046 -1.3278 1495.3635 0.0599 -0.3783 72.2093 -0.0008 -0.0008 1.0000
-1.1389 -1.3266 1525.9972 0.0536 -0.3682 75.0435 -0.0008 -0.0008 1.0000
-1.1369 -1.3319 1526.7983 0.0632 -0.3554 62.3548 -0.0008 -0.0008 1.0000
-1.1965 -1.3910 1600.0937 0.0826 -0.3603 45.7909 -0.0008 -0.0008 1.0000
-1.1709 -1.4182 1588.3464 0.0932 -0.3672 40.4894 -0.0008 -0.0009 1.0000
-1.2188 -1.4393 1639.7109 0.0973 -0.3605 34.9779 -0.0008 -0.0008 1.0000
-1.2672 -1.4951 1702.0987 0.1240 -0.3631 11.5690 -0.0008 -0.0008 1.0000
-1.2324 -1.4528 1660.1180 0.1012 -0.3469 29.6741 -0.0008 -0.0008 1.0000
-1.3764 -1.5871 1834.9543 0.1415 -0.3615 -3.3084 -0.0009 -0.0008 1.0000
-1.4454 -1.6705 1926.3485 0.1625 -0.3761 -16.3709 -0.0009 -0.0008 1.0000
-1.3210 -1.5067 1760.8601 0.1072 -0.3456 27.4613 -0.0008 -0.0008 1.0000
-1.5222 -1.7284 2014.2685 0.1696 -0.3961 -12.3727 -0.0009 -0.0008 1.0000
-1.5428 -1.7428 2040.5093 0.1648 -0.3985 -5.1976 -0.0009 -0.0008 1.0000
-1.5432 -1.7387 2041.2286 0.1518 -0.4048 11.3995 -0.0009 -0.0008 1.0000
-1.5294 -1.6692 2004.0338 0.1466 -0.3785 6.9769 -0.0009 -0.0008 1.0000
-1.6292 -1.8794 2170.6461 0.1911 -0.4313 -12.9146 -0.0009 -0.0009 1.0000
-1.6011 -1.7643 2104.7424 0.1726 -0.3938 -8.9391 -0.0009 -0.0008 1.0000
-1.5043 -1.6798 1994.6027 0.1599 -0.3493 -12.5894 -0.0009 -0.0008 1.0000
-1.6004 -1.7985 2124.1502 0.2014 -0.3663 -43.3336 -0.0009 -0.0008 1.0000
-1.6426 -1.9065 2205.9064 0.2305 -0.3806 -63.0391 -0.0009 -0.0009 1.0000
-1.6811 -1.9121 2242.5456 0.2678 -0.3612 -104.4469 -0.0009 -0.0008 1.0000
-1.7539 -1.9987 2340.7814 0.3091 -0.3731 -136.6306 -0.0009 -0.0008 1.0000
-1.5357 -1.6868 2034.9015 0.2513 -0.2830 -118.2702 -0.0009 -0.0008 1.0000
-1.5303 -1.7336 2050.8196 0.2747 -0.2724 -143.4914 -0.0009 -0.0008 1.0000
1.0000 0.0000 0.0000 0.0000 1.0000 0.0000 0.0000 0.0000 1.0000
1.0000 0.0000 0.0000 0.0000 1.0000 0.0000 0.0000 0.0000 1.0000
1.0000 0.0000 0.0000 0.0000 1.0000 0.0000 0.0000 0.0000 1.0000
1.0000 0.0000 0.0000 0.0000 1.0000 0.0000 0.0000 0.0000 1.0000
1.0000 0.0000 0.0000 0.0000 1.0000 0.0000 0.0000 0.0000 1.0000
1.0000 0.0000 0.0000 0.0000 1.0000 0.0000 0.0000 0.0000 1.0000
1.0000 0.0000 0.0000 0.0000 1.0000 0.0000 0.0000 0.0000 1.0000
1.0000 0.0000 0.0000 0.0000 1.0000 0.0000 0.0000 0.0000 1.0000
1.0000 0.0000 0.0000 0.0000 1.0000 0.0000 0.0000 0.0000 1.0000
1.0000 0.0000 0.0000 0.0000 1.0000 0.0000 0.0000 0.0000 1.0000
1.0000 0.0000 0.0000 0.0000 1.0000 0.0000 0.0000 0.0000 1.0000
1.0000 0.0000 0.0000 0.0000 1.0000 0.0000 0.0000 0.0000 1.0000
1.0000 0.0000 0.0000 0.0000 1.0000 0.0000 0.0000 0.0000 1.0000
1.0000 0.0000 0.0000 0.0000 1.0000 0.0000 0.0000 0.0000 1.0000
1.0000 0.0000 0.0000 0.0000 1.0000 0.0000 0.0000 0.0000 1.0000
1.0000 0.0000 0.0000 0.0000 1.0000 0.0000 0.0000 0.0000 1.0000
1.0000 0.0000 0.0000 0.0000 1.0000 0.0000 0.0000 0.0000 1.0000
1.0000 0.0000 0.0000 0.0000 1.0000 0.0000 0.0000 0.0000 1.0000
1.0000 0.0000 0.0000 0.0000 1.0000 0.0000 0.0000 0.0000 1.0000
1.0000 0.0000 0.0000 0.0000 1.0000 0.0000 0.0000 0.0000 1.0000
1.0000 0.0000 0.0000 0.0000 1.0000 0.0000 0.0000 0.0000 1.0000
1.0000 0.0000 0.0000 0.0000 1.0000 0.0000 0.0000 0.0000 1.0000
1.0000 0.0000 0.0000 0.0000 1.0000 0.0000 0.0000 0.0000 1.0000
1.0000 0.0000 0.0000 0.0000 1.0000 0.0000 0.0000 0.0000 1.0000
1.0000 0.0000 0.0000 0.0000 1.0000 0.0000 0.0000 0.0000 1.0000
1.0000 0.0000 0.0000 0.0000 1.0000 0.0000 0.0000 0.0000 1.0000
1.0000 0.0000 0.0000 0.0000 1.0000 0.0000 0.0000 0.0000 1.0000
1.0000 0.0000 0.0000 0.0000 1.0000 0.0000 0.0000 0.0000 1.0000
1.0000 0.0000 0.0000 0.0000 1.0000 0.0000 0.0000 0.0000 1.0000
1.0000 0.0000 0.0000 0.0000 1.0000 0.0000 0.0000 0.0000 1.0000
1.0000 0.0000 0.0000 0.0000 1.0000 0.0000 0.0000 0.0000 1.0000
1.0000 0.0000 0.0000 0.0000 1.0000 0.0000 0.0000 0.0000 1.0000
1.0000 0.0000 0.0000 0.0000 1.0000 0.0000 0.0000 0.0000 1.0000
1.0000 0.0000 0.0000 0.0000 1.0000 0.0000 0.0000 0.0000 1.0000
1.0000 0.0000 0.0000 0.0000 1.0000 0.0000 0.0000 0.0000 1.0000
-2.3171 -2.3485 3023.2250 0.3132 -0.6148 -80.4647 -0.0010 -0.0008 1.0000
-2.4972 -2.5761 3273.8519 0.3332 -0.6742 -81.6995 -0.0010 -0.0009 1.0000
-1.8519 -1.9252 2438.6449 0.1792 -0.5466 24.0620 -0.0009 -0.0009 1.0000
-3.2728 -3.4908 4327.4665 0.5194 -0.9009 -184.8838 -0.0010 -0.0011 1.0000
-4.1982 -4.1936 5420.8684 0.6546 -1.0872 -260.1955 -0.0013 -0.0009 1.0000
-4.7638 -5.2372 6350.1071 0.8460 -1.4092 -321.8023 -0.0011 -0.0016 1.0000
-2.2878 -2.3285 2982.5206 0.2019 -0.7021 52.1946 -0.0010 -0.0009 1.0000
-1.9998 -2.0020 2594.7995 0.1187 -0.6519 116.0082 -0.0009 -0.0008 1.0000
-2.1387 -2.1810 2791.2462 0.1456 -0.7159 113.8049 -0.0009 -0.0009 1.0000
-1.8427 -1.8606 2400.8350 0.0824 -0.6271 143.7480 -0.0009 -0.0009 1.0000
-1.9388 -1.9661 2528.2965 0.0812 -0.6843 165.1285 -0.0009 -0.0009 1.0000
-2.1125 -2.1672 2764.0043 0.1037 -0.7677 173.7980 -0.0009 -0.0010 1.0000
-2.0305 -1.9835 2615.6709 0.0431 -0.7211 212.4770 -0.0010 -0.0008 1.0000
-1.9287 -1.9445 2510.1152 0.0376 -0.7330 224.6910 -0.0009 -0.0009 1.0000
-2.0237 -1.9619 2600.0410 0.0212 -0.7578 247.5263 -0.0010 -0.0008 1.0000
-2.3376 -2.2917 3012.1941 0.0606 -0.8703 248.6165 -0.0010 -0.0009 1.0000
-2.0922 -2.0541 2699.6279 0.0228 -0.7985 260.4432 -0.0009 -0.0009 1.0000
-2.2032 -2.1545 2838.6946 0.0387 -0.8345 256.8519 -0.0010 -0.0009 1.0000
-2.0163 -1.9631 2596.1563 -0.0059 -0.7906 285.1761 -0.0009 -0.0009 1.0000
-2.2163 -2.1143 2833.1338 0.0043 -0.8451 291.2602 -0.0010 -0.0008 1.0000
-1.8965 -1.8229 2433.3198 -0.0337 -0.7506 296.6140 -0.0009 -0.0009 1.0000
-2.2046 -2.1146 2823.1568 -0.0030 -0.8697 306.9740 -0.0010 -0.0009 1.0000
-2.2077 -2.1332 2834.9385 -0.0094 -0.8792 316.0966 -0.0010 -0.0009 1.0000
