841.931781 239.435791 915.717417 242.055399 909.604997 356.881567 837.129165 353.388755 
839.151139 241.369456 913.188311 243.963259 907.066894 359.366528 834.300219 355.902059 
835.933904 240.750683 910.222611 243.318680 904.092197 359.299052 831.034680 355.862925 
832.721156 242.745436 907.261399 245.287628 901.121987 361.845102 827.773628 358.437317 
829.235722 243.433427 904.027502 245.949813 897.879092 363.084389 824.239890 359.704946 
825.750289 242.875742 900.793604 245.366323 894.636197 363.078001 820.706153 359.726900 
820.773331 245.284728 896.068182 247.749504 889.901777 366.038284 815.680890 362.715524 
817.533748 245.497397 893.080135 247.936368 886.904733 366.802250 812.393003 363.507833 
811.133771 247.170451 886.931693 249.583616 880.747294 369.026600 805.944722 365.760525 
805.580182 248.119053 881.629641 250.506412 875.436244 370.526499 800.342829 367.288765 
800.131687 251.298393 876.432681 253.659947 869.340408 372.874996 794.851844 368.648694 
792.429956 252.197980 868.982486 254.533728 862.814026 374.603681 787.787823 370.736351 
786.191090 254.329806 862.995156 256.639749 856.604517 376.935784 780.536373 373.100416 
779.181701 254.608038 856.237303 256.892176 850.007917 379.220670 773.751132 376.096305 
773.204919 256.541703 850.512056 258.800035 844.273672 381.705632 767.726045 378.609609 
764.736786 259.721043 842.295460 261.953570 836.048079 385.436269 759.209608 382.368587 
758.012004 262.733499 835.822213 264.940220 827.980604 387.914545 753.016581 384.427846 
749.046197 264.834048 827.107942 267.014964 820.842565 391.651867 743.422410 388.640869 
743.069414 268.013387 821.382695 270.168498 815.108321 395.382503 737.397323 392.399848 
734.601282 270.553499 813.166098 272.682804 806.882727 398.473911 728.880886 395.519598 
727.985271 274.372067 806.801623 276.475567 800.464458 401.754148 722.478629 397.918780 
720.156366 277.551407 799.224255 279.629101 793.983203 405.452881 713.823998 401.937126 
712.767025 280.814188 792.086449 282.866077 786.046382 409.331068 707.014543 405.844369 
706.383461 283.910086 785.954421 285.936170 779.635060 414.035685 700.469849 411.194740 
698.488994 285.843751 778.311490 287.844029 771.983131 416.520647 692.527078 413.708043 
690.424629 287.126533 771.038727 289.119968 764.850999 418.865375 684.635543 416.080897 
684.912702 289.260128 766.318403 291.246719 760.271305 422.060915 679.296446 419.304564 
676.405353 291.098399 758.602656 293.078147 752.696188 424.961133 670.961926 422.232907 
668.722885 290.974879 751.711790 292.947784 745.945953 425.899559 663.452287 423.199459 
660.658520 293.503336 744.439028 295.469397 738.813821 429.489962 655.560752 426.817988 
651.687669 294.068731 736.259779 296.027948 730.775202 431.117302 646.762731 428.473455 
643.284116 294.823225 728.647829 296.775599 723.303882 432.933743 638.532007 430.318021 
636.465426 296.106007 722.620741 298.051538 717.417425 435.278471 631.886147 432.690875 
625.909712 297.388789 712.856630 299.327477 707.793943 437.623199 621.503263 435.063729 
619.091022 296.819449 706.829542 298.751294 701.907486 438.115805 614.857402 435.584462 
611.404856 297.991291 699.934979 299.916292 695.153553 440.349593 607.344066 437.846376 
601.716618 298.745785 691.038343 300.663943 686.397547 442.166033 597.828658 439.690942 
593.652253 300.028567 683.765581 301.939881 679.265415 444.510761 589.937123 442.063796 
585.587889 301.917795 676.492819 303.822267 672.133283 447.461936 582.045588 445.043097 
576.277849 303.359544 667.974382 305.257172 663.957125 449.441644 573.667956 447.040336 
569.459160 306.368262 659.913944 307.403951 657.593546 452.042094 566.262518 451.673708 
561.394795 307.651044 653.170429 308.076398 649.808598 454.556167 558.558906 452.635120 
553.330430 308.933826 646.746998 309.588552 642.817585 456.723223 550.479447 456.419416 
545.266066 310.216608 639.191164 310.764929 635.704465 459.530743 542.587912 458.792270 
537.201701 311.499390 631.625374 312.381511 630.346918 461.321659 536.380386 459.403975 
529.137336 312.782172 625.583483 314.638740 623.179376 465.124424 526.804842 463.537978 
521.072972 314.064954 618.310721 315.914678 615.076227 468.104663 518.913307 465.910832 
513.008607 315.347736 611.037959 317.190617 607.944095 470.449391 511.021772 468.283686 
504.944242 316.630517 603.765196 318.466556 600.811963 472.794119 503.130237 470.656540 
496.879878 317.913299 596.492434 319.742494 593.679831 475.138847 495.238702 473.029394 
490.297142 318.073927 591.134361 320.175636 588.085473 477.129145 488.499637 474.854935 
482.308105 317.531403 584.369986 319.905627 581.084813 478.416292 480.354269 475.977326 
475.373793 318.817071 578.660337 321.463810 575.138879 481.531632 473.263628 478.927908 
467.675689 318.616450 572.186895 321.535704 568.429152 483.160682 465.409193 480.392202 
461.253580 316.667625 566.989449 319.859393 562.995422 483.041527 458.830754 480.108290 
454.670844 316.828252 559.736564 320.493845 555.668749 484.949803 452.091688 481.933832 
447.003061 315.421950 555.188255 319.158748 550.721658 485.455195 444.267575 482.192444 
439.877802 316.667625 549.287658 320.676938 545.314363 487.210174 436.985985 485.103033 
433.998217 315.421950 544.632736 319.703778 539.693569 489.114537 430.950071 485.522272 
426.872957 314.176275 538.732139 318.730618 533.556687 489.698533 423.668481 485.941512 
420.781788 314.143494 533.865632 318.970351 526.883263 490.691211 417.420982 487.573645 
415.094134 315.131823 528.546036 320.186372 520.122991 493.326738 411.576997 490.226888 
407.683087 313.630904 523.216255 319.002791 517.331950 494.642175 404.009620 490.390884 
402.769364 311.300166 518.149388 317.329327 510.540053 494.615995 397.561760 490.109819 
397.688123 309.523011 515.670617 315.439927 506.377971 492.808831 393.701996 489.612819 
392.841123 309.193576 512.048280 315.383007 503.375663 494.189180 388.698666 490.948298 
389.452888 306.702227 507.583698 313.335033 501.628009 493.707307 385.154101 490.121863 
384.086158 304.772746 503.773612 312.172727 496.038952 495.484171 379.631041 489.857296 
380.185068 302.965203 501.926760 310.743656 493.418634 494.828566 375.573621 489.714667 
375.791773 299.950236 497.436882 308.388047 490.405373 493.316738 370.783381 487.642557 
370.987550 297.505318 494.742111 305.943129 487.007451 492.981273 365.722373 486.980839 
365.657225 294.252031 491.235056 302.241721 482.726930 492.514359 360.576787 485.996238 
360.492353 291.980545 487.340778 299.715205 479.635136 490.117694 354.865728 484.218834 
355.769843 288.017106 484.774299 296.386655 476.290861 489.154758 350.376745 483.091141 
349.890258 286.771431 480.119377 295.413495 471.399654 489.738754 344.340830 483.510381 
343.140946 284.526110 474.688235 293.520069 465.569896 489.738754 337.414879 483.161592 
336.934157 281.577638 469.799617 290.923493 462.347062 488.225562 332.967294 482.600355 
331.612979 280.889772 465.211653 287.921281 457.476993 487.616141 329.791349 482.464014 
325.655709 279.219723 461.434256 286.693772 453.960208 489.738754 322.865398 484.606574 
319.427336 277.974048 457.697232 286.693772 448.977509 489.738754 318.430796 484.257785 
313.198962 277.974048 451.468858 284.202422 445.240484 490.984429 311.504844 486.400346 
308.216263 277.974048 447.731834 284.202422 441.845762 493.818080 306.983455 487.641181 
300.742215 277.974048 442.749135 286.693772 439.012111 497.212803 300.742215 492.230104 
295.759516 279.219723 440.257785 286.693772 435.275087 500.949827 295.759516 493.475779 
290.776817 280.465398 436.520761 286.693772 431.538062 503.441176 290.776817 498.458478 
287.039792 279.219723 435.275087 286.693772 427.801038 505.932526 287.039792 498.458478 
283.302768 279.219723 432.783737 286.693772 427.801038 505.932526 283.302768 500.949827 
279.565744 279.219723 430.292388 289.185121 424.064014 510.915225 282.057093 505.932526 
278.320069 280.465398 427.801038 290.430796 424.375433 512.266420 279.218294 507.119004 
274.583045 281.711073 427.801038 290.430796 422.818339 515.897924 278.320069 509.669550 
274.583045 281.711073 427.801038 290.430796 422.818339 517.143599 277.074394 509.669550 
274.583045 277.974048 431.538062 289.185121 424.064014 515.897924 277.074394 509.669550 
278.320069 277.974048 432.783737 287.939446 425.309689 515.897924 277.074394 509.669550 
278.320069 275.482699 434.029412 286.693772 426.555363 518.389273 278.320069 509.669550 
283.302768 274.237024 439.012111 286.693772 430.292388 519.634948 279.565744 510.915225 
283.302768 271.745675 443.994810 284.202422 432.783737 520.880623 283.302768 509.669550 
289.531142 269.254325 448.977509 284.202422 439.012111 519.634948 285.794118 508.423875 
294.513841 266.762976 453.960208 280.465398 441.503460 520.880623 288.285467 508.423875 
297.005190 264.271626 461.434256 279.219723 446.087543 520.880623 294.513841 507.178201 
305.724913 261.780277 468.908304 279.219723 450.223183 520.880623 295.759516 505.932526 
310.209343 258.740830 473.891003 277.176817 454.308997 520.332526 299.546367 503.889619 
317.185121 259.438408 481.365052 278.870934 460.886159 523.521453 305.824567 505.583737 
322.915225 256.398962 487.593426 276.828028 466.217647 522.973356 310.857093 503.540830 
327.399654 258.342215 492.576125 279.767820 470.303460 527.407958 314.643945 506.480623 
333.129758 255.302768 498.804498 277.724913 475.634948 526.859862 319.676471 504.437716 
338.053262 256.316293 502.541522 281.910381 478.475087 532.540138 322.217647 508.623183 
339.358131 256.797578 506.278547 284.850173 481.315225 536.974740 324.758824 511.562976 
345.586505 261.780277 511.261246 289.185121 482.909689 543.900692 326.054325 516.994118 
349.323529 264.271626 518.735294 292.922145 485.749827 549.580969 328.595502 521.179585 
353.060554 266.762976 522.472318 297.904844 491.081315 554.015571 333.628028 524.119377 
355.551903 268.008651 526.209343 300.396194 492.675779 558.450173 334.923529 527.059170 
360.534602 271.745675 528.700692 305.378893 496.761592 564.130450 338.710381 531.244637 
363.025952 274.237024 534.929066 307.870242 499.601730 572.302076 341.251557 537.921453 
366.762976 277.974048 541.157439 312.852941 504.933218 577.982353 346.284083 542.106920 
374.237024 280.465398 544.894464 316.589965 507.773356 581.171280 348.825260 543.801038 
377.974048 282.956747 552.368512 320.326990 515.596194 586.851557 356.349135 547.986505 
384.202422 286.693772 558.596886 324.064014 518.436332 591.286159 358.890311 550.926298 
390.430796 287.939446 562.333910 326.555363 523.767820 593.229412 363.922837 551.374740 
392.922145 291.676471 567.316609 331.538062 527.853633 600.155363 367.709689 556.805882 
399.150519 294.167820 571.053633 334.029412 531.939446 607.081315 371.496540 562.237024 
401.641869 296.659170 574.790657 339.709689 537.270934 612.761592 376.529066 566.422491 
404.382353 303.286159 581.019031 342.749135 540.111073 617.196194 379.070242 569.362284 
408.866782 306.475087 583.510381 346.834948 544.196886 622.876471 382.857093 573.547751 
413.351211 308.418339 588.493080 349.774740 548.282699 627.311073 386.643945 576.487543 
417.835640 310.361592 593.475779 352.714533 552.368512 631.745675 390.430796 579.427336 
421.744814 314.450511 596.066782 356.850173 554.610727 634.785121 393.819031 582.167820 
426.555363 314.098616 602.195502 358.942907 561.088235 637.974048 398.452941 583.662630 
431.538062 315.344291 607.178201 361.434256 566.070934 641.711073 403.086851 587.648789 
436.520761 315.344291 614.652249 361.434256 571.053633 646.693772 405.378893 591.884083 
442.749135 316.589965 622.126298 365.171280 576.036332 650.430796 410.971218 591.567554 
448.764735 321.192687 627.108997 367.662630 581.019031 651.676471 419.081315 594.375433 
453.960208 321.572664 633.337370 368.908304 587.247405 652.922145 425.309689 595.621107 
462.679931 324.064014 640.811419 372.645329 593.475779 655.413495 432.783737 596.866782 
470.153979 324.064014 645.794118 373.891003 598.458478 651.676471 439.012111 594.375433 
478.873702 326.555363 653.268166 372.645329 602.195502 655.413495 443.994810 591.884083 
486.995728 325.443513 658.250865 373.891003 610.915225 651.676471 451.468858 589.392734 
493.821799 324.064014 663.233564 372.645329 615.897924 649.185121 457.697232 584.410035 
500.050173 320.326990 668.216263 370.153979 619.634948 645.448097 465.171280 585.655709 
508.769896 320.326990 674.444637 367.662630 627.108997 641.711073 473.891003 581.918685 
517.489619 316.589965 683.164360 365.171280 632.091696 636.728374 480.119377 571.953287 
523.717993 311.607266 688.147059 362.679931 637.074394 631.745675 488.839100 569.461938 
532.437716 306.624567 694.375433 356.451557 642.057093 624.271626 493.821799 561.987889 
539.911765 300.396194 700.603806 350.223183 648.285467 615.551903 501.295848 554.513841 
546.140138 294.167820 703.095156 343.994810 653.268166 609.323529 508.769896 545.794118 
554.859862 289.185121 706.832180 337.766436 657.005190 598.112457 514.998270 537.074394 
558.596886 282.956747 710.569204 331.538062 659.496540 591.884083 519.980969 529.600346 
566.070934 275.482699 715.551903 324.064014 663.233564 579.427336 523.717993 519.634948 
569.807958 270.500000 715.551903 316.589965 663.233564 571.953287 528.700692 510.915225 
572.693887 263.997390 716.697924 307.471626 667.219723 560.194118 532.786505 500.700692 
577.848736 256.875237 720.534602 300.396194 670.707612 552.022491 537.420415 492.230104 
581.137317 250.148594 722.328374 292.971972 673.099308 542.256401 541.257093 483.460554 
584.425898 244.667625 724.122145 286.793426 675.491003 533.735986 545.093772 475.936678 
586.468805 240.432331 724.670242 281.860554 676.637024 526.461246 547.684775 469.658478 
591.003061 237.442711 727.709689 278.173356 676.784136 519.019832 552.767128 464.625952 
593.045968 233.207417 728.008651 275.482699 676.935986 513.406574 555.358131 458.347751 
593.475779 231.884083 726.762976 271.745675 676.935986 507.178201 555.457785 453.315225 
595.886106 229.719528 726.713980 269.478118 676.935986 500.949827 557.351211 449.877163 
595.858007 227.322301 724.919377 265.915917 677.280774 497.795630 558.148443 446.987197 
596.001667 226.506209 723.975133 265.882660 675.457720 493.703557 557.877483 443.622434 
596.690082 226.598178 721.759535 264.033933 675.815654 491.200899 559.687270 440.443148 
597.421273 227.573123 720.959264 264.634520 674.632517 487.002903 559.693080 439.363668 
594.367393 230.451338 716.884409 263.633029 672.642153 483.142682 558.547059 436.822491 
593.857391 227.813903 714.306228 264.271626 669.579713 483.057686 558.596886 436.174740 
590.770807 229.862614 710.190865 264.865044 666.952568 480.027045 555.657917 435.477163 
587.899399 231.094518 707.013165 265.977834 664.472264 477.830061 555.108997 434.181661 
586.881666 232.332313 703.144983 263.823183 660.902363 475.664719 552.717301 434.131834 
583.482721 233.598435 698.710381 263.873010 659.205043 474.378404 550.325606 432.836332 
580.644269 232.584540 694.653158 264.915419 655.211419 472.149827 547.933910 430.295156 
577.718098 233.779821 690.644135 264.718461 652.620415 469.857785 546.787889 428.999654 
575.667359 235.176326 687.038729 264.189035 648.783737 467.565744 544.396194 427.704152 
574.660087 236.223762 683.463322 264.072318 646.192734 466.519377 543.250173 427.654325 
573.833622 237.627222 680.712562 265.753259 644.851865 464.744968 542.894982 426.071668 
571.271573 239.186656 679.576817 266.663322 643.502076 464.426644 542.012586 427.597267 
569.577456 243.671085 676.387889 270.450173 641.274279 464.491678 541.729204 428.757549 
566.637663 244.418490 671.953287 270.500000 637.074394 463.579585 539.911765 428.700692 
564.223909 247.708643 668.533276 273.337540 634.262010 464.684787 537.863896 430.413521 
562.644699 253.938296 663.898431 279.251729 632.256640 465.586722 534.570352 433.372025 
559.601852 260.095061 659.448226 283.339719 628.661386 468.008022 533.416399 435.407389 
555.903221 263.462904 655.750651 288.073186 625.824858 471.525822 531.720289 439.077436 
554.447254 270.432618 650.844323 292.894071 619.961758 473.260544 527.181070 442.247537 
551.805339 273.830642 646.941658 297.034622 617.549950 476.478736 524.734029 444.766629 
548.475703 278.781803 642.838556 298.891919 613.650681 476.298701 522.177858 447.397392 
545.040990 282.708415 637.779565 302.277105 610.553561 479.246128 522.283138 451.123049 
542.433341 285.906880 636.022728 307.177195 608.025913 482.246130 517.743919 452.835878 
538.763098 290.093107 630.352025 310.965611 604.146996 481.298295 515.237079 456.965054 
536.349344 293.066928 627.822261 313.241822 601.102526 482.701193 514.614964 457.387760 
534.269364 295.327428 622.081048 314.498268 598.258295 482.108351 512.326221 458.285598 
531.004797 295.670282 620.292206 314.850673 595.618640 481.609945 509.686567 456.936379 
528.626201 296.948327 616.449565 314.200627 592.542434 480.144243 508.164324 455.533961 
526.814036 296.372212 612.746109 312.537652 589.738754 477.282007 505.032872 453.614187 
522.512466 295.104020 609.140659 312.120272 587.483611 473.774668 503.408836 451.123260 
521.229468 295.447342 607.013879 310.916662 585.216201 472.641373 501.360967 450.344740 
518.738586 293.918860 603.139851 309.966936 582.936265 468.722178 500.729724 446.391064 
517.194935 292.572802 600.728173 307.710753 579.775366 467.657380 498.449815 445.233940 
515.615828 291.947176 599.086483 306.120893 578.376405 463.957648 496.401946 442.297844 
514.542526 290.868303 595.575516 306.239921 575.887290 462.339424 495.500213 442.026690 
511.988142 289.397027 592.692362 305.900199 573.655011 460.489195 493.311714 438.978090 
509.536456 291.441506 590.928428 304.766217 570.804695 460.348723 491.225913 439.445244 
508.707565 293.485985 589.873027 308.704768 569.577174 460.208251 490.762907 439.912399 
506.293811 295.530464 586.453016 310.296634 566.764790 460.067779 488.715038 440.379553 
505.042860 296.990439 584.859438 311.728482 565.089391 460.827159 487.374595 441.261666 
503.791908 299.856716 583.265860 314.566633 563.413992 462.992842 486.034152 443.550080 
502.540957 303.647413 581.672282 318.329204 561.738593 466.082945 484.693708 446.762915 
499.883703 308.141261 578.672403 322.794926 558.656892 469.876199 481.946963 450.678901 
498.709937 312.214619 577.156010 326.840158 557.058679 473.248964 480.683705 454.174397 
496.296753 316.747060 574.400200 331.344473 554.221047 477.080810 478.181028 458.128976 
494.101384 319.924918 571.862204 334.494205 551.601230 479.558075 475.896167 460.728972 
492.549175 324.043262 569.967369 338.584423 549.624574 482.975824 474.254467 464.269453 
490.052549 328.601033 567.128117 343.114068 546.703500 486.833001 471.668348 468.249362 
488.801597 332.552357 565.534539 347.037266 545.028101 490.083731 470.327905 471.622824 
487.550646 335.258006 563.940961 349.714789 543.352703 492.088787 468.987462 473.750611 
485.802020 336.634539 561.849709 351.063196 541.179629 492.764726 467.149344 474.549281 
484.406234 338.863046 560.111297 353.263576 539.359396 494.292638 465.664066 476.199926 
482.552117 340.883605 557.914553 355.256010 537.080831 495.612604 463.720457 477.642623 
482.546840 341.097905 557.566650 355.442184 536.651107 495.126310 463.625688 477.279061 
481.950334 341.992900 555.461566 355.416690 534.975708 493.394341 462.285244 475.669824 
478.799262 341.526505 553.133820 355.814532 532.054634 494.153722 459.699126 476.551936 
478.793985 341.740805 552.785917 356.000706 531.624910 493.667427 459.604357 476.188374 
477.543034 341.955105 551.192339 356.186880 529.949511 493.181133 458.263914 475.824812 
476.292082 340.923730 549.598761 355.127379 528.274112 491.449165 456.923471 474.215575 
475.744282 339.189205 548.708335 353.364727 527.301864 489.014045 456.286178 471.903187 
476.281529 337.615306 548.902955 351.762703 527.414663 486.739552 456.733933 469.751426 
476.276252 335.338257 548.555052 349.457527 526.984939 483.761909 456.639164 466.896515 
475.025300 334.306882 546.961475 348.398026 525.309540 482.029940 455.298721 465.287278 
475.020024 332.029832 546.613571 346.092851 524.879816 479.052297 455.203952 462.432366 
475.147013 328.809325 547.144223 342.853275 525.444475 476.527378 455.276150 459.829717 
473.857376 326.940412 546.258249 340.965293 524.592507 475.354053 453.931721 458.578662 
474.155317 323.858340 546.959852 337.864152 525.328117 472.967570 454.174870 456.114448 
474.282306 321.549734 547.490504 335.536478 525.892776 471.354552 454.247067 454.423701 
474.429592 321.518246 546.488033 334.883924 525.914911 469.160418 453.776741 452.151837 
475.903591 319.806505 546.921833 333.166372 525.124155 468.171348 454.391462 451.042206 
474.138697 319.177517 546.140138 331.538062 525.382603 467.098070 453.960208 449.877163 
474.909705 317.884666 547.035415 330.832989 525.014222 466.342383 454.118014 448.327773 
475.013804 315.871779 547.653362 329.818574 525.570936 465.218709 455.853729 448.461312 
475.247566 315.110711 548.758798 329.173729 526.385814 464.690088 455.925927 448.016239 
475.914441 314.653319 549.042136 328.013186 527.244458 464.424464 455.294973 445.925554 
476.382353 314.098616 549.877163 327.801038 527.455017 464.825260 455.588678 446.845087 
476.455248 313.016633 550.989246 327.782802 528.488416 465.600382 456.142519 447.926696 
476.763402 312.468150 552.000550 327.234319 530.202872 465.051899 456.214716 447.624208 
476.667652 313.278625 552.389974 327.742440 531.119659 466.424895 457.532589 447.036550 
477.078843 313.101912 554.502790 327.565727 532.381663 466.248182 457.209924 448.866805 
477.840573 313.690859 555.187174 327.114649 532.814190 468.384061 457.676983 449.883428 
479.168325 314.537277 555.875698 329.239523 534.781170 470.508934 458.994856 453.175380 
479.775669 315.496227 557.761498 330.198473 534.749286 472.746341 458.493388 455.910046 
479.893697 318.261378 558.646600 333.027547 536.145770 477.876636 459.200339 459.726526 
480.777168 321.846502 560.041453 335.909520 537.668469 481.014300 460.457123 463.051234 
479.059463 324.839117 559.533587 338.482628 538.547983 487.164528 458.037971 468.834535 
479.320322 329.665631 560.148338 343.401111 537.960255 491.849952 459.355843 473.372161 
478.067767 333.607995 559.349215 347.213369 538.431626 497.324584 456.936691 478.839129 
478.194757 336.598421 559.879867 350.184726 538.996285 501.010597 457.008888 482.447413 
476.929907 339.519038 559.958854 353.156708 539.213037 505.423593 455.970880 486.955186 
475.057996 340.493224 560.064288 354.420808 539.169177 507.084628 454.672260 488.710997 
473.705848 341.780346 559.129967 356.889374 537.047542 509.723003 452.752970 490.179905 
470.541493 343.112691 556.546729 358.221719 536.207653 512.798698 451.000537 493.828730 
467.481954 343.075929 555.886247 356.919061 535.691492 514.950000 447.430294 496.860699 
464.443584 343.528314 554.165641 358.224168 532.814380 514.722200 444.333468 496.674583 
459.708943 342.428178 550.319262 357.936112 529.927885 515.441918 441.330870 497.863145 
456.778883 343.464814 547.485351 357.527832 527.093974 516.439940 436.751257 497.415066 
450.174430 341.898758 543.693502 357.368078 523.302126 516.983336 432.791640 499.422469 
444.312404 340.291191 539.911765 355.205882 519.929951 519.627156 425.394952 502.011737 
436.876154 341.156401 534.678055 354.580191 513.788023 518.223997 417.998265 500.703354 
430.209800 339.534140 527.455017 353.960208 506.278547 519.634948 410.361592 503.441176 
421.441815 337.993576 520.596800 352.247630 501.504168 521.806678 403.204889 504.475589 
414.981393 338.736870 513.771192 352.683665 493.432115 521.788555 397.053876 505.116031 
405.690638 338.796479 506.241219 351.945401 488.104944 523.117976 387.296145 505.976440 
396.097496 337.188384 500.917610 351.226792 482.458824 520.971981 380.395264 503.925221 
389.702023 335.452400 494.232353 349.911915 475.690784 525.235017 372.372464 508.283034 
380.832819 334.505687 486.706986 349.016567 468.303181 525.780683 363.730101 508.923476 
373.881299 334.165421 481.099302 348.727667 462.833263 526.932796 357.005423 510.170366 
366.934606 334.337681 474.147600 345.980198 456.019326 525.626341 351.619979 509.605079 
360.396057 330.320106 470.359256 343.839175 453.723361 524.006222 346.333039 508.025519 
356.797578 326.555363 467.816588 339.206804 449.963845 521.734974 340.371724 505.256873 
352.680570 322.298075 465.273919 337.065782 447.558942 521.034965 336.712061 504.651641 
351.285414 317.614337 465.222600 332.433410 447.645388 517.843607 335.543747 501.555059 
349.890258 312.930600 465.171280 327.801038 447.731834 514.652249 334.375433 498.458478 
347.599939 308.520519 464.929249 323.550685 447.026872 512.885759 331.878084 496.628459 
347.800969 302.864762 467.447430 319.820106 448.813260 509.873594 331.872085 493.552765 
348.001999 299.700355 469.427885 315.049980 450.599647 509.352778 331.866087 492.968421 
349.448704 295.290274 472.922878 310.799627 453.631710 507.586287 333.105763 491.138402 
350.628232 292.097821 475.789095 308.973443 456.663772 505.819797 334.345438 489.308383 
352.529412 289.821827 480.151304 306.838079 459.695835 505.298981 335.585114 488.724039 
356.776667 290.032214 486.100184 307.899279 463.973572 507.269515 338.070465 490.631044 
360.937480 288.512503 491.723551 308.200729 467.551417 508.376271 339.855924 491.674272 
366.762976 289.185121 498.497106 308.782533 475.020396 513.701932 345.532516 496.936404 
369.381922 289.863388 503.965008 309.973505 477.667163 518.035861 345.526517 497.597735 
372.991349 290.430796 511.261246 312.852941 483.575870 522.625699 350.503217 505.733114 
378.007295 292.429029 518.778108 314.086077 491.706798 529.883094 355.479917 506.394445 
386.693772 292.922145 527.455017 316.589965 500.050173 533.337370 361.702292 512.038474 
391.676471 292.922145 537.420415 316.589965 506.278547 537.074394 366.762976 514.652249 
401.641869 294.167820 548.631488 316.589965 519.980969 540.811419 376.638391 518.343834 
410.361592 292.922145 558.596886 316.589965 528.700692 542.057093 385.352116 519.005165 
419.700877 291.986251 570.845631 314.148919 539.025240 541.571130 395.931077 519.976276 
430.292388 286.693772 582.120618 309.266767 552.342177 539.836984 407.762263 519.082151 
440.257785 282.956747 593.475779 305.378893 565.133408 534.652945 417.721663 517.252132 
449.827813 275.801632 609.669550 296.659170 576.036332 529.600346 430.172411 512.930764 
462.679931 266.762976 619.634948 287.939446 589.882653 522.400241 438.886136 504.872371 
472.652019 258.261745 633.337370 279.219723 605.371463 518.142401 452.582559 500.551003 
486.555471 247.623290 648.285467 269.254325 620.860273 510.147537 466.278982 492.492610 
499.213248 240.721859 663.653188 259.425790 635.103408 505.889697 478.729731 488.171242 
510.625351 233.820428 677.113579 252.684088 648.100869 501.631857 489.934805 483.849874 
522.472318 225.655709 691.884083 245.586505 659.496540 494.721453 502.541522 476.036332 
532.437716 218.181661 705.586505 238.112457 674.444637 492.230104 517.489619 472.299308 
548.631488 214.444637 719.288927 233.129758 689.392734 486.001730 528.700692 473.544983 
557.351211 209.461938 732.991349 228.147059 698.112457 484.756055 537.420415 464.825260 
567.316609 205.724913 741.711073 223.164360 711.814879 482.264706 549.877163 467.316609 
576.036332 206.970588 754.167820 224.410035 720.534602 486.001730 558.596886 469.807958 
584.756055 211.953287 761.641869 228.147059 731.745675 488.493080 567.316609 473.544983 
592.230104 214.444637 770.361592 230.638408 737.974048 490.984429 574.790657 474.790657 
597.212803 219.427336 776.589965 235.621107 744.202422 495.967128 581.019031 482.264706 
600.949827 226.901384 781.572664 240.603806 750.430796 500.949827 584.756055 488.493080 
607.178201 231.884083 787.801038 245.586505 759.150519 507.178201 593.475779 495.967128 
614.652249 240.603806 796.520761 254.306228 764.133218 518.389273 595.967128 504.686851 
618.389273 249.323529 800.257785 261.780277 772.852941 524.617647 602.195502 513.406574 
624.617647 255.551903 810.223183 266.762976 780.326990 534.583045 609.669550 523.371972 
632.091696 261.780277 815.205882 272.991349 785.309689 542.057093 615.897924 529.600346 
637.074394 268.008651 823.925606 279.219723 796.520761 548.285467 623.371972 538.320069 
642.057093 277.974048 831.399654 287.939446 801.503460 559.496540 628.354671 550.776817 
648.285467 287.939446 841.365052 296.659170 810.223183 571.953287 633.337370 564.479239 
653.268166 299.150519 847.593426 307.870242 818.942907 584.410035 642.057093 574.444637 
657.005190 310.361592 848.839100 317.835640 825.171280 595.621107 645.794118 590.638408 
0.000000 0.000000 0.000000 0.000000 0.000000 0.000000 0.000000 0.000000 
0.000000 0.000000 0.000000 0.000000 0.000000 0.000000 0.000000 0.000000 
0.000000 0.000000 0.000000 0.000000 0.000000 0.000000 0.000000 0.000000 
0.000000 0.000000 0.000000 0.000000 0.000000 0.000000 0.000000 0.000000 
0.000000 0.000000 0.000000 0.000000 0.000000 0.000000 0.000000 0.000000 
0.000000 0.000000 0.000000 0.000000 0.000000 0.000000 0.000000 0.000000 
0.000000 0.000000 0.000000 0.000000 0.000000 0.000000 0.000000 0.000000 
633.337370 411.261246 826.416955 405.032872 816.451557 692.783737 633.337370 703.994810 
622.126298 418.735294 815.205882 411.261246 807.731834 699.012111 624.617647 715.205882 
610.794902 427.666177 804.086441 419.667906 797.643833 704.431151 613.444122 724.710018 
595.795034 435.386242 790.516223 421.477586 783.851127 710.742742 601.109615 729.016893 
578.222545 444.535454 771.639946 427.837549 770.326505 712.854263 585.397351 745.877327 
560.451617 449.149581 750.334143 431.642681 754.280249 718.392985 573.469566 744.223082 
0.000000 0.000000 0.000000 0.000000 0.000000 0.000000 0.000000 0.000000 
0.000000 0.000000 0.000000 0.000000 0.000000 0.000000 0.000000 0.000000 
0.000000 0.000000 0.000000 0.000000 0.000000 0.000000 0.000000 0.000000 
0.000000 0.000000 0.000000 0.000000 0.000000 0.000000 0.000000 0.000000 
0.000000 0.000000 0.000000 0.000000 0.000000 0.000000 0.000000 0.000000 
0.000000 0.000000 0.000000 0.000000 0.000000 0.000000 0.000000 0.000000 
0.000000 0.000000 0.000000 0.000000 0.000000 0.000000 0.000000 0.000000 
0.000000 0.000000 0.000000 0.000000 0.000000 0.000000 0.000000 0.000000 
0.000000 0.000000 0.000000 0.000000 0.000000 0.000000 0.000000 0.000000 
0.000000 0.000000 0.000000 0.000000 0.000000 0.000000 0.000000 0.000000 
0.000000 0.000000 0.000000 0.000000 0.000000 0.000000 0.000000 0.000000 
0.000000 0.000000 0.000000 0.000000 0.000000 0.000000 0.000000 0.000000 
0.000000 0.000000 0.000000 0.000000 0.000000 0.000000 0.000000 0.000000 
0.000000 0.000000 0.000000 0.000000 0.000000 0.000000 0.000000 0.000000 
0.000000 0.000000 0.000000 0.000000 0.000000 0.000000 0.000000 0.000000 
365.268211 492.197945 540.247623 444.219719 570.832004 718.149395 399.112949 746.769237 
364.306315 487.296469 540.440229 442.238957 570.432425 709.560706 405.430950 781.748851 
365.514153 480.497464 539.322907 435.643592 568.071928 704.838967 403.962138 765.012556 
365.076694 474.679551 536.399982 430.162477 568.302961 696.020639 407.945129 762.510472 
368.110557 466.743215 539.922964 422.044052 568.220445 688.848869 403.108816 751.104073 
365.615084 460.363059 535.365016 418.995429 564.839261 681.584166 405.450665 744.902923 
364.136834 450.882636 531.452874 408.344660 560.063034 674.010427 402.825887 736.905285 
356.832160 441.116927 527.261735 398.873700 558.103682 664.382637 396.435384 727.580245 
353.060554 424.963668 523.717993 386.347751 553.614187 650.430796 395.413495 713.960208 
349.323529 411.261246 518.735294 368.908304 548.631488 634.237024 392.922145 699.012111 
345.586505 387.593426 514.998270 346.486159 546.140138 615.551903 389.185121 676.589965 
340.603806 361.434256 511.261246 324.064014 541.157439 593.129758 384.202422 650.430796 
335.621107 334.029412 505.032872 301.641869 537.420415 565.724913 380.465398 620.534602 
326.901384 305.378893 496.313149 272.991349 528.700692 534.583045 372.991349 589.392734 
316.935986 275.482699 488.839100 243.095156 519.980969 507.178201 363.025952 563.233564 
303.233564 243.095156 478.873702 211.953287 508.769896 482.264706 349.323529 535.828720 
287.039792 214.444637 465.171280 185.794118 497.558824 457.351211 336.866782 507.178201 
269.600346 183.302768 450.223183 160.880623 482.610727 436.174740 320.673010 484.756055 
252.160900 157.143599 436.520761 135.967128 468.908304 417.489619 300.742215 466.070934 
234.721453 135.967128 422.818339 116.036332 452.714533 400.050173 282.057093 447.385813 
211.053633 107.316609 401.641869 96.105536 427.801038 381.365052 253.406574 424.963668 
187.385813 82.403114 381.711073 76.174740 410.361592 367.662630 232.230104 410.015571 
168.700692 59.980969 366.762976 59.980969 389.185121 358.942907 212.299308 393.821799 
162.472318 40.050173 361.780277 43.787197 380.465398 342.749135 199.842561 375.136678 
161.226644 23.856401 358.043253 27.593426 377.974048 327.801038 197.351211 361.434256 
161.226644 5.171280 360.534602 13.891003 377.974048 315.344291 197.351211 345.240484 
0.000000 0.000000 0.000000 0.000000 0.000000 0.000000 0.000000 0.000000 
0.000000 0.000000 0.000000 0.000000 0.000000 0.000000 0.000000 0.000000 
0.000000 0.000000 0.000000 0.000000 0.000000 0.000000 0.000000 0.000000 
0.000000 0.000000 0.000000 0.000000 0.000000 0.000000 0.000000 0.000000 
0.000000 0.000000 0.000000 0.000000 0.000000 0.000000 0.000000 0.000000 
0.000000 0.000000 0.000000 0.000000 0.000000 0.000000 0.000000 0.000000 
0.000000 0.000000 0.000000 0.000000 0.000000 0.000000 0.000000 0.000000 
0.000000 0.000000 0.000000 0.000000 0.000000 0.000000 0.000000 0.000000 
0.000000 0.000000 0.000000 0.000000 0.000000 0.000000 0.000000 0.000000 
0.000000 0.000000 0.000000 0.000000 0.000000 0.000000 0.000000 0.000000 
0.000000 0.000000 0.000000 0.000000 0.000000 0.000000 0.000000 0.000000 
0.000000 0.000000 0.000000 0.000000 0.000000 0.000000 0.000000 0.000000 
0.000000 0.000000 0.000000 0.000000 0.000000 0.000000 0.000000 0.000000 
193.614187 20.119377 382.956747 20.119377 407.870242 317.835640 238.458478 353.960208 
197.351211 56.243945 384.202422 52.506920 412.852941 347.731834 247.178201 385.102076 
204.825260 104.825260 390.430796 92.368512 415.344291 381.365052 250.915225 423.717993 
208.562284 150.915225 390.430796 137.212803 417.835640 418.735294 255.897924 462.333910 
214.790657 200.742215 391.676471 178.320069 422.818339 457.351211 260.880623 505.932526 
219.773356 255.551903 395.413495 229.392734 426.555363 498.458478 268.354671 557.005190 
223.510381 306.624567 397.904844 272.991349 431.538062 543.302768 277.074394 600.603806 
226.001730 353.960208 396.659170 317.835640 434.029412 581.918685 282.057093 649.185121 
232.230104 403.787197 397.904844 361.434256 439.012111 620.534602 285.794118 689.046713 
237.623797 451.448900 402.993826 408.308892 439.717354 664.062031 287.986529 732.419929 
241.791875 492.299695 403.140698 447.008797 441.495344 702.265579 288.945926 775.223996 
0.000000 0.000000 0.000000 0.000000 0.000000 0.000000 0.000000 0.000000 
0.000000 0.000000 0.000000 0.000000 0.000000 0.000000 0.000000 0.000000 
0.000000 0.000000 0.000000 0.000000 0.000000 0.000000 0.000000 0.000000 
0.000000 0.000000 0.000000 0.000000 0.000000 0.000000 0.000000 0.000000 
0.000000 0.000000 0.000000 0.000000 0.000000 0.000000 0.000000 0.000000 
0.000000 0.000000 0.000000 0.000000 0.000000 0.000000 0.000000 0.000000 
0.000000 0.000000 0.000000 0.000000 0.000000 0.000000 0.000000 0.000000 
0.000000 0.000000 0.000000 0.000000 0.000000 0.000000 0.000000 0.000000 
0.000000 0.000000 0.000000 0.000000 0.000000 0.000000 0.000000 0.000000 
0.000000 0.000000 0.000000 0.000000 0.000000 0.000000 0.000000 0.000000 
0.000000 0.000000 0.000000 0.000000 0.000000 0.000000 0.000000 0.000000 
0.000000 0.000000 0.000000 0.000000 0.000000 0.000000 0.000000 0.000000 
0.000000 0.000000 0.000000 0.000000 0.000000 0.000000 0.000000 0.000000 
0.000000 0.000000 0.000000 0.000000 0.000000 0.000000 0.000000 0.000000 
0.000000 0.000000 0.000000 0.000000 0.000000 0.000000 0.000000 0.000000 
0.000000 0.000000 0.000000 0.000000 0.000000 0.000000 0.000000 0.000000 
390.430796 439.911765 541.157439 422.472318 546.140138 674.098616 401.641869 716.451557 
397.904844 392.576125 546.140138 377.628028 549.877163 625.517301 404.133218 667.870242 
406.624567 350.223183 554.859862 339.012111 554.859862 586.901384 410.361592 619.288927 
421.572664 317.835640 576.036332 306.624567 567.316609 557.005190 422.818339 579.427336 
447.731834 281.711073 600.949827 281.711073 588.493080 524.617647 441.503460 543.302768 
478.873702 250.569204 628.354671 250.569204 615.897924 497.212803 468.908304 513.406574 
506.278547 219.427336 659.496540 223.164360 648.285467 469.807958 502.541522 483.510381 
534.929066 190.776817 684.410035 195.759516 663.233564 449.877163 519.980969 458.596886 
549.877163 159.634948 700.603806 168.354671 679.427336 426.209343 537.420415 434.929066 
558.596886 135.967128 711.814879 147.178201 691.884083 406.278547 546.140138 414.998270 
567.316609 118.527682 718.043253 130.984429 698.112457 390.084775 554.859862 397.558824 
571.053633 104.825260 723.226524 117.476180 706.350902 376.235717 562.333910 385.102076 
571.670745 90.333956 724.271626 103.579585 709.323529 366.416955 566.070934 371.399654 
569.807958 82.403114 724.271626 92.368512 715.551903 356.451557 567.316609 365.171280 
563.579585 79.911765 719.288927 89.877163 714.306228 355.205882 566.070934 365.171280 
554.859862 82.403114 711.814879 86.140138 711.814879 352.714533 566.227078 367.028200 
546.140138 84.894464 703.095156 84.894464 711.945840 352.412857 563.579585 368.908304 
537.420415 92.368512 694.375433 89.877163 706.832180 356.451557 562.333910 380.119377 
532.437716 106.070934 688.147059 99.842561 705.586505 363.925606 561.088235 388.839100 
531.192042 121.019031 684.015443 111.067693 705.586505 376.382353 561.088235 401.295848 
528.700692 138.458478 680.673010 128.493080 703.095156 387.593426 563.579585 417.489619 
530.357421 158.952177 680.673010 148.423875 705.586505 406.278547 562.333910 437.420415 
535.101971 181.474734 685.655709 168.354671 706.832180 421.226644 567.316609 456.105536 
546.140138 201.987889 696.866782 187.039792 720.534602 442.403114 581.019031 472.299308 
563.579585 223.164360 714.306228 208.216263 740.465398 459.842561 600.949827 489.738754 
589.738754 245.586505 737.974048 226.901384 762.887543 478.527682 623.371972 509.669550 
619.634948 264.271626 766.624567 248.077855 794.029412 497.212803 653.268166 527.108997 
645.794118 284.202422 794.029412 261.780277 822.679931 515.897924 680.673010 545.794118 
668.216263 305.378893 813.960208 281.711073 841.365052 524.617647 703.095156 561.987889 
680.673010 324.064014 822.679931 296.659170 856.313149 540.811419 718.043253 573.198962 
683.094866 343.454563 825.171280 312.852941 860.050173 549.531142 724.271626 586.901384 
680.673010 356.451557 818.942907 325.309689 858.912492 559.609806 723.025952 601.849481 
671.953287 372.645329 807.731834 339.012111 851.330450 571.953287 719.288927 613.060554 
659.496540 391.330450 797.766436 356.451557 842.610727 584.410035 711.814879 626.762976 
650.776817 405.032872 785.309689 371.399654 831.399654 598.112457 698.112457 642.956747 
633.337370 422.472318 772.852941 386.347751 817.061530 612.455737 683.228707 653.635067 
618.389273 433.683391 753.137421 400.081673 797.766436 621.780277 663.233564 664.133218 
603.186374 442.590995 740.465398 410.015571 776.589965 630.500000 648.285467 672.852941 
589.738754 447.385813 726.762976 413.752595 761.641869 637.974048 628.354671 676.589965 
576.036332 447.385813 714.306228 418.735294 745.448097 641.711073 613.406574 676.589965 
567.316609 446.140138 705.586505 418.735294 732.991349 639.219723 600.949827 674.098616 
562.333910 439.911765 700.603806 416.243945 724.271626 636.728374 593.475779 669.115917 
563.579585 432.437716 703.095156 413.752595 720.534602 634.237024 587.247405 662.887543 
566.070934 423.717993 706.832180 405.032872 720.534602 628.008651 584.756055 652.922145 
569.807958 412.506920 710.569204 397.558824 723.025952 619.288927 584.756055 637.974048 
571.053633 398.804498 710.569204 386.347751 719.288927 609.323529 583.510381 626.762976 
569.807958 382.610727 709.323529 373.891003 714.306228 595.621107 578.527682 605.586505 
565.116085 370.310976 705.125808 362.075110 708.891146 585.007135 571.866925 593.726858 
558.596886 353.960208 698.112457 347.731834 700.603806 569.461938 563.579585 578.181661 
549.877163 342.749135 691.884083 337.766436 689.392734 559.496540 554.859862 569.461938 
543.648789 336.520761 684.410035 334.029412 680.673010 552.022491 546.140138 560.742215 
532.437716 332.783737 674.444637 329.046713 674.444637 545.794118 534.929066 555.759516 
523.717993 330.292388 668.216263 324.064014 663.233564 543.302768 523.717993 554.513841 
513.151523 327.567769 657.279179 321.016512 657.005190 543.302768 514.998270 552.022491 
505.032872 320.326990 650.776817 319.081315 645.794118 538.320069 506.278547 547.039792 
491.330450 316.589965 639.565744 314.098616 637.074394 537.074394 497.558824 544.548443 
483.856401 312.852941 633.337370 310.361592 630.846021 535.828720 491.330450 543.302768 
471.399654 309.115917 619.634948 306.624567 623.371972 533.337370 478.873702 540.811419 
458.942907 306.624567 610.915225 302.887543 610.915225 528.354671 468.908304 540.811419 
445.240484 305.378893 600.949827 300.396194 602.195502 527.108997 456.451557 539.565744 
434.029412 302.887543 588.493080 299.150519 589.738754 528.354671 443.994810 538.320069 
425.309689 302.887543 576.036332 297.904844 578.527682 525.863322 431.538062 539.565744 
415.344291 301.641869 567.316609 295.413495 572.299308 524.617647 426.555363 537.074394 
406.624567 300.396194 562.333910 294.167820 566.070934 523.371972 417.835640 538.320069 
400.396194 299.150519 554.859862 295.413495 561.088235 524.617647 412.852941 538.320069 
392.922145 299.150519 549.877163 295.413495 554.859862 524.617647 405.378893 540.811419 
392.922145 301.641869 548.631488 296.659170 549.877163 527.108997 404.133218 539.565744 
386.693772 301.641869 546.140138 296.659170 548.631488 529.600346 400.396194 542.057093 
384.202422 301.641869 541.157439 296.659170 546.140138 530.846021 399.150519 544.548443 

