1.0000 0.0000 -0.0000 0.0000 1.0000 -0.0000 0.0000 0.0000 1.0000
1.3836 -0.0081 -105.4318 0.0881 1.1676 -40.8836 0.0004 -0.0001 1.0000
1.2102 -0.0476 -65.0824 0.0327 1.0277 -3.5999 0.0002 -0.0002 1.0000
1.3678 0.1136 -133.4471 0.0136 1.1953 -2.9887 0.0003 0.0000 1.0000
1.2720 0.1895 -126.4495 -0.0691 1.1633 41.2602 0.0002 0.0001 1.0000
1.4783 0.2051 -186.0919 -0.0695 1.2120 60.5426 0.0005 -0.0001 1.0000
1.2874 0.2035 -141.8450 -0.1741 1.0758 124.5730 0.0003 -0.0002 1.0000
1.7494 0.6602 -329.5624 -0.2684 1.5148 158.0149 0.0007 0.0004 1.0000
1.4456 0.5841 -244.2489 -0.3710 1.2377 230.8877 0.0004 0.0001 1.0000
1.6757 0.7415 -323.4857 -0.4389 1.3612 271.6039 0.0008 0.0001 1.0000
1.2284 0.6850 -203.2429 -0.5796 1.0687 345.2346 0.0003 0.0000 1.0000
1.8406 1.2618 -437.0689 -0.7545 1.4636 440.9613 0.0010 0.0004 1.0000
1.0350 0.8192 -145.3533 -0.7470 0.9184 449.2819 0.0003 0.0000 1.0000
1.0536 1.1245 -173.3395 -0.8491 0.9876 507.3733 0.0003 0.0003 1.0000
1.0025 1.1662 -147.6302 -0.9105 0.9267 559.0809 0.0003 0.0003 1.0000
0.7418 0.9287 -34.6339 -0.8668 0.6879 565.0392 0.0001 0.0000 1.0000
0.8885 1.0567 -68.9088 -0.9236 0.7424 641.3067 0.0003 0.0001 1.0000
0.8338 0.9660 -42.2932 -0.9460 0.6818 685.6363 0.0003 -0.0000 1.0000
1.0407 1.0301 -114.2739 -0.9631 0.7454 752.8794 0.0005 -0.0001 1.0000
0.9451 0.9573 -100.3260 -0.9100 0.7571 735.5256 0.0003 -0.0000 1.0000
1.0268 0.8508 -131.7225 -0.8116 0.7566 718.3498 0.0003 -0.0001 1.0000
0.9368 0.6881 -111.3278 -0.7102 0.6982 669.2535 0.0002 -0.0003 1.0000
1.1872 0.6616 -213.7207 -0.6539 0.7875 675.0641 0.0004 -0.0003 1.0000
1.4102 0.7802 -338.7532 -0.6290 1.0328 649.6538 0.0005 -0.0002 1.0000
1.5505 0.8076 -415.0024 -0.5390 1.2335 581.9868 0.0006 -0.0000 1.0000
1.5407 0.7178 -420.7886 -0.5033 1.2744 524.9439 0.0005 -0.0000 1.0000
1.6874 0.6273 -466.4460 -0.4025 1.4102 436.9306 0.0006 -0.0000 1.0000
1.6172 0.4392 -409.3350 -0.2970 1.3916 337.5464 0.0005 -0.0000 1.0000
1.8979 0.3170 -466.1574 -0.1182 1.4693 240.1038 0.0007 -0.0002 1.0000
2.1661 0.2504 -502.1670 0.0262 1.6770 136.9539 0.0009 -0.0000 1.0000
2.2134 0.1795 -452.9271 0.1229 1.7964 46.1148 0.0010 0.0001 1.0000
1.9370 -0.0201 -301.7703 0.1451 1.5947 -0.6206 0.0007 -0.0001 1.0000
1.7729 -0.2096 -190.2495 0.1912 1.3702 -27.8500 0.0006 -0.0003 1.0000
2.0480 -0.0700 -230.2928 0.3368 1.7413 -154.3180 0.0008 0.0001 1.0000
2.2165 -0.0805 -246.0485 0.3786 1.8259 -206.2282 0.0008 0.0002 1.0000
2.2386 -0.1030 -212.7804 0.3982 1.8758 -251.5860 0.0009 0.0002 1.0000
2.2416 -0.1228 -185.7743 0.4140 1.8990 -298.9309 0.0008 0.0002 1.0000
2.6177 -0.2667 -249.2224 0.4432 1.9930 -349.0512 0.0012 -0.0001 1.0000
2.3068 -0.2225 -191.4791 0.2749 1.8518 -317.6412 0.0009 -0.0001 1.0000
2.3437 0.0653 -257.0981 0.1241 2.0055 -332.1068 0.0008 0.0001 1.0000
2.1933 0.0731 -255.0436 -0.0797 1.8920 -283.0379 0.0007 -0.0001 1.0000
9.2239 0.8165 -2216.6101 -0.2150 5.4741 -932.4766 0.0062 -0.0002 1.0000
1.0000 0.0000 0.0000 0.0000 1.0000 0.0000 0.0000 0.0000 1.0000
1.0000 0.0000 0.0000 0.0000 1.0000 0.0000 0.0000 0.0000 1.0000
1.0000 0.0000 0.0000 0.0000 1.0000 0.0000 0.0000 0.0000 1.0000
1.0000 0.0000 0.0000 0.0000 1.0000 0.0000 0.0000 0.0000 1.0000
2.8422 2.2462 -861.6767 -1.6674 2.3489 328.0393 0.0012 0.0010 1.0000
2.4815 1.8346 -728.3039 -1.4294 2.0298 382.6129 0.0010 0.0005 1.0000
1.6733 0.9415 -377.8123 -1.0230 1.3437 418.8947 0.0006 -0.0003 1.0000
1.9142 1.2701 -554.5579 -1.0544 1.5614 563.2915 0.0007 0.0000 1.0000
1.9459 1.0044 -579.1290 -0.7897 1.4972 571.9550 0.0008 -0.0003 1.0000
2.4605 1.2883 -852.8435 -0.8170 2.0695 642.4502 0.0010 0.0001 1.0000
2.4094 0.8500 -744.5377 -0.4085 1.7093 542.7119 0.0012 -0.0006 1.0000
2.5083 0.9465 -772.0749 -0.6272 1.9633 534.9576 0.0010 -0.0002 1.0000
2.2291 0.8836 -656.4081 -0.6907 1.8846 362.2187 0.0007 -0.0002 1.0000
2.2045 0.9511 -679.6874 -0.7766 2.0074 203.0494 0.0007 -0.0002 1.0000
2.4342 1.0876 -882.1714 -0.8951 2.2351 184.1867 0.0008 0.0001 1.0000
2.7173 1.1671 -1155.1313 -0.8880 2.5011 195.8041 0.0011 0.0000 1.0000
2.4139 1.0282 -1074.5715 -0.6799 2.4811 139.4961 0.0009 -0.0000 1.0000
2.7035 1.0558 -1174.5125 -0.6005 2.6280 103.2597 0.0011 -0.0000 1.0000
2.7672 1.0528 -1063.9778 -0.6342 2.6634 71.6961 0.0013 -0.0001 1.0000
3.7683 1.6903 -1461.5441 -1.0473 3.5175 54.8058 0.0020 0.0003 1.0000
2.8200 1.2637 -1033.0766 -0.8031 2.8931 -1.3961 0.0012 0.0002 1.0000
2.3018 0.7646 -766.0503 -0.5955 2.3208 73.7330 0.0008 -0.0001 1.0000
3.4459 1.1038 -1190.1630 -0.3970 3.2715 26.2515 0.0018 0.0000 1.0000
4.5950 0.8466 -1503.8158 -0.0528 3.9115 -102.4537 0.0030 -0.0006 1.0000
5.0556 1.2314 -1683.0339 -0.0607 4.7002 -236.4711 0.0032 0.0002 1.0000
4.6511 0.8092 -1461.3804 -0.0743 4.2296 -298.2432 0.0030 -0.0003 1.0000
4.5080 0.9552 -1398.1901 -0.1410 4.4222 -384.9638 0.0027 0.0002 1.0000
4.4349 0.8303 -1332.5208 -0.1392 4.3560 -438.3960 0.0026 0.0001 1.0000
5.1777 0.9546 -1577.0385 -0.1403 5.1461 -605.2958 0.0032 0.0003 1.0000
6.3075 1.2621 -1965.2553 -0.1906 6.3577 -805.9936 0.0041 0.0007 1.0000
7.9662 1.2736 -2449.4637 0.0299 7.7271 -1136.2597 0.0058 0.0004 1.0000
6.8781 1.0045 -2023.0883 0.0776 6.8022 -1027.1228 0.0050 0.0003 1.0000
5.5840 0.6146 -1518.9033 0.0235 5.6224 -818.1064 0.0040 -0.0000 1.0000
6.6209 0.4773 -1766.4083 0.1187 6.3544 -963.9129 0.0050 -0.0005 1.0000
8.5570 0.9564 -2335.7871 0.2491 8.4162 -1321.2341 0.0066 0.0003 1.0000
6.2060 0.5352 -1586.3122 0.2340 6.2523 -1000.6275 0.0046 -0.0000 1.0000
8.2468 0.7073 -2143.9965 0.3771 8.2432 -1362.9192 0.0064 0.0003 1.0000
6.4364 0.4778 -1584.0492 0.3277 6.6542 -1110.2755 0.0048 0.0002 1.0000
10.6092 0.7913 -2748.7619 0.8370 10.5893 -1946.3589 0.0086 0.0007 1.0000
10.0049 0.7330 -2547.1875 0.7514 10.2525 -1880.7174 0.0080 0.0008 1.0000
9.9032 0.5513 -2461.2428 0.7952 10.2548 -1927.0713 0.0080 0.0008 1.0000
13.6922 0.7738 -3448.6284 1.3683 14.1224 -2818.0859 0.0115 0.0015 1.0000
12.1678 0.0695 -2922.9591 1.1968 12.3449 -2468.8265 0.0103 0.0006 1.0000
9.6311 -0.2629 -2191.2048 1.0899 9.9139 -2046.5136 0.0081 0.0002 1.0000
9.3727 -0.6445 -2063.0784 1.1492 9.5091 -2012.0553 0.0080 -0.0002 1.0000
10.2748 -0.7281 -2253.2872 1.5540 10.6564 -2396.9432 0.0088 0.0002 1.0000
9.6311 -1.3181 -1976.0571 1.6644 9.9061 -2321.2337 0.0084 -0.0004 1.0000
11.2699 -1.5080 -2324.8046 2.1830 11.7608 -2833.6237 0.0099 0.0002 1.0000
9.9309 -1.9759 -1891.6907 2.1112 10.3076 -2549.3040 0.0088 -0.0003 1.0000
10.1937 -2.6197 -1794.8457 2.5220 10.3779 -2705.5476 0.0094 -0.0009 1.0000
46.3191 -9.6598 -9145.9014 12.6120 47.0039 -12809.6610 0.0442 0.0032 1.0000
9.2382 -3.1294 -1395.6289 2.5918 9.3635 -2529.6510 0.0085 -0.0010 1.0000
6.8391 -2.7330 -856.1260 2.0433 6.9707 -1905.4764 0.0061 -0.0010 1.0000
7.2841 -3.2833 -798.4557 2.4077 7.2199 -2090.9913 0.0067 -0.0014 1.0000
9.9113 -4.1831 -1110.0548 3.3598 9.9780 -2908.4726 0.0092 -0.0008 1.0000
10.3709 -4.4862 -1083.5476 3.5528 10.5001 -3074.8081 0.0095 -0.0004 1.0000
9.9922 -4.8532 -853.0866 3.5777 9.9101 -3002.9563 0.0092 -0.0008 1.0000
11.6720 -6.0673 -929.2824 4.4015 11.0185 -3535.8338 0.0108 -0.0012 1.0000
9.2533 -5.2715 -512.0980 3.5242 8.7782 -2821.5058 0.0084 -0.0011 1.0000
25.8412 -12.7273 -2087.4775 9.9976 24.7753 -8131.0964 0.0238 0.0009 1.0000
14.7543 -8.3914 -786.4077 5.8361 13.8903 -4653.2643 0.0134 -0.0007 1.0000
15.8877 -9.1961 -733.4667 6.3253 14.9681 -5066.7253 0.0142 -0.0004 1.0000
20.5014 -11.6274 -965.2912 8.2001 19.1043 -6534.6401 0.0181 0.0004 1.0000
10.4008 -6.9036 -52.7051 4.1688 9.7591 -3328.0639 0.0088 -0.0006 1.0000
12.7654 -8.4258 -142.8452 4.9669 11.6150 -4003.9228 0.0106 -0.0006 1.0000
901.9998 -533.4885 -44941.2113 361.0643 765.7910 -281862.9950 0.7835 0.0111 1.0000
-43.8244 23.1071 2968.2153 -17.2854 -38.1097 13835.6136 -0.0369 -0.0049 1.0000
-204.8950 117.1939 10372.9332 -83.1634 -177.1180 65522.0837 -0.1681 -0.0151 1.0000
-40.9537 22.2953 2780.0628 -16.3962 -34.8729 12963.3259 -0.0328 -0.0043 1.0000
-18.3592 9.8777 1641.4334 -7.3310 -14.6930 5650.0495 -0.0150 -0.0012 1.0000
-48.0001 27.2920 3603.0181 -19.6261 -39.8949 15192.0432 -0.0368 -0.0024 1.0000
-27.1529 14.8398 2511.0842 -11.1022 -22.1048 8500.5920 -0.0204 -0.0017 1.0000
-20.1273 10.2435 2249.6809 -8.2159 -16.6371 6341.8278 -0.0147 -0.0021 1.0000
-15.4575 7.4349 2044.3269 -6.1845 -12.4819 4755.9237 -0.0111 -0.0017 1.0000
-25.8731 13.4058 3375.4729 -10.0625 -20.4341 7687.4867 -0.0174 -0.0012 1.0000
-24.5465 11.4393 3540.5976 -9.7297 -20.2955 7515.1266 -0.0157 -0.0026 1.0000
-15.2396 6.3096 2718.9461 -5.6683 -12.0084 4408.8315 -0.0097 -0.0017 1.0000
-25.8648 11.3784 4470.5035 -9.5123 -20.8943 7492.6770 -0.0155 -0.0017 1.0000
-25.0983 10.0485 4833.4068 -8.9565 -19.7749 6998.0011 -0.0144 -0.0018 1.0000
-38.2880 14.3023 7719.9219 -13.3330 -31.5521 10638.8173 -0.0208 -0.0034 1.0000
87.9753 -32.2409 -18014.4157 26.6843 72.8935 -22142.0371 0.0429 0.0052 1.0000
239.4758 -72.6976 -54028.9546 71.1447 204.7086 -60224.7912 0.1147 0.0232 1.0000
83.9954 -21.0991 -20566.3482 23.2161 71.8471 -19939.3423 0.0380 0.0094 1.0000
33.6321 -6.2536 -8776.3793 8.4060 29.5937 -7478.8446 0.0141 0.0047 1.0000
78.0840 -12.0129 -21976.7029 16.8234 65.5507 -15238.2657 0.0345 0.0090 1.0000
36.6985 -4.1064 -10772.7344 6.9428 31.3960 -6578.7259 0.0156 0.0046 1.0000
11.2718 -1.0272 -3309.2354 1.6499 9.9430 -1705.0026 0.0040 0.0012 1.0000
10.1958 -0.1833 -3204.8740 1.3222 9.3165 -1444.0767 0.0034 0.0016 1.0000
11.5273 -0.3275 -3741.0520 1.1802 10.1387 -1385.5038 0.0041 0.0014 1.0000
5.5049 -0.3174 -1720.9170 0.4386 4.8084 -529.9988 0.0015 0.0002 1.0000
5.3085 -0.2791 -1704.0990 0.3586 4.5888 -476.7593 0.0015 0.0001 1.0000
7.3694 -0.1178 -2509.2856 0.6997 6.5801 -851.7112 0.0025 0.0007 1.0000
5.8953 -0.2516 -1996.3761 0.5627 4.9917 -635.7002 0.0019 0.0001 1.0000
6.4760 -0.3506 -2228.7286 0.7466 5.3322 -780.3448 0.0023 0.0000 1.0000
8.1373 -0.1622 -2907.7835 0.9974 7.0094 -1124.0515 0.0030 0.0008 1.0000
7.3878 -0.3492 -2595.8023 1.0912 6.2815 -1120.7762 0.0028 0.0006 1.0000
7.7576 -0.5097 -2710.5793 1.3132 6.5322 -1289.8915 0.0032 0.0005 1.0000
7.1201 -0.5117 -2467.3679 1.1982 6.0370 -1206.2540 0.0029 0.0006 1.0000
6.2532 -0.5617 -2132.6186 1.0979 5.2998 -1100.0726 0.0025 0.0004 1.0000
5.4203 -0.5936 -1845.2136 1.0806 4.6124 -1039.7574 0.0020 0.0003 1.0000
5.3312 -0.6408 -1800.6040 1.0870 4.5354 -1067.5124 0.0020 0.0003 1.0000
4.9519 -0.6465 -1654.8331 1.0627 4.2067 -1039.0270 0.0018 0.0003 1.0000
4.6376 -0.6377 -1530.6523 1.0187 4.0055 -1021.8389 0.0016 0.0004 1.0000
4.1282 -0.6648 -1320.1471 0.9585 3.5180 -937.5675 0.0014 0.0002 1.0000
3.9360 -0.6338 -1246.0152 0.9325 3.4455 -938.5414 0.0013 0.0003 1.0000
3.9959 -0.6582 -1252.2490 0.9444 3.4977 -965.8919 0.0013 0.0003 1.0000
4.5460 -0.6904 -1427.1254 1.1465 3.8927 -1125.0041 0.0017 0.0005 1.0000
3.8923 -0.6096 -1174.7388 0.9561 3.3625 -948.0606 0.0014 0.0004 1.0000
3.8913 -0.6359 -1151.3845 1.0286 3.2677 -950.4200 0.0014 0.0002 1.0000
3.4045 -0.5451 -973.4088 0.8358 2.8820 -776.7272 0.0011 0.0002 1.0000
3.2296 -0.5556 -883.0218 0.7762 2.6799 -683.8198 0.0011 0.0001 1.0000
3.0040 -0.4508 -783.9394 0.7250 2.5525 -597.1671 0.0009 0.0002 1.0000
2.2538 -0.5188 -475.6302 0.5285 1.8957 -385.9509 0.0005 -0.0002 1.0000
2.1744 -0.4954 -420.8723 0.4215 1.7607 -273.7503 0.0005 -0.0003 1.0000
2.0653 -0.4394 -352.2291 0.4556 1.7372 -260.3507 0.0003 -0.0001 1.0000
2.0719 -0.4471 -293.2379 0.5046 1.7528 -237.9376 0.0004 -0.0001 1.0000
2.3105 -0.4863 -338.2755 0.6381 1.8488 -275.8446 0.0006 -0.0001 1.0000
1.9888 -0.5314 -198.4893 0.5642 1.6384 -198.7104 0.0004 -0.0002 1.0000
1.8903 -0.6425 -133.8711 0.5970 1.4877 -166.4760 0.0004 -0.0003 1.0000
1.8373 -0.5581 -121.0562 0.5870 1.5116 -147.3011 0.0003 -0.0002 1.0000
1.7867 -0.5666 -110.4940 0.5737 1.4489 -126.9343 0.0003 -0.0002 1.0000
1.7383 -0.5688 -91.7240 0.5868 1.4461 -132.0401 0.0003 -0.0002 1.0000
2.0304 -0.5257 -173.2074 0.7560 1.7424 -224.4971 0.0005 0.0000 1.0000
1.6581 -0.4985 -94.2077 0.5688 1.4691 -146.7088 0.0002 -0.0001 1.0000
1.5765 -0.4971 -67.0068 0.5510 1.4475 -148.0635 0.0002 -0.0001 1.0000
1.4128 -0.5041 -20.8571 0.4700 1.2776 -103.1428 0.0001 -0.0002 1.0000
1.4486 -0.4680 -30.0200 0.5100 1.3365 -133.7398 0.0002 -0.0001 1.0000
1.2390 -0.4135 16.1729 0.3857 1.2272 -89.1030 -0.0000 -0.0001 1.0000
1.5893 -0.4390 -64.0984 0.5589 1.4351 -171.3455 0.0003 -0.0000 1.0000
1.0000 0.0000 0.0000 0.0000 1.0000 0.0000 0.0000 0.0000 1.0000
1.0000 0.0000 0.0000 0.0000 1.0000 0.0000 0.0000 0.0000 1.0000
1.0000 0.0000 0.0000 0.0000 1.0000 0.0000 0.0000 0.0000 1.0000
1.0000 0.0000 0.0000 0.0000 1.0000 0.0000 0.0000 0.0000 1.0000
1.1233 -0.4214 100.7224 0.3249 1.0797 -85.3730 -0.0000 -0.0002 1.0000
1.1800 -0.3670 101.9242 0.3418 1.1648 -101.7484 0.0000 -0.0001 1.0000
1.3981 -0.4272 66.5135 0.4472 1.2338 -151.0473 0.0002 -0.0001 1.0000
1.1086 -0.3895 143.5020 0.3359 1.0926 -104.3331 -0.0000 -0.0001 1.0000
1.3196 -0.3989 110.2123 0.4332 1.2102 -155.8559 0.0002 -0.0001 1.0000
1.0813 -0.3417 162.2739 0.3422 1.1135 -124.0085 -0.0000 -0.0000 1.0000
1.0471 -0.3685 179.9486 0.3376 1.0729 -125.5718 -0.0000 -0.0001 1.0000
0.9738 -0.3375 200.2996 0.3153 1.0590 -123.7697 -0.0001 -0.0000 1.0000
1.2768 -0.3790 145.1883 0.4409 1.2060 -189.9688 0.0002 -0.0000 1.0000
1.0362 -0.3603 191.1119 0.3319 1.0423 -135.8915 0.0000 -0.0001 1.0000
1.0000 0.0000 0.0000 0.0000 1.0000 0.0000 0.0000 0.0000 1.0000
1.0000 0.0000 0.0000 0.0000 1.0000 0.0000 0.0000 0.0000 1.0000
1.0000 0.0000 0.0000 0.0000 1.0000 0.0000 0.0000 0.0000 1.0000
1.0000 0.0000 0.0000 0.0000 1.0000 0.0000 0.0000 0.0000 1.0000
1.1889 -0.2632 109.5026 0.3447 1.1446 -160.9335 0.0001 0.0000 1.0000
1.0780 -0.1474 106.2816 0.2731 1.1594 -135.4262 -0.0000 0.0002 1.0000
1.1089 -0.1387 89.5195 0.2726 1.1744 -128.7081 0.0000 0.0001 1.0000
1.0371 -0.0426 83.6760 0.2052 1.1964 -98.7991 -0.0000 0.0002 1.0000
0.9918 -0.1281 90.3597 0.1670 1.0659 -55.3140 -0.0000 -0.0000 1.0000
1.0041 -0.1185 78.7470 0.1391 1.0535 -28.5334 0.0000 -0.0001 1.0000
1.1057 -0.0748 38.1545 0.1464 1.1059 -20.7581 0.0001 -0.0000 1.0000
0.9786 -0.0445 52.4020 0.0699 1.0294 24.5784 -0.0000 -0.0001 1.0000
1.0312 0.0737 15.4356 0.0501 1.1193 36.5076 -0.0000 0.0001 1.0000
0.9780 0.0292 27.9176 0.0127 1.0314 71.8849 -0.0000 -0.0001 1.0000
0.8137 0.0775 52.5931 -0.0779 0.9595 116.9674 -0.0002 -0.0000 1.0000
0.8425 0.0518 47.4815 -0.0726 0.9288 131.1286 -0.0001 -0.0001 1.0000
0.8710 0.1456 20.1912 -0.1018 0.9997 144.1957 -0.0001 -0.0000 1.0000
0.8615 0.1582 19.9210 -0.1050 0.9857 154.4643 -0.0001 -0.0000 1.0000
0.8168 0.1650 27.5559 -0.1384 0.9447 178.7300 -0.0001 -0.0001 1.0000
0.8836 0.1891 4.9363 -0.1159 0.9679 180.3058 -0.0001 -0.0001 1.0000
0.8493 0.3053 -15.3717 -0.1893 1.0454 199.9939 -0.0002 0.0001 1.0000
0.9027 0.2841 -41.3068 -0.1789 1.0008 206.0971 -0.0001 -0.0000 1.0000
0.9989 0.4096 -88.9282 -0.1927 1.1601 202.7336 -0.0001 0.0002 1.0000
0.7794 0.2919 -12.4660 -0.2262 0.9447 226.5363 -0.0002 -0.0000 1.0000
0.7180 0.3056 -4.0758 -0.2682 0.9046 242.7160 -0.0003 -0.0001 1.0000
0.6983 0.2765 0.9579 -0.2864 0.8367 256.6936 -0.0003 -0.0001 1.0000
0.6829 0.4160 -15.5290 -0.3251 0.9392 256.5940 -0.0003 0.0000 1.0000
0.7329 0.4728 -38.6119 -0.3067 0.9726 245.7742 -0.0002 0.0000 1.0000
0.6515 0.4485 -16.1127 -0.3391 0.8992 256.9215 -0.0003 -0.0000 1.0000
0.6565 0.4502 -21.3982 -0.3483 0.8591 264.1303 -0.0003 -0.0001 1.0000
0.6277 0.5147 -23.8719 -0.3719 0.8792 268.4793 -0.0003 -0.0000 1.0000
0.6318 0.5123 -31.3082 -0.4130 0.8454 289.7267 -0.0003 -0.0001 1.0000
0.5826 0.6034 -26.8545 -0.4327 0.8798 291.4506 -0.0004 0.0000 1.0000
0.5654 0.6531 -30.1769 -0.4548 0.8766 303.2179 -0.0004 0.0001 1.0000
0.5548 0.6253 -25.8675 -0.4584 0.8305 312.5561 -0.0004 -0.0000 1.0000
0.5696 0.7006 -44.0325 -0.4934 0.8597 333.2680 -0.0004 0.0000 1.0000
0.5605 0.7895 -60.3538 -0.5324 0.8988 349.2840 -0.0004 0.0001 1.0000
0.4988 0.7193 -37.8781 -0.5443 0.8090 364.1821 -0.0005 0.0000 1.0000
0.4217 0.7423 -25.3096 -0.5927 0.7883 386.3965 -0.0006 0.0001 1.0000
0.5863 0.8483 -87.2113 -0.5819 0.8739 401.4362 -0.0004 0.0001 1.0000
0.5611 0.9553 -99.8844 -0.6388 0.9342 425.1661 -0.0005 0.0002 1.0000
0.5112 0.9285 -83.0872 -0.6450 0.8676 440.1335 -0.0005 0.0001 1.0000
0.5131 1.0068 -99.1744 -0.6782 0.9016 458.7486 -0.0005 0.0002 1.0000
0.5422 1.0076 -107.4440 -0.6639 0.8620 473.9085 -0.0004 0.0001 1.0000
0.5329 1.0995 -122.4113 -0.7176 0.9267 490.2247 -0.0005 0.0002 1.0000
0.4800 1.0527 -103.6267 -0.7217 0.8482 499.6447 -0.0005 0.0002 1.0000
0.4163 0.9821 -74.0577 -0.6968 0.7557 494.1322 -0.0006 0.0001 1.0000
0.4052 0.9671 -69.2626 -0.7032 0.7120 502.0589 -0.0006 0.0000 1.0000
0.3738 0.9886 -60.7188 -0.7009 0.7126 495.6178 -0.0006 0.0000 1.0000
0.3905 1.1838 -98.2555 -0.7754 0.8516 506.3509 -0.0007 0.0003 1.0000
0.3942 1.0597 -80.2641 -0.7349 0.7219 500.5102 -0.0006 0.0001 1.0000
0.3452 1.1403 -72.6055 -0.7417 0.7746 482.1793 -0.0007 0.0002 1.0000
0.2312 0.9623 -6.9366 -0.7066 0.6286 461.9408 -0.0007 0.0000 1.0000
0.2943 1.0613 -46.5983 -0.7199 0.7025 453.8266 -0.0007 0.0001 1.0000
0.2500 1.0154 -23.7709 -0.6931 0.6339 442.1122 -0.0007 0.0000 1.0000
0.2764 0.9994 -34.5575 -0.6696 0.6056 429.1025 -0.0006 -0.0001 1.0000
0.2286 1.2276 -58.4798 -0.7111 0.7338 417.7990 -0.0008 0.0002 1.0000
0.2818 1.1727 -75.3685 -0.6759 0.6783 408.2391 -0.0007 0.0001 1.0000
0.2926 1.2113 -88.1491 -0.6717 0.6906 403.3100 -0.0007 0.0001 1.0000
0.2219 1.1578 -59.1931 -0.6735 0.6372 404.6325 -0.0008 0.0001 1.0000
0.2476 1.3855 -105.6100 -0.6991 0.7511 406.5470 -0.0008 0.0003 1.0000
0.2271 1.3599 -98.9140 -0.6967 0.7203 410.7106 -0.0008 0.0003 1.0000
0.2141 1.4172 -104.9633 -0.7071 0.7432 415.9123 -0.0008 0.0004 1.0000
0.1889 1.3911 -96.0334 -0.7078 0.7139 422.3592 -0.0009 0.0004 1.0000
0.1880 1.4290 -96.7269 -0.7003 0.7153 428.4487 -0.0008 0.0004 1.0000
0.1830 1.3695 -83.9222 -0.6691 0.6521 429.5204 -0.0008 0.0003 1.0000
0.1822 1.2669 -63.8867 -0.6360 0.5739 431.4672 -0.0008 0.0001 1.0000
0.1180 1.2868 -39.2931 -0.6496 0.5844 435.1140 -0.0008 0.0002 1.0000
0.1684 1.3547 -62.9725 -0.6502 0.6032 445.9852 -0.0008 0.0002 1.0000
0.1189 1.3173 -33.1396 -0.6497 0.5615 452.4365 -0.0008 0.0002 1.0000
0.0973 1.3987 -33.6032 -0.6608 0.6013 452.8254 -0.0009 0.0003 1.0000
0.1059 1.2540 -13.9079 -0.6304 0.4967 454.5454 -0.0008 0.0001 1.0000
0.1043 1.3601 -25.4151 -0.6365 0.5408 454.1194 -0.0008 0.0002 1.0000
0.0588 1.2666 6.3896 -0.6318 0.4760 455.3634 -0.0009 0.0001 1.0000
0.1080 1.3627 -19.1122 -0.6237 0.5078 453.2035 -0.0008 0.0002 1.0000
0.0398 1.2536 18.5762 -0.6125 0.4325 445.4669 -0.0008 0.0001 1.0000
0.0274 1.3429 12.5012 -0.6204 0.4736 441.4931 -0.0009 0.0002 1.0000
0.0571 1.2063 20.5446 -0.5810 0.3878 429.9833 -0.0008 0.0000 1.0000
0.0065 1.4909 -4.2393 -0.6455 0.5239 434.9623 -0.0009 0.0003 1.0000
-0.0439 1.3418 35.7612 -0.6245 0.4457 423.3341 -0.0009 0.0002 1.0000
-0.0185 1.4207 12.3640 -0.6338 0.4660 423.0276 -0.0009 0.0003 1.0000
-0.0763 1.4024 32.6712 -0.6285 0.4644 405.1586 -0.0010 0.0003 1.0000
-0.0129 1.3213 23.6279 -0.5893 0.4064 395.5120 -0.0009 0.0002 1.0000
-0.0181 1.2861 30.5534 -0.5663 0.3781 382.8060 -0.0009 0.0001 1.0000
-0.0376 1.3573 24.4697 -0.5675 0.4049 372.6556 -0.0009 0.0002 1.0000
-0.0394 1.3026 28.2504 -0.5491 0.3803 359.0582 -0.0009 0.0001 1.0000
-0.0445 1.3688 19.4309 -0.5525 0.4066 353.0815 -0.0009 0.0002 1.0000
-0.0317 1.3748 10.1524 -0.5378 0.4131 340.3254 -0.0009 0.0002 1.0000
0.0293 1.2797 5.7760 -0.4949 0.3818 324.6225 -0.0008 0.0000 1.0000
-0.0119 1.3929 1.9282 -0.5162 0.4535 316.5406 -0.0009 0.0002 1.0000
0.0436 1.3073 -1.8900 -0.4768 0.4493 296.2298 -0.0009 0.0001 1.0000
-0.0019 1.4747 -6.4848 -0.4871 0.5716 272.8456 -0.0010 0.0003 1.0000
0.0454 1.2833 11.3554 -0.4339 0.5604 240.5250 -0.0009 0.0002 1.0000
0.0598 1.3159 6.6802 -0.4054 0.6436 203.3007 -0.0009 0.0002 1.0000
0.0326 1.5722 -20.4069 -0.4195 0.8548 158.5224 -0.0011 0.0006 1.0000
0.1021 1.2630 6.3253 -0.3273 0.8390 96.2077 -0.0009 0.0003 1.0000
0.1592 1.4421 -34.2274 -0.2817 1.0697 14.0806 -0.0009 0.0005 1.0000
0.1169 1.4413 -24.3866 -0.2415 1.1911 -53.4105 -0.0011 0.0007 1.0000
0.2026 1.0938 -0.9495 -0.1207 1.1669 -129.5157 -0.0009 0.0004 1.0000
0.2624 0.7584 21.1243 -0.0105 1.1369 -198.7068 -0.0008 0.0001 1.0000
1.0000 0.0000 0.0000 0.0000 1.0000 0.0000 0.0000 0.0000 1.0000
1.0000 0.0000 0.0000 0.0000 1.0000 0.0000 0.0000 0.0000 1.0000
1.0000 0.0000 0.0000 0.0000 1.0000 0.0000 0.0000 0.0000 1.0000
1.0000 0.0000 0.0000 0.0000 1.0000 0.0000 0.0000 0.0000 1.0000
1.0000 0.0000 0.0000 0.0000 1.0000 0.0000 0.0000 0.0000 1.0000
1.0000 0.0000 0.0000 0.0000 1.0000 0.0000 0.0000 0.0000 1.0000
1.0000 0.0000 0.0000 0.0000 1.0000 0.0000 0.0000 0.0000 1.0000
1.0000 0.0000 0.0000 0.0000 1.0000 0.0000 0.0000 0.0000 1.0000
1.0000 0.0000 0.0000 0.0000 1.0000 0.0000 0.0000 0.0000 1.0000
0.1433 0.1059 247.8484 0.4763 1.4404 -507.7157 -0.0010 0.0006 1.0000
0.3254 -0.1490 276.8415 0.7398 1.6015 -664.2591 -0.0008 0.0005 1.0000
0.2032 -0.2795 351.8804 0.6955 1.4249 -601.4976 -0.0008 0.0004 1.0000
0.2008 -0.4176 398.3229 0.7818 1.4135 -641.7974 -0.0008 0.0004 1.0000
0.1356 -0.5710 448.5837 0.8088 1.2731 -630.0422 -0.0008 0.0002 1.0000
0.1335 -0.6651 478.1772 0.8560 1.2415 -645.3490 -0.0007 0.0002 1.0000
0.2299 -0.8407 521.3939 1.0445 1.3678 -757.5512 -0.0006 0.0002 1.0000
0.1425 -0.7516 539.8683 1.0592 1.3485 -751.5047 -0.0007 0.0005 1.0000
0.1764 -0.8765 558.4165 1.0532 1.2574 -715.9140 -0.0006 0.0004 1.0000
0.0989 -0.8459 561.3531 0.9625 1.1305 -637.6068 -0.0007 0.0003 1.0000
0.1211 -0.8606 575.8918 1.0328 1.2026 -673.4012 -0.0007 0.0004 1.0000
0.1010 -0.8807 583.2136 0.9945 1.1241 -625.6387 -0.0007 0.0004 1.0000
0.1366 -0.9021 585.4401 0.9844 1.1232 -598.0524 -0.0006 0.0004 1.0000
0.1546 -0.9417 595.8810 0.9849 1.1112 -575.4907 -0.0006 0.0003 1.0000
0.1197 -0.8997 581.4432 0.8523 0.9769 -468.2415 -0.0006 0.0002 1.0000
0.1291 -0.8354 566.4682 0.8034 0.9944 -430.1417 -0.0006 0.0002 1.0000
0.1304 -0.8943 564.0974 0.7288 0.8461 -354.3332 -0.0006 -0.0000 1.0000
0.1630 -0.7876 556.0062 0.7147 1.0003 -351.8530 -0.0006 0.0002 1.0000
0.2113 -0.8045 535.1401 0.6673 0.9354 -305.7531 -0.0006 0.0000 1.0000
0.2717 -0.8101 519.0044 0.6639 0.9415 -292.9589 -0.0005 -0.0000 1.0000
0.2530 -0.7606 515.2436 0.5969 0.9374 -257.8266 -0.0005 -0.0000 1.0000
0.3182 -0.6756 487.4299 0.5966 1.0523 -268.6922 -0.0005 0.0001 1.0000
0.3234 -0.6384 474.3755 0.5434 1.0091 -235.3329 -0.0005 0.0000 1.0000
0.3205 -0.5904 455.3759 0.4450 0.9837 -190.6078 -0.0005 -0.0000 1.0000
0.3315 -0.4889 433.5429 0.3984 1.0205 -178.2046 -0.0006 0.0001 1.0000
0.3380 -0.3545 415.4753 0.3598 1.1149 -178.6987 -0.0006 0.0002 1.0000
0.5127 -0.2951 358.4981 0.3906 1.2049 -202.0820 -0.0005 0.0002 1.0000
0.6219 -0.2544 316.5219 0.3186 1.2838 -186.6766 -0.0004 0.0002 1.0000
0.5257 -0.1716 316.2670 0.2454 1.1919 -157.9810 -0.0005 0.0001 1.0000
0.6703 -0.0234 245.5333 0.1927 1.2937 -154.2445 -0.0004 0.0002 1.0000
0.5155 -0.0122 259.4297 0.0784 1.0992 -92.6391 -0.0005 0.0000 1.0000
0.5754 0.1813 196.1863 0.0019 1.1765 -79.6486 -0.0006 0.0002 1.0000
0.6191 0.3508 147.3241 -0.0692 1.2443 -66.0077 -0.0006 0.0003 1.0000
0.7236 0.5155 80.9872 -0.1455 1.2934 -38.5665 -0.0005 0.0003 1.0000
0.5180 0.4596 125.8332 -0.2564 1.0861 34.4003 -0.0006 0.0002 1.0000
0.6826 0.5969 46.6588 -0.3012 1.1665 48.0289 -0.0005 0.0002 1.0000
0.9300 0.8275 -67.0929 -0.3649 1.3181 76.5201 -0.0003 0.0004 1.0000
0.5477 0.5636 57.3586 -0.4269 1.0088 150.0989 -0.0006 0.0001 1.0000
0.8035 0.6811 -70.1146 -0.4559 1.1158 170.8922 -0.0005 0.0003 1.0000
0.9023 0.5980 -99.7811 -0.4197 1.1142 174.8264 -0.0003 0.0001 1.0000
0.8530 0.4381 -77.6267 -0.3827 1.0244 176.2624 -0.0003 -0.0001 1.0000
0.9044 0.5730 -131.9321 -0.3773 1.1578 161.4402 -0.0003 0.0002 1.0000
0.8905 0.5399 -136.0596 -0.3178 1.1743 125.5652 -0.0004 0.0002 1.0000
0.9136 0.4324 -128.6992 -0.2298 1.1768 77.7158 -0.0003 0.0001 1.0000
1.1517 0.4856 -209.1800 -0.1689 1.4042 17.7960 -0.0001 0.0003 1.0000
1.0071 0.2890 -131.5924 -0.1155 1.2475 -7.0019 -0.0002 0.0001 1.0000
1.1714 0.2815 -177.1788 -0.0492 1.3853 -69.2709 -0.0001 0.0002 1.0000
1.1149 0.1166 -123.5427 0.0276 1.2988 -113.8877 -0.0001 0.0001 1.0000
1.4894 0.0980 -207.2266 0.1838 1.5775 -233.4041 0.0002 0.0002 1.0000
1.1491 0.0526 -86.4661 0.1601 1.3405 -207.2636 -0.0001 0.0002 1.0000
1.3431 0.0512 -109.0879 0.2529 1.4915 -275.4901 0.0000 0.0004 1.0000
1.4052 0.0761 -99.3344 0.3224 1.5589 -322.9211 0.0001 0.0005 1.0000
1.0853 -0.1428 35.4754 0.2592 1.2139 -246.0376 -0.0001 0.0002 1.0000
1.2346 -0.0670 26.3947 0.3534 1.3618 -307.3705 0.0000 0.0004 1.0000
1.0557 -0.1230 104.2484 0.3192 1.2305 -273.0186 -0.0001 0.0003 1.0000
0.9861 -0.2700 158.8869 0.3115 1.0972 -248.5242 -0.0001 0.0001 1.0000
1.2317 -0.1893 130.7148 0.4220 1.3033 -322.1712 0.0001 0.0003 1.0000
0.9354 -0.2594 225.2366 0.3517 1.0992 -261.5535 -0.0001 0.0001 1.0000
0.9999 -0.3532 249.0019 0.4032 1.0849 -277.0769 -0.0000 0.0001 1.0000
1.0391 -0.3511 268.8596 0.4427 1.1137 -293.4595 -0.0000 0.0001 1.0000
1.1335 -0.3308 269.1738 0.4972 1.1580 -317.4281 0.0000 0.0002 1.0000
0.9157 -0.3989 345.9213 0.4580 1.0191 -278.4132 -0.0001 0.0001 1.0000
1.0288 -0.4557 354.6876 0.5425 1.0392 -310.0598 0.0000 0.0001 1.0000
1.2481 -0.4606 337.0779 0.6572 1.1775 -372.7135 0.0002 0.0002 1.0000
0.8042 -0.6358 431.3828 0.5047 0.8384 -267.2246 -0.0001 -0.0002 1.0000
0.9291 -0.7559 418.0610 0.6024 0.8267 -313.9931 0.0000 -0.0002 1.0000
0.8531 -0.6905 413.6816 0.6187 0.8106 -331.7428 -0.0000 -0.0001 1.0000
0.9809 -0.6784 376.0760 0.7316 0.9097 -417.5803 0.0001 -0.0000 1.0000
1.1949 -0.7169 335.5888 0.8579 1.0165 -505.3546 0.0002 0.0001 1.0000
0.8492 -0.6603 359.1790 0.6637 0.8466 -407.3283 -0.0001 -0.0000 1.0000
1.3846 -0.7939 254.8793 0.9203 1.0623 -570.1935 0.0004 0.0000 1.0000
1.1030 -0.6238 291.0966 0.7470 1.0369 -494.9374 0.0002 0.0001 1.0000
1.2002 -0.7271 257.5219 0.6915 1.0342 -472.6680 0.0003 -0.0001 1.0000
1.1998 -0.6676 229.1998 0.5976 1.0326 -429.2190 0.0003 -0.0002 1.0000
1.1701 -0.6097 219.2516 0.5121 1.0432 -393.7779 0.0002 -0.0002 1.0000
1.2608 -0.5043 174.9901 0.4721 1.1155 -396.1288 0.0003 -0.0001 1.0000
1.1166 -0.3127 168.5582 0.3180 1.1065 -349.2360 0.0001 0.0000 1.0000
1.0000 0.0000 0.0000 0.0000 1.0000 0.0000 0.0000 0.0000 1.0000
1.0000 0.0000 0.0000 0.0000 1.0000 0.0000 0.0000 0.0000 1.0000
1.0000 0.0000 0.0000 0.0000 1.0000 0.0000 0.0000 0.0000 1.0000
1.0000 0.0000 0.0000 0.0000 1.0000 0.0000 0.0000 0.0000 1.0000
1.0000 0.0000 0.0000 0.0000 1.0000 0.0000 0.0000 0.0000 1.0000
1.0000 0.0000 0.0000 0.0000 1.0000 0.0000 0.0000 0.0000 1.0000
1.0000 0.0000 0.0000 0.0000 1.0000 0.0000 0.0000 0.0000 1.0000
1.0000 0.0000 0.0000 0.0000 1.0000 0.0000 0.0000 0.0000 1.0000
1.0000 0.0000 0.0000 0.0000 1.0000 0.0000 0.0000 0.0000 1.0000
1.0000 0.0000 0.0000 0.0000 1.0000 0.0000 0.0000 0.0000 1.0000
1.0000 0.0000 0.0000 0.0000 1.0000 0.0000 0.0000 0.0000 1.0000
1.0000 0.0000 0.0000 0.0000 1.0000 0.0000 0.0000 0.0000 1.0000
1.0000 0.0000 0.0000 0.0000 1.0000 0.0000 0.0000 0.0000 1.0000
1.0000 0.0000 0.0000 0.0000 1.0000 0.0000 0.0000 0.0000 1.0000
1.0000 0.0000 0.0000 0.0000 1.0000 0.0000 0.0000 0.0000 1.0000
1.6357 0.5415 -550.3003 -0.4741 1.5235 -7.5558 0.0005 -0.0001 1.0000
1.4030 0.5741 -458.9665 -0.5193 1.3162 113.9755 0.0003 -0.0001 1.0000
1.5594 0.7966 -519.5445 -0.6110 1.4584 192.9256 0.0004 0.0001 1.0000
1.7049 0.8464 -539.2984 -0.6830 1.4918 266.0232 0.0006 0.0000 1.0000
1.6967 1.0404 -541.9402 -0.7528 1.5522 309.5404 0.0006 0.0003 1.0000
1.6498 1.1508 -513.5331 -0.8160 1.5811 345.9522 0.0005 0.0004 1.0000
1.6808 1.1638 -511.6994 -0.8830 1.5461 392.6271 0.0006 0.0003 1.0000
1.7907 1.3471 -569.6159 -0.9502 1.6588 418.9506 0.0006 0.0005 1.0000
1.7176 1.3136 -540.2793 -0.9824 1.6078 441.9355 0.0006 0.0004 1.0000
1.9090 1.3860 -602.0646 -1.0445 1.6507 497.6749 0.0009 0.0002 1.0000
1.7721 1.2899 -551.5905 -1.0367 1.4767 524.1874 0.0008 0.0001 1.0000
1.3597 1.2250 -420.4530 -1.0312 1.3203 523.8430 0.0004 0.0002 1.0000
1.7943 1.6307 -604.8717 -1.1828 1.6304 621.9719 0.0008 0.0004 1.0000
1.8571 1.8864 -663.6594 -1.3518 1.7512 724.9741 0.0008 0.0006 1.0000
1.4217 1.3428 -440.9452 -1.1090 1.2315 666.2334 0.0006 -0.0000 1.0000
1.5553 1.5956 -508.0202 -1.2581 1.3628 764.8166 0.0008 0.0001 1.0000
1.6335 1.8012 -547.1320 -1.3424 1.4066 844.1261 0.0009 0.0002 1.0000
1.3405 1.5622 -411.8100 -1.2716 1.1544 822.2996 0.0007 0.0000 1.0000
1.3360 1.7174 -418.6979 -1.3287 1.1952 858.5525 0.0007 0.0002 1.0000
1.5801 1.8830 -486.1376 -1.4349 1.2084 967.0271 0.0011 -0.0000 1.0000
1.4542 1.9855 -462.3660 -1.5092 1.2391 976.3950 0.0009 0.0002 1.0000
1.6046 2.3813 -556.5621 -1.6560 1.4443 1042.6939 0.0011 0.0005 1.0000
2.0515 2.8375 -751.2304 -1.8961 1.7148 1178.8224 0.0016 0.0006 1.0000
1.6062 2.5476 -607.2365 -1.7666 1.4600 1073.7055 0.0011 0.0005 1.0000
1.7215 2.8988 -716.2612 -1.9133 1.6866 1108.3161 0.0012 0.0008 1.0000
1.4319 2.3147 -584.6171 -1.7018 1.3616 975.8998 0.0008 0.0003 1.0000
1.5536 2.4653 -668.8087 -1.8060 1.4659 1014.2221 0.0010 0.0003 1.0000
1.7934 2.4662 -772.0806 -1.8641 1.5652 1030.9553 0.0013 0.0001 1.0000
1.5147 2.2350 -693.6674 -1.7135 1.5310 893.4137 0.0007 0.0003 1.0000
2.8640 3.7152 -1383.8617 -2.4474 2.7125 1211.4861 0.0021 0.0009 1.0000
2.4250 2.9795 -1148.9607 -2.0476 2.4053 986.6113 0.0015 0.0007 1.0000
2.1396 2.4681 -971.8993 -1.8242 2.2353 861.5720 0.0011 0.0004 1.0000
2.7998 2.7783 -1248.1443 -1.9310 2.7905 877.7305 0.0016 0.0005 1.0000
3.6556 2.8803 -1544.4071 -1.9182 3.3416 842.4748 0.0023 0.0003 1.0000
4.0123 2.8661 -1647.4559 -1.8329 3.6575 773.7992 0.0023 0.0005 1.0000
4.6480 2.7681 -1804.1794 -1.6553 4.0722 668.1925 0.0028 0.0002 1.0000
5.3741 2.7736 -2003.3999 -1.5416 4.7110 547.6966 0.0031 0.0003 1.0000
5.8350 2.5521 -2059.2533 -1.4242 5.0722 441.7481 0.0033 0.0003 1.0000
5.3569 2.0150 -1765.8353 -1.1765 4.7278 316.2210 0.0028 0.0002 1.0000
7.4134 2.7779 -2503.6504 -1.2569 6.5300 169.2743 0.0038 0.0008 1.0000
8.9493 2.5763 -2847.6936 -0.9760 7.5824 -82.7327 0.0047 0.0007 1.0000
5.3338 1.0449 -1493.1221 -0.5842 4.5366 -44.2679 0.0023 -0.0001 1.0000
5.7820 0.7727 -1526.7279 -0.3258 4.8297 -212.4880 0.0026 -0.0002 1.0000
8.9360 0.6997 -2397.3436 0.0526 6.9090 -592.4103 0.0043 -0.0003 1.0000
8.4238 0.8579 -2229.9675 0.1531 7.1714 -740.3605 0.0036 0.0005 1.0000
7.7446 0.1045 -1852.8158 0.4466 6.5251 -812.5572 0.0033 0.0002 1.0000
6.9033 -0.5039 -1471.0174 0.7834 5.7391 -881.7852 0.0028 -0.0001 1.0000
9.8563 -0.6987 -2173.1740 1.7166 8.3049 -1608.4075 0.0042 0.0007 1.0000
9.5740 -1.5122 -1873.2772 2.3250 7.7704 -1789.7286 0.0042 0.0004 1.0000
8.4356 -1.9498 -1406.2965 2.6199 7.0220 -1836.6356 0.0036 0.0004 1.0000
10.0238 -3.1143 -1477.7193 3.9148 7.9679 -2461.7835 0.0047 0.0005 1.0000
8.9438 -3.4050 -1030.1712 4.2061 7.1712 -2460.4860 0.0043 0.0006 1.0000
5.1179 -3.0263 -195.5631 2.7581 3.8821 -1461.4164 0.0023 -0.0004 1.0000
4.9156 -3.1467 -45.0899 3.0575 3.9718 -1584.5658 0.0023 0.0000 1.0000
5.4222 -4.0170 20.7259 3.7705 3.6441 -1785.4465 0.0030 -0.0006 1.0000
4.9851 -3.9217 135.5009 3.7438 3.4829 -1740.5639 0.0028 -0.0004 1.0000
5.6203 -4.3575 131.0144 4.4762 4.0653 -2066.4511 0.0035 -0.0001 1.0000
3.9982 -3.3842 219.2082 3.2683 2.9388 -1449.0241 0.0023 -0.0004 1.0000
4.4254 -3.4669 119.4812 3.4547 3.2972 -1519.9559 0.0027 -0.0003 1.0000
4.1913 -3.2415 84.7508 3.1745 3.0730 -1363.9260 0.0026 -0.0005 1.0000
3.5804 -2.7030 48.9613 2.5200 2.4937 -1023.1803 0.0022 -0.0008 1.0000
3.3666 -2.0806 -43.2765 1.9925 2.5960 -799.4106 0.0018 -0.0005 1.0000
3.3982 -1.8436 -129.8918 1.7032 2.4745 -639.4369 0.0018 -0.0007 1.0000
3.0309 -1.4124 -142.4371 1.1891 2.1936 -402.2810 0.0015 -0.0008 1.0000
3.7490 -1.0232 -357.6135 1.0974 2.8080 -380.3493 0.0019 -0.0006 1.0000
3.9172 -0.5652 -478.2457 0.7072 3.0409 -264.0356 0.0020 -0.0004 1.0000
3.7680 0.0839 -537.4508 0.2832 3.1257 -125.2626 0.0018 -0.0001 1.0000
4.4257 0.5009 -754.7410 0.1252 3.4329 -94.6591 0.0024 -0.0002 1.0000
4.3458 1.0806 -852.7532 -0.2192 3.3946 15.2432 0.0023 -0.0000 1.0000
3.6655 1.3397 -753.8020 -0.6422 2.9410 195.5976 0.0019 -0.0000 1.0000
2.0408 1.0526 -322.9792 -0.7676 1.9578 282.3572 0.0007 -0.0000 1.0000
2.3497 1.4430 -486.7810 -0.8901 2.1450 315.1818 0.0010 0.0001 1.0000
2.6823 1.1750 -542.0716 -0.9583 2.0065 388.8658 0.0016 -0.0006 1.0000
3.3492 2.1998 -886.9296 -1.3610 2.6712 524.8214 0.0021 0.0001 1.0000
4.5964 3.3012 -1411.3177 -1.7545 3.6073 652.2735 0.0031 0.0007 1.0000
2.7732 2.0719 -788.1693 -1.3661 2.2707 583.0379 0.0017 0.0001 1.0000
2.2091 1.9483 -645.5900 -1.2793 2.0305 561.5007 0.0012 0.0002 1.0000
1.8825 1.7095 -565.6219 -1.1845 1.7604 553.2448 0.0010 0.0000 1.0000
2.4645 2.0896 -851.6999 -1.4240 2.1266 675.8906 0.0016 -0.0000 1.0000
2.7154 2.6324 -1079.7347 -1.6231 2.5111 760.3974 0.0018 0.0004 1.0000
2.0855 2.1719 -877.0773 -1.3421 1.9619 681.5129 0.0013 0.0001 1.0000
2.6732 2.5238 -1206.6483 -1.5303 2.2505 814.5730 0.0020 -0.0001 1.0000
3.6701 4.0994 -1901.7980 -2.2359 3.2590 1206.0633 0.0031 0.0007 1.0000
3.0374 3.7037 -1662.5453 -2.1759 2.8790 1207.1709 0.0025 0.0006 1.0000
3.1724 4.4201 -1878.6624 -2.5724 3.2951 1428.7656 0.0027 0.0011 1.0000
3.3396 4.9716 -2068.5747 -2.7269 3.4144 1595.4200 0.0032 0.0011 1.0000
3.7158 5.9626 -2421.4065 -3.2247 3.8016 1928.7649 0.0038 0.0015 1.0000
4.7537 8.3812 -3240.6072 -4.3927 5.0014 2671.5080 0.0056 0.0023 1.0000
3.3092 6.0239 -2293.4296 -3.4292 3.0940 2189.1242 0.0038 0.0008 1.0000
3.1350 6.8335 -2360.5739 -4.0213 3.4449 2465.8025 0.0036 0.0019 1.0000
3.5025 7.7758 -2669.1073 -4.4877 3.4837 2818.6805 0.0044 0.0017 1.0000
3.1868 7.9744 -2566.3255 -4.7993 3.4033 2928.0828 0.0040 0.0021 1.0000
2.5705 6.9091 -2118.0821 -4.3713 2.6708 2649.4516 0.0031 0.0016 1.0000
2.1324 6.3836 -1833.8333 -4.1365 2.2059 2503.0398 0.0025 0.0016 1.0000
2.1334 6.5829 -1803.6291 -4.3311 2.1642 2600.8427 0.0027 0.0014 1.0000
2.4527 7.6429 -2063.5987 -5.0224 2.3818 2969.0561 0.0031 0.0018 1.0000
2.1901 7.4843 -1877.9287 -5.0837 2.1757 3016.1569 0.0029 0.0017 1.0000
1.9102 7.1669 -1693.8472 -5.0421 2.0517 2968.8314 0.0023 0.0019 1.0000
1.6016 6.1871 -1408.7412 -4.5379 1.6602 2711.0685 0.0020 0.0011 1.0000
2.3108 8.1016 -1954.8946 -5.8003 2.4642 3416.2992 0.0028 0.0019 1.0000
2.3266 7.2180 -1836.5811 -5.1995 2.1716 3123.2722 0.0027 0.0011 1.0000
2.9785 8.1057 -2244.4490 -5.7586 2.7212 3411.5689 0.0031 0.0014 1.0000
4.0823 9.1256 -2846.0900 -6.4706 3.5993 3748.2959 0.0040 0.0013 1.0000
3.8396 7.4750 -2556.7050 -5.4899 3.4333 3056.3311 0.0030 0.0010 1.0000
5.3880 9.6023 -3519.0129 -6.7531 5.3147 3513.1927 0.0040 0.0019 1.0000
20.1554 28.7574 -12489.5603 -18.9043 18.5698 9067.0971 0.0152 0.0072 1.0000
13.1257 17.7360 -7962.8247 -11.9711 13.0101 5294.0310 0.0086 0.0049 1.0000
10.8362 12.8869 -6255.5535 -9.0475 10.7438 3664.7957 0.0066 0.0031 1.0000
15.0769 15.2030 -8327.5617 -10.8633 14.0302 3986.9505 0.0085 0.0040 1.0000
10.3287 9.5569 -5427.6915 -6.7562 9.8446 2163.9257 0.0054 0.0023 1.0000
11.9821 9.8235 -6025.9800 -6.9096 11.3252 1862.0858 0.0061 0.0025 1.0000
11.9281 8.8329 -5717.5408 -6.1420 11.2517 1332.7765 0.0058 0.0023 1.0000
17.5526 12.0867 -8157.0250 -7.7709 16.4557 1201.4047 0.0084 0.0044 1.0000
32.3032 20.3014 -14369.1953 -12.4549 29.9365 1213.4051 0.0160 0.0089 1.0000
11.6157 5.5442 -4544.6482 -3.6119 10.5429 88.4030 0.0054 0.0016 1.0000
5.7426 2.3870 -1994.8376 -1.8153 5.5659 25.3695 0.0022 0.0004 1.0000
6.0534 2.0376 -1927.2629 -1.5287 5.6935 -79.2084 0.0024 0.0004 1.0000
5.8398 1.6997 -1723.7463 -1.1503 5.6393 -220.3218 0.0023 0.0004 1.0000
7.4004 1.7083 -2111.2086 -0.7145 6.8426 -531.9413 0.0032 0.0005 1.0000
9.1988 1.6485 -2585.2533 -0.2774 8.0263 -799.4046 0.0042 0.0006 1.0000
6.1778 0.5438 -1490.1987 -0.1075 5.5749 -527.2477 0.0026 0.0001 1.0000
7.8050 0.0920 -1830.7542 0.3908 6.4477 -784.2021 0.0038 -0.0003 1.0000
8.7811 -0.1358 -2017.6770 0.9286 7.1831 -1074.1322 0.0045 -0.0001 1.0000
6.6192 -0.4183 -1374.5223 0.8936 5.6260 -905.6130 0.0032 -0.0003 1.0000
5.3271 -0.6401 -951.9856 0.8645 4.6643 -795.0267 0.0025 -0.0003 1.0000
8.2413 -0.6328 -1688.0615 1.6020 7.1085 -1389.4262 0.0044 0.0003 1.0000
8.1881 -1.1667 -1589.9691 1.7891 6.6155 -1402.4870 0.0046 -0.0003 1.0000
8.3445 -1.4984 -1546.7603 2.1351 6.6853 -1572.1780 0.0049 -0.0004 1.0000
10.4185 -2.1388 -1948.9398 2.8770 7.9986 -2012.9659 0.0065 -0.0004 1.0000
7.2115 -1.6983 -1186.7262 2.1320 5.8577 -1474.9208 0.0043 -0.0004 1.0000
5.1427 -1.4996 -688.8903 1.5949 4.4097 -1088.9567 0.0029 -0.0004 1.0000
10.0333 -2.5853 -1680.9968 3.5282 8.0559 -2296.2659 0.0067 -0.0001 1.0000
5.3606 -1.9897 -635.6720 1.9704 4.3325 -1218.8648 0.0034 -0.0007 1.0000
5.2146 -2.0663 -584.6844 2.0012 4.2174 -1218.6417 0.0034 -0.0008 1.0000
5.5953 -2.2748 -634.2230 2.2149 4.4159 -1318.2660 0.0038 -0.0009 1.0000
6.9440 -2.6147 -884.2879 2.7778 5.4249 -1648.6665 0.0049 -0.0007 1.0000
6.3903 -2.3841 -748.2917 2.7298 5.2429 -1626.2878 0.0046 -0.0004 1.0000
5.6559 -2.2890 -595.6401 2.3730 4.5969 -1393.1517 0.0040 -0.0006 1.0000
5.0965 -2.1536 -470.0412 2.1691 4.1461 -1250.2310 0.0036 -0.0006 1.0000
5.0660 -2.2442 -418.1820 2.2415 4.0404 -1260.5317 0.0037 -0.0007 1.0000
4.2109 -1.9334 -266.3851 1.8256 3.4699 -1030.4877 0.0029 -0.0006 1.0000
3.9060 -1.8119 -193.9849 1.7044 3.3222 -966.2244 0.0026 -0.0005 1.0000
5.1209 -2.0784 -387.0809 2.2547 4.2581 -1291.6262 0.0037 -0.0003 1.0000
4.3769 -1.9158 -252.2922 1.9612 3.6124 -1099.8109 0.0031 -0.0004 1.0000
