493.614687 304.407463 508.856160 305.426292 515.285036 372.313527 501.303845 374.477877 
492.170815 303.950642 507.467385 304.955830 513.879337 371.982352 499.342747 374.708763 
490.919774 303.950642 506.216344 304.955830 512.628295 371.982352 498.091705 374.708763 
488.624835 304.202199 504.031598 305.180103 510.409700 372.485200 495.391914 374.166007 
486.194330 303.755088 501.656190 304.719350 508.017368 372.163735 492.767125 373.996277 
483.893246 303.374401 499.410202 304.325022 505.744937 373.347250 491.592147 373.930870 
481.555456 303.730757 497.127508 304.667737 503.454838 372.390696 488.337176 373.547179 
479.512900 303.794515 495.140049 304.717852 501.450454 372.580099 486.603696 373.347015 
477.563818 303.027518 493.246064 303.937214 499.571061 372.564552 483.364384 373.417535 
474.364634 302.485399 490.101977 303.381454 496.683447 372.384254 480.759078 372.966852 
471.783452 300.976566 487.575891 301.858979 494.228922 371.835866 478.875227 372.404522 
469.187316 300.236913 485.034852 301.105684 491.727691 370.708736 475.706222 371.563214 
0.000000 0.000000 0.000000 0.000000 0.000000 0.000000 0.000000 0.000000 
0.000000 0.000000 0.000000 0.000000 0.000000 0.000000 0.000000 0.000000 
0.000000 0.000000 0.000000 0.000000 0.000000 0.000000 0.000000 0.000000 
0.000000 0.000000 0.000000 0.000000 0.000000 0.000000 0.000000 0.000000 
0.000000 0.000000 0.000000 0.000000 0.000000 0.000000 0.000000 0.000000 
0.000000 0.000000 0.000000 0.000000 0.000000 0.000000 0.000000 0.000000 
0.000000 0.000000 0.000000 0.000000 0.000000 0.000000 0.000000 0.000000 
0.000000 0.000000 0.000000 0.000000 0.000000 0.000000 0.000000 0.000000 
0.000000 0.000000 0.000000 0.000000 0.000000 0.000000 0.000000 0.000000 
0.000000 0.000000 0.000000 0.000000 0.000000 0.000000 0.000000 0.000000 
0.000000 0.000000 0.000000 0.000000 0.000000 0.000000 0.000000 0.000000 
0.000000 0.000000 0.000000 0.000000 0.000000 0.000000 0.000000 0.000000 
0.000000 0.000000 0.000000 0.000000 0.000000 0.000000 0.000000 0.000000 
0.000000 0.000000 0.000000 0.000000 0.000000 0.000000 0.000000 0.000000 
0.000000 0.000000 0.000000 0.000000 0.000000 0.000000 0.000000 0.000000 
0.000000 0.000000 0.000000 0.000000 0.000000 0.000000 0.000000 0.000000 
0.000000 0.000000 0.000000 0.000000 0.000000 0.000000 0.000000 0.000000 
0.000000 0.000000 0.000000 0.000000 0.000000 0.000000 0.000000 0.000000 
0.000000 0.000000 0.000000 0.000000 0.000000 0.000000 0.000000 0.000000 
0.000000 0.000000 0.000000 0.000000 0.000000 0.000000 0.000000 0.000000 
0.000000 0.000000 0.000000 0.000000 0.000000 0.000000 0.000000 0.000000 
445.966925 289.332377 463.026585 289.901032 468.896958 361.384750 452.624033 362.520070 
444.694727 288.075322 462.448530 289.634677 468.062373 360.951260 452.424351 361.264020 
444.191023 287.624309 462.161073 288.822312 468.225300 361.010852 451.648997 361.949133 
444.923684 286.335254 462.893733 287.533257 468.835854 360.230131 452.293154 360.747090 
445.368052 286.405165 462.764700 286.520475 468.624745 359.500699 451.146779 360.471697 
445.516463 285.726753 463.486513 286.924756 469.332793 358.362917 452.115997 359.821967 
446.233114 285.172223 464.272284 285.570146 469.747197 358.175678 452.016771 358.602917 
445.922766 285.044773 463.892815 286.242777 469.965699 357.821735 452.019378 358.843070 
446.284090 284.393453 464.190619 285.056658 469.848620 358.052796 451.873118 358.373788 
446.570805 283.864415 464.540855 285.062419 469.841935 356.856557 452.325130 358.351894 
446.339050 283.795921 464.309100 284.993924 470.546139 357.184005 452.711039 357.959444 
446.201179 283.153596 464.171229 284.351599 470.584044 356.941225 453.524383 358.362864 
447.045617 282.404646 465.015667 283.602649 470.865433 357.324623 452.921387 357.965482 
447.477810 282.519545 465.447860 283.717549 470.865038 356.264345 452.975141 357.640491 
448.004186 282.130784 465.974236 283.328788 472.102149 355.865010 453.934470 357.073518 
449.759543 281.739528 467.609009 281.870194 473.299690 356.444128 455.206112 357.219567 
450.912518 280.520096 469.475893 281.870016 475.492859 355.532228 456.262742 355.833873 
452.804719 280.141656 471.368094 281.491576 477.385060 355.153788 458.154943 355.455433 
454.167621 278.931418 472.903622 280.272396 478.246968 354.204641 459.918407 355.144567 
456.447402 278.500610 475.356029 279.832646 480.700199 353.517323 461.730214 354.034794 
458.645105 277.066351 477.726359 278.389446 482.981087 352.098024 463.894211 352.710740 
460.603671 276.650919 479.857551 277.965072 485.052702 351.353120 465.632740 351.353120 
462.571063 274.886682 481.997569 276.191893 487.741529 350.505409 467.752757 350.751477 
465.247950 273.868353 484.847083 275.164623 490.536440 349.608400 470.395938 349.843352 
467.047953 272.457644 486.819712 273.744972 492.454469 348.319010 472.162235 348.542847 
470.486651 272.236221 489.657969 273.227198 495.238124 347.931496 474.794159 348.144218 
472.961516 271.204555 493.078528 272.474000 498.090542 346.571976 478.008387 347.510166 
475.833000 270.241196 496.122638 271.501699 501.593590 346.466520 480.846164 346.657010 
0.000000 0.000000 0.000000 0.000000 0.000000 0.000000 0.000000 0.000000 
0.000000 0.000000 0.000000 0.000000 0.000000 0.000000 0.000000 0.000000 
0.000000 0.000000 0.000000 0.000000 0.000000 0.000000 0.000000 0.000000 
0.000000 0.000000 0.000000 0.000000 0.000000 0.000000 0.000000 0.000000 
0.000000 0.000000 0.000000 0.000000 0.000000 0.000000 0.000000 0.000000 
0.000000 0.000000 0.000000 0.000000 0.000000 0.000000 0.000000 0.000000 
0.000000 0.000000 0.000000 0.000000 0.000000 0.000000 0.000000 0.000000 
0.000000 0.000000 0.000000 0.000000 0.000000 0.000000 0.000000 0.000000 
0.000000 0.000000 0.000000 0.000000 0.000000 0.000000 0.000000 0.000000 
0.000000 0.000000 0.000000 0.000000 0.000000 0.000000 0.000000 0.000000 
0.000000 0.000000 0.000000 0.000000 0.000000 0.000000 0.000000 0.000000 
0.000000 0.000000 0.000000 0.000000 0.000000 0.000000 0.000000 0.000000 
0.000000 0.000000 0.000000 0.000000 0.000000 0.000000 0.000000 0.000000 
508.072593 262.375044 530.779001 263.510364 535.485533 340.298835 512.613875 340.333710 
508.771721 262.013284 531.589577 263.163019 536.291013 340.030390 513.363446 340.118819 
508.845328 261.141725 531.774632 262.305875 536.470972 339.252145 513.487497 339.394128 
509.231695 260.335846 532.272448 261.514410 538.070439 339.946805 514.985592 339.946805 
508.929990 259.426755 532.082190 260.619734 537.361581 338.869071 514.077046 339.723549 
509.625990 260.237847 532.889639 261.445241 537.621972 340.046755 515.294005 340.803635 
509.873838 260.013211 533.248935 261.235019 537.924890 338.496887 514.717782 338.853089 
509.355527 260.041756 532.842072 261.277979 537.512930 338.618746 514.249914 339.028502 
509.518662 260.808142 533.116655 262.058780 537.782417 339.478447 514.463492 339.941758 
510.140011 261.229106 533.226999 263.024930 538.396593 339.393931 515.135285 340.509590 
510.140011 261.229106 533.226999 263.024930 538.396593 339.393931 515.135285 340.509590 
510.442783 261.601071 534.375120 262.894952 539.025594 340.551318 515.538944 341.175292 
510.718709 261.787053 534.762495 263.095349 539.407872 340.830614 515.865314 341.508143 
510.593286 262.050815 534.748520 263.373525 539.388801 341.187690 515.790335 341.918773 
511.117888 262.257710 534.643875 263.995289 540.019755 341.487900 516.365381 342.272538 
511.304670 262.067295 535.682800 263.418835 540.312888 341.390799 516.602606 342.228991 
512.548506 262.444040 537.038085 263.809994 541.663077 341.860857 517.896886 342.752604 
512.995969 261.542057 537.596996 262.922426 542.216891 341.052189 518.394792 341.997491 
513.104631 261.493058 537.817106 262.887842 542.431905 341.096504 518.553898 342.095360 
513.138953 261.728387 537.962876 263.137585 542.572580 341.425147 518.638664 342.477557 
513.990584 261.653539 538.755701 264.611541 543.530562 341.443614 519.540739 342.549579 
515.050989 261.346060 539.951299 263.187622 544.697319 341.229449 520.651587 342.388969 
515.196531 260.953025 540.354799 262.405467 544.949213 340.929728 520.847573 342.142802 
516.442085 260.472623 541.339492 261.789724 546.301119 340.542640 522.143570 341.809268 
516.992322 261.022518 542.373486 262.503789 546.957708 341.185849 522.744251 342.506032 
517.731779 261.150064 543.224392 262.645750 547.803517 341.406709 523.534152 342.780447 
518.624750 261.262783 544.253983 262.770504 548.869357 341.696604 524.455972 343.067699 
519.840375 261.014595 545.606228 262.534350 550.787646 342.010743 526.062219 342.377785 
521.423249 261.488223 547.325723 263.020012 552.013594 342.276396 527.312168 343.642203 
523.001394 261.944979 549.040489 263.488802 553.764608 342.910328 528.919162 344.273492 
524.546449 262.354521 550.158584 264.235611 555.482532 343.497046 530.493066 344.857566 
526.148637 262.860301 552.460974 264.428193 557.257589 344.180001 532.205298 345.063012 
527.699516 263.118781 554.011852 264.686672 558.808468 344.438481 533.756176 345.321491 
529.596540 262.991748 556.182117 264.583708 561.051230 344.665800 535.168459 345.274592 
531.586833 262.991748 558.172411 264.583708 563.041523 344.665800 537.158753 345.274592 
531.586833 262.991748 558.172411 264.583708 563.041523 344.665800 537.158753 345.274592 
535.308850 263.422090 562.304290 265.050154 567.282148 345.627670 541.428559 346.972330 
537.565850 263.259581 564.697911 264.899678 569.712017 345.642336 543.714408 346.984353 
538.803749 262.850402 566.072430 264.502534 571.122784 345.410333 544.981155 346.749706 
541.491124 262.728140 568.896426 264.392306 573.983029 345.465247 547.697380 346.801977 
543.659190 262.840860 570.835762 264.503911 576.323964 345.755143 549.894295 347.089229 
546.003728 262.953580 572.868245 264.880345 578.841371 346.045039 552.267681 347.376481 
547.696896 262.290860 573.860794 263.880124 580.707408 345.559495 553.989698 346.888294 
548.615546 262.399862 575.911002 263.821501 582.369247 345.592720 555.507516 346.918876 
550.506076 262.437261 578.594482 264.161598 583.311701 345.621250 556.465171 346.788490 
552.680764 262.549980 580.905791 264.286352 586.265546 346.429516 558.724509 346.782607 
553.652775 262.741739 582.014422 264.490145 587.354763 346.719078 559.979213 347.182763 
555.107565 262.561800 583.605833 264.322240 588.982422 346.716314 561.544610 348.031896 
557.664632 262.967179 586.299521 264.739653 591.712359 347.298869 564.130527 348.611807 
559.140926 263.678793 587.912435 265.463301 593.361521 348.187658 565.396945 348.582008 
561.418011 263.968058 590.326140 265.764600 595.811475 348.654099 567.941602 349.961750 
562.714838 264.662203 591.773721 266.477719 597.369794 349.549160 569.319890 350.861009 
565.921513 265.202287 593.907565 266.499146 599.614377 349.752530 571.384442 351.068576 
567.767118 265.518355 596.219760 266.870038 602.037311 350.305364 573.627344 351.625607 
569.666950 266.323415 598.521099 266.889656 604.449388 350.506924 575.859390 351.831364 
571.253792 265.979716 600.097144 267.003877 606.136172 350.803088 577.366143 352.131725 
571.414148 265.682540 601.226794 267.592926 606.931287 351.476302 578.426500 352.906913 
572.753627 264.925660 602.566273 266.836045 608.270767 350.719421 579.765980 352.150033 
574.224926 265.002992 604.339078 266.951326 610.710322 351.296364 581.400199 352.637593 
575.627188 264.316054 605.892092 266.283362 612.374075 350.810342 582.883921 352.155768 
576.627058 264.636205 607.042715 266.622486 613.669334 350.679767 584.539391 351.739037 
578.362989 264.605642 608.118529 266.769135 614.646319 350.738281 585.380436 351.806379 
578.530821 264.355421 609.247984 266.379650 615.794881 350.921846 586.187207 351.861773 
580.101071 263.314187 610.695564 264.695957 616.783470 349.811419 587.410223 351.312922 
581.093459 262.338829 612.112127 264.401005 619.147804 349.837698 588.757493 351.204110 
582.186088 261.999055 613.355508 264.080205 620.369293 349.112520 589.931582 351.069449 
583.847372 261.943609 615.167545 264.043733 621.658177 349.501608 591.292418 350.031243 
584.942775 261.965847 616.166456 263.424897 623.553295 349.392197 591.898756 349.974796 
585.776734 261.292494 617.398413 263.430565 624.877045 349.595028 593.849864 350.161249 
587.244675 262.672902 619.017107 264.829948 626.891344 350.121997 595.638799 351.296905 
588.625182 262.434356 621.448978 264.466499 628.266270 350.503984 597.000131 351.863381 
590.179766 263.203983 621.853240 264.667358 629.664089 351.377648 598.013558 352.773440 
591.426622 263.029777 624.217225 264.839948 632.138812 351.732181 599.397291 353.002296 
592.719019 263.428435 625.467800 265.463031 633.500126 352.537206 601.489533 353.941392 
594.287647 263.085695 626.398421 265.142231 634.541486 352.398348 602.350862 353.806732 
595.301698 262.979963 627.978646 265.250851 636.232449 352.688911 603.861794 354.101492 
596.488155 262.702741 629.315855 264.992603 637.680397 352.612605 605.129711 354.029384 
599.720026 263.498220 631.403690 264.296491 639.878971 352.098435 607.148253 353.519411 
601.232639 262.166282 635.020570 263.834054 642.417639 350.484063 609.890554 352.360626 
602.737557 261.368889 636.614596 262.894883 644.848286 350.736778 611.267387 352.353743 
604.061365 260.526041 636.977557 261.136010 645.785054 349.483782 612.514242 350.917349 
604.961765 260.285048 638.566539 261.449489 646.009808 350.100763 614.033931 351.416967 
605.706668 259.416093 638.683983 261.003584 647.712957 349.715241 614.082083 351.157202 
606.530072 259.270149 639.353136 261.131064 648.492849 350.024663 614.959399 350.202593 
607.276006 258.966611 640.100592 259.894439 649.351044 348.969981 615.360107 350.420336 
607.304423 259.253617 640.074176 260.077343 649.435366 349.334827 615.264398 350.789380 
608.260746 259.088032 641.312431 260.460063 650.784360 349.899490 616.433360 351.358239 
608.966275 258.503395 643.085595 260.209361 651.518086 350.719334 616.987055 352.182281 
610.178445 259.390640 642.569366 259.682450 653.241735 350.704113 618.530673 352.171258 
610.735269 258.930346 646.202131 259.207247 654.658439 350.463421 619.767345 351.934762 
611.654806 258.289716 647.195430 260.488158 655.360233 349.816215 622.039189 352.130893 
611.676208 258.610372 646.826340 259.969769 656.681255 350.255518 621.083413 352.259686 
612.128934 258.042948 646.948927 259.751905 657.333915 350.062649 622.257502 352.437787 
611.906012 257.063749 647.427822 258.595831 657.543610 350.389189 621.932391 351.877320 
612.799552 256.961840 647.924831 258.461323 658.282670 349.356289 622.491420 350.848617 
614.357726 256.722857 649.689032 257.953891 658.867212 348.816285 622.895930 350.312810 
614.181015 255.219192 649.430513 256.427897 659.613644 348.189851 624.075113 349.937647 
614.562825 253.969570 651.600831 254.917410 660.699316 347.323902 624.915044 349.603594 
617.225481 254.832940 651.650936 254.832940 661.559330 345.990169 625.361847 348.206341 
0.000000 0.000000 0.000000 0.000000 0.000000 0.000000 0.000000 0.000000 
0.000000 0.000000 0.000000 0.000000 0.000000 0.000000 0.000000 0.000000 
0.000000 0.000000 0.000000 0.000000 0.000000 0.000000 0.000000 0.000000 
0.000000 0.000000 0.000000 0.000000 0.000000 0.000000 0.000000 0.000000 
0.000000 0.000000 0.000000 0.000000 0.000000 0.000000 0.000000 0.000000 
620.388685 249.748710 657.981205 250.166462 668.444199 343.452765 631.352072 345.783160 
620.907720 248.376826 659.929014 249.268254 669.866954 343.264344 631.911621 345.651759 
622.353300 248.563402 660.840135 249.975763 671.528298 343.167639 633.576672 344.710333 
624.228363 248.562184 663.185513 248.711464 672.240388 343.621928 634.108731 345.168819 
624.540268 247.357505 662.330488 247.871552 674.100238 343.696690 635.788549 345.247778 
625.968873 248.918205 664.270865 248.683224 675.448672 343.873436 636.956952 345.428721 
626.871850 247.107556 666.519557 247.768672 677.548260 342.305471 638.283052 345.408055 
628.290422 246.269376 667.536470 246.486140 678.858060 342.636438 639.783084 344.774989 
629.379924 245.310337 668.423339 246.163468 679.985859 342.453187 640.954045 344.021063 
630.076320 244.242988 669.365234 244.501467 680.566210 341.154926 641.354365 342.727000 
630.443594 244.327672 670.237353 243.745309 680.583932 340.541381 640.696256 342.854599 
629.772736 243.592297 670.715920 243.307969 680.986011 339.912686 641.414103 341.493155 
629.747105 241.542986 670.909690 241.819444 681.918857 338.493695 641.647067 341.074167 
629.694927 240.169294 670.880306 240.050545 681.477973 338.014351 641.676350 339.905587 
628.523274 239.925157 669.732768 239.542129 681.436659 335.626073 640.586156 339.866565 
628.197028 238.559409 668.815127 238.900023 680.760321 336.726368 640.102615 339.294040 
626.955406 238.307328 667.532446 238.721987 679.653273 337.057508 639.181209 338.658963 
625.492782 238.330357 667.263281 238.561436 678.452141 337.281453 637.800045 338.887104 
625.325566 238.950269 665.483865 238.666401 678.546416 338.102282 637.714289 339.712130 
622.927521 238.706657 665.076494 239.762314 676.409863 338.059586 635.397705 339.673631 
621.317587 238.824796 663.701106 239.430879 675.061420 338.378641 634.385628 340.074807 
619.073552 239.141348 661.129410 240.167139 673.913457 338.239783 632.541236 339.862223 
617.443133 239.798027 658.836060 240.426484 671.744561 339.859467 630.145198 341.546804 
613.828873 239.555445 656.705838 239.859120 668.748302 339.599464 626.599901 341.675798 
611.333447 240.889759 654.095686 239.390032 665.980582 338.847850 624.173436 343.381688 
608.615554 239.384928 651.243558 240.182334 664.396428 339.182256 621.524505 342.248433 
605.504709 239.155346 648.716862 239.874579 660.990551 340.443499 618.482622 342.390427 
602.632306 239.485697 646.424321 240.126555 658.451762 339.885160 615.716691 341.896986 
599.140275 238.715793 642.624987 239.890850 655.218324 340.617302 612.256112 342.694025 
596.196601 239.058000 639.451405 239.797104 651.495980 340.440979 609.381400 343.407808 
592.527315 238.640162 635.531875 238.640162 648.602458 340.707848 605.185962 342.914367 
588.187297 238.160534 632.685415 239.026848 644.935262 340.697930 601.510020 343.253494 
584.557301 237.670173 628.921516 238.295240 641.894933 340.533244 597.948986 343.134708 
581.377346 238.178482 625.121862 238.571910 638.058764 340.900365 594.837992 344.014594 
576.230108 237.684747 621.794093 238.121479 634.084778 341.426326 589.759716 343.892435 
571.794034 237.527035 615.710023 237.940736 629.899290 340.870514 585.392605 344.106298 
567.123328 237.998290 612.778639 237.881980 625.852025 341.092924 580.790860 344.949129 
563.114715 237.316368 608.145848 238.366468 621.936588 340.612639 576.930101 343.273441 
558.281456 237.933392 604.198059 238.867439 617.320540 342.901684 572.086912 345.627383 
553.838949 238.279384 599.603541 239.826136 613.174137 343.554354 567.713367 346.344950 
550.438937 239.041801 596.010281 240.008488 609.297939 343.071703 563.610028 345.927197 
545.086087 239.498269 592.341816 240.263684 605.013481 345.386595 559.098428 348.306987 
541.078605 240.054579 587.863038 241.216599 601.653779 345.247454 555.511584 348.232744 
537.141799 239.663349 583.870660 241.777240 597.661400 346.165032 551.292064 349.215219 
532.662305 240.444750 580.182029 241.792625 593.972769 346.537354 546.594360 349.910902 
528.605196 239.806176 577.334179 240.937941 589.903708 346.070143 543.080088 349.250125 
524.995390 238.612083 572.612561 240.575198 586.403302 346.033801 539.352540 349.278681 
521.597580 238.234746 569.556784 240.168988 583.288506 346.067964 535.880808 349.312844 
517.432085 238.340765 565.733321 240.246134 579.089738 345.306635 530.924631 348.747000 
513.435476 237.882927 561.802105 238.216268 575.415791 344.995992 527.294219 348.240872 
509.454215 236.693835 559.211557 238.399801 571.667507 345.194927 523.188999 348.439807 
504.960316 235.955126 554.287650 237.773876 568.104949 344.437019 518.947854 348.679229 
501.376913 235.636774 551.106377 236.302519 564.018268 344.106324 514.825886 347.351204 
497.263682 235.308652 547.127800 235.826729 560.505413 344.367950 510.956095 347.612830 
492.961346 234.693459 543.234678 235.555858 556.553273 344.537453 506.647017 347.782333 
487.770363 233.669303 538.465826 235.372561 551.725403 344.794530 501.462211 348.039410 
482.367806 234.715079 533.805266 235.490518 546.208556 344.222300 495.588426 347.467180 
477.695313 234.144092 529.069940 235.203363 542.000856 345.274279 491.023790 348.519159 
472.644712 234.633806 524.418624 235.751910 537.239079 345.495142 485.905077 348.740022 
468.938806 233.905667 520.860393 235.152297 533.883898 346.335762 482.192958 349.580642 
465.793279 234.980108 517.916458 235.834586 530.854400 346.767984 478.806524 350.012864 
461.677181 235.111083 514.699105 235.797217 527.230658 346.199373 474.825845 349.444253 
455.716858 234.744473 509.676704 235.446621 522.540403 347.006908 469.778653 350.251788 
451.078730 234.612673 505.617947 235.905072 517.700023 347.439130 464.581336 350.684010 
446.081254 234.543518 501.214162 235.692146 512.919372 347.952949 460.466952 352.322362 
441.584577 234.606912 496.530725 235.493184 509.123306 348.122173 455.290746 351.367053 
437.305065 233.939649 492.178884 235.453409 504.777088 347.106315 450.587590 350.351195 
433.887494 233.780497 488.195693 234.749412 501.831097 347.604217 447.284663 350.849097 
429.671619 233.060851 485.639188 234.226670 498.173890 348.036439 443.270519 351.281319 
425.993801 232.071450 481.534893 233.139548 494.627433 347.843140 439.367125 351.088020 
422.230935 232.171859 477.383045 232.901385 490.551093 347.649842 434.933848 350.894722 
418.432726 231.095735 474.021344 232.542727 487.455612 346.730613 430.944569 351.326944 
414.648352 230.718031 471.182876 232.061008 483.359747 347.319648 427.786612 350.938364 
411.100952 230.854004 468.002019 232.298668 480.333175 347.457854 424.551100 350.788127 
407.416486 230.728648 464.684095 232.275001 476.536659 347.528526 420.149080 351.312927 
403.930465 230.881057 461.564617 232.529098 474.635927 347.611547 416.603298 351.997438 
400.628009 230.528290 459.281839 232.279150 472.242607 347.644361 413.801064 351.342852 
398.240022 231.341819 458.080906 232.968913 467.004900 347.893433 411.667178 351.942535 
394.937580 231.653669 454.471498 232.959237 464.163582 349.264256 408.012500 352.855313 
392.128811 232.595808 452.539368 232.595808 460.507581 350.126959 405.571772 353.720890 
0.000000 0.000000 0.000000 0.000000 0.000000 0.000000 0.000000 0.000000 
0.000000 0.000000 0.000000 0.000000 0.000000 0.000000 0.000000 0.000000 
0.000000 0.000000 0.000000 0.000000 0.000000 0.000000 0.000000 0.000000 
0.000000 0.000000 0.000000 0.000000 0.000000 0.000000 0.000000 0.000000 
0.000000 0.000000 0.000000 0.000000 0.000000 0.000000 0.000000 0.000000 
376.210876 231.969085 437.535937 234.388474 451.147798 352.033847 389.216210 356.678716 
372.894659 232.248006 438.158082 233.569128 442.863089 345.162055 386.818999 358.095307 
0.000000 0.000000 0.000000 0.000000 0.000000 0.000000 0.000000 0.000000 
368.125385 230.948266 433.281649 233.584646 443.995000 351.894623 384.544411 353.344637 
366.761176 230.898406 431.813001 232.869674 442.374539 352.535615 370.888963 351.783135 
0.000000 0.000000 0.000000 0.000000 0.000000 0.000000 0.000000 0.000000 
0.000000 0.000000 0.000000 0.000000 0.000000 0.000000 0.000000 0.000000 
0.000000 0.000000 0.000000 0.000000 0.000000 0.000000 0.000000 0.000000 
0.000000 0.000000 0.000000 0.000000 0.000000 0.000000 0.000000 0.000000 
358.020851 231.056619 424.084223 232.708203 436.416066 353.485558 371.925523 356.198667 
356.442664 231.069835 421.026438 232.885443 433.990953 354.438094 363.238087 357.917743 
354.668687 231.849359 420.251654 233.364763 432.375317 355.106543 365.103049 358.664211 
351.604262 232.350531 419.117139 235.239936 431.500337 355.748739 365.693101 360.053244 
352.222177 233.665949 418.390835 237.449266 430.982241 358.771854 364.454932 362.672958 
352.628278 235.540110 419.128055 238.124907 431.166677 359.321248 364.647954 364.343131 
350.502798 236.257837 418.878595 238.277649 430.251574 360.536397 363.516816 364.296101 
347.643108 236.709457 416.120892 239.560848 428.126949 361.081607 360.649391 366.015693 
346.857700 237.544311 415.881263 240.730397 427.854870 362.705439 359.897895 367.595625 
345.886025 238.305913 415.684462 240.846422 427.625621 363.275747 359.189229 368.122034 
345.271058 238.479863 415.550214 241.619243 427.458924 364.502851 358.543115 369.305239 
345.687598 239.094469 415.353414 242.079304 427.229675 365.417196 357.834448 370.175684 
345.051844 239.430735 413.763679 241.511290 426.611411 366.175929 356.351929 369.465670 
343.798511 238.590136 413.812439 240.895626 426.298033 365.994842 355.943972 370.665532 
342.618036 237.676415 414.458519 240.853714 426.237434 365.554455 355.403955 370.181246 
342.009128 237.367245 412.781883 241.149616 424.528349 366.304641 353.215454 370.887532 
340.409555 236.629454 413.551701 240.744864 425.265718 366.354172 353.473406 370.893164 
340.036975 236.908931 412.002539 240.557259 423.684107 366.620850 351.412377 371.115943 
338.370727 237.002674 412.024187 240.667749 423.673307 367.185623 350.922160 371.636816 
337.306511 237.542056 411.996278 240.630520 423.612948 367.602678 350.382384 372.009972 
338.134123 238.981031 411.283878 241.565828 423.759012 370.737621 350.049030 375.101016 
337.007796 238.699250 410.932990 242.679837 423.217002 372.496419 349.027604 376.815914 
336.662903 240.441204 410.474366 243.881568 423.638295 374.496041 348.969479 378.771638 
337.012924 243.376558 412.748171 246.935732 424.235046 375.725023 349.086813 379.956720 
337.865031 244.591319 412.565664 246.917636 424.919701 377.443422 348.918915 381.822068 
338.679683 244.739816 414.367709 248.524217 425.602917 378.113658 349.275038 383.002449 
339.245158 246.324731 414.456573 249.127411 426.011538 380.258296 349.425054 384.358295 
340.037225 246.597222 415.832631 250.378561 427.189711 380.984984 350.123809 385.041084 
339.184114 246.396105 416.385222 250.189475 427.719913 381.402204 349.590469 385.296060 
340.557852 246.396105 417.758960 250.189475 429.093651 381.402204 350.964207 385.296060 
340.265437 245.792739 420.081900 246.824849 429.714921 382.375221 351.618641 386.159623 
340.753217 244.760642 422.171434 248.590107 431.665381 381.196155 352.118886 385.028878 
341.183362 243.926497 422.473639 247.501952 433.138769 381.676178 352.868802 384.650826 
341.466706 242.871997 422.865544 246.745362 436.919071 380.969784 353.471918 384.052420 
345.427757 244.910311 425.053036 246.219550 431.051352 381.065682 353.944968 386.702932 
0.000000 0.000000 0.000000 0.000000 0.000000 0.000000 0.000000 0.000000 
0.000000 0.000000 0.000000 0.000000 0.000000 0.000000 0.000000 0.000000 
0.000000 0.000000 0.000000 0.000000 0.000000 0.000000 0.000000 0.000000 
0.000000 0.000000 0.000000 0.000000 0.000000 0.000000 0.000000 0.000000 
0.000000 0.000000 0.000000 0.000000 0.000000 0.000000 0.000000 0.000000 
0.000000 0.000000 0.000000 0.000000 0.000000 0.000000 0.000000 0.000000 
0.000000 0.000000 0.000000 0.000000 0.000000 0.000000 0.000000 0.000000 
0.000000 0.000000 0.000000 0.000000 0.000000 0.000000 0.000000 0.000000 
342.464132 244.869113 431.508230 249.478298 431.147976 391.832277 353.952072 396.510817 
342.450322 246.013089 430.863691 249.936760 434.993429 396.468610 353.576559 395.521902 
342.303198 246.321253 431.388903 250.491222 434.951809 401.914731 355.590589 395.810022 
0.000000 0.000000 0.000000 0.000000 0.000000 0.000000 0.000000 0.000000 
341.039716 246.760841 432.023859 250.130624 438.351356 393.553892 355.377560 393.553892 
342.035445 247.749553 427.586921 248.768023 440.536935 393.808179 350.175715 393.808179 
343.060598 244.998658 431.918911 248.259513 439.327657 394.255395 346.689217 393.772043 
342.420201 244.111074 432.281554 247.523531 440.490305 392.818420 346.384093 394.738955 
0.000000 0.000000 0.000000 0.000000 0.000000 0.000000 0.000000 0.000000 
0.000000 0.000000 0.000000 0.000000 0.000000 0.000000 0.000000 0.000000 
0.000000 0.000000 0.000000 0.000000 0.000000 0.000000 0.000000 0.000000 
0.000000 0.000000 0.000000 0.000000 0.000000 0.000000 0.000000 0.000000 
341.779660 240.155556 435.435725 242.875767 442.307365 392.058222 344.263735 397.155837 
342.054960 239.975473 435.544547 244.438544 443.259857 393.595825 348.195185 396.551203 
340.688890 239.213089 435.899834 244.502586 442.851941 394.668093 348.035443 399.438735 
340.340385 239.020950 436.070384 245.079709 443.953210 396.099561 349.734016 399.674538 
340.882157 238.249270 436.429189 244.481807 445.557229 395.543678 349.436581 399.676745 
342.196636 239.221927 437.398014 244.314721 446.287582 396.133421 348.833891 400.728458 
341.540708 239.114367 438.366839 245.255783 447.017936 397.831312 349.574785 402.843290 
342.182034 239.554010 439.335664 243.980549 447.285244 399.410657 350.876335 404.951399 
342.923901 238.878092 441.220314 245.187201 449.394468 399.276386 350.708414 405.100348 
342.815074 239.893647 441.273314 243.646377 449.474355 400.187310 351.347816 405.672645 
343.960428 239.655944 442.242139 243.479291 449.939350 399.082134 352.356287 403.613772 
345.186624 238.416052 444.218371 243.312205 451.677111 399.671877 353.298824 403.609947 
344.173214 236.646389 445.842011 243.145119 453.062280 400.261620 351.930252 405.084942 
345.067997 236.278977 446.180723 242.289960 453.162520 400.163289 352.800388 404.658518 
345.364363 234.520548 446.205866 241.723512 455.625127 400.742804 352.013254 406.283546 
344.792474 234.117266 448.958422 240.212082 455.807415 399.814551 353.103587 406.988413 
345.734516 234.394011 448.764840 239.888962 455.550384 400.041369 352.145292 405.195393 
345.610926 233.616526 448.183338 240.027302 455.605899 402.102185 350.946866 405.551286 
345.416087 233.968335 449.027960 239.509077 456.519651 401.587658 351.810389 405.209214 
345.278415 233.978153 449.975201 239.891714 457.544004 402.620969 351.753040 408.183830 
345.094625 234.970006 451.922642 240.823319 457.242886 404.425487 352.433164 408.391954 
345.883249 235.242446 452.004771 241.566020 459.445562 405.585915 353.113289 409.708226 
346.228283 237.145442 453.868037 241.474258 458.703593 406.159047 353.793413 410.470424 
347.330186 237.042764 454.842899 241.951597 461.391049 408.677557 355.109545 412.203484 
348.481433 236.467345 455.750508 241.895419 462.506113 408.922054 354.461647 412.800574 
349.301410 237.701619 458.284597 242.738657 464.118458 409.563108 356.897172 413.616256 
350.014009 236.866271 459.736796 242.692259 465.439009 410.056718 357.447356 414.023790 
351.737799 236.551459 461.594721 241.869646 467.595913 409.691284 358.833891 413.572279 
352.718928 236.623885 462.545640 241.266319 469.374378 410.153938 359.841987 413.948857 
352.609610 235.009934 463.264738 240.399814 470.734534 410.382529 360.986897 413.410050 
353.211859 234.583949 466.012002 239.127994 471.099656 410.199506 360.026528 413.822272 
354.306816 232.425477 467.286277 237.867353 472.871174 408.866278 361.027677 412.402968 
355.232501 231.585326 467.794220 236.521541 474.473419 408.851372 361.859554 412.301985 
356.397133 233.073591 469.269550 235.169552 475.519223 407.192792 362.134990 410.557329 
356.765455 228.068554 471.201467 234.648038 476.519236 407.777984 362.364634 411.056445 
358.112658 227.659962 472.412380 233.346515 478.077069 406.506549 363.152099 409.698934 
358.884558 225.885724 473.987911 232.619058 480.831720 406.452745 365.136381 409.559053 
359.974531 225.544449 476.041891 232.384731 482.598253 406.936715 366.132545 409.956946 
361.029253 225.983914 477.983299 232.620697 484.329536 408.201424 367.093460 411.135579 
362.271642 226.590919 479.618137 232.714896 485.190926 409.879703 367.184481 412.727781 
364.167440 227.840731 481.139842 232.657242 486.553106 410.514849 367.776293 413.276851 
364.612613 227.235937 483.145394 233.385654 488.655942 411.298740 369.108761 413.974666 
366.140723 226.584426 484.495669 232.623247 490.243245 412.416139 369.925695 415.005988 
367.129300 226.692770 488.056322 231.802917 493.553635 413.252856 372.465716 415.756629 
369.157197 224.926638 489.435412 230.940709 495.613507 412.636236 373.755220 415.053933 
371.688538 224.091112 492.410938 230.335374 497.946045 412.301024 375.317390 414.632644 
371.454999 223.811238 494.575919 228.785741 500.167769 412.630701 376.768745 414.876245 
373.775866 221.985893 497.541834 226.987299 503.165196 411.630600 378.995804 413.790067 
376.070516 219.933074 500.338876 225.034792 505.946340 410.444783 381.151998 412.638068 
378.365167 217.658625 503.313395 223.732750 508.727484 409.037337 383.308192 411.264439 
380.659817 216.580763 505.932960 221.883105 511.508628 408.826477 385.464385 411.087396 
382.954467 213.331358 507.717692 219.715927 513.373482 406.167326 387.620579 408.738811 
386.739858 210.690829 510.592991 217.258799 514.590863 405.478891 388.934214 406.560171 
387.916333 211.453419 512.977131 216.179831 518.505105 405.423274 390.586013 407.785645 
391.077718 211.443806 515.631452 216.016900 521.384351 404.845574 392.840309 407.241763 
392.321745 209.302907 516.572935 214.705133 523.198050 404.360364 394.029058 406.790370 
393.758910 208.837130 521.137705 215.376666 526.220063 405.419856 397.792068 407.910075 
396.583435 209.235612 524.823024 217.205065 529.465523 406.320583 399.046632 408.818224 
399.134652 209.446108 527.638865 215.017635 531.885694 407.910361 402.043507 410.625988 
399.912815 208.473130 529.976892 214.440224 535.409478 408.283810 403.740686 410.849085 
402.283986 207.836905 533.338397 214.335547 538.710585 408.182987 406.416843 410.782079 
405.156335 208.715828 536.146346 214.058130 541.547136 409.435096 408.628445 412.068006 
408.011131 208.816188 539.555399 213.860795 543.663391 409.140836 410.393924 411.099849 
410.259250 207.724538 542.294504 213.477561 547.663498 410.387908 413.494907 413.088453 
413.355991 206.008996 545.091546 212.633203 550.444642 410.310240 415.651101 413.044602 
415.767646 204.981823 548.576661 211.788844 553.913859 410.232572 418.495368 413.000751 
418.492037 205.376935 551.356060 210.944486 556.677360 410.154904 420.633918 412.956900 
421.773005 205.329932 554.459272 210.456232 558.788074 408.895821 422.119682 411.731634 
422.989449 203.164170 557.017186 208.518296 562.306690 409.262095 425.013349 412.131725 
424.831594 202.625772 559.887236 207.459342 564.350361 408.259677 426.432070 411.163124 
426.410951 200.284702 561.873798 205.354633 567.131505 407.631813 428.588264 410.569078 
429.382035 199.353965 564.670839 204.894248 569.912649 407.938118 430.744458 410.909200 
430.703219 198.166506 567.659620 204.230149 570.541874 407.269784 433.200923 410.055133 
432.824835 198.310581 570.126666 204.253029 574.414107 408.003792 434.423371 410.583666 
434.490734 198.833658 572.712956 205.978118 576.562023 411.016216 436.381253 413.454142 
434.490734 198.833658 572.712956 205.978118 576.562023 411.016216 436.381253 413.454142 
434.490734 198.833658 572.712956 205.978118 576.562023 411.016216 436.381253 413.454142 
440.838127 201.716927 580.580569 206.127793 585.498771 416.374498 441.805435 419.515890 
442.391837 202.077528 584.848656 206.013011 588.565761 416.785269 445.171044 419.661346 
442.391837 202.077528 584.848656 206.013011 588.565761 416.785269 445.171044 419.661346 
447.601166 202.695776 590.999178 207.328414 594.423983 420.385859 450.348642 420.662151 
451.323321 203.789040 594.786532 207.573441 597.972652 421.408627 453.012422 424.973566 
453.479929 204.377928 597.992402 208.434884 601.791394 422.635791 454.644145 426.337986 
455.663386 203.412050 601.366021 208.426382 604.396233 424.216230 457.427976 427.092923 
456.943797 202.929637 603.296124 206.477036 607.783533 425.734341 459.925399 427.214518 
459.822224 201.332710 607.842795 205.715708 612.268662 426.260242 462.335016 429.620023 
461.957112 198.939112 611.558133 203.895101 615.922458 425.726864 465.208773 429.113943 
466.485201 200.492058 614.424463 202.969822 618.727246 426.088814 467.233522 429.503192 
467.354472 200.886714 616.081441 203.914235 621.144249 425.719376 468.870486 429.161052 
469.985528 199.122990 620.096175 202.703917 623.370901 427.429673 471.994851 430.457194 
472.700764 199.270244 624.654367 202.510016 628.299679 428.082963 474.964005 430.821024 
472.941689 200.081052 626.966821 203.487013 631.226601 430.401177 476.612722 433.924749 
476.311259 199.960779 631.163215 203.621498 635.493854 432.006470 480.099936 435.557340 
478.749179 201.093004 634.548247 203.878655 638.481778 434.721019 482.307821 438.299188 
483.142956 201.710977 638.805012 204.759658 642.677001 436.889250 485.723005 440.494718 
485.500436 202.773716 642.037033 205.526008 647.687005 440.442668 489.952970 444.075434 
487.919446 203.439771 647.002798 206.572035 650.751704 441.276085 492.237630 444.936150 
489.760476 204.175740 649.792062 207.125631 653.479426 443.116909 494.185313 446.804273 
491.938113 203.709257 653.573478 206.623860 657.325812 445.147163 496.362401 448.900346 
494.115750 204.717720 657.354895 207.597036 661.172199 448.652362 498.539489 452.471366 
498.199544 203.221982 661.136311 205.620320 665.018586 449.207670 500.716578 453.092494 
500.091370 203.698057 664.917728 205.118550 668.864973 451.237924 502.893666 455.188568 
502.293109 204.051162 668.699144 204.616780 672.711359 453.268178 505.070754 457.284642 
503.656065 203.840904 672.480561 204.115010 676.557746 455.298432 507.247843 459.380716 
506.594220 201.784253 676.261977 203.613240 680.404133 457.328686 509.424931 461.476790 
509.768057 200.360481 679.232174 201.489029 683.439300 457.736499 510.790799 461.950424 
510.780035 198.437742 683.824810 200.176039 688.096907 458.955533 513.779108 463.235277 
513.321242 197.414715 688.343700 198.420565 692.680766 459.732083 516.693669 464.077648 
514.600146 196.350960 691.387643 196.730306 695.789680 460.573848 518.133284 464.985232 
517.770480 194.557760 693.384376 195.750337 697.851383 462.125902 519.517754 465.126258 
518.888709 195.473811 697.994475 196.217890 702.007508 463.610426 522.949767 467.380826 
522.102849 195.367691 701.779267 196.085069 706.542055 466.639700 523.877764 471.248545 
523.966951 195.102454 705.114296 195.471980 710.504798 468.207278 526.171208 472.881943 
525.690889 197.161283 708.876002 197.286772 712.970469 472.656241 528.000544 477.987166 
528.303436 197.960839 712.735283 197.254679 717.527141 476.290364 529.854955 481.096669 
531.611423 197.262638 717.857559 198.093768 722.714388 479.661477 533.372902 484.533602 
531.135574 195.312570 721.638975 197.591998 726.560774 481.691731 535.549991 486.629676 
536.362790 196.881959 725.420392 197.090228 730.407161 483.721985 537.727079 488.725750 
537.486558 196.315913 729.201808 196.588458 734.253548 485.752239 539.904167 490.821824 
539.713784 195.497072 732.983225 196.086688 738.099935 487.782493 542.081256 492.917898 
541.430496 194.128088 736.764641 195.584917 741.946322 489.812746 544.258344 495.013972 
542.664645 193.386202 740.546058 195.083147 745.792708 491.843000 546.435432 497.110046 
544.201394 192.513674 744.327474 194.581377 749.639095 493.873254 548.612521 499.206120 
546.545318 190.934371 749.020541 193.148633 754.237486 496.056265 550.768741 501.254342 
548.078023 189.355069 752.902388 191.715889 758.024657 498.239277 552.113741 503.302565 
551.955644 189.092107 757.561933 190.283145 762.589527 500.422288 554.236439 505.350788 
554.700376 188.001499 761.034818 187.375455 765.967735 501.130354 555.172477 505.924065 
555.936384 186.758217 766.220643 187.778185 772.631050 503.977090 559.393620 508.636013 
560.007714 184.995480 768.886738 187.096576 774.552598 504.758904 560.181951 509.372165 
561.116953 185.616727 772.034158 186.354200 779.215704 509.154333 561.093932 513.543679 
562.227279 185.662032 776.134933 187.288158 782.370123 509.552660 563.774974 514.309053 
564.994444 184.820453 781.590189 185.631673 787.779734 512.709136 564.773620 516.828904 
566.781408 184.249508 785.672906 184.249508 791.566905 515.703367 566.118620 519.688347 
567.082848 185.310290 790.168353 185.310290 796.165296 521.131258 568.274840 524.981450 
571.192018 182.953113 791.600498 183.845455 799.627979 521.854074 569.295352 525.569477 
570.776831 181.974157 794.485671 186.982564 799.742650 526.933898 571.139016 533.072529 
0.000000 0.000000 0.000000 0.000000 0.000000 0.000000 0.000000 0.000000 
0.000000 0.000000 0.000000 0.000000 0.000000 0.000000 0.000000 0.000000 
0.000000 0.000000 0.000000 0.000000 0.000000 0.000000 0.000000 0.000000 
0.000000 0.000000 0.000000 0.000000 0.000000 0.000000 0.000000 0.000000 
0.000000 0.000000 0.000000 0.000000 0.000000 0.000000 0.000000 0.000000 
0.000000 0.000000 0.000000 0.000000 0.000000 0.000000 0.000000 0.000000 
0.000000 0.000000 0.000000 0.000000 0.000000 0.000000 0.000000 0.000000 
0.000000 0.000000 0.000000 0.000000 0.000000 0.000000 0.000000 0.000000 
0.000000 0.000000 0.000000 0.000000 0.000000 0.000000 0.000000 0.000000 
0.000000 0.000000 0.000000 0.000000 0.000000 0.000000 0.000000 0.000000 
567.493113 156.418968 819.758203 159.363696 824.988223 544.302373 565.349543 546.400314 
562.238501 153.031105 821.093141 158.762776 824.037869 548.448536 561.957018 550.411689 
559.535728 151.949471 822.375875 157.692145 825.876231 551.298208 561.056472 555.991216 
557.094058 152.219888 819.469382 158.698291 824.610495 556.488921 556.014324 560.359282 
555.923366 153.108503 820.782078 157.859332 828.020308 563.617513 556.464810 567.804322 
554.837409 154.564244 821.647674 158.133612 827.860147 569.883357 550.860242 572.243620 
549.585719 156.987204 824.427061 161.895085 829.123944 576.367506 548.208331 580.246025 
544.830179 155.767592 822.616250 159.693896 829.325114 581.582344 543.848603 583.734825 
543.129062 160.024737 821.931457 162.898989 829.796088 588.118941 540.808177 593.490905 
540.203233 159.317849 823.878762 163.244154 832.298140 598.444422 537.382462 600.888531 
535.421377 157.205012 825.869781 162.603681 832.655840 603.155287 535.421377 607.454026 
535.411666 158.607585 826.399937 165.733828 834.957061 607.974125 534.223959 612.311747 
533.601273 157.420151 828.368613 161.739086 836.610442 614.952431 528.345379 621.259530 
530.559880 156.428144 830.919162 163.613772 839.872626 621.375754 525.616931 628.604976 
529.461250 156.481591 833.514301 161.232420 842.508565 627.613362 523.904966 635.281424 
524.811377 154.991018 832.356287 159.302395 843.469836 630.656039 520.518333 638.762939 
523.190156 150.851858 834.369450 156.790394 846.355193 633.579944 519.055787 642.125684 
522.608177 148.535829 836.162886 153.761741 849.941298 638.107254 518.293987 647.091833 
519.062874 144.931138 840.979042 150.679641 852.458465 642.420777 516.463252 651.844195 
517.625749 142.056886 846.727545 147.805389 854.975633 644.905231 514.632516 654.767488 
519.062874 134.871257 849.601796 143.494012 860.367053 647.389685 517.517235 659.858047 
519.942124 133.018737 853.328496 138.754521 866.542359 654.316163 517.503434 665.056099 
520.268397 130.993395 861.098802 139.182635 872.587017 659.544221 519.200189 670.722996 
516.759366 128.384265 863.255773 138.200028 878.109084 662.028675 520.260479 676.732989 
520.598589 126.716393 870.172343 135.644887 881.932730 670.261631 519.850094 682.318085 
518.788158 127.071885 873.294983 133.067637 884.449898 677.057462 518.019359 689.552755 
516.977727 125.990251 875.470060 131.997006 886.967066 682.416168 516.188623 695.350299 

