55.940932 382.796173 377.538270 214.543261 673.578203 723.561564 222.064060 938.669717 
56.177233 383.208934 377.099424 215.370317 674.044669 724.419308 222.171470 940.211816 
50.644092 386.897695 371.566282 215.370317 672.200288 724.419308 224.015850 940.211816 
52.488473 381.364553 377.099424 217.214697 672.200288 724.419308 220.327089 940.211816 
52.488473 383.208934 378.943804 213.525937 674.044669 724.419308 224.015850 940.211816 
56.177233 383.208934 375.255043 220.903458 674.044669 724.419308 222.171470 940.211816 
56.177233 381.364553 375.255043 215.370317 672.200288 728.108069 222.171470 943.900576 
56.177233 386.897695 377.099424 215.370317 672.200288 728.108069 220.327089 940.211816 
56.177233 386.897695 371.566282 215.370317 672.200288 728.108069 222.171470 943.900576 
54.332853 386.897695 375.255043 215.370317 674.044669 728.108069 224.015850 940.211816 
54.332853 383.208934 373.410663 217.214697 677.733429 728.108069 224.015850 940.211816 
56.177233 383.208934 377.099424 217.214697 675.889049 728.108069 222.171470 943.900576 
58.021614 386.897695 373.410663 220.903458 674.044669 728.108069 220.327089 943.900576 
59.865994 386.897695 377.099424 220.903458 674.044669 728.108069 222.171470 943.900576 
56.177233 388.742075 377.099424 215.370317 674.044669 724.419308 224.015850 940.211816 
58.021614 390.586455 373.410663 222.747839 672.200288 724.419308 225.860231 943.900576 
54.332853 386.897695 377.099424 220.903458 675.889049 728.108069 222.171470 943.900576 
59.865994 386.897695 378.943804 220.903458 674.044669 728.108069 224.015850 943.900576 
54.332853 386.897695 380.788184 217.214697 677.733429 728.108069 225.860231 943.900576 
63.554755 390.586455 380.788184 222.747839 681.422190 729.952450 227.704611 943.900576 
63.554755 386.897695 380.788184 222.747839 681.422190 729.952450 229.548991 947.589337 
61.710375 388.742075 386.321326 220.903458 683.266571 733.641210 233.237752 945.744957 
69.087896 390.586455 386.321326 222.747839 685.110951 729.952450 229.548991 947.589337 
67.243516 390.586455 393.698847 220.903458 686.955331 737.329971 231.393372 949.433718 
72.776657 394.275216 391.854467 224.592219 692.488473 733.641210 235.082133 953.122478 
72.776657 394.275216 391.854467 230.125360 688.799712 737.329971 236.926513 953.122478 
80.154179 394.275216 397.387608 230.125360 694.332853 744.707493 240.615274 956.811239 
83.842939 397.963977 404.765130 231.969741 699.865994 741.018732 246.148415 956.811239 
93.064841 407.185879 412.142651 233.814121 709.087896 750.240634 255.370317 960.500000 
109.664265 405.341499 417.675793 237.502882 716.465418 750.240634 266.436599 962.344380 
115.766551 410.626369 429.494345 239.014584 730.340625 752.085759 281.531750 966.289995 
126.463365 413.529852 444.299893 236.274866 734.593597 759.941939 284.041562 963.841400 
135.694169 420.786961 446.908076 241.034101 750.345275 763.473800 294.783216 969.032290 
144.951002 418.820064 457.876903 240.423055 752.490116 767.625646 302.119291 971.364829 
148.303094 419.781232 457.670058 241.895228 761.254608 765.978029 310.140773 967.539530 
146.335155 422.919970 460.517590 249.853374 759.305294 767.109506 312.763971 975.040962 
143.352616 422.343015 453.483996 244.304630 760.039298 767.616207 310.269504 978.732641 
147.156902 429.217042 458.576949 253.197016 759.790844 767.770754 311.333397 985.592943 
144.781167 428.318989 453.674429 253.081465 759.356116 773.648299 315.529195 982.030452 
141.863141 434.151949 447.377792 255.163568 753.751035 771.621321 311.287942 986.148882 
133.950503 436.718231 437.272041 251.836531 751.356426 773.389500 306.606021 991.033316 
113.573974 449.290025 419.996154 252.534731 740.468677 773.650920 298.795238 997.642450 
93.728607 450.760819 396.557803 256.084908 721.117140 767.590422 286.924101 995.464783 
67.243516 438.540346 371.566282 248.569164 696.177233 764.995677 260.903458 1002.920749 
30.355908 436.695965 342.056196 244.880403 662.978386 757.618156 235.082133 997.387608 
0.877829 428.352637 307.561011 237.003301 637.787106 747.550225 206.241500 993.769498 
-23.876997 419.592169 293.877250 222.887158 611.255786 748.912694 179.415282 989.939953 
-58.888148 403.958920 266.907453 211.284102 580.832360 740.259931 152.672463 978.765109 
-87.717139 383.760885 247.014235 183.612229 558.678137 729.667992 123.953670 963.554840 
-72.621998 369.939641 256.364869 183.513750 563.449043 741.422402 117.091371 961.664674 
-62.636562 342.097100 269.190222 176.183707 562.881919 737.068603 117.540915 950.196084 
-39.902004 320.005226 292.673457 168.247491 576.553989 736.008554 119.603613 936.276929 
-21.340584 295.548405 324.394679 152.270728 581.810524 737.101465 122.073182 926.568976 
10.067723 267.012968 369.721902 130.528818 603.958213 733.641210 129.952450 894.102305 
22.978386 246.724784 401.076369 121.306916 613.180115 737.329971 129.952450 883.036023 
43.266571 231.969741 419.520173 113.929395 615.024496 746.551873 126.263689 873.814121 
65.399135 215.370317 445.341499 108.396254 624.246398 748.396254 126.263689 860.903458 
76.465418 195.082133 465.629683 97.329971 620.557637 753.929395 124.419308 849.837176 
83.842939 184.015850 478.540346 99.174352 618.713256 761.306916 118.886167 844.304035 
102.286744 172.949568 496.984150 97.329971 611.335735 770.528818 109.664265 840.615274 
104.131124 156.350144 506.206052 95.485591 603.958213 774.217579 98.597983 831.393372 
109.664265 148.972622 511.739193 101.018732 594.736311 787.128242 81.998559 824.015850 
111.508646 137.906340 515.427954 101.018732 578.136888 787.128242 65.399135 820.327089 
107.819885 139.750720 519.116715 112.085014 561.537464 798.194524 63.554755 814.793948 
104.131124 139.750720 513.583573 124.995677 546.782421 811.105187 41.422190 816.638329 
98.597983 141.595101 508.050432 130.528818 537.560519 820.327089 26.667147 824.015850 
93.064841 147.128242 495.139769 145.283862 519.116715 836.926513 8.223343 829.548991 
91.220461 150.817003 489.606628 150.817003 509.894813 840.615274 0.845821 836.926513 
87.531700 158.194524 493.295389 156.350144 515.427954 849.837176 2.690202 840.615274 
96.753602 163.727666 489.606628 165.572046 517.272334 857.214697 4.534582 853.525937 
98.597983 167.416427 495.139769 171.105187 520.961095 857.214697 15.600865 853.525937 
113.353026 180.327089 508.050432 174.793948 533.871758 860.903458 34.044669 862.747839 
128.108069 182.171470 526.494236 180.327089 554.159942 866.436599 52.488473 870.125360 
148.396254 191.393372 544.938040 191.393372 572.603746 879.347262 76.465418 873.814121 
174.217579 204.304035 565.226225 195.082133 600.269452 879.347262 104.131124 877.502882 
198.194524 211.681556 587.358790 191.393372 629.779539 883.036023 135.485591 879.347262 
218.482709 217.214697 611.335735 189.548991 657.445245 881.191643 161.306916 886.724784 
238.770893 217.214697 637.157061 195.082133 681.422190 886.724784 187.128242 881.191643 
255.370317 217.214697 650.067723 191.393372 705.399135 890.413545 209.260807 886.724784 
269.876558 230.123860 664.121480 189.836058 715.832065 891.160867 229.049233 885.629244 
285.603920 221.546469 681.641515 186.282848 732.543258 883.636733 254.821974 880.793154 
304.009244 221.348415 699.367688 182.074397 745.690299 876.913563 265.688250 879.990499 
311.125293 222.495845 709.756993 178.203434 749.716962 877.502882 279.470678 877.502882 
316.773422 221.087199 705.678587 173.787922 937.791066 870.125360 294.864961 870.125360 
316.014301 216.110580 709.585974 163.128479 984.590883 850.640753 304.230877 866.555607 
316.082715 209.320886 713.553817 149.294638 822.954064 842.162868 311.204647 864.608018 
312.749741 198.982743 711.083332 135.998371 833.920000 832.072827 316.260446 855.484565 
310.644860 191.343636 707.401982 126.204407 857.119066 814.902994 321.250068 848.866522 
307.328253 183.589299 705.982581 108.054795 802.016465 799.498760 331.910007 840.273299 
299.721820 179.155950 697.307273 92.953794 844.984106 782.112348 343.903570 833.385705 
294.616097 173.397489 692.998518 73.801883 844.778639 763.711525 348.941820 825.306161 
282.292963 174.023103 682.900432 54.183262 842.117080 740.039592 358.871847 817.764350 
274.804873 158.684250 661.614804 43.464270 871.217619 715.939968 366.170860 811.298446 
253.374462 162.618819 635.439570 34.501178 871.844156 697.959211 365.496330 809.108734 
228.161341 165.492837 603.919585 20.463339 883.965876 665.221079 370.800072 809.667750 
196.519447 175.746885 569.719547 17.655176 860.309136 650.880250 372.435879 803.340643 
172.384713 175.660323 549.708708 2.504792 861.596854 615.884812 386.313790 796.744739 
163.549502 169.348841 525.615443 -18.925448 869.634242 581.960720 387.299145 781.089888 
129.255656 165.330384 495.404192 -33.526149 879.455949 536.357103 408.547838 768.013513 
112.920738 170.453177 459.956967 -46.444466 873.991808 492.663400 415.117036 760.340351 
92.987044 168.642673 432.104735 -68.033216 856.451657 451.999777 420.362801 745.108680 
61.062706 176.322346 388.853245 -78.625851 856.091880 412.780300 424.451423 722.676012 
26.598198 176.500431 336.659316 -88.085056 848.560341 364.587751 421.109064 706.548772 
15.943517 182.342213 315.762985 -108.391816 838.420048 329.181539 440.536308 690.894030 
12.497042 178.513024 297.081550 -110.449708 853.245741 293.601200 448.611426 670.087041 
-5.690663 184.856888 271.709946 -125.455658 840.303682 255.345651 465.475985 656.023535 
-19.442363 181.333115 266.512843 -130.618019 832.285202 228.938245 471.197849 635.732857 
-23.122357 204.554993 219.890414 -142.606108 830.723031 202.647111 472.754823 620.904701 
-33.096956 210.544010 208.817803 -126.408690 819.347028 175.642611 484.448307 604.614007 
-38.604031 226.992479 193.835080 -102.296262 821.076251 159.054225 489.635423 605.778819 
-35.089761 254.550674 176.137186 -86.662086 813.934900 154.016296 501.034771 608.103069 
-28.055378 289.439506 170.879810 -54.871396 802.559546 159.318859 519.607259 624.445906 
-19.566669 321.945395 177.746654 -20.612457 802.648732 186.741414 519.305220 643.034863 
-12.440791 359.228059 187.515643 29.722386 820.607998 205.437815 532.988930 662.244570 
2.127308 395.377622 193.343854 70.613012 805.927534 238.407672 552.858514 693.931908 
11.638156 423.522393 199.493214 97.906959 803.051641 257.981150 564.101429 713.756555 
17.800165 433.170829 194.546505 112.818087 817.945221 262.556014 554.778926 714.757252 
13.323261 445.423095 199.331878 121.408085 803.734475 279.843717 555.320262 725.412067 
13.924155 456.145795 203.173346 134.422170 805.391372 281.507679 556.089824 727.228630 
17.685361 463.694260 192.628388 140.314725 795.964776 282.098776 561.691550 734.488452 
13.623795 458.762186 193.405122 145.594712 793.484882 282.901098 554.638588 729.269582 
3.490593 458.306536 191.361636 148.573195 783.847285 284.919265 549.914387 731.518433 
4.938916 460.433368 193.773207 150.868957 778.669785 285.019549 539.978558 732.565600 
-5.537676 461.838871 190.277889 156.091762 780.129254 296.106985 534.670662 739.516054 
-9.907557 470.019390 187.708779 160.420463 781.905479 307.372335 518.384266 742.011219 
-8.618465 472.634031 186.891495 162.825939 773.650251 319.887627 510.735863 753.140914 
-13.356997 477.726192 187.384341 166.900894 765.982862 340.780242 501.358902 767.787086 
-11.025512 476.456367 193.396642 176.823895 762.819376 357.734243 493.269424 789.014166 
-8.184405 470.764690 209.238752 184.018207 770.926915 367.367193 496.777596 797.004185 
-0.953267 468.312118 221.592489 178.035044 785.580876 389.530689 491.619475 806.955878 
17.980520 468.015391 243.901617 181.673535 801.720762 407.055008 490.289059 818.948551 
35.760269 469.063840 263.086753 185.516827 818.935942 425.805799 486.443348 832.185635 
42.597791 465.914246 281.617625 190.679285 828.685035 434.714257 485.043507 841.993105 
51.450864 462.879356 297.489698 193.953188 832.039625 451.633666 487.447290 856.762491 
57.636526 462.126592 307.454406 193.705252 831.963378 462.203893 472.801966 860.873060 
55.764761 470.187959 305.680223 199.446209 831.113272 481.678818 455.709399 865.070007 
45.097339 468.064044 301.855290 211.306093 809.457989 488.945138 440.525740 872.345319 
45.242158 472.879774 290.723294 215.246107 795.768220 493.170237 418.659591 881.620478 
31.846032 472.093449 288.983341 214.956140 776.599725 503.712211 398.101324 891.012900 
17.369728 471.348895 280.316117 224.836655 765.317454 510.131559 376.228611 896.380338 
9.499682 480.266823 272.434002 227.161824 743.360080 529.545937 358.059456 906.284324 
7.181887 482.982265 265.788726 231.694488 728.345277 532.723354 338.876692 916.928851 
5.453045 490.018140 266.416608 236.582372 723.107610 543.538620 322.378632 924.231150 
11.912104 486.494236 275.658501 244.880403 718.309798 551.047550 308.857349 919.923631 
11.912104 482.805476 288.569164 246.724784 720.154179 554.736311 299.635447 923.612392 
15.600865 482.805476 297.456797 250.977215 712.776657 562.113833 288.569164 919.923631 
22.978386 480.961095 310.701729 250.413545 714.621037 565.802594 273.814121 919.923631 
37.733429 477.272334 319.923631 257.791066 710.932277 576.868876 264.592219 916.234870 
34.044669 460.672911 321.768012 248.569164 698.021614 571.335735 240.615274 903.324207 
34.044669 449.606628 332.834294 246.724784 692.488473 578.713256 224.015850 886.724784 
46.955331 429.318444 343.900576 241.191643 686.955331 571.335735 207.416427 870.125360 
58.021614 420.096542 358.655620 237.502882 681.422190 571.335735 194.505764 853.525937 
72.776657 410.874640 388.165706 237.502882 688.799712 575.024496 190.817003 840.615274 
87.531700 403.497118 408.453890 246.724784 686.955331 580.557637 181.595101 827.704611 
96.753602 403.497118 419.520173 254.102305 681.422190 586.090778 174.217579 816.638329 
104.131124 394.275216 421.364553 254.102305 675.889049 580.557637 159.462536 800.038905 
102.415850 391.937464 427.003746 252.114986 665.034870 578.367435 150.687896 783.107493 
109.664265 388.742075 436.119597 254.102305 651.912104 580.557637 141.018732 774.217579 
111.508646 381.364553 441.652738 267.012968 642.690202 587.935159 131.796830 757.618156 
118.886167 388.742075 441.652738 278.079251 631.623919 589.779539 118.886167 750.240634 
118.886167 390.586455 448.174731 291.734211 624.246398 597.157061 111.508646 741.018732 
117.041787 394.275216 443.497118 313.122478 605.802594 613.756484 94.909222 744.707493 
118.886167 405.341499 441.652738 324.188761 598.425072 621.134006 91.220461 737.329971 
118.121280 407.625821 442.609303 331.010594 597.342017 617.942133 82.067055 732.113844 
115.197406 405.341499 442.230515 334.255071 589.203170 617.445245 80.154179 724.419308 
117.856007 410.599154 441.652738 340.788184 583.670029 613.756484 78.309798 720.730548 
115.197406 416.407781 439.808357 350.010086 585.514409 617.445245 70.932277 717.041787 
118.962104 424.111026 441.194680 360.733613 574.448127 617.445245 72.776657 720.730548 
122.574928 431.162824 443.497118 370.298271 570.759366 621.134006 74.621037 720.730548 
122.574928 438.540346 443.268982 377.896481 568.914986 628.511527 69.087896 724.419308 
130.312196 442.645798 445.786663 390.066720 571.976450 637.939516 70.221821 723.568300 
134.347417 448.752998 454.028210 404.511459 566.772775 649.980640 74.407268 722.765106 
150.240634 449.606628 465.629683 416.407781 568.914986 667.243516 74.621037 717.041787 
155.773775 449.606628 471.162824 436.695965 568.914986 683.842939 67.243516 707.819885 
166.594852 447.440533 485.917867 447.762248 568.914986 704.131124 67.243516 704.131124 
180.190594 449.971320 497.167320 469.500692 570.778029 727.889303 63.014363 697.844115 
193.157074 451.356733 507.129282 492.743979 565.642284 751.057477 68.995338 691.117328 
211.105187 453.295389 519.116715 508.626801 563.381844 770.528818 74.621037 683.842939 
218.482709 460.672911 530.182997 534.448127 559.693084 800.038905 74.621037 683.842939 
231.393372 469.894813 530.182997 565.802594 552.315562 824.015850 72.776657 683.842939 
238.770893 488.338617 532.027378 595.312680 544.938040 866.436599 70.932277 694.909222 
240.615274 504.938040 530.182997 628.511527 530.182997 899.635447 76.465418 707.819885 
240.615274 525.226225 517.272334 670.932277 511.739193 936.523055 65.399135 720.730548 
233.237752 547.358790 500.672911 694.909222 487.762248 973.410663 52.488473 728.108069 
222.171470 551.047550 480.384726 711.508646 461.940922 990.010086 41.422190 737.329971 
216.638329 539.981268 473.007205 711.508646 447.185879 990.010086 34.044669 720.730548 
231.393372 547.358790 478.540346 724.419308 460.096542 1006.609510 46.955331 729.952450 
231.393372 541.825648 482.229107 720.730548 456.407781 1013.987032 56.177233 724.419308 
238.207645 535.063238 480.351574 719.247184 454.591581 1003.895101 63.039696 711.519186 
246.518905 522.998213 483.717752 720.663919 455.253890 1000.558559 72.573084 703.269337 
253.525937 510.471182 485.917867 707.819885 449.030259 990.010086 74.621037 694.909222 
255.370317 503.093660 484.073487 700.442363 452.719020 982.632565 85.687320 678.309798 
260.903458 482.805476 485.917867 687.531700 449.030259 973.410663 89.376081 663.554755 
266.145783 465.465708 484.073487 674.621037 441.652738 956.811239 91.220461 641.422190 
270.125360 440.384726 487.762248 658.021614 441.652738 940.211816 96.753602 608.223343 
279.347262 412.719020 491.451009 634.044669 432.430836 907.012968 104.131124 584.246398 
292.257925 379.520173 487.762248 606.378963 432.430836 881.191643 111.508646 547.358790 
301.479827 348.165706 498.828530 582.402017 428.742075 853.525937 118.886167 516.004323 
314.390490 322.344380 500.672911 565.802594 426.897695 833.237752 126.263689 486.494236 
316.234870 320.500000 506.206052 556.580692 430.586455 827.704611 128.108069 482.805476 
323.612392 314.966859 513.583573 558.425072 426.897695 827.704611 135.485591 482.805476 
336.523055 316.811239 522.805476 560.269452 436.119597 827.704611 150.240634 486.494236 
353.122478 320.500000 530.182997 558.425072 452.719020 829.548991 161.306916 486.494236 
364.188761 320.500000 550.471182 556.580692 474.851585 836.926513 176.061960 490.182997 
384.476945 320.500000 579.981268 556.580692 493.295389 824.015850 203.727666 486.494236 
419.520173 320.500000 618.713256 552.891931 537.560519 831.393372 225.860231 497.560519 
447.315737 315.669405 655.600865 543.670029 579.981268 827.704611 262.747839 499.404899 
480.384726 316.811239 701.710375 532.603746 626.090778 812.949568 301.479827 503.093660 
519.478761 302.509045 751.011780 505.806330 685.791868 781.179293 344.115189 499.037186 
0.000000 0.000000 0.000000 0.000000 0.000000 0.000000 0.000000 0.000000 
0.000000 0.000000 0.000000 0.000000 0.000000 0.000000 0.000000 0.000000 
0.000000 0.000000 0.000000 0.000000 0.000000 0.000000 0.000000 0.000000 
0.000000 0.000000 0.000000 0.000000 0.000000 0.000000 0.000000 0.000000 
451.172880 316.960359 728.135708 455.441773 685.811241 763.256077 290.075890 546.721640 
415.831412 320.500000 688.799712 460.672911 659.289625 774.217579 244.304035 565.802594 
357.874121 338.145139 633.468300 466.206052 613.180115 777.906340 188.972622 587.935159 
306.880704 340.386548 587.358790 462.517291 565.226225 770.528818 137.329971 597.157061 
288.569164 348.165706 576.292507 462.517291 544.938040 774.217579 113.353026 613.756484 
244.304035 361.076369 533.871758 456.984150 509.894813 774.217579 70.932277 624.822767 
209.260807 372.142651 493.295389 462.517291 474.851585 774.217579 37.733429 645.110951 
168.221452 379.105099 456.903533 463.668537 440.908384 783.571507 2.213590 671.155966 
147.587533 390.988143 444.468252 463.693626 434.369319 792.918839 -11.699789 695.082121 
129.582343 410.747909 431.234997 476.073961 422.420154 805.749076 -22.551194 718.184433 
116.067330 426.486762 415.831412 480.754397 415.831412 816.801068 -40.629721 749.674431 
105.505709 445.475912 407.762305 492.493605 411.570094 835.194661 -44.833066 776.221219 
99.738938 461.216092 406.677613 501.960164 417.916219 847.547282 -38.251013 812.867902 
105.350834 483.873823 408.349382 510.221523 431.338806 869.431265 -25.969967 837.710426 
116.431992 497.545524 416.823211 512.440956 446.791799 884.051452 -5.056196 862.010086 
135.485591 504.938040 428.742075 519.693084 474.851585 899.635447 19.289625 886.724784 
155.773775 501.249280 461.940922 512.315562 515.427954 903.324207 52.488473 894.102305 
166.840058 503.093660 469.318444 517.848703 520.961095 912.546110 58.021614 903.324207 
190.817003 497.560519 484.073487 510.471182 537.560519 919.923631 80.154179 907.012968 
194.505764 488.338617 504.361671 501.249280 552.315562 923.612392 85.687320 903.324207 
207.416427 469.894813 519.116715 486.494236 556.004323 916.234870 91.220461 890.413545 
216.638329 447.762248 526.494236 466.206052 556.004323 903.324207 94.909222 877.502882 
231.393372 410.874640 537.560519 436.695965 550.471182 890.413545 96.753602 847.992795 
220.327089 390.586455 524.649856 414.563401 535.716138 873.814121 78.309798 833.237752 
211.105187 353.698847 528.338617 386.897695 524.649856 853.525937 78.309798 811.105187 
212.949568 324.188761 533.871758 353.698847 517.272334 836.926513 70.932277 790.817003 
218.482709 300.211816 535.716138 337.099424 522.805476 824.015850 78.309798 777.906340 
231.393372 279.923631 556.004323 313.122478 528.338617 820.327089 96.753602 766.840058 
270.125360 267.012968 578.136888 305.744957 550.471182 812.949568 122.574928 753.929395 
301.479827 257.791066 613.180115 294.678674 574.448127 814.793948 152.085014 746.551873 
354.966859 222.747839 677.733429 270.701729 616.868876 796.350144 183.439481 720.730548 
366.033141 196.926513 703.554755 261.479827 626.090778 796.350144 194.505764 704.131124 
327.301153 196.926513 655.600865 254.102305 581.825648 796.350144 153.929395 711.508646 
292.257925 189.548991 618.713256 239.347262 546.782421 794.505764 122.574928 713.353026 
242.459654 156.350144 572.603746 213.525937 508.050432 764.995677 81.998559 700.442363 
177.906340 123.151297 522.805476 171.105187 473.007205 741.018732 39.577810 687.531700 
159.462536 123.151297 508.050432 163.727666 463.785303 737.329971 32.200288 696.753602 
166.840058 137.906340 515.427954 180.327089 474.851585 761.306916 39.577810 717.041787 
164.995677 147.128242 519.116715 180.327089 489.606628 766.840058 56.177233 733.641210 
185.283862 163.727666 528.338617 187.704611 504.361671 783.439481 80.154179 746.551873 
196.350144 182.171470 544.938040 204.304035 524.649856 798.194524 94.909222 766.840058 
203.727666 191.393372 561.537464 206.148415 541.249280 814.793948 107.819885 781.595101 
214.793948 196.926513 572.603746 213.525937 548.626801 833.237752 118.886167 803.727666 
224.015850 211.681556 583.670029 220.903458 556.004323 844.304035 129.952450 807.416427 
231.393372 211.681556 585.514409 230.125360 556.004323 847.992795 129.952450 820.327089 
231.393372 220.903458 592.891931 237.502882 557.848703 866.436599 129.952450 827.704611 
231.393372 224.592219 596.580692 241.191643 554.159942 873.814121 126.263689 840.615274 
233.237752 228.280980 600.269452 241.191643 554.159942 881.191643 129.952450 846.148415 
244.304035 237.502882 609.491354 250.413545 559.693084 894.102305 142.863112 857.214697 
251.681556 237.502882 620.557637 254.102305 574.448127 903.324207 161.306916 864.592219 
266.436599 241.191643 631.623919 255.946686 587.358790 903.324207 172.373199 860.903458 
279.347262 237.502882 644.534582 248.569164 600.269452 899.635447 190.817003 857.214697 
286.724784 215.370317 661.134006 228.280980 615.024496 890.413545 200.038905 847.992795 
297.791066 200.615274 670.355908 204.304035 624.246398 870.125360 216.638329 831.393372 
295.946686 178.482709 675.889049 182.171470 635.312680 853.525937 224.015850 820.327089 
290.413545 161.883285 679.577810 161.883285 640.845821 836.926513 227.704611 803.727666 
283.036023 145.283862 675.889049 137.906340 639.001441 824.015850 235.082133 796.350144 
268.280980 134.217579 668.511527 117.618156 646.378963 811.105187 235.082133 790.817003 
260.903458 132.373199 659.289625 101.018732 650.067723 803.727666 242.459654 794.505764 
251.681556 134.217579 646.378963 89.952450 662.978386 794.505764 253.525937 798.194524 
235.082133 145.283862 627.935159 88.108069 674.044669 787.128242 271.969741 807.416427 
220.327089 163.727666 618.713256 78.886167 690.644092 781.595101 294.102305 820.327089 
210.513958 178.467451 600.808715 64.299597 721.021999 774.650819 320.915843 827.078522 
196.838012 197.378684 582.956975 68.672363 741.029064 766.621435 345.655641 846.764697 
195.294698 209.061573 575.640342 57.437296 759.817417 760.933340 367.042101 853.671956 
187.454315 224.658131 565.547426 58.404423 789.029616 752.918305 390.765280 861.535851 
185.795651 236.839357 566.960167 65.875861 781.884050 760.629809 396.574594 871.598932 
183.135177 234.181513 558.105625 54.195698 798.900204 747.392212 407.316175 869.361008 
175.233755 229.873497 555.183676 37.184608 795.688123 729.981000 411.135148 858.165325 
162.282163 206.915571 541.949279 6.077169 791.290719 721.578693 411.187596 843.754697 
132.636556 184.613128 521.906376 -16.827198 781.547669 687.913455 398.126565 828.088912 
135.483011 188.818171 531.055801 -10.478044 779.157648 704.447013 401.146282 831.628408 
120.831237 179.695444 524.959006 -17.810608 769.839816 696.425087 392.132427 831.770234 
117.674463 174.678437 514.716980 -25.405981 755.761476 706.766676 379.098878 834.127411 
100.307103 161.168880 510.313263 -23.036786 744.658615 702.586773 360.342779 825.441836 
83.536191 154.620260 500.762842 -32.867666 727.705147 704.694825 338.643020 819.302273 
66.995577 132.728482 500.752905 -43.765880 696.562431 706.837303 315.728730 806.185226 
48.311126 101.403888 492.222181 -48.174837 675.746672 694.140643 297.720192 790.365565 
38.660520 74.685841 489.122602 -103.128139 643.874460 686.422153 261.627311 775.438613 
21.728215 46.154353 487.417683 -88.179148 624.181365 681.451770 243.245422 773.308664 
27.013917 54.154089 488.426225 -79.804323 626.667826 689.540242 237.369435 773.791386 
25.926882 70.393410 490.252347 -64.789953 618.713256 705.975504 234.831256 785.950921 
29.500291 74.905032 496.964367 -54.688969 617.958982 719.172425 233.599142 794.110507 
32.108738 86.491097 503.296113 -38.870681 611.879662 734.456060 235.408567 800.460733 
31.106563 102.588678 502.320961 -22.427387 614.088987 745.046392 231.015122 812.154222 
33.679565 103.792030 508.970140 -3.636662 616.327143 755.019496 227.596423 819.017846 
36.393859 113.803192 509.072619 -4.366498 613.890783 760.329655 227.497548 818.653162 
32.200288 121.306916 513.583573 6.955331 611.335735 764.995677 222.171470 827.704611 
30.355908 123.151297 511.739193 8.799712 609.491354 777.906340 218.482709 829.548991 
35.889049 130.528818 511.739193 21.710375 607.646974 774.217579 220.327089 833.237752 
34.044669 132.373199 515.427954 25.399135 611.335735 787.128242 222.171470 836.926513 
32.200288 134.217579 517.272334 30.932277 609.491354 787.128242 218.482709 844.304035 
34.044669 139.750720 522.805476 30.932277 611.335735 787.128242 227.704611 840.615274 
32.200288 141.595101 526.494236 30.932277 615.024496 794.505764 229.548991 847.992795 
39.577810 139.750720 533.871758 32.776657 624.246398 796.350144 236.926513 847.992795 
39.577810 150.817003 539.404899 38.309798 631.623919 798.194524 236.926513 857.214697 
45.110951 156.350144 550.471182 41.998559 631.623919 811.105187 242.459654 864.592219 
43.266571 163.727666 556.004323 49.376081 639.001441 820.327089 240.615274 870.125360 
46.955331 171.105187 559.693084 56.753602 642.690202 824.015850 247.992795 877.502882 
43.266571 182.171470 563.381844 65.975504 650.067723 836.926513 251.681556 890.413545 
45.110951 191.393372 567.070605 73.353026 655.600865 847.992795 255.370317 903.324207 
43.266571 206.148415 570.759366 84.419308 655.600865 857.214697 251.681556 912.546110 
35.889049 220.903458 570.759366 95.485591 661.134006 864.592219 251.681556 929.145533 
30.355908 230.125360 572.603746 106.551873 661.134006 881.191643 255.370317 936.523055 
32.200288 244.880403 570.759366 117.618156 662.978386 890.413545 257.214697 949.433718 
26.667147 257.791066 568.914986 130.528818 664.822767 903.324207 249.837176 960.500000 
26.667147 270.701729 572.603746 137.906340 664.822767 910.701729 251.681556 967.877522 
24.822767 279.923631 572.603746 154.505764 670.355908 919.923631 251.681556 984.476945 
21.134006 290.989914 579.981268 163.727666 668.511527 932.834294 251.681556 993.698847 
19.289625 298.367435 579.981268 171.105187 672.200288 947.589337 253.525937 1001.076369 
21.134006 316.811239 587.358790 189.548991 672.200288 960.500000 249.837176 1015.831412 
17.445245 329.721902 585.514409 204.304035 675.889049 973.410663 251.681556 1034.275216 
15.600865 353.698847 579.981268 222.747839 675.889049 993.698847 253.525937 1050.874640 
13.756484 379.520173 572.603746 244.880403 686.955331 995.543228 260.903458 1065.629683 
4.534582 407.185879 561.537464 255.946686 688.799712 1010.298271 271.969741 1087.762248 
-13.572302 438.913916 550.639383 272.543804 709.403965 1016.469277 283.635158 1105.068566 
-21.180483 470.107334 536.457118 282.440834 719.313618 1019.017720 305.742667 1123.953633 
-31.208298 508.011902 522.029379 287.395650 735.662763 1011.891471 332.032389 1146.434929 
-32.229937 534.276193 516.748657 298.156368 750.306670 1002.597472 353.020485 1150.676868 
-20.487718 542.731266 512.284732 302.020821 768.354375 993.741415 366.592589 1153.765178 
-19.924228 566.965716 516.439388 298.783908 781.650681 988.333268 387.827741 1154.356665 
-12.656063 590.080627 516.885674 309.316887 804.536516 989.572258 401.456677 1154.309236 
-12.917199 588.503235 525.125143 308.842808 804.894395 987.187432 407.475977 1152.073797 
-7.971399 590.494328 529.608981 297.727548 809.554196 969.596065 421.653321 1143.227885 
-0.187343 585.043336 542.244919 295.746130 809.421416 958.343843 424.231647 1131.890881 
0.976162 577.673791 540.862800 281.003410 806.833965 943.885391 420.558483 1116.396771 
-10.470612 575.496284 541.392378 274.480107 806.676507 929.077309 422.233731 1095.910967 
-11.094964 567.579925 532.440283 260.364351 795.687952 913.218571 410.151895 1083.186080 
-22.521807 555.255628 520.777447 255.090294 778.080296 891.749907 406.077243 1067.418015 
-40.941244 551.310297 505.646745 247.650303 758.180215 873.648763 386.664788 1053.282596 
-71.591496 551.499282 485.663262 233.536273 731.135337 852.925113 374.741562 1029.487167 
-93.698889 541.663928 468.899165 230.225720 720.472175 834.000944 355.232793 1016.620635 
-112.850976 544.995242 454.460120 220.329253 689.267720 826.915552 332.787957 997.880336 
-119.690813 544.130836 436.239398 219.550465 665.250936 821.314826 315.691263 994.397770 
-139.866647 554.702196 423.775972 236.455003 655.881346 814.139491 301.847334 1000.007347 
-174.406955 548.226978 419.822294 240.424778 628.194765 818.964815 282.150203 995.832035 
-172.928288 553.109201 401.898897 242.702521 600.940317 814.308650 253.720747 989.454805 
-190.776322 529.475741 391.833047 248.501010 568.926993 811.981748 217.509879 973.939201 
-209.836501 525.422716 383.258446 249.890418 545.162617 800.932683 197.753832 960.552936 
-236.709705 509.228652 371.999202 249.632206 511.329800 796.821464 169.182020 945.186430 
-244.028370 484.876483 373.832094 254.974916 491.702354 793.810391 137.994734 931.924796 
-219.747765 459.645043 382.821568 268.903672 473.613000 804.095271 107.704280 921.930283 
-230.820091 450.635154 388.737261 289.550243 446.903958 803.743846 96.366415 914.149372 
-199.780315 442.727724 404.807741 300.029921 430.867721 815.438418 70.846492 898.520240 
-237.749319 441.224004 414.652763 329.154935 421.773040 822.827525 64.314206 894.319291 
-216.600662 429.631251 431.909803 349.521135 419.175187 833.436571 60.854734 885.450830 
-156.415870 429.255639 450.575935 371.788959 412.743200 840.914866 46.319200 879.778018 
-136.719942 408.959796 467.314593 392.634538 398.848897 845.561454 41.022259 861.394491 
-153.678427 397.950124 484.937197 404.090659 392.958598 840.332017 45.407224 845.892839 
-76.143356 379.643820 500.107597 414.649719 388.791157 835.178491 37.048348 814.996526 
-69.548462 348.394637 522.176706 414.812768 393.491217 823.966629 47.634939 787.832391 
-51.872619 321.632188 533.382260 412.305479 398.863690 805.513606 56.005534 762.951904 
-18.952837 316.844436 548.211504 411.788247 402.585501 798.142948 73.817366 747.563235 
10.835577 316.784969 567.880579 411.601140 412.723706 791.577155 86.677452 732.510805 
26.667147 305.744957 581.825648 407.185879 434.275216 777.906340 107.819885 720.730548 
46.955331 303.900576 600.269452 403.497118 450.874640 761.306916 122.574928 704.131124 
74.621037 289.145533 618.713256 388.742075 467.474063 753.929395 146.551873 687.531700 
93.064841 283.612392 631.623919 379.520173 482.229107 733.641210 166.840058 674.621037 
104.131124 270.701729 642.690202 366.609510 496.984150 724.419308 170.528818 661.710375 
111.508646 263.324207 642.690202 362.920749 493.295389 713.353026 179.750720 654.332853 
111.508646 261.479827 650.067723 355.543228 498.828530 704.131124 183.439481 641.422190 
122.574928 254.102305 650.067723 353.698847 500.672911 700.442363 188.972622 634.044669 
120.730548 254.102305 642.690202 350.010086 495.139769 691.220461 188.972622 628.511527 
128.108069 254.102305 646.378963 350.010086 502.517291 683.842939 188.972622 624.822767 
133.641210 254.102305 642.690202 353.698847 498.828530 683.842939 190.817003 617.445245 
141.018732 254.102305 642.690202 357.387608 498.828530 678.309798 196.350144 613.756484 
148.396254 246.724784 650.067723 350.010086 495.139769 670.932277 196.350144 608.223343 
157.618156 231.969741 650.067723 348.165706 496.984150 667.243516 200.038905 591.623919 
161.306916 228.280980 655.600865 344.476945 496.984150 661.710375 203.727666 582.402017 
166.840058 213.525937 662.978386 338.943804 500.672911 650.644092 207.416427 575.024496 
179.750720 206.148415 668.511527 337.099424 502.517291 645.110951 214.793948 563.958213 
187.128242 200.615274 672.200288 329.721902 513.583573 634.044669 220.327089 552.891931 
192.560486 193.105694 676.363115 332.966041 512.241280 632.666784 223.957707 548.465147 
201.082236 191.939550 677.298455 333.151931 510.547666 632.101545 228.122905 546.472761 
207.259654 189.867147 683.321902 328.025072 516.866571 624.315562 230.563401 536.094236 
212.949568 187.704611 685.110951 324.188761 519.116715 617.445245 233.237752 532.603746 
214.793948 178.482709 683.266571 320.500000 520.961095 610.067723 235.082133 521.537464 
214.793948 174.793948 681.422190 320.500000 519.116715 606.378963 236.926513 512.315562 
212.949568 163.727666 677.733429 311.278098 517.272334 593.468300 238.770893 506.782421 
205.572046 158.194524 672.200288 296.523055 519.116715 584.246398 235.082133 499.404899 
190.817003 154.505764 659.289625 289.145533 513.583573 569.491354 231.393372 490.182997 
177.906340 147.128242 644.534582 274.390490 502.517291 560.269452 224.015850 479.116715 
155.773775 141.595101 624.246398 254.102305 496.984150 539.981268 214.793948 473.583573 
141.018732 137.906340 611.335735 237.502882 496.984150 521.537464 205.572046 462.517291 
128.108069 132.373199 596.580692 220.903458 489.606628 504.938040 203.727666 453.295389 
111.508646 123.151297 583.670029 196.926513 480.384726 493.871758 198.194524 447.762248 
93.064841 113.929395 568.914986 178.482709 476.695965 473.583573 188.972622 433.007205 
80.154179 115.773775 557.848703 161.883285 474.851585 460.672911 185.283862 429.318444 
63.554755 113.929395 541.249280 156.350144 467.474063 449.606628 181.595101 421.940922 
54.332853 115.773775 530.182997 154.505764 463.785303 436.695965 174.217579 412.719020 
43.266571 124.995677 517.272334 148.972622 458.252161 436.695965 174.217579 420.096542 
39.577810 137.906340 506.206052 150.817003 450.874640 438.540346 168.684438 427.474063 
22.978386 148.972622 496.984150 158.194524 447.185879 438.540346 163.151297 427.474063 
24.822767 163.727666 487.762248 165.572046 449.030259 438.540346 168.684438 438.540346 
24.822767 172.949568 476.695965 171.105187 445.341499 444.073487 166.840058 444.073487 
24.822767 187.704611 473.007205 174.793948 445.341499 444.073487 166.840058 445.917867 
24.822767 198.770893 469.318444 184.015850 445.341499 444.073487 170.528818 453.295389 
21.134006 211.681556 461.940922 196.926513 447.185879 444.073487 168.684438 453.295389 
26.667147 215.370317 460.096542 198.770893 441.652738 449.606628 172.373199 455.139769 
28.511527 231.969741 460.096542 211.681556 445.341499 453.295389 170.528818 466.206052 
32.200288 237.502882 456.407781 215.370317 447.185879 453.295389 176.061960 466.206052 
35.889049 246.724784 458.252161 224.592219 445.341499 456.984150 181.595101 473.583573 
34.044669 255.946686 452.719020 233.814121 443.497118 460.672911 177.906340 477.272334 
41.422190 263.324207 456.407781 239.347262 447.185879 466.206052 181.595101 480.961095 
45.110951 270.701729 458.252161 246.724784 445.341499 469.894813 183.439481 490.182997 
50.644092 279.923631 458.252161 254.102305 447.185879 480.961095 183.439481 488.338617 
52.612642 291.783883 455.176925 264.864691 442.940928 485.112627 188.432202 498.572223 
58.021614 296.523055 456.407781 270.701729 447.185879 488.338617 183.439481 499.404899 
58.838937 304.459334 459.476091 282.375423 445.527055 498.585480 187.469891 506.722418 
63.771998 311.960161 461.763882 287.488168 448.883886 497.432107 192.571961 510.312103 
71.485956 320.953307 466.020577 295.193315 447.039530 503.984833 194.862762 517.542724 
69.629253 325.775550 464.751525 297.970649 451.261032 508.759614 198.301880 517.729797 
74.071535 325.718343 466.111068 305.084683 450.831786 509.445078 202.891790 524.804192 
81.280518 324.683911 470.977941 309.461355 452.243468 515.540565 201.770796 528.422017 
81.894767 338.143196 468.685461 309.133894 458.473318 513.376753 207.172353 527.337917 
90.656395 339.328915 474.775767 311.222620 459.128258 513.217739 211.574726 532.798244 
96.569499 346.608033 473.248609 317.179978 459.530593 516.091218 208.725646 529.796406 
94.444012 343.613316 472.891668 319.353851 460.892148 516.145965 213.461525 531.294779 
106.894036 351.981842 475.689761 320.440103 459.453238 516.631414 215.452479 538.082030 
90.436134 358.305269 474.810112 325.765673 464.249962 518.195073 220.956251 537.770430 
113.555444 360.671595 476.418539 324.921536 462.652676 517.643620 221.214290 540.103005 
0.000000 0.000000 0.000000 0.000000 0.000000 0.000000 0.000000 0.000000 
107.491104 366.772479 473.280588 332.745551 461.459750 518.501576 209.022849 544.453034 
107.702285 370.826734 476.646020 331.908618 464.546391 522.477778 217.583803 546.637162 
107.049164 372.246151 472.818421 334.179667 464.379453 523.212561 232.986303 543.978613 
109.440199 375.459669 473.133416 335.379192 463.647406 523.518394 228.860340 550.609209 
109.775002 375.332979 470.523205 338.371073 462.994851 526.579922 215.894251 548.474912 
110.738244 377.640567 471.495248 342.029361 463.017505 524.300853 218.446137 557.153723 
114.295923 383.622223 472.430815 342.474810 463.943099 527.507021 220.602609 553.712920 
110.315979 380.456342 471.996779 345.057795 464.772905 527.460621 216.145518 551.973180 
109.848799 386.438634 471.792796 345.679175 463.487969 526.724385 227.400362 556.235336 
111.773680 387.729838 471.609158 348.506066 463.397562 533.266990 217.401011 553.212657 
106.516460 388.973665 470.346972 348.890643 458.507478 529.865765 221.858850 553.016175 
113.942291 390.726177 468.988362 349.704918 459.607352 531.071121 221.307795 560.250659 
113.450450 392.489354 475.741623 352.468818 459.617409 529.835177 223.623195 557.748471 
113.208219 392.592314 470.973956 353.440591 462.325147 530.741162 226.970069 557.430913 
113.571271 391.284846 472.758946 352.924997 463.459589 531.937625 224.001139 557.510857 
114.446238 394.388401 472.239009 354.633649 464.508919 532.425736 222.667508 558.928904 
112.478793 394.472811 476.316147 357.275382 464.691951 536.288010 224.071081 559.536403 
116.691611 397.084919 480.100705 356.706131 465.417509 534.128079 226.815579 558.600072 
115.197406 397.963977 474.851585 353.698847 465.629683 536.292507 224.015850 558.425072 
116.312461 400.311508 476.717828 357.727588 465.292874 536.372324 226.407472 562.338128 
118.933801 397.995258 476.933629 358.339892 465.918249 534.585961 224.681443 559.921334 
119.134851 396.925604 479.484946 358.565755 469.023169 535.253543 227.239879 559.664356 
119.491263 398.444436 481.003778 358.922167 468.217161 535.609956 229.921131 561.183188 
122.123689 397.540777 479.414785 354.714789 468.402388 532.136738 226.129659 561.503129 
119.055709 399.051767 480.017604 357.449379 466.558008 533.647727 226.732478 559.343320 
118.460983 398.623886 477.745089 352.527058 465.542987 531.491216 228.279898 561.318576 
111.508646 403.497118 471.162824 348.165706 465.629683 528.914986 224.015850 560.269452 
105.073608 409.956975 462.364704 346.329793 464.811903 527.422541 224.986373 565.354129 
98.232611 415.802282 455.523706 343.609903 460.418105 524.702651 221.816175 571.199437 
90.171338 428.719868 445.388076 335.170421 453.522811 518.201947 220.327089 573.789299 
76.165936 439.153110 424.891834 334.535341 449.302647 511.223129 215.656295 582.130728 
72.776657 449.606628 412.142651 327.877522 439.808357 503.093660 209.260807 586.090778 
59.865994 460.672911 394.920824 324.541805 429.277278 500.488492 205.572046 593.468300 
54.323791 470.037264 385.919294 319.534508 426.298082 498.180055 206.050146 596.068027 
51.497648 478.180709 373.952862 319.161699 422.542004 493.640890 202.786567 600.757862 
47.508207 487.549700 366.118640 319.431855 417.638625 492.972857 202.068162 604.147561 
40.874942 499.472552 359.010849 315.932606 415.296432 492.130954 203.613694 610.820120 
43.912104 506.874640 354.044669 321.145533 408.361671 492.857349 203.358790 613.756484 
45.110951 514.159942 353.122478 322.344380 408.453890 490.182997 200.038905 621.134006 
41.422190 517.848703 353.122478 327.877522 408.453890 490.182997 203.727666 621.134006 
48.799712 525.226225 351.278098 329.721902 410.298271 495.716138 205.572046 624.822767 
45.110951 532.603746 351.278098 329.721902 404.765130 499.404899 205.572046 628.511527 
52.488473 530.759366 351.278098 331.566282 406.609510 499.404899 205.572046 630.355908 
54.332853 534.448127 351.278098 329.721902 412.142651 497.560519 205.572046 634.044669 
54.332853 536.292507 354.966859 331.566282 412.142651 503.093660 211.105187 637.733429 
58.021614 534.448127 358.655620 333.410663 408.453890 501.249280 207.416427 634.044669 
56.177233 530.759366 364.188761 329.721902 415.831412 501.249280 211.105187 630.355908 
59.865994 527.070605 364.188761 329.721902 415.831412 503.093660 212.949568 634.044669 
56.177233 527.070605 367.877522 329.721902 415.831412 497.560519 209.260807 630.355908 
63.510924 522.807940 370.634434 328.255597 420.802020 498.335947 212.790080 629.261109 
67.536864 520.482400 374.415654 327.520736 422.074860 498.396426 215.164161 628.587428 
70.932277 517.848703 380.788184 327.877522 423.208934 495.716138 214.793948 624.822767 
71.152039 516.360563 380.355669 328.048578 429.177295 501.249108 221.104175 626.790431 
74.312009 512.091911 387.499286 324.993018 428.172959 499.889809 223.448808 624.622405 
78.309798 510.471182 388.165706 324.188761 434.275216 499.404899 222.171470 624.822767 
79.827486 513.215699 393.448311 322.172028 437.620258 498.859816 225.594912 623.645567 

