478.113949 223.719212 603.179168 233.523195 581.094055 504.204150 456.065092 533.558807 
478.812567 223.014369 605.205688 232.652867 584.180180 503.881921 459.428832 532.616782 
479.589848 223.297785 607.727984 230.619964 587.703485 502.744211 464.424617 534.322929 
483.327932 222.710401 609.981178 229.632065 595.346546 502.016799 470.250314 533.157030 
487.789880 223.279454 615.183199 228.250003 601.982074 501.494564 477.542604 534.352177 
492.595361 224.188636 621.397964 227.868711 613.759258 500.331549 488.003403 533.624425 
500.099394 225.716449 628.296394 226.598828 615.128843 498.300865 499.540521 531.331629 
507.941460 226.219169 639.163605 225.057814 633.283152 494.920427 509.850913 531.335464 
518.422126 227.049028 647.829674 222.249364 648.254460 492.213565 525.712039 529.438911 
524.590897 226.017592 659.246234 218.980672 666.822299 487.906221 535.557072 528.472495 
532.772533 225.408455 669.726638 214.873524 678.732249 482.380963 548.900047 525.695999 
538.162360 224.368578 676.310038 210.948018 694.040412 478.011777 562.692119 523.631643 
543.967941 223.523167 679.585483 206.946660 705.255604 473.976777 575.926713 521.139234 
543.977928 224.900930 679.976057 204.778758 711.893985 474.693412 580.752932 521.182568 
539.105576 224.648176 681.378180 202.220967 715.719844 469.945770 583.871408 522.415546 
530.942020 226.617798 678.489445 199.438009 718.094281 472.012463 581.418771 525.595475 
519.342748 227.348847 673.879261 199.392493 715.813793 471.190381 573.702325 528.656221 
504.612782 232.876887 660.702427 198.708010 709.626047 471.282464 566.402983 528.821157 
492.025238 236.585236 647.672323 199.686914 699.042124 471.946859 554.350518 531.022130 
475.674641 240.328652 637.571054 202.372076 687.735282 471.676614 539.193808 533.911141 
456.640360 244.411555 620.945249 205.174567 678.983294 473.293987 525.305089 533.784345 
438.250663 250.135367 604.435658 209.753967 667.574042 475.514659 510.471245 536.687998 
423.263006 257.079824 594.494600 214.056811 656.447740 480.799495 494.681209 541.892174 
404.893248 262.409569 580.608293 218.027934 644.916377 485.223492 480.070304 547.720081 
390.113946 266.973727 569.052086 223.594784 630.247380 491.614681 466.801720 553.584600 
381.289792 273.189451 561.125989 228.445517 623.079129 495.188201 455.289376 558.001801 
374.478438 277.769542 554.674551 233.912287 615.693340 498.962654 445.031413 559.981443 
368.248491 281.802001 551.209517 237.420366 610.083115 500.992934 437.085313 560.772279 
364.947575 283.532606 546.097106 242.535607 605.209058 506.632555 429.583214 563.937506 
363.114622 287.608483 544.039381 246.231072 600.020585 509.099333 424.775078 561.835249 
362.541593 289.023091 543.238251 252.023299 594.005407 511.021841 419.331971 560.068076 
362.340768 293.197104 544.842178 257.874250 592.675209 515.436724 419.004512 563.269755 
368.813353 295.126586 547.759933 262.070789 592.731614 517.086675 419.938535 561.597236 
374.926866 295.655636 554.559536 265.923977 594.164371 519.084296 420.990288 560.242262 
376.241143 295.876075 557.712214 268.083209 591.535904 521.247036 421.879418 558.013982 
383.250217 295.333208 562.268977 269.992653 592.514155 520.945892 421.669768 553.643382 
388.420663 291.713724 562.534799 269.642918 591.145103 520.596157 421.118154 546.754149 
391.490327 286.667573 564.773514 268.697465 588.963457 514.495812 419.672200 538.569339 
393.779049 280.907179 566.434190 266.887003 585.409711 511.038707 421.817009 530.872720 
397.106250 275.923753 566.339224 266.331569 578.323763 507.353977 417.864094 521.335940 
399.780085 270.101247 564.797945 262.328667 574.364198 502.082877 411.140010 514.040693 
400.220631 262.051828 563.974610 260.624204 569.394700 496.947784 406.227299 503.691138 
401.511108 256.984605 564.068071 256.984605 564.068071 492.281066 404.041177 495.443652 
405.372553 248.123711 566.275023 254.306711 559.312125 483.762567 400.944932 483.420172 
411.278501 241.434660 570.274392 249.636829 558.286606 477.404752 401.814460 472.988200 
419.142374 231.445489 578.235385 242.659093 559.312428 466.931180 406.527069 457.119276 
436.096730 223.595077 584.571860 237.577040 561.934396 453.964560 416.788306 440.648405 
453.193153 212.401880 595.410001 231.623217 570.158530 442.977950 431.191189 424.913622 
469.907656 201.890762 610.464880 223.958865 577.926605 430.605452 437.498261 410.625809 
486.130012 188.659444 627.378564 216.002714 586.842436 419.520858 448.312897 393.866598 
504.327013 179.721512 639.617735 208.263859 597.375062 407.489435 462.084341 377.805395 
522.844429 170.416258 655.040559 203.465290 608.573955 398.177388 475.374001 366.306887 
540.919038 164.074282 670.751550 198.030477 620.815968 389.783111 490.983456 355.161108 
558.668686 158.290753 685.694901 193.837184 630.124850 382.518161 502.356342 345.832153 
574.908640 154.829544 698.692289 192.084817 641.006705 375.957616 519.025731 337.500560 
588.049204 151.741294 707.703099 191.522723 648.887087 371.208339 529.096676 331.817798 
600.549334 151.670580 717.927566 191.615438 655.992962 369.744950 538.789787 328.800392 
602.157074 148.912773 724.344267 190.530344 658.100072 366.405452 542.218147 324.733626 
607.254135 149.309171 724.221884 189.481995 660.527385 363.740530 545.757109 322.879908 
606.037288 149.155531 724.642293 191.583338 659.072047 363.705235 544.806249 321.277428 
605.582727 152.518765 719.466689 193.191609 653.847835 362.932942 541.590787 321.175489 
596.578797 155.940759 711.981211 196.125528 649.643300 360.470930 537.847211 318.740593 
589.297813 158.524079 697.487576 195.102522 638.755991 358.417546 530.051038 319.263156 
577.691005 159.577139 681.349851 194.772933 624.940153 358.698549 520.799174 322.056352 
563.845394 163.207271 665.083965 195.583058 609.068715 359.517597 509.885749 323.544501 
545.255822 163.012791 648.959964 197.061686 596.798399 362.203372 492.102541 327.304753 
526.730659 167.244663 630.714316 198.218518 582.041115 360.462522 477.192610 328.063122 
507.932646 168.039636 611.892095 198.681511 565.861214 361.881905 460.315660 331.194652 
483.343965 172.605880 591.968368 201.780491 548.127776 365.144379 440.602957 334.225225 
467.364431 178.320028 569.863345 202.437419 530.904482 366.157404 426.550384 339.721033 
447.299774 184.647678 552.981996 210.079517 517.168653 370.280892 410.991125 344.021933 
433.693699 189.669359 540.169039 211.341364 506.362513 377.306743 397.901597 351.818427 
420.531964 199.448651 527.317172 217.581988 499.119705 381.249436 390.813440 360.130165 
411.292707 207.491294 519.497409 222.952501 494.257690 390.559389 386.542558 371.808928 
405.435371 215.684634 513.441624 228.557751 491.797811 395.966019 385.453733 380.533153 
403.729662 224.767029 507.566126 234.149842 490.960042 401.278467 386.491032 388.850589 
396.596149 234.399382 503.048372 241.025039 492.447321 410.200148 385.111677 400.482518 
396.804897 244.252918 505.487758 249.708042 498.773759 417.138395 389.671273 410.004771 
402.238847 257.339619 502.567549 257.227205 501.588984 426.062879 400.224032 421.547060 
399.927334 269.319244 501.564198 266.376598 505.829517 434.791406 404.657081 433.761618 
394.158435 282.756193 497.379197 277.176693 508.073240 446.421546 405.317437 451.071130 
390.632315 299.787953 486.972723 290.514545 503.458782 456.405515 405.572806 464.133355 
382.895941 314.248999 476.377048 302.992112 498.890823 470.377132 404.430855 478.208010 
371.827789 334.256957 462.029717 320.308206 489.462262 483.508600 400.655209 494.202643 
354.467711 351.472370 445.199808 331.570901 480.913145 498.910675 390.594978 513.068658 
337.400255 365.973526 432.160844 344.281343 473.832670 512.110339 378.501233 530.948287 
315.227238 382.950610 415.570549 356.087277 466.045435 528.543137 366.898338 550.776123 
302.797068 391.216711 402.002424 360.589555 455.932852 533.033763 357.393304 557.002843 
291.422592 398.513585 386.063003 368.228654 444.109122 540.474202 348.206839 565.080709 
275.692461 404.599596 377.645722 371.519016 438.383835 546.141091 336.430574 574.883233 
264.493918 407.104204 367.531788 370.769797 429.896815 551.357222 326.858945 579.014755 
254.259673 407.140175 353.637488 374.879942 417.479650 555.622032 318.356415 582.577716 
241.474291 397.597124 344.603207 365.500358 410.319836 554.027555 307.522695 580.844201 
236.787612 387.289371 335.644387 357.042149 393.925620 547.378327 297.282056 570.985915 
233.612223 369.687885 334.149194 341.723959 384.750584 534.808209 286.211036 556.114057 
223.262583 346.259379 330.822161 320.421044 385.503288 526.526828 277.342818 542.750899 
218.567827 319.502630 328.530971 296.668753 373.597833 507.581669 266.038255 523.204848 
214.505082 292.789270 327.725691 276.343819 370.104354 494.562311 253.721159 502.152519 
209.199230 268.452817 326.381395 254.470854 356.342744 476.184837 243.155426 480.179684 
208.052240 244.426992 325.646707 237.005982 346.768043 460.777976 230.886117 459.636282 
214.483265 224.350082 328.143959 222.906772 341.733235 442.463685 229.662388 436.906453 
220.151348 201.679680 333.012809 204.080988 341.111294 430.051081 229.246375 419.184203 
234.155081 188.232357 347.608584 192.394745 345.507506 415.533000 234.157612 400.652139 
252.685625 165.799463 368.431379 173.306658 356.765046 399.483840 245.824631 382.194425 
293.700871 150.200070 401.398937 160.828169 382.268359 386.143859 277.404453 363.470582 
357.698228 137.806218 409.528124 144.335622 386.001682 351.459547 336.697225 340.325160 
416.844480 134.354263 478.866256 143.775292 448.760612 347.197753 389.741179 332.070976 
464.866608 129.351581 524.180187 141.406881 484.502821 337.240670 430.636622 322.829851 
514.717036 120.149720 605.113750 137.950040 558.433369 351.528767 476.369408 322.020406 
577.509463 130.150056 645.291933 146.136488 596.053724 352.681185 530.829082 329.021266 
615.391807 133.093597 691.327358 151.318129 636.046277 359.077795 566.793055 333.563450 
651.301526 142.672626 725.548566 161.889626 665.608088 361.045672 596.546703 332.270095 
663.631288 138.495144 767.792590 165.448373 705.879023 376.403706 612.897039 336.073446 
678.608761 143.434124 778.774890 169.914825 717.754145 380.609096 627.246616 338.588631 
682.813117 147.217037 782.856206 174.745673 720.413204 383.560443 629.115100 340.150878 
683.583727 149.892139 777.572652 175.595415 718.186819 379.977631 632.575942 341.878738 
679.083485 153.033796 771.104859 178.658665 712.603252 382.254510 627.273418 342.428373 
670.150519 155.568567 762.603626 181.588398 703.543827 382.931059 619.695153 343.097382 
663.672956 161.248548 750.062964 187.128969 689.702917 384.356340 611.205122 345.248905 
652.473636 164.845896 734.764834 190.169200 676.007863 386.297412 600.038140 347.730674 
642.608100 166.110610 723.050875 191.987235 662.865014 386.614292 589.173619 346.955490 
630.857203 166.451841 710.054543 192.270229 651.488580 384.817196 577.398575 346.267224 
622.928843 167.678083 702.356167 195.275713 640.241703 385.925559 565.714246 345.379892 
0.000000 0.000000 0.000000 0.000000 0.000000 0.000000 0.000000 0.000000 
0.000000 0.000000 0.000000 0.000000 0.000000 0.000000 0.000000 0.000000 
608.946916 167.206130 684.335562 192.784421 624.428513 379.909810 557.750581 342.460421 
612.213149 166.806461 684.224419 190.868549 628.802001 373.387854 565.526738 337.713717 
620.330813 165.469030 689.259259 187.115638 636.812543 371.550174 571.548980 337.638959 
626.053320 164.977949 699.720107 186.426010 647.655446 370.266455 582.770056 336.379673 
634.693519 164.940391 703.158413 183.311275 655.984158 368.495779 589.931511 335.675481 
636.306263 162.527137 707.031116 180.619541 660.977723 365.929621 596.283671 335.227359 
636.561143 164.465278 707.395647 180.611379 665.728292 366.031109 600.623049 336.343119 
633.535210 166.719717 703.094698 180.424080 668.623509 365.736164 603.381203 339.419939 
627.260141 170.584446 696.114822 181.938144 666.085491 369.443386 601.338948 344.555175 
615.976458 179.247539 684.768255 187.246585 662.873361 373.848883 596.800327 352.313968 
602.288236 189.872302 667.961801 191.980676 657.308495 385.617294 592.147541 363.395095 
589.254300 203.270511 649.669171 203.648410 650.029425 382.614290 587.524140 370.714874 
572.601094 212.529028 630.808535 213.282058 637.629654 396.206507 578.310360 384.890963 
558.187026 230.831332 614.226101 228.788241 629.134548 410.880775 570.862666 399.932725 
542.550253 244.212148 598.567932 241.428661 621.182215 416.777608 567.252152 411.210634 
527.096428 261.257331 583.093069 255.809009 615.461975 431.355501 559.059736 427.693018 
513.750763 280.560977 568.077480 273.219528 610.061579 445.143072 554.026156 442.596008 
500.435199 301.818096 556.245134 291.842529 608.827718 462.568409 550.781722 461.954166 
493.031915 323.760181 543.547779 309.327077 610.077219 477.602705 552.445835 476.729502 
489.624307 338.677189 539.846952 322.013895 614.486271 491.390963 559.256194 492.351486 
489.406107 356.772976 539.006707 336.830467 623.053749 505.825417 567.152532 509.703161 
490.609092 373.180728 539.575236 351.380732 636.678406 515.572552 577.835188 523.283043 
492.356203 388.628722 540.592118 362.875648 648.570782 522.601281 592.083466 533.574617 
498.301018 397.688187 544.134768 369.506990 662.099205 522.114146 606.063782 536.007226 
500.612498 403.384194 545.014206 373.066536 672.903507 514.913343 621.245624 533.012455 
499.949192 400.289831 543.264667 366.994670 674.428795 501.487836 623.968051 522.453638 
500.516714 389.052120 542.816471 355.429236 672.674675 478.097826 621.745403 498.934421 
496.441848 379.677849 535.711032 336.735660 667.678202 450.308208 615.986942 477.765545 
481.134541 349.194369 516.152109 312.035554 671.783007 427.406722 621.119182 455.159765 
469.901322 329.094031 502.873441 286.333315 669.279601 404.311676 619.821423 435.738226 
460.080619 306.603260 492.428459 264.465253 654.577528 373.468473 608.079116 406.146403 
446.393501 281.986061 477.167587 239.651061 636.521332 349.235862 595.301007 379.265273 
427.550321 253.547997 457.156074 216.814934 617.246438 317.693794 575.256980 351.124802 
401.370268 233.475585 429.874469 196.695971 611.923832 308.869817 573.305237 337.374018 
378.849347 227.822966 408.493598 186.222883 586.289754 299.335664 546.187436 330.702823 
359.397175 238.905372 404.155838 184.039915 583.781408 303.795928 517.652398 347.941446 
360.605103 242.346110 390.245587 202.471102 557.024007 316.076930 512.785515 347.928644 
363.202875 272.680925 398.406596 231.706102 554.716294 344.584300 502.398652 373.609842 
367.542642 289.874194 406.856345 250.248209 564.388252 371.994234 518.171742 403.258343 
381.609993 303.355603 420.268091 265.199558 568.870495 389.698737 526.195970 421.830143 
396.894373 317.249980 443.493340 278.492377 579.747178 404.120250 525.032164 433.790341 
408.109707 314.773544 457.741183 277.838492 585.282533 404.802732 530.457066 433.658242 
422.325308 299.510559 470.688182 266.722170 589.540617 398.275111 538.099164 421.909718 
439.303337 278.126257 485.327979 248.183756 595.664115 387.481100 545.092146 406.330652 
454.540535 254.490870 505.951346 221.718516 608.049094 360.976940 550.137973 386.614326 
471.091697 227.789498 522.125408 197.741612 616.016700 340.982983 558.882792 364.067391 
479.777513 202.898310 538.198252 172.318705 622.686622 319.928401 560.723213 341.797839 
485.497091 182.209982 546.871957 151.316593 626.118646 308.599984 559.568004 327.377706 
486.726906 158.292403 552.111411 132.699580 620.885889 287.511663 553.625169 302.405108 
488.417238 144.800374 555.449625 121.280238 620.562195 283.056383 550.485279 298.208149 
485.426394 138.040234 559.261304 116.017763 614.542385 275.786161 540.426317 287.724127 
489.184396 137.857140 563.082970 118.213216 612.660494 278.638599 537.129681 289.052354 
498.381613 146.406360 567.568962 129.449688 608.756214 280.519135 539.007284 289.117052 
498.808572 154.409072 573.919462 140.702706 609.951501 296.251878 534.993380 300.244816 
503.992029 161.697978 579.201605 150.812381 608.722086 306.218239 532.690419 308.653531 
508.008335 171.315252 582.327771 164.037552 603.430485 311.863147 530.098834 312.679269 
509.005169 176.406846 584.527250 172.240111 598.589983 321.200906 525.672111 319.638380 
510.559115 178.742540 585.768691 176.862301 593.759708 324.461094 518.550132 321.170675 
511.856606 178.401606 586.182906 178.831031 585.985044 327.551597 513.196276 320.406687 
515.012601 176.757401 588.289264 181.546725 581.894454 328.492684 510.623980 319.583874 
519.173411 173.854770 592.777195 181.371361 580.898783 326.457685 508.805390 312.736674 
523.808374 172.061921 595.859824 180.166416 578.653345 325.199716 510.141821 309.328958 
531.456875 170.400627 600.830837 181.422658 579.437845 322.969624 511.926975 305.939423 
533.615072 175.795971 603.679675 188.430571 579.176207 327.028312 512.174537 309.799311 
534.740798 190.660038 603.253784 203.153582 578.669713 340.985589 512.171815 322.043764 
536.486068 204.219533 600.259020 215.228830 573.539829 373.564780 510.205449 358.720784 
532.706277 233.334421 597.634444 245.220863 570.915252 402.072413 507.580872 385.249218 
529.519045 274.613888 582.346740 282.440213 560.067962 416.116181 509.802537 404.741429 
519.388029 300.826636 584.113048 308.443753 560.227041 457.287884 496.384321 442.866774 
509.488342 337.818490 571.724414 344.591442 551.671210 477.860041 487.842030 466.479645 
491.035077 365.251083 555.308364 370.318140 539.047973 502.028888 475.936196 490.303672 
469.426938 374.214263 539.005291 380.834723 523.911854 514.834995 456.911718 503.422884 
456.400318 377.385277 524.847488 382.607798 511.519628 519.073200 443.140789 508.062891 
446.822748 375.964057 512.627006 379.547457 499.400032 516.880151 433.577638 508.428581 
436.773727 368.526346 498.162209 371.662984 488.795341 507.077183 424.944746 500.658341 
426.498984 357.130365 486.525048 359.539591 480.417246 492.221176 416.899660 487.748107 
414.272047 344.699534 476.603228 346.588358 469.915802 475.135014 405.400253 471.611824 
404.106610 332.988577 465.162436 333.929785 458.436997 468.593691 395.714111 464.176587 
388.967824 322.893348 453.634675 322.764295 447.575772 460.875841 383.430065 456.722522 
377.336263 314.390551 444.142882 314.934366 438.292307 455.737901 370.710606 452.204218 
365.240321 309.754681 434.673746 309.384111 430.086221 452.909326 360.988270 449.266369 
355.222774 307.252056 428.157254 306.573596 426.121874 452.103326 352.508933 448.711025 
350.536453 305.402100 426.952364 303.635258 424.302101 451.166555 347.444479 448.516292 
349.086270 302.829153 428.396585 300.573884 424.637803 450.549314 345.327487 448.669923 
350.759095 299.410463 432.291363 297.914458 430.795358 448.262953 348.889089 446.392946 
358.369016 295.181432 439.091375 292.397902 437.500787 445.889678 356.380780 443.901443 
364.452956 289.352418 446.750591 286.562667 447.215549 440.928852 364.917914 439.533977 
374.919428 280.910820 456.654218 277.484811 459.101368 433.123513 375.898288 433.123513 
388.685047 271.601819 474.278583 269.096642 473.861054 426.505242 387.432459 426.087713 
397.882450 262.517239 487.792352 258.584560 487.980908 418.541399 397.442945 418.541399 
405.015209 252.206961 500.470510 248.270660 502.362912 410.158796 407.529127 410.592186 
416.764813 237.884533 513.482150 234.380282 515.584701 405.387747 418.166514 403.986047 
424.233864 230.528933 523.532440 226.332193 527.415054 395.314348 426.036539 395.774095 
433.525408 220.142281 535.302637 215.460418 537.589917 387.894740 437.081539 387.574863 
441.762634 210.181227 546.325061 205.473236 549.592174 379.496738 444.783581 379.614879 
448.112675 201.332283 557.144163 197.820895 559.908671 372.651727 450.805991 373.748236 
454.543287 191.543462 565.838986 187.157424 569.128514 366.984957 458.381070 367.533212 
459.585638 183.090975 575.852306 178.411900 579.672905 363.209958 461.441785 363.730800 
464.844626 175.258502 582.034062 171.612608 587.242482 357.553181 466.927994 358.074023 
467.696714 166.121533 588.011202 162.475639 593.740464 353.103789 470.300924 353.103789 
468.357850 157.413996 595.026609 152.960797 598.034941 349.086832 472.316248 349.396335 
469.618782 149.241777 597.990153 145.116866 601.751893 344.348432 472.988088 344.681568 
468.955071 141.816400 602.178038 136.321816 606.783693 341.398279 473.509339 342.228035 
466.769187 134.672713 604.033367 129.707545 607.873798 339.879268 471.797292 339.879268 
464.293043 127.382338 606.292343 122.583544 610.723680 340.507825 470.682538 339.868368 
458.877031 123.490348 606.873856 118.660445 612.796543 343.440128 465.947847 343.337331 
452.847666 123.189345 606.514527 117.828654 613.956023 346.789061 459.137527 347.421531 
450.785214 123.848406 605.672887 118.016251 610.895751 352.918673 460.591091 353.464821 
443.743179 126.971469 606.023526 121.541823 613.493480 363.951214 453.261481 365.497695 
438.135232 132.604743 607.121783 127.967012 613.625966 375.424932 448.417082 376.360263 
435.080495 141.812762 603.779148 136.856723 614.220789 394.168584 444.171211 397.151910 
431.340575 152.885470 604.036796 148.078586 615.224268 409.119604 441.445533 410.611267 
427.948003 161.988132 606.201727 156.767312 618.135031 423.029151 438.389644 425.266645 
424.321266 171.574425 604.337155 167.044161 618.468699 441.039094 437.113886 445.749609 
423.050278 182.939993 607.707846 177.566021 622.358812 451.355956 435.558990 456.850068 
420.756575 192.448955 611.227052 186.763269 627.143083 471.021689 433.128591 479.761633 
417.492261 199.983247 618.481413 194.251199 631.823374 490.845156 433.198412 497.358949 
417.068548 208.382905 627.075426 202.197669 642.294574 504.551407 432.270332 515.712116 
414.303304 215.220473 631.320744 207.894990 646.887979 520.134816 430.785642 526.553509 
411.421505 219.312889 634.635675 211.836817 649.587820 529.035900 429.577682 540.784014 
410.159170 220.710381 638.376125 213.965052 654.567433 540.823706 432.643599 550.107266 
406.973356 223.394810 641.935640 216.649481 661.047405 548.294810 427.275798 564.908462 
401.031488 222.582007 644.709520 215.051072 662.523807 556.806195 424.640138 573.339100 
393.672718 217.693284 645.836196 211.387554 666.324708 565.193161 418.889749 584.107678 
388.095156 212.189965 651.162976 204.320415 671.398962 573.065052 413.952249 591.052595 
384.389273 202.984429 651.835640 195.884083 676.686851 574.569204 411.607266 598.237024 
379.175503 188.830671 656.235986 182.832526 681.699489 568.128188 413.404152 593.173356 
384.074740 171.677509 666.254325 163.807958 687.614533 561.782353 415.552941 587.639446 
388.491064 148.473256 681.161938 141.893426 705.894810 554.482699 416.969896 583.712457 
388.744485 124.862745 695.521453 119.614533 719.130104 546.818685 421.211419 577.172664 
392.067612 108.884758 703.926644 105.680727 729.558893 542.496972 422.511175 576.629925 
395.209352 100.658633 714.421298 95.809689 734.713495 542.238028 427.705516 574.781179 
401.126463 102.821016 715.451374 97.949745 741.020766 540.117866 434.608588 574.614601 
401.508398 111.385745 713.345150 109.869911 734.529758 549.935986 432.114187 580.289965 
399.956143 127.076141 707.445675 128.539792 730.479006 561.322020 425.577761 597.641834 
386.540030 150.981221 693.223183 152.353979 704.465398 587.427682 412.167820 614.408997 
383.237024 168.812457 680.031488 176.682007 694.646367 594.892388 407.037711 625.309876 
385.949921 185.323838 673.012111 191.025952 677.745675 602.846021 404.382353 632.430796 
394.592326 204.678117 667.787502 211.121651 677.292858 603.904923 407.688099 634.956788 
407.117559 216.931464 671.665574 222.226540 677.979249 604.927937 420.015265 634.056209 
423.605606 227.748989 676.283646 233.382388 684.741022 602.877572 429.719322 632.964820 
439.924715 233.067225 689.183147 239.285428 692.210487 598.021658 447.114798 629.488821 
458.231610 238.484066 698.050173 244.153979 703.967128 592.070934 467.761387 622.939611 
479.010727 240.818685 706.103460 246.439792 711.724567 584.830450 488.004498 614.060208 
494.894554 242.849682 715.240484 246.333910 718.790657 574.133218 508.921034 603.539880 
518.050173 244.901384 721.593426 247.268166 727.296997 568.353986 529.270362 590.177329 
532.333840 242.622610 727.527474 244.981447 734.556154 552.968525 547.469682 578.428271 
548.227947 240.772751 731.232020 242.418080 738.290015 541.780633 562.863389 566.756692 
558.364728 239.176805 732.189184 240.036763 739.876096 528.958289 573.032855 553.103285 
566.769499 237.899079 730.723219 238.207250 739.616662 516.582399 578.755187 540.769757 
570.789425 237.443909 728.816529 237.617003 735.674038 504.524975 584.837714 531.627354 
574.795264 236.624912 724.399774 236.623932 734.003379 500.263167 587.965437 522.931472 
574.335807 236.186311 717.005749 235.346460 727.796574 491.784185 588.926273 516.583367 
573.127652 236.494459 712.732593 234.492185 723.693221 484.654839 589.188046 511.623324 
572.617655 235.824690 706.338125 232.263001 719.857384 473.814363 591.648089 501.870587 
573.425045 234.746068 702.114779 228.968811 716.940288 466.197446 591.782202 493.096479 
576.221478 232.503449 700.220085 226.740530 717.574613 456.481418 596.092920 483.752819 
576.889745 230.913126 699.197844 222.649065 717.641543 449.651331 598.387693 476.779234 
576.556776 227.354674 696.818100 219.330995 716.724456 442.056222 602.893265 470.179222 
576.323924 226.757700 694.751734 218.637699 717.673250 441.158314 605.014565 464.957072 
578.980033 229.654252 694.472038 221.151774 717.179823 437.029351 605.904549 464.889502 
584.062741 238.968103 696.012046 230.465624 720.102403 441.610517 610.278717 469.243573 
588.258821 236.931524 696.903657 226.322955 727.541530 465.814047 618.705361 491.812555 
592.396567 266.541306 699.526860 258.162401 729.654724 460.694128 624.714060 486.177340 
598.723189 272.931614 706.534645 265.332431 733.876650 467.554164 629.460243 492.912435 
602.120219 276.526364 707.641904 268.147929 735.874645 469.986467 632.447534 495.650083 
600.881261 270.380976 708.299788 263.295660 737.053494 465.421957 632.394234 489.000318 
597.267731 261.761746 704.145645 256.101545 734.464573 460.874469 629.056687 484.165527 
590.515095 247.998154 694.053491 241.149310 729.391806 450.071023 625.760484 472.838510 
576.238113 231.629902 681.846903 223.199085 717.004211 430.568057 611.322007 452.854780 
567.363675 212.562740 671.595209 204.889253 706.068583 418.451582 607.649483 443.406814 
556.445011 200.174724 664.333811 192.533111 700.498527 399.024989 596.166026 422.583941 
546.692557 188.401801 652.371285 180.324446 690.741288 382.833369 585.417848 407.492428 
533.773772 178.715705 643.365464 171.844877 682.809346 374.767792 576.927566 399.940666 
522.897434 171.049755 633.563555 164.503308 671.753913 369.875142 566.659111 394.782003 
512.013929 167.414803 624.145207 161.928257 664.604718 367.995185 556.330207 394.453440 
498.609479 166.348335 614.661498 160.476216 653.266749 369.466802 542.850589 395.737858 
475.022305 165.324227 597.405902 157.372533 638.864350 371.201054 530.844668 396.908074 
451.795992 164.901454 576.994994 157.497212 619.401107 372.220231 502.952573 402.510312 
422.637079 162.895785 553.063980 157.124683 595.193023 373.541002 473.999885 402.973621 
382.758245 158.808943 512.759907 155.771521 552.246393 377.503329 431.356997 406.662580 
325.423970 146.981145 457.192104 147.401924 493.637808 380.384496 378.214018 403.358721 
272.368368 130.528713 411.441283 134.979046 445.250937 374.229116 311.974581 401.624812 
231.831501 105.634732 375.069928 116.505505 401.927134 356.301980 259.328163 371.648954 
240.736639 69.376828 381.317671 87.064837 396.225664 350.479304 260.370062 364.838027 
314.435061 60.073600 474.518905 88.083227 477.106573 326.263346 318.784567 322.783742 
518.627858 87.331740 615.193408 95.182598 612.053065 329.138157 516.272601 328.353072 
689.464745 95.522526 768.825919 102.493440 768.897007 338.340838 683.322658 335.200495 
887.206412 106.144844 979.753116 106.144844 986.323933 348.874617 894.042439 362.406209 
894.687230 100.935050 1022.578683 94.540478 1037.925657 340.092068 917.068234 363.751987 
865.036578 94.945665 945.937383 88.856357 985.948568 330.541535 905.052030 348.956794 
729.297852 107.459784 803.881000 94.898411 863.547518 329.639057 788.964370 345.340772 
601.567230 116.288148 668.700697 100.282689 744.382095 329.066686 673.920104 348.204511 
465.421924 151.886727 517.148261 134.353837 598.498897 349.792779 546.196435 368.309397 
366.436201 192.465368 413.808991 168.823580 507.037925 377.317381 458.558879 405.919482 
249.842935 272.640267 332.032230 231.705798 447.919396 441.846097 374.777536 496.159359 
175.043743 355.023589 280.438381 287.188830 421.363115 480.472488 321.553407 562.884174 
142.512073 432.760223 252.160900 351.468858 408.555718 534.058740 297.183996 639.244559 
116.610638 492.602485 227.334898 399.661210 389.868512 569.913495 291.993313 682.309149 
91.876743 532.370238 199.560464 434.445370 389.407449 600.804537 287.039792 720.500000 
66.920188 560.137313 192.806924 439.652526 378.672730 596.982653 274.723485 731.611363 
60.931329 543.046232 179.194282 426.484904 373.327610 577.076132 269.600346 717.697232 
76.172893 499.575408 183.484941 390.219322 368.469820 549.651644 274.444026 670.249945 
109.484429 434.312457 199.422145 351.120069 382.670242 515.256401 300.602076 614.187889 
147.887046 381.389234 239.704152 306.624567 401.641869 473.544983 309.461938 560.742215 
186.265173 321.549308 285.590138 253.196644 436.179602 435.826419 334.718616 520.199239 
235.258194 269.533902 340.321045 218.448296 468.517001 410.260290 364.418030 479.659604 
295.536230 227.894951 398.382466 190.210834 500.443616 391.192792 388.961437 446.933881 
346.747585 195.370026 454.176406 165.827101 526.690860 372.627581 411.204878 414.927679 
409.781773 162.688483 512.477011 149.931311 559.040691 361.062515 440.398987 387.214718 
469.092326 149.149120 568.287913 147.023500 586.709950 358.168393 476.177725 369.505031 
513.007677 142.854422 615.656010 150.683532 613.046307 358.589902 499.959160 357.720001 
556.464987 139.188520 662.430975 162.531943 640.254550 363.441901 523.562907 354.226159 
607.655813 153.021921 702.882594 182.406185 660.438657 377.757125 550.519744 353.814391 
636.940565 161.799749 733.881847 202.145254 675.310398 388.783699 565.673170 355.967113 
660.918232 173.549296 753.401335 223.520005 680.389978 401.175829 574.370958 359.877722 
667.520631 182.315507 762.504398 241.948146 673.275746 409.322837 572.241498 360.724084 
659.056101 186.822127 754.974691 251.407311 661.613930 412.550542 559.300768 356.917760 
638.720371 190.765481 702.491019 241.971703 610.947663 388.710318 544.309484 350.342882 
611.508364 183.343729 675.454090 234.500311 579.535500 384.133311 507.916287 340.650217 
567.361414 171.958956 638.907043 222.597069 548.213934 370.681909 470.983084 324.626815 
538.089808 156.119601 616.103594 209.834012 536.171436 369.698328 442.171218 323.657405 
510.661673 152.931629 604.022434 202.809296 535.600507 366.510356 435.845173 328.782377 
493.007917 158.303171 593.533506 197.382731 544.803956 364.208411 443.769708 341.187950 
476.017359 181.931271 576.859770 198.333350 554.990332 370.858920 453.540436 364.176592 
463.397353 214.399537 555.127498 213.792053 556.342467 379.027811 459.144962 383.280201 
444.331554 233.771740 534.316122 223.852181 562.104465 390.073267 468.069256 411.204775 
433.247654 251.604961 532.192463 233.361245 569.452052 394.843389 476.091291 423.618966 
436.885826 260.659104 534.719599 238.821208 577.417701 398.863535 484.056940 430.196941 
456.740429 261.686916 549.978885 245.050832 592.071552 401.977818 499.961364 428.902335 
513.427886 259.732948 576.606264 254.265588 611.232875 407.959142 534.689840 421.931283 
548.164907 257.534224 619.514876 256.187998 630.284682 409.657742 550.184246 420.427549 
567.023641 253.946055 641.016563 262.949689 635.245461 414.152557 552.141595 414.152557 
558.521401 251.903016 643.356598 267.484991 627.774623 416.379418 540.630985 410.608316 
547.691071 256.604239 583.327625 267.021077 559.204419 407.374274 521.374847 404.084746 
503.570925 237.011751 548.226611 248.763247 524.723619 392.131502 479.597873 387.430903 
458.066893 194.879850 509.290191 207.362839 491.267995 356.702060 440.746327 353.056167 
428.528873 129.018352 486.718564 131.126674 486.071691 300.669069 419.356666 294.106936 
0.000000 0.000000 0.000000 0.000000 0.000000 0.000000 0.000000 0.000000 
0.000000 0.000000 0.000000 0.000000 0.000000 0.000000 0.000000 0.000000 
0.000000 0.000000 0.000000 0.000000 0.000000 0.000000 0.000000 0.000000 
0.000000 0.000000 0.000000 0.000000 0.000000 0.000000 0.000000 0.000000 
0.000000 0.000000 0.000000 0.000000 0.000000 0.000000 0.000000 0.000000 
0.000000 0.000000 0.000000 0.000000 0.000000 0.000000 0.000000 0.000000 
0.000000 0.000000 0.000000 0.000000 0.000000 0.000000 0.000000 0.000000 
0.000000 0.000000 0.000000 0.000000 0.000000 0.000000 0.000000 0.000000 
0.000000 0.000000 0.000000 0.000000 0.000000 0.000000 0.000000 0.000000 
0.000000 0.000000 0.000000 0.000000 0.000000 0.000000 0.000000 0.000000 
0.000000 0.000000 0.000000 0.000000 0.000000 0.000000 0.000000 0.000000 
0.000000 0.000000 0.000000 0.000000 0.000000 0.000000 0.000000 0.000000 
0.000000 0.000000 0.000000 0.000000 0.000000 0.000000 0.000000 0.000000 
0.000000 0.000000 0.000000 0.000000 0.000000 0.000000 0.000000 0.000000 
0.000000 0.000000 0.000000 0.000000 0.000000 0.000000 0.000000 0.000000 
0.000000 0.000000 0.000000 0.000000 0.000000 0.000000 0.000000 0.000000 
0.000000 0.000000 0.000000 0.000000 0.000000 0.000000 0.000000 0.000000 
0.000000 0.000000 0.000000 0.000000 0.000000 0.000000 0.000000 0.000000 
0.000000 0.000000 0.000000 0.000000 0.000000 0.000000 0.000000 0.000000 
0.000000 0.000000 0.000000 0.000000 0.000000 0.000000 0.000000 0.000000 
0.000000 0.000000 0.000000 0.000000 0.000000 0.000000 0.000000 0.000000 
0.000000 0.000000 0.000000 0.000000 0.000000 0.000000 0.000000 0.000000 
0.000000 0.000000 0.000000 0.000000 0.000000 0.000000 0.000000 0.000000 
-11.938141 548.001328 41.196552 490.679551 169.048376 616.990991 114.437533 677.452996 
156.305033 548.619241 228.554168 476.370106 345.755324 589.642471 279.391940 667.917231 
298.908745 546.372285 365.357210 472.436670 489.507724 577.530513 431.753713 654.535860 
414.098616 525.863322 460.188581 473.544983 561.317338 563.175576 521.237735 619.427649 
491.910944 509.354116 542.957136 450.699456 630.213584 525.780586 581.982818 587.451785 
540.788303 493.989260 584.412215 435.556704 699.158660 526.400162 659.741194 585.468832 
572.953676 479.548976 622.497803 405.858849 742.874544 491.093141 696.947006 572.510140 
591.675990 464.200995 640.397244 388.371949 761.052531 470.186151 719.018754 549.409340 
598.615606 445.384081 643.974182 370.990474 770.019702 451.540274 729.885716 534.131888 
598.353133 437.040692 645.444886 351.198165 776.634082 428.783981 736.360157 517.619944 
594.411622 432.240295 640.459359 339.475259 776.531962 412.774683 737.134078 508.009390 
587.290990 432.363353 633.876364 337.061566 772.382808 407.469008 734.293536 505.000629 
577.515009 439.421013 619.028861 339.874284 764.100228 404.644332 726.405904 503.591930 
567.209843 449.866952 606.883184 344.770785 754.772753 406.729463 721.621164 508.658230 
559.480018 458.716184 596.407371 351.258138 745.778579 408.102180 717.302743 512.994072 
560.800601 465.208383 592.771157 357.877996 747.102806 409.805589 720.851402 516.830542 
565.252092 470.448741 595.117909 363.793775 762.576674 414.650967 735.795042 522.462035 
574.947409 480.527375 603.456652 371.424695 767.933054 418.026342 746.551122 528.225532 
590.918143 493.279072 614.054847 383.671231 778.923201 423.803361 760.483592 537.968609 
598.337234 507.144304 621.227377 393.332807 788.311995 430.691064 772.792381 546.981179 
606.274771 522.540570 625.043847 403.115369 797.983587 438.089269 784.778787 558.106713 
610.327438 541.631107 625.920540 411.940841 803.862683 445.052534 792.186007 568.832012 
612.789500 554.258691 626.149096 422.641932 809.719838 450.845523 800.813441 579.988282 
614.018297 567.775595 623.633755 432.709182 812.587702 455.360055 806.252332 587.764607 
611.314188 581.528817 618.561749 444.210326 812.099486 461.633281 808.855152 598.964928 
604.555596 596.328673 609.274262 455.516503 808.101720 472.238122 807.310611 610.232888 
595.747566 609.745402 597.170756 475.670960 800.626967 484.983318 801.859404 621.807927 
586.386970 623.484668 585.933413 485.061269 787.692152 493.404839 791.885333 630.576536 
565.843904 639.402454 567.385845 493.603042 778.622065 499.368963 783.477525 643.678935 
544.961520 659.112503 545.173137 504.721660 767.833067 505.711260 775.589966 661.974763 
525.839309 675.682133 525.406599 512.450164 758.879626 515.801076 764.848638 672.028337 
509.261768 685.324639 509.844348 520.151535 742.336104 521.888857 751.011019 684.784470 
484.189601 702.265833 490.192686 528.591141 729.254758 527.214321 737.466141 697.117266 
458.770172 717.026809 463.081720 536.899917 717.463049 534.504612 728.481221 710.799017 
0.000000 0.000000 0.000000 0.000000 0.000000 0.000000 0.000000 0.000000 
0.000000 0.000000 0.000000 0.000000 0.000000 0.000000 0.000000 0.000000 
0.000000 0.000000 0.000000 0.000000 0.000000 0.000000 0.000000 0.000000 
0.000000 0.000000 0.000000 0.000000 0.000000 0.000000 0.000000 0.000000 
367.451780 716.808458 374.237024 512.160900 654.513841 515.897924 664.884618 719.621061 
357.109508 716.057581 369.254325 505.932526 656.381370 508.717084 665.897659 711.735227 
356.387243 709.802174 366.278319 494.698708 660.482698 498.964125 668.680547 709.694116 
362.570321 706.208530 371.482840 494.216196 662.389116 498.789538 676.653846 705.899715 
366.470366 706.698344 377.035388 492.471972 668.651715 496.050824 680.737029 705.255034 
372.053779 710.774704 381.395591 490.152291 679.842550 494.699558 689.090689 705.217013 
374.338317 714.028476 385.772159 487.669105 688.983988 491.699415 698.765354 708.115882 
377.904885 714.543556 389.239578 483.334703 694.375433 487.247405 707.397918 707.570159 
379.219723 712.714533 389.089201 481.816838 701.901532 484.702355 712.845227 709.350724 
374.381146 717.498365 385.408238 482.370853 703.387094 484.833712 716.020825 714.275724 
0.000000 0.000000 0.000000 0.000000 0.000000 0.000000 0.000000 0.000000 
0.000000 0.000000 0.000000 0.000000 0.000000 0.000000 0.000000 0.000000 
0.000000 0.000000 0.000000 0.000000 0.000000 0.000000 0.000000 0.000000 
0.000000 0.000000 0.000000 0.000000 0.000000 0.000000 0.000000 0.000000 
0.000000 0.000000 0.000000 0.000000 0.000000 0.000000 0.000000 0.000000 
0.000000 0.000000 0.000000 0.000000 0.000000 0.000000 0.000000 0.000000 
305.038204 713.995854 313.198962 467.316609 663.233564 462.333910 670.676681 708.370647 
297.171878 702.441806 300.578759 452.243169 644.334786 448.544285 654.500389 687.100331 
280.605991 680.218626 288.532324 439.027159 628.730351 435.855534 636.128900 668.596367 
267.756636 655.067538 271.720664 415.758676 610.291380 418.853519 622.289108 649.111697 
253.878762 628.436972 263.716876 393.642310 596.865144 398.071770 604.871765 622.433923 
243.447120 598.404753 251.292956 370.370924 578.727049 371.585893 584.801893 590.280278 
229.287353 569.110492 240.101498 344.354060 553.123729 352.556841 563.625339 563.859030 
219.741148 543.355298 230.085060 324.554584 536.351778 329.465788 544.927452 536.213971 
212.622189 511.341433 223.160770 306.868983 522.927428 315.064921 528.703712 507.592860 
205.924673 487.170603 217.150846 288.662958 512.376163 299.271229 518.223984 483.919675 
204.334069 461.443208 215.032168 274.226218 501.169012 286.336060 502.685826 462.452332 
202.635616 442.437214 215.310843 265.210753 492.540204 276.887074 493.555987 444.113382 
206.209117 427.863525 219.075363 258.445800 483.334509 270.674852 484.924477 429.864809 
215.824652 416.342339 224.688803 254.503911 479.494695 268.194237 481.571317 420.751112 
219.677216 406.117256 232.107063 251.502675 478.476684 266.458176 480.357909 411.379558 
227.099153 398.385466 240.128343 249.357889 478.480605 266.577568 479.244572 405.631116 
234.876539 395.280494 246.719520 252.280983 477.288085 268.462616 477.887374 404.956738 
245.938852 393.855394 258.801494 261.111815 478.178164 273.585651 478.600762 406.717286 
256.634333 395.736465 268.264994 270.523155 479.508493 286.123007 480.521488 408.773938 
262.488129 397.926891 275.120013 273.530756 482.358188 292.239211 480.467555 411.091313 
267.708010 394.891143 281.535588 276.777775 481.635129 296.565900 479.137319 409.673336 
271.593680 391.019693 286.793294 275.299233 481.595597 296.682715 478.360521 407.886698 
274.415851 385.303652 289.914267 273.412932 480.780995 296.095714 478.008499 404.374539 
279.339019 377.922727 293.735436 271.607637 479.344493 295.036617 474.680449 400.911426 
281.819583 370.545060 298.557616 265.150482 478.286997 292.871403 472.691958 392.435324 
285.534878 359.067448 301.591773 259.541668 477.171253 287.785469 471.827635 384.690970 
287.979546 353.053765 305.230924 252.025644 475.089730 281.123513 469.997603 376.782754 
290.051982 340.744658 307.661930 243.558817 475.169569 273.404538 468.382905 367.122709 
291.130509 328.536073 309.615597 234.884582 472.640792 265.617867 465.443281 357.493572 
293.991289 318.299479 311.198030 228.212819 469.429011 259.199809 462.360060 347.720891 
294.697082 308.234942 313.042358 222.670904 466.668190 253.855635 458.789942 337.562018 
293.351888 299.926102 310.758694 217.236594 461.496472 247.973627 453.496422 328.816234 
292.260563 292.305931 310.931808 210.035363 457.871009 242.763508 449.596173 323.147631 
293.525494 284.097613 312.297611 205.760127 455.254498 238.972333 446.590444 316.948817 
296.637989 279.543405 314.506002 204.494317 456.183007 236.500719 445.870386 310.543689 
299.373625 277.464843 316.736751 204.113515 454.722820 235.819052 445.297352 309.546819 
302.367814 274.587734 320.281610 204.269401 455.838244 236.621182 444.608700 307.206885 
309.430617 275.310703 324.826608 206.953318 457.016369 238.791706 446.940930 306.901674 
315.326910 275.100765 331.506184 209.818530 459.687722 241.074985 450.015300 307.975901 
318.295008 277.342171 335.325565 213.425647 461.446638 245.906142 451.771596 310.176058 
321.516276 279.198061 338.892132 215.055665 463.238010 248.835250 452.543085 313.391951 
322.818352 281.892435 339.969954 220.146668 461.590405 253.826177 451.923138 316.507487 
326.914838 285.503179 343.153743 226.367452 462.899231 258.759593 453.047513 320.477395 
329.673393 289.686373 346.771825 230.325212 463.563541 264.277416 454.284928 324.743686 
330.970120 293.574197 347.783531 237.543801 463.697727 270.941308 453.787501 331.004621 
331.901890 297.577323 349.331845 242.481659 463.289952 276.123055 452.301926 334.049013 
330.686422 300.076306 348.092114 246.381556 462.186386 281.222425 450.637893 337.758903 
329.648710 301.933297 348.021145 244.826572 460.705416 282.387995 448.122940 339.937703 
326.685485 300.857753 345.350829 248.129094 457.341100 286.378307 445.210201 339.312627 
321.153356 302.049461 340.353565 248.968371 452.328468 287.542329 438.454943 342.165978 
316.547138 301.682587 335.504964 249.542167 446.826655 289.043413 433.242503 341.885559 
310.849859 299.823758 331.431782 252.111120 440.890187 290.780186 427.792600 342.234992 
305.817089 300.028197 323.904877 252.790068 434.762729 293.430484 419.019911 341.735376 
297.551449 299.862042 317.441710 252.742038 423.885852 294.237212 408.550258 343.972079 
291.143490 296.154168 311.153021 248.262505 419.073276 291.889842 405.736376 340.135439 
284.161870 294.431668 304.508118 249.565582 411.365042 292.683086 397.616300 341.185595 
276.649463 293.559794 297.542184 248.746421 405.942100 293.559794 390.194549 340.490865 
271.479586 292.359402 291.034889 249.162615 397.297948 293.720458 379.689251 339.551313 
262.371836 292.242553 281.842212 251.673623 385.249803 296.439723 367.362991 339.417757 
252.280566 293.571178 275.298496 250.318224 379.072427 299.047631 361.307423 343.205973 
247.613564 293.699578 267.193840 255.130569 372.665345 304.357218 356.763913 345.297925 
239.761829 294.331099 260.636848 256.055050 364.672890 308.531379 348.867062 347.245791 
233.223939 297.275271 254.704939 261.205780 358.317182 314.540744 341.051709 354.283910 
228.841928 303.313049 253.309673 262.689049 355.561201 316.238913 336.036061 359.547538 
226.483288 310.716723 250.973851 270.150725 351.131370 323.742285 331.577636 367.874155 
225.688898 315.149634 246.207303 278.317681 345.578218 333.523744 327.272398 372.009219 
223.869460 321.574046 248.360162 285.768888 343.264663 339.436320 325.402388 379.861467 
223.821032 327.328461 247.333209 291.379026 343.285601 346.756640 323.472757 386.149932 
227.179833 331.926045 251.144650 297.893242 344.502273 354.960964 323.013192 391.245806 
228.193209 334.501510 252.672207 298.555499 348.046124 359.211834 325.655829 394.990139 
229.969686 337.066912 255.877376 302.703240 346.731831 362.251138 327.660892 399.673357 
232.800221 338.382506 257.243334 305.478317 346.554705 365.645978 327.325247 403.107743 
232.233548 340.060825 258.148836 305.852644 347.642967 366.667188 325.874125 403.639667 
234.671911 340.034454 259.992965 306.206066 347.738892 368.209880 327.558394 403.914506 
235.556678 338.958709 260.345420 307.291596 347.084131 368.132944 326.969199 402.759659 
235.466262 338.024872 260.700672 306.819430 345.720096 367.547590 326.024477 402.014925 
235.299809 336.847812 259.785280 305.889170 343.655054 366.962127 324.752254 399.769676 
234.154674 333.341205 258.020601 303.638030 341.371777 365.339549 321.877078 397.290599 
234.718123 330.463840 258.379513 301.436660 340.061470 362.418341 320.276551 394.069776 
231.339018 327.624498 255.708483 298.526630 337.110877 359.092036 316.814006 390.548638 
228.422624 325.117343 251.873506 297.004870 332.671266 356.886818 312.653295 386.758880 
226.298628 321.679139 250.446149 294.347664 329.859770 353.868241 309.625159 383.668305 
223.163799 320.115499 246.864195 292.672936 326.073411 352.547619 305.803336 381.549419 
220.233463 316.621250 243.593165 291.291452 320.989769 350.394314 301.288815 379.664302 
216.893268 314.113654 240.001153 288.339474 316.434929 348.182972 297.474612 376.327192 
214.289722 311.494537 237.267944 285.890232 313.752600 345.961872 293.728720 374.192260 
211.547167 309.152221 233.860420 284.016054 310.535625 343.746081 290.940291 371.355133 
207.855955 306.044448 230.963841 281.455288 307.693871 342.780061 288.733555 369.146751 
207.277349 302.597980 229.455783 279.081316 305.656257 339.118053 285.504066 365.987642 
203.752640 300.409358 226.718609 276.124614 300.912677 337.197148 282.774641 363.308086 
202.758062 298.984996 224.477055 274.890489 299.461280 335.446388 278.909514 362.095931 
200.303372 296.577974 222.707927 271.932963 295.522731 330.632898 276.403410 357.686992 
200.018421 294.831496 222.511833 270.990103 295.549615 334.073452 275.966276 358.975224 
197.242431 293.928348 220.914603 269.463868 293.893371 330.807853 273.174678 357.916423 
200.143315 291.221599 221.912158 268.761682 292.945746 329.745687 273.121196 356.178420 

