1.0000 0.0000 0.0000 -0.0000 1.0000 0.0000 -0.0000 0.0000 1.0000
1.1612 0.0275 -56.7161 0.0261 1.1106 -21.1687 0.0001 0.0001 1.0000
0.9351 0.0915 4.3284 -0.0341 1.0540 6.6665 -0.0001 0.0002 1.0000
1.3906 0.2192 -149.5238 0.0422 1.3836 -55.3678 0.0002 0.0004 1.0000
1.0954 -0.0046 -33.0156 0.0096 1.0743 -7.0453 0.0000 0.0000 1.0000
1.0225 0.0415 -15.5052 -0.0126 1.0707 2.0233 -0.0000 0.0001 1.0000
1.0760 -0.0751 -17.3004 0.0059 1.0152 6.5829 0.0001 -0.0001 1.0000
1.2083 0.1916 -90.1623 0.0144 1.2604 -27.0531 0.0001 0.0003 1.0000
0.9322 0.1234 3.0344 -0.0394 1.0748 13.2491 -0.0001 0.0002 1.0000
1.1980 0.0942 -73.3818 0.0179 1.1973 -18.4390 0.0001 0.0002 1.0000
1.0928 0.0555 -38.6934 0.0018 1.1266 -7.8510 0.0000 0.0001 1.0000
1.3366 0.1484 -126.5555 0.0345 1.3022 -36.2584 0.0002 0.0003 1.0000
1.2830 0.0360 -98.3537 0.0375 1.2196 -31.4155 0.0002 0.0001 1.0000
1.5442 0.2213 -203.4085 0.0661 1.4740 -69.0275 0.0003 0.0004 1.0000
1.6929 0.1814 -245.7080 0.0956 1.5110 -79.7971 0.0004 0.0003 1.0000
1.3353 0.1557 -138.5637 0.0225 1.3403 -41.8122 0.0001 0.0003 1.0000
1.9047 0.0445 -299.8328 0.1381 1.5801 -103.5542 0.0006 0.0001 1.0000
1.5220 0.0802 -186.4802 0.0584 1.4028 -56.5622 0.0003 0.0001 1.0000
1.4569 0.0353 -161.6726 0.0558 1.3312 -46.2802 0.0002 0.0001 1.0000
1.5203 0.1592 -201.2055 0.0487 1.4601 -58.7918 0.0002 0.0003 1.0000
1.0391 0.1258 -48.0633 -0.0462 1.1831 6.6743 -0.0001 0.0002 1.0000
1.2436 0.1923 -127.5144 -0.0108 1.3434 -23.3968 -0.0000 0.0003 1.0000
1.4866 0.0258 -187.3905 0.0487 1.3686 -41.8299 0.0002 0.0001 1.0000
1.5740 0.1431 -237.5452 0.0492 1.5151 -60.4087 0.0002 0.0002 1.0000
1.2314 -0.0391 -104.8746 -0.0062 1.1899 1.2775 0.0000 -0.0001 1.0000
1.6456 0.1042 -261.9934 0.0660 1.5360 -65.8475 0.0003 0.0002 1.0000
1.5804 0.0593 -241.7955 0.0632 1.4553 -55.2200 0.0002 0.0001 1.0000
1.7042 0.1188 -291.1319 0.0732 1.5742 -70.0339 0.0003 0.0002 1.0000
1.2984 0.0649 -156.6653 -0.0206 1.3233 -8.4799 0.0000 0.0001 1.0000
1.4811 -0.0514 -205.7940 0.0300 1.3401 -27.2112 0.0002 -0.0001 1.0000
1.8714 0.1199 -361.1225 0.0892 1.6770 -87.4786 0.0004 0.0002 1.0000
1.9259 0.0780 -380.1373 0.0977 1.6764 -89.8428 0.0004 0.0001 1.0000
1.4502 -0.0137 -213.7680 0.0153 1.3757 -32.6303 0.0001 -0.0000 1.0000
1.3204 0.0601 -187.4649 -0.0222 1.3520 -19.3085 -0.0000 0.0001 1.0000
1.3553 0.1202 -211.0441 -0.0258 1.4204 -26.6814 -0.0000 0.0002 1.0000
1.7351 0.2269 -359.1529 0.0277 1.7316 -82.3435 0.0002 0.0004 1.0000
1.4078 0.1478 -245.3863 -0.0244 1.4916 -39.6048 -0.0000 0.0002 1.0000
1.8511 0.2576 -422.1552 0.0410 1.8100 -96.8579 0.0003 0.0004 1.0000
1.6698 0.0174 -329.1347 0.0300 1.5562 -62.1242 0.0002 0.0000 1.0000
2.1466 0.0935 -512.9726 0.1129 1.9089 -133.7661 0.0005 0.0002 1.0000
1.9206 0.0605 -437.3448 0.0631 1.7797 -101.2086 0.0003 0.0001 1.0000
1.8774 0.0338 -423.5676 0.0612 1.7173 -89.8376 0.0003 0.0000 1.0000
1.7571 0.0721 -393.7122 0.0112 1.6885 -65.5922 0.0002 0.0001 1.0000
1.3875 -0.0536 -245.4180 -0.0418 1.3690 -7.7779 -0.0000 -0.0001 1.0000
1.7659 0.1681 -419.0833 0.0002 1.7516 -67.4465 0.0001 0.0002 1.0000
1.9535 0.2029 -496.3366 0.0361 1.9308 -107.5003 0.0002 0.0003 1.0000
2.5570 0.1983 -717.8637 0.1470 2.3061 -189.6567 0.0006 0.0003 1.0000
1.7714 0.0175 -414.9884 0.0131 1.6454 -60.6082 0.0002 -0.0000 1.0000
1.6699 0.0951 -389.3823 -0.0151 1.6811 -60.6693 0.0001 0.0001 1.0000
2.3580 0.1354 -652.1807 0.1023 2.1089 -150.1666 0.0005 0.0002 1.0000
2.4487 0.2382 -704.9657 0.0877 2.2519 -162.5363 0.0005 0.0004 1.0000
1.9099 0.0569 -482.8653 0.0055 1.8326 -89.3986 0.0002 0.0001 1.0000
1.8589 0.1852 -488.1847 -0.0214 1.8819 -88.0008 0.0001 0.0003 1.0000
2.3944 0.2613 -703.7051 0.0607 2.2971 -173.3196 0.0004 0.0004 1.0000
1.8791 0.1979 -505.9274 -0.0222 1.9197 -98.3025 0.0001 0.0003 1.0000
2.0666 0.3536 -605.2858 -0.0218 2.1479 -127.0193 0.0001 0.0005 1.0000
2.3363 0.1994 -685.5304 0.0415 2.2168 -156.4681 0.0004 0.0003 1.0000
2.0951 0.1031 -585.9451 0.0051 1.9913 -114.1261 0.0002 0.0001 1.0000
2.2323 0.1380 -647.5687 0.0127 2.1310 -132.9665 0.0003 0.0002 1.0000
2.5031 -0.0361 -727.3657 0.0791 2.1593 -154.1452 0.0005 -0.0001 1.0000
2.5511 0.2737 -801.9649 0.0453 2.4431 -182.8898 0.0004 0.0004 1.0000
2.5479 0.2389 -797.4740 0.0438 2.4000 -171.0579 0.0004 0.0003 1.0000
2.3541 0.0049 -692.3751 0.0350 2.1094 -129.7943 0.0004 -0.0001 1.0000
3.0352 0.3647 -1020.4897 0.0927 2.8330 -241.1327 0.0006 0.0005 1.0000
2.6289 0.0837 -826.7734 0.0617 2.3444 -167.3103 0.0005 0.0000 1.0000
2.7416 0.1336 -885.3365 0.0622 2.5102 -191.8254 0.0005 0.0002 1.0000
2.5317 0.2346 -830.4637 0.0063 2.4253 -160.8249 0.0003 0.0003 1.0000
2.9109 0.1855 -977.6007 0.0713 2.6309 -206.9065 0.0005 0.0002 1.0000
1.6336 0.0196 -451.6323 -0.1368 1.7127 -19.9765 -0.0002 -0.0000 1.0000
2.5307 0.1028 -830.6959 0.0023 2.3888 -160.2445 0.0003 0.0001 1.0000
2.2223 0.0525 -705.2465 -0.0469 2.1365 -108.7518 0.0001 0.0000 1.0000
2.5210 -0.0243 -824.4617 0.0065 2.2603 -142.8760 0.0003 -0.0001 1.0000
2.6639 0.1990 -930.4296 -0.0158 2.5628 -178.3061 0.0003 0.0002 1.0000
2.5506 0.1571 -887.6696 -0.0332 2.4729 -163.4345 0.0002 0.0002 1.0000
3.1421 0.0246 -1119.5521 0.0942 2.7190 -238.6254 0.0006 -0.0001 1.0000
2.5690 0.1157 -911.4484 -0.0519 2.4471 -147.5814 0.0002 0.0001 1.0000
3.1935 0.2531 -1210.1630 0.0267 3.0249 -258.0886 0.0005 0.0003 1.0000
2.8852 0.1003 -1067.4502 -0.0121 2.6865 -196.5542 0.0004 0.0001 1.0000
2.4437 0.1884 -907.5983 -0.0998 2.4554 -136.8631 0.0001 0.0002 1.0000
2.6473 0.1109 -987.4380 -0.0638 2.5921 -170.8077 0.0002 0.0001 1.0000
3.2237 0.2201 -1265.9409 -0.0102 3.0607 -247.2345 0.0004 0.0002 1.0000
3.9526 0.3783 -1613.7039 0.0852 3.7467 -377.3654 0.0007 0.0005 1.0000
2.9602 0.0916 -1143.3207 -0.0500 2.7910 -192.9062 0.0003 0.0001 1.0000
3.4522 0.1246 -1369.1691 0.0291 3.1921 -278.1606 0.0005 0.0001 1.0000
3.1811 0.3325 -1298.3554 -0.0715 3.2305 -250.0299 0.0002 0.0005 1.0000
3.0644 0.1504 -1224.6056 -0.0558 2.9534 -216.4861 0.0003 0.0001 1.0000
3.7672 0.1506 -1542.9297 0.0384 3.4551 -317.3606 0.0006 0.0001 1.0000
4.1353 0.1370 -1710.9569 0.0864 3.6711 -360.1616 0.0007 0.0001 1.0000
3.1676 0.2453 -1312.0068 -0.0899 3.1135 -227.6267 0.0002 0.0003 1.0000
3.2110 0.1009 -1308.3382 -0.0737 3.0478 -224.5400 0.0003 0.0001 1.0000
3.1006 0.0668 -1261.0031 -0.0663 2.9424 -222.2816 0.0002 -0.0000 1.0000
2.8013 0.1086 -1139.0592 -0.1463 2.7576 -163.1163 0.0000 0.0000 1.0000
3.6332 0.0531 -1507.6542 -0.0170 3.3278 -294.3651 0.0004 -0.0000 1.0000
3.6476 0.0806 -1527.7155 -0.0293 3.3651 -298.6522 0.0004 -0.0000 1.0000
3.8102 0.1482 -1621.3028 -0.0241 3.5716 -336.1483 0.0004 0.0001 1.0000
4.3738 0.2779 -1907.6110 0.0219 4.1323 -438.1886 0.0006 0.0003 1.0000
3.6823 0.1629 -1582.4853 -0.0578 3.5155 -324.6395 0.0003 0.0001 1.0000
4.1933 0.1751 -1825.2194 -0.0153 3.9355 -398.9612 0.0005 0.0001 1.0000
3.8545 0.0127 -1645.1178 -0.0106 3.5198 -343.7314 0.0004 -0.0002 1.0000
4.6806 0.1760 -2064.1076 0.0305 4.3652 -483.1703 0.0006 0.0001 1.0000
4.9005 0.2238 -2186.9189 0.0455 4.5432 -514.6223 0.0007 0.0002 1.0000
4.7990 0.2481 -2151.3196 0.0128 4.5134 -501.8438 0.0006 0.0002 1.0000
4.1509 0.1072 -1830.6313 -0.0401 3.8959 -396.7411 0.0004 0.0000 1.0000
4.5032 0.2240 -2022.0884 -0.0594 4.3288 -453.4442 0.0004 0.0002 1.0000
3.8525 0.1276 -1707.9594 -0.1065 3.7315 -356.2581 0.0002 0.0001 1.0000
3.8400 0.1913 -1721.8568 -0.1299 3.8063 -365.8732 0.0001 0.0002 1.0000
3.9517 0.0903 -1760.5036 -0.0952 3.7911 -380.4844 0.0002 0.0000 1.0000
4.8229 0.1167 -2182.4655 -0.0025 4.4923 -526.7585 0.0005 0.0000 1.0000
4.3123 0.1626 -1960.3185 -0.0874 4.1499 -448.5371 0.0003 0.0001 1.0000
3.9698 0.2323 -1817.6559 -0.1538 4.0123 -409.9244 0.0001 0.0003 1.0000
4.2350 0.1423 -1933.2981 -0.0822 4.1282 -465.1415 0.0002 0.0001 1.0000
4.1211 0.1222 -1883.2359 -0.1102 4.0701 -451.4931 0.0002 0.0001 1.0000
4.2105 0.0388 -1915.2308 -0.0705 4.0707 -475.7049 0.0002 -0.0000 1.0000
4.5309 0.2136 -2112.6239 -0.0877 4.5287 -548.7181 0.0002 0.0003 1.0000
4.1307 0.1762 -1921.2607 -0.1367 4.1679 -475.5535 0.0001 0.0002 1.0000
3.5996 0.0739 -1652.9231 -0.1539 3.6348 -392.3376 -0.0001 0.0000 1.0000
3.5924 0.1437 -1668.5445 -0.1715 3.7139 -403.4832 -0.0001 0.0001 1.0000
3.5843 0.1265 -1665.0813 -0.1776 3.7413 -410.9218 -0.0002 0.0001 1.0000
3.7557 0.1523 -1760.9387 -0.1635 3.8990 -447.8639 -0.0001 0.0002 1.0000
3.5525 0.0943 -1655.3616 -0.1651 3.7451 -431.5539 -0.0002 0.0001 1.0000
3.6579 0.0618 -1706.7711 -0.1537 3.7898 -446.5692 -0.0002 0.0001 1.0000
3.3879 0.0909 -1585.4740 -0.1773 3.6156 -414.6052 -0.0003 0.0001 1.0000
3.3775 0.1169 -1591.8285 -0.1915 3.6704 -423.7356 -0.0003 0.0002 1.0000
3.3413 0.1309 -1578.6941 -0.1965 3.6743 -425.1572 -0.0004 0.0002 1.0000
3.1555 0.0975 -1484.3584 -0.2068 3.4944 -393.9038 -0.0004 0.0001 1.0000
3.1314 0.0843 -1474.2166 -0.2080 3.4950 -397.5357 -0.0004 0.0002 1.0000
2.9946 0.1232 -1416.5492 -0.2348 3.4594 -382.4317 -0.0005 0.0002 1.0000
3.0035 0.1213 -1421.9951 -0.2197 3.4958 -400.8404 -0.0005 0.0002 1.0000
3.0263 0.0886 -1427.7290 -0.2049 3.4964 -410.2965 -0.0005 0.0002 1.0000
2.5731 0.0828 -1201.1295 -0.2600 3.1226 -322.9924 -0.0007 0.0002 1.0000
2.7187 0.0584 -1268.7467 -0.2392 3.2234 -351.5123 -0.0006 0.0001 1.0000
2.8276 0.0967 -1330.2191 -0.2147 3.3925 -400.7734 -0.0006 0.0002 1.0000
2.6037 0.1042 -1220.0630 -0.2409 3.2218 -363.0704 -0.0007 0.0002 1.0000
2.2949 0.0774 -1061.5546 -0.2790 2.9672 -305.8308 -0.0008 0.0002 1.0000
2.2891 0.0697 -1056.6995 -0.2785 2.9987 -317.4158 -0.0008 0.0002 1.0000
2.2192 0.0474 -1019.6135 -0.2713 2.9013 -309.2452 -0.0008 0.0001 1.0000
2.1707 0.0761 -1001.6880 -0.2882 2.9264 -310.7864 -0.0009 0.0001 1.0000
2.0662 0.1005 -955.0921 -0.2992 2.8686 -299.7055 -0.0009 0.0002 1.0000
2.0811 0.1268 -969.1498 -0.3025 2.9306 -314.2683 -0.0009 0.0002 1.0000
2.0215 0.0953 -932.6497 -0.3029 2.8839 -309.2987 -0.0009 0.0002 1.0000
2.0172 0.1002 -933.0170 -0.2985 2.9042 -319.9622 -0.0009 0.0002 1.0000
1.8544 0.1202 -856.6305 -0.3216 2.7952 -292.1576 -0.0010 0.0002 1.0000
1.7361 0.1266 -799.0138 -0.3396 2.7012 -267.8128 -0.0010 0.0002 1.0000
1.6780 0.1052 -765.9538 -0.3412 2.6393 -257.5240 -0.0010 0.0002 1.0000
1.6988 0.1116 -777.6347 -0.3383 2.6781 -268.5263 -0.0010 0.0002 1.0000
1.6977 0.1503 -785.4360 -0.3289 2.7428 -290.7849 -0.0011 0.0002 1.0000
1.6558 0.1303 -759.8515 -0.3277 2.6907 -283.5522 -0.0011 0.0002 1.0000
1.5510 0.1801 -717.7439 -0.3427 2.6552 -272.8285 -0.0011 0.0003 1.0000
1.4294 0.1861 -658.5176 -0.3606 2.5529 -246.9462 -0.0011 0.0003 1.0000
1.4815 0.2105 -688.8187 -0.3522 2.6387 -270.8989 -0.0011 0.0003 1.0000
1.3839 0.1589 -629.0610 -0.3496 2.5168 -251.8570 -0.0011 0.0002 1.0000
1.3577 0.1686 -617.5633 -0.3536 2.5118 -251.2857 -0.0011 0.0002 1.0000
1.3238 0.2322 -614.3381 -0.3558 2.5479 -260.9087 -0.0012 0.0003 1.0000
1.2941 0.2277 -599.0094 -0.3520 2.5269 -261.6495 -0.0012 0.0003 1.0000
1.2425 0.2090 -569.2066 -0.3535 2.4675 -250.9244 -0.0012 0.0003 1.0000
1.1627 0.2132 -529.8865 -0.3597 2.4087 -238.4535 -0.0012 0.0003 1.0000
1.1702 0.2502 -540.6802 -0.3560 2.4628 -253.5484 -0.0012 0.0003 1.0000
1.1207 0.2282 -512.4120 -0.3611 2.3933 -238.6959 -0.0012 0.0003 1.0000
1.1109 0.2570 -514.1800 -0.3550 2.3941 -243.3792 -0.0012 0.0003 1.0000
1.0674 0.2645 -493.2744 -0.3598 2.3778 -239.0310 -0.0012 0.0003 1.0000
1.0490 0.2814 -486.9827 -0.3609 2.3739 -238.1397 -0.0012 0.0004 1.0000
1.0489 0.2763 -485.9074 -0.3544 2.3640 -240.1859 -0.0012 0.0003 1.0000
1.0053 0.2540 -457.6642 -0.3551 2.3038 -227.5488 -0.0012 0.0003 1.0000
1.0086 0.2857 -464.1165 -0.3529 2.3309 -234.0334 -0.0012 0.0003 1.0000
0.9906 0.2709 -448.2305 -0.3485 2.3061 -230.8441 -0.0012 0.0003 1.0000
0.9850 0.3119 -451.3938 -0.3430 2.3100 -233.5169 -0.0012 0.0004 1.0000
0.9538 0.3225 -433.5667 -0.3547 2.2955 -223.1235 -0.0012 0.0004 1.0000
0.9374 0.3054 -418.4265 -0.3464 2.2523 -218.1900 -0.0012 0.0004 1.0000
0.9423 0.2976 -415.1090 -0.3448 2.2313 -212.9267 -0.0012 0.0003 1.0000
0.9634 0.3055 -422.6372 -0.3372 2.2471 -218.8928 -0.0012 0.0003 1.0000
0.9391 0.3570 -416.4910 -0.3502 2.2568 -212.4772 -0.0012 0.0004 1.0000
0.9842 0.2738 -417.5762 -0.3201 2.2078 -217.6543 -0.0011 0.0003 1.0000
1.0257 0.3336 -445.6190 -0.3280 2.2930 -228.3099 -0.0011 0.0004 1.0000
0.9603 0.3209 -406.0202 -0.3291 2.2065 -209.1816 -0.0011 0.0004 1.0000
1.0194 0.2788 -422.4300 -0.3168 2.2012 -212.3045 -0.0011 0.0003 1.0000
0.9892 0.2628 -400.4179 -0.3140 2.1366 -199.6346 -0.0011 0.0003 1.0000
0.9821 0.3125 -402.3123 -0.3233 2.1646 -199.1769 -0.0011 0.0004 1.0000
0.9348 0.2846 -371.3859 -0.3311 2.0708 -175.4268 -0.0011 0.0003 1.0000
0.9922 0.3190 -401.8710 -0.3280 2.1378 -189.5115 -0.0011 0.0004 1.0000
1.0635 0.3008 -427.8617 -0.3045 2.1668 -207.0354 -0.0010 0.0003 1.0000
1.0175 0.2960 -401.7124 -0.3166 2.1123 -189.2230 -0.0010 0.0004 1.0000
1.0747 0.3341 -433.7426 -0.3071 2.1597 -201.4502 -0.0010 0.0004 1.0000
1.1268 0.3119 -451.9874 -0.3097 2.1797 -201.0070 -0.0010 0.0004 1.0000
1.1553 0.3118 -461.7805 -0.2964 2.1876 -205.9910 -0.0009 0.0004 1.0000
1.2148 0.2144 -469.8228 -0.2728 2.1437 -204.6687 -0.0009 0.0002 1.0000
1.2709 0.2778 -507.0437 -0.2859 2.2293 -208.5040 -0.0009 0.0003 1.0000
1.1942 0.2385 -462.8215 -0.2779 2.1139 -187.2596 -0.0009 0.0003 1.0000
1.1563 0.2780 -452.1979 -0.2932 2.0853 -168.0941 -0.0009 0.0004 1.0000
1.1321 0.2392 -433.5330 -0.2884 2.0152 -153.4322 -0.0009 0.0003 1.0000
1.3566 0.2310 -536.5390 -0.2613 2.1691 -186.9123 -0.0008 0.0003 1.0000
1.2483 0.2147 -484.3521 -0.2745 2.0473 -153.7633 -0.0008 0.0003 1.0000
1.4279 0.2772 -581.0059 -0.2566 2.2531 -194.9974 -0.0008 0.0004 1.0000
1.3158 0.2182 -519.7435 -0.2629 2.0958 -160.4850 -0.0008 0.0002 1.0000
1.3773 0.2510 -557.5188 -0.2641 2.1501 -164.0497 -0.0007 0.0003 1.0000
1.4732 0.2689 -606.9195 -0.2637 2.2328 -172.4679 -0.0007 0.0004 1.0000
1.4645 0.2100 -593.5963 -0.2517 2.1677 -164.3318 -0.0007 0.0002 1.0000
1.4897 0.2509 -614.2196 -0.2520 2.1991 -165.5503 -0.0007 0.0003 1.0000
1.3243 0.2056 -532.1481 -0.2688 2.0043 -123.6469 -0.0007 0.0003 1.0000
1.5428 0.2635 -646.6755 -0.2534 2.2334 -166.6208 -0.0007 0.0004 1.0000
1.5145 0.1806 -620.6025 -0.2359 2.1118 -153.4479 -0.0006 0.0002 1.0000
1.6764 0.2140 -703.0098 -0.2272 2.2831 -183.7782 -0.0006 0.0003 1.0000
1.4762 -0.0180 -564.8046 -0.2086 1.8948 -124.5575 -0.0005 -0.0001 1.0000
1.6193 0.2226 -685.7342 -0.2203 2.2033 -174.1157 -0.0006 0.0003 1.0000
1.7176 0.2240 -732.7999 -0.2203 2.2988 -187.4461 -0.0005 0.0003 1.0000
1.7641 0.2772 -764.6253 -0.2173 2.3556 -194.7818 -0.0005 0.0004 1.0000
1.7400 0.2462 -746.3139 -0.2109 2.2935 -183.4381 -0.0005 0.0004 1.0000
1.7250 0.2052 -731.5894 -0.2007 2.2256 -173.1098 -0.0005 0.0003 1.0000
1.8012 0.1639 -759.7367 -0.1849 2.2500 -180.5986 -0.0004 0.0002 1.0000
1.6059 0.1743 -673.5480 -0.2141 2.0823 -137.8234 -0.0005 0.0002 1.0000
1.7892 0.1819 -761.0735 -0.1831 2.2525 -176.8177 -0.0004 0.0003 1.0000
1.8167 0.1720 -772.4013 -0.1739 2.2548 -177.1654 -0.0004 0.0002 1.0000
1.8993 0.1775 -812.3448 -0.1518 2.3161 -194.9431 -0.0004 0.0002 1.0000
1.8341 0.2544 -793.3848 -0.1815 2.3412 -182.6272 -0.0004 0.0004 1.0000
1.7395 0.1410 -725.7572 -0.1721 2.1395 -151.6659 -0.0004 0.0002 1.0000
1.8358 0.1811 -776.5329 -0.1602 2.2477 -172.6611 -0.0004 0.0003 1.0000
1.7383 0.1501 -721.7521 -0.1693 2.1633 -155.9923 -0.0004 0.0002 1.0000
1.8807 0.1231 -777.6317 -0.1372 2.2289 -175.1935 -0.0003 0.0002 1.0000
1.7203 0.1405 -705.5404 -0.1679 2.1043 -142.9683 -0.0004 0.0002 1.0000
1.7568 0.1188 -711.8908 -0.1531 2.1142 -148.5008 -0.0004 0.0002 1.0000
1.8071 0.1064 -724.0792 -0.1319 2.1458 -160.2657 -0.0003 0.0002 1.0000
1.7225 0.1286 -684.2029 -0.1470 2.0919 -144.7452 -0.0004 0.0002 1.0000
1.8060 0.1209 -711.5890 -0.1280 2.1512 -158.7349 -0.0003 0.0002 1.0000
1.7870 0.2300 -714.8528 -0.1498 2.2478 -164.3160 -0.0004 0.0004 1.0000
1.6605 0.0784 -620.9011 -0.1301 1.9832 -130.2029 -0.0004 0.0001 1.0000
1.8137 0.0621 -673.5502 -0.1016 2.1073 -158.5228 -0.0003 0.0001 1.0000
1.7468 0.0554 -630.1077 -0.1089 2.0379 -142.3419 -0.0003 0.0001 1.0000
1.6958 0.0826 -599.8725 -0.1166 2.0060 -133.3676 -0.0003 0.0002 1.0000
1.4949 0.1412 -512.4401 -0.1589 1.8890 -98.1683 -0.0005 0.0002 1.0000
2.0009 0.0470 -694.4522 -0.0481 2.2000 -187.9938 -0.0001 0.0001 1.0000
1.7502 0.0576 -573.2666 -0.0875 2.0246 -147.1830 -0.0003 0.0001 1.0000
1.7226 0.1273 -559.2320 -0.1095 2.0492 -140.0071 -0.0003 0.0002 1.0000
1.6377 0.0892 -500.6091 -0.1120 1.9777 -130.5781 -0.0003 0.0002 1.0000
1.5525 0.1607 -463.9028 -0.1327 1.9332 -112.6136 -0.0004 0.0003 1.0000
1.5759 -0.0022 -425.4479 -0.1072 1.8353 -103.5864 -0.0003 0.0000 1.0000
1.6043 0.0781 -433.8458 -0.1135 1.9137 -109.1568 -0.0003 0.0001 1.0000
1.6016 0.0708 -415.0796 -0.1114 1.8896 -101.9037 -0.0003 0.0001 1.0000
1.4845 0.1674 -369.2763 -0.1497 1.8830 -83.5245 -0.0004 0.0003 1.0000
1.6675 0.0656 -408.9563 -0.1142 1.9215 -98.0763 -0.0003 0.0001 1.0000
1.4114 0.1743 -308.0078 -0.1665 1.8315 -64.5305 -0.0004 0.0003 1.0000
1.3516 0.0681 -250.8664 -0.1696 1.7265 -46.2081 -0.0004 0.0001 1.0000
1.2640 0.1505 -217.2802 -0.1993 1.7200 -32.6899 -0.0005 0.0002 1.0000
1.3145 -0.0123 -196.2021 -0.1793 1.6302 -24.2236 -0.0004 -0.0000 1.0000
1.3936 0.0673 -222.8359 -0.1751 1.7291 -39.4292 -0.0004 0.0001 1.0000
1.8957 0.1187 -405.6542 -0.1052 2.0750 -116.0628 -0.0002 0.0001 1.0000
1.5678 0.0981 -268.4334 -0.1628 1.8561 -61.1523 -0.0004 0.0001 1.0000
1.4593 -0.0841 -191.5513 -0.1746 1.6441 -22.0707 -0.0004 -0.0001 1.0000
1.3270 0.1805 -170.8645 -0.2329 1.7644 -19.6574 -0.0005 0.0002 1.0000
1.5449 0.0508 -221.0114 -0.1998 1.8237 -40.8143 -0.0004 0.0000 1.0000
1.3000 0.0138 -117.4423 -0.2428 1.6546 0.9435 -0.0005 -0.0000 1.0000
1.4560 -0.0110 -164.1174 -0.2193 1.7179 -16.9377 -0.0004 -0.0001 1.0000
1.3898 0.0911 -148.6941 -0.2334 1.7548 -20.6704 -0.0005 0.0001 1.0000
1.2971 0.1935 -126.4838 -0.2622 1.7460 -6.2194 -0.0005 0.0001 1.0000
1.3907 0.1457 -147.1808 -0.2542 1.7935 -15.6798 -0.0005 0.0001 1.0000
1.3942 0.0361 -129.1357 -0.2439 1.7344 -11.2804 -0.0005 -0.0000 1.0000
1.4531 0.0392 -151.2869 -0.2325 1.7620 -20.9209 -0.0004 -0.0000 1.0000
1.7506 0.1861 -280.4199 -0.2092 2.0062 -64.1422 -0.0003 0.0001 1.0000
1.6626 0.2641 -262.6381 -0.2302 2.0048 -58.1240 -0.0004 0.0002 1.0000
1.4007 0.2012 -160.6882 -0.2574 1.8071 -20.7604 -0.0005 0.0001 1.0000
1.4604 0.0481 -159.0910 -0.2389 1.7775 -25.4676 -0.0004 0.0000 1.0000
1.4895 0.1890 -196.4291 -0.2569 1.8733 -33.4146 -0.0005 0.0001 1.0000
1.6898 0.1999 -276.8838 -0.2351 1.9967 -61.4283 -0.0004 0.0002 1.0000
1.8459 0.1405 -331.5304 -0.2333 2.0740 -73.1663 -0.0003 0.0001 1.0000
1.6295 0.1174 -253.7103 -0.2445 1.9160 -47.4947 -0.0004 0.0001 1.0000
1.6293 0.0170 -242.6287 -0.2446 1.8772 -41.3023 -0.0004 -0.0000 1.0000
1.9465 0.2053 -397.7066 -0.2273 2.1640 -89.4554 -0.0003 0.0001 1.0000
2.2281 0.3419 -532.9855 -0.2199 2.4146 -127.0685 -0.0002 0.0003 1.0000
1.8615 0.1175 -370.3002 -0.2351 2.0656 -70.5207 -0.0003 0.0000 1.0000
1.7378 0.2182 -347.8614 -0.2728 2.0591 -52.5539 -0.0004 0.0001 1.0000
2.4561 0.1986 -626.2544 -0.2000 2.4749 -137.0900 -0.0001 0.0001 1.0000
2.0790 0.2772 -502.7844 -0.2564 2.3405 -96.9832 -0.0003 0.0002 1.0000
2.0355 0.2076 -483.5949 -0.2589 2.2507 -78.5862 -0.0003 0.0001 1.0000
1.9467 0.2240 -460.4722 -0.2679 2.2076 -68.5369 -0.0003 0.0001 1.0000
2.1385 0.2097 -539.9293 -0.2554 2.3208 -85.5898 -0.0002 0.0001 1.0000
1.8852 0.1466 -442.2081 -0.2843 2.1568 -52.3938 -0.0003 0.0001 1.0000
2.2471 0.2953 -617.0052 -0.2714 2.4748 -100.0343 -0.0002 0.0002 1.0000
2.5358 0.2675 -731.3595 -0.2455 2.6683 -136.8506 -0.0001 0.0002 1.0000
2.6220 0.4494 -807.5116 -0.2670 2.8505 -155.1738 -0.0001 0.0004 1.0000
2.7818 0.2308 -845.5880 -0.2143 2.8116 -172.2227 -0.0000 0.0001 1.0000
2.8370 0.2569 -881.5771 -0.2149 2.8842 -184.4406 -0.0000 0.0001 1.0000
2.8966 0.3998 -941.2776 -0.2327 3.0500 -205.6291 -0.0001 0.0003 1.0000
2.9700 0.2554 -956.3179 -0.2184 3.0248 -208.8897 -0.0000 0.0002 1.0000
2.9277 0.0599 -916.4458 -0.1929 2.8820 -202.0005 0.0000 -0.0001 1.0000
3.3074 0.2771 -1122.5430 -0.1883 3.2795 -264.6343 0.0001 0.0002 1.0000
2.8034 0.2179 -916.0613 -0.2444 2.9355 -194.8775 -0.0001 0.0001 1.0000
3.1348 0.2471 -1067.5031 -0.2132 3.2000 -251.0461 -0.0000 0.0002 1.0000
3.7026 0.2940 -1318.4593 -0.1609 3.6231 -336.0794 0.0002 0.0002 1.0000
3.9787 0.2749 -1444.8786 -0.1310 3.8174 -382.3099 0.0003 0.0002 1.0000
3.3263 0.2395 -1182.0843 -0.1978 3.4011 -299.2930 0.0000 0.0002 1.0000
3.8074 0.3772 -1421.1118 -0.1798 3.8245 -367.9716 0.0001 0.0003 1.0000
3.7040 0.3424 -1387.4331 -0.2014 3.8079 -362.3714 0.0001 0.0003 1.0000
4.0557 0.2031 -1525.8020 -0.1573 3.9865 -407.6876 0.0002 0.0001 1.0000
4.1813 0.2211 -1598.3058 -0.1359 4.1178 -443.5464 0.0002 0.0001 1.0000
5.2455 0.3028 -2087.5107 -0.0514 4.9259 -600.8025 0.0006 0.0002 1.0000
4.1683 0.2955 -1638.0039 -0.1593 4.2138 -456.6335 0.0001 0.0002 1.0000
5.4334 0.2648 -2199.2184 -0.0436 5.1502 -652.5304 0.0005 0.0002 1.0000
6.2681 0.3926 -2607.8656 0.0110 5.8784 -794.6428 0.0008 0.0004 1.0000
4.9594 0.4290 -2062.1068 -0.1224 4.9693 -607.3808 0.0003 0.0004 1.0000
5.7615 0.3571 -2416.2880 -0.0544 5.6133 -746.2746 0.0005 0.0003 1.0000
6.1188 0.3471 -2593.0176 -0.0230 5.8896 -813.3133 0.0006 0.0003 1.0000
6.3325 0.2621 -2693.0695 -0.0037 6.0406 -859.4278 0.0007 0.0003 1.0000
6.8617 0.4475 -2986.6003 -0.0041 6.6280 -968.6341 0.0007 0.0005 1.0000
7.2468 0.5138 -3195.7127 -0.0035 7.0405 -1054.0734 0.0008 0.0006 1.0000
7.7033 0.3342 -3389.9129 0.0432 7.2781 -1126.8857 0.0010 0.0003 1.0000
8.0064 0.5909 -3599.9959 0.0165 7.7544 -1215.3110 0.0009 0.0007 1.0000
8.4915 0.4885 -3823.7736 0.0381 8.1722 -1317.6656 0.0010 0.0006 1.0000
9.4134 0.4564 -4266.5320 0.1075 8.8278 -1478.8968 0.0013 0.0006 1.0000
9.4101 0.4938 -4298.7442 0.0597 8.9444 -1501.4045 0.0012 0.0006 1.0000
9.7835 0.4525 -4486.7653 0.0712 9.2962 -1595.2564 0.0012 0.0006 1.0000
10.5235 0.7583 -4919.6967 0.0124 10.2125 -1755.4184 0.0013 0.0010 1.0000
14.0882 1.3709 -6745.8279 0.1414 13.6544 -2472.7810 0.0019 0.0018 1.0000
12.6815 0.7432 -5990.0863 0.0971 12.0798 -2189.5783 0.0017 0.0011 1.0000
16.6744 1.1049 -7991.8219 0.2146 15.8209 -2974.1768 0.0025 0.0016 1.0000
24.6173 1.9598 -12006.6220 0.4549 23.2043 -4516.6171 0.0040 0.0027 1.0000
18.6221 1.3542 -9067.9379 0.1692 17.8136 -3397.2140 0.0026 0.0018 1.0000
62.2848 4.5033 -30814.3793 1.5841 57.1817 -11647.7017 0.0114 0.0065 1.0000
33.7215 2.5340 -16719.2899 0.5812 31.9620 -6400.9937 0.0052 0.0037 1.0000
32.8663 1.5320 -16177.0146 0.4587 30.8123 -6152.5876 0.0052 0.0026 1.0000
40.1116 3.4832 -20201.3672 0.4773 39.1356 -7849.9880 0.0057 0.0052 1.0000
52.5189 2.8642 -26296.2698 0.8502 49.7868 -10181.2220 0.0083 0.0049 1.0000
130.3817 9.6646 -66474.2622 2.0240 123.1684 -25320.6348 0.0210 0.0145 1.0000
2643.5333 164.4177 -1351721.2201 60.0749 2465.2673 -521647.0389 0.4545 0.2469 1.0000
1236.6930 85.5106 -637509.2496 22.7918 1170.5128 -246005.1554 0.1995 0.1342 1.0000
-252.3024 -17.5519 131075.4127 -3.8603 -238.5130 50012.7592 -0.0411 -0.0272 1.0000
-97.6363 -4.8284 50617.5113 -1.9573 -90.7258 19416.8471 -0.0170 -0.0087 1.0000
-47.1802 -3.6111 24942.2225 -1.0855 -44.1182 9593.3052 -0.0082 -0.0055 1.0000
-46.3760 -3.6571 24680.3777 -0.7965 -43.7892 9436.4095 -0.0078 -0.0055 1.0000
-44.4341 -3.1447 23699.1159 -0.7332 -41.8159 9055.7778 -0.0074 -0.0050 1.0000
-33.0421 -2.5057 17760.6150 -0.6215 -31.1839 6850.1139 -0.0057 -0.0040 1.0000
-29.3546 -2.2246 15861.7007 -0.6626 -27.6402 6181.4623 -0.0052 -0.0034 1.0000
-25.8672 -1.8693 14023.3439 -0.5120 -24.1743 5396.1381 -0.0046 -0.0031 1.0000
-26.0983 -1.8856 14210.1190 -0.4897 -24.5179 5491.7373 -0.0046 -0.0030 1.0000
-22.3804 -1.4183 12195.1235 -0.5024 -20.7799 4729.4133 -0.0041 -0.0025 1.0000
-24.9057 -1.7910 13674.0219 -0.3983 -23.5060 5278.8772 -0.0042 -0.0030 1.0000
-20.3872 -1.4490 11247.6666 -0.3641 -19.0411 4319.1147 -0.0037 -0.0024 1.0000
-18.4932 -1.4182 10263.5578 -0.3255 -17.4618 3971.7871 -0.0033 -0.0024 1.0000
-18.3406 -1.3973 10220.9152 -0.3368 -17.1576 3918.9325 -0.0033 -0.0022 1.0000
-17.5368 -1.2865 9791.0879 -0.3670 -16.4587 3797.4277 -0.0032 -0.0021 1.0000
-15.7551 -1.1721 8825.2418 -0.3141 -14.8301 3420.1112 -0.0030 -0.0021 1.0000
-16.0622 -1.3661 9058.9647 -0.3464 -15.1085 3503.9938 -0.0030 -0.0022 1.0000
-15.6614 -1.3000 8841.3125 -0.2777 -14.7729 3394.5293 -0.0029 -0.0021 1.0000
-14.8484 -1.1295 8371.4179 -0.3106 -13.8544 3214.2057 -0.0028 -0.0019 1.0000
-14.8539 -1.1573 8388.9005 -0.3141 -13.8621 3219.3532 -0.0029 -0.0019 1.0000
-16.0365 -1.3421 9077.0497 -0.2637 -15.1437 3469.5150 -0.0029 -0.0022 1.0000
-14.2481 -1.2658 8086.1897 -0.2946 -13.3271 3087.6424 -0.0027 -0.0020 1.0000
-14.6224 -1.3477 8300.4877 -0.2786 -13.7671 3170.4873 -0.0027 -0.0022 1.0000
-15.0923 -1.2637 8526.9016 -0.3237 -14.1414 3275.1756 -0.0029 -0.0021 1.0000
-16.3275 -1.3614 9202.3228 -0.3209 -15.3537 3530.7179 -0.0030 -0.0022 1.0000
-15.0860 -1.4160 8523.8375 -0.3185 -14.1290 3256.7159 -0.0029 -0.0022 1.0000
-17.0973 -1.4787 9598.7037 -0.3199 -16.1579 3691.0168 -0.0031 -0.0025 1.0000
-16.0437 -1.4561 9000.1793 -0.3490 -15.0855 3469.4872 -0.0031 -0.0024 1.0000
-17.6485 -1.5534 9850.8906 -0.3261 -16.6091 3772.4279 -0.0033 -0.0026 1.0000
-18.0210 -1.7143 10049.6528 -0.3594 -16.9821 3860.2257 -0.0034 -0.0027 1.0000
-23.1354 -2.2652 12852.6308 -0.3676 -21.9946 4921.5096 -0.0040 -0.0036 1.0000
-18.5928 -1.5575 10246.4540 -0.4432 -17.2317 3934.8284 -0.0037 -0.0026 1.0000
-21.5939 -1.8232 11842.2990 -0.4920 -20.1833 4573.1424 -0.0041 -0.0031 1.0000
-24.7228 -2.2787 13546.1186 -0.5154 -23.2134 5213.5153 -0.0045 -0.0036 1.0000
-28.4324 -2.9746 15584.5265 -0.5461 -27.1109 6034.3845 -0.0050 -0.0046 1.0000
-40.8223 -3.3948 22080.3686 -0.6907 -38.6009 8502.3203 -0.0070 -0.0057 1.0000
-30.1846 -2.6237 16302.8734 -0.7383 -28.3707 6364.1555 -0.0057 -0.0044 1.0000
-80.2327 -6.7063 42966.5307 -1.5737 -76.8478 16886.4880 -0.0130 -0.0115 1.0000
-45.9527 -4.7174 24742.2090 -0.8440 -43.8593 9558.6805 -0.0079 -0.0078 1.0000
-63.9258 -5.6509 34024.9600 -1.3922 -61.0251 13339.1430 -0.0111 -0.0099 1.0000
-68.9505 -5.9206 36552.7588 -1.9210 -64.4863 14242.4102 -0.0124 -0.0098 1.0000
-194.8650 -13.8552 102047.6405 -5.1100 -183.2143 39966.8896 -0.0343 -0.0256 1.0000
-258.4140 -22.5953 135884.1412 -6.0610 -244.5160 52606.5452 -0.0449 -0.0381 1.0000
-1047.0074 -102.6532 550675.2352 -27.2174 -997.8827 214776.5298 -0.1779 -0.1704 1.0000
71.0891 6.5890 -37128.0391 1.5084 68.3861 -14412.7846 0.0110 0.0112 1.0000
37.5693 3.5057 -19526.5407 0.6885 36.3912 -7542.2835 0.0054 0.0060 1.0000
47.1244 4.5043 -24488.2273 1.1653 45.1897 -9484.6855 0.0073 0.0075 1.0000
51.1479 4.0344 -26339.1656 1.5284 48.1947 -10215.9299 0.0088 0.0070 1.0000
36.6979 2.5328 -18747.4403 1.0867 34.7040 -7309.2024 0.0062 0.0049 1.0000
29.5471 1.7938 -14977.1698 0.8867 27.9465 -5861.7173 0.0049 0.0038 1.0000
24.0598 1.7861 -12231.0738 0.6338 22.7444 -4692.2014 0.0039 0.0032 1.0000
16.8374 1.3094 -8526.6656 0.3992 16.2203 -3305.2576 0.0023 0.0024 1.0000
15.7250 1.3955 -7974.7985 0.3614 15.2571 -3092.3255 0.0021 0.0025 1.0000
15.5782 1.2918 -7848.5858 0.3709 15.0555 -3042.0321 0.0022 0.0024 1.0000
12.2622 0.8968 -6115.2385 0.2952 11.8571 -2380.0318 0.0015 0.0017 1.0000
16.6144 1.0872 -8260.6038 0.6006 15.6599 -3246.9544 0.0027 0.0023 1.0000
11.8778 1.0894 -5918.6565 0.2886 11.5000 -2271.9552 0.0015 0.0020 1.0000
11.0509 0.8267 -5435.7186 0.3139 10.6184 -2102.3247 0.0014 0.0016 1.0000
10.5770 0.5871 -5134.8180 0.3503 10.0148 -1989.0600 0.0015 0.0012 1.0000
9.7769 0.6522 -4739.7280 0.3321 9.3852 -1844.9736 0.0012 0.0013 1.0000
9.4822 0.5650 -4554.5330 0.3230 9.0352 -1747.3244 0.0013 0.0012 1.0000
8.8307 0.5484 -4216.2129 0.2882 8.5275 -1620.1428 0.0011 0.0012 1.0000
9.4571 0.5759 -4501.0593 0.3533 9.0232 -1716.2020 0.0013 0.0013 1.0000
6.8323 0.2378 -3164.7200 0.1901 6.5440 -1171.8165 0.0007 0.0006 1.0000
6.4288 0.2521 -2956.8885 0.1665 6.2820 -1099.2419 0.0006 0.0006 1.0000
6.3514 0.4021 -2933.9182 0.1654 6.3050 -1083.4518 0.0005 0.0008 1.0000
4.7283 0.1104 -2103.2208 0.0354 4.7576 -738.5785 0.0002 0.0004 1.0000
4.7693 0.1594 -2122.7413 0.0363 4.7717 -719.2678 0.0002 0.0004 1.0000
4.2028 0.1214 -1839.4940 -0.0079 4.3107 -606.6616 0.0000 0.0003 1.0000
4.9610 0.1440 -2186.6137 0.0977 4.9366 -736.4515 0.0003 0.0004 1.0000
4.7955 0.0031 -2073.3404 0.1190 4.6282 -670.5966 0.0003 0.0001 1.0000
4.9503 0.0683 -2146.0632 0.1279 4.8288 -684.0033 0.0004 0.0003 1.0000
5.3148 0.0957 -2306.4780 0.1916 5.1410 -740.6494 0.0005 0.0003 1.0000
4.6277 -0.0507 -1955.9666 0.1344 4.4415 -593.0770 0.0004 0.0001 1.0000
4.6384 -0.0482 -1952.9022 0.1656 4.4116 -594.3290 0.0004 0.0001 1.0000
4.6286 -0.0344 -1948.3550 0.1519 4.3621 -574.2554 0.0004 0.0001 1.0000
4.5562 -0.0278 -1908.0694 0.1499 4.3608 -585.9731 0.0004 0.0001 1.0000
4.1143 -0.0894 -1693.6544 0.0821 3.9068 -499.2368 0.0003 -0.0000 1.0000
5.5899 0.0353 -2373.1553 0.2454 5.1582 -783.0545 0.0008 0.0002 1.0000
4.6560 0.2469 -1981.7315 0.0983 4.6613 -691.3494 0.0004 0.0005 1.0000
4.4033 0.1495 -1849.3737 0.0536 4.3808 -677.0750 0.0003 0.0003 1.0000
5.2058 0.4720 -2274.8739 0.0299 5.2368 -875.6527 0.0005 0.0008 1.0000
5.0821 0.5336 -2235.9134 -0.0316 5.1506 -908.2134 0.0005 0.0008 1.0000
4.7018 0.5015 -2069.9433 -0.0901 4.8118 -896.3530 0.0003 0.0007 1.0000
5.6428 0.9278 -2592.3644 -0.1724 5.7888 -1146.5167 0.0005 0.0013 1.0000
1.0000 0.0000 0.0000 0.0000 1.0000 0.0000 0.0000 0.0000 1.0000
1.0000 0.0000 0.0000 0.0000 1.0000 0.0000 0.0000 0.0000 1.0000
1.0000 0.0000 0.0000 0.0000 1.0000 0.0000 0.0000 0.0000 1.0000
1.0000 0.0000 0.0000 0.0000 1.0000 0.0000 0.0000 0.0000 1.0000
1.0000 0.0000 0.0000 0.0000 1.0000 0.0000 0.0000 0.0000 1.0000
1.0000 0.0000 0.0000 0.0000 1.0000 0.0000 0.0000 0.0000 1.0000
1.0000 0.0000 0.0000 0.0000 1.0000 0.0000 0.0000 0.0000 1.0000
4.6961 0.7600 -2166.8243 -0.1554 5.0391 -967.3824 0.0003 0.0011 1.0000
6.2255 1.0654 -2920.2486 -0.0481 6.3892 -1196.7180 0.0008 0.0016 1.0000
4.0078 0.4276 -1778.4726 -0.0760 4.2549 -690.0136 0.0002 0.0007 1.0000
4.0787 0.3808 -1799.5582 -0.0259 4.2105 -638.9757 0.0002 0.0006 1.0000
4.6188 0.0029 -1973.2110 0.1334 4.2708 -662.7376 0.0006 0.0000 1.0000
4.2285 0.1489 -1820.0588 0.0753 4.0832 -568.0774 0.0004 0.0003 1.0000
4.6279 0.2702 -2024.5203 0.1419 4.5029 -641.7929 0.0005 0.0005 1.0000
4.3732 0.1104 -1873.3271 0.1548 4.1917 -587.2133 0.0005 0.0003 1.0000
4.0737 0.0023 -1713.8173 0.1463 3.8808 -533.6400 0.0004 0.0002 1.0000
3.7825 0.0108 -1586.7597 0.1450 3.6770 -518.3519 0.0003 0.0002 1.0000
3.8095 -0.0241 -1593.5733 0.1674 3.7012 -545.5709 0.0003 0.0002 1.0000
4.3110 -0.1413 -1801.9377 0.2863 4.0260 -668.6538 0.0005 0.0001 1.0000
4.8037 -0.2526 -2012.1222 0.4177 4.3145 -797.2632 0.0008 -0.0001 1.0000
4.5276 0.1110 -1964.3749 0.2976 4.4702 -797.6420 0.0004 0.0006 1.0000
4.8466 0.0399 -2109.2855 0.3680 4.6763 -890.6489 0.0006 0.0005 1.0000
3.5775 0.0539 -1543.4248 0.1431 3.6165 -618.2550 0.0001 0.0004 1.0000
4.2278 -0.0925 -1833.9025 0.2266 4.0379 -741.9404 0.0004 0.0002 1.0000
4.5930 0.2637 -2100.9947 0.2042 4.5185 -821.7326 0.0004 0.0007 1.0000
5.2790 0.4632 -2483.8706 0.1981 5.1936 -929.8561 0.0006 0.0010 1.0000
5.1026 0.2707 -2383.0001 0.1689 4.8524 -842.8923 0.0007 0.0006 1.0000
4.2874 0.1842 -1994.7600 0.0437 4.1378 -648.5577 0.0004 0.0003 1.0000
5.4465 0.4630 -2621.6583 0.1002 5.2292 -840.4581 0.0008 0.0007 1.0000
4.5158 0.3961 -2173.7880 -0.0090 4.4076 -631.6284 0.0004 0.0006 1.0000
4.8317 0.3040 -2316.2399 0.0186 4.6218 -656.8270 0.0006 0.0004 1.0000
4.3126 0.3142 -2072.6710 -0.0246 4.2112 -551.2840 0.0004 0.0004 1.0000
5.1552 0.3930 -2497.1654 0.0522 4.9106 -662.6701 0.0007 0.0005 1.0000
4.4618 0.1068 -2096.2812 0.0528 4.1558 -527.3429 0.0006 0.0001 1.0000
5.0725 0.2729 -2414.8814 0.1138 4.8200 -634.9549 0.0007 0.0004 1.0000
4.6186 0.0389 -2132.0144 0.1152 4.2576 -536.5963 0.0006 0.0000 1.0000
4.0435 0.0253 -1831.5986 0.0670 3.8123 -450.2401 0.0004 0.0001 1.0000
3.7278 -0.0086 -1653.0647 0.0488 3.5404 -409.8008 0.0003 0.0000 1.0000
3.5681 -0.0464 -1543.2126 0.0541 3.4567 -417.9277 0.0002 0.0001 1.0000
4.1419 -0.1094 -1775.0413 0.2043 3.8686 -573.7049 0.0004 0.0000 1.0000
3.2793 0.0304 -1383.6843 0.0614 3.3400 -461.8805 -0.0000 0.0003 1.0000
3.9055 -0.1140 -1623.1078 0.2172 3.7934 -648.0023 0.0003 0.0002 1.0000
3.5867 0.0561 -1502.9000 0.1822 3.7113 -666.8061 0.0001 0.0004 1.0000
3.3683 -0.0062 -1392.0911 0.1688 3.5318 -670.6730 0.0001 0.0003 1.0000
3.3873 -0.1742 -1373.7957 0.1958 3.3993 -692.9268 0.0001 0.0000 1.0000
3.0780 0.1106 -1302.5170 0.1274 3.3221 -673.5590 -0.0001 0.0005 1.0000
3.4865 0.2103 -1525.6848 0.1418 3.7087 -775.5780 -0.0000 0.0007 1.0000
3.0421 0.1945 -1343.7003 0.0481 3.2885 -652.8147 -0.0002 0.0006 1.0000
2.8592 0.1843 -1286.4691 -0.0127 3.0870 -581.5895 -0.0002 0.0004 1.0000
3.6942 0.4363 -1763.8414 -0.0567 3.8854 -705.3916 0.0000 0.0008 1.0000
3.5646 0.4039 -1734.0584 -0.1472 3.6619 -592.8466 0.0001 0.0005 1.0000
3.3779 0.4890 -1691.3945 -0.2529 3.5382 -487.6959 0.0000 0.0005 1.0000
4.3869 0.8184 -2300.2172 -0.3748 4.4027 -542.2410 0.0004 0.0006 1.0000
3.4911 0.9280 -1904.2290 -0.5410 3.7591 -309.8027 -0.0001 0.0009 1.0000
3.7078 0.8996 -2028.7267 -0.6325 3.7619 -218.3445 0.0002 0.0004 1.0000
3.3639 1.0268 -1892.5437 -0.7607 3.5488 -87.3231 -0.0000 0.0006 1.0000
3.4688 1.1687 -1979.3680 -0.8536 3.6721 -30.4850 0.0000 0.0007 1.0000
3.5236 1.2259 -2011.6761 -0.9132 3.7060 21.6355 0.0001 0.0006 1.0000
2.7616 0.9526 -1552.3738 -0.8524 2.9347 113.6555 -0.0002 0.0003 1.0000
2.8910 1.0111 -1613.7695 -0.8554 3.0710 104.9578 -0.0001 0.0004 1.0000
3.0651 1.0114 -1677.5473 -0.8577 3.2586 86.1645 -0.0001 0.0004 1.0000
3.3002 1.0871 -1782.5443 -0.8466 3.5397 44.6896 0.0000 0.0005 1.0000
2.5384 0.8426 -1334.1379 -0.7352 2.8576 73.6487 -0.0003 0.0004 1.0000
2.8187 0.8687 -1453.2792 -0.6868 3.1520 5.3346 -0.0002 0.0005 1.0000
2.6050 0.6862 -1291.7839 -0.6059 2.9340 -10.7234 -0.0003 0.0004 1.0000
2.3192 0.5381 -1107.7915 -0.5125 2.6893 -35.0623 -0.0004 0.0003 1.0000
1.9850 0.3975 -904.6788 -0.4620 2.3882 -24.7021 -0.0005 0.0002 1.0000
2.5065 0.4372 -1138.4234 -0.3748 2.8830 -144.9777 -0.0003 0.0003 1.0000
1.9419 0.3049 -838.7790 -0.3563 2.3935 -94.7455 -0.0005 0.0003 1.0000
1.9831 0.1806 -818.1912 -0.2819 2.3975 -137.7742 -0.0005 0.0002 1.0000
1.8768 0.2046 -763.1074 -0.2787 2.3968 -148.1077 -0.0006 0.0003 1.0000
1.9815 0.0920 -780.7115 -0.2003 2.4070 -193.4627 -0.0005 0.0001 1.0000
1.8378 0.0524 -698.3984 -0.1835 2.3190 -197.1880 -0.0005 0.0001 1.0000
1.6907 0.1192 -639.5332 -0.1928 2.2876 -197.8550 -0.0006 0.0003 1.0000
1.7565 0.0395 -650.3815 -0.1354 2.3218 -240.7105 -0.0006 0.0002 1.0000
1.8951 0.0239 -710.5473 -0.1171 2.4563 -278.9763 -0.0006 0.0002 1.0000
1.6446 0.0676 -604.9719 -0.1476 2.3077 -247.3578 -0.0007 0.0003 1.0000
1.5979 0.0642 -589.1334 -0.1516 2.2547 -242.5464 -0.0007 0.0002 1.0000
1.8020 0.0444 -682.6158 -0.1169 2.4201 -292.4705 -0.0006 0.0002 1.0000
1.7829 0.1340 -699.6144 -0.1516 2.4573 -286.1539 -0.0007 0.0003 1.0000
1.8296 0.0958 -721.3103 -0.1514 2.4789 -294.9729 -0.0006 0.0003 1.0000
1.7584 0.1187 -702.6928 -0.1772 2.4366 -281.0177 -0.0007 0.0003 1.0000
1.8520 0.1482 -760.9009 -0.1663 2.5097 -304.7507 -0.0007 0.0003 1.0000
1.8100 0.1270 -744.1693 -0.1668 2.4730 -305.3255 -0.0007 0.0002 1.0000
1.8513 0.2113 -788.0310 -0.1802 2.5871 -326.6534 -0.0007 0.0004 1.0000
1.8500 0.0901 -770.1419 -0.1540 2.4714 -322.6969 -0.0007 0.0002 1.0000
1.8192 0.1630 -775.5948 -0.1626 2.5192 -333.3145 -0.0007 0.0003 1.0000
1.8197 0.1925 -786.7822 -0.1693 2.5724 -343.7166 -0.0008 0.0004 1.0000
2.0031 0.2235 -886.7211 -0.1353 2.7489 -397.8929 -0.0007 0.0004 1.0000
