238.037438 482.896007 406.290349 482.896007 406.290349 574.476705 246.556572 574.476705 
237.429412 484.161785 408.448501 482.462919 409.014789 575.900501 245.923738 575.334213 
236.943601 483.231766 408.835355 482.662588 409.973711 574.869424 244.912093 574.300246 
236.943601 483.231766 408.835355 482.662588 409.973711 574.869424 244.912093 574.300246 
236.629413 483.320856 406.955927 480.482081 409.226948 574.729419 244.010228 573.593909 
236.629413 483.320856 406.955927 480.482081 409.226948 574.729419 244.010228 573.593909 
233.450556 480.236124 408.055535 480.806729 408.626139 573.815263 244.292041 574.956472 
235.017835 482.158694 408.481604 480.532471 410.107827 573.769247 244.775172 573.769247 
234.625319 482.554088 410.390474 481.921839 409.125977 574.862406 246.005797 574.862406 
234.625319 482.554088 410.390474 481.921839 409.125977 574.862406 246.005797 574.862406 
235.703578 483.981970 409.709422 483.439895 410.251496 576.134597 246.002989 576.134597 
235.703578 483.981970 409.709422 483.439895 410.251496 576.134597 246.002989 576.134597 
237.265928 484.630019 409.047916 484.630019 410.249189 577.128012 246.876109 577.128012 
237.265928 484.630019 409.047916 484.630019 410.249189 577.128012 246.876109 577.128012 
238.625959 484.719166 411.223494 486.260216 411.737177 577.182132 246.844890 577.182132 
238.625959 484.719166 411.223494 486.260216 411.737177 577.182132 246.844890 577.182132 
239.861185 486.369272 412.891296 485.854301 412.891296 577.519062 248.100714 577.004091 
239.861185 486.369272 412.891296 485.854301 412.891296 577.519062 248.100714 577.004091 
241.560413 486.998928 414.482108 486.998928 412.855885 579.151555 248.065304 576.983258 
241.560413 486.998928 414.482108 486.998928 412.855885 579.151555 248.065304 576.983258 
241.643622 485.846427 414.744556 485.977279 414.322036 578.254295 249.289728 577.599703 
241.643622 485.846427 414.744556 485.977279 414.322036 578.254295 249.289728 577.599703 
241.897876 485.860346 414.709728 487.307428 414.609869 579.444820 250.770829 577.630452 
241.897876 485.860346 414.709728 487.307428 414.609869 579.444820 250.770829 577.630452 
243.149408 486.497164 415.121070 487.129413 416.385568 578.805483 250.736393 576.276488 
243.149408 486.497164 415.121070 487.129413 416.385568 578.805483 250.736393 576.276488 
241.866325 486.528962 415.267855 486.528962 416.379403 578.787469 248.535614 576.564372 
241.866325 486.528962 415.267855 486.528962 416.379403 578.787469 248.535614 576.564372 
240.712517 484.925128 415.888100 487.207546 414.746891 579.645475 248.130376 577.933662 
240.712517 484.925128 415.888100 487.207546 414.746891 579.645475 248.130376 577.933662 
241.951415 484.437515 415.415184 487.147887 415.415184 579.842589 250.082529 579.300514 
241.951415 484.437515 415.415184 487.147887 415.415184 579.842589 250.082529 579.300514 
242.761763 486.358008 416.644085 487.431356 417.180759 580.275929 249.738523 576.519212 
242.761763 486.358008 416.644085 487.431356 417.180759 580.275929 249.738523 576.519212 
244.955688 484.502583 418.419458 485.643792 417.278249 579.222931 250.091129 575.799304 
244.955688 484.502583 418.419458 485.643792 417.278249 579.222931 250.091129 575.799304 
244.819319 481.269599 419.957480 484.071809 417.855822 577.245311 251.824846 575.143653 
244.819319 481.269599 419.957480 484.071809 417.855822 577.245311 251.824846 575.143653 
246.325985 480.042253 420.826642 482.571248 419.562145 577.408562 252.016224 574.247319 
246.325985 480.042253 420.826642 482.571248 419.562145 577.408562 252.016224 574.247319 
247.418105 476.234264 422.677461 478.225847 420.022017 573.157999 252.728995 569.838693 
246.830429 472.120529 422.518066 475.670495 421.930389 570.874078 253.267252 566.760343 
247.418105 472.325867 422.677461 474.317450 420.022017 569.249602 252.728995 565.930296 
247.418105 467.740439 422.677461 469.732023 420.022017 564.664174 252.728995 561.344868 
247.540951 463.456139 425.392981 467.322487 421.526632 563.428863 253.616642 557.905508 
248.824155 459.514697 426.519333 464.838897 423.857233 561.340024 254.148355 556.681348 
248.824155 459.514697 426.519333 464.838897 423.857233 561.340024 254.148355 556.681348 
246.863012 460.556027 426.204489 466.861001 422.701726 562.136160 253.167986 556.531739 
246.863012 460.556027 426.204489 466.861001 422.701726 562.136160 253.167986 556.531739 
244.063679 461.608503 421.864043 467.029246 416.985375 561.892245 250.026496 554.303205 
244.063679 461.608503 421.864043 467.029246 416.985375 561.892245 250.026496 554.303205 
245.928494 461.412135 424.428284 471.304461 419.455659 565.784346 248.590594 553.920112 
247.709776 460.502030 427.273965 471.889107 423.280815 564.397083 252.068451 553.902209 
250.340871 461.412135 430.920742 473.900546 425.405272 566.560450 253.002971 553.920112 
252.310030 464.147079 432.662772 478.350556 426.281236 570.427005 254.972130 556.655056 
258.624290 467.650015 439.201207 479.906367 432.079831 576.569530 260.258470 559.981199 
264.094178 472.208255 442.676888 486.938739 434.472056 579.926836 265.728358 564.539439 
267.839968 476.503074 446.296536 491.988975 439.659721 583.429530 268.577392 568.681054 
272.818395 479.549636 451.274963 495.035537 444.638148 586.476092 273.555819 571.727616 
277.338964 481.131835 452.498421 498.040000 444.210712 587.697945 277.703100 568.108814 
280.553599 477.569963 454.955106 497.583251 443.518942 583.354484 279.600585 563.341196 
280.553599 473.802823 454.955106 493.816110 443.518942 579.587343 279.600585 559.574055 
286.033076 467.295943 460.434583 487.309231 448.998419 573.080464 285.080063 553.067176 
295.622161 459.076728 470.023668 479.090015 458.587504 564.861248 294.669148 544.847961 
308.954428 448.694188 481.511606 473.766598 466.763129 559.307763 305.267309 533.497929 
322.488789 442.447560 495.045966 467.519970 480.297489 553.061135 318.801670 527.251301 
345.364982 432.931081 516.393163 464.575062 499.817745 545.945297 339.925002 516.922510 
365.595003 424.979745 536.753881 457.663350 518.691889 538.512267 356.133960 504.108473 
387.779336 413.776632 557.812950 451.646473 539.750958 532.495390 377.193029 498.091596 
414.178445 408.883641 583.247712 450.322187 558.384584 529.055424 400.058819 490.019367 
431.986745 405.458968 602.904486 451.837709 576.876969 529.920259 417.867119 486.594694 
455.796741 406.405771 619.341196 457.932042 594.261888 533.169966 437.727982 484.703724 
477.994828 411.030411 640.511138 467.070518 610.000413 543.035996 457.069711 488.857524 
495.650565 419.236774 655.097802 483.416794 619.999354 555.619316 471.109090 495.877214 
508.077185 430.293072 663.968995 501.401617 623.856482 567.040274 477.992800 503.224913 
514.995846 437.795079 664.311599 515.192694 622.530585 582.316289 480.749114 509.713216 
517.193665 445.791089 661.043456 532.502467 614.549408 595.406180 482.360446 514.269507 
519.923311 449.212180 658.554083 545.650978 609.581256 605.171799 481.006513 516.786619 
521.701762 454.364048 659.588523 554.745610 606.640007 616.518879 480.887280 519.446599 
528.743388 460.555849 656.100615 573.873697 600.945910 626.019963 478.881655 526.466289 
529.608938 472.671701 652.681419 588.450998 594.335947 641.326582 482.710576 532.209671 
534.824742 484.287952 646.282289 606.330853 585.883507 654.276278 479.641944 540.617306 
534.464276 496.030723 639.259277 624.113501 574.190486 667.264384 475.407803 548.213854 
532.187708 505.377080 629.982676 640.466739 562.852232 680.247743 470.942029 554.254978 
528.743388 520.509576 616.990915 657.894931 551.808082 697.004631 465.121405 564.731503 
522.512599 541.542547 600.953251 682.899137 533.951861 713.131472 457.145390 583.214143 
505.937181 563.391962 577.533036 706.154061 513.491647 734.784329 444.929689 600.674126 
490.607304 586.312880 554.428487 730.884681 490.103295 755.585555 429.380314 619.216148 
466.700843 611.997642 525.531332 754.988413 459.347032 774.598576 408.687445 637.327435 
442.560363 628.544807 492.991314 773.662440 427.636919 792.702697 380.808179 654.274884 
417.721134 641.997603 464.035273 787.957312 398.072712 805.266636 355.823832 665.396610 
399.608089 649.903546 440.166400 792.226346 376.747950 808.449670 335.452215 673.501109 
386.401871 646.315150 427.007300 792.103317 358.026993 808.736867 320.846118 668.819364 
390.169012 635.767157 430.774441 781.555324 364.798534 800.755167 324.613259 658.271370 
407.104046 622.736594 456.001531 766.113963 390.528628 786.833236 344.880475 649.757633 
441.351339 612.076146 492.626030 748.808654 433.799253 772.259869 384.114475 638.309708 
482.469188 599.479063 538.705261 734.259734 481.539666 759.356825 427.627398 627.829480 
526.750924 583.346321 586.379095 717.780743 525.666775 745.426531 469.291050 616.954927 
564.534498 567.667709 627.360907 701.560056 568.139291 728.853496 507.887735 602.170737 
596.624507 552.625516 659.450917 686.517864 600.229301 713.811304 539.977745 587.128544 
622.784400 540.480305 689.807819 671.102590 628.165843 704.369688 566.034644 579.128846 
639.194064 528.628881 706.217484 659.251165 644.575507 692.518264 582.444308 567.277422 
647.052470 519.852446 714.075889 650.474730 652.433913 683.741829 590.302714 558.500987 
644.862462 514.424447 710.995525 640.727754 650.283205 675.962582 588.486737 553.995869 
633.922686 511.689503 700.055748 637.992810 639.343429 673.227638 577.546961 551.260925 
612.540397 511.938134 678.051390 639.822570 617.961139 673.476269 560.365919 552.801624 
584.821832 520.191537 640.593144 641.518602 589.224830 670.382702 533.453518 554.437079 
549.329764 524.550212 605.101076 645.877277 550.089666 675.424265 497.961450 558.795754 
509.917033 532.265188 555.948797 652.738945 508.478540 677.193319 460.648661 562.833156 
468.198287 536.623863 514.230050 657.097620 462.470194 680.259562 418.929915 567.191831 
433.678639 542.296575 470.736759 665.026693 420.927458 684.551939 383.869339 567.798937 
399.431907 547.900586 436.490027 670.630704 384.442553 690.565458 349.622606 573.402948 
378.184640 551.526352 410.461067 672.662572 354.276175 692.984767 323.992120 574.239393 
363.240611 554.017023 394.122977 681.056199 335.592198 697.868231 309.048092 576.730065 
357.845052 565.459827 381.359417 687.121104 324.107051 704.501286 301.615050 585.907100 
354.659743 570.703156 375.037964 694.670666 316.733610 709.954331 297.086557 590.435594 
355.153932 575.545521 369.415122 698.443417 311.112024 711.865713 296.850835 594.001178 
355.153932 575.545521 366.165080 700.229646 307.860726 711.550880 297.671615 591.545802 
361.954429 579.232186 369.184368 702.566438 309.218404 710.221668 304.114918 590.715030 
379.608318 581.128946 383.024738 702.411854 325.287241 708.219768 321.870821 592.061489 
415.310873 580.167290 417.169916 700.540372 365.581453 703.793699 364.651931 589.462508 
474.747350 577.336981 476.606394 697.710064 425.017930 700.963390 424.088408 586.632200 
545.505061 571.110303 552.813060 690.021360 498.864910 695.700113 494.846119 580.405521 
612.527089 558.039818 620.766618 681.632753 563.604885 690.387253 555.365356 573.488935 
664.169740 548.817915 672.409269 672.410851 615.247536 681.165351 607.008007 564.267032 
699.892141 534.985151 711.740743 656.577710 653.497375 672.351956 642.730408 550.434268 
0.000000 0.000000 0.000000 0.000000 0.000000 0.000000 0.000000 0.000000 
0.000000 0.000000 0.000000 0.000000 0.000000 0.000000 0.000000 0.000000 
0.000000 0.000000 0.000000 0.000000 0.000000 0.000000 0.000000 0.000000 
711.335448 506.260707 725.123509 630.353260 673.885587 644.327239 656.156378 528.102422 
673.819346 505.687238 691.480261 624.015372 638.497515 640.351719 623.044213 525.114245 
628.891806 502.528046 649.025250 618.714795 596.174960 637.589898 579.397090 524.339277 
585.860923 500.994196 606.302660 616.830706 555.198317 636.893893 539.299188 523.328686 
544.707027 502.530689 563.281990 617.933800 515.004099 638.602209 497.744290 526.614144 
508.324145 506.985994 525.543538 620.015854 476.976020 642.975044 461.081196 531.711276 
476.830850 510.301078 494.050243 623.330937 445.482725 646.290127 429.587901 535.026359 
452.747179 516.248821 469.966572 629.278681 421.399054 652.237871 404.564889 543.970653 
431.007113 524.173764 452.521580 635.299519 403.954062 658.258709 385.722178 551.344725 
416.816404 530.286105 434.581788 638.586617 388.460119 665.576335 370.694735 559.325674 
405.857913 534.373675 425.864438 643.567960 379.742769 670.557677 361.194504 564.932849 
400.076137 540.828370 422.569637 647.346393 375.423041 676.727604 355.607806 571.501870 
397.942392 547.466527 421.683949 652.916037 375.296251 682.374898 354.411882 579.410101 
397.892719 553.615130 422.713206 658.352130 377.981779 688.900421 355.070561 587.163700 
399.716015 560.908314 424.536502 665.645314 379.805075 696.193605 356.893857 594.456884 
399.664210 565.243394 427.344620 669.673363 384.226164 699.554395 360.039892 601.265501 
401.603791 574.581374 430.278658 672.939250 386.495528 707.780755 361.520644 609.114547 
401.871470 582.795120 431.523993 681.033933 389.963335 715.060474 363.170032 618.094234 
404.480194 591.382833 435.313384 688.750802 394.094277 725.426070 365.857566 628.707221 
406.254707 604.673001 435.781661 701.581977 396.033838 738.301394 367.642537 642.906621 
407.454849 618.197882 438.704700 715.332835 398.340310 752.572241 367.871705 655.697703 
407.072171 634.329212 440.211556 728.141113 399.847166 765.380518 371.050064 673.438929 
409.648092 649.570199 443.470649 744.205032 403.840178 783.152219 373.092398 688.175745 
415.675516 665.392189 449.498074 760.027022 409.867603 798.974209 379.119823 703.997735 
423.682679 679.978472 457.505236 774.613304 417.874765 813.560492 387.126985 718.584017 
432.776939 692.386254 470.075548 790.622090 430.445077 829.569278 397.681114 737.671190 
444.350985 707.492420 479.793737 802.689895 443.472239 842.819292 408.615318 749.379309 
454.625005 717.081505 490.067757 812.278980 453.746259 852.408377 418.889337 758.968394 
465.836850 721.764184 504.070006 819.197064 465.528518 862.055198 431.612009 764.622318 
474.227827 728.635049 512.810595 824.953181 475.893270 868.254704 441.751685 770.271129 
482.559894 730.566859 519.952845 829.148276 483.579702 872.320137 449.586109 774.758528 
488.248602 730.566859 525.641553 829.148276 489.223466 875.403232 455.274817 774.758528 
492.134539 731.387010 529.535347 831.362246 491.774916 875.595894 457.970340 775.261034 
491.301045 729.194424 528.324660 827.924065 491.774916 875.595894 457.970340 775.261034 
488.128827 722.941509 525.312072 825.803603 487.142418 873.201085 454.845019 769.597739 
483.510663 717.459214 518.431672 818.609724 481.102317 866.776633 450.432642 764.082268 
476.367429 708.273682 510.105430 812.213988 471.987654 860.334138 442.629428 756.665562 
468.342815 700.850585 500.326425 805.417440 462.925617 853.966565 434.515388 748.596982 
458.884315 691.073312 490.531860 797.129731 453.131052 845.678856 424.720823 740.309272 
448.588525 680.766534 477.788819 786.942928 441.524045 837.509686 415.473775 731.984014 
437.774970 669.379467 467.368630 777.292659 430.261386 828.132504 404.841464 720.609153 
430.291005 658.705799 456.829247 766.849136 420.670892 819.262164 396.454746 711.118827 
422.254191 648.755633 447.576719 758.393832 409.977517 809.327646 389.225606 702.035855 
415.393146 637.477012 438.744360 747.895474 402.718212 800.798737 380.648139 690.123813 
408.955454 628.045205 430.847019 737.503029 394.463855 792.077776 375.038945 681.386623 
403.911681 616.335544 423.730456 729.127684 387.590338 783.046408 368.937374 668.797004 
397.789914 604.796326 417.569187 720.594981 379.808756 774.178831 363.985338 659.818668 
395.432618 593.041912 413.047244 712.717337 374.863943 768.169490 361.347385 649.458850 
394.269397 585.224628 409.934307 707.759038 371.294195 762.064061 357.021721 641.270196 
394.007306 578.584674 407.953910 702.510214 368.903419 758.695106 356.550712 633.972616 
395.531872 574.246081 407.884579 700.562468 366.841715 755.551936 356.481380 630.430972 
397.583773 571.330215 408.656554 700.102563 366.005840 755.876574 357.803780 625.053711 
400.388646 566.777796 408.656554 700.102563 365.128060 756.597285 361.014325 626.720793 
401.966155 567.087764 409.806409 705.029227 364.354863 759.845635 361.293246 624.743358 
406.044058 567.694557 409.955044 707.707880 363.805401 761.679497 363.023204 624.012765 
407.553643 569.048075 409.861664 712.906588 362.391408 766.490438 363.829901 623.720046 
409.762842 569.103994 410.967015 716.414460 360.391760 768.996669 364.405669 626.502895 
411.964912 568.679364 409.867678 721.357979 357.856282 774.208269 364.567430 625.304675 
412.220781 567.066468 408.936673 723.973825 356.026053 776.519545 364.053871 625.085700 
411.733674 565.205136 405.530360 725.761501 351.525037 777.942320 361.012459 624.683971 
410.531340 560.719054 403.338877 726.524255 347.691926 778.007148 358.669896 619.015860 
411.677597 556.322172 402.512686 726.470744 344.733897 777.873943 357.086604 613.304012 
410.913599 551.506090 400.814501 724.772559 343.035712 776.175758 355.388419 611.605827 
412.405305 544.187552 401.084071 724.761231 341.903588 773.345449 354.667013 605.888276 
412.602283 539.241510 399.882510 723.678219 338.729755 773.578866 355.363304 596.480489 
409.287199 535.097656 396.567426 719.534364 335.414671 769.435012 352.048221 592.336634 
406.394320 528.586328 391.558603 722.591860 329.933316 774.516870 348.192661 591.352823 
403.455938 528.586328 388.620221 722.591860 326.994934 774.516870 345.254278 591.352823 
404.190083 529.930948 387.923450 729.778151 326.575007 779.507571 345.630205 589.420348 
402.486395 531.787357 386.458856 735.337104 324.485704 784.488224 345.855757 593.226257 
401.858391 536.641903 384.228098 743.504009 324.285102 791.693476 345.441453 598.347929 
401.218495 542.885335 385.504572 752.848612 324.449890 800.208786 344.879266 604.567077 
399.632202 548.614815 386.275920 761.246835 324.302768 811.466458 343.001564 612.724972 
398.559948 555.666051 385.239589 773.858194 323.345763 823.772569 342.463561 618.173454 
397.180873 564.699266 386.495847 784.276553 325.591198 832.893422 341.980463 626.722138 
398.124052 573.943806 387.909077 797.883583 326.015251 847.797959 340.928856 640.938920 
399.057879 584.643136 390.974095 812.665750 331.242765 862.810571 343.041546 646.745388 
397.867297 596.158910 396.573316 825.816774 337.100460 875.592968 346.150677 660.327090 
401.909777 606.171731 402.978280 843.379311 342.469379 890.254232 348.484647 670.816139 
405.390502 615.819476 410.504830 856.210358 350.507705 904.838780 351.479689 681.872365 
407.484000 625.234954 419.127889 871.811426 358.502355 921.279258 353.374164 693.043484 
410.069886 632.937197 426.002846 880.824855 367.835960 930.140258 354.459358 701.310798 
410.529535 644.165828 437.565489 891.815173 376.464232 941.561330 356.457625 710.674277 
409.184293 648.658302 444.738566 901.184801 387.304741 947.678849 360.104217 717.055813 
412.789819 653.960393 454.789193 905.331899 396.775229 957.318438 362.117536 722.248869 
408.281601 654.708991 461.190965 905.900046 403.144770 956.754677 359.481703 724.056215 
401.996490 652.388304 466.660853 904.076750 408.614658 954.931381 358.237385 726.231792 
394.655399 649.451867 468.918375 896.979370 413.126082 951.303444 350.896294 723.295356 
387.681356 638.826598 470.134899 881.809071 412.874363 937.562751 343.922251 712.670087 
375.574681 626.303094 470.780597 866.715154 416.670760 925.619533 335.848472 704.385643 
366.553503 610.323431 471.461321 845.215876 418.605464 908.349260 329.790228 690.889757 
358.253369 598.953654 473.079781 827.130952 419.292549 891.857961 318.527160 677.036203 
348.765523 582.556200 474.588017 808.584632 424.108334 874.886305 315.505913 663.700526 
344.287748 573.684225 479.609526 791.717259 427.433176 859.667855 310.222445 655.332808 
343.923664 562.907178 485.111852 777.821635 436.543759 848.183103 312.010188 648.929389 
346.694027 557.208411 495.235008 769.189460 445.488851 835.697909 314.371961 640.914274 
348.954311 552.687843 504.230329 758.193960 456.786188 828.671847 319.640443 639.152319 
352.792196 549.866996 514.139388 748.232634 466.816449 819.217043 326.317938 634.805242 
360.788217 542.826362 525.826380 739.166567 476.892345 808.189003 331.774478 628.231687 
367.613048 540.934357 535.785475 728.661718 488.006555 803.662265 339.453944 625.411670 
371.623947 537.442293 544.233239 722.696208 495.879222 794.516146 345.839551 624.565997 
374.544492 538.907336 548.437950 717.325902 502.089357 791.011873 348.779498 624.654464 
377.521364 542.206153 553.401848 713.576881 508.304288 784.831026 350.462828 622.479810 
377.521364 542.206153 555.053465 711.748225 511.095267 782.857074 354.009356 626.417607 
377.867950 544.720563 556.834701 711.641475 513.813847 781.335258 355.497106 631.622687 
380.918013 554.476609 557.409479 711.357912 515.737883 782.444753 358.039490 635.368531 
383.607631 559.775234 561.368235 714.932996 519.995814 784.748956 360.335644 639.287856 
386.681262 565.698304 564.453384 717.612663 525.020295 789.367956 364.055719 644.564482 
390.399263 573.078083 569.090059 721.442029 528.963166 789.657746 368.455596 649.213622 
396.147382 578.797818 572.675588 721.346416 531.237042 793.449485 372.941797 656.702284 
400.019755 585.567619 575.708624 724.751311 535.581731 792.967028 375.751685 662.784206 
401.848513 586.303874 579.008521 723.016391 539.369980 793.395025 380.815818 663.154106 
403.777073 588.427472 578.989277 719.054427 542.226002 791.016582 382.657745 665.082811 
407.470213 588.773139 576.893547 714.818266 539.841504 785.123887 384.899656 665.042072 
409.744429 589.229181 577.850618 711.476389 541.972446 778.014089 388.674803 663.203940 
411.955268 590.379080 576.965812 704.304034 543.671126 774.764881 391.909301 663.266398 
413.167431 591.219148 575.642817 700.764190 542.744870 767.525966 392.530874 663.056150 
412.582506 593.505125 571.785740 697.159831 542.744870 767.525966 392.530874 663.056150 
410.536099 593.937151 569.440936 694.622544 541.358616 762.431073 392.530874 663.056150 
408.384825 595.440950 567.215973 691.454537 538.966529 758.991302 391.577279 665.903355 
405.166868 597.195707 563.952928 688.712795 536.576021 758.328358 390.305119 666.029073 
402.036603 600.069305 560.435120 689.194253 533.150438 755.562398 386.968040 667.877834 
399.386392 602.216789 558.548415 686.571053 534.270326 753.536410 387.248641 670.459088 
396.218675 603.910381 556.786533 685.688713 534.270326 753.536410 385.444653 672.698368 
394.876450 607.015008 558.548415 686.571053 534.270326 753.536410 384.848322 677.211904 
395.147478 614.331697 558.548415 686.571053 534.270326 753.536410 386.942646 681.793650 
395.189161 616.826568 555.869933 688.240245 537.240278 754.220272 387.426805 684.359067 
399.732404 621.039631 560.224750 688.571748 541.595095 754.551775 392.198123 688.094732 
401.398050 624.830950 565.574090 685.407350 546.944435 751.387377 398.911737 691.132624 
411.794201 627.288861 574.390271 685.532229 558.455814 751.831516 403.300377 694.026053 
419.702848 630.399090 583.488562 683.959348 567.187614 747.610668 412.716727 696.379118 
428.527600 629.295996 593.402878 680.528565 579.062654 744.508022 421.541480 695.276024 
435.449495 625.426465 604.657483 672.539246 591.397148 738.840920 433.930674 694.087290 
446.223517 622.940152 615.805476 665.573734 603.373912 733.532949 444.249896 691.265632 
457.086642 619.548804 629.690553 658.115978 615.148832 725.134347 453.293149 685.302675 
465.130047 611.142412 641.960855 646.941989 627.536070 715.860407 464.595796 677.923825 
473.434140 603.479056 651.766877 635.973683 637.395866 703.971727 472.846464 671.061846 
478.374380 595.713659 656.594382 622.669387 644.614932 689.221888 476.902630 661.935362 
478.338307 586.537112 656.586441 610.769152 644.942552 678.577682 478.984751 654.413740 
476.654876 577.230269 655.421428 596.597520 645.626863 666.666334 476.166643 644.740207 
470.440773 570.111411 650.181192 584.376524 641.051520 652.849065 471.581982 637.442743 
459.972136 559.803031 640.610989 573.763890 631.573656 642.665408 463.498195 630.911879 
447.370564 553.367976 628.339929 563.185515 619.210257 631.658055 453.171960 621.327192 
435.910169 547.729373 615.201237 552.762105 607.023048 623.220349 439.055626 615.671251 
419.478681 544.069896 598.172112 546.460444 593.988654 616.383961 425.455050 615.188687 
402.157368 543.158248 580.995537 544.264517 576.667341 615.472313 408.133737 614.277039 
380.449289 549.045264 559.765179 542.264411 557.504895 616.100366 391.550785 618.202399 
362.216329 556.504202 540.603621 545.261730 541.432392 615.707258 373.317825 625.661337 
345.764610 560.312048 524.277603 548.097222 523.448832 618.542751 356.413010 628.195599 
329.750838 564.387409 508.802125 550.183203 510.171994 620.731472 343.047941 633.060295 
316.125152 569.065711 496.167181 550.851342 500.370496 621.607159 332.237862 637.719870 
302.864817 574.867107 485.233798 551.745464 490.206424 624.677305 318.977528 643.521266 
290.599007 579.093839 474.140053 552.476500 480.521589 626.319989 309.131763 650.934486 
282.438218 582.290691 467.454170 553.007590 474.109420 624.884291 303.069493 652.170817 
275.145033 583.202339 460.160986 553.919238 472.050304 624.104581 297.925534 656.923910 
269.285168 587.493000 455.925754 549.648826 466.576833 622.187980 292.036932 658.388849 
263.679697 585.888170 451.022527 546.125610 463.257161 619.533413 288.913630 657.001979 
259.017247 587.187162 446.322900 542.941732 458.859106 616.684115 283.830949 657.649971 
249.886340 586.568102 442.278994 538.627635 454.320323 613.455888 278.091069 657.678776 
245.624226 585.579544 435.096486 531.962020 449.466709 612.242485 272.500417 656.942581 
234.979824 584.969651 429.082259 531.313694 448.226867 609.715423 267.720561 658.032768 
228.896127 587.459154 423.494052 533.267327 439.505274 608.396906 259.686938 663.820365 
220.069184 592.842640 409.718910 532.802777 430.685212 610.949901 251.518636 665.271681 
212.979401 593.710944 401.998184 533.520605 425.229543 612.718419 243.602555 668.684875 
204.970937 593.710944 393.989721 533.520605 417.221080 612.718419 238.979100 672.620824 
200.904930 596.505587 392.830473 536.386648 416.061832 615.584462 237.006191 675.727800 
200.528394 601.759620 392.572779 537.516575 412.693749 619.163810 236.546042 677.794460 
201.906613 602.635447 391.981368 539.277195 413.100785 621.531767 235.830314 682.829639 
202.652799 604.332282 395.267274 541.625874 417.112036 626.545831 237.041216 685.457890 
204.392926 605.950530 401.052122 540.545057 420.113853 630.052316 238.613022 688.895051 
209.358297 611.437680 402.881479 549.758037 420.885197 633.272715 241.123070 696.028939 
210.269945 617.819216 406.785259 556.408181 425.818614 643.905789 241.665716 705.897854 
207.319642 626.206837 406.224662 564.425732 420.885197 651.354989 240.746160 711.401335 
205.956793 634.358332 400.137819 573.277915 419.282428 660.796124 236.041178 721.876541 
202.536977 644.841886 397.876960 582.185665 415.076707 669.412954 227.108044 729.612068 
194.476195 649.430871 392.904334 590.473375 410.104081 677.700663 222.135418 737.899777 
187.038960 654.870015 384.884135 598.330836 402.205447 690.407285 217.140901 747.841109 
177.132396 662.429673 379.206342 601.840185 395.251347 698.110215 205.719725 756.273358 
165.103158 662.327180 370.038860 606.008971 388.029398 701.437046 195.608854 756.973057 
153.535626 663.554496 363.440156 605.976619 380.820499 705.909683 185.572845 759.961293 
146.239959 658.622489 355.781180 606.625986 370.505370 703.293241 177.006833 758.106540 
136.662679 649.185265 346.149540 597.420654 362.724958 696.044394 164.648709 749.914503 
127.562775 635.676299 341.439403 585.433893 357.484408 688.723612 152.910595 737.861440 
121.545898 621.636920 340.275689 572.462031 353.512818 677.255969 149.440411 726.895203 
117.618883 608.366698 340.522256 562.458048 354.499096 668.040068 143.609567 716.090847 
120.474221 598.609484 343.539824 552.551404 355.280119 661.826457 144.857910 706.078338 
122.833192 585.907246 349.556701 544.528902 361.296995 653.803954 146.900699 699.225094 
131.394852 580.408432 358.405398 539.767098 365.685819 650.186817 155.767013 697.509554 
142.969764 575.575414 366.990205 533.009420 378.370043 649.593028 164.811027 690.848747 
154.453828 572.917586 381.275477 535.023323 387.905644 648.564939 176.569060 688.345943 
169.129449 571.022082 392.995271 533.007132 398.275125 648.107955 184.969012 685.066935 
178.836677 568.595275 406.259224 532.500783 410.368832 648.254738 194.676240 682.640128 
188.602095 564.135610 417.473036 531.439761 420.116388 645.681148 206.810275 682.640128 
200.396625 563.205289 425.618526 531.360462 429.629777 643.675497 212.025300 679.777936 
205.230710 560.993954 433.835633 528.703361 433.835633 644.026835 221.070273 675.038807 
214.076014 559.296892 442.721821 528.278739 439.412539 647.412901 224.309191 672.784066 
221.726838 557.539052 450.372645 526.520900 447.063363 645.655062 231.960015 671.026226 
227.755403 553.434296 457.591800 529.004354 452.619174 643.374741 237.138736 668.237869 
234.132270 554.282828 463.923802 529.960973 459.468795 642.398837 244.365447 667.770002 
237.358601 549.471575 474.523831 530.718975 465.699079 647.646949 247.474167 668.371689 
245.596744 551.020809 478.822116 531.827097 470.713143 647.646949 252.488231 668.371689 
252.191861 553.646784 484.709426 535.869887 476.887452 650.355133 261.153556 670.325888 
257.079964 554.427073 490.441898 539.415486 483.618450 651.320040 265.268102 669.061006 
263.658449 558.540590 493.015778 542.856506 484.123392 657.345978 267.371479 674.019203 
268.794975 561.664974 496.662370 548.326395 487.769984 662.815867 271.018071 679.489091 
271.010978 564.011880 498.878374 550.673300 489.985987 665.162772 273.234074 681.835996 
274.037277 568.815660 506.815807 554.036070 493.267850 669.809519 272.805644 682.125844 
273.879721 569.092105 507.043713 557.906683 496.247370 673.251187 275.785164 685.567512 
275.370786 571.115425 510.130891 559.837467 496.582934 675.610916 276.120728 687.927240 
275.709688 574.928024 510.959661 566.467634 497.411705 682.241083 279.024772 689.298411 
277.155568 574.649679 509.808140 569.635615 496.771573 684.959088 276.816896 692.153972 
276.401268 578.805157 511.360310 573.289687 493.710805 686.908378 277.218021 693.599045 
275.572497 582.120241 510.531539 576.604770 492.882034 690.223462 276.389250 696.914128 
273.848672 583.209407 507.451913 583.060679 489.802408 696.679371 271.113728 700.812000 
271.892015 586.175407 504.544587 588.181032 486.493956 701.498880 269.195518 702.624360 
265.355292 588.251723 499.780822 592.475606 480.773347 703.352546 262.187379 705.464488 
259.541304 588.578952 496.563698 592.679686 474.419737 709.960663 252.980131 705.039783 
252.922740 590.236494 489.593353 596.826742 467.801173 711.618205 246.361566 706.697324 
247.816113 590.533151 484.889911 601.353751 463.341867 714.066596 241.254940 706.993981 
244.383031 590.792926 476.696620 604.520547 455.577203 717.509429 230.655410 708.005691 
235.357716 591.795738 471.784088 609.453762 448.719393 721.768797 221.630095 709.008504 
231.346465 590.792926 466.430902 611.451669 443.366207 724.769517 217.618844 708.005691 
225.410407 590.216758 462.024090 614.484828 433.658979 728.409727 207.911616 711.645901 
220.629069 590.160051 454.623255 619.342172 425.942809 731.857770 202.411100 710.633721 
217.676211 591.197509 452.329643 623.196806 421.041750 735.548787 198.476822 709.238198 
212.609299 594.321368 446.608995 631.168967 413.019537 742.342473 190.966696 712.007385 
210.056749 599.838297 442.160566 638.945891 407.964650 750.358394 186.242737 715.059383 
202.705812 605.207400 435.408198 649.282612 397.044018 758.852219 176.857585 720.987478 
195.962190 614.556254 429.542364 659.937544 388.004904 767.654038 167.932569 728.009481 
191.706432 620.905828 423.762289 674.775938 381.494973 780.858616 159.644860 736.297190 
186.191197 630.189841 420.911543 688.319452 373.946436 790.966853 156.168960 742.371063 
189.013421 638.282259 415.850579 698.630013 370.623721 801.217764 153.197200 749.255798 
194.803877 644.629200 419.294512 708.769381 369.927810 809.899332 157.258404 751.008037 
201.894994 652.153998 423.713275 720.050879 373.373413 815.271297 161.779910 756.105341 
205.783483 658.362245 429.049728 727.526244 378.086781 822.171717 166.944265 760.202256 
216.576432 663.230661 434.989063 737.137965 382.040546 829.797869 171.550902 761.967937 
227.503630 669.632600 441.179333 741.861007 388.011201 830.140170 183.364048 761.924453 
237.080580 672.434806 450.019501 748.141013 395.124892 831.429386 194.394989 765.233735 
249.322210 674.950642 456.606147 751.680056 405.071467 831.845114 204.860232 763.878651 
262.470662 677.267522 467.396036 752.362629 414.099040 832.734892 221.014203 764.091426 
275.212837 676.213522 477.781025 753.430109 427.640384 828.641070 235.419059 760.589709 
286.865775 675.489603 488.598237 750.275935 437.438762 826.062591 248.147007 756.368808 
293.954461 674.528888 495.512772 745.696840 444.957746 817.799910 258.598053 754.465515 
302.063212 671.421897 499.365461 740.813150 450.442698 810.976019 266.964764 748.638483 
303.752548 668.908004 499.044645 734.567823 455.997766 803.831910 269.974985 744.818251 
305.430159 664.889994 499.205779 725.130413 457.190800 794.879104 275.689969 737.693911 
306.734439 659.696280 496.299347 717.709679 458.713202 787.162339 278.136285 732.417301 
306.045534 655.988561 497.338281 708.670790 460.920607 777.229148 282.579614 727.950716 
310.023964 652.683737 497.594170 700.959728 464.092478 769.374683 289.056060 723.792282 
310.653641 647.571733 497.468576 691.541973 468.070065 759.380912 293.274744 717.942366 
313.415853 641.506017 498.303794 681.261713 471.866002 749.635314 296.829584 713.169394 
317.629506 637.396678 503.223601 672.951102 476.555762 740.233428 303.342640 709.568904 
322.793352 634.803760 506.965271 663.958388 483.499351 732.222883 310.635824 704.099016 
325.869530 629.036225 507.456688 653.712900 486.300336 722.471043 315.792744 699.743374 
327.926246 623.630712 507.637700 644.316922 487.597934 713.486439 318.527688 693.361838 
329.823141 617.734250 503.182414 634.397702 487.380861 702.032763 322.491355 685.974409 
329.238356 611.541185 499.664522 624.470067 484.972611 690.289828 323.699504 677.804640 
327.461457 604.366824 495.270039 612.519997 481.708333 679.575099 324.241858 670.533961 
326.508688 596.503088 489.253162 603.494682 477.899283 668.951743 323.500250 662.688734 
324.247456 590.606580 482.658974 594.477874 472.469864 659.574968 322.463516 656.178598 
320.777522 586.869591 476.404656 588.195034 465.856663 649.976139 320.445038 649.222711 
319.646882 583.190090 469.449162 583.033924 461.300894 644.598609 318.253538 645.503972 
319.844324 581.213751 468.091390 579.478162 460.352417 641.584148 319.006966 643.997116 
319.037672 581.239628 463.819775 578.568372 457.944154 638.197027 317.424767 643.846431 
315.720742 580.246845 458.997229 576.361381 452.135658 637.456106 314.859447 641.679990 
311.211069 581.400917 454.460232 574.151013 448.124407 636.453294 310.725386 642.111293 
307.786599 583.388960 449.706152 577.143651 443.524732 638.957852 308.842570 645.691241 
306.285958 588.429067 447.908236 583.319532 439.466032 643.359041 305.230141 649.784927 
299.970241 594.453317 442.825735 588.481422 433.976649 648.950176 300.853301 655.384458 
293.426901 598.216188 436.195567 591.796505 428.430630 652.581556 293.791802 657.695024 
286.322482 600.828285 428.611993 594.524441 420.841065 656.206182 284.858245 660.578406 
276.174217 599.943357 418.779980 597.725915 410.629203 658.808696 274.370440 662.331359 
265.195043 600.187703 409.567979 599.304839 401.178909 661.119040 264.311983 662.884964 
257.350858 601.608707 403.394483 601.963981 393.653518 664.289290 256.490763 662.675442 
251.891269 602.829432 397.664409 607.095962 387.199537 668.062870 249.031824 664.182298 
247.051863 604.777147 392.679371 611.363326 382.651243 676.090334 241.345801 667.885502 
241.336212 609.549619 390.594888 619.884960 377.171766 681.569812 235.866324 673.364980 
238.212642 615.434063 387.631750 631.479068 371.106552 692.421760 228.995705 678.531226 
231.468582 621.518945 383.173114 640.765042 366.191264 700.767581 220.792460 684.735033 
224.537921 626.373839 381.552165 651.064467 358.760965 712.144884 212.815242 689.350747 
221.316649 632.399115 374.544153 662.590002 353.174101 723.300378 206.983516 695.130764 
213.440959 637.019216 371.579345 672.814054 346.469534 732.650200 196.815282 700.345336 
207.631636 643.291724 367.172716 685.537541 340.139600 744.892861 189.198124 706.018650 
199.701166 645.635461 361.579312 695.855083 331.369946 755.425184 177.670674 708.881676 
192.713109 649.793386 356.974549 705.258288 324.980411 763.245615 169.382965 713.025531 
189.409217 653.958236 354.873331 714.628411 318.471226 771.989304 158.918075 715.500241 
183.939329 655.781532 352.427417 724.874506 314.138200 780.485034 153.448186 717.323537 
178.953458 655.302287 350.229647 732.974047 309.070253 789.402249 148.415843 717.705240 
181.916952 653.430469 354.513842 738.598366 310.045648 794.372034 146.632018 716.065734 
183.648243 651.368914 358.567369 747.170119 307.085133 799.822405 143.278019 714.408696 
187.551748 649.165999 362.778783 751.237146 309.887903 805.196528 143.743141 712.207653 
191.087447 641.983530 370.705799 754.957243 313.934480 807.356686 146.051812 706.327849 
198.841745 635.750322 378.239102 757.748278 315.663315 809.373302 148.362062 699.038283 
207.822963 627.581191 389.459988 758.739269 323.660551 811.123827 154.398449 690.176604 
213.597440 617.465860 395.723652 759.908299 327.578620 809.124155 156.412247 681.281221 
217.754177 607.696902 400.680097 758.786967 326.767174 808.252864 156.805604 669.890215 
219.913038 594.101761 406.386495 757.369632 326.767174 808.252864 154.443168 659.575052 
223.594597 580.734818 410.068054 757.263024 328.424715 804.109010 153.977840 644.550179 
227.679601 566.029911 412.862743 753.469501 326.767174 800.780850 154.747760 632.580216 
227.296585 552.638766 415.427583 749.057474 325.938403 796.650071 151.049660 618.111669 
227.105353 536.043176 416.065122 746.550989 323.452090 794.992529 145.885803 604.831162 
229.568702 521.293893 423.034351 747.980916 320.904578 794.573475 141.629771 593.599237 
230.013734 510.875830 422.553793 751.550904 315.345319 799.111676 140.763393 582.075539 
234.569536 499.402430 422.553793 751.550904 314.406349 799.075067 137.133235 570.143854 
237.453765 485.754931 429.790354 757.375304 309.396458 801.421852 133.210270 557.697624 
240.322643 469.644903 433.728983 756.203471 308.587138 803.145404 132.336133 548.380064 
244.498270 458.599382 433.789217 757.096643 305.168445 801.992573 128.011534 538.684013 
241.293893 445.080153 435.120475 758.736087 297.965649 802.698473 120.133588 529.110687 
246.616256 429.352032 437.265336 758.745731 292.531741 806.657541 118.851428 512.199538 
247.791413 413.611911 443.640689 762.319157 289.827355 810.087273 114.996051 501.505244 
257.352842 397.220996 448.897333 765.779016 290.377754 814.655886 110.256784 488.512018 
263.603018 384.586945 458.850673 770.669877 294.489653 818.102923 110.272940 480.556131 
274.515267 374.729008 469.935115 779.248092 292.597758 821.434178 114.270992 470.484733 
284.054009 365.021726 479.411972 780.005724 292.597758 821.434178 116.731730 457.828890 
297.699168 349.946216 489.565927 779.869881 297.705194 826.471447 123.597849 451.209228 
315.858652 335.304867 502.647748 780.063686 302.272126 825.538088 131.188534 442.520314 
335.952552 328.291484 520.185659 780.003767 314.117517 826.403216 140.801928 432.007899 
353.122478 324.188761 532.198353 780.003767 326.130212 826.403216 152.814623 432.007899 
370.270992 316.103053 547.601438 785.003133 329.667001 827.834178 164.641502 423.458719 
389.945819 322.310434 563.736641 796.835878 344.595300 835.023244 180.713740 429.446565 
407.370361 330.746573 580.754184 800.745698 354.352167 839.434650 198.163433 435.350036 
421.243651 334.090010 590.525177 808.562491 360.272398 848.188529 205.072845 433.861151 
433.483284 336.368466 598.382809 817.209939 369.985755 853.114039 213.155347 441.682449 
442.576336 347.370229 606.729008 826.148855 369.985755 855.068238 222.529678 443.798417 
452.719020 348.165706 615.364569 829.673667 378.943804 862.747839 228.261458 444.082678 
460.058128 352.285342 624.246398 836.926513 384.452052 864.894539 230.215656 446.036876 
467.474063 355.543228 629.779539 840.615274 384.476945 870.125360 236.078252 449.945273 
469.318444 350.010086 626.090778 846.148415 384.476945 873.814121 235.082133 447.762248 
467.474063 353.698847 624.316794 841.782443 381.996183 871.095420 229.568702 445.080153 
461.940922 353.698847 614.545802 841.782443 372.225191 871.095420 229.548991 444.073487 
454.563401 350.010086 608.683206 843.736641 366.362595 873.049618 221.751908 445.080153 
446.484733 345.416031 600.866412 839.828244 358.655620 866.436599 210.026718 439.217557 
444.530534 343.461832 593.049618 839.828244 344.866412 867.187023 205.572046 440.384726 
434.759542 343.461832 587.358790 840.615274 343.900576 866.436599 201.883285 436.695965 
430.851145 339.553435 583.670029 840.615274 340.958015 873.049618 194.393130 437.263359 
426.942748 335.645038 583.278626 837.874046 337.049618 871.095420 192.438931 431.400763 
423.034351 333.690840 579.370229 835.919847 333.141221 869.141221 188.530534 429.446565 
419.125954 335.645038 575.461832 837.874046 329.232824 871.095420 184.622137 431.400763 
417.171756 335.645038 573.507634 837.874046 327.278626 871.095420 182.667939 431.400763 
423.034351 331.736641 569.599237 837.874046 321.416031 867.187023 178.759542 425.538168 
423.034351 331.736641 569.599237 837.874046 319.923631 870.125360 178.759542 425.538168 
413.987032 331.566282 570.759366 840.615274 319.923631 873.814121 175.070781 431.071309 
413.263359 333.690840 569.599237 847.645038 321.416031 882.820611 172.373199 431.162824 
413.263359 333.690840 571.553435 857.416031 317.507634 886.729008 172.373199 433.007205 
410.298271 338.943804 571.553435 863.278626 319.461832 890.637405 163.125954 435.309160 
407.400763 339.553435 567.070605 862.747839 311.645038 894.545802 163.125954 439.217557 
404.765130 338.943804 567.645038 875.003817 308.857349 895.946686 157.618156 438.540346 
397.629771 345.416031 567.645038 878.912214 309.690840 906.270992 153.354962 445.080153 
395.675573 355.187023 561.782443 886.729008 299.919847 910.179389 151.400763 454.851145 
393.721374 366.912214 550.057252 888.683206 297.965649 921.904580 149.446565 466.576336 
389.812977 366.912214 553.965649 898.454198 303.828244 919.950382 155.309160 470.484733 
387.858779 380.591603 555.180516 903.941548 305.168588 927.301153 155.309160 478.301527 
382.632565 386.897695 552.315562 903.324207 303.828244 925.812977 157.263359 486.118321 
378.087786 398.179389 547.613154 909.002152 307.736641 925.812977 157.397135 489.824787 
377.532603 404.442307 542.027304 904.248275 309.865769 919.865306 158.905097 493.008704 
375.255043 410.874640 540.286260 900.408397 312.546110 919.923631 161.171756 497.843511 
372.859110 417.331165 534.987215 895.401217 313.599237 916.041985 167.034351 501.751908 
366.777711 424.448613 526.764263 889.291430 316.388246 906.927743 170.258797 507.591231 
359.642762 434.466142 519.812024 882.940076 316.116741 900.195622 174.113366 507.877053 
355.724527 438.983965 511.950381 872.783137 313.599237 886.729008 176.841925 514.568163 
354.659132 441.453193 503.308055 855.906545 316.867033 876.062331 182.667939 515.431298 
346.820611 445.080153 501.202290 847.645038 317.507634 861.324427 184.622137 513.477099 
346.746133 448.785596 489.474293 831.241637 323.189058 849.255871 192.438931 517.385496 
344.866412 456.805344 483.614504 816.377863 323.370229 832.011450 202.209924 515.431298 
350.848997 455.249116 483.614504 802.698473 335.095420 818.332061 213.935115 521.293893 
352.909783 464.273153 482.574635 787.962055 339.659360 810.677065 223.706107 519.339695 
354.473305 469.342063 478.364759 778.550145 347.185573 800.413343 233.477099 525.202290 
355.855175 477.750098 475.797710 771.431298 352.683206 792.927481 239.339695 529.110687 
354.486385 484.433540 471.889313 763.614504 353.445280 783.230576 246.211500 533.365459 
356.525893 492.311334 466.882987 755.710812 354.443684 775.491801 251.374323 540.202149 
354.819224 497.913787 464.135213 751.943323 356.591603 769.477099 257.996491 541.640182 

