260.133943 199.967554 466.190516 210.749584 469.784526 280.233777 262.529950 281.431780 
258.302817 200.650235 468.631455 212.669014 471.035211 283.579812 260.706573 283.579812 
257.100939 204.255869 467.429577 216.274648 471.035211 285.983568 261.908451 288.387324 
257.100939 211.467136 468.631455 219.880282 471.035211 290.791080 263.110329 296.800469 
257.100939 222.284038 467.429577 225.889671 472.237089 298.002347 263.110329 305.213615 
259.504695 236.706573 467.429577 235.504695 473.438967 306.415493 266.715962 319.636150 
259.504695 252.330986 467.429577 246.321596 477.044601 318.434272 270.321596 335.260563 
265.514085 269.157277 471.035211 259.542254 480.650235 328.049296 276.330986 352.086854 
269.119718 289.589202 474.640845 273.964789 486.659624 341.269953 283.542254 367.711268 
272.725352 306.415493 477.044601 282.377934 490.265258 352.086854 289.551643 389.345070 
277.532864 322.039906 483.053991 294.396714 497.476526 360.500000 295.561033 402.565728 
284.744131 338.866197 487.861502 302.809859 504.687793 368.913146 305.176056 418.190141 
294.359155 355.692488 497.476526 313.626761 515.504695 377.326291 319.598592 432.612676 
315.992958 376.124413 510.697183 322.039906 532.330986 383.335681 342.434272 445.833333 
337.626761 390.546948 527.523474 329.251174 552.762911 394.152582 366.471831 463.861502 
353.251174 404.969484 540.744131 337.664319 567.185446 397.758216 384.500000 475.880282 
367.673709 415.786385 551.561033 342.471831 581.607981 404.969484 402.528169 489.100939 
380.894366 429.007042 562.377934 349.683099 592.424883 408.575117 416.950704 501.119718 
390.509390 442.227700 565.983568 353.288732 600.838028 413.382629 428.969484 511.936620 
401.326291 456.650235 574.396714 361.701878 609.251174 419.392019 442.190141 522.753521 
409.739437 467.467136 578.002347 366.509390 615.260563 425.401408 454.208920 533.570423 
419.354460 474.678404 586.415493 370.115023 627.279343 427.805164 463.823944 538.377934 
427.767606 475.880282 594.828638 370.115023 633.288732 426.603286 473.438967 540.781690 
436.180751 474.678404 600.838028 370.115023 638.096244 425.401408 479.448357 538.377934 
440.988263 472.274648 605.645540 368.913146 641.701878 422.997653 483.053991 534.772300 
444.593897 461.457746 610.453052 365.307512 646.509390 421.795775 484.255869 528.762911 
444.593897 449.438967 612.856808 360.500000 646.509390 418.190141 483.053991 517.946009 
445.795775 433.814554 616.462441 352.086854 647.711268 413.382629 479.448357 503.523474 
444.593897 413.382629 617.664319 344.875587 646.509390 404.969484 477.044601 486.697183 
444.593897 398.960094 621.269953 337.664319 646.509390 401.363850 473.438967 472.274648 
446.997653 380.931925 623.673709 328.049296 646.509390 392.950704 473.438967 454.246479 
450.603286 360.500000 627.279343 320.838028 645.307512 383.335681 472.237089 433.814554 
459.016432 346.077465 634.490610 312.424883 651.316901 377.326291 475.842723 418.190141 
468.631455 328.049296 642.903756 305.213615 654.922535 368.913146 481.852113 402.565728 
480.650235 313.626761 653.720657 299.204225 664.537559 364.105634 491.467136 388.143192 
495.072770 299.204225 665.739437 293.194836 671.748826 360.500000 502.284038 376.124413 
509.495305 284.781690 678.960094 284.781690 682.565728 350.884977 515.504695 361.701878 
520.312207 267.955399 688.575117 277.570423 692.180751 342.471831 526.321596 346.077465 
527.523474 249.927230 692.180751 264.349765 693.382629 331.654930 529.927230 329.251174 
520.312207 229.495305 686.171362 245.119718 687.373239 317.232394 522.715962 308.819249 
503.485915 206.659624 675.354460 229.495305 678.960094 304.011737 507.091549 290.791080 
475.842723 181.420188 659.730047 210.265258 656.124413 283.579812 473.438967 266.753521 
445.795775 163.392019 627.279343 195.842723 624.875587 267.955399 445.795775 249.927230 
416.950704 152.575117 597.232394 183.823944 593.626761 258.340376 414.546948 239.110329 
385.701878 146.565728 568.387324 174.208920 568.387324 246.321596 385.701878 233.100939 
355.654930 142.960094 549.157277 168.199531 549.157277 245.119718 359.260563 233.100939 
337.626761 144.161972 526.321596 163.392019 527.523474 240.312207 341.232394 237.908451 
319.598592 152.575117 511.899061 162.190141 516.706573 237.908451 325.607981 245.119718 
307.579812 165.795775 501.082160 164.593897 510.697183 240.312207 319.598592 258.340376 
300.368545 176.612676 495.072770 168.199531 508.293427 245.119718 314.791080 270.359155 
299.166667 192.237089 493.870892 175.410798 510.697183 251.129108 318.396714 284.781690 
303.974178 206.659624 497.476526 181.420188 516.706573 255.936620 329.213615 299.204225 
315.992958 223.485915 509.495305 189.833333 527.523474 260.744131 343.636150 308.819249 
335.223005 240.312207 522.715962 199.448357 544.349765 272.762911 362.866197 322.039906 
358.058685 253.532864 539.542254 210.265258 563.579812 279.974178 383.298122 334.058685 
377.288732 269.157277 557.570423 224.687793 578.002347 290.791080 402.528169 344.875587 
392.913146 283.579812 573.194836 235.504695 594.828638 302.809859 420.556338 360.500000 
408.537559 294.396714 586.415493 246.321596 611.654930 314.828638 436.180751 374.922535 
416.950704 304.011737 597.232394 253.532864 623.673709 323.241784 448.199531 384.537559 
425.363850 313.626761 604.443662 261.946009 627.279343 332.856808 451.805164 392.950704 
426.565728 319.636150 608.049296 269.157277 629.683099 340.068075 453.007042 400.161972 
426.565728 322.039906 608.049296 275.166667 629.683099 342.471831 453.007042 401.363850 
422.960094 318.434272 605.645540 275.166667 627.279343 343.673709 449.401408 398.960094 
416.950704 312.424883 600.838028 272.762911 622.471831 341.269953 443.392019 394.152582 
404.931925 302.809859 594.828638 265.551643 614.058685 337.664319 430.171362 385.739437 
392.913146 289.589202 586.415493 258.340376 604.443662 330.453052 418.152582 374.922535 
382.096244 273.964789 576.800469 248.725352 594.828638 320.838028 404.931925 359.298122 
371.279343 255.936620 568.387324 235.504695 584.011737 308.819249 389.307512 341.269953 
360.462441 231.899061 559.974178 215.072770 575.598592 295.598592 377.288732 318.434272 
352.049296 206.659624 555.166667 195.842723 568.387324 272.762911 367.673709 295.598592 
348.443662 176.612676 555.166667 174.208920 563.579812 249.927230 359.260563 265.551643 
343.636150 147.767606 553.964789 148.969484 557.570423 228.293427 353.251174 236.706573 
343.636150 116.518779 558.772300 128.537559 558.772300 204.255869 349.645540 204.255869 
347.241784 86.471831 563.579812 103.298122 564.781690 185.025822 349.645540 177.814554 
347.241784 60.030516 568.387324 86.471831 567.185446 168.199531 348.443662 152.575117 
349.645540 32.387324 574.396714 70.847418 569.589202 152.575117 348.443662 128.537559 
352.049296 11.955399 580.406103 62.434272 574.396714 144.161972 344.838028 108.105634 
356.394613 -0.495511 587.888910 57.708769 576.882082 137.901367 347.321064 93.264503 
359.460616 -20.063945 592.503960 51.350742 581.803048 133.900628 347.383815 78.275725 
367.615178 -29.605560 599.923050 48.534360 584.388445 130.867767 349.073894 64.195311 
373.103494 -46.124852 607.786081 43.927769 588.059563 125.868693 350.246993 47.035797 
381.613862 -63.246197 615.747081 35.781053 591.817008 117.143298 349.672045 23.196345 
409.117040 -70.205237 622.545705 26.737289 592.923479 110.926771 351.951363 2.145073 
0.000000 0.000000 0.000000 0.000000 0.000000 0.000000 0.000000 0.000000 
0.000000 0.000000 0.000000 0.000000 0.000000 0.000000 0.000000 0.000000 
0.000000 0.000000 0.000000 0.000000 0.000000 0.000000 0.000000 0.000000 
0.000000 0.000000 0.000000 0.000000 0.000000 0.000000 0.000000 0.000000 
0.000000 0.000000 0.000000 0.000000 0.000000 0.000000 0.000000 0.000000 
0.000000 0.000000 0.000000 0.000000 0.000000 0.000000 0.000000 0.000000 
0.000000 0.000000 0.000000 0.000000 0.000000 0.000000 0.000000 0.000000 
0.000000 0.000000 0.000000 0.000000 0.000000 0.000000 0.000000 0.000000 
0.000000 0.000000 0.000000 0.000000 0.000000 0.000000 0.000000 0.000000 
0.000000 0.000000 0.000000 0.000000 0.000000 0.000000 0.000000 0.000000 
0.000000 0.000000 0.000000 0.000000 0.000000 0.000000 0.000000 0.000000 
0.000000 0.000000 0.000000 0.000000 0.000000 0.000000 0.000000 0.000000 
0.000000 0.000000 0.000000 0.000000 0.000000 0.000000 0.000000 0.000000 
0.000000 0.000000 0.000000 0.000000 0.000000 0.000000 0.000000 0.000000 
0.000000 0.000000 0.000000 0.000000 0.000000 0.000000 0.000000 0.000000 
0.000000 0.000000 0.000000 0.000000 0.000000 0.000000 0.000000 0.000000 
0.000000 0.000000 0.000000 0.000000 0.000000 0.000000 0.000000 0.000000 
0.000000 0.000000 0.000000 0.000000 0.000000 0.000000 0.000000 0.000000 
0.000000 0.000000 0.000000 0.000000 0.000000 0.000000 0.000000 0.000000 
0.000000 0.000000 0.000000 0.000000 0.000000 0.000000 0.000000 0.000000 
0.000000 0.000000 0.000000 0.000000 0.000000 0.000000 0.000000 0.000000 
0.000000 0.000000 0.000000 0.000000 0.000000 0.000000 0.000000 0.000000 
0.000000 0.000000 0.000000 0.000000 0.000000 0.000000 0.000000 0.000000 
0.000000 0.000000 0.000000 0.000000 0.000000 0.000000 0.000000 0.000000 
0.000000 0.000000 0.000000 0.000000 0.000000 0.000000 0.000000 0.000000 
0.000000 0.000000 0.000000 0.000000 0.000000 0.000000 0.000000 0.000000 
0.000000 0.000000 0.000000 0.000000 0.000000 0.000000 0.000000 0.000000 
0.000000 0.000000 0.000000 0.000000 0.000000 0.000000 0.000000 0.000000 
0.000000 0.000000 0.000000 0.000000 0.000000 0.000000 0.000000 0.000000 
0.000000 0.000000 0.000000 0.000000 0.000000 0.000000 0.000000 0.000000 
0.000000 0.000000 0.000000 0.000000 0.000000 0.000000 0.000000 0.000000 
0.000000 0.000000 0.000000 0.000000 0.000000 0.000000 0.000000 0.000000 
0.000000 0.000000 0.000000 0.000000 0.000000 0.000000 0.000000 0.000000 
0.000000 0.000000 0.000000 0.000000 0.000000 0.000000 0.000000 0.000000 
0.000000 0.000000 0.000000 0.000000 0.000000 0.000000 0.000000 0.000000 
0.000000 0.000000 0.000000 0.000000 0.000000 0.000000 0.000000 0.000000 
0.000000 0.000000 0.000000 0.000000 0.000000 0.000000 0.000000 0.000000 
0.000000 0.000000 0.000000 0.000000 0.000000 0.000000 0.000000 0.000000 
0.000000 0.000000 0.000000 0.000000 0.000000 0.000000 0.000000 0.000000 
0.000000 0.000000 0.000000 0.000000 0.000000 0.000000 0.000000 0.000000 
0.000000 0.000000 0.000000 0.000000 0.000000 0.000000 0.000000 0.000000 
0.000000 0.000000 0.000000 0.000000 0.000000 0.000000 0.000000 0.000000 
0.000000 0.000000 0.000000 0.000000 0.000000 0.000000 0.000000 0.000000 
37.399808 -38.474968 374.807555 29.006581 356.382503 134.531878 6.031391 62.869150 
3.805210 39.294941 352.808058 71.358807 346.548065 176.213694 2.174714 151.799166 
-10.380502 121.379491 333.491403 120.061974 339.788069 220.808629 8.045730 236.543443 
-7.265297 209.052863 324.799006 167.706335 341.069515 268.945055 14.915695 317.739721 
-0.917168 293.943669 320.773606 219.131862 345.513016 312.380407 28.732419 397.717221 
16.725352 378.528169 324.406103 267.955399 353.251174 353.288732 51.579812 472.274648 
37.157277 453.044601 328.011737 317.232394 364.068075 392.950704 78.021127 538.377934 
58.791080 520.349765 340.030516 366.509390 378.490610 436.218310 106.866197 600.875587 
84.030516 581.645540 346.039906 402.565728 395.316901 474.678404 139.316901 658.565728 
109.269953 622.509390 355.654930 430.208920 408.537559 501.119718 168.161972 698.227700 
128.500000 656.161972 362.866197 450.640845 421.758216 513.138498 190.997653 720.500000 
146.292912 674.272635 370.126251 459.341759 430.974465 518.451452 210.751972 736.652371 
160.884262 681.527537 375.284209 457.038180 439.509705 513.923620 227.204927 740.195818 
169.898720 677.336791 375.932802 447.861706 441.662170 503.134130 239.725567 732.787522 
178.978873 666.978873 378.490610 435.016432 442.190141 486.697183 247.485915 720.500000 
184.988263 651.354460 380.894366 415.786385 445.795775 466.265258 254.697183 703.035211 
192.199531 629.720657 383.298122 395.354460 450.603286 447.035211 263.110329 681.401408 
199.410798 609.288732 388.105634 374.922535 454.208920 427.805164 271.523474 662.171362 
212.631455 588.856808 396.518779 359.298122 465.025822 410.978873 281.138498 641.739437 
223.448357 567.223005 409.739437 344.875587 477.044601 396.556338 295.561033 618.903756 
240.274648 549.194836 425.363850 332.856808 489.063380 384.537559 307.579812 599.673709 
254.697183 532.368545 439.786385 320.838028 502.284038 373.720657 320.800469 582.847418 
269.119718 516.744131 455.410798 312.424883 515.504695 366.509390 330.415493 568.424883 
278.734742 502.321596 471.035211 306.415493 528.725352 360.500000 338.828638 556.406103 
290.753521 489.100939 485.457746 302.809859 539.542254 358.096244 349.645540 544.387324 
301.570423 478.284038 501.082160 299.204225 553.964789 355.692488 358.058685 534.772300 
317.194836 466.265258 516.706573 298.002347 565.983568 354.490610 366.471831 525.157277 
326.809859 456.650235 529.927230 296.800469 575.598592 358.096244 376.086854 515.542254 
336.424883 448.237089 540.744131 301.607981 585.213615 360.500000 380.894366 508.330986 
343.636150 442.227700 553.964789 305.213615 593.626761 365.307512 385.701878 502.321596 
354.453052 435.016432 564.781690 310.021127 603.241784 372.518779 392.913146 498.715962 
366.471831 432.612676 579.204225 316.030516 614.058685 379.730047 401.326291 497.514085 
377.288732 433.814554 592.424883 328.049296 623.673709 390.546948 412.143192 496.312207 
389.307512 433.814554 604.443662 337.664319 634.490610 402.565728 419.354460 498.715962 
401.326291 436.218310 615.260563 350.884977 641.701878 412.180751 426.565728 501.119718 
410.941315 438.622066 626.077465 358.096244 651.316901 424.199531 436.180751 503.523474 
425.363850 438.622066 638.096244 366.509390 659.730047 430.208920 446.997653 503.523474 
439.786385 439.823944 652.518779 376.124413 671.748826 439.823944 460.218310 504.725352 
451.805164 439.823944 665.739437 382.133803 684.969484 443.429577 471.035211 503.523474 
469.833333 435.016432 680.161972 384.537559 698.190141 445.833333 486.659624 501.119718 
486.659624 431.410798 696.988263 384.537559 710.208920 444.631455 501.082160 496.312207 
507.091549 426.603286 710.208920 382.133803 724.631455 442.227700 519.110329 487.899061 
521.514085 416.988263 727.035211 378.528169 739.053991 439.823944 534.734742 481.889671 
538.340376 409.776995 741.457746 372.518779 753.476526 433.814554 550.359155 472.274648 
552.762911 398.960094 755.880282 367.711268 766.697183 427.805164 563.579812 462.659624 
565.983568 391.748826 770.302817 364.105634 778.715962 424.199531 576.800469 454.246479 
581.607981 384.537559 785.927230 360.500000 793.138498 420.593897 588.819249 447.035211 
592.424883 377.326291 796.744131 355.692488 802.753521 418.190141 599.636150 442.227700 
599.636150 372.518779 803.955399 356.894366 809.964789 419.392019 605.645540 438.622066 
603.241784 371.316901 806.359155 359.298122 813.570423 422.997653 606.847418 436.218310 
600.838028 372.518779 807.561033 362.903756 809.964789 424.199531 604.443662 436.218310 
597.232394 372.518779 803.955399 366.509390 806.359155 429.007042 600.838028 437.420188 
590.021127 373.720657 796.744131 371.316901 799.147887 432.612676 592.424883 439.823944 
585.213615 376.124413 793.138498 373.720657 794.340376 437.420188 587.617371 443.429577 
580.406103 377.326291 789.532864 377.326291 791.936620 438.622066 581.607981 443.429577 
580.406103 377.326291 788.330986 374.922535 791.936620 438.622066 582.809859 443.429577 
582.809859 377.326291 790.734742 372.518779 794.340376 436.218310 582.809859 444.631455 
584.011737 378.528169 793.138498 371.316901 796.744131 432.612676 588.819249 444.631455 
590.021127 377.326291 800.349765 365.307512 803.955399 427.805164 594.828638 443.429577 
598.434272 370.115023 807.561033 354.490610 812.368545 419.392019 603.241784 437.420188 
605.645540 364.105634 814.772300 344.875587 820.781690 410.978873 610.453052 432.612676 
609.251174 355.692488 823.185446 332.856808 830.396714 396.556338 618.866197 424.199531 
617.664319 348.481221 826.791080 318.434272 835.204225 382.133803 626.077465 414.584507 
618.866197 341.269953 830.396714 306.415493 842.415493 370.115023 629.683099 410.978873 
618.866197 336.462441 834.002347 294.396714 847.223005 361.701878 633.288732 406.171362 
617.664319 331.654930 832.800469 285.983568 848.424883 354.490610 632.086854 402.565728 
611.654930 331.654930 829.194836 277.570423 846.021127 344.875587 629.683099 400.161972 
605.645540 329.251174 823.185446 271.561033 843.617371 338.866197 624.875587 398.960094 
597.232394 328.049296 815.974178 265.551643 837.607981 332.856808 618.866197 400.161972 
586.415493 326.847418 809.964789 260.744131 830.396714 328.049296 611.654930 396.556338 
578.002347 326.847418 800.349765 257.138498 823.185446 324.443662 603.241784 400.161972 
568.387324 326.847418 789.532864 252.330986 814.772300 320.838028 591.223005 400.161972 
556.368545 326.847418 781.119718 251.129108 806.359155 318.434272 582.809859 398.960094 
543.147887 323.241784 770.302817 246.321596 796.744131 316.030516 574.396714 396.556338 
533.532864 320.838028 761.889671 240.312207 788.330986 311.223005 562.377934 395.354460 
523.917840 314.828638 753.476526 235.504695 779.917840 307.617371 553.964789 391.748826 
515.504695 308.819249 746.265258 229.495305 773.908451 301.607981 544.349765 386.941315 
514.302817 301.607981 743.861502 221.082160 770.302817 294.396714 541.946009 377.326291 
513.100939 290.791080 742.659624 213.870892 766.697183 284.781690 539.542254 365.307512 
514.302817 277.570423 745.063380 205.457746 767.899061 275.166667 540.744131 353.288732 
519.110329 261.946009 748.669014 193.438967 772.706573 264.349765 546.753521 338.866197 
525.119718 242.715962 753.476526 179.016432 775.110329 251.129108 550.359155 323.241784 
531.129108 228.293427 759.485915 166.997653 782.321596 240.312207 557.570423 307.617371 
540.744131 213.870892 765.495305 156.180751 787.129108 230.697183 564.781690 291.992958 
549.157277 200.650235 772.706573 147.767606 791.936620 219.880282 571.992958 281.176056 
559.974178 188.631455 779.917840 139.354460 799.147887 212.669014 581.607981 269.157277 
570.791080 177.814554 789.532864 130.941315 807.561033 205.457746 593.626761 257.138498 
585.213615 165.795775 799.147887 123.730047 818.377934 197.044601 605.645540 246.321596 
599.636150 156.180751 809.964789 117.720657 827.992958 188.631455 621.269953 236.706573 
615.260563 147.767606 819.579812 111.711268 838.809859 183.823944 635.692488 227.091549 
628.481221 141.758216 834.002347 106.903756 850.828638 176.612676 648.913146 219.880282 
645.307512 135.748826 842.415493 104.500000 860.443662 174.208920 666.941315 213.870892 
659.730047 132.143192 853.232394 103.298122 868.856808 174.208920 677.758216 210.265258 
668.143192 132.143192 859.241784 104.500000 873.664319 175.410798 686.171362 211.467136 
675.354460 133.345070 861.645540 109.307512 874.866197 179.016432 692.180751 211.467136 
678.960094 132.143192 862.847418 110.509390 873.664319 180.218310 694.584507 211.467136 
681.363850 130.941315 862.847418 111.711268 872.462441 181.420188 694.584507 209.063380 
681.363850 128.537559 859.241784 111.711268 868.856808 181.420188 692.180751 206.659624 
678.960094 127.335681 855.636150 112.913146 864.049296 181.420188 690.978873 205.457746 
675.354460 123.730047 849.626761 112.913146 858.039906 181.420188 687.373239 203.053991 
671.748826 121.326291 843.617371 112.913146 850.828638 181.420188 682.565728 201.852113 
669.345070 115.316901 836.406103 110.509390 844.819249 181.420188 677.758216 195.842723 
665.739437 110.509390 832.800469 108.105634 840.011737 176.612676 675.354460 189.833333 
663.335681 103.298122 829.194836 103.298122 835.204225 173.007042 670.546948 182.622066 
659.730047 96.086854 826.791080 99.692488 831.598592 170.603286 668.143192 177.814554 
659.730047 91.279343 823.185446 94.884977 829.194836 165.795775 666.941315 171.805164 
658.528169 85.269953 821.983568 91.279343 826.791080 162.190141 665.739437 166.997653 
660.931925 80.462441 823.185446 87.673709 826.791080 158.584507 666.941315 162.190141 
663.335681 76.856808 824.387324 86.471831 827.992958 158.584507 668.143192 159.786385 
665.739437 75.654930 825.589202 86.471831 829.194836 157.382629 671.748826 157.382629 
668.143192 76.856808 827.992958 86.471831 831.598592 158.584507 674.152582 158.584507 
671.748826 78.058685 831.598592 87.673709 835.204225 160.988263 677.758216 162.190141 
676.556338 78.058685 836.406103 87.673709 838.809859 160.988263 680.161972 162.190141 
678.960094 75.654930 840.011737 86.471831 842.415493 159.786385 683.767606 159.786385 
682.565728 73.251174 843.617371 84.068075 847.223005 159.786385 688.575117 159.786385 
686.171362 73.251174 848.424883 85.269953 849.626761 158.584507 692.180751 160.988263 
689.776995 74.453052 850.828638 84.068075 854.434272 158.584507 694.584507 159.786385 
693.382629 74.453052 854.434272 85.269953 859.241784 159.786385 698.190141 163.392019 
695.786385 74.453052 859.241784 84.068075 864.049296 162.190141 701.795775 164.593897 
700.593897 74.453052 864.049296 84.068075 868.856808 162.190141 707.805164 165.795775 
704.199531 74.453052 871.260563 84.068075 876.068075 163.392019 711.410798 166.997653 
709.007042 75.654930 877.269953 84.068075 882.077465 163.392019 718.622066 169.401408 
713.814554 75.654930 882.077465 82.866197 889.288732 163.392019 722.227700 170.603286 
718.622066 74.453052 888.086854 81.664319 894.096244 163.392019 727.035211 170.603286 
723.429577 73.251174 894.096244 81.664319 900.105634 163.392019 731.842723 169.401408 
727.035211 70.847418 896.500000 80.462441 904.913146 162.190141 737.852113 170.603286 
730.640845 70.847418 902.509390 80.462441 909.720657 163.392019 741.457746 171.805164 
735.448357 73.251174 908.518779 81.664319 915.730047 165.795775 746.265258 174.208920 
740.255869 75.654930 913.326291 82.866197 920.537559 168.199531 751.072770 177.814554 
745.063380 81.664319 916.931925 87.673709 925.345070 173.007042 755.880282 183.823944 
749.870892 87.673709 922.941315 92.481221 931.354460 179.016432 761.889671 191.035211 
754.678404 93.683099 926.546948 98.490610 937.363850 186.227700 766.697183 200.650235 
759.485915 104.500000 931.354460 108.105634 939.767606 195.842723 771.504695 211.467136 
763.091549 114.115023 936.161972 116.518779 945.776995 204.255869 775.110329 221.082160 
767.899061 123.730047 939.767606 123.730047 950.584507 212.669014 782.321596 229.495305 
773.908451 133.345070 945.776995 132.143192 956.593897 219.880282 789.532864 236.706573 
782.321596 141.758216 952.988263 141.758216 962.603286 228.293427 797.946009 246.321596 
793.138498 153.776995 958.997653 150.171362 969.814554 236.706573 806.359155 257.138498 
800.349765 162.190141 966.208920 160.988263 977.025822 246.321596 814.772300 266.753521 
808.762911 169.401408 972.218310 165.795775 983.035211 254.734742 823.185446 272.762911 
815.974178 180.218310 978.227700 175.410798 989.044601 264.349765 830.396714 281.176056 
821.983568 187.429577 980.631455 187.429577 991.448357 272.762911 834.002347 290.791080 
824.387324 198.246479 980.631455 197.044601 990.246479 283.579812 836.406103 298.002347 
824.387324 207.861502 979.429577 207.861502 986.640845 291.992958 832.800469 307.617371 
821.983568 219.880282 972.218310 221.082160 980.631455 302.809859 831.598592 316.030516 
815.974178 228.293427 966.208920 231.899061 974.622066 316.030516 825.589202 325.645540 
805.157277 234.302817 957.795775 241.514085 962.603286 323.241784 813.570423 332.856808 
791.936620 247.523474 946.978873 252.330986 949.382629 331.654930 797.946009 340.068075 
781.119718 252.330986 928.950704 259.542254 933.758216 336.462441 787.129108 342.471831 
767.899061 253.532864 909.720657 265.551643 910.922535 342.471831 772.706573 344.875587 
748.669014 254.734742 890.490610 269.157277 891.692488 344.875587 751.072770 342.471831 
730.640845 254.734742 873.664319 271.561033 871.260563 344.875587 730.640845 341.269953 
713.814554 253.532864 855.636150 272.762911 854.434272 346.077465 715.016432 338.866197 
707.805164 253.532864 838.809859 275.166667 834.002347 347.279343 705.401408 335.260563 
701.795775 253.532864 826.791080 277.570423 821.983568 349.683099 699.392019 335.260563 
698.190141 255.936620 819.579812 282.377934 814.772300 349.683099 690.978873 335.260563 
694.584507 259.542254 814.772300 287.185446 808.762911 354.490610 688.575117 337.664319 
694.584507 261.946009 811.166667 288.387324 806.359155 355.692488 687.373239 340.068075 
694.584507 265.551643 808.762911 293.194836 801.551643 360.500000 686.171362 341.269953 
690.978873 269.157277 806.359155 296.800469 799.147887 362.903756 683.767606 346.077465 
688.575117 276.368545 802.753521 301.607981 796.744131 366.509390 681.363850 349.683099 
684.969484 282.377934 799.147887 308.819249 790.734742 372.518779 676.556338 355.692488 
677.758216 282.377934 793.138498 311.223005 785.927230 372.518779 670.546948 356.894366 
670.546948 284.781690 785.927230 312.424883 779.917840 377.326291 662.133803 359.298122 
663.335681 287.185446 779.917840 312.424883 772.706573 374.922535 656.124413 359.298122 
657.326291 285.983568 773.908451 312.424883 766.697183 376.124413 648.913146 358.096244 
648.913146 287.185446 765.495305 312.424883 759.485915 373.720657 642.903756 358.096244 
640.500000 288.387324 758.284038 314.828638 752.274648 374.922535 632.086854 359.298122 
629.683099 290.791080 749.870892 316.030516 743.861502 377.326291 621.269953 360.500000 
620.068075 290.791080 740.255869 316.030516 734.246479 377.326291 611.654930 362.903756 
608.049296 294.396714 733.044601 319.636150 725.833333 379.730047 599.636150 365.307512 
597.232394 296.800469 723.429577 323.241784 717.420188 385.739437 590.021127 370.115023 
588.819249 300.406103 717.420188 326.847418 710.208920 390.546948 579.204225 373.720657 
580.406103 310.021127 706.603286 334.058685 701.795775 396.556338 574.396714 382.133803 
576.800469 319.636150 704.199531 338.866197 698.190141 403.767606 569.589202 390.546948 
570.791080 326.847418 704.199531 348.481221 696.988263 409.776995 565.983568 396.556338 
569.589202 331.654930 700.593897 354.490610 695.786385 414.584507 563.579812 402.565728 
559.974178 337.664319 698.190141 356.894366 692.180751 416.988263 555.166667 407.373239 
546.753521 335.260563 684.969484 355.692488 680.161972 416.988263 540.744131 407.373239 
532.330986 335.260563 672.950704 354.490610 669.345070 416.988263 528.725352 406.171362 
519.110329 336.462441 662.133803 354.490610 657.326291 415.786385 514.302817 406.171362 
508.293427 332.856808 651.316901 352.086854 645.307512 414.584507 502.284038 403.767606 
496.274648 330.453052 642.903756 350.884977 638.096244 412.180751 493.870892 401.363850 
492.669014 326.847418 636.894366 348.481221 632.086854 410.978873 486.659624 398.960094 
487.861502 324.443662 633.288732 346.077465 628.481221 407.373239 483.053991 395.354460 
489.063380 318.434272 634.490610 342.471831 628.481221 403.767606 483.053991 390.546948 
493.870892 317.232394 640.500000 338.866197 634.490610 400.161972 486.659624 388.143192 
501.082160 312.424883 646.509390 335.260563 642.903756 397.758216 493.870892 383.335681 
508.293427 308.819249 656.124413 330.453052 650.115023 392.950704 501.082160 380.931925 
517.908451 304.011737 663.335681 325.645540 658.528169 388.143192 513.100939 376.124413 
528.725352 300.406103 674.152582 319.636150 670.546948 382.133803 522.715962 371.316901 
538.340376 293.194836 686.171362 314.828638 682.565728 376.124413 533.532864 365.307512 
547.955399 288.387324 696.988263 307.617371 692.180751 371.316901 545.551643 360.500000 
559.974178 283.579812 706.603286 301.607981 701.795775 362.903756 556.368545 353.288732 
567.185446 278.772300 717.420188 296.800469 713.814554 359.298122 564.781690 349.683099 
576.800469 275.166667 727.035211 293.194836 722.227700 355.692488 574.396714 346.077465 
585.213615 270.359155 734.246479 289.589202 731.842723 350.884977 582.809859 342.471831 
593.626761 269.157277 741.457746 285.983568 740.255869 347.279343 590.021127 338.866197 
599.636150 265.551643 748.669014 283.579812 746.265258 344.875587 597.232394 336.462441 
605.645540 263.147887 754.678404 281.176056 752.274648 343.673709 604.443662 335.260563 
611.654930 264.349765 759.485915 281.176056 758.284038 342.471831 609.251174 334.058685 
0.000000 0.000000 0.000000 0.000000 0.000000 0.000000 0.000000 0.000000 
0.000000 0.000000 0.000000 0.000000 0.000000 0.000000 0.000000 0.000000 
0.000000 0.000000 0.000000 0.000000 0.000000 0.000000 0.000000 0.000000 
0.000000 0.000000 0.000000 0.000000 0.000000 0.000000 0.000000 0.000000 
0.000000 0.000000 0.000000 0.000000 0.000000 0.000000 0.000000 0.000000 
0.000000 0.000000 0.000000 0.000000 0.000000 0.000000 0.000000 0.000000 
0.000000 0.000000 0.000000 0.000000 0.000000 0.000000 0.000000 0.000000 
0.000000 0.000000 0.000000 0.000000 0.000000 0.000000 0.000000 0.000000 
0.000000 0.000000 0.000000 0.000000 0.000000 0.000000 0.000000 0.000000 
0.000000 0.000000 0.000000 0.000000 0.000000 0.000000 0.000000 0.000000 
0.000000 0.000000 0.000000 0.000000 0.000000 0.000000 0.000000 0.000000 
0.000000 0.000000 0.000000 0.000000 0.000000 0.000000 0.000000 0.000000 
663.335681 255.936620 807.561033 272.762911 803.955399 335.260563 658.528169 326.847418 
664.537559 253.532864 809.964789 271.561033 806.359155 336.462441 659.730047 324.443662 
666.941315 253.532864 812.368545 271.561033 807.561033 334.058685 662.133803 324.443662 
669.345070 251.129108 813.570423 270.359155 811.166667 334.058685 664.537559 324.443662 
671.748826 251.129108 815.974178 270.359155 812.368545 331.654930 668.143192 322.039906 
674.152582 249.927230 818.377934 267.955399 814.772300 330.453052 669.345070 320.838028 
675.354460 248.725352 819.579812 266.753521 815.974178 330.453052 671.748826 318.434272 
677.758216 247.523474 823.185446 265.551643 818.377934 329.251174 674.152582 318.434272 
680.161972 246.321596 824.387324 265.551643 819.579812 326.847418 676.556338 317.232394 
682.565728 246.321596 825.589202 263.147887 821.983568 325.645540 677.758216 317.232394 
683.767606 245.119718 829.194836 263.147887 824.387324 325.645540 678.960094 316.030516 
684.969484 243.917840 829.194836 260.744131 825.589202 324.443662 681.363850 314.828638 
684.969484 243.917840 831.598592 260.744131 825.589202 324.443662 681.363850 314.828638 
683.767606 243.917840 830.396714 261.946009 825.589202 325.645540 680.161972 316.030516 
682.565728 246.321596 829.194836 263.147887 824.387324 325.645540 678.960094 317.232394 
681.363850 248.725352 827.992958 265.551643 824.387324 329.251174 676.556338 320.838028 
677.758216 253.532864 825.589202 270.359155 821.983568 334.058685 675.354460 325.645540 
672.950704 263.147887 823.185446 276.368545 819.579812 341.269953 671.748826 334.058685 
671.748826 271.561033 820.781690 281.176056 818.377934 347.279343 669.345070 343.673709 
670.546948 283.579812 819.579812 291.992958 819.579812 356.894366 670.546948 356.894366 
672.950704 291.992958 824.387324 299.204225 824.387324 362.903756 674.152582 366.509390 
674.152582 302.809859 830.396714 306.415493 832.800469 368.913146 677.758216 376.124413 
678.960094 308.819249 832.800469 307.617371 836.406103 373.720657 683.767606 382.133803 
681.363850 314.828638 836.406103 313.626761 841.213615 378.528169 684.969484 389.345070 
682.565728 323.241784 838.809859 317.232394 844.819249 383.335681 687.373239 396.556338 
681.363850 328.049296 840.011737 320.838028 847.223005 386.941315 688.575117 402.565728 
681.363850 334.058685 842.415493 325.645540 849.626761 391.748826 688.575117 408.575117 
681.363850 338.866197 842.415493 329.251174 850.828638 397.758216 688.575117 414.584507 
680.161972 343.673709 844.819249 332.856808 852.030516 400.161972 688.575117 419.392019 
677.758216 344.875587 843.617371 334.058685 852.030516 402.565728 686.171362 422.997653 
672.950704 347.279343 842.415493 336.462441 849.626761 403.767606 681.363850 424.199531 
665.739437 346.077465 837.607981 334.058685 846.021127 402.565728 675.354460 424.199531 
658.528169 344.875587 832.800469 331.654930 841.213615 401.363850 669.345070 422.997653 
650.115023 343.673709 825.589202 328.049296 836.406103 398.960094 659.730047 421.795775 
642.903756 338.866197 820.781690 324.443662 827.992958 394.152582 652.518779 418.190141 
633.288732 334.058685 812.368545 319.636150 821.983568 389.345070 644.105634 414.584507 
622.471831 330.453052 803.955399 313.626761 814.772300 385.739437 633.288732 410.978873 
614.058685 326.847418 796.744131 308.819249 808.762911 379.730047 623.673709 407.373239 
603.241784 324.443662 789.532864 305.213615 801.551643 376.124413 614.058685 406.171362 
592.424883 320.838028 782.321596 300.406103 793.138498 373.720657 604.443662 403.767606 
581.607981 318.434272 773.908451 296.800469 787.129108 371.316901 594.828638 403.767606 
570.791080 317.232394 766.697183 294.396714 779.917840 370.115023 584.011737 402.565728 
559.974178 316.030516 758.284038 293.194836 772.706573 366.509390 574.396714 402.565728 
549.157277 317.232394 749.870892 291.992958 763.091549 366.509390 565.983568 403.767606 
535.936620 317.232394 740.255869 290.791080 753.476526 366.509390 553.964789 406.171362 
520.312207 319.636150 730.640845 290.791080 746.265258 366.509390 540.744131 408.575117 
509.495305 323.241784 719.823944 291.992958 734.246479 367.711268 526.321596 412.180751 
492.669014 324.443662 706.603286 291.992958 723.429577 370.115023 513.100939 416.988263 
479.448357 328.049296 694.584507 294.396714 712.612676 372.518779 499.880282 420.593897 
465.025822 330.453052 684.969484 295.598592 705.401408 373.720657 486.659624 426.603286 
449.401408 331.654930 677.758216 296.800469 693.382629 376.124413 471.035211 429.007042 
436.180751 336.462441 665.739437 300.406103 683.767606 380.931925 459.016432 435.016432 
424.161972 337.664319 657.326291 300.406103 675.354460 384.537559 446.997653 438.622066 
409.739437 338.866197 648.913146 300.406103 668.143192 386.941315 430.171362 443.429577 
396.518779 337.664319 640.500000 300.406103 662.133803 388.143192 421.758216 443.429577 
385.701878 335.260563 634.490610 299.204225 654.922535 386.941315 410.941315 445.833333 
378.490610 331.654930 633.288732 296.800469 651.316901 384.537559 401.326291 443.429577 
373.683099 326.847418 632.086854 293.194836 652.518779 383.335681 397.720657 441.025822 
371.279343 322.039906 632.086854 289.589202 651.316901 379.730047 394.115023 437.420188 
368.875587 316.030516 635.692488 284.781690 653.720657 377.326291 392.913146 433.814554 
371.279343 310.021127 640.500000 282.377934 658.528169 376.124413 392.913146 430.208920 
373.683099 307.617371 646.509390 281.176056 663.335681 376.124413 395.316901 425.401408 
378.490610 302.809859 652.518779 281.176056 670.546948 376.124413 398.922535 424.199531 
383.298122 301.607981 663.335681 282.377934 676.556338 379.730047 403.730047 422.997653 
392.913146 301.607981 669.345070 284.781690 682.565728 382.133803 409.739437 424.199531 
397.720657 301.607981 676.556338 288.387324 688.575117 388.143192 412.143192 422.997653 
402.528169 301.607981 681.363850 293.194836 692.180751 392.950704 414.546948 424.199531 
403.730047 299.204225 683.767606 298.002347 692.180751 397.758216 413.345070 422.997653 
403.730047 299.204225 686.171362 302.809859 689.776995 402.565728 409.739437 421.795775 
406.133803 298.002347 686.171362 307.617371 688.575117 406.171362 409.739437 420.593897 
408.537559 295.598592 687.373239 311.223005 687.373239 408.575117 408.537559 415.786385 
407.335681 288.387324 684.969484 313.626761 684.969484 409.776995 406.133803 408.575117 
406.133803 281.176056 684.969484 310.021127 678.960094 406.171362 402.528169 398.960094 
404.931925 270.359155 683.767606 308.819249 676.556338 402.565728 397.720657 385.739437 
403.730047 258.340376 680.161972 301.607981 671.748826 395.354460 395.316901 373.720657 
403.730047 246.321596 676.556338 296.800469 666.941315 389.345070 389.307512 359.298122 
402.528169 235.504695 676.556338 290.791080 663.335681 382.133803 386.903756 344.875587 
404.931925 225.889671 677.758216 284.781690 663.335681 376.124413 386.903756 332.856808 
409.739437 216.274648 680.161972 279.974178 664.537559 368.913146 391.711268 319.636150 
416.950704 207.861502 684.969484 277.570423 668.143192 364.105634 397.720657 308.819249 
424.161972 201.852113 689.776995 275.166667 672.950704 361.701878 402.528169 301.607981 
433.776995 201.852113 696.988263 276.368545 676.556338 361.701878 410.941315 300.406103 
439.786385 198.246479 702.997653 275.166667 683.767606 358.096244 416.950704 293.194836 
449.401408 197.044601 711.410798 275.166667 690.978873 358.096244 427.767606 290.791080 
462.622066 197.044601 721.025822 275.166667 699.392019 356.894366 437.382629 287.185446 
473.438967 192.237089 731.842723 271.561033 709.007042 355.692488 448.199531 283.579812 
485.457746 189.833333 742.659624 266.753521 716.218310 350.884977 459.016432 277.570423 
492.669014 185.025822 745.063380 261.946009 722.227700 342.471831 469.833333 270.359155 
499.880282 181.420188 748.669014 257.138498 727.035211 337.664319 475.842723 266.753521 
503.485915 177.814554 752.274648 251.129108 730.640845 331.654930 479.448357 261.946009 
504.687793 175.410798 754.678404 246.321596 734.246479 322.039906 484.255869 257.138498 
505.889671 173.007042 755.880282 241.514085 736.650235 316.030516 485.457746 253.532864 
505.889671 170.603286 752.274648 234.302817 734.246479 311.223005 487.861502 251.129108 
505.889671 169.401408 751.072770 231.899061 734.246479 305.213615 489.063380 248.725352 
508.293427 170.603286 752.274648 228.293427 736.650235 301.607981 491.467136 248.725352 
513.100939 173.007042 755.880282 228.293427 739.053991 301.607981 499.880282 251.129108 
519.110329 179.016432 759.485915 230.697183 743.861502 301.607981 503.485915 254.734742 
521.514085 182.622066 758.284038 233.100939 743.861502 306.415493 507.091549 259.542254 
517.908451 186.227700 752.274648 235.504695 736.650235 306.415493 502.284038 261.946009 
507.091549 188.631455 741.457746 239.110329 725.833333 308.819249 492.669014 261.946009 
489.063380 189.833333 721.025822 240.312207 705.401408 310.021127 475.842723 261.946009 
473.438967 188.631455 704.199531 240.312207 687.373239 307.617371 456.612676 259.542254 
451.805164 187.429577 682.565728 240.312207 666.941315 308.819249 436.180751 258.340376 
432.575117 185.025822 659.730047 239.110329 644.105634 305.213615 419.354460 255.936620 
414.546948 181.420188 638.096244 236.706573 622.471831 304.011737 400.124413 251.129108 
400.124413 181.420188 622.471831 235.504695 606.847418 300.406103 383.298122 248.725352 
382.096244 177.814554 608.049296 233.100939 592.424883 298.002347 368.875587 246.321596 
371.279343 176.612676 597.232394 230.697183 580.406103 295.598592 355.654930 243.917840 
362.866197 177.814554 586.415493 228.293427 573.194836 291.992958 348.443662 243.917840 
356.856808 179.016432 582.809859 225.889671 570.791080 290.791080 346.039906 245.119718 
365.269953 180.218310 584.011737 224.687793 571.992958 289.589202 353.251174 247.523474 
367.673709 182.622066 587.617371 223.485915 576.800469 288.387324 353.251174 249.927230 
368.875587 182.622066 591.223005 222.284038 580.406103 288.387324 360.462441 249.927230 
371.279343 183.823944 590.021127 218.678404 580.406103 282.377934 360.462441 247.523474 
367.673709 181.420188 586.415493 217.476526 576.800469 281.176056 356.856808 246.321596 
359.260563 182.622066 579.204225 215.072770 570.791080 278.772300 349.645540 247.523474 
346.039906 182.622066 568.387324 213.870892 561.176056 277.570423 338.828638 248.725352 
340.030516 186.227700 562.377934 215.072770 553.964789 277.570423 332.819249 251.129108 
336.424883 188.631455 556.368545 217.476526 549.157277 281.176056 329.213615 253.532864 
332.819249 195.842723 547.955399 219.880282 541.946009 284.781690 326.809859 259.542254 
326.809859 199.448357 541.946009 223.485915 534.734742 284.781690 319.598592 264.349765 
314.791080 201.852113 529.927230 225.889671 523.917840 289.589202 306.377934 267.955399 
291.955399 206.659624 515.504695 229.495305 508.293427 291.992958 287.147887 270.359155 
276.330986 206.659624 496.274648 230.697183 489.063380 295.598592 266.715962 272.762911 
254.697183 210.265258 477.044601 233.100939 468.631455 298.002347 247.485915 275.166667 
241.476526 213.870892 459.016432 235.504695 454.208920 300.406103 236.669014 279.974178 
237.870892 222.284038 454.208920 241.514085 448.199531 306.415493 230.659624 285.983568 
235.467136 229.495305 451.805164 246.321596 446.997653 308.819249 233.063380 293.194836 
241.476526 235.504695 457.814554 249.927230 451.805164 313.626761 239.072770 300.406103 
248.687793 241.514085 461.420188 253.532864 457.814554 317.232394 246.284038 305.213615 
255.899061 243.917840 468.631455 253.532864 463.823944 318.434272 253.495305 308.819249 
260.706573 246.321596 478.246479 253.532864 475.842723 318.434272 260.706573 310.021127 
278.734742 249.927230 489.063380 253.532864 486.659624 319.636150 276.330986 313.626761 
291.955399 251.129108 503.485915 254.734742 499.880282 319.636150 291.955399 317.232394 
309.983568 255.936620 520.312207 255.936620 517.908451 320.838028 311.185446 319.636150 
330.415493 258.340376 535.936620 257.138498 537.138498 323.241784 332.819249 322.039906 
346.039906 259.542254 555.166667 255.936620 556.368545 319.636150 348.443662 323.241784 
367.673709 263.147887 569.589202 258.340376 569.589202 323.241784 368.875587 326.847418 
382.096244 264.349765 584.011737 258.340376 584.011737 324.443662 383.298122 328.049296 
391.711268 265.551643 598.434272 259.542254 596.030516 324.443662 394.115023 329.251174 
400.124413 264.349765 602.039906 258.340376 602.039906 324.443662 401.326291 329.251174 
402.528169 265.551643 604.443662 258.340376 604.443662 326.847418 402.528169 330.453052 
400.124413 263.147887 605.645540 257.138498 604.443662 325.645540 401.326291 328.049296 
395.316901 260.744131 599.636150 254.734742 599.636150 325.645540 395.316901 326.847418 
384.500000 257.138498 591.223005 254.734742 590.021127 325.645540 382.096244 325.645540 
368.875587 258.340376 579.204225 253.532864 579.204225 325.645540 368.875587 324.443662 
353.251174 254.734742 564.781690 253.532864 564.781690 325.645540 354.453052 324.443662 
337.626761 253.532864 549.157277 253.532864 547.955399 328.049296 336.424883 323.241784 
320.800469 252.330986 537.138498 251.129108 535.936620 326.847418 320.800469 324.443662 
311.185446 249.927230 523.917840 249.927230 520.312207 326.847418 309.983568 323.241784 
299.166667 247.523474 513.100939 247.523474 509.495305 324.443662 297.964789 319.636150 
293.157277 246.321596 502.284038 246.321596 502.284038 324.443662 288.349765 318.434272 
291.955399 245.119718 502.284038 242.715962 498.678404 322.039906 288.349765 317.232394 
293.157277 240.312207 503.485915 241.514085 498.678404 320.838028 290.753521 316.030516 
297.964789 240.312207 505.889671 237.908451 502.284038 318.434272 295.561033 312.424883 
306.377934 237.908451 511.899061 235.504695 508.293427 316.030516 303.974178 312.424883 
317.194836 235.504695 519.110329 230.697183 514.302817 313.626761 314.791080 310.021127 
325.607981 233.100939 523.917840 225.889671 520.312207 311.223005 323.204225 306.415493 
332.819249 228.293427 528.725352 221.082160 526.321596 304.011737 331.617371 302.809859 
342.434272 224.687793 532.330986 216.274648 529.927230 300.406103 341.232394 299.204225 
348.443662 221.082160 533.532864 212.669014 531.129108 294.396714 347.241784 294.396714 

