154.941315 120.124413 1005.870892 187.429577 1130.866197 552.800469 132.105634 597.269953 
154.966859 119.289625 1007.762248 185.687320 1131.220461 550.874640 131.105187 598.597983 
153.929395 119.289625 1007.762248 185.687320 1131.220461 551.912104 129.030259 595.485591 
150.817003 121.364553 1004.649856 185.687320 1130.182997 550.874640 131.105187 598.597983 
151.854467 120.327089 1004.649856 185.687320 1130.182997 552.949568 127.992795 594.448127 
149.779539 117.214697 1005.687320 185.687320 1130.182997 551.912104 126.955331 596.523055 
148.742075 119.289625 1005.687320 182.574928 1127.070605 552.949568 129.030259 593.410663 
149.779539 117.214697 1003.612392 186.724784 1127.070605 553.987032 124.880403 598.597983 
147.704611 117.214697 999.462536 185.687320 1128.108069 549.837176 129.030259 596.523055 
145.629683 119.289625 996.350144 184.649856 1127.070605 547.762248 125.917867 594.448127 
146.667147 120.327089 999.462536 184.649856 1127.070605 550.874640 122.805476 598.597983 
144.592219 119.289625 1000.500000 182.574928 1127.070605 547.762248 124.880403 597.560519 
143.554755 121.364553 1001.537464 185.687320 1124.995677 547.762248 122.805476 600.672911 
141.479827 119.289625 998.425072 180.500000 1127.070605 549.837176 124.880403 601.710375 
143.554755 121.364553 996.350144 182.574928 1127.070605 545.687320 126.955331 601.710375 
142.517291 125.514409 996.350144 181.537464 1123.958213 543.612392 125.917867 601.710375 
141.479827 128.626801 997.387608 181.537464 1123.958213 540.500000 124.880403 605.860231 
139.404899 129.664265 994.275216 178.425072 1127.070605 538.425072 126.955331 605.860231 
138.367435 130.701729 992.200288 176.350144 1128.108069 538.425072 129.030259 613.122478 
138.367435 134.851585 992.200288 176.350144 1127.070605 532.200288 129.030259 615.197406 
133.180115 140.038905 985.975504 172.200288 1128.108069 529.087896 131.105187 618.309798 
134.217579 147.301153 985.975504 171.162824 1128.108069 529.087896 133.180115 620.384726 
133.741718 150.640758 982.863112 169.087896 1131.220461 529.087896 136.292507 624.534582 
131.105187 153.525937 981.825648 165.975504 1127.070605 521.825648 136.292507 629.721902 
129.030259 161.825648 979.750720 165.975504 1129.145533 519.750720 138.367435 638.021614 
129.030259 167.012968 976.638329 161.825648 1127.070605 515.600865 143.554755 643.208934 
121.768012 171.162824 974.563401 163.900576 1126.033141 512.488473 144.592219 646.321326 
123.842939 178.425072 971.451009 161.825648 1128.108069 508.338617 146.667147 651.508646 
120.730548 186.724784 967.301153 158.713256 1122.920749 505.226225 147.704611 655.658501 
118.655620 186.724784 968.338617 153.525937 1127.070605 503.151297 149.779539 658.770893 
117.618156 195.024496 962.113833 152.488473 1127.070605 501.076369 149.779539 660.845821 
115.543228 195.024496 957.963977 150.413545 1121.883285 493.814121 152.891931 666.033141 
113.468300 200.211816 953.814121 148.338617 1118.770893 486.551873 154.966859 664.995677 
113.468300 197.099424 952.776657 143.151297 1115.658501 480.327089 156.004323 657.733429 
107.243516 195.024496 949.664265 135.889049 1114.621037 475.139769 159.116715 660.845821 
111.393372 195.024496 946.551873 129.664265 1113.583573 466.840058 157.041787 656.695965 
106.206052 193.987032 939.289625 124.476945 1106.321326 457.502882 154.966859 653.583573 
102.056196 185.687320 942.402017 120.327089 1106.321326 452.315562 159.116715 648.396254 
104.131124 186.724784 939.289625 115.139769 1101.134006 447.128242 158.079251 643.208934 
101.018732 182.574928 939.289625 105.802594 1104.246398 440.903458 157.041787 640.096542 
103.093660 180.500000 933.064841 103.727666 1100.096542 435.716138 160.154179 638.021614 
98.943804 180.500000 930.989914 101.652738 1094.909222 429.491354 162.229107 633.871758 
98.943804 181.537464 928.914986 96.465418 1092.834294 428.453890 160.154179 635.946686 
102.056196 178.425072 926.840058 93.353026 1091.796830 424.304035 163.266571 629.721902 
102.056196 180.500000 926.840058 91.278098 1091.796830 419.116715 168.453890 628.684438 
105.168588 180.500000 927.877522 88.165706 1092.834294 414.966859 175.716138 626.609510 
108.280980 181.537464 929.952450 87.128242 1093.871758 412.891931 181.940922 626.609510 
115.543228 182.574928 929.952450 87.128242 1096.984150 410.817003 187.128242 624.534582 
123.842939 189.837176 933.064841 88.165706 1098.021614 409.779539 195.427954 627.646974 
127.992795 191.912104 936.177233 88.165706 1098.021614 410.817003 202.690202 627.646974 
135.255043 195.024496 936.177233 89.203170 1100.096542 410.817003 206.840058 627.646974 
139.404899 199.174352 938.252161 91.278098 1103.208934 412.891931 213.064841 626.609510 
143.554755 200.211816 939.289625 94.390490 1103.208934 417.041787 217.214697 621.422190 
151.854467 201.249280 943.439481 96.465418 1102.171470 414.966859 220.327089 626.609510 
154.966859 201.249280 940.327089 97.502882 1104.246398 417.041787 226.551873 626.609510 
157.041787 201.249280 942.402017 94.390490 1102.171470 410.817003 229.664265 618.309798 
158.079251 200.211816 941.364553 91.278098 1100.096542 405.629683 232.776657 613.122478 
161.191643 193.987032 942.402017 81.940922 1103.208934 396.292507 235.889049 605.860231 
163.266571 185.687320 939.289625 65.341499 1099.059078 382.805476 241.076369 598.597983 
162.229107 180.500000 941.364553 50.817003 1101.134006 368.280980 247.301153 593.410663 
164.304035 178.425072 938.252161 33.180115 1105.283862 349.606628 253.525937 588.223343 
167.416427 180.500000 936.177233 19.693084 1107.358790 333.007205 267.012968 583.036023 
171.566282 184.649856 937.214697 8.280980 1112.546110 317.445245 275.312680 578.886167 
175.525835 189.324544 935.806507 -5.557527 1111.265255 304.976606 288.259233 583.139881 
179.143406 200.180492 934.459993 -10.774702 1115.861634 293.869275 297.857666 588.828369 
181.199884 210.598102 931.642433 -19.052378 1119.148803 282.297145 308.863833 592.338341 
183.634126 221.176750 921.721488 -26.581925 1118.521946 273.574171 315.952296 602.863777 
183.641756 234.378806 917.381332 -28.379285 1119.413758 268.638535 322.602021 608.087481 
180.466940 247.385162 908.215109 -29.364142 1114.659311 262.086497 323.084833 621.237891 
179.341546 261.472686 897.109073 -30.761236 1109.807205 258.024032 325.361047 627.925472 
176.737598 271.364197 890.799922 -28.491156 1103.924649 252.775491 330.611252 638.880611 
171.901394 286.763073 876.065510 -27.807438 1097.029695 249.175836 332.482415 650.111654 
169.070154 298.222114 864.189921 -24.466511 1088.217395 251.367317 331.816621 660.587294 
164.343470 313.813767 860.034730 -26.414805 1083.404396 246.288038 328.163485 671.487466 
160.189239 328.435768 843.172255 -20.506463 1070.406580 248.658005 327.520102 679.577050 
154.067174 339.799656 827.474061 -16.197330 1060.865242 244.369536 324.267920 692.455602 
142.998001 353.129054 812.685008 -12.373370 1045.177401 245.801322 323.424670 697.198516 
136.774434 367.972921 804.617278 -8.154182 1038.521188 245.717134 322.032540 710.763429 
133.370289 376.750293 790.964161 -2.630787 1027.341720 245.565650 319.348157 719.057383 
131.493622 387.560320 780.645431 1.218105 1019.423993 247.366376 318.019195 727.539554 
124.882896 398.317348 774.713700 2.821072 1006.059102 248.876298 311.417268 736.323240 
122.959603 408.123671 763.360578 6.208503 1005.234330 252.069185 320.028219 738.421774 
123.149810 418.235997 757.027001 9.600604 1001.375833 245.222692 320.151846 747.045150 
127.197397 425.815207 755.897916 7.482931 995.123516 246.708531 327.664886 748.626826 
134.140603 428.613206 751.221437 6.460710 997.698718 240.545278 333.479850 748.764118 
142.607903 424.985543 759.072788 -0.728937 1000.336247 232.215092 348.153129 738.197316 
155.654637 416.382203 761.492445 -11.408597 1012.024946 219.345023 365.017358 728.790637 
167.851492 410.950869 774.474545 -22.351311 1018.219187 213.962092 372.994761 718.665772 
179.164948 401.772776 782.751888 -31.634479 1024.053486 207.892843 385.839403 707.418097 
193.216114 398.680800 787.312795 -33.962855 1034.162256 197.241218 395.540671 702.167634 
203.794974 393.631253 794.975832 -36.997329 1039.734737 196.636171 401.324010 695.890449 
210.844075 395.250748 801.106826 -33.682053 1048.218293 199.353443 405.408739 700.244005 
217.440184 396.062598 802.667140 -30.640560 1043.312742 203.544758 408.592567 697.745270 
220.331931 404.502917 802.868313 -23.974257 1045.226444 206.843011 418.890354 700.031732 
226.106319 408.663490 800.347168 -18.678537 1048.939080 213.247995 417.317148 704.647376 
230.090030 411.767274 806.136835 -14.889799 1044.282849 216.039669 423.755601 709.182258 
238.790750 418.751106 806.181454 -9.740257 1050.569347 216.873970 435.353051 710.745829 
246.583751 426.239369 806.792784 -3.564712 1050.640372 219.338912 443.179301 715.350472 
255.809878 435.108271 807.119700 -2.478449 1051.612212 218.448519 450.464041 719.826301 
263.676045 441.444591 805.124087 3.003737 1056.128428 218.806251 462.506838 725.688613 
270.597909 448.332625 807.234835 3.731056 1057.357363 216.738629 467.747432 723.490953 
277.424051 448.676547 809.777756 2.139422 1060.340774 214.537212 476.598409 724.995903 
281.281162 451.141854 806.298811 0.369126 1054.400790 213.256630 484.119564 720.484650 
283.989603 452.922005 809.356533 -1.925875 1054.330788 210.601459 484.685188 715.144704 
286.426523 448.904264 807.832491 -4.179542 1053.647485 208.045826 483.690637 715.210818 
289.429624 444.035234 803.823163 -4.936683 1049.102033 205.073329 485.685120 711.542726 
286.768893 439.329754 804.370555 -6.215993 1044.389659 206.528213 484.692394 707.438894 
285.393006 439.693116 797.218291 -1.576814 1044.055528 208.916290 477.447400 704.698403 
284.507122 435.806610 803.149745 -2.465244 1038.797470 211.609097 476.870470 704.549523 
282.660720 436.062316 801.159923 -0.250533 1035.725285 211.975272 477.823031 697.214760 
291.912104 438.828530 804.419308 3.093660 1039.923631 215.773775 478.655620 700.269452 
311.623919 438.828530 814.793948 7.243516 1052.373199 217.848703 494.217579 702.344380 
330.298271 445.053314 830.355908 12.430836 1073.122478 223.036023 514.966859 709.606628 
355.197406 452.315562 855.255043 16.580692 1098.021614 227.185879 541.940922 712.719020 
397.733429 458.540346 886.378963 21.768012 1133.295389 223.036023 581.364553 714.793948 
411.220461 463.727666 897.791066 19.693084 1151.969741 224.073487 600.038905 718.943804 
416.407781 463.727666 900.903458 19.693084 1151.969741 221.998559 602.113833 720.500000 
425.292185 471.584019 900.100600 27.299003 1154.015309 220.620429 616.593302 723.370047 
429.811486 481.933197 895.757545 25.874588 1154.483299 223.252998 619.417801 727.597032 
429.921619 484.913558 891.385107 32.915987 1146.681334 223.353172 621.242299 731.109162 
431.146466 489.175965 889.220468 34.908672 1142.796441 230.437133 622.465986 733.152233 
428.544331 487.670336 884.310819 36.688798 1137.648591 227.730397 617.254516 734.330894 
423.111016 488.951827 875.015730 41.779099 1127.772395 233.429757 608.414945 731.147313 
416.169711 487.515234 868.608496 40.937056 1122.058952 230.312959 606.130896 725.308373 
407.070605 482.402017 859.404899 36.292507 1105.283862 229.260807 591.739193 720.500000 
395.658501 470.989914 853.180115 29.030259 1094.909222 225.110951 582.402017 712.719020 
387.358790 459.577810 841.768012 17.618156 1079.347262 218.886167 563.727666 698.194524 
368.684438 447.128242 829.318444 9.318444 1065.860231 212.661383 549.203170 685.744957 
359.347262 437.791066 825.168588 8.280980 1055.485591 208.511527 537.791066 678.482709 
352.085014 431.566282 818.943804 3.093660 1048.223343 212.661383 527.416427 671.220461 
346.897695 426.378963 813.756484 7.243516 1036.811239 215.773775 519.116715 667.070605 
335.485591 422.229107 807.531700 9.318444 1028.511527 217.848703 504.592219 664.995677 
328.223343 419.116715 805.456772 12.430836 1021.249280 225.110951 495.255043 659.808357 
326.148415 414.966859 806.494236 17.618156 1017.099424 232.373199 487.992795 660.845821 
317.848703 412.891931 803.381844 23.842939 1010.874640 238.597983 480.730548 658.770893 
317.848703 410.817003 802.344380 29.030259 1007.762248 245.860231 477.618156 658.770893 
319.923631 409.779539 806.494236 31.105187 1011.912104 255.197406 473.468300 658.770893 
327.185879 409.779539 814.793948 37.329971 1012.949568 255.197406 476.580692 657.733429 
336.523055 405.629683 821.018732 40.442363 1021.249280 264.534582 483.842939 658.770893 
348.972622 419.116715 833.468300 45.629683 1035.773775 264.534582 489.030259 658.770893 
356.234870 412.891931 839.693084 46.667147 1037.848703 271.796830 500.442363 666.033141 
368.684438 419.116715 845.917867 50.817003 1047.185879 269.721902 510.817003 667.070605 
370.759366 419.116715 852.142651 56.004323 1047.185879 269.721902 517.041787 667.070605 
368.684438 424.304035 849.030259 53.929395 1046.148415 265.572046 518.079251 667.070605 
368.684438 431.566282 835.543228 57.041787 1036.811239 268.684438 518.079251 668.108069 
364.534582 430.528818 830.355908 54.966859 1030.586455 264.534582 518.079251 674.332853 
362.459654 433.641210 818.943804 53.929395 1022.286744 262.459654 513.929395 671.220461 
356.234870 438.828530 812.719020 54.966859 1010.874640 262.459654 509.779539 675.370317 
356.234870 438.828530 803.381844 56.004323 1003.612392 261.422190 509.779539 675.370317 
350.010086 439.865994 794.044669 54.966859 993.237752 260.384726 503.554755 672.257925 
342.747839 437.791066 786.782421 49.779539 989.087896 255.197406 502.517291 670.182997 
341.710375 433.641210 782.632565 46.667147 985.975504 246.897695 501.479827 660.845821 
342.747839 426.378963 776.407781 36.292507 978.713256 236.523055 502.517291 653.583573 
343.785303 421.191643 774.332853 27.992795 977.675793 223.036023 501.479827 643.208934 
339.635447 412.891931 772.257925 17.618156 975.600865 213.698847 503.554755 630.759366 
343.785303 403.554755 769.145533 7.243516 970.413545 203.324207 505.629683 621.422190 
342.570981 397.652889 764.802383 -7.575905 968.506935 191.316728 507.273522 611.612265 
344.136230 391.315680 757.654399 -17.954015 967.562509 179.873054 510.025594 603.994351 
343.850306 386.645496 749.346451 -26.065882 962.387929 169.870075 509.500033 596.839688 
339.273419 390.688902 740.425287 -26.455732 959.719373 160.216094 512.781951 594.310486 
339.089981 394.722100 736.510170 -30.012191 945.616667 159.910223 509.638051 593.001564 
327.891321 398.124959 718.440745 -26.159631 937.854227 153.028046 507.347871 598.045852 
323.186988 414.687176 705.420301 -24.273342 919.224736 157.925219 506.344151 608.709595 
313.010862 429.934397 686.337238 -14.853795 903.978761 159.557562 500.870032 622.870842 
307.277642 451.081676 661.987152 7.007366 885.779869 168.312506 500.097065 643.901100 
300.450627 479.157718 645.167647 24.818045 870.030375 185.260640 495.918635 665.391017 
295.380718 515.027066 629.347053 50.763260 858.781863 205.249365 493.143094 697.312387 
291.061967 552.011733 614.302974 86.125909 846.640033 227.130469 492.794983 736.353972 
292.159434 583.922323 608.353253 107.647114 841.546742 251.150799 499.949261 766.466657 
294.561456 607.251068 605.517751 130.542739 839.828201 265.782327 505.756106 778.716031 
296.652632 614.309743 600.571256 138.129550 839.419746 273.130870 505.018968 789.145864 
296.769256 622.288120 602.367835 143.475770 836.111483 276.829517 508.682667 792.919698 
301.662334 631.504795 603.176770 149.802449 839.855407 280.279133 516.041156 803.007853 
306.367281 631.907739 606.341854 151.948423 843.883071 279.409564 525.173790 798.891654 
321.038597 630.123050 611.528607 148.033246 849.575330 279.541576 533.842774 793.618942 
328.548584 614.448801 622.115260 145.204428 856.418802 275.021256 537.229566 784.305414 
333.097910 601.786669 630.180286 126.686059 862.071176 263.259835 541.667920 774.541626 
337.651106 577.339507 639.803475 111.955399 874.788532 247.417373 542.084737 751.552514 
341.865055 554.511873 653.137897 92.318866 881.241641 235.939742 541.416128 725.977981 
346.897695 521.825648 668.511527 69.491354 890.528818 218.886167 533.641210 695.082133 
346.897695 486.551873 683.036023 47.704611 904.015850 206.436599 528.453890 670.182997 
351.047550 456.465418 696.523055 32.142651 913.353026 204.361671 523.266571 641.134006 
344.822767 428.453890 712.085014 14.505764 920.615274 195.024496 509.779539 620.384726 
346.327417 393.607607 733.334949 -1.063440 932.677824 191.722104 501.090187 591.944361 
338.407223 369.940798 744.947301 -8.823250 932.673763 195.590009 490.148554 577.882621 
335.493571 356.304921 751.096728 -6.581611 934.144148 200.402779 475.206103 573.635526 
335.616442 343.274784 761.201196 -4.930923 938.322112 208.485262 466.349001 566.114373 
332.049591 341.834178 767.392788 0.219262 938.001193 214.855643 464.802356 561.030604 
331.718815 333.489256 776.634554 0.099063 936.853794 225.650420 455.284286 555.907104 
329.459439 329.371755 783.761001 8.982774 941.827784 233.819146 447.614383 553.078448 
332.734315 318.159358 790.015143 20.667001 945.953077 248.576288 443.938309 551.378846 
333.149276 314.885269 801.452758 22.195593 941.798772 257.481558 438.776381 547.886237 
334.032512 308.609229 808.408022 30.404043 946.088668 267.273972 432.411873 542.779822 
340.672911 298.770893 814.793948 35.255043 946.551873 275.946686 427.819885 536.350144 
339.635447 290.471182 829.318444 41.479827 948.626801 286.321326 421.595101 531.162824 
339.635447 281.134006 834.505764 45.629683 953.814121 294.621037 418.482709 519.750720 
341.710375 268.684438 846.955331 46.667147 951.739193 297.733429 416.407781 510.413545 
346.897695 256.234870 852.142651 46.667147 954.851585 301.883285 407.070605 496.926513 
344.822767 245.860231 857.329971 49.779539 954.851585 308.108069 402.920749 493.814121 
345.860231 236.523055 859.404899 51.854467 950.701729 310.182997 397.733429 484.476945 
347.935159 233.410663 863.554755 50.817003 951.739193 313.295389 395.658501 480.327089 
343.785303 225.110951 869.779539 57.041787 949.664265 318.482709 390.471182 477.214697 
345.860231 221.998559 869.779539 59.116715 946.551873 322.632565 387.358790 473.064841 
348.972622 215.773775 874.966859 60.154179 946.551873 325.744957 386.321326 463.727666 
347.935159 212.661383 877.041787 65.341499 946.551873 329.894813 382.171470 461.652738 
348.972622 206.436599 879.116715 69.491354 943.439481 333.007205 379.059078 454.390490 
350.010086 201.249280 886.378963 72.603746 945.514409 337.157061 376.984150 452.315562 
354.159942 195.024496 890.528818 73.641210 945.514409 345.456772 374.909222 448.165706 
358.309798 190.874640 899.865994 77.791066 949.664265 351.681556 376.984150 442.978386 
365.572046 184.649856 913.353026 82.978386 955.889049 356.868876 379.059078 435.716138 
374.909222 177.387608 922.690202 88.165706 961.076369 363.093660 383.208934 429.491354 
389.433718 171.162824 939.289625 94.390490 971.451009 372.430836 389.433718 424.304035 
403.958213 168.050432 954.851585 101.652738 978.713256 377.618156 396.695965 419.116715 
417.445245 163.900576 972.488473 110.989914 990.125360 386.955331 408.108069 412.891931 
435.082133 159.750720 989.087896 116.177233 999.462536 396.292507 413.295389 409.779539 
446.494236 156.638329 1003.612392 122.402017 1008.799712 409.779539 422.632565 405.629683 
454.793948 154.563401 1017.099424 130.701729 1016.061960 417.041787 425.744957 403.554755 
462.056196 152.488473 1024.361671 139.001441 1021.249280 426.378963 427.819885 400.442363 
466.206052 150.413545 1024.361671 144.188761 1018.136888 429.491354 425.744957 396.292507 
466.206052 148.338617 1029.548991 150.413545 1017.099424 435.716138 420.557637 396.292507 
468.280980 141.076369 1032.661383 153.525937 1010.874640 440.903458 418.482709 392.142651 
466.206052 135.889049 1028.511527 154.563401 1009.837176 445.053314 414.332853 389.030259 
466.206052 131.739193 1028.511527 161.825648 1003.612392 452.315562 409.145533 384.880403 
467.243516 128.626801 1030.586455 161.825648 999.462536 456.465418 404.995677 379.693084 
463.093660 126.551873 1027.474063 168.050432 994.275216 459.577810 401.883285 375.543228 
464.131124 124.476945 1030.586455 172.200288 985.975504 461.652738 395.658501 372.430836 
463.093660 121.364553 1025.399135 178.425072 979.750720 465.802594 394.621037 368.280980 
458.943804 116.177233 1024.361671 180.500000 976.638329 468.914986 389.433718 361.018732 
464.131124 112.027378 1024.361671 184.649856 969.376081 470.989914 381.134006 356.868876 
459.981268 107.877522 1023.324207 185.687320 970.413545 475.139769 380.096542 351.681556 
461.018732 106.840058 1026.436599 185.687320 965.226225 476.177233 379.059078 351.681556 
464.131124 109.952450 1021.249280 195.024496 960.038905 482.402017 378.021614 347.531700 
467.243516 103.727666 1028.511527 196.061960 959.001441 485.514409 376.984150 349.606628 
473.468300 103.727666 1030.586455 203.324207 961.076369 489.664265 380.096542 344.419308 
480.730548 106.840058 1036.811239 206.436599 963.151297 493.814121 387.358790 342.344380 
492.142651 105.802594 1049.260807 212.661383 973.525937 499.001441 395.658501 343.381844 
501.479827 107.877522 1058.597983 217.848703 977.675793 504.188761 399.808357 340.269452 
504.592219 103.727666 1064.822767 218.886167 975.600865 505.226225 404.995677 338.194524 
511.854467 100.615274 1066.897695 218.886167 980.788184 505.226225 406.033141 334.044669 
520.154179 97.502882 1073.122478 224.073487 977.675793 510.413545 413.295389 325.744957 
523.266571 92.315562 1078.309798 224.073487 976.638329 510.413545 415.370317 320.557637 
524.304035 87.128242 1077.272334 229.260807 973.525937 512.488473 411.220461 316.407781 
526.378963 84.015850 1075.197406 231.335735 968.338617 515.600865 411.220461 310.182997 
530.528818 79.865994 1075.197406 234.448127 963.151297 517.675793 408.108069 308.108069 
532.603746 77.791066 1073.122478 240.672911 956.926513 517.675793 404.995677 298.770893 
533.641210 70.528818 1072.085014 243.785303 948.626801 521.825648 403.958213 294.621037 
0.000000 0.000000 0.000000 0.000000 0.000000 0.000000 0.000000 0.000000 
0.000000 0.000000 0.000000 0.000000 0.000000 0.000000 0.000000 0.000000 
0.000000 0.000000 0.000000 0.000000 0.000000 0.000000 0.000000 0.000000 
0.000000 0.000000 0.000000 0.000000 0.000000 0.000000 0.000000 0.000000 
0.000000 0.000000 0.000000 0.000000 0.000000 0.000000 0.000000 0.000000 
0.000000 0.000000 0.000000 0.000000 0.000000 0.000000 0.000000 0.000000 
0.000000 0.000000 0.000000 0.000000 0.000000 0.000000 0.000000 0.000000 
0.000000 0.000000 0.000000 0.000000 0.000000 0.000000 0.000000 0.000000 
0.000000 0.000000 0.000000 0.000000 0.000000 0.000000 0.000000 0.000000 
0.000000 0.000000 0.000000 0.000000 0.000000 0.000000 0.000000 0.000000 
0.000000 0.000000 0.000000 0.000000 0.000000 0.000000 0.000000 0.000000 
0.000000 0.000000 0.000000 0.000000 0.000000 0.000000 0.000000 0.000000 
0.000000 0.000000 0.000000 0.000000 0.000000 0.000000 0.000000 0.000000 
0.000000 0.000000 0.000000 0.000000 0.000000 0.000000 0.000000 0.000000 
0.000000 0.000000 0.000000 0.000000 0.000000 0.000000 0.000000 0.000000 
0.000000 0.000000 0.000000 0.000000 0.000000 0.000000 0.000000 0.000000 
0.000000 0.000000 0.000000 0.000000 0.000000 0.000000 0.000000 0.000000 
0.000000 0.000000 0.000000 0.000000 0.000000 0.000000 0.000000 0.000000 
0.000000 0.000000 0.000000 0.000000 0.000000 0.000000 0.000000 0.000000 
0.000000 0.000000 0.000000 0.000000 0.000000 0.000000 0.000000 0.000000 
0.000000 0.000000 0.000000 0.000000 0.000000 0.000000 0.000000 0.000000 
0.000000 0.000000 0.000000 0.000000 0.000000 0.000000 0.000000 0.000000 
0.000000 0.000000 0.000000 0.000000 0.000000 0.000000 0.000000 0.000000 
0.000000 0.000000 0.000000 0.000000 0.000000 0.000000 0.000000 0.000000 
0.000000 0.000000 0.000000 0.000000 0.000000 0.000000 0.000000 0.000000 
0.000000 0.000000 0.000000 0.000000 0.000000 0.000000 0.000000 0.000000 
0.000000 0.000000 0.000000 0.000000 0.000000 0.000000 0.000000 0.000000 
0.000000 0.000000 0.000000 0.000000 0.000000 0.000000 0.000000 0.000000 
0.000000 0.000000 0.000000 0.000000 0.000000 0.000000 0.000000 0.000000 
0.000000 0.000000 0.000000 0.000000 0.000000 0.000000 0.000000 0.000000 
0.000000 0.000000 0.000000 0.000000 0.000000 0.000000 0.000000 0.000000 
0.000000 0.000000 0.000000 0.000000 0.000000 0.000000 0.000000 0.000000 
0.000000 0.000000 0.000000 0.000000 0.000000 0.000000 0.000000 0.000000 
0.000000 0.000000 0.000000 0.000000 0.000000 0.000000 0.000000 0.000000 
0.000000 0.000000 0.000000 0.000000 0.000000 0.000000 0.000000 0.000000 
0.000000 0.000000 0.000000 0.000000 0.000000 0.000000 0.000000 0.000000 
0.000000 0.000000 0.000000 0.000000 0.000000 0.000000 0.000000 0.000000 
0.000000 0.000000 0.000000 0.000000 0.000000 0.000000 0.000000 0.000000 
0.000000 0.000000 0.000000 0.000000 0.000000 0.000000 0.000000 0.000000 
0.000000 0.000000 0.000000 0.000000 0.000000 0.000000 0.000000 0.000000 
0.000000 0.000000 0.000000 0.000000 0.000000 0.000000 0.000000 0.000000 
0.000000 0.000000 0.000000 0.000000 0.000000 0.000000 0.000000 0.000000 
0.000000 0.000000 0.000000 0.000000 0.000000 0.000000 0.000000 0.000000 
0.000000 0.000000 0.000000 0.000000 0.000000 0.000000 0.000000 0.000000 
0.000000 0.000000 0.000000 0.000000 0.000000 0.000000 0.000000 0.000000 
0.000000 0.000000 0.000000 0.000000 0.000000 0.000000 0.000000 0.000000 
0.000000 0.000000 0.000000 0.000000 0.000000 0.000000 0.000000 0.000000 
0.000000 0.000000 0.000000 0.000000 0.000000 0.000000 0.000000 0.000000 
0.000000 0.000000 0.000000 0.000000 0.000000 0.000000 0.000000 0.000000 
0.000000 0.000000 0.000000 0.000000 0.000000 0.000000 0.000000 0.000000 
0.000000 0.000000 0.000000 0.000000 0.000000 0.000000 0.000000 0.000000 
0.000000 0.000000 0.000000 0.000000 0.000000 0.000000 0.000000 0.000000 
0.000000 0.000000 0.000000 0.000000 0.000000 0.000000 0.000000 0.000000 
0.000000 0.000000 0.000000 0.000000 0.000000 0.000000 0.000000 0.000000 
0.000000 0.000000 0.000000 0.000000 0.000000 0.000000 0.000000 0.000000 
0.000000 0.000000 0.000000 0.000000 0.000000 0.000000 0.000000 0.000000 
0.000000 0.000000 0.000000 0.000000 0.000000 0.000000 0.000000 0.000000 
0.000000 0.000000 0.000000 0.000000 0.000000 0.000000 0.000000 0.000000 
0.000000 0.000000 0.000000 0.000000 0.000000 0.000000 0.000000 0.000000 
0.000000 0.000000 0.000000 0.000000 0.000000 0.000000 0.000000 0.000000 
0.000000 0.000000 0.000000 0.000000 0.000000 0.000000 0.000000 0.000000 
0.000000 0.000000 0.000000 0.000000 0.000000 0.000000 0.000000 0.000000 
0.000000 0.000000 0.000000 0.000000 0.000000 0.000000 0.000000 0.000000 
0.000000 0.000000 0.000000 0.000000 0.000000 0.000000 0.000000 0.000000 
0.000000 0.000000 0.000000 0.000000 0.000000 0.000000 0.000000 0.000000 
0.000000 0.000000 0.000000 0.000000 0.000000 0.000000 0.000000 0.000000 
0.000000 0.000000 0.000000 0.000000 0.000000 0.000000 0.000000 0.000000 
0.000000 0.000000 0.000000 0.000000 0.000000 0.000000 0.000000 0.000000 
0.000000 0.000000 0.000000 0.000000 0.000000 0.000000 0.000000 0.000000 
0.000000 0.000000 0.000000 0.000000 0.000000 0.000000 0.000000 0.000000 
0.000000 0.000000 0.000000 0.000000 0.000000 0.000000 0.000000 0.000000 
0.000000 0.000000 0.000000 0.000000 0.000000 0.000000 0.000000 0.000000 
0.000000 0.000000 0.000000 0.000000 0.000000 0.000000 0.000000 0.000000 
0.000000 0.000000 0.000000 0.000000 0.000000 0.000000 0.000000 0.000000 
0.000000 0.000000 0.000000 0.000000 0.000000 0.000000 0.000000 0.000000 
0.000000 0.000000 0.000000 0.000000 0.000000 0.000000 0.000000 0.000000 
0.000000 0.000000 0.000000 0.000000 0.000000 0.000000 0.000000 0.000000 
0.000000 0.000000 0.000000 0.000000 0.000000 0.000000 0.000000 0.000000 
0.000000 0.000000 0.000000 0.000000 0.000000 0.000000 0.000000 0.000000 
0.000000 0.000000 0.000000 0.000000 0.000000 0.000000 0.000000 0.000000 
0.000000 0.000000 0.000000 0.000000 0.000000 0.000000 0.000000 0.000000 
0.000000 0.000000 0.000000 0.000000 0.000000 0.000000 0.000000 0.000000 
0.000000 0.000000 0.000000 0.000000 0.000000 0.000000 0.000000 0.000000 
0.000000 0.000000 0.000000 0.000000 0.000000 0.000000 0.000000 0.000000 
0.000000 0.000000 0.000000 0.000000 0.000000 0.000000 0.000000 0.000000 
0.000000 0.000000 0.000000 0.000000 0.000000 0.000000 0.000000 0.000000 
0.000000 0.000000 0.000000 0.000000 0.000000 0.000000 0.000000 0.000000 
0.000000 0.000000 0.000000 0.000000 0.000000 0.000000 0.000000 0.000000 
0.000000 0.000000 0.000000 0.000000 0.000000 0.000000 0.000000 0.000000 
0.000000 0.000000 0.000000 0.000000 0.000000 0.000000 0.000000 0.000000 
0.000000 0.000000 0.000000 0.000000 0.000000 0.000000 0.000000 0.000000 
0.000000 0.000000 0.000000 0.000000 0.000000 0.000000 0.000000 0.000000 
0.000000 0.000000 0.000000 0.000000 0.000000 0.000000 0.000000 0.000000 
482.805476 158.713256 1004.649856 308.108069 902.978386 586.148415 366.609510 377.618156 
484.880403 157.675793 1011.912104 306.033141 911.278098 584.073487 363.497118 379.693084 
481.768012 157.675793 1015.024496 300.845821 916.465418 580.961095 365.572046 377.618156 
480.730548 154.563401 1018.136888 294.621037 922.690202 575.773775 365.572046 375.543228 
480.730548 154.563401 1016.061960 288.396254 924.765130 572.661383 365.572046 379.693084 
475.543228 153.525937 1013.987032 286.321326 925.802594 568.511527 366.609510 377.618156 
467.243516 152.488473 1010.874640 283.208934 926.840058 568.511527 359.347262 384.880403 
457.906340 158.713256 1001.537464 283.208934 921.652738 568.511527 350.010086 386.955331 
446.494236 161.825648 989.087896 284.246398 915.427954 566.436599 339.635447 394.217579 
431.969741 167.012968 976.638329 281.134006 904.015850 563.324207 327.185879 401.479827 
413.295389 168.050432 962.113833 278.021614 893.641210 568.511527 314.736311 409.779539 
394.621037 173.237752 947.589337 275.946686 885.341499 564.361671 299.174352 419.116715 
376.984150 180.500000 933.064841 269.721902 879.116715 557.099424 289.837176 419.116715 
359.347262 180.500000 920.615274 260.384726 876.004323 547.762248 281.537464 428.453890 
350.010086 185.687320 912.315562 251.047550 876.004323 538.425072 276.350144 435.716138 
340.672911 187.762248 902.978386 240.672911 876.004323 531.162824 273.237752 442.978386 
337.560519 196.061960 904.015850 228.223343 884.304035 517.675793 277.387608 452.315562 
329.260807 204.361671 898.828530 219.923631 893.641210 508.338617 280.500000 461.652738 
332.373199 209.548991 902.978386 209.548991 904.015850 501.076369 289.837176 470.989914 
334.448127 217.848703 907.128242 204.361671 915.427954 493.814121 301.249280 478.252161 
339.635447 225.110951 913.353026 195.024496 932.027378 486.551873 312.661383 485.514409 
341.710375 228.223343 917.502882 187.762248 941.364553 480.327089 321.998559 494.851585 
347.935159 236.523055 924.765130 180.500000 950.701729 476.177233 327.185879 496.926513 
351.047550 237.560519 925.802594 181.537464 956.926513 470.989914 337.560519 501.076369 
357.272334 245.860231 927.877522 181.537464 966.263689 466.840058 341.710375 508.338617 
354.159942 245.860231 932.027378 180.500000 971.451009 470.989914 346.897695 512.488473 
353.122478 251.047550 928.914986 182.574928 970.413545 470.989914 342.747839 513.525937 
345.860231 251.047550 926.840058 184.649856 970.413545 470.989914 338.597983 519.750720 
339.635447 253.122478 917.502882 186.724784 962.113833 473.064841 334.448127 519.750720 
330.298271 253.122478 907.128242 189.837176 948.626801 475.139769 321.998559 521.825648 
320.961095 253.122478 896.753602 196.061960 940.327089 477.214697 309.548991 519.750720 
306.436599 250.010086 884.304035 193.987032 926.840058 475.139769 299.174352 519.750720 
302.286744 246.897695 879.116715 199.174352 915.427954 475.139769 290.874640 512.488473 
297.099424 242.747839 874.966859 199.174352 915.427954 476.177233 290.874640 510.413545 
302.286744 236.523055 879.116715 199.174352 913.353026 475.139769 287.762248 504.188761 
309.548991 233.410663 883.266571 204.361671 916.465418 477.214697 288.799712 503.151297 
311.623919 227.185879 891.566282 206.436599 920.615274 480.327089 293.987032 499.001441 
314.736311 223.036023 894.678674 208.511527 919.577810 486.551873 295.024496 493.814121 
319.923631 219.923631 897.791066 215.773775 924.765130 493.814121 298.136888 493.814121 
326.148415 221.998559 900.903458 223.036023 924.765130 495.889049 300.211816 489.664265 
334.448127 215.773775 904.015850 227.185879 925.802594 499.001441 306.436599 484.476945 
340.672911 213.698847 912.315562 231.335735 930.989914 501.076369 309.548991 477.214697 
348.972622 208.511527 919.577810 227.185879 936.177233 499.001441 317.848703 473.064841 
359.347262 201.249280 927.877522 227.185879 942.402017 493.814121 323.036023 465.802594 
368.684438 191.912104 937.214697 221.998559 949.664265 493.814121 333.410663 458.540346 
378.021614 189.837176 949.664265 223.036023 960.038905 487.589337 345.860231 450.240634 
391.508646 184.649856 953.814121 214.736311 968.338617 486.551873 356.234870 447.128242 
403.958213 181.537464 964.188761 217.848703 977.675793 480.327089 370.759366 439.865994 
409.145533 181.537464 972.488473 214.736311 982.863112 477.214697 380.096542 438.828530 
418.482709 180.500000 978.713256 208.511527 992.200288 475.139769 387.358790 437.791066 
424.707493 182.574928 980.788184 204.361671 996.350144 465.802594 394.621037 437.791066 
422.632565 176.350144 977.675793 191.912104 1000.500000 452.315562 400.845821 430.528818 
411.220461 169.087896 969.376081 171.162824 996.350144 435.716138 398.770893 429.491354 
395.658501 156.638329 948.626801 147.301153 977.675793 405.629683 388.396254 417.041787 
375.946686 140.038905 923.727666 120.327089 961.076369 372.430836 373.871758 401.479827 
337.560519 124.476945 885.341499 82.978386 934.102305 337.157061 346.897695 386.955331 
302.286744 103.727666 850.067723 45.629683 905.053314 299.808357 323.036023 370.355908 
263.900576 96.465418 811.681556 18.655620 871.854467 266.609510 298.136888 363.093660 
227.920508 90.441997 784.527357 0.758540 852.949708 247.364100 283.628164 355.429763 
205.195304 91.730625 759.478831 -6.535707 823.329485 240.238443 260.176685 360.169132 
181.483576 95.078266 727.386240 -10.532331 805.120727 233.135389 241.758835 365.544170 
150.779780 107.822541 700.264099 -8.734739 778.678330 228.015918 217.537704 379.511768 
116.501580 127.580601 659.441758 -7.534649 761.213484 226.039805 196.309247 389.019511 
88.236579 151.868214 633.507527 1.404297 730.492152 233.258165 177.523385 411.225125 
54.332853 184.649856 597.963977 13.468300 706.897695 241.710375 158.079251 445.053314 
33.583573 210.586455 575.139769 35.255043 692.373199 255.197406 143.554755 475.139769 
25.283862 227.185879 564.765130 41.479827 684.073487 260.384726 140.442363 489.664265 
28.396254 233.410663 566.840058 45.629683 685.110951 264.534582 147.704611 493.814121 
43.958213 238.597983 576.177233 53.929395 691.335735 268.684438 154.966859 496.926513 
53.295389 241.710375 583.439481 61.191643 699.635447 273.871758 167.416427 501.076369 
68.857349 250.010086 593.814121 68.453890 707.935159 284.246398 177.791066 504.188761 
85.456772 250.010086 604.188761 82.978386 719.347262 295.658501 191.278098 508.338617 
107.243516 250.010086 631.162824 96.465418 736.984150 309.145533 209.952450 506.263689 
142.517291 243.785303 657.099424 105.802594 757.733429 322.632565 230.701729 504.188761 
179.865994 238.597983 691.335735 119.289625 785.744957 338.194524 253.525937 501.076369 
210.989914 232.373199 716.234870 125.514409 805.456772 343.381844 275.312680 491.739193 
232.776657 225.110951 741.134006 128.626801 818.943804 347.531700 292.949568 482.402017 
255.600865 217.848703 766.033141 137.963977 838.655620 358.943804 307.474063 475.139769 
280.500000 203.324207 784.707493 139.001441 855.255043 364.131124 324.073487 461.652738 
297.099424 196.061960 804.419308 147.301153 863.554755 375.543228 334.448127 456.465418 
314.546293 189.958475 820.713808 154.467597 869.725020 382.623238 343.277004 445.154785 
327.185879 180.500000 829.318444 161.825648 877.041787 389.030259 348.972622 439.865994 
337.560519 180.500000 836.580692 172.200288 881.191643 398.367435 355.197406 433.641210 
347.935159 173.237752 844.880403 180.500000 882.229107 403.554755 359.347262 430.528818 
355.197406 175.312680 851.105187 187.762248 882.229107 417.041787 359.347262 428.453890 
358.309798 175.312680 847.992795 196.061960 876.004323 424.304035 360.384726 429.491354 
361.422190 177.387608 842.805476 209.548991 869.779539 433.641210 356.234870 431.566282 
354.159942 180.500000 841.768012 224.073487 858.367435 448.165706 347.935159 433.641210 
350.010086 185.687320 832.430836 236.523055 849.030259 456.465418 340.672911 435.716138 
344.822767 190.874640 823.093660 247.935159 836.580692 473.064841 329.260807 439.865994 
340.672911 193.987032 814.793948 259.347262 824.131124 484.476945 316.811239 447.128242 
332.373199 195.024496 806.494236 273.871758 811.681556 493.814121 306.436599 442.978386 
329.260807 195.024496 797.157061 283.208934 797.157061 508.338617 297.099424 447.128242 
324.073487 200.211816 789.894813 298.770893 782.632565 517.675793 285.687320 449.203170 
320.961095 201.249280 782.632565 313.295389 769.145533 533.237752 275.312680 448.165706 
319.923631 206.436599 772.257925 331.969741 752.546110 544.649856 265.975504 450.240634 
318.886167 208.511527 764.995677 349.606628 741.134006 569.548991 253.525937 456.465418 
318.886167 215.773775 753.583573 368.280980 723.497118 588.223343 243.151297 456.465418 
317.848703 225.110951 748.396254 389.030259 712.085014 603.785303 236.926513 463.727666 
318.886167 227.185879 747.358790 407.704611 698.597983 622.459654 229.664265 466.840058 
321.998559 232.373199 742.171470 417.041787 696.523055 631.796830 229.664265 463.727666 
332.373199 221.998559 745.283862 421.191643 690.834420 632.217498 235.889049 454.390490 
334.448127 213.698847 740.096542 420.154179 684.073487 629.721902 234.851585 442.978386 
343.785303 199.174352 742.171470 412.891931 678.886167 620.384726 235.889049 426.378963 
348.972622 176.350144 738.021614 400.442363 671.623919 604.822767 236.926513 403.554755 
351.047550 149.376081 734.909222 386.955331 665.399135 587.185879 237.963977 375.543228 
356.234870 121.364553 734.909222 361.018732 662.286744 560.211816 241.076369 344.419308 
361.422190 101.652738 733.871758 344.419308 659.174352 538.425072 243.151297 322.632565 
363.497118 87.128242 736.984150 333.007205 663.324207 529.087896 247.301153 309.145533 
366.609510 73.641210 733.871758 320.557637 659.174352 512.488473 247.301153 292.546110 
362.459654 61.191643 730.759366 310.182997 658.136888 499.001441 246.263689 284.246398 
359.347262 59.116715 727.646974 302.920749 650.874640 493.814121 244.188761 275.946686 
352.085014 50.817003 723.497118 296.695965 644.649856 489.664265 237.963977 275.946686 
346.897695 53.929395 713.122478 294.621037 637.387608 489.664265 233.814121 275.946686 
341.710375 54.966859 708.972622 299.808357 636.350144 486.551873 230.701729 281.134006 
337.560519 61.191643 700.672911 297.733429 628.050432 489.664265 224.476945 284.246398 
331.335735 66.378963 699.635447 302.920749 627.012968 491.739193 224.476945 292.546110 
329.260807 74.678674 695.485591 303.958213 629.087896 493.814121 223.439481 299.808357 
323.036023 88.165706 694.448127 307.070605 630.125360 496.926513 221.364553 312.257925 
319.923631 98.540346 691.335735 310.182997 629.087896 496.926513 223.439481 322.632565 
312.661383 109.952450 689.260807 311.220461 636.350144 503.151297 223.439481 342.344380 
309.548991 129.664265 690.298271 310.182997 642.574928 499.001441 231.739193 356.868876 
303.324207 143.151297 688.223343 309.145533 651.912104 503.151297 235.889049 377.618156 
299.174352 162.863112 690.298271 306.033141 660.211816 501.076369 245.226225 396.292507 
293.987032 176.350144 691.335735 302.920749 670.586455 501.076369 252.488473 417.041787 
289.837176 199.174352 688.223343 300.845821 683.036023 495.889049 258.713256 435.716138 
285.687320 215.773775 688.223343 294.621037 694.448127 491.739193 272.200288 452.315562 
287.762248 227.185879 691.335735 287.358790 705.860231 482.402017 285.687320 465.802594 
290.874640 238.597983 696.523055 278.021614 721.422190 473.064841 302.286744 478.252161 
292.949568 245.860231 696.523055 260.384726 731.796830 456.465418 319.923631 482.402017 
298.136888 253.122478 700.672911 250.010086 746.321326 440.903458 335.485591 489.664265 
304.361671 259.347262 705.860231 238.597983 756.695965 424.304035 348.972622 491.739193 
308.511527 262.459654 708.972622 224.073487 768.108069 409.779539 366.609510 489.664265 
315.773775 262.459654 711.047550 214.736311 777.445245 396.292507 380.096542 489.664265 
319.923631 266.609510 714.159942 203.324207 784.707493 384.880403 391.508646 489.664265 
326.148415 269.721902 712.085014 195.024496 789.894813 373.468300 404.995677 491.739193 
327.185879 271.796830 712.085014 193.987032 793.007205 368.280980 411.220461 491.739193 
330.298271 273.871758 713.122478 184.649856 797.157061 358.943804 421.595101 491.739193 
331.335735 282.171470 708.972622 181.537464 804.419308 351.681556 433.007205 499.001441 
337.560519 292.546110 706.897695 180.500000 806.494236 347.531700 442.344380 504.188761 
341.710375 310.182997 698.597983 182.574928 806.494236 344.419308 447.531700 512.488473 
335.485591 331.969741 692.373199 190.874640 803.381844 347.531700 454.793948 538.425072 
329.260807 353.756484 685.110951 199.174352 803.381844 353.756484 462.056196 549.837176 
335.485591 354.793948 681.998559 197.099424 806.494236 347.531700 469.318444 551.912104 
343.785303 358.943804 689.260807 195.024496 813.756484 341.306916 480.730548 550.874640 
350.010086 363.093660 688.223343 199.174352 816.868876 342.344380 490.067723 552.949568 
353.122478 372.430836 691.335735 201.249280 823.093660 343.381844 500.442363 561.249280 
358.309798 391.105187 690.298271 210.586455 826.206052 349.606628 507.704611 579.923631 
360.384726 409.779539 691.335735 227.185879 832.430836 364.131124 518.079251 597.560519 
367.646974 438.828530 691.335735 243.785303 836.580692 377.618156 529.491354 619.347262 
378.021614 457.502882 694.448127 259.347262 843.842939 389.030259 537.791066 636.984150 
386.321326 467.877522 700.672911 268.684438 852.142651 398.367435 550.240634 648.396254 
388.396254 470.989914 704.822767 266.609510 859.404899 396.292507 556.465418 650.471182 
393.583573 475.139769 708.972622 273.871758 862.517291 401.479827 563.727666 657.733429 
401.883285 484.476945 716.234870 285.283862 867.704611 410.817003 572.027378 664.995677 
406.033141 491.739193 723.497118 290.471182 879.116715 421.191643 577.214697 672.257925 
415.370317 496.926513 733.871758 301.883285 886.378963 430.528818 589.664265 681.595101 
424.707493 501.076369 746.321326 309.145533 899.865994 445.053314 593.814121 689.894813 
427.819885 501.076369 750.471182 318.482709 901.940922 452.315562 593.814121 690.932277 
431.969741 503.151297 757.733429 324.707493 909.203170 465.802594 597.963977 696.119597 
435.082133 495.889049 767.070605 327.819885 912.315562 476.177233 592.776657 699.231988 
436.119597 489.664265 768.108069 333.007205 911.278098 480.327089 590.701729 696.119597 
434.044669 486.551873 773.295389 339.231988 911.278098 489.664265 586.551873 695.082133 
430.932277 480.327089 774.332853 345.456772 906.090778 503.151297 572.027378 695.082133 
422.632565 473.064841 771.220461 347.531700 899.865994 508.338617 562.690202 689.894813 
417.445245 465.802594 769.145533 351.681556 893.641210 514.563401 550.240634 688.857349 
413.295389 454.390490 761.883285 351.681556 886.378963 519.750720 541.940922 684.707493 
406.033141 445.053314 758.770893 353.756484 877.041787 521.825648 530.528818 676.407781 
397.733429 433.641210 753.583573 353.756484 863.554755 529.087896 518.079251 671.220461 
391.508646 426.378963 747.358790 356.868876 853.180115 531.162824 506.667147 664.995677 
382.171470 419.116715 733.871758 361.018732 840.730548 538.425072 491.105187 661.883285 
369.721902 414.966859 722.459654 366.206052 823.093660 544.649856 474.505764 660.845821 
355.197406 409.779539 711.047550 372.430836 808.569164 549.837176 455.831412 659.808357 
341.710375 409.779539 696.523055 377.618156 790.932277 566.436599 439.231988 662.920749 
326.148415 409.779539 684.073487 389.030259 766.033141 577.848703 416.407781 667.070605 
319.923631 403.554755 674.736311 396.292507 753.583573 580.961095 401.883285 666.033141 
317.848703 400.442363 670.586455 396.292507 750.471182 583.036023 399.808357 662.920749 
312.661383 396.292507 668.511527 400.442363 748.396254 590.298271 394.621037 661.883285 
316.811239 394.217579 669.548991 401.479827 741.134006 592.373199 390.471182 662.920749 
313.698847 389.030259 668.511527 403.554755 740.096542 597.560519 386.321326 658.770893 
312.661383 384.880403 662.286744 407.704611 731.796830 604.822767 380.096542 659.808357 
310.586455 381.768012 653.987032 410.817003 722.459654 605.860231 373.871758 657.733429 
301.249280 381.768012 648.799712 414.966859 716.234870 612.085014 365.572046 658.770893 
295.024496 379.693084 641.537464 419.116715 701.710375 615.197406 356.234870 657.733429 
286.724784 379.693084 631.162824 420.154179 694.448127 621.422190 345.860231 659.808357 
282.574928 379.693084 621.825648 426.378963 681.998559 624.534582 337.560519 659.808357 
273.237752 377.618156 615.600865 429.491354 670.586455 630.759366 329.260807 660.845821 
270.125360 377.618156 609.376081 437.791066 664.361671 638.021614 317.848703 667.070605 
262.863112 379.693084 599.001441 440.903458 653.987032 648.396254 311.623919 669.145533 
254.563401 379.693084 589.664265 452.315562 643.612392 652.546110 298.136888 672.257925 
250.413545 382.805476 581.364553 459.577810 630.125360 667.070605 286.724784 679.520173 

