306.856073 20.267055 956.173877 105.325291 862.729617 457.538270 321.232113 382.064060 
305.658070 22.663062 951.381864 112.513311 862.729617 485.092346 322.430116 395.242097 
321.232113 47.821131 958.569884 143.661398 857.937604 489.884359 318.836106 403.628120 
312.846090 23.861065 947.787854 136.473378 841.165557 482.696339 292.480033 390.450083 
300.866057 21.465058 935.807820 146.057404 814.809484 534.210483 286.490017 402.430116 
329.618136 55.009151 929.817804 234.709651 800.433444 578.536606 263.727953 408.420133 
328.420133 52.613145 926.223794 256.273710 771.681364 582.130616 243.361897 386.856073 
324.826123 9.485025 904.659734 265.857737 728.553245 615.674709 222.995840 371.282030 
336.806156 29.851082 904.659734 334.143927 711.781198 643.228785 205.025790 379.668053 
348.786190 35.841098 903.461730 338.935940 695.009151 631.248752 197.837770 358.103993 
363.964731 -6.053527 898.272407 346.759161 675.536010 656.541967 210.648020 310.578811 
395.508319 25.059068 896.273710 414.410150 642.297005 692.346922 212.213810 325.757903 
406.290349 15.475042 886.689684 422.796173 626.722962 681.564892 208.619800 289.817804 
464.274774 20.004028 902.215048 477.730761 615.066827 738.774599 229.552848 271.101903 
480.834917 38.689834 891.124521 500.565557 594.188164 725.827621 242.048437 288.168246 
486.218124 39.227893 890.263482 501.362839 583.032107 712.137852 254.357976 249.006122 
530.680316 31.847179 889.350487 539.377192 575.045671 750.928510 267.066532 257.256067 
529.532384 39.112272 884.623308 547.125566 552.982985 726.601506 257.184592 252.800540 
533.296615 28.522985 883.790209 540.548409 552.139381 728.192956 280.004721 228.705289 
586.111890 48.556693 878.447763 593.835662 532.223515 746.581654 305.701246 231.758314 
586.240850 51.699851 864.348729 610.724780 498.413905 747.950339 295.559914 231.995621 
602.765460 68.792201 837.830164 619.725101 479.507097 741.880692 302.217970 210.013311 
628.811788 49.295597 827.411319 645.094188 458.738507 722.925115 315.934470 191.872603 
683.547515 53.115737 809.363176 671.092660 451.039028 720.946455 355.330042 174.037964 
697.405158 78.969218 813.611481 679.168885 448.220466 710.316972 372.746256 162.829451 
752.513311 86.157238 794.443428 676.772879 429.052413 673.178869 413.478369 129.285358 
771.681364 78.969218 782.463394 673.178869 423.062396 645.624792 426.656406 101.731281 
796.839434 71.781198 765.691348 670.782862 406.290349 608.486689 461.398502 68.187188 
825.591514 53.811148 739.335275 675.574875 389.518303 586.922629 484.160566 57.405158 
847.155574 77.771215 710.583195 674.376872 361.964226 561.764559 503.328619 40.633111 
853.145591 88.553245 672.247088 677.970882 333.212146 543.794509 510.516639 40.633111 
853.145591 108.919301 651.881032 671.980865 328.420133 534.210483 512.912646 32.247088 
866.323627 113.711314 648.287022 657.604825 320.034110 501.864393 540.466722 15.475042 
881.980837 108.800201 641.609566 656.705305 316.203301 466.467797 559.980442 -3.357239 
897.469606 111.699019 610.887715 635.934185 290.595647 437.234477 578.346402 -14.374345 
912.785433 115.325380 587.500615 621.963680 289.440455 407.732941 597.309069 -29.959787 
921.585857 119.784532 580.468904 598.660255 295.916865 386.063903 599.992785 -53.875726 
936.915969 130.616529 574.049554 593.969029 293.625573 354.440213 651.537792 -57.936909 
949.030192 146.376846 546.125938 563.568484 294.860875 318.585048 668.820241 -55.374318 
949.663652 139.389998 545.142168 568.113623 288.186718 303.251851 676.331910 -56.946887 
946.309831 163.899653 523.330680 574.061255 292.875516 302.048602 693.695347 -68.232575 
937.857258 214.082375 487.183848 580.630082 275.146057 299.823278 709.580082 -26.002241 
944.019277 229.500048 465.586394 577.451235 263.646075 294.734789 695.008428 -6.404967 
901.950735 253.513446 445.454938 595.885294 253.763574 296.149708 691.702949 -5.541862 
889.532350 279.015142 419.581469 652.127659 215.304212 333.168433 680.905842 45.682863 
851.947587 324.559900 388.320300 669.584859 178.669717 380.866057 649.485025 68.187188 
806.423461 331.747920 353.578203 661.198835 158.303661 368.886023 626.722962 92.147255 
800.433444 335.341930 327.222130 681.564892 141.531614 372.480033 603.960899 86.157238 
771.681364 368.886023 316.440100 720.500000 113.977537 421.598170 584.792845 119.701331 
746.980361 383.620330 308.761993 739.275817 82.380505 445.687324 532.883305 160.476918 
739.249547 381.188624 302.622181 754.941650 85.100760 462.535805 533.907880 169.980052 
746.337296 380.096115 354.722359 808.424952 85.946586 534.163958 494.308466 172.111157 
727.575900 374.904001 376.737846 803.444443 106.691415 568.930438 477.546252 190.507135 
726.459220 331.671834 432.086750 781.689517 135.232262 561.940091 468.379409 169.177138 
744.841722 289.279856 505.065606 747.252237 177.042752 577.863386 462.739107 155.811952 
750.117304 251.481697 534.476705 712.712978 226.589850 566.556572 473.378536 134.077371 
738.137271 219.135607 563.228785 676.772879 245.757903 555.774542 460.200499 113.711314 
718.969218 156.839434 582.396839 634.842762 254.143927 543.794509 425.458403 66.989185 
716.573211 88.553245 620.732945 598.902662 278.103993 534.210483 401.498336 33.445092 
708.187188 47.821131 639.900998 585.724626 296.074043 540.200499 389.518303 22.663062 
703.395175 21.465058 661.465058 543.794509 324.826123 521.032446 376.340266 23.861065 
0.000000 0.000000 0.000000 0.000000 0.000000 0.000000 0.000000 0.000000 
0.000000 0.000000 0.000000 0.000000 0.000000 0.000000 0.000000 0.000000 
0.000000 0.000000 0.000000 0.000000 0.000000 0.000000 0.000000 0.000000 
0.000000 0.000000 0.000000 0.000000 0.000000 0.000000 0.000000 0.000000 
0.000000 0.000000 0.000000 0.000000 0.000000 0.000000 0.000000 0.000000 
0.000000 0.000000 0.000000 0.000000 0.000000 0.000000 0.000000 0.000000 
0.000000 0.000000 0.000000 0.000000 0.000000 0.000000 0.000000 0.000000 
631.360946 -63.707274 776.715421 420.807643 472.494092 523.249519 316.716057 16.970903 
607.143475 -72.881653 781.926604 427.939233 486.658200 538.664885 287.724950 46.223560 
569.241962 -77.381796 774.828813 422.808893 473.602486 551.108995 265.500721 74.488824 
524.088026 -68.425409 768.679014 425.923984 481.438672 578.634039 238.396472 96.740021 
502.331843 -32.421693 776.422750 430.243759 483.893693 604.516389 247.961174 122.682373 
487.002317 -17.102367 768.630549 438.132308 491.869820 620.946735 225.638421 173.781377 
444.626456 4.693012 770.483361 441.964226 508.120632 636.040765 199.035774 216.739601 
414.676373 25.059068 760.899334 429.984193 505.724626 637.238769 171.481697 247.887687 
369.152246 49.019135 736.939268 422.796173 484.160566 654.010815 124.759567 271.847754 
311.648087 47.821131 699.801165 426.390183 457.804493 663.594842 66.057404 302.995840 
262.529950 52.613145 661.465058 425.192180 420.666389 671.980865 28.919301 302.995840 
242.163894 37.039101 638.702995 418.004160 402.696339 654.010815 4.959235 283.827787 
248.153910 27.455075 629.118968 415.608153 389.518303 643.228785 0.500000 268.253744 
279.627079 -11.126927 651.870301 393.206229 363.810620 602.190703 30.839803 177.058320 
338.022150 -83.172337 652.638796 345.850363 379.560251 524.680560 19.363907 125.332439 
434.624386 -99.393930 691.770864 301.660210 393.229926 458.625033 116.448098 6.664833 
0.000000 0.000000 0.000000 0.000000 0.000000 0.000000 0.000000 0.000000 
0.000000 0.000000 0.000000 0.000000 0.000000 0.000000 0.000000 0.000000 
0.000000 0.000000 0.000000 0.000000 0.000000 0.000000 0.000000 0.000000 
0.000000 0.000000 0.000000 0.000000 0.000000 0.000000 0.000000 0.000000 
0.000000 0.000000 0.000000 0.000000 0.000000 0.000000 0.000000 0.000000 
0.000000 0.000000 0.000000 0.000000 0.000000 0.000000 0.000000 0.000000 
0.000000 0.000000 0.000000 0.000000 0.000000 0.000000 0.000000 0.000000 
0.000000 0.000000 0.000000 0.000000 0.000000 0.000000 0.000000 0.000000 
807.621464 26.257072 691.415141 601.298669 388.320300 527.022463 498.536606 19.069052 
793.245424 102.929285 647.089018 712.712978 334.410150 637.238769 494.942596 63.395175 
0.000000 0.000000 0.000000 0.000000 0.000000 0.000000 0.000000 0.000000 
0.000000 0.000000 0.000000 0.000000 0.000000 0.000000 0.000000 0.000000 
0.000000 0.000000 0.000000 0.000000 0.000000 0.000000 0.000000 0.000000 
0.000000 0.000000 0.000000 0.000000 0.000000 0.000000 0.000000 0.000000 
0.000000 0.000000 0.000000 0.000000 0.000000 0.000000 0.000000 0.000000 
0.000000 0.000000 0.000000 0.000000 0.000000 0.000000 0.000000 0.000000 
0.000000 0.000000 0.000000 0.000000 0.000000 0.000000 0.000000 0.000000 
0.000000 0.000000 0.000000 0.000000 0.000000 0.000000 0.000000 0.000000 
0.000000 0.000000 0.000000 0.000000 0.000000 0.000000 0.000000 0.000000 
494.942596 136.473378 571.614809 627.654742 257.737937 676.772879 195.441764 185.591514 
447.022463 44.227121 565.624792 541.398502 258.935940 610.882696 165.491681 148.453411 
429.052413 1.099002 558.436772 483.894343 256.539933 567.754576 142.729617 90.949251 
404.323625 -44.010405 551.183513 439.403391 264.688224 509.675820 118.777395 58.973481 
399.284017 -48.161078 549.425361 367.614951 266.745425 450.624138 80.611009 9.779469 
0.000000 0.000000 0.000000 0.000000 0.000000 0.000000 0.000000 0.000000 
0.000000 0.000000 0.000000 0.000000 0.000000 0.000000 0.000000 0.000000 
0.000000 0.000000 0.000000 0.000000 0.000000 0.000000 0.000000 0.000000 
0.000000 0.000000 0.000000 0.000000 0.000000 0.000000 0.000000 0.000000 
0.000000 0.000000 0.000000 0.000000 0.000000 0.000000 0.000000 0.000000 
0.000000 0.000000 0.000000 0.000000 0.000000 0.000000 0.000000 0.000000 
0.000000 0.000000 0.000000 0.000000 0.000000 0.000000 0.000000 0.000000 
0.000000 0.000000 0.000000 0.000000 0.000000 0.000000 0.000000 0.000000 
0.000000 0.000000 0.000000 0.000000 0.000000 0.000000 0.000000 0.000000 
0.000000 0.000000 0.000000 0.000000 0.000000 0.000000 0.000000 0.000000 
0.000000 0.000000 0.000000 0.000000 0.000000 0.000000 0.000000 0.000000 
0.000000 0.000000 0.000000 0.000000 0.000000 0.000000 0.000000 0.000000 
0.000000 0.000000 0.000000 0.000000 0.000000 0.000000 0.000000 0.000000 
0.000000 0.000000 0.000000 0.000000 0.000000 0.000000 0.000000 0.000000 
0.000000 0.000000 0.000000 0.000000 0.000000 0.000000 0.000000 0.000000 
0.000000 0.000000 0.000000 0.000000 0.000000 0.000000 0.000000 0.000000 
781.654776 50.311206 541.985343 483.998751 299.203553 345.590441 549.066411 -43.540240 
761.304961 99.323658 532.218792 522.251970 299.195390 361.149371 564.197221 5.577293 
777.671381 160.433444 528.486689 543.794509 317.638103 403.628120 554.842762 39.435108 
771.681364 176.007488 526.090682 571.348586 311.648087 429.984193 562.030782 62.197171 
766.889351 186.789517 534.476705 590.516639 308.054077 444.360233 548.852745 80.167221 
770.483361 196.373544 570.416805 598.902662 333.212146 464.726290 548.852745 107.721298 
780.067388 199.967554 601.564892 601.298669 360.766223 491.082363 556.040765 124.493344 
789.651414 192.779534 641.099002 597.704659 395.508319 506.656406 563.228785 134.077371 
784.859401 172.413478 668.653078 601.298669 424.260399 519.834443 558.436772 144.859401 
774.077371 165.225458 683.029118 585.724626 442.230449 529.418469 540.466722 144.859401 
733.345258 111.315308 692.613145 559.368552 451.814476 522.230449 504.526622 120.899334 
691.415141 80.167221 691.415141 529.418469 441.032446 521.032446 460.200499 105.325291 
657.871048 65.791181 691.415141 511.448419 443.428453 527.022463 411.082363 117.305324 
605.158902 57.405158 684.227121 507.854409 447.022463 544.992512 378.736273 125.691348 
552.446755 71.781198 678.237105 517.438436 435.042429 591.714642 324.826123 162.829451 
511.714642 93.345258 681.831115 512.646423 453.012479 596.506656 296.074043 211.947587 
480.566556 90.949251 679.435108 493.478369 464.992512 595.308652 276.905990 220.333611 
449.418469 99.335275 686.623128 493.478369 480.566556 620.466722 264.925957 243.095674 
437.438436 108.919301 692.613145 495.874376 484.160566 621.664725 252.945923 269.451747 
408.686356 86.157238 684.227121 457.538270 488.952579 595.308652 234.975874 251.481697 
379.934276 51.415141 672.247088 418.004160 475.774542 565.358569 185.857737 202.363561 
373.944260 43.029118 649.485025 408.420133 449.418469 548.586522 199.035774 213.145591 
345.192180 40.633111 629.118968 410.816140 441.032446 548.586522 181.065724 207.155574 
339.202163 27.455075 618.336938 390.450083 430.250416 519.834443 175.075707 186.789517 
358.370216 25.059068 633.910982 386.856073 450.616473 517.438436 189.451747 185.591514 
391.914309 46.623128 647.089018 386.856073 456.606489 512.646423 230.183860 191.581531 
436.240433 13.079035 672.247088 356.905990 476.972546 479.102329 260.133943 154.443428 
484.490238 -13.316250 693.944020 348.790288 506.593473 446.659977 312.725019 118.574900 
511.746370 -20.308909 705.784874 354.319884 512.423686 436.553952 341.507925 99.220212 
548.758616 -18.011957 704.142110 365.088728 511.057821 444.735997 363.818048 94.165109 
563.122067 -3.036840 698.704143 385.928132 496.726579 455.702199 377.042127 96.648843 
568.020799 9.485025 690.217138 410.816140 478.170549 476.706323 381.132280 102.929285 
589.584859 50.217138 677.039101 447.954243 464.992512 487.488353 389.518303 120.899334 
595.574875 47.821131 662.663062 451.548253 444.626456 485.092346 393.112313 110.117304 
595.574875 31.049085 644.693012 446.756240 414.676373 465.924293 376.340266 82.563228 
582.396839 21.465058 613.544925 447.954243 389.518303 457.538270 370.350250 64.593178 
577.604825 5.891015 599.168885 439.568220 363.162230 444.360233 352.380200 39.435108 
579.653025 -18.532795 584.230085 413.236605 341.838385 418.339588 339.258063 15.809343 
0.000000 0.000000 0.000000 0.000000 0.000000 0.000000 0.000000 0.000000 
0.000000 0.000000 0.000000 0.000000 0.000000 0.000000 0.000000 0.000000 
567.450070 -12.281844 556.556595 469.754404 292.445124 465.200758 307.032027 16.653495 
569.369027 -20.178541 551.035126 480.948107 271.900378 465.801260 299.227224 21.740015 
559.436510 -20.287351 542.311007 491.765196 243.840856 478.198370 280.047446 15.271257 
0.000000 0.000000 0.000000 0.000000 0.000000 0.000000 0.000000 0.000000 
0.000000 0.000000 0.000000 0.000000 0.000000 0.000000 0.000000 0.000000 
0.000000 0.000000 0.000000 0.000000 0.000000 0.000000 0.000000 0.000000 
0.000000 0.000000 0.000000 0.000000 0.000000 0.000000 0.000000 0.000000 
0.000000 0.000000 0.000000 0.000000 0.000000 0.000000 0.000000 0.000000 
0.000000 0.000000 0.000000 0.000000 0.000000 0.000000 0.000000 0.000000 
0.000000 0.000000 0.000000 0.000000 0.000000 0.000000 0.000000 0.000000 
0.000000 0.000000 0.000000 0.000000 0.000000 0.000000 0.000000 0.000000 
0.000000 0.000000 0.000000 0.000000 0.000000 0.000000 0.000000 0.000000 
698.298760 -51.446551 764.960871 669.985629 355.586771 661.367227 352.194811 44.030401 
719.880084 -63.806278 826.312357 640.904374 411.281698 635.514366 364.783583 48.922770 
0.000000 0.000000 0.000000 0.000000 0.000000 0.000000 0.000000 0.000000 
0.000000 0.000000 0.000000 0.000000 0.000000 0.000000 0.000000 0.000000 
0.000000 0.000000 0.000000 0.000000 0.000000 0.000000 0.000000 0.000000 
835.315475 -42.343823 994.221642 688.624543 586.027640 698.893574 470.069204 63.269557 
843.785567 -10.676904 1057.382738 695.468967 631.114314 732.943115 513.258273 101.843026 
842.766968 -15.280377 1133.563686 664.555193 749.511655 735.675940 533.130847 184.888428 
856.643020 -10.865932 1152.568122 642.048182 772.874296 726.424588 568.725507 189.424512 
845.875304 -8.764979 1171.997289 609.742233 802.628029 713.531942 583.985906 195.930183 
839.674301 -5.842068 1174.387338 582.441453 839.218085 713.239211 578.887547 213.767830 
794.490081 18.309718 1182.765654 569.540323 834.855385 700.769635 558.607080 242.779025 
735.741265 13.079035 1147.854409 542.596506 825.591514 688.752912 532.080699 246.689684 
697.405158 13.079035 1109.518303 500.666389 796.839434 670.782862 491.348586 238.303661 
642.297005 38.237105 1069.984193 491.082363 764.493344 677.970882 445.824459 270.649750 
591.980865 53.811148 1026.856073 489.884359 747.721298 679.168885 401.498336 302.995840 
541.664725 68.187188 974.143927 469.518303 708.187188 671.980865 353.578203 302.995840 
484.160566 71.781198 921.431780 463.528286 661.465058 682.762895 297.272047 322.163894 
429.052413 104.127288 872.313644 469.518303 635.108985 692.346922 245.757903 353.311980 
378.736273 98.137271 837.571547 464.726290 624.326955 685.158902 222.995840 352.113977 
360.766223 80.167221 824.393511 437.172213 620.732945 657.604825 201.431780 346.123960 
323.628120 60.999168 795.641431 412.014143 583.594842 639.634775 153.511647 323.361897 
258.935940 40.633111 744.127288 395.242097 553.644759 618.070715 100.799501 306.589850 
232.579867 23.861065 705.791181 356.905990 520.100666 584.526622 78.037438 286.223794 
224.867548 -24.279527 678.396921 305.034795 487.892569 526.641898 68.007816 243.463809 
201.294586 -68.428065 685.944098 304.101038 490.736679 513.876175 63.351398 212.763818 
238.059017 -81.355419 697.980432 296.753052 482.105746 500.958836 93.274127 167.674591 
275.747600 -97.152490 718.297854 280.697434 504.893701 470.390014 116.880920 135.473719 
334.258982 -117.819835 729.621106 274.796719 509.140344 450.492326 162.706924 89.472235 
391.060706 -155.781753 730.435347 280.203186 484.714494 440.604298 190.874150 54.414131 
381.325069 -177.718098 700.201079 302.114373 463.493919 463.676403 186.083448 47.560696 
428.305540 -108.270181 702.670801 340.691154 467.147900 473.172786 194.489295 73.586899 
452.090948 -95.519815 708.965356 359.676747 457.153770 470.285575 231.084150 64.519591 
476.273474 -102.672891 704.118822 369.554967 455.221784 469.113782 257.078681 39.803725 
523.587414 -70.950261 717.822273 384.241355 467.883736 468.332825 290.593282 34.956162 
563.925356 -62.180275 726.922844 400.671082 479.077238 471.484112 319.422180 42.606800 
594.115123 -35.552518 728.338429 418.849300 479.200962 481.738369 348.568371 46.296400 
614.823050 -0.896657 730.023282 458.347514 474.009928 496.887159 378.083258 59.887884 
619.177717 -1.389741 720.735765 462.875621 471.814842 505.103278 381.724801 89.688089 
633.910982 19.069052 730.949251 482.696339 478.170549 509.052413 413.478369 81.365225 
649.485025 34.643095 753.711314 483.894343 508.120632 510.250416 447.022463 95.741265 
685.425125 28.653078 768.087354 477.904326 534.476705 497.072379 473.378536 102.929285 
697.405158 32.247088 772.879368 474.310316 544.060732 497.072379 486.556572 99.335275 
706.989185 28.653078 786.057404 475.508319 563.228785 493.478369 503.328619 90.949251 
724.959235 28.653078 796.839434 470.716306 580.000832 485.092346 526.090682 104.127288 
735.741265 35.841098 788.453411 479.102329 576.406822 493.478369 527.288686 108.919301 
730.949251 49.019135 775.275374 488.686356 558.436772 500.666389 524.892679 113.711314 
703.395175 75.375208 747.721298 495.874376 534.476705 504.260399 511.714642 134.077371 
674.643095 80.167221 714.177205 498.270383 510.516639 505.458403 488.952579 132.879368 
663.861065 86.157238 696.207155 497.072379 500.932612 500.666389 475.774542 143.661398 
656.673045 87.355241 679.435108 497.072379 487.754576 499.468386 468.586522 140.067388 
631.514975 96.939268 656.673045 499.468386 470.982529 500.666389 453.012479 146.057404 
625.524958 99.335275 649.485025 505.458403 467.388519 505.458403 448.220466 150.849418 
625.524958 111.315308 650.683028 498.270383 475.774542 503.062396 455.408486 156.839434 
629.118968 108.919301 653.079035 488.686356 484.160566 487.488353 460.200499 154.443428 
632.712978 113.711314 663.861065 485.092346 498.536606 483.894343 473.378536 156.839434 
643.495008 114.909318 657.871048 492.280366 499.734609 491.082363 485.358569 149.651414 
615.940932 122.097338 643.495008 491.082363 472.180532 497.072379 461.398502 168.819468 
582.396839 137.671381 597.970882 503.062396 431.448419 512.646423 421.864393 179.601498 
546.456739 150.849418 553.644759 521.032446 394.310316 527.022463 393.112313 190.383527 
512.912646 170.017471 527.288686 529.418469 371.548253 536.606489 357.172213 209.551581 
487.754576 183.195507 493.744592 549.784526 332.014143 559.368552 327.222130 223.927621 
435.042429 205.957571 459.002496 572.546589 300.866057 578.536606 293.678037 250.283694 
419.468386 217.937604 445.824459 577.338602 299.668053 584.526622 282.896007 253.877704 
413.478369 225.125624 426.656406 580.932612 281.698003 586.922629 273.311980 264.659734 
375.142263 237.105657 390.716306 596.506656 230.183860 607.288686 231.381864 275.441764 
329.618136 251.481697 340.400166 606.090682 173.877704 618.070715 178.669717 288.619800 
282.896007 251.481697 292.480033 614.476705 115.175541 625.258735 117.571547 281.431780 
209.817804 255.075707 209.817804 622.862729 40.899334 631.248752 49.285358 275.441764 
155.907654 256.273710 164.293677 627.654742 13.345258 625.258735 19.335275 283.827787 
0.000000 0.000000 0.000000 0.000000 0.000000 0.000000 0.000000 0.000000 
0.000000 0.000000 0.000000 0.000000 0.000000 0.000000 0.000000 0.000000 
0.000000 0.000000 0.000000 0.000000 0.000000 0.000000 0.000000 0.000000 
0.000000 0.000000 0.000000 0.000000 0.000000 0.000000 0.000000 0.000000 
0.000000 0.000000 0.000000 0.000000 0.000000 0.000000 0.000000 0.000000 
0.000000 0.000000 0.000000 0.000000 0.000000 0.000000 0.000000 0.000000 
0.000000 0.000000 0.000000 0.000000 0.000000 0.000000 0.000000 0.000000 
0.000000 0.000000 0.000000 0.000000 0.000000 0.000000 0.000000 0.000000 
0.000000 0.000000 0.000000 0.000000 0.000000 0.000000 0.000000 0.000000 
0.000000 0.000000 0.000000 0.000000 0.000000 0.000000 0.000000 0.000000 
0.000000 0.000000 0.000000 0.000000 0.000000 0.000000 0.000000 0.000000 
0.000000 0.000000 0.000000 0.000000 0.000000 0.000000 0.000000 0.000000 
0.000000 0.000000 0.000000 0.000000 0.000000 0.000000 0.000000 0.000000 
0.000000 0.000000 0.000000 0.000000 0.000000 0.000000 0.000000 0.000000 
0.000000 0.000000 0.000000 0.000000 0.000000 0.000000 0.000000 0.000000 
0.000000 0.000000 0.000000 0.000000 0.000000 0.000000 0.000000 0.000000 
0.000000 0.000000 0.000000 0.000000 0.000000 0.000000 0.000000 0.000000 
0.000000 0.000000 0.000000 0.000000 0.000000 0.000000 0.000000 0.000000 
0.000000 0.000000 0.000000 0.000000 0.000000 0.000000 0.000000 0.000000 
0.000000 0.000000 0.000000 0.000000 0.000000 0.000000 0.000000 0.000000 
0.000000 0.000000 0.000000 0.000000 0.000000 0.000000 0.000000 0.000000 
0.000000 0.000000 0.000000 0.000000 0.000000 0.000000 0.000000 0.000000 
176.273710 318.569884 194.243760 589.318636 45.691348 598.902662 43.295341 319.767887 
258.935940 323.361897 274.509983 582.130616 130.749584 586.922629 128.353577 322.163894 
310.450083 331.747920 322.430116 577.338602 208.619800 582.130616 199.035774 330.549917 
376.340266 312.579867 391.914309 565.358569 296.074043 566.556572 292.480033 335.341930 
407.488353 310.183860 421.864393 564.160566 333.212146 562.962562 315.242097 317.371880 
429.052413 314.975874 455.408486 559.368552 354.776206 561.764559 347.588186 322.163894 
476.972546 318.569884 497.338602 554.576539 399.102329 556.972546 390.716306 330.549917 
514.110649 316.173877 526.090682 552.180532 451.814476 549.784526 436.240433 331.747920 
521.298669 313.777870 534.476705 552.180532 459.002496 552.180532 450.616473 331.747920 
516.506656 313.777870 532.080699 554.576539 453.012479 550.982529 445.824459 326.955907 
494.942596 320.965890 509.318636 550.982529 420.666389 552.180532 415.874376 337.737937 
504.526622 317.371880 509.318636 548.586522 420.666389 552.180532 420.666389 329.351913 
475.774542 311.381864 482.962562 554.576539 391.914309 550.982529 384.726290 331.747920 
445.824459 317.371880 455.408486 559.368552 361.964226 562.962562 360.766223 334.143927 
424.260399 314.975874 436.240433 562.962562 354.776206 561.764559 347.588186 335.341930 
426.656406 319.767887 433.844426 567.754576 347.588186 566.556572 343.994176 341.331947 
423.062396 324.559900 435.042429 565.358569 347.588186 565.358569 345.192180 338.935940 
426.656406 320.965890 436.240433 564.160566 351.182196 562.962562 346.390183 341.331947 
436.240433 324.559900 441.032446 565.358569 349.984193 564.160566 355.974210 338.935940 
438.636439 317.371880 437.438436 558.170549 349.984193 556.972546 354.776206 332.945923 
437.438436 314.975874 430.250416 561.764559 340.400166 552.180532 352.380200 328.153910 
433.844426 313.777870 427.854409 561.764559 329.618136 554.576539 341.598170 317.371880 
435.042429 311.381864 423.062396 559.368552 335.608153 554.576539 348.786190 323.361897 
456.606489 304.193844 453.012479 540.200499 355.974210 537.804493 353.578203 323.361897 
508.120632 287.421797 502.130616 522.230449 393.112313 523.428453 399.102329 299.401830 
577.604825 273.045757 574.010815 503.062396 464.992512 504.260399 461.398502 289.817804 
661.465058 259.867720 663.861065 503.062396 528.486689 493.478369 527.288686 273.045757 
661.465058 269.451747 659.069052 498.270383 526.090682 494.676373 534.476705 269.451747 
732.147255 273.045757 732.147255 498.270383 611.148918 489.884359 608.752912 276.639767 
808.819468 252.679700 806.423461 486.290349 687.821131 486.290349 685.425125 268.253744 
849.551581 249.085691 844.759567 491.082363 728.553245 477.904326 740.533278 257.471714 
861.531614 247.887687 867.521631 493.478369 765.691348 479.102329 771.681364 259.867720 
874.709651 251.481697 871.115641 498.270383 771.681364 488.686356 784.859401 265.857737 
854.343594 255.075707 855.541597 497.072379 752.513311 487.488353 763.295341 267.055740 
835.175541 256.273710 826.789517 497.072379 722.563228 492.280366 736.939268 268.253744 
807.621464 255.075707 804.027454 494.676373 698.603161 489.884359 712.979201 265.857737 
778.869384 256.273710 780.067388 489.884359 665.059068 486.290349 672.247088 256.273710 
745.325291 253.877704 744.127288 497.072379 636.306988 491.082363 638.702995 264.659734 
718.969218 249.085691 718.969218 500.666389 613.544925 495.874376 618.336938 268.253744 
702.197171 253.877704 704.593178 509.052413 605.158902 505.458403 606.356905 277.837770 
697.405158 253.877704 698.603161 510.250416 593.178869 509.052413 597.970882 273.045757 
693.811148 253.877704 695.009151 516.240433 589.584859 513.844426 597.970882 277.837770 
689.019135 258.669717 700.999168 521.032446 595.574875 515.042429 601.564892 277.837770 
703.395175 268.253744 709.385191 534.210483 602.762895 527.022463 611.148918 282.629784 
715.375208 274.243760 720.167221 542.596506 613.544925 531.814476 621.930948 288.619800 
730.949251 261.065724 739.335275 536.606489 629.118968 523.428453 642.297005 280.233777 
759.701331 261.065724 753.711314 544.992512 633.910982 522.230449 653.079035 277.837770 
774.077371 275.441764 759.701331 556.972546 644.693012 542.596506 663.861065 285.025790 
772.879368 277.837770 765.691348 555.774542 650.683028 542.596506 665.059068 287.421797 
781.265391 250.283694 780.067388 533.012479 663.861065 527.022463 672.247088 273.045757 
783.661398 238.303661 794.443428 521.032446 679.435108 517.438436 679.435108 252.679700 
802.829451 201.165557 818.403494 492.280366 699.801165 488.686356 686.623128 226.323627 
806.423461 147.255408 825.591514 458.736273 702.197171 464.726290 686.623128 168.819468 
799.235441 59.801165 833.977537 402.430116 706.989185 396.440100 672.247088 100.533278 
789.651414 1.099002 824.393511 340.133943 699.801165 342.529950 663.861065 39.435108 
0.000000 0.000000 0.000000 0.000000 0.000000 0.000000 0.000000 0.000000 
0.000000 0.000000 0.000000 0.000000 0.000000 0.000000 0.000000 0.000000 
0.000000 0.000000 0.000000 0.000000 0.000000 0.000000 0.000000 0.000000 
0.000000 0.000000 0.000000 0.000000 0.000000 0.000000 0.000000 0.000000 
0.000000 0.000000 0.000000 0.000000 0.000000 0.000000 0.000000 0.000000 
0.000000 0.000000 0.000000 0.000000 0.000000 0.000000 0.000000 0.000000 
0.000000 0.000000 0.000000 0.000000 0.000000 0.000000 0.000000 0.000000 
0.000000 0.000000 0.000000 0.000000 0.000000 0.000000 0.000000 0.000000 
0.000000 0.000000 0.000000 0.000000 0.000000 0.000000 0.000000 0.000000 
0.000000 0.000000 0.000000 0.000000 0.000000 0.000000 0.000000 0.000000 
0.000000 0.000000 0.000000 0.000000 0.000000 0.000000 0.000000 0.000000 
460.630685 -9.769066 491.431867 388.446208 312.878603 391.111182 294.794358 23.398200 
467.388519 27.455075 480.566556 441.964226 305.658070 444.360233 293.678037 37.039101 
462.596506 26.257072 482.962562 455.142263 312.846090 446.756240 296.074043 51.415141 
474.576539 100.533278 494.942596 509.052413 311.648087 500.666389 300.866057 119.701331 
498.536606 162.829451 516.506656 558.170549 330.816140 546.190516 324.826123 167.621464 
523.694676 197.571547 545.258735 603.694676 358.370216 596.506656 352.380200 202.363561 
554.842762 261.065724 580.000832 643.228785 395.508319 640.832779 390.716306 261.065724 
585.990849 283.827787 605.158902 673.178869 411.082363 674.376872 415.874376 298.203827 
627.920965 311.381864 645.891015 699.534942 451.814476 705.524958 438.636439 319.767887 
635.108985 326.955907 675.841098 719.900998 476.972546 718.702995 467.388519 354.509983 
0.000000 0.000000 0.000000 0.000000 0.000000 0.000000 0.000000 0.000000 
0.000000 0.000000 0.000000 0.000000 0.000000 0.000000 0.000000 0.000000 
694.453790 319.567985 755.968630 713.262960 555.898441 726.170714 515.536861 368.682436 
702.197171 305.391847 799.235441 692.346922 587.188852 710.316972 530.882696 356.905990 
723.761231 264.659734 819.601498 656.406822 607.554908 691.148918 522.496672 308.985857 
712.979201 204.759567 827.987521 615.674709 620.732945 648.020799 515.308652 259.867720 
704.593178 153.245424 843.561564 561.764559 633.910982 608.486689 503.328619 217.937604 
697.405158 131.681364 839.967554 521.032446 637.504992 570.150582 517.704659 207.155574 
673.445092 81.365225 841.165557 479.102329 637.504992 543.794509 493.744592 167.621464 
653.079035 41.831115 830.383527 434.776206 626.722962 510.250416 461.398502 146.057404 
623.128952 11.881032 833.977537 414.410150 631.514975 499.468386 451.814476 137.671381 
617.138935 7.089018 838.769551 400.034110 641.099002 494.676373 443.428453 152.047421 
593.178869 10.683028 841.165557 385.658070 643.495008 492.280366 423.062396 150.849418 
571.449295 -17.903538 844.852454 368.332671 636.842266 489.671947 406.752571 146.793186 
540.466722 0.500000 842.363561 371.282030 656.673045 501.864393 382.330283 181.997504 
524.892679 5.891015 855.541597 360.500000 674.643095 511.448419 377.538270 204.759567 
509.318636 7.089018 873.511647 343.727953 698.603161 509.052413 383.528286 216.739601 
492.546589 1.099002 878.303661 325.757903 703.395175 504.260399 359.568220 219.135607 
437.296800 -28.358307 862.148233 290.280268 688.791080 487.714804 339.012119 230.458020 
428.853383 -13.809059 870.716306 280.766223 718.462370 483.771471 339.685513 247.545043 
432.717236 -8.697464 899.858284 271.859550 734.434251 478.639591 348.371584 244.339490 
420.666389 7.089018 897.471714 263.461730 752.513311 513.844426 343.994176 271.847754 
414.676373 71.781198 915.441764 306.589850 783.661398 541.398502 359.568220 328.153910 
423.062396 87.355241 922.629784 295.807820 792.047421 541.398502 376.340266 354.509983 
402.696339 58.603161 928.619800 247.887687 799.235441 506.656406 365.558236 338.935940 
382.330283 65.791181 925.025790 240.699667 798.037438 488.686356 347.588186 344.925957 
348.786190 74.177205 907.055740 237.105657 786.057404 501.864393 317.638103 362.896007 
314.044093 86.157238 886.689684 229.917637 778.869384 494.676373 305.658070 382.064060 
291.282030 81.365225 873.511647 207.155574 780.067388 482.696339 296.074043 383.262063 
275.707987 122.097338 868.719634 241.897671 799.235441 543.794509 298.470050 457.538270 
293.678037 197.571547 875.907654 268.253744 816.007488 573.744592 318.836106 497.072379 
297.272047 235.907654 892.679700 297.005824 829.185524 673.178869 312.846090 607.288686 
308.054077 353.311980 897.471714 414.410150 842.363561 720.500000 326.024126 662.396839 
317.638103 355.707987 914.243760 406.024126 850.749584 712.712978 342.796173 639.634775 
346.390183 316.173877 932.213810 385.658070 871.115641 691.148918 355.974210 612.080699 
402.687709 302.289227 984.478777 419.210919 894.579241 745.585321 375.757143 589.548600 
457.584270 312.361415 1015.890313 459.415239 899.238769 773.477089 425.873791 591.413636 
515.188503 289.539783 1078.853644 488.208644 917.792887 763.476120 449.214270 575.428123 
546.456739 221.531614 1065.192180 449.152246 907.055740 720.500000 451.814476 475.508319 
515.308652 176.007488 1028.054077 440.766223 827.987521 720.500000 400.300333 445.558236 
511.714642 165.225458 987.321963 468.320300 787.255408 720.500000 365.558236 418.004160 
517.704659 136.473378 983.727953 477.904326 753.711314 716.306988 373.944260 373.678037 
528.486689 100.533278 956.173877 477.904326 684.227121 715.108985 330.816140 334.143927 
528.486689 96.939268 923.827787 511.448419 663.861065 716.306988 333.212146 326.955907 
551.248752 75.375208 914.243760 512.646423 625.524958 715.108985 322.430116 289.817804 
540.466722 65.791181 841.165557 506.656406 548.852745 705.524958 274.509983 240.699667 
499.734609 56.207155 795.641431 525.824459 503.328619 698.336938 228.985857 237.105657 
505.724626 38.237105 787.255408 519.834443 493.744592 673.178869 231.381864 209.551581 
512.912646 8.287022 762.097338 499.468386 459.002496 645.624792 228.985857 162.829451 
506.011987 -10.754988 733.077839 489.094672 425.719276 620.420604 216.234617 138.273373 
514.148034 -23.654276 723.705586 478.180914 412.272376 589.407061 227.136692 114.786489 
526.204678 -33.016859 707.376882 473.623995 388.744009 567.765526 231.182196 76.758948 
536.610984 -50.372483 703.562029 477.592359 379.251507 551.720478 253.954712 57.306097 
572.016928 -35.605053 693.620538 466.363338 377.716132 532.176756 262.504501 38.834645 
0.000000 0.000000 0.000000 0.000000 0.000000 0.000000 0.000000 0.000000 
0.000000 0.000000 0.000000 0.000000 0.000000 0.000000 0.000000 0.000000 
0.000000 0.000000 0.000000 0.000000 0.000000 0.000000 0.000000 0.000000 
0.000000 0.000000 0.000000 0.000000 0.000000 0.000000 0.000000 0.000000 
0.000000 0.000000 0.000000 0.000000 0.000000 0.000000 0.000000 0.000000 
730.949251 63.395175 697.405158 558.170549 384.726290 488.686356 453.012479 25.059068 
787.255408 60.999168 697.405158 618.070715 390.716306 518.636439 490.150582 33.445092 
843.561564 152.047421 698.603161 634.842762 396.706323 531.814476 553.644759 76.573211 
869.917637 156.839434 699.801165 630.050749 413.478369 513.844426 584.792845 83.761231 
901.065724 153.245424 697.405158 608.486689 414.676373 474.310316 612.346922 49.019135 
891.481697 142.463394 684.227121 610.882696 399.102329 483.894343 615.940932 39.435108 
854.343594 153.245424 678.237105 631.248752 385.924293 529.418469 574.010815 53.811148 
810.017471 168.819468 671.049085 671.980865 365.558236 600.100666 521.298669 99.335275 
740.533278 180.799501 675.841098 670.782862 364.360233 619.268719 468.586522 138.869384 
728.553245 178.403494 706.989185 669.584859 388.320300 654.010815 439.834443 161.631448 
704.593178 183.195507 727.355241 679.168885 411.082363 701.930948 418.270383 185.591514 
667.455075 191.581531 736.939268 677.970882 430.250416 718.702995 397.904326 220.333611 
637.624032 207.099479 747.387013 675.206311 440.807469 745.281635 358.855502 265.277259 
608.282551 201.353702 762.344358 673.641536 463.022662 783.009079 330.773418 312.357355 
549.002142 220.198675 762.494863 657.254529 473.136754 791.955717 284.458221 343.844203 
534.495207 213.177969 777.419170 638.294903 505.545614 808.215876 272.029414 368.127654 
520.320378 225.465444 791.995920 625.636174 523.940557 808.594596 272.803637 391.383260 
490.280560 205.102309 793.544673 574.761525 553.455434 770.623798 255.846106 397.208320 
480.566556 167.621464 821.997504 512.646423 602.762895 719.900998 267.321963 372.480033 
469.784526 140.067388 837.571547 471.914309 619.534942 699.534942 269.717970 360.500000 
451.814476 129.285358 838.769551 427.588186 643.495008 676.772879 269.717970 368.886023 
411.082363 106.523295 825.591514 390.450083 649.485025 633.644759 234.975874 364.094010 
349.984193 82.563228 800.433444 342.529950 644.693012 604.892679 208.619800 356.905990 
312.846090 59.801165 788.453411 289.817804 647.089018 568.952579 209.817804 364.094010 
296.074043 60.999168 793.245424 257.471714 680.633111 537.804493 205.025790 366.490017 
302.064060 65.791181 801.631448 235.907654 699.801165 528.220466 227.787854 379.668053 
280.500000 74.177205 796.839434 211.947587 709.385191 512.646423 231.381864 394.044093 
275.707987 71.781198 790.849418 192.779534 714.177205 494.676373 231.381864 398.836106 
249.351913 92.147255 776.473378 183.195507 714.177205 491.082363 233.777870 427.588186 
237.371880 125.691348 769.285358 190.383527 717.771215 501.864393 232.579867 446.756240 
233.777870 165.225458 762.097338 202.363561 730.949251 537.804493 237.371880 480.300333 
240.965890 202.363561 762.097338 234.709651 748.919301 564.160566 249.351913 537.804493 
261.331947 267.055740 777.671381 268.253744 780.067388 595.308652 273.311980 585.724626 
284.094010 326.955907 790.849418 299.401830 830.383527 634.842762 316.440100 639.634775 
328.420133 392.846090 823.195507 346.123960 872.313644 680.366889 371.548253 691.148918 
0.000000 0.000000 0.000000 0.000000 0.000000 0.000000 0.000000 0.000000 
0.000000 0.000000 0.000000 0.000000 0.000000 0.000000 0.000000 0.000000 
0.000000 0.000000 0.000000 0.000000 0.000000 0.000000 0.000000 0.000000 
0.000000 0.000000 0.000000 0.000000 0.000000 0.000000 0.000000 0.000000 
0.000000 0.000000 0.000000 0.000000 0.000000 0.000000 0.000000 0.000000 
0.000000 0.000000 0.000000 0.000000 0.000000 0.000000 0.000000 0.000000 
390.503422 404.127765 862.581536 469.999130 819.390085 759.998874 359.813853 683.402836 
410.212095 363.522241 872.601910 469.833473 798.015260 754.618864 359.047349 639.811872 
430.250416 287.421797 877.105657 439.568220 771.681364 705.524958 354.776206 555.774542 
447.022463 249.085691 896.273710 438.370216 769.285358 700.732945 364.360233 505.458403 
482.962562 225.125624 913.045757 437.172213 765.691348 686.356905 384.726290 456.340266 
512.912646 187.987521 921.431780 427.588186 751.315308 665.990849 394.310316 404.826123 
558.436772 150.849418 948.985857 427.588186 756.107321 654.010815 413.478369 353.311980 
624.326955 122.097338 981.331947 431.182196 769.285358 637.238769 449.418469 337.737937 
661.465058 98.137271 1012.480033 433.578203 778.869384 621.664725 491.348586 294.609817 
718.969218 69.385191 1036.440100 435.974210 792.047421 590.516639 523.694676 251.481697 
758.503328 51.415141 1044.826123 450.350250 777.671381 590.516639 553.644759 223.927621 
775.275374 53.811148 1038.836106 479.102329 769.285358 600.100666 568.020799 215.541597 
814.809484 59.801165 1030.450083 500.666389 747.721298 602.496672 582.396839 203.561564 
830.383527 74.177205 1010.084027 523.428453 720.167221 604.892679 584.792845 203.561564 
841.165557 90.949251 990.915973 550.982529 704.593178 610.882696 595.574875 195.175541 
859.135607 100.533278 970.549917 555.774542 679.435108 595.308652 597.970882 184.393511 
857.937604 87.355241 929.817804 550.982529 627.920965 576.140599 593.178869 149.651414 
842.363561 82.563228 881.897671 548.586522 590.782862 555.774542 583.594842 126.889351 
842.363561 92.147255 856.739601 554.576539 572.812812 550.982529 574.010815 126.889351 
841.165557 98.137271 831.581531 566.556572 547.654742 543.794509 571.614809 125.691348 
839.967554 106.523295 812.413478 558.170549 541.664725 530.616473 571.614809 102.929285 
849.551581 88.553245 802.829451 544.992512 528.486689 504.260399 578.802829 81.365225 
837.571547 80.167221 768.087354 537.804493 493.744592 486.290349 569.218802 69.385191 
810.017471 74.177205 736.939268 522.230449 466.190516 473.112313 540.466722 55.009151 
812.413478 65.791181 727.355241 518.636439 462.596506 462.330283 536.872712 38.237105 
812.413478 57.405158 733.345258 509.052413 463.794509 456.340266 538.070715 32.247088 
813.611481 44.227121 727.355241 498.270383 463.794509 440.766223 541.664725 17.871048 
805.225458 40.633111 708.187188 493.478369 438.636439 438.370216 526.090682 14.277038 
781.265391 33.445092 684.227121 491.082363 414.676373 429.984193 506.922629 4.693012 
746.530010 23.394039 666.470716 475.071847 392.822785 420.342261 480.188646 -14.060215 
723.291655 12.605262 642.716014 468.590141 377.224008 419.764025 454.459769 -12.756236 
694.410377 7.892241 630.193896 483.495557 343.058268 431.537681 423.443801 -10.582753 
665.059068 25.059068 607.554908 505.458403 323.628120 471.914309 396.706323 4.693012 
637.504992 57.405158 585.990849 542.596506 300.866057 512.646423 363.162230 33.445092 
601.564892 84.959235 569.218802 579.734609 276.905990 561.764559 333.212146 66.989185 
576.406822 125.691348 563.228785 620.466722 266.123960 615.674709 305.658070 122.097338 
550.050749 166.423461 556.040765 671.980865 252.945923 674.376872 285.292013 173.611481 
551.248752 198.769551 564.426789 700.732945 262.529950 718.702995 266.123960 207.155574 
0.000000 0.000000 0.000000 0.000000 0.000000 0.000000 0.000000 0.000000 
0.000000 0.000000 0.000000 0.000000 0.000000 0.000000 0.000000 0.000000 
0.000000 0.000000 0.000000 0.000000 0.000000 0.000000 0.000000 0.000000 
0.000000 0.000000 0.000000 0.000000 0.000000 0.000000 0.000000 0.000000 
560.831017 244.574417 663.131478 689.770869 361.578737 740.635187 309.575801 295.360046 
587.188852 213.145591 698.603161 646.822795 412.280366 715.108985 324.826123 280.233777 
607.554908 179.601498 732.147255 620.466722 456.606489 683.960899 360.766223 253.877704 
617.138935 156.839434 750.117304 591.714642 481.764559 674.376872 371.548253 251.481697 
613.544925 138.869384 765.691348 561.764559 494.942596 652.812812 371.548253 243.095674 
612.346922 104.127288 778.869384 531.814476 514.110649 630.050749 373.944260 217.937604 
602.762895 74.177205 787.255408 516.240433 532.080699 613.278702 365.558236 190.383527 
591.980865 49.019135 784.859401 475.508319 528.486689 582.130616 354.776206 179.601498 
581.198835 27.455075 781.265391 457.538270 533.278702 565.358569 346.390183 170.017471 

