1.0000 0.0000 0.0000 -0.0000 1.0000 -0.0000 0.0000 0.0000 1.0000
1.0051 -0.0132 6.2969 0.0044 0.9808 5.8517 0.0000 -0.0000 1.0000
0.9937 0.0166 3.2247 -0.0087 1.0057 8.9751 0.0000 0.0000 1.0000
1.0009 -0.0206 13.8154 -0.0039 0.9878 9.4506 0.0000 -0.0000 1.0000
0.9928 -0.0057 9.5607 -0.0017 0.9824 8.2202 0.0000 -0.0000 1.0000
0.9977 -0.0058 13.2317 -0.0058 1.0023 8.6628 0.0000 0.0000 1.0000
1.0281 -0.0205 5.4522 0.0080 0.9980 3.6530 0.0000 -0.0000 1.0000
1.0307 0.0051 -1.8198 0.0013 1.0190 6.2353 0.0000 0.0000 1.0000
1.0336 -0.0048 -0.5557 0.0084 1.0065 7.7826 0.0001 -0.0000 1.0000
1.0179 -0.0050 4.2692 0.0064 1.0038 6.7294 0.0000 -0.0000 1.0000
0.9969 -0.0127 12.9309 0.0015 0.9866 13.6864 0.0000 -0.0000 1.0000
1.0355 0.0083 -5.1953 0.0030 1.0244 10.3232 0.0001 0.0000 1.0000
1.0300 -0.0150 -2.1967 0.0091 0.9910 10.5190 0.0001 -0.0000 1.0000
1.0320 -0.0149 -1.1338 0.0098 1.0018 7.8268 0.0001 -0.0000 1.0000
1.0087 -0.0127 1.2095 -0.0021 0.9810 19.4797 0.0000 -0.0000 1.0000
0.9732 0.0100 8.9588 -0.0158 0.9837 27.6783 0.0000 0.0000 1.0000
1.0802 0.0117 -27.5061 0.0133 1.0379 9.2190 0.0001 0.0000 1.0000
1.0792 -0.0040 -24.3514 0.0143 1.0347 5.9574 0.0001 -0.0000 1.0000
1.0415 -0.0042 -17.1419 0.0109 0.9998 9.5153 0.0001 -0.0000 1.0000
1.0376 -0.0194 -12.3084 0.0126 0.9941 9.6175 0.0001 -0.0000 1.0000
1.0485 0.0174 -23.0541 0.0121 1.0259 7.2265 0.0001 0.0000 1.0000
1.0582 0.0015 -28.2137 0.0138 1.0195 5.7761 0.0001 -0.0000 1.0000
1.0146 0.0066 -18.5119 -0.0002 1.0014 12.6356 0.0001 -0.0000 1.0000
1.0070 -0.0010 -15.5470 0.0009 0.9892 15.1013 0.0001 -0.0000 1.0000
1.0161 -0.0085 -18.6439 0.0077 0.9848 12.8418 0.0001 -0.0000 1.0000
1.0728 0.0127 -43.4744 0.0179 1.0190 10.1278 0.0001 0.0000 1.0000
1.0237 -0.0133 -23.9692 0.0064 0.9744 18.7173 0.0001 -0.0000 1.0000
1.0104 0.0022 -18.9154 0.0144 0.9857 13.5862 0.0001 -0.0000 1.0000
1.0457 -0.0079 -31.7651 0.0203 0.9861 12.4713 0.0001 -0.0000 1.0000
1.0167 -0.0027 -23.8234 0.0173 0.9781 13.7472 0.0001 -0.0000 1.0000
1.0010 0.0053 -21.9565 0.0063 0.9777 18.7135 0.0001 -0.0000 1.0000
1.0439 0.0191 -40.2809 0.0202 0.9971 11.8702 0.0001 0.0000 1.0000
0.9595 0.0079 -10.9411 -0.0005 0.9422 24.4271 0.0001 -0.0000 1.0000
1.0138 0.0086 -26.6114 0.0195 0.9776 10.4290 0.0001 0.0000 1.0000
1.0327 -0.0072 -34.0939 0.0238 0.9637 9.1024 0.0001 -0.0000 1.0000
0.9922 0.0033 -21.2138 0.0190 0.9557 10.7605 0.0001 -0.0000 1.0000
0.9765 0.0060 -17.4584 0.0039 0.9443 17.2443 0.0001 -0.0000 1.0000
1.0536 -0.0094 -39.2444 0.0372 0.9722 -5.2144 0.0002 -0.0000 1.0000
0.9619 0.0113 -15.6146 0.0073 0.9418 13.8310 0.0001 0.0000 1.0000
0.9606 0.0037 -16.5401 0.0136 0.9327 8.6881 0.0001 -0.0000 1.0000
1.0032 -0.0067 -28.8646 0.0381 0.9431 -4.2214 0.0001 -0.0000 1.0000
1.0209 -0.0064 -32.5155 0.0362 0.9604 -3.9611 0.0001 -0.0000 1.0000
0.9815 -0.0119 -24.3212 0.0223 0.9292 5.9001 0.0001 -0.0000 1.0000
0.9959 -0.0065 -28.1421 0.0247 0.9408 7.7957 0.0001 -0.0000 1.0000
1.0063 -0.0063 -30.4524 0.0317 0.9468 6.1538 0.0001 -0.0000 1.0000
0.9882 0.0154 -26.3149 0.0148 0.9518 19.9890 0.0001 0.0000 1.0000
0.9584 -0.0172 -8.3832 0.0255 0.9104 18.3274 0.0001 -0.0000 1.0000
0.9689 -0.0007 -9.0583 0.0309 0.9313 17.5423 0.0001 -0.0000 1.0000
0.9528 0.0019 -1.9401 0.0206 0.9195 26.6622 0.0001 -0.0000 1.0000
0.9599 -0.0088 1.9149 0.0191 0.9163 33.6404 0.0001 -0.0000 1.0000
0.9746 -0.0120 2.6730 0.0278 0.9230 31.6395 0.0001 -0.0000 1.0000
0.9843 -0.0060 3.7928 0.0337 0.9437 27.3451 0.0002 -0.0000 1.0000
0.9607 -0.0120 14.6840 0.0282 0.9231 34.8098 0.0001 -0.0000 1.0000
0.9378 -0.0035 20.8696 0.0208 0.9119 43.4987 0.0001 -0.0000 1.0000
0.9517 -0.0095 16.0719 0.0174 0.9133 45.4536 0.0001 -0.0000 1.0000
0.9441 -0.0120 24.8235 0.0242 0.9070 46.6332 0.0001 -0.0000 1.0000
0.9536 -0.0120 22.0315 0.0250 0.9206 45.3461 0.0001 -0.0000 1.0000
0.9821 -0.0094 12.6913 0.0308 0.9289 45.5330 0.0002 -0.0000 1.0000
0.9487 -0.0093 24.4636 0.0285 0.9067 50.9958 0.0002 -0.0000 1.0000
0.9640 -0.0068 18.0286 0.0311 0.9114 50.2631 0.0002 -0.0000 1.0000
0.9371 -0.0066 27.1838 0.0299 0.9005 52.9788 0.0002 -0.0000 1.0000
0.9625 0.0024 14.8457 0.0330 0.9128 51.6664 0.0002 -0.0000 1.0000
0.9329 0.0066 25.4609 0.0203 0.9026 59.5982 0.0002 -0.0000 1.0000
0.9377 -0.0063 21.3138 0.0311 0.8932 50.2413 0.0002 -0.0000 1.0000
0.9483 0.0029 17.9595 0.0390 0.9060 44.8019 0.0002 -0.0000 1.0000
0.9750 0.0122 6.8529 0.0423 0.9188 43.3765 0.0002 -0.0000 1.0000
0.9175 -0.0252 28.7504 0.0336 0.8533 51.3849 0.0002 -0.0001 1.0000
0.8979 -0.0099 30.8913 0.0187 0.8579 55.0771 0.0001 -0.0001 1.0000
0.9405 -0.0060 21.2026 0.0344 0.8924 43.4211 0.0002 -0.0000 1.0000
0.8707 0.0029 43.4448 0.0205 0.8561 53.4862 0.0001 -0.0000 1.0000
0.9384 0.0123 23.9440 0.0389 0.8940 41.1129 0.0002 -0.0000 1.0000
0.9306 0.0100 35.2734 0.0339 0.8960 43.4511 0.0002 -0.0000 1.0000
0.9036 0.0146 47.4016 0.0255 0.8730 48.3048 0.0002 -0.0000 1.0000
0.8389 -0.0134 77.8237 0.0154 0.8065 59.9351 0.0001 -0.0001 1.0000
0.8220 0.0534 85.8431 0.0106 0.8476 57.8278 0.0001 0.0000 1.0000
0.8643 0.0445 85.7221 0.0110 0.8648 59.8866 0.0001 0.0000 1.0000
0.8125 -0.0005 114.5164 0.0026 0.7942 66.0850 0.0001 -0.0000 1.0000
0.8554 0.0214 111.2404 0.0042 0.8443 58.8666 0.0001 0.0000 1.0000
0.8270 0.0110 127.7614 0.0013 0.8165 61.3894 0.0001 -0.0000 1.0000
0.7946 -0.0062 139.6358 -0.0076 0.7913 64.3366 0.0001 -0.0000 1.0000
0.8307 -0.0039 133.4293 0.0106 0.8101 54.0156 0.0001 -0.0000 1.0000
0.7121 -0.0021 159.9840 -0.0233 0.7507 69.4400 -0.0000 -0.0000 1.0000
0.7521 -0.0019 145.9349 -0.0142 0.7701 63.6654 0.0000 -0.0000 1.0000
0.7649 0.0064 137.2694 -0.0149 0.7880 62.4836 0.0000 0.0000 1.0000
0.7873 -0.0133 123.9637 0.0027 0.7758 51.3462 0.0000 -0.0000 1.0000
0.7582 -0.0007 121.5420 -0.0117 0.7714 58.5112 -0.0000 -0.0000 1.0000
0.7709 0.0111 109.1253 -0.0108 0.7885 57.0604 0.0000 0.0000 1.0000
0.7558 -0.0067 108.1489 -0.0161 0.7662 62.5792 -0.0000 -0.0000 1.0000
0.7742 -0.0183 93.6570 -0.0140 0.7578 62.8676 0.0000 -0.0000 1.0000
0.7688 0.0104 84.6770 -0.0174 0.7857 61.2490 -0.0000 0.0000 1.0000
0.7759 0.0127 72.5931 -0.0177 0.7873 62.7174 -0.0000 -0.0000 1.0000
0.7896 0.0014 61.8607 -0.0113 0.7788 60.8480 0.0000 -0.0000 1.0000
0.7580 -0.0013 68.8306 -0.0228 0.7588 68.5506 -0.0000 -0.0000 1.0000
0.7866 0.0177 55.1494 -0.0270 0.7910 68.3079 -0.0000 -0.0000 1.0000
0.7820 0.0228 54.5933 -0.0294 0.7964 68.1302 -0.0000 0.0000 1.0000
0.7706 0.0197 58.7437 -0.0395 0.7861 74.7530 -0.0000 -0.0000 1.0000
0.7524 0.0170 68.1148 -0.0405 0.7710 77.5117 -0.0000 -0.0000 1.0000
0.7567 0.0168 69.1702 -0.0448 0.7708 82.7839 -0.0000 -0.0000 1.0000
0.7720 0.0327 62.6341 -0.0497 0.7843 85.6111 -0.0000 0.0000 1.0000
0.7621 0.0245 72.9564 -0.0496 0.7744 86.1402 -0.0000 -0.0000 1.0000
0.7171 0.0268 89.9329 -0.0675 0.7551 97.0224 -0.0001 -0.0000 1.0000
0.7467 0.0348 86.0501 -0.0652 0.7696 97.6159 -0.0001 -0.0000 1.0000
0.7553 0.0375 89.5056 -0.0648 0.7843 93.2510 -0.0001 -0.0000 1.0000
0.7169 0.0127 111.5569 -0.0702 0.7455 100.9754 -0.0001 -0.0001 1.0000
0.7013 0.0261 119.1240 -0.0811 0.7434 110.0821 -0.0001 -0.0000 1.0000
0.7024 0.0507 115.5199 -0.0910 0.7541 116.7240 -0.0001 -0.0000 1.0000
0.7259 0.0446 108.8645 -0.0863 0.7612 112.4892 -0.0001 -0.0000 1.0000
0.6868 0.0259 124.4615 -0.0966 0.7279 119.8925 -0.0001 -0.0000 1.0000
0.7047 0.0256 123.1174 -0.0949 0.7401 119.1316 -0.0001 -0.0000 1.0000
0.7283 0.0200 115.7168 -0.0890 0.7512 113.1331 -0.0001 -0.0001 1.0000
0.7286 0.0362 109.8461 -0.0946 0.7550 118.1815 -0.0001 -0.0000 1.0000
0.7130 0.0363 112.8603 -0.1046 0.7481 122.3736 -0.0001 -0.0000 1.0000
0.6753 0.0393 119.1608 -0.1083 0.7376 119.4431 -0.0002 -0.0000 1.0000
0.7310 0.0441 102.3667 -0.0964 0.7717 108.8725 -0.0001 -0.0000 1.0000
0.7058 0.0443 102.2159 -0.1027 0.7587 109.8913 -0.0001 -0.0000 1.0000
0.7210 0.0289 97.2551 -0.1055 0.7608 108.2783 -0.0001 -0.0000 1.0000
0.7292 0.0394 84.8239 -0.1063 0.7748 105.6722 -0.0001 -0.0000 1.0000
0.7553 0.0414 69.3846 -0.0984 0.7984 93.8038 -0.0001 -0.0000 1.0000
0.7852 0.0434 55.7007 -0.0897 0.8231 85.0531 -0.0001 -0.0000 1.0000
0.8217 0.0433 33.7325 -0.0847 0.8439 76.7459 -0.0001 -0.0000 1.0000
0.7715 0.0245 46.2889 -0.0951 0.8082 79.6000 -0.0001 -0.0000 1.0000
0.8463 0.0519 11.2395 -0.0782 0.8838 53.8008 -0.0001 -0.0000 1.0000
0.8867 0.0290 -6.9178 -0.0582 0.8759 39.7222 -0.0001 -0.0000 1.0000
0.8298 0.0316 10.1881 -0.0877 0.8748 50.1300 -0.0001 -0.0000 1.0000
0.8908 0.0385 -19.5952 -0.0704 0.9116 33.1711 -0.0001 -0.0000 1.0000
0.9159 0.0262 -29.5678 -0.0576 0.9335 17.3667 -0.0001 -0.0000 1.0000
0.9156 0.0286 -42.9438 -0.0637 0.9386 15.8359 -0.0001 -0.0000 1.0000
0.9616 0.0167 -60.0309 -0.0502 0.9713 2.2219 -0.0001 -0.0000 1.0000
0.9745 0.0104 -72.6453 -0.0425 0.9764 -5.4223 -0.0001 -0.0000 1.0000
1.0339 0.0215 -100.6107 -0.0339 1.0301 -17.3182 -0.0000 -0.0000 1.0000
1.0270 0.0086 -108.2095 -0.0399 1.0235 -16.0914 -0.0001 -0.0000 1.0000
1.0621 0.0059 -127.1604 -0.0315 1.0456 -23.7648 -0.0001 -0.0000 1.0000
1.0925 -0.0028 -143.4595 -0.0268 1.0625 -29.0577 -0.0000 -0.0000 1.0000
1.1106 0.0065 -161.3155 -0.0246 1.0900 -34.8070 -0.0000 -0.0000 1.0000
1.1184 -0.0053 -171.1289 -0.0209 1.0895 -36.8239 -0.0000 -0.0000 1.0000
1.1539 0.0066 -195.8905 -0.0224 1.1245 -38.0872 -0.0000 -0.0000 1.0000
1.1824 -0.0076 -210.3780 -0.0168 1.1397 -43.5255 -0.0000 -0.0000 1.0000
1.1750 0.0123 -217.2220 -0.0158 1.1587 -45.0322 -0.0000 -0.0000 1.0000
1.2296 -0.0072 -241.4206 0.0050 1.1746 -59.1004 -0.0000 -0.0000 1.0000
1.2108 -0.0238 -238.3243 -0.0019 1.1560 -53.0827 -0.0000 -0.0000 1.0000
1.2859 0.0039 -275.1244 -0.0052 1.2276 -56.1887 0.0000 -0.0000 1.0000
1.2754 -0.0023 -274.2915 -0.0038 1.2318 -62.8291 -0.0000 -0.0000 1.0000
1.3020 -0.0124 -293.1257 0.0022 1.2271 -66.6440 0.0000 -0.0000 1.0000
1.2974 -0.0071 -292.8840 0.0003 1.2358 -67.0023 -0.0000 -0.0000 1.0000
1.2966 -0.0211 -292.6788 -0.0010 1.2351 -69.8069 -0.0000 -0.0000 1.0000
1.3568 0.0055 -320.6200 0.0036 1.3000 -81.3293 0.0000 0.0000 1.0000
1.3144 -0.0183 -296.5155 -0.0006 1.2548 -73.4008 -0.0000 -0.0000 1.0000
1.3683 -0.0159 -316.8358 0.0184 1.2935 -92.5699 0.0000 -0.0000 1.0000
1.3485 -0.0219 -303.9698 0.0085 1.2795 -84.9418 0.0000 -0.0000 1.0000
1.3100 -0.0215 -287.6168 0.0112 1.2558 -82.7327 -0.0000 -0.0000 1.0000
1.3231 -0.0137 -289.9384 0.0070 1.2721 -82.2073 -0.0000 -0.0000 1.0000
1.3365 -0.0111 -291.3518 0.0089 1.2698 -77.6599 0.0000 -0.0000 1.0000
1.3328 -0.0027 -284.7603 0.0136 1.2738 -78.6382 0.0000 0.0000 1.0000
1.2865 -0.0112 -262.2456 0.0037 1.2395 -67.5929 -0.0000 -0.0000 1.0000
1.2750 -0.0253 -250.4090 -0.0006 1.2214 -62.1989 -0.0000 -0.0000 1.0000
1.2654 -0.0168 -244.4700 -0.0001 1.2186 -62.0361 -0.0000 -0.0000 1.0000
1.2348 -0.0254 -224.5816 0.0044 1.1882 -59.7035 -0.0000 -0.0000 1.0000
1.2555 -0.0196 -229.4650 0.0026 1.2016 -57.9010 -0.0000 -0.0000 1.0000
1.2065 -0.0168 -207.7777 -0.0123 1.1691 -43.3017 -0.0000 -0.0000 1.0000
1.2143 -0.0196 -202.7018 -0.0045 1.1604 -43.7130 -0.0000 -0.0000 1.0000
1.1723 0.0070 -185.3298 -0.0164 1.1585 -35.2383 -0.0000 0.0000 1.0000
1.0938 -0.0228 -144.5610 -0.0159 1.0812 -26.8908 -0.0001 -0.0000 1.0000
1.1146 -0.0200 -146.7079 -0.0204 1.0778 -18.4301 -0.0000 -0.0000 1.0000
1.0585 0.0038 -129.3687 -0.0284 1.0620 -14.1623 -0.0001 -0.0000 1.0000
1.0304 -0.0109 -110.7607 -0.0230 1.0283 -11.8330 -0.0001 -0.0000 1.0000
1.0085 -0.0145 -94.9159 -0.0207 0.9976 -7.9454 -0.0001 -0.0000 1.0000
0.9906 -0.0020 -82.9678 -0.0363 0.9902 5.4832 -0.0001 -0.0000 1.0000
0.9365 0.0007 -60.9209 -0.0375 0.9461 12.6670 -0.0001 -0.0000 1.0000
0.8935 0.0001 -39.8076 -0.0418 0.9162 20.3607 -0.0001 -0.0000 1.0000
0.8760 0.0002 -27.7803 -0.0406 0.9028 21.4044 -0.0001 -0.0000 1.0000
0.9081 0.0154 -39.8699 -0.0475 0.9238 26.8574 -0.0001 0.0000 1.0000
0.9020 0.0247 -35.5230 -0.0371 0.9110 25.3400 -0.0001 0.0000 1.0000
0.8012 -0.0033 9.8283 -0.0517 0.8370 42.1699 -0.0001 -0.0000 1.0000
0.8821 -0.0138 -11.2542 -0.0262 0.8661 30.7652 -0.0001 -0.0000 1.0000
0.7922 0.0065 15.9152 -0.0540 0.8273 49.6349 -0.0001 -0.0000 1.0000
0.8109 0.0109 11.0661 -0.0515 0.8248 56.1491 -0.0001 -0.0000 1.0000
0.7678 0.0294 27.8219 -0.0666 0.8125 69.7805 -0.0001 0.0000 1.0000
0.7804 0.0275 27.7314 -0.0517 0.8101 65.6358 -0.0001 0.0000 1.0000
0.7562 0.0271 35.5060 -0.0518 0.7843 70.7480 -0.0001 -0.0000 1.0000
0.7511 0.0212 41.6291 -0.0534 0.7700 75.1675 -0.0001 -0.0000 1.0000
0.7816 0.0251 34.6360 -0.0433 0.7889 71.3429 -0.0001 -0.0000 1.0000
0.6844 -0.0006 77.2741 -0.0640 0.7130 91.3864 -0.0001 -0.0000 1.0000
0.7159 0.0112 69.2294 -0.0614 0.7360 94.4902 -0.0001 -0.0000 1.0000
0.7557 0.0008 65.7491 -0.0428 0.7430 87.6377 -0.0001 -0.0000 1.0000
0.7358 0.0293 66.4663 -0.0543 0.7452 95.1313 -0.0001 -0.0000 1.0000
0.6768 0.0188 91.9480 -0.0673 0.7160 104.5704 -0.0001 -0.0000 1.0000
0.6871 0.0295 90.3527 -0.0701 0.7176 112.9001 -0.0001 -0.0000 1.0000
0.6971 0.0350 92.5208 -0.0647 0.7230 113.8578 -0.0001 0.0000 1.0000
0.6567 0.0034 117.1527 -0.0682 0.6804 120.0902 -0.0001 -0.0000 1.0000
0.6578 0.0271 115.4698 -0.0747 0.6983 122.7872 -0.0001 -0.0000 1.0000
0.6589 0.0387 119.8082 -0.0611 0.7032 116.6953 -0.0001 0.0000 1.0000
0.6048 0.0034 141.3733 -0.0732 0.6475 127.4494 -0.0001 -0.0000 1.0000
0.6777 0.0165 119.6681 -0.0524 0.6875 117.0510 -0.0001 -0.0000 1.0000
0.6139 0.0085 142.3739 -0.0758 0.6518 132.3551 -0.0001 -0.0000 1.0000
0.6365 0.0165 142.4799 -0.0598 0.6776 121.4902 -0.0001 -0.0000 1.0000
0.6174 -0.0163 154.7425 -0.0631 0.6283 134.7368 -0.0001 -0.0001 1.0000
0.6080 0.0139 157.0697 -0.0663 0.6514 133.5372 -0.0001 -0.0000 1.0000
0.6107 -0.0029 162.1698 -0.0599 0.6417 132.0475 -0.0001 -0.0000 1.0000
0.6038 0.0232 162.7221 -0.0625 0.6550 134.8625 -0.0001 -0.0000 1.0000
0.6052 -0.0057 168.7546 -0.0632 0.6309 139.6274 -0.0001 -0.0000 1.0000
0.6070 0.0001 173.6847 -0.0494 0.6392 133.2354 -0.0001 -0.0000 1.0000
0.6160 -0.0087 174.2428 -0.0468 0.6333 135.0629 -0.0001 -0.0000 1.0000
0.6251 -0.0176 174.7790 -0.0440 0.6273 136.8870 -0.0001 -0.0001 1.0000
0.6197 -0.0204 179.8939 -0.0431 0.6196 139.0907 -0.0001 -0.0001 1.0000
0.5948 0.0001 185.2084 -0.0440 0.6229 137.3286 -0.0001 -0.0000 1.0000
0.5341 -0.0050 207.6619 -0.0639 0.6009 148.3260 -0.0001 -0.0000 1.0000
0.5755 -0.0179 199.0842 -0.0423 0.6008 138.7389 -0.0001 -0.0001 1.0000
0.5788 0.0017 197.3744 -0.0431 0.6209 137.6866 -0.0001 -0.0000 1.0000
0.5889 -0.0076 200.8902 -0.0355 0.6122 134.4976 -0.0001 -0.0000 1.0000
0.5876 -0.0033 203.7098 -0.0351 0.6152 132.8539 -0.0001 -0.0000 1.0000
0.5922 -0.0454 214.3136 -0.0196 0.5836 128.5498 -0.0000 -0.0001 1.0000
0.5515 -0.0195 224.2446 -0.0311 0.5829 133.1788 -0.0001 -0.0000 1.0000
0.5447 -0.0126 224.7518 -0.0328 0.5784 132.2582 -0.0001 -0.0000 1.0000
0.5558 -0.0388 230.3407 -0.0222 0.5619 130.7224 -0.0001 -0.0001 1.0000
0.5393 -0.0387 235.4333 -0.0241 0.5526 131.6180 -0.0001 -0.0001 1.0000
0.5483 -0.0075 232.3656 -0.0245 0.5747 130.5607 -0.0001 -0.0000 1.0000
0.4889 -0.0413 255.7701 -0.0344 0.5309 135.7669 -0.0001 -0.0001 1.0000
0.5303 -0.0246 245.7845 -0.0223 0.5491 132.2003 -0.0001 -0.0000 1.0000
0.5270 -0.0246 247.5910 -0.0177 0.5465 128.7951 -0.0001 -0.0000 1.0000
0.5090 -0.0272 256.3755 -0.0202 0.5402 129.5084 -0.0001 -0.0000 1.0000
0.4774 -0.0324 268.6765 -0.0293 0.5303 132.6520 -0.0001 -0.0000 1.0000
0.5110 -0.0170 255.3404 -0.0198 0.5421 127.9238 -0.0001 -0.0000 1.0000
0.5040 -0.0424 270.0688 -0.0083 0.5357 122.2885 -0.0001 -0.0001 1.0000
0.4952 -0.0092 259.8649 -0.0261 0.5377 132.2244 -0.0001 -0.0000 1.0000
0.4929 -0.0165 267.9036 -0.0147 0.5345 126.5176 -0.0001 -0.0000 1.0000
0.4306 -0.0572 289.8947 -0.0349 0.4794 139.9121 -0.0001 -0.0001 1.0000
0.4519 -0.0297 278.4715 -0.0257 0.5072 131.1012 -0.0001 -0.0000 1.0000
0.4269 -0.0425 291.2231 -0.0274 0.4941 130.5686 -0.0001 -0.0001 1.0000
0.5037 -0.0102 268.9727 -0.0108 0.5397 124.4394 -0.0001 -0.0000 1.0000
0.4558 -0.0347 284.2080 -0.0222 0.5068 129.3496 -0.0001 -0.0000 1.0000
0.4877 -0.0213 271.7390 -0.0090 0.5276 118.6816 -0.0001 -0.0000 1.0000
0.4558 -0.0321 282.3930 -0.0218 0.5065 126.1777 -0.0001 -0.0000 1.0000
0.4661 -0.0318 282.0479 -0.0218 0.4998 131.6247 -0.0001 -0.0000 1.0000
0.4820 -0.0126 274.8547 -0.0126 0.5306 119.0261 -0.0001 -0.0000 1.0000
0.5161 -0.0291 263.2777 -0.0060 0.5259 116.9147 -0.0000 -0.0000 1.0000
0.4807 -0.0291 273.7052 -0.0148 0.5064 124.1152 -0.0001 -0.0000 1.0000
0.4651 -0.0126 276.7289 -0.0104 0.5180 116.6707 -0.0001 -0.0000 1.0000
0.4775 -0.0395 272.9098 -0.0099 0.4964 122.7080 -0.0001 -0.0001 1.0000
0.4460 0.0008 278.2488 -0.0222 0.5240 122.1665 -0.0001 0.0000 1.0000
0.4745 -0.0121 270.8790 -0.0124 0.5311 115.8099 -0.0001 -0.0000 1.0000
0.4709 -0.0444 276.0329 -0.0067 0.5057 115.2604 -0.0001 -0.0000 1.0000
0.4925 -0.0369 265.5198 -0.0055 0.4920 122.7273 -0.0001 -0.0001 1.0000
0.4625 -0.0581 279.9209 -0.0165 0.4757 127.9619 -0.0001 -0.0001 1.0000
0.4724 -0.0116 270.3310 -0.0103 0.5150 120.2086 -0.0001 -0.0000 1.0000
0.4765 -0.0202 265.5105 -0.0099 0.5065 120.6673 -0.0001 -0.0000 1.0000
0.4622 -0.0448 272.8950 -0.0091 0.4853 123.3646 -0.0001 -0.0001 1.0000
0.4908 -0.0389 259.8823 -0.0022 0.4981 118.6678 -0.0001 -0.0001 1.0000
0.5069 -0.0449 257.8471 0.0039 0.5032 117.4839 -0.0000 -0.0001 1.0000
0.4652 -0.0069 256.3617 -0.0208 0.5011 131.8671 -0.0001 -0.0000 1.0000
0.4133 -0.0257 271.4809 -0.0323 0.4710 136.3392 -0.0001 -0.0000 1.0000
0.4290 -0.0256 263.6728 -0.0265 0.4858 129.9053 -0.0001 -0.0000 1.0000
0.4644 -0.0437 256.6825 -0.0046 0.4827 121.5458 -0.0001 -0.0001 1.0000
0.4517 -0.0071 248.6535 -0.0235 0.4940 132.6234 -0.0001 -0.0000 1.0000
0.4695 -0.0251 247.3177 -0.0137 0.4980 126.3303 -0.0001 -0.0000 1.0000
0.4327 -0.0251 248.8265 -0.0259 0.4775 133.7278 -0.0001 -0.0000 1.0000
0.4931 -0.0272 228.8411 -0.0153 0.5054 130.7610 -0.0001 -0.0000 1.0000
0.4981 -0.0500 225.8672 -0.0068 0.4850 129.4819 -0.0000 -0.0001 1.0000
0.4637 -0.0219 224.5004 -0.0214 0.4959 131.8972 -0.0001 -0.0000 1.0000
0.4807 -0.0368 220.8443 -0.0099 0.4851 129.8695 -0.0001 -0.0001 1.0000
0.4691 -0.0289 217.6296 -0.0184 0.4946 131.5985 -0.0001 -0.0001 1.0000
0.4605 -0.0431 216.0501 -0.0134 0.4785 130.4590 -0.0001 -0.0001 1.0000
0.4843 -0.0234 199.7350 -0.0118 0.5105 125.1501 -0.0001 -0.0000 1.0000
0.5331 -0.0003 177.1272 0.0096 0.5422 114.2959 -0.0000 -0.0000 1.0000
0.5248 0.0202 171.2066 0.0006 0.5654 117.1509 -0.0000 0.0000 1.0000
0.5489 -0.0297 159.4628 0.0088 0.5278 118.3302 0.0000 -0.0001 1.0000
0.5356 -0.0318 157.3617 0.0130 0.5294 111.1794 -0.0000 -0.0001 1.0000
0.5167 -0.0171 149.7645 -0.0062 0.5240 121.8007 -0.0000 -0.0000 1.0000
0.5833 -0.0058 126.6439 0.0136 0.5688 110.0545 0.0000 -0.0000 1.0000
0.6038 -0.0127 111.4217 0.0164 0.5700 109.4736 0.0000 -0.0000 1.0000
0.5412 -0.0346 133.2738 0.0081 0.5254 116.6339 -0.0000 -0.0001 1.0000
0.6130 -0.0191 107.9875 0.0172 0.5609 114.9927 0.0000 -0.0000 1.0000
0.5134 -0.0100 135.5490 -0.0155 0.5352 128.4312 -0.0000 -0.0000 1.0000
0.5412 -0.0346 133.0152 0.0066 0.5323 117.9139 -0.0000 -0.0001 1.0000
0.6006 -0.0346 109.9348 0.0158 0.5518 112.2887 0.0000 -0.0001 1.0000
0.5565 -0.0279 122.5381 0.0111 0.5384 113.8631 -0.0000 -0.0001 1.0000
0.5912 -0.0215 111.9316 0.0085 0.5595 117.6975 0.0000 -0.0000 1.0000
0.6049 -0.0281 107.4891 0.0194 0.5635 107.7630 0.0000 -0.0001 1.0000
0.6169 -0.0373 107.4352 0.0238 0.5578 107.6478 0.0001 -0.0001 1.0000
0.5735 -0.0166 117.7411 0.0089 0.5557 111.3428 0.0000 -0.0000 1.0000
0.5821 -0.0321 116.2659 0.0112 0.5516 109.4949 0.0000 -0.0001 1.0000
0.5995 -0.0166 110.7233 0.0184 0.5735 103.9633 0.0000 -0.0000 1.0000
0.5521 -0.0230 124.7672 0.0054 0.5452 109.1487 -0.0000 -0.0001 1.0000
0.6022 -0.0348 111.7291 0.0233 0.5577 99.5164 0.0000 -0.0001 1.0000
0.6107 -0.0301 108.2746 0.0262 0.5633 97.0950 0.0001 -0.0001 1.0000
0.5811 -0.0348 120.0127 0.0150 0.5555 102.2915 0.0000 -0.0001 1.0000
0.5600 -0.0470 125.5980 0.0080 0.5342 104.5518 0.0000 -0.0001 1.0000
0.6006 -0.0141 107.5486 0.0127 0.5780 101.0961 0.0000 -0.0000 1.0000
0.6065 -0.0031 106.2574 0.0161 0.5998 99.1402 0.0000 -0.0000 1.0000
0.6109 -0.0346 106.1389 0.0245 0.5729 98.0744 0.0001 -0.0001 1.0000
0.5854 -0.0317 110.1999 0.0179 0.5628 98.0322 0.0000 -0.0001 1.0000
0.5999 -0.0319 106.2431 0.0167 0.5672 101.0964 0.0000 -0.0001 1.0000
0.6123 -0.0205 98.8056 0.0186 0.5842 99.5935 0.0000 -0.0001 1.0000
0.6075 -0.0074 98.5638 0.0159 0.5921 101.1852 0.0000 -0.0000 1.0000
0.5924 0.0025 96.4137 0.0038 0.6030 103.5353 -0.0000 0.0000 1.0000
0.6397 -0.0227 83.7037 0.0306 0.5927 94.0970 0.0001 -0.0001 1.0000
0.6396 -0.0126 77.3403 0.0169 0.6090 98.0486 0.0000 -0.0000 1.0000
0.6698 -0.0161 67.5234 0.0349 0.6228 89.5958 0.0001 -0.0000 1.0000
0.6529 -0.0332 70.7834 0.0305 0.6066 89.5523 0.0001 -0.0001 1.0000
0.6742 -0.0414 60.0785 0.0335 0.6064 89.0679 0.0001 -0.0001 1.0000
0.6864 -0.0245 52.2440 0.0389 0.6356 79.6351 0.0001 -0.0001 1.0000
0.6648 -0.0097 51.7595 0.0233 0.6396 88.1389 0.0001 -0.0000 1.0000
0.6310 -0.0127 50.9972 0.0071 0.6168 91.9123 -0.0000 -0.0000 1.0000
0.6807 -0.0067 32.8332 0.0246 0.6621 79.6571 0.0001 -0.0000 1.0000
0.7392 -0.0399 16.7117 0.0493 0.6541 69.8194 0.0001 -0.0001 1.0000
0.7295 -0.0230 10.8887 0.0347 0.6805 69.9701 0.0001 -0.0000 1.0000
0.7517 -0.0123 -5.9257 0.0399 0.7030 64.1034 0.0001 -0.0000 1.0000
0.8519 -0.0064 -40.3790 0.0767 0.7596 42.1679 0.0002 -0.0000 1.0000
0.7186 -0.0125 -3.2064 0.0207 0.6916 70.8985 0.0000 -0.0000 1.0000
0.7884 -0.0124 -26.5250 0.0498 0.7372 51.4616 0.0001 -0.0000 1.0000
0.7486 -0.0228 -14.1888 0.0365 0.7136 58.6053 0.0001 -0.0000 1.0000
0.8367 -0.0150 -44.6834 0.0667 0.7663 42.9787 0.0002 -0.0000 1.0000
0.8733 -0.0228 -59.9628 0.0712 0.7802 42.5023 0.0002 -0.0000 1.0000
0.7916 -0.0487 -31.1390 0.0443 0.7159 58.2127 0.0001 -0.0001 1.0000
0.7852 -0.0362 -36.4727 0.0337 0.7218 62.6760 0.0001 -0.0001 1.0000
0.8241 -0.0228 -51.9545 0.0404 0.7710 54.5313 0.0001 -0.0000 1.0000
0.8822 -0.0328 -73.0672 0.0636 0.8004 40.1227 0.0002 -0.0001 1.0000
0.8404 -0.0254 -62.6421 0.0438 0.7956 46.9863 0.0001 -0.0000 1.0000
0.9054 -0.0253 -91.1342 0.0623 0.8293 34.5789 0.0002 -0.0000 1.0000
0.9136 -0.0369 -93.8676 0.0678 0.8284 30.2568 0.0002 -0.0001 1.0000
0.9067 -0.0434 -96.0610 0.0603 0.8147 35.8559 0.0001 -0.0001 1.0000
0.9453 -0.0366 -111.7672 0.0747 0.8555 23.3683 0.0002 -0.0001 1.0000
0.9388 -0.0279 -116.6116 0.0635 0.8611 26.6146 0.0002 -0.0000 1.0000
0.9027 -0.0358 -104.1804 0.0570 0.8371 28.0332 0.0001 -0.0001 1.0000
0.9765 -0.0319 -136.3025 0.0693 0.8818 17.1073 0.0002 -0.0001 1.0000
0.9995 -0.0294 -141.8622 0.0789 0.8957 9.2236 0.0002 -0.0001 1.0000
0.9524 -0.0300 -130.0776 0.0484 0.8617 23.8443 0.0001 -0.0001 1.0000
1.0078 -0.0142 -146.3172 0.0729 0.9369 -3.0194 0.0002 -0.0000 1.0000
0.9957 -0.0322 -139.0992 0.0842 0.9085 -12.2457 0.0002 -0.0001 1.0000
0.9754 -0.0147 -135.7622 0.0578 0.9082 0.7237 0.0001 -0.0000 1.0000
0.9408 -0.0268 -114.5812 0.0551 0.8806 -1.3530 0.0001 -0.0001 1.0000
1.0157 -0.0148 -137.6284 0.0672 0.9347 -13.2414 0.0002 -0.0000 1.0000
0.9833 -0.0205 -120.0730 0.0588 0.9155 -11.7851 0.0001 -0.0000 1.0000
0.9899 0.0066 -118.9103 0.0555 0.9474 -16.9724 0.0001 0.0000 1.0000
0.9933 0.0283 -122.3652 0.0422 0.9660 -16.2626 0.0001 0.0000 1.0000
0.9945 -0.0114 -115.1776 0.0353 0.9185 -11.4205 0.0001 -0.0000 1.0000
1.0018 -0.0044 -111.4671 0.0431 0.9445 -27.9965 0.0001 -0.0000 1.0000
1.0231 0.0070 -119.0919 0.0462 0.9620 -38.1067 0.0001 -0.0000 1.0000
0.9802 -0.0051 -99.8909 0.0362 0.9320 -33.4851 0.0001 -0.0000 1.0000
1.0406 -0.0006 -118.3395 0.0446 0.9759 -45.7085 0.0001 -0.0000 1.0000
1.0472 0.0239 -124.8319 0.0331 0.9873 -41.4475 0.0001 0.0000 1.0000
1.0567 0.0284 -126.4555 0.0224 1.0006 -37.6449 0.0001 0.0000 1.0000
1.0852 0.0167 -131.8057 0.0435 1.0187 -56.0758 0.0002 0.0000 1.0000
1.1302 0.0227 -148.1995 0.0417 1.0433 -58.4377 0.0002 0.0000 1.0000
1.0966 0.0384 -141.1763 0.0307 1.0385 -52.2842 0.0001 0.0000 1.0000
1.1279 0.0338 -152.9987 0.0223 1.0531 -49.1983 0.0002 0.0000 1.0000
1.1030 0.0358 -146.4130 0.0143 1.0443 -43.6394 0.0001 0.0000 1.0000
1.1156 0.0241 -146.5077 0.0216 1.0322 -43.8734 0.0001 -0.0000 1.0000
1.1059 0.0411 -149.5283 0.0136 1.0497 -40.7414 0.0001 0.0000 1.0000
1.1272 0.0382 -154.5546 0.0188 1.0613 -45.9298 0.0001 0.0000 1.0000
1.0889 0.0374 -142.3273 0.0058 1.0436 -35.5736 0.0001 0.0000 1.0000
1.1360 0.0304 -159.9332 0.0079 1.0666 -38.1628 0.0001 0.0000 1.0000
1.2154 0.0460 -187.9416 0.0266 1.1248 -53.2870 0.0002 0.0000 1.0000
1.1552 0.0231 -160.7001 0.0136 1.0702 -39.4831 0.0001 -0.0000 1.0000
1.1751 0.0404 -170.4017 0.0176 1.0994 -45.9937 0.0001 0.0000 1.0000
1.1871 0.0378 -169.1426 0.0233 1.1117 -48.0799 0.0001 0.0000 1.0000
1.1931 0.0330 -172.4269 0.0133 1.1057 -42.6986 0.0001 0.0000 1.0000
1.1519 0.0369 -152.0303 0.0097 1.0960 -37.7400 0.0001 0.0000 1.0000
1.1506 0.0238 -144.3849 0.0075 1.0779 -29.4721 0.0001 -0.0000 1.0000
1.2095 0.0511 -169.5224 0.0159 1.1521 -43.8105 0.0001 0.0000 1.0000
1.2167 0.0299 -169.7050 0.0081 1.1304 -34.2942 0.0001 0.0000 1.0000
1.1774 0.0292 -153.8287 0.0043 1.1122 -31.9420 0.0001 0.0000 1.0000
1.1930 0.0163 -157.7143 0.0135 1.1229 -40.8792 0.0001 -0.0000 1.0000
1.1996 0.0149 -158.3655 0.0089 1.1276 -40.6807 0.0001 -0.0000 1.0000
1.2393 0.0379 -176.3983 0.0231 1.1657 -52.8135 0.0001 0.0000 1.0000
1.2142 0.0327 -169.0622 0.0105 1.1505 -46.0390 0.0001 0.0000 1.0000
1.2251 0.0267 -174.2887 -0.0002 1.1599 -41.9750 0.0001 0.0000 1.0000
1.2449 0.0156 -179.3660 0.0100 1.1694 -51.0730 0.0001 -0.0000 1.0000
1.2712 0.0461 -199.4695 0.0130 1.2005 -57.4678 0.0001 0.0000 1.0000
1.2986 0.0365 -205.4317 0.0191 1.2141 -63.1138 0.0001 0.0000 1.0000
1.2633 0.0220 -192.1331 0.0023 1.1937 -51.9849 0.0001 -0.0000 1.0000
1.3258 0.0360 -221.7495 0.0176 1.2347 -68.0400 0.0001 0.0000 1.0000
1.2424 0.0242 -188.9684 -0.0014 1.1913 -55.8858 0.0001 -0.0000 1.0000
1.3647 0.0358 -241.4627 0.0220 1.2590 -79.3019 0.0002 0.0000 1.0000
1.2428 0.0305 -193.3110 -0.0031 1.1945 -59.0306 0.0001 0.0000 1.0000
1.2974 0.0203 -216.9227 0.0032 1.2181 -70.5432 0.0001 -0.0000 1.0000
1.3093 0.0204 -221.0941 0.0084 1.2263 -75.4256 0.0001 -0.0000 1.0000
1.3355 0.0454 -236.3905 0.0061 1.2676 -80.3405 0.0001 0.0000 1.0000
1.3255 0.0209 -231.6987 0.0056 1.2498 -81.8787 0.0001 -0.0000 1.0000
1.3631 0.0268 -250.9219 0.0065 1.2643 -85.1799 0.0001 -0.0000 1.0000
1.3496 0.0472 -250.6511 -0.0017 1.2863 -83.9699 0.0001 0.0000 1.0000
1.3361 0.0392 -247.7020 -0.0064 1.2651 -78.0179 0.0001 0.0000 1.0000
1.3064 0.0384 -241.6295 -0.0081 1.2452 -74.0711 0.0001 0.0000 1.0000
1.3427 0.0262 -248.9573 -0.0010 1.2628 -80.3528 0.0001 -0.0000 1.0000
1.3354 0.0423 -252.8242 -0.0080 1.2715 -78.2172 0.0001 0.0000 1.0000
1.3025 0.0255 -239.8016 -0.0135 1.2432 -74.7007 0.0001 -0.0000 1.0000
1.3294 0.0318 -253.4377 -0.0136 1.2571 -77.6246 0.0001 -0.0000 1.0000
1.3178 0.0409 -253.4225 -0.0161 1.2643 -80.9013 0.0001 0.0000 1.0000
1.3253 0.0248 -252.1873 -0.0094 1.2508 -82.4903 0.0001 -0.0000 1.0000
1.3122 0.0434 -254.5383 -0.0170 1.2605 -83.5366 0.0000 0.0000 1.0000
1.3369 0.0312 -263.0535 -0.0204 1.2641 -80.3543 0.0001 -0.0000 1.0000
1.3003 0.0369 -248.6678 -0.0178 1.2544 -82.7719 0.0000 0.0000 1.0000
1.3424 0.0250 -259.6033 -0.0119 1.2738 -92.1658 0.0001 -0.0000 1.0000
1.3018 0.0334 -251.1875 -0.0239 1.2601 -85.5272 0.0000 0.0000 1.0000
1.3634 0.0342 -272.5582 -0.0184 1.2969 -96.4600 0.0001 0.0000 1.0000
1.3350 0.0581 -269.2326 -0.0253 1.2940 -91.6296 0.0000 0.0000 1.0000
1.3332 0.0364 -264.6730 -0.0245 1.2828 -92.4274 0.0000 0.0000 1.0000
1.3111 0.0385 -259.5701 -0.0302 1.2627 -87.9238 0.0000 0.0000 1.0000
1.3582 0.0391 -277.3800 -0.0256 1.2964 -96.6624 0.0000 0.0000 1.0000
1.3244 0.0208 -258.7488 -0.0297 1.2727 -92.2918 0.0000 -0.0000 1.0000
1.3445 0.0540 -273.0826 -0.0277 1.3094 -98.9146 0.0000 0.0000 1.0000
1.3152 0.0409 -260.7850 -0.0324 1.2823 -94.0106 -0.0000 0.0000 1.0000
1.2925 0.0201 -246.1411 -0.0315 1.2613 -93.8457 -0.0000 -0.0000 1.0000
1.3155 0.0434 -264.4129 -0.0372 1.2792 -93.0460 -0.0000 0.0000 1.0000
1.3179 0.0345 -260.2667 -0.0371 1.2767 -94.4237 -0.0000 0.0000 1.0000
1.3434 0.0525 -274.9908 -0.0381 1.3074 -98.7554 -0.0000 0.0000 1.0000
1.2963 0.0432 -250.6178 -0.0417 1.2737 -95.1031 -0.0000 0.0000 1.0000
1.2865 0.0634 -250.6937 -0.0523 1.2882 -91.7293 -0.0000 0.0000 1.0000
1.2493 0.0448 -235.6466 -0.0555 1.2520 -86.4777 -0.0001 0.0000 1.0000
1.3174 0.0518 -260.1105 -0.0429 1.2925 -99.7905 -0.0000 0.0000 1.0000
1.2619 0.0391 -235.6052 -0.0510 1.2536 -90.3313 -0.0001 0.0000 1.0000
1.2916 0.0602 -248.7096 -0.0522 1.2872 -94.8335 -0.0000 0.0000 1.0000
1.2601 0.0620 -238.3099 -0.0607 1.2662 -85.4906 -0.0001 0.0000 1.0000
1.2828 0.0567 -245.8123 -0.0478 1.2764 -94.3185 -0.0001 0.0000 1.0000
1.2844 0.0480 -244.0277 -0.0558 1.2662 -84.5914 -0.0001 0.0000 1.0000
1.2723 0.0506 -239.8935 -0.0561 1.2641 -84.3260 -0.0001 0.0000 1.0000
1.2058 0.0607 -218.5897 -0.0732 1.2335 -68.6063 -0.0001 0.0000 1.0000
1.2604 0.0533 -235.9344 -0.0643 1.2535 -76.1225 -0.0001 0.0000 1.0000
1.2435 0.0559 -229.7899 -0.0691 1.2512 -70.5851 -0.0001 0.0000 1.0000
1.2222 0.0497 -218.3905 -0.0729 1.2346 -65.5847 -0.0001 0.0000 1.0000
1.2142 0.0584 -214.5954 -0.0736 1.2385 -64.2306 -0.0001 0.0000 1.0000
1.1947 0.0553 -207.9372 -0.0727 1.2177 -60.9653 -0.0001 0.0000 1.0000
1.1898 0.0496 -203.6051 -0.0726 1.2127 -58.9824 -0.0001 0.0000 1.0000
1.2130 0.0415 -209.3676 -0.0679 1.2198 -63.2933 -0.0001 -0.0000 1.0000
1.2190 0.0679 -214.6173 -0.0738 1.2400 -57.9759 -0.0001 0.0000 1.0000
1.1989 0.0646 -206.1681 -0.0774 1.2219 -51.3408 -0.0001 0.0000 1.0000
1.2223 0.0625 -209.6347 -0.0732 1.2311 -52.5171 -0.0001 0.0000 1.0000
1.1798 0.0611 -195.2013 -0.0816 1.2012 -42.8403 -0.0001 0.0000 1.0000
1.1804 0.0559 -189.9292 -0.0731 1.2046 -47.1329 -0.0001 0.0000 1.0000
1.1800 0.0533 -183.9749 -0.0730 1.2091 -47.5486 -0.0001 0.0000 1.0000
1.1568 0.0676 -179.1859 -0.0901 1.1926 -30.2035 -0.0001 0.0000 1.0000
1.1831 0.0689 -182.6441 -0.0818 1.2095 -33.9326 -0.0001 0.0000 1.0000
1.1955 0.0785 -188.7687 -0.0785 1.2209 -35.1445 -0.0001 0.0001 1.0000
1.1686 0.0598 -173.0237 -0.0815 1.1947 -29.5671 -0.0001 0.0000 1.0000
1.1427 0.0680 -165.0583 -0.0906 1.1877 -23.4376 -0.0001 0.0000 1.0000
1.1427 0.0649 -164.8608 -0.0818 1.1704 -22.7878 -0.0001 0.0000 1.0000
1.1581 0.0534 -163.3067 -0.0805 1.1691 -21.2392 -0.0001 0.0000 1.0000
