1.0000 0.0000 -0.0000 0.0000 1.0000 -0.0000 0.0000 -0.0000 1.0000
1.0654 0.0130 -21.6546 0.0136 1.0482 -13.7438 0.0000 0.0000 1.0000
1.0130 0.0064 -2.5407 -0.0001 1.0189 -4.6926 -0.0000 0.0000 1.0000
0.9524 -0.0217 23.0340 -0.0133 0.9709 7.4030 -0.0000 -0.0000 1.0000
1.0404 -0.0040 -8.7259 0.0096 1.0224 -12.8306 0.0000 0.0000 1.0000
1.0098 -0.0164 5.3806 -0.0007 0.9937 -4.5017 0.0000 -0.0000 1.0000
0.9330 -0.0072 27.3437 -0.0194 0.9606 7.3117 -0.0001 -0.0000 1.0000
1.0348 -0.0099 -1.9858 0.0060 1.0103 -9.2881 0.0000 -0.0000 1.0000
1.0283 -0.0264 5.7767 0.0088 0.9951 -7.5041 0.0000 -0.0000 1.0000
1.0015 -0.0433 16.4342 0.0054 0.9752 -6.0705 0.0000 -0.0000 1.0000
0.9799 -0.0214 18.0995 -0.0073 0.9731 1.0087 -0.0000 -0.0000 1.0000
0.9934 -0.0346 18.2954 0.0019 0.9681 -0.8696 0.0000 -0.0000 1.0000
0.9944 0.0061 7.1461 -0.0069 1.0019 -4.0471 -0.0000 0.0000 1.0000
0.9970 -0.0112 10.7946 -0.0038 0.9923 -3.3091 -0.0000 -0.0000 1.0000
0.9552 -0.0059 23.0780 -0.0196 0.9775 4.8057 -0.0000 0.0000 1.0000
0.9865 -0.0004 14.0378 -0.0074 0.9896 -0.8439 -0.0000 0.0000 1.0000
1.0004 0.0120 1.3612 -0.0005 1.0043 -9.3008 -0.0000 0.0000 1.0000
0.9605 0.0049 20.7449 -0.0190 0.9975 0.2740 -0.0000 0.0000 1.0000
0.9874 -0.0502 25.2333 -0.0016 0.9528 3.7124 0.0000 -0.0001 1.0000
1.0086 -0.0322 14.0825 0.0056 0.9854 -7.8852 0.0000 -0.0000 1.0000
1.0379 -0.0150 3.6796 0.0126 1.0167 -16.8743 0.0000 -0.0000 1.0000
0.9384 -0.0284 36.8725 -0.0199 0.9491 9.7334 -0.0000 -0.0000 1.0000
1.0175 -0.0052 7.3953 -0.0003 1.0125 -9.9022 0.0000 0.0000 1.0000
0.9795 -0.0221 20.8461 -0.0010 0.9737 -3.8982 -0.0000 -0.0000 1.0000
0.9837 -0.0108 15.1952 -0.0071 0.9825 -0.6335 -0.0000 -0.0000 1.0000
0.9663 0.0106 19.5965 -0.0128 1.0080 -4.2549 -0.0000 0.0000 1.0000
0.9651 -0.0070 23.4093 -0.0075 0.9749 2.8770 -0.0000 0.0000 1.0000
0.9863 -0.0236 22.4941 -0.0041 0.9841 3.8322 -0.0000 -0.0000 1.0000
1.0074 -0.0021 11.7510 0.0021 0.9904 1.9376 0.0000 0.0000 1.0000
0.9790 -0.0198 26.4889 -0.0046 0.9725 6.8983 -0.0000 -0.0000 1.0000
1.0070 -0.0021 12.9136 -0.0008 1.0001 -2.5171 0.0000 0.0000 1.0000
1.0304 -0.0061 7.8900 0.0094 1.0182 -11.0686 0.0000 0.0000 1.0000
0.9185 -0.0103 44.4276 -0.0199 0.9548 9.3644 -0.0001 0.0000 1.0000
1.0403 -0.0117 4.3865 0.0059 1.0130 -8.7954 0.0000 -0.0000 1.0000
0.9795 0.0370 12.8195 -0.0073 1.0082 -3.4422 -0.0000 0.0001 1.0000
1.0328 0.0102 6.4657 0.0059 1.0209 -8.5593 0.0000 0.0000 1.0000
0.9820 0.0093 20.8278 -0.0134 1.0019 2.3669 -0.0000 0.0000 1.0000
0.9835 0.0146 19.0093 -0.0076 0.9932 4.2919 -0.0000 0.0000 1.0000
1.0284 -0.0196 14.2986 0.0118 0.9867 -2.3730 0.0000 -0.0000 1.0000
1.0311 0.0043 8.4877 0.0121 1.0072 -7.4390 0.0000 0.0000 1.0000
0.9884 0.0073 23.8876 -0.0011 0.9929 -1.1605 -0.0000 0.0000 1.0000
0.9952 0.0041 20.5223 -0.0074 0.9936 1.5056 -0.0000 0.0000 1.0000
0.9718 -0.0154 32.9230 -0.0011 0.9671 0.9951 -0.0000 -0.0000 1.0000
0.9828 -0.0241 30.8838 -0.0043 0.9752 1.2441 -0.0000 -0.0000 1.0000
0.9855 -0.0234 28.4964 -0.0045 0.9709 3.5500 -0.0000 -0.0000 1.0000
1.0884 0.0064 -6.8027 0.0230 1.0319 -13.8560 0.0001 0.0000 1.0000
0.9537 0.0148 30.1958 -0.0205 0.9797 11.2790 -0.0000 0.0000 1.0000
1.0275 0.0171 7.4237 0.0060 1.0268 -10.5380 0.0000 0.0000 1.0000
0.9546 -0.0196 36.1334 0.0012 0.9548 3.3339 -0.0000 -0.0000 1.0000
1.0370 -0.0106 12.4186 0.0188 1.0140 -13.0458 0.0000 0.0000 1.0000
0.9239 -0.0253 49.4964 -0.0022 0.9394 5.0955 -0.0001 -0.0000 1.0000
1.0528 -0.0407 22.7551 0.0383 0.9914 -16.4209 0.0001 -0.0000 1.0000
0.9804 -0.0135 43.5585 0.0207 0.9890 -12.1420 -0.0000 0.0000 1.0000
0.9438 -0.0098 56.3983 0.0162 0.9619 -6.0806 -0.0000 0.0000 1.0000
0.9108 -0.0398 75.6533 0.0157 0.9277 -0.8769 -0.0000 -0.0000 1.0000
0.9955 -0.0461 55.5160 0.0461 0.9690 -20.0747 0.0000 0.0000 1.0000
0.9828 -0.0515 61.5400 0.0496 0.9796 -27.7500 0.0000 0.0000 1.0000
0.9595 -0.0394 68.6863 0.0422 0.9845 -26.3125 -0.0000 0.0000 1.0000
0.9681 -0.0731 75.8401 0.0616 0.9649 -38.7221 -0.0000 -0.0000 1.0000
0.9770 -0.0770 79.2219 0.0712 0.9706 -52.8643 -0.0000 0.0000 1.0000
0.9847 -0.0786 83.0398 0.0774 0.9599 -61.9899 0.0000 0.0000 1.0000
0.9949 -0.0866 82.7422 0.1033 0.9715 -94.0257 0.0000 0.0000 1.0000
0.9152 -0.1064 119.4029 0.1153 0.9161 -108.9369 -0.0000 0.0000 1.0000
0.9241 -0.1559 138.3640 0.1250 0.8806 -116.6625 -0.0000 -0.0000 1.0000
0.8958 -0.1845 165.5384 0.1348 0.8807 -141.9747 0.0000 -0.0000 1.0000
0.8183 -0.1214 196.0965 0.1392 0.8200 -150.8842 -0.0001 0.0001 1.0000
0.7840 -0.1496 233.9681 0.1483 0.8109 -169.4706 -0.0001 0.0001 1.0000
0.7999 -0.2575 280.8755 0.1664 0.7316 -164.0533 -0.0000 -0.0000 1.0000
0.8343 -0.0736 224.8402 0.1664 0.8223 -183.8143 -0.0000 0.0002 1.0000
0.5683 -0.1391 348.4351 0.1331 0.6674 -121.1562 -0.0002 0.0001 1.0000
0.5700 -0.1626 369.8254 0.1549 0.6462 -117.3714 -0.0001 0.0001 1.0000
0.5413 -0.0839 378.2895 0.1614 0.7000 -115.1833 -0.0002 0.0002 1.0000
0.4958 -0.1985 409.3868 0.1643 0.5708 -69.3945 -0.0002 0.0001 1.0000
0.5789 -0.1362 395.7017 0.2201 0.6699 -97.5079 -0.0001 0.0002 1.0000
0.4454 -0.1601 417.6314 0.1732 0.5721 -44.7640 -0.0002 0.0002 1.0000
0.5882 -0.1744 388.2273 0.2417 0.6450 -71.0001 -0.0001 0.0002 1.0000
0.5549 -0.2315 397.4221 0.2379 0.5908 -47.0074 -0.0001 0.0001 1.0000
0.4967 -0.2443 397.5074 0.2280 0.5430 -27.9794 -0.0001 0.0001 1.0000
0.4391 -0.2538 396.6560 0.2103 0.4680 -0.5891 -0.0001 0.0001 1.0000
0.5623 -0.1453 356.0886 0.2776 0.6110 -46.6125 -0.0000 0.0003 1.0000
0.4762 -0.2637 382.8158 0.2461 0.4645 -10.6151 -0.0001 0.0001 1.0000
0.4734 -0.2818 383.9815 0.2531 0.4532 -14.8146 -0.0001 0.0001 1.0000
0.4385 -0.2936 399.7012 0.2463 0.4273 -9.3404 -0.0001 0.0000 1.0000
0.4302 -0.2673 407.9336 0.2477 0.4277 -10.5756 -0.0001 0.0001 1.0000
0.4936 -0.2532 410.0230 0.2927 0.4615 -32.3128 -0.0000 0.0001 1.0000
0.4914 -0.2500 421.3593 0.3021 0.4627 -39.7341 -0.0000 0.0001 1.0000
0.3371 -0.2455 456.2543 0.2120 0.3878 7.6532 -0.0002 0.0001 1.0000
0.4054 -0.1855 454.7299 0.2567 0.4542 -16.2721 -0.0001 0.0002 1.0000
0.4082 -0.2095 467.4526 0.2621 0.4336 -12.5285 -0.0001 0.0002 1.0000
0.4123 -0.1797 493.2761 0.2669 0.4776 -14.5159 -0.0001 0.0003 1.0000
0.3084 -0.2222 526.9420 0.2217 0.3986 14.8801 -0.0002 0.0001 1.0000
0.3599 -0.2273 532.6386 0.2515 0.4222 -0.9813 -0.0001 0.0001 1.0000
0.3482 -0.1965 550.8771 0.2490 0.4474 -3.8040 -0.0002 0.0002 1.0000
0.2811 -0.1995 575.2596 0.2219 0.4250 6.7186 -0.0002 0.0002 1.0000
0.3161 -0.2413 587.6492 0.2353 0.4017 7.5364 -0.0002 0.0001 1.0000
0.3425 -0.2620 596.6095 0.2555 0.4114 -6.7418 -0.0002 0.0001 1.0000
0.3345 -0.1987 598.0937 0.2609 0.4619 -24.2541 -0.0002 0.0002 1.0000
0.3606 -0.2588 608.2498 0.2811 0.4436 -30.2387 -0.0002 0.0002 1.0000
0.3606 -0.3016 617.0428 0.2833 0.4248 -28.2881 -0.0002 0.0001 1.0000
0.4080 -0.2680 605.1235 0.3130 0.4744 -52.1024 -0.0001 0.0002 1.0000
0.3872 -0.3412 613.9312 0.3060 0.4301 -43.2181 -0.0001 0.0001 1.0000
0.3043 -0.3388 614.7494 0.2657 0.4136 -30.2945 -0.0002 0.0001 1.0000
0.4296 -0.3319 588.8899 0.3362 0.4802 -72.7721 -0.0001 0.0001 1.0000
0.3542 -0.2920 590.1296 0.3084 0.4831 -68.9185 -0.0002 0.0002 1.0000
0.4358 -0.3083 561.9526 0.3593 0.5431 -108.7011 -0.0002 0.0002 1.0000
0.2837 -0.3091 558.9270 0.2836 0.4598 -74.2940 -0.0003 0.0002 1.0000
0.3854 -0.3376 533.6065 0.3409 0.5092 -112.2159 -0.0002 0.0002 1.0000
0.3229 -0.4434 543.3811 0.2998 0.4278 -84.4999 -0.0003 0.0001 1.0000
0.4256 -0.5252 527.8062 0.3684 0.4124 -111.5326 -0.0001 -0.0001 1.0000
0.5211 -0.5148 505.3879 0.4320 0.4636 -146.4962 -0.0001 0.0000 1.0000
0.4523 -0.5185 513.7242 0.3968 0.4448 -133.7190 -0.0001 -0.0000 1.0000
0.4591 -0.5053 514.1968 0.4079 0.4455 -137.7596 -0.0001 0.0000 1.0000
0.4345 -0.5014 529.9675 0.4011 0.4312 -131.6319 -0.0001 0.0000 1.0000
0.4573 -0.4339 544.9406 0.4243 0.4866 -146.8932 -0.0001 0.0002 1.0000
0.4968 -0.3852 562.7240 0.4452 0.5430 -157.6066 -0.0001 0.0003 1.0000
0.3699 -0.4804 597.2780 0.3703 0.3677 -94.4731 -0.0002 0.0000 1.0000
0.3907 -0.5505 670.1003 0.3822 0.4185 -104.0698 -0.0002 0.0000 1.0000
0.2387 -0.4161 689.6351 0.2993 0.3963 -65.7479 -0.0003 0.0001 1.0000
0.2456 -0.4322 706.6043 0.3078 0.3858 -71.8125 -0.0003 0.0000 1.0000
0.2495 -0.4680 725.1357 0.3117 0.3778 -75.8443 -0.0003 0.0000 1.0000
0.3437 -0.4383 707.6880 0.3627 0.4195 -106.2386 -0.0002 0.0001 1.0000
0.2868 -0.4290 706.1799 0.3371 0.4059 -94.6857 -0.0003 0.0001 1.0000
0.3056 -0.4227 686.2202 0.3421 0.4139 -93.2046 -0.0003 0.0001 1.0000
0.3171 -0.4073 645.9255 0.3490 0.3877 -90.2859 -0.0002 0.0001 1.0000
0.4086 -0.4716 629.4732 0.4019 0.4325 -124.4725 -0.0002 0.0001 1.0000
0.3106 -0.4614 615.6684 0.3477 0.3950 -103.5657 -0.0003 0.0000 1.0000
0.3495 -0.4932 588.3316 0.3640 0.3905 -113.1493 -0.0002 -0.0000 1.0000
0.3964 -0.4840 581.3821 0.3960 0.4254 -137.4964 -0.0002 0.0000 1.0000
0.2937 -0.4834 602.0336 0.3299 0.3879 -101.7228 -0.0003 -0.0000 1.0000
0.4283 -0.4521 594.0212 0.3992 0.4750 -143.0256 -0.0002 0.0001 1.0000
0.3409 -0.4626 634.2802 0.3482 0.3994 -98.7523 -0.0002 0.0000 1.0000
0.3739 -0.4254 660.3379 0.3808 0.4794 -128.0106 -0.0002 0.0001 1.0000
0.3988 -0.4623 666.7763 0.3891 0.4418 -122.4306 -0.0002 0.0001 1.0000
0.4107 -0.4937 682.3485 0.3986 0.4167 -120.8005 -0.0002 0.0000 1.0000
0.3147 -0.4745 704.0168 0.3741 0.3922 -112.3543 -0.0002 0.0000 1.0000
0.2949 -0.4804 722.1850 0.3833 0.3901 -114.1873 -0.0002 0.0001 1.0000
0.2276 -0.4716 724.6405 0.3504 0.3495 -88.4084 -0.0003 0.0001 1.0000
0.2623 -0.4964 725.6805 0.3903 0.3401 -96.9264 -0.0002 0.0001 1.0000
0.3360 -0.4750 720.9178 0.4581 0.3654 -119.4024 -0.0002 0.0001 1.0000
0.2128 -0.5043 727.8076 0.3936 0.2982 -81.0121 -0.0003 0.0001 1.0000
0.2674 -0.5756 731.2726 0.4417 0.2625 -87.4630 -0.0002 0.0000 1.0000
0.2247 -0.5424 722.7349 0.4271 0.2452 -76.1886 -0.0002 0.0000 1.0000
0.2566 -0.5836 723.3286 0.4568 0.2345 -84.2029 -0.0002 0.0000 1.0000
0.2570 -0.6047 720.4417 0.4629 0.2075 -77.1353 -0.0002 -0.0000 1.0000
0.1927 -0.5472 725.0931 0.4359 0.2153 -62.1323 -0.0002 0.0000 1.0000
0.2582 -0.5310 723.9298 0.4900 0.2347 -74.2056 -0.0002 0.0001 1.0000
0.2522 -0.4725 730.7852 0.5019 0.2650 -69.2007 -0.0002 0.0002 1.0000
0.1200 -0.4940 731.2327 0.3813 0.1648 5.4335 -0.0003 0.0000 1.0000
0.1052 -0.5199 742.5409 0.3747 0.1473 20.2386 -0.0003 0.0000 1.0000
0.1696 -0.5094 744.8551 0.4348 0.1619 11.0111 -0.0002 0.0001 1.0000
0.0754 -0.4858 750.6908 0.3600 0.1342 50.9769 -0.0003 0.0001 1.0000
0.1532 -0.5052 765.9220 0.4402 0.1494 34.3047 -0.0002 0.0001 1.0000
0.1037 -0.4707 774.2458 0.4033 0.1463 59.4136 -0.0002 0.0001 1.0000
0.0243 -0.4670 773.9787 0.3385 0.1147 86.6504 -0.0003 0.0001 1.0000
0.0856 -0.5298 780.3924 0.3784 0.0777 88.5375 -0.0002 0.0000 1.0000
0.0242 -0.4544 778.5135 0.3465 0.1048 89.3939 -0.0003 0.0001 1.0000
0.0242 -0.4544 778.5135 0.3465 0.1048 89.3939 -0.0003 0.0001 1.0000
0.0473 -0.4200 795.1854 0.3876 0.1430 60.8560 -0.0003 0.0002 1.0000
0.0098 -0.5146 801.1769 0.3404 0.0492 87.3776 -0.0003 0.0000 1.0000
0.0341 -0.4586 810.4735 0.3722 0.1021 62.9598 -0.0003 0.0002 1.0000
0.1045 -0.5157 820.6118 0.4269 0.0782 44.6523 -0.0002 0.0001 1.0000
0.0193 -0.4778 820.0618 0.3722 0.0710 50.3340 -0.0003 0.0001 1.0000
0.0438 -0.5023 831.5133 0.4019 0.0660 32.6988 -0.0002 0.0001 1.0000
-0.0360 -0.5437 829.8168 0.3357 0.0241 50.0447 -0.0003 -0.0000 1.0000
-0.0051 -0.5226 836.8385 0.3718 0.0381 32.0954 -0.0003 0.0001 1.0000
0.0024 -0.4934 852.1520 0.4003 0.0639 13.1055 -0.0003 0.0001 1.0000
-0.0393 -0.5309 848.1936 0.3591 0.0281 27.8160 -0.0003 0.0000 1.0000
-0.0093 -0.5016 852.5936 0.3989 0.0364 6.1385 -0.0003 0.0001 1.0000
0.0005 -0.5029 856.0839 0.4210 0.0426 -12.0530 -0.0002 0.0001 1.0000
0.0137 -0.5239 872.6511 0.4362 0.0306 -15.4793 -0.0002 0.0001 1.0000
0.0649 -0.5266 882.6066 0.4856 0.0358 -37.2941 -0.0002 0.0002 1.0000
0.0035 -0.5019 885.4922 0.4599 0.0478 -42.5167 -0.0002 0.0002 1.0000
-0.0518 -0.5235 879.2724 0.4092 0.0060 -23.7107 -0.0003 0.0001 1.0000
-0.0285 -0.5804 888.5303 0.4378 -0.0164 -35.8105 -0.0002 0.0001 1.0000
-0.0524 -0.5895 885.9003 0.4135 -0.0255 -30.1940 -0.0003 0.0000 1.0000
-0.0283 -0.6039 899.9012 0.4403 -0.0224 -43.2950 -0.0002 0.0001 1.0000
-0.0556 -0.5637 904.2778 0.4373 -0.0144 -47.6883 -0.0003 0.0001 1.0000
-0.0656 -0.5715 908.8742 0.4336 -0.0150 -50.1604 -0.0003 0.0001 1.0000
-0.1094 -0.5526 903.9951 0.4063 -0.0253 -38.1820 -0.0003 0.0001 1.0000
-0.0704 -0.5773 918.7653 0.4393 -0.0188 -46.7900 -0.0003 0.0001 1.0000
-0.0193 -0.5675 925.7134 0.4890 -0.0128 -62.6343 -0.0002 0.0002 1.0000
-0.0169 -0.5999 927.5866 0.4955 -0.0193 -62.7234 -0.0002 0.0001 1.0000
-0.0952 -0.6066 915.3800 0.4195 -0.0365 -27.4621 -0.0003 0.0000 1.0000
-0.0602 -0.5738 927.1968 0.4584 -0.0115 -39.7681 -0.0003 0.0001 1.0000
-0.0780 -0.5604 921.2911 0.4479 -0.0063 -38.5087 -0.0003 0.0001 1.0000
-0.0998 -0.5899 918.3880 0.4139 -0.0159 -20.6751 -0.0003 0.0001 1.0000
-0.0407 -0.6163 915.8507 0.4538 -0.0018 -37.0663 -0.0003 0.0001 1.0000
-0.0344 -0.5932 908.0195 0.4600 0.0162 -37.6500 -0.0003 0.0001 1.0000
0.0217 -0.6411 904.4344 0.5068 0.0314 -53.8684 -0.0002 0.0001 1.0000
-0.0372 -0.5734 878.2213 0.4358 0.0875 -25.7244 -0.0003 0.0002 1.0000
0.0497 -0.6254 860.5355 0.4859 0.1177 -40.8951 -0.0002 0.0001 1.0000
0.1132 -0.5772 847.4043 0.5293 0.2102 -64.0631 -0.0002 0.0003 1.0000
0.0681 -0.6229 820.3161 0.4450 0.1725 -20.5755 -0.0003 0.0001 1.0000
0.0601 -0.6252 780.0557 0.3792 0.1634 10.5801 -0.0003 0.0000 1.0000
0.1469 -0.6039 752.5190 0.4333 0.2515 -22.7118 -0.0002 0.0001 1.0000
0.0595 -0.5798 731.4576 0.3254 0.2313 24.9952 -0.0003 0.0000 1.0000
0.1782 -0.6395 707.7728 0.3890 0.2665 4.7659 -0.0002 0.0000 1.0000
0.0945 -0.5950 679.1915 0.2944 0.2283 51.2441 -0.0003 -0.0000 1.0000
0.2581 -0.6340 667.9228 0.4220 0.3101 3.0720 -0.0002 0.0000 1.0000
0.2797 -0.6118 642.0856 0.4109 0.3378 7.1371 -0.0002 0.0000 1.0000
0.2069 -0.5641 624.5454 0.3340 0.3252 32.4590 -0.0003 0.0000 1.0000
0.2970 -0.5769 616.7027 0.3917 0.3607 9.5104 -0.0002 0.0001 1.0000
0.2711 -0.5461 610.7464 0.3608 0.3710 8.1257 -0.0002 0.0001 1.0000
0.2216 -0.5346 612.5892 0.3177 0.3433 17.3352 -0.0003 0.0000 1.0000
0.2370 -0.5446 607.4932 0.3051 0.3335 18.9085 -0.0002 0.0000 1.0000
0.2114 -0.4953 610.2059 0.2988 0.3593 6.2663 -0.0003 0.0001 1.0000
0.3016 -0.5038 606.9693 0.3543 0.4114 -30.5367 -0.0002 0.0001 1.0000
0.2402 -0.5356 614.5781 0.2971 0.3351 -1.9440 -0.0002 -0.0000 1.0000
0.2411 -0.4739 610.7172 0.3025 0.3846 -20.8547 -0.0003 0.0001 1.0000
0.2386 -0.5015 615.1566 0.2868 0.3402 -6.3601 -0.0002 0.0000 1.0000
0.2712 -0.4651 606.0334 0.2979 0.3874 -20.2887 -0.0002 0.0001 1.0000
0.2434 -0.4086 606.7904 0.2792 0.4114 -16.1583 -0.0003 0.0001 1.0000
0.2434 -0.4730 608.9129 0.2626 0.3560 4.6739 -0.0002 0.0000 1.0000
0.2974 -0.4332 594.3802 0.2838 0.4109 -7.3872 -0.0002 0.0001 1.0000
0.3029 -0.4257 589.9062 0.2746 0.4217 -1.2296 -0.0002 0.0001 1.0000
0.3071 -0.4454 588.6754 0.2643 0.4057 10.7504 -0.0002 0.0000 1.0000
0.2917 -0.3997 585.8118 0.2458 0.4295 17.5422 -0.0002 0.0001 1.0000
0.2972 -0.3709 579.9619 0.2454 0.4492 15.5781 -0.0002 0.0001 1.0000
0.3053 -0.3484 566.5776 0.2401 0.4726 11.2845 -0.0002 0.0001 1.0000
0.2760 -0.3551 567.0326 0.2117 0.4475 26.6736 -0.0003 0.0001 1.0000
0.2858 -0.3911 565.1455 0.2125 0.4299 25.5759 -0.0002 0.0000 1.0000
0.2848 -0.3569 547.5177 0.2014 0.4318 25.8057 -0.0002 0.0001 1.0000
0.3686 -0.3230 528.7178 0.2393 0.5367 -20.5559 -0.0002 0.0002 1.0000
0.4621 -0.2308 499.2054 0.2831 0.6508 -66.9918 -0.0001 0.0003 1.0000
0.3635 -0.2732 509.3426 0.2207 0.5800 -50.5700 -0.0002 0.0002 1.0000
0.3274 -0.3498 513.9722 0.1860 0.4706 -23.4744 -0.0002 0.0001 1.0000
0.3599 -0.3082 502.8204 0.2145 0.5387 -66.4062 -0.0002 0.0001 1.0000
0.3771 -0.3048 489.1348 0.2070 0.5130 -60.7272 -0.0002 0.0001 1.0000
0.4479 -0.2620 471.4270 0.2328 0.5835 -92.2825 -0.0001 0.0002 1.0000
0.3601 -0.2976 484.3514 0.1814 0.5114 -59.3124 -0.0002 0.0001 1.0000
0.4681 -0.2866 463.7536 0.2239 0.5775 -89.9207 -0.0001 0.0002 1.0000
0.4705 -0.2685 462.8785 0.2180 0.5792 -83.5229 -0.0001 0.0002 1.0000
0.3764 -0.2649 477.4572 0.1669 0.5368 -51.6678 -0.0002 0.0001 1.0000
0.4518 -0.2841 463.0294 0.1959 0.5443 -61.2929 -0.0001 0.0001 1.0000
0.4285 -0.2385 466.1585 0.1816 0.5780 -59.6294 -0.0001 0.0002 1.0000
0.3908 -0.2195 468.1741 0.1535 0.5444 -31.8573 -0.0002 0.0002 1.0000
0.3652 -0.2175 472.5405 0.1419 0.5295 -20.1155 -0.0002 0.0001 1.0000
0.4179 -0.1834 463.1128 0.1615 0.5859 -31.3510 -0.0002 0.0002 1.0000
0.3406 -0.2634 479.0990 0.1179 0.4906 8.2516 -0.0002 0.0001 1.0000
0.4461 -0.1859 457.4233 0.1691 0.6034 -26.9620 -0.0001 0.0002 1.0000
0.4508 -0.2049 456.3328 0.1632 0.5866 -14.2913 -0.0001 0.0002 1.0000
0.3863 -0.2139 462.0173 0.1293 0.5443 10.4473 -0.0002 0.0001 1.0000
0.4006 -0.1967 454.3305 0.1318 0.5658 8.9033 -0.0002 0.0002 1.0000
0.4023 -0.2054 448.7121 0.1298 0.5613 11.4955 -0.0002 0.0001 1.0000
0.3924 -0.2150 445.6873 0.1221 0.5525 17.3887 -0.0002 0.0001 1.0000
0.3953 -0.2228 440.4680 0.1213 0.5501 20.5575 -0.0002 0.0001 1.0000
0.4068 -0.1812 427.1341 0.1253 0.6013 7.1093 -0.0002 0.0002 1.0000
0.4364 -0.1954 418.1786 0.1396 0.6028 5.6825 -0.0002 0.0002 1.0000
0.3991 -0.2442 428.4262 0.1239 0.5677 16.0214 -0.0002 0.0001 1.0000
0.4281 -0.2058 411.6432 0.1339 0.6050 9.7546 -0.0002 0.0001 1.0000
0.5104 -0.2232 399.2072 0.1750 0.6443 -10.5898 -0.0001 0.0001 1.0000
0.4660 -0.2089 404.7726 0.1568 0.6490 -4.5979 -0.0002 0.0002 1.0000
0.5189 -0.2159 397.3186 0.1769 0.6781 -11.7473 -0.0001 0.0002 1.0000
0.5007 -0.2289 402.2768 0.1700 0.6695 -6.7358 -0.0002 0.0001 1.0000
0.5026 -0.1909 402.6307 0.1722 0.7130 -13.0256 -0.0002 0.0002 1.0000
0.4649 -0.2338 414.6758 0.1557 0.6617 0.3718 -0.0002 0.0001 1.0000
0.4989 -0.2161 412.2081 0.1700 0.7177 -16.0730 -0.0002 0.0002 1.0000
0.5126 -0.2665 418.4988 0.1790 0.6879 -17.3985 -0.0002 0.0001 1.0000
0.5646 -0.2821 415.0112 0.2028 0.7251 -38.6940 -0.0002 0.0001 1.0000
0.5424 -0.2792 416.5826 0.1930 0.7213 -42.2693 -0.0002 0.0001 1.0000
0.4977 -0.2691 427.0918 0.1762 0.7244 -44.3051 -0.0002 0.0001 1.0000
0.5404 -0.3348 424.3509 0.1975 0.7023 -54.9040 -0.0002 0.0000 1.0000
0.5882 -0.3163 410.0218 0.2173 0.7597 -80.3772 -0.0002 0.0001 1.0000
0.5769 -0.3022 404.4113 0.2115 0.7757 -89.3135 -0.0002 0.0001 1.0000
0.5372 -0.3112 413.1794 0.1953 0.7469 -81.3768 -0.0002 0.0001 1.0000
0.5582 -0.3362 408.4392 0.1961 0.7470 -84.9144 -0.0002 0.0001 1.0000
0.5798 -0.3159 395.7660 0.2158 0.7908 -112.2415 -0.0002 0.0001 1.0000
0.5563 -0.3229 403.3279 0.2060 0.7754 -108.9006 -0.0002 0.0001 1.0000
0.5906 -0.3184 391.2354 0.2230 0.8034 -126.0292 -0.0002 0.0001 1.0000
0.6020 -0.3269 388.5044 0.2214 0.7985 -125.1777 -0.0002 0.0001 1.0000
0.6712 -0.3143 372.2438 0.2516 0.8563 -152.2718 -0.0002 0.0001 1.0000
0.6183 -0.3711 395.6804 0.2326 0.7900 -134.0220 -0.0002 0.0000 1.0000
0.6050 -0.3756 401.1789 0.2264 0.7889 -136.3783 -0.0002 0.0000 1.0000
0.6235 -0.3403 393.9978 0.2324 0.8317 -151.7530 -0.0002 0.0001 1.0000
0.7011 -0.3485 376.7371 0.2619 0.8744 -178.1344 -0.0002 0.0001 1.0000
0.6768 -0.3757 387.9053 0.2550 0.8557 -180.8543 -0.0002 0.0001 1.0000
0.6924 -0.3781 383.5646 0.2603 0.8679 -192.9280 -0.0002 0.0001 1.0000
0.6459 -0.3846 392.2328 0.2420 0.8190 -178.3481 -0.0002 0.0000 1.0000
0.7163 -0.3685 372.5907 0.2758 0.8825 -212.8787 -0.0002 0.0001 1.0000
0.6809 -0.3550 375.7633 0.2579 0.8772 -207.2627 -0.0002 0.0001 1.0000
0.6882 -0.3885 378.3178 0.2584 0.8687 -209.0395 -0.0002 0.0001 1.0000
0.7071 -0.3721 369.0452 0.2675 0.8962 -220.1131 -0.0002 0.0001 1.0000
0.6507 -0.4271 388.7385 0.2491 0.8257 -198.1142 -0.0002 -0.0000 1.0000
0.6965 -0.3816 365.8619 0.2647 0.9017 -223.8129 -0.0002 0.0001 1.0000
0.6810 -0.3923 368.1855 0.2572 0.8898 -216.7012 -0.0003 0.0001 1.0000
0.6864 -0.4114 369.5498 0.2693 0.8831 -220.5282 -0.0002 0.0000 1.0000
0.7154 -0.4121 356.9386 0.2756 0.8992 -225.9443 -0.0002 0.0000 1.0000
0.7239 -0.4252 359.1865 0.2767 0.9005 -225.8686 -0.0002 0.0000 1.0000
0.7125 -0.4127 362.6857 0.2800 0.9135 -231.8553 -0.0002 0.0001 1.0000
0.7071 -0.4031 362.0714 0.2772 0.9170 -230.9558 -0.0003 0.0001 1.0000
0.7323 -0.4302 361.5541 0.2943 0.9214 -241.0895 -0.0002 0.0001 1.0000
0.7124 -0.4373 361.7663 0.2821 0.8980 -231.4339 -0.0003 0.0000 1.0000
0.7456 -0.4408 355.7375 0.3025 0.9274 -249.6289 -0.0002 0.0000 1.0000
0.7321 -0.4739 369.7302 0.3062 0.9087 -251.3992 -0.0002 0.0000 1.0000
0.7604 -0.4692 362.3159 0.3204 0.9289 -263.6377 -0.0002 0.0000 1.0000
0.8302 -0.4441 342.3402 0.3511 0.9906 -297.4718 -0.0002 0.0001 1.0000
0.7715 -0.4795 360.3758 0.3266 0.9131 -273.8107 -0.0002 0.0000 1.0000
0.6425 -0.4472 390.2445 0.2837 0.8470 -241.3099 -0.0003 0.0001 1.0000
0.6820 -0.4814 392.6870 0.3052 0.8361 -245.7387 -0.0002 0.0000 1.0000
0.7014 -0.4405 383.9984 0.3206 0.8438 -251.0705 -0.0002 0.0001 1.0000
0.6658 -0.4606 399.8261 0.3080 0.7958 -228.8224 -0.0002 0.0000 1.0000
0.6474 -0.4358 409.6572 0.3038 0.7956 -221.8980 -0.0002 0.0001 1.0000
0.6485 -0.4082 415.0417 0.3179 0.7887 -216.0265 -0.0002 0.0001 1.0000
0.6766 -0.4159 423.0324 0.3338 0.7864 -208.7508 -0.0001 0.0001 1.0000
0.5726 -0.4029 446.4610 0.2842 0.6906 -153.0659 -0.0002 0.0001 1.0000
0.4804 -0.4068 471.8251 0.2473 0.6144 -112.4782 -0.0002 0.0000 1.0000
0.5165 -0.3592 464.4839 0.2762 0.6412 -123.8855 -0.0002 0.0001 1.0000
0.4744 -0.3775 482.6675 0.2568 0.5810 -98.0907 -0.0002 0.0001 1.0000
0.5083 -0.3639 481.6626 0.2813 0.5781 -103.2406 -0.0001 0.0001 1.0000
0.4872 -0.3303 488.6914 0.2811 0.5914 -104.1653 -0.0002 0.0002 1.0000
0.4381 -0.3144 498.7786 0.2603 0.5508 -83.8232 -0.0002 0.0001 1.0000
0.3831 -0.3317 516.7366 0.2394 0.4847 -56.7921 -0.0002 0.0001 1.0000
0.4606 -0.3851 531.1588 0.2812 0.4778 -62.9174 -0.0001 0.0000 1.0000
0.4836 -0.4070 541.6271 0.2957 0.4715 -64.7412 -0.0001 0.0000 1.0000
0.3552 -0.2619 549.9077 0.2411 0.4790 -45.2187 -0.0002 0.0002 1.0000
0.4012 -0.3303 565.8142 0.2608 0.4435 -40.7610 -0.0001 0.0001 1.0000
0.3432 -0.3300 590.4671 0.2499 0.4130 -29.8561 -0.0002 0.0001 1.0000
0.3455 -0.2819 589.3251 0.2565 0.4208 -29.7662 -0.0002 0.0002 1.0000
0.3510 -0.2705 599.1228 0.2728 0.4264 -34.1306 -0.0001 0.0002 1.0000
0.3382 -0.2506 613.7934 0.2849 0.4424 -37.1811 -0.0002 0.0002 1.0000
0.2754 -0.2677 626.7087 0.2605 0.3699 -8.7950 -0.0002 0.0002 1.0000
0.3004 -0.3766 648.1911 0.2742 0.3049 2.7873 -0.0001 0.0000 1.0000
0.2439 -0.2770 660.2255 0.2697 0.3387 -7.7560 -0.0002 0.0002 1.0000
0.2526 -0.4110 703.5666 0.2919 0.2967 -19.2599 -0.0002 0.0001 1.0000
0.2019 -0.3221 718.7215 0.2879 0.3148 -27.6420 -0.0002 0.0002 1.0000
0.2239 -0.3020 734.2613 0.3113 0.3231 -36.1624 -0.0002 0.0002 1.0000
0.1973 -0.3380 745.1481 0.2929 0.2652 -14.4970 -0.0002 0.0001 1.0000
0.1517 -0.4047 770.7929 0.2756 0.2246 3.2489 -0.0002 0.0000 1.0000
0.1587 -0.3391 775.9322 0.2823 0.2649 0.8897 -0.0002 0.0001 1.0000
0.2419 -0.3446 779.5892 0.3245 0.3032 -13.7360 -0.0002 0.0001 1.0000
0.1807 -0.3791 794.3265 0.2866 0.2639 15.7633 -0.0002 0.0001 1.0000
0.1691 -0.3586 796.7850 0.2909 0.2709 16.6554 -0.0002 0.0001 1.0000
0.1451 -0.3447 810.4937 0.2892 0.3051 10.9578 -0.0003 0.0002 1.0000
0.0984 -0.3738 806.5963 0.2670 0.2532 38.4110 -0.0003 0.0001 1.0000
0.1421 -0.3550 799.2238 0.3003 0.2828 30.4233 -0.0002 0.0002 1.0000
0.0818 -0.3646 802.8111 0.2747 0.2587 49.5729 -0.0003 0.0001 1.0000
0.1241 -0.4247 795.5836 0.3021 0.2280 51.3750 -0.0002 0.0001 1.0000
0.1018 -0.3970 786.4074 0.2997 0.2154 53.7971 -0.0003 0.0001 1.0000
0.1793 -0.4439 790.7676 0.3677 0.2075 24.3519 -0.0002 0.0001 1.0000
0.1498 -0.2999 801.5854 0.3881 0.2814 -12.3789 -0.0002 0.0003 1.0000
0.2585 -0.3888 819.3452 0.4757 0.2779 -67.0619 -0.0001 0.0003 1.0000
0.2273 -0.4771 841.5541 0.4551 0.1802 -60.8627 -0.0001 0.0001 1.0000
0.0875 -0.4603 850.6926 0.3894 0.1202 -44.3414 -0.0002 0.0001 1.0000
0.1089 -0.5012 867.3043 0.4132 0.0885 -53.3744 -0.0002 0.0001 1.0000
0.0248 -0.4921 868.1814 0.3757 0.0784 -49.9078 -0.0002 0.0001 1.0000
0.0041 -0.4582 871.1670 0.3883 0.0830 -60.7398 -0.0003 0.0001 1.0000
0.0447 -0.5247 883.3287 0.4142 0.0687 -66.6628 -0.0002 0.0001 1.0000
0.0356 -0.5059 874.8344 0.4208 0.0677 -71.1440 -0.0002 0.0001 1.0000
0.0015 -0.5202 867.6107 0.4027 0.0497 -59.7454 -0.0002 0.0001 1.0000
0.0867 -0.5446 875.8687 0.4725 0.0596 -81.2150 -0.0001 0.0001 1.0000
0.0140 -0.5791 868.1188 0.4257 0.0678 -64.7433 -0.0002 0.0001 1.0000
0.0408 -0.5774 858.8428 0.4594 0.0548 -59.4277 -0.0002 0.0001 1.0000
0.0157 -0.5308 846.8172 0.4608 0.0955 -60.4263 -0.0002 0.0002 1.0000
0.0120 -0.6101 826.7522 0.4393 0.0275 -26.2472 -0.0002 0.0000 1.0000
-0.0263 -0.6163 820.8518 0.4167 0.0180 -11.6711 -0.0002 0.0000 1.0000
-0.0480 -0.5435 805.7572 0.4076 0.0539 -9.8283 -0.0003 0.0002 1.0000
-0.0190 -0.5964 808.7858 0.4410 0.0381 -16.8587 -0.0002 0.0001 1.0000
-0.0511 -0.5903 803.8029 0.4161 0.0178 2.2537 -0.0002 0.0001 1.0000
-0.0850 -0.5589 800.7027 0.3963 0.0214 14.2604 -0.0003 0.0001 1.0000
-0.0440 -0.6057 820.7180 0.4415 0.0089 10.2293 -0.0002 0.0001 1.0000
-0.0665 -0.5790 828.8657 0.4353 0.0183 17.1946 -0.0002 0.0002 1.0000
-0.1134 -0.5858 828.3875 0.3835 -0.0078 41.4961 -0.0003 0.0001 1.0000
-0.0906 -0.5585 855.7356 0.4387 0.0334 14.5788 -0.0002 0.0002 1.0000
-0.1087 -0.6055 872.3554 0.4206 -0.0134 30.6948 -0.0002 0.0001 1.0000
-0.1121 -0.6034 884.3397 0.4214 -0.0350 36.5511 -0.0002 0.0001 1.0000
-0.1140 -0.6327 902.8495 0.4302 -0.0529 39.6181 -0.0002 0.0001 1.0000
-0.0948 -0.5967 931.4982 0.4845 -0.0228 23.1979 -0.0002 0.0002 1.0000
-0.1013 -0.5989 945.6012 0.4801 -0.0274 30.6094 -0.0002 0.0002 1.0000
-0.1636 -0.5870 938.4658 0.4169 -0.0570 54.5300 -0.0003 0.0001 1.0000
-0.1893 -0.5236 958.6267 0.4241 -0.0260 44.8038 -0.0003 0.0002 1.0000
-0.1839 -0.5798 978.3778 0.4311 -0.0534 40.5808 -0.0002 0.0002 1.0000
-0.2214 -0.5378 999.2603 0.4098 -0.0574 46.8006 -0.0003 0.0002 1.0000
-0.1635 -0.6235 1053.8335 0.4746 -0.0519 17.1713 -0.0002 0.0002 1.0000
-0.1391 -0.6027 1094.7055 0.5292 -0.0434 -11.7092 -0.0001 0.0003 1.0000
-0.1499 -0.5557 1107.1206 0.5283 -0.0514 -13.9327 -0.0002 0.0003 1.0000
-0.2119 -0.5139 1110.0796 0.4817 -0.0431 -11.6338 -0.0002 0.0003 1.0000
-0.1933 -0.5435 1152.8399 0.5136 -0.0365 -27.5128 -0.0002 0.0004 1.0000
-0.2174 -0.5728 1141.8407 0.4685 -0.0873 -1.5743 -0.0002 0.0002 1.0000
-0.2418 -0.5883 1134.3224 0.4254 -0.1077 19.5032 -0.0003 0.0002 1.0000
-0.2802 -0.5078 1137.9530 0.4219 -0.0989 18.7507 -0.0003 0.0002 1.0000
-0.2928 -0.4970 1148.5197 0.4129 -0.0980 27.9268 -0.0003 0.0002 1.0000
-0.3206 -0.3567 1170.9919 0.4282 -0.0565 25.0141 -0.0003 0.0004 1.0000
-0.3162 -0.4262 1170.6652 0.4257 -0.0798 30.9251 -0.0003 0.0003 1.0000
-0.3615 -0.4417 1157.5781 0.3790 -0.1006 55.4058 -0.0004 0.0003 1.0000
-0.3195 -0.4960 1165.9205 0.3946 -0.1129 60.0057 -0.0003 0.0002 1.0000
-0.3733 -0.4583 1136.3776 0.3509 -0.1271 80.5294 -0.0004 0.0002 1.0000
-0.3660 -0.4563 1146.6024 0.3605 -0.1284 84.6662 -0.0003 0.0002 1.0000
-0.2674 -0.4921 1165.4959 0.4497 -0.1481 67.1267 -0.0002 0.0003 1.0000
-0.3656 -0.4644 1126.5105 0.3587 -0.1546 93.0118 -0.0003 0.0002 1.0000
-0.3223 -0.4005 1150.5248 0.4292 -0.1330 71.3353 -0.0003 0.0004 1.0000
-0.3356 -0.4757 1136.0714 0.3989 -0.1774 88.0023 -0.0003 0.0003 1.0000
-0.3323 -0.5195 1130.8161 0.3971 -0.1911 84.3179 -0.0003 0.0002 1.0000
-0.3490 -0.5068 1133.2472 0.4020 -0.1929 79.1236 -0.0003 0.0002 1.0000
-0.3866 -0.4703 1124.7905 0.3862 -0.1919 78.2436 -0.0003 0.0003 1.0000
-0.3530 -0.5195 1133.7683 0.4155 -0.2148 72.0281 -0.0003 0.0002 1.0000
-0.3858 -0.5046 1129.2081 0.3996 -0.2154 74.4433 -0.0003 0.0002 1.0000
-0.3964 -0.5439 1116.1408 0.3770 -0.2226 82.2752 -0.0003 0.0002 1.0000
-0.3493 -0.6052 1130.9222 0.4214 -0.2555 79.4704 -0.0003 0.0001 1.0000
-0.3963 -0.5458 1135.5843 0.4082 -0.2418 86.3077 -0.0003 0.0002 1.0000
-0.3684 -0.5864 1145.7144 0.4452 -0.2518 79.2369 -0.0003 0.0002 1.0000
-0.4149 -0.5107 1159.1361 0.4440 -0.2214 82.4595 -0.0003 0.0003 1.0000
-0.4017 -0.5589 1162.8608 0.4497 -0.2365 88.2886 -0.0003 0.0003 1.0000
-0.4227 -0.5804 1146.2942 0.4123 -0.2616 109.6944 -0.0003 0.0002 1.0000
-0.4419 -0.5802 1151.7675 0.4045 -0.2422 109.5471 -0.0004 0.0002 1.0000
-0.4609 -0.5584 1159.2259 0.4015 -0.2316 114.1825 -0.0004 0.0003 1.0000
-0.4295 -0.5849 1190.3432 0.4526 -0.2460 113.6118 -0.0003 0.0003 1.0000
-0.4303 -0.6129 1187.3429 0.4414 -0.2589 124.2981 -0.0003 0.0002 1.0000
-0.4510 -0.6250 1186.8601 0.4207 -0.2574 131.8217 -0.0004 0.0002 1.0000
-0.4633 -0.5693 1209.5168 0.4477 -0.2325 127.3817 -0.0004 0.0003 1.0000
-0.4731 -0.5525 1208.4993 0.4429 -0.2172 129.3212 -0.0004 0.0004 1.0000
-0.4970 -0.5818 1177.5634 0.3824 -0.2460 155.9623 -0.0004 0.0002 1.0000
-0.4818 -0.5927 1195.6282 0.3995 -0.2281 155.3694 -0.0004 0.0003 1.0000
-0.4749 -0.6060 1207.1169 0.4073 -0.2390 164.3192 -0.0004 0.0003 1.0000
-0.4786 -0.5810 1210.3724 0.4123 -0.2085 156.7892 -0.0004 0.0003 1.0000
-0.4905 -0.5850 1201.9417 0.3845 -0.2209 169.1756 -0.0004 0.0003 1.0000
-0.4885 -0.5990 1199.0579 0.3755 -0.2171 167.8118 -0.0004 0.0003 1.0000
-0.4776 -0.6147 1206.0165 0.3750 -0.2202 170.2245 -0.0004 0.0003 1.0000
-0.5291 -0.5123 1211.9339 0.3669 -0.1787 158.1872 -0.0005 0.0004 1.0000
-0.5075 -0.5377 1229.7153 0.3911 -0.1857 151.8710 -0.0004 0.0004 1.0000
-0.4771 -0.6252 1208.9982 0.3738 -0.2402 161.6811 -0.0004 0.0002 1.0000
-0.4967 -0.5391 1229.5300 0.3935 -0.1728 138.9828 -0.0004 0.0004 1.0000
-0.4984 -0.5750 1222.5530 0.3650 -0.1871 149.3958 -0.0004 0.0004 1.0000
-0.4667 -0.6111 1203.0527 0.3654 -0.2179 153.5662 -0.0004 0.0003 1.0000
-0.4827 -0.6353 1191.3100 0.3361 -0.2245 161.5274 -0.0004 0.0002 1.0000
-0.4578 -0.6114 1199.6266 0.3722 -0.1987 146.7175 -0.0004 0.0003 1.0000
-0.4784 -0.5911 1199.8555 0.3551 -0.1804 148.7823 -0.0004 0.0003 1.0000
-0.4734 -0.5829 1199.8560 0.3605 -0.1821 149.6800 -0.0004 0.0003 1.0000
-0.4682 -0.5996 1196.4757 0.3522 -0.1843 153.1951 -0.0004 0.0003 1.0000
-0.4514 -0.6330 1179.7786 0.3373 -0.2010 160.2309 -0.0004 0.0002 1.0000
-0.4554 -0.6128 1177.7556 0.3337 -0.1882 157.8681 -0.0004 0.0003 1.0000
-0.4564 -0.5995 1185.6226 0.3420 -0.1731 152.1318 -0.0004 0.0003 1.0000
-0.4490 -0.5997 1185.4963 0.3472 -0.1724 150.1964 -0.0004 0.0003 1.0000
-0.4503 -0.5996 1181.3561 0.3394 -0.1633 149.8994 -0.0004 0.0003 1.0000
-0.4496 -0.6278 1169.2676 0.3245 -0.1746 151.9441 -0.0004 0.0002 1.0000
-0.4438 -0.6017 1179.3193 0.3417 -0.1535 144.2470 -0.0004 0.0003 1.0000
-0.4361 -0.6374 1168.8582 0.3264 -0.1654 148.9626 -0.0004 0.0002 1.0000
-0.4344 -0.6472 1154.9104 0.3101 -0.1658 151.6226 -0.0004 0.0002 1.0000
-0.4304 -0.6335 1163.7724 0.3215 -0.1489 146.8477 -0.0004 0.0002 1.0000
-0.4138 -0.6476 1170.7531 0.3369 -0.1459 141.4136 -0.0004 0.0003 1.0000
-0.4460 -0.6001 1165.8284 0.3138 -0.1187 142.1728 -0.0004 0.0003 1.0000
-0.4383 -0.6115 1154.0212 0.3062 -0.1243 144.5337 -0.0004 0.0003 1.0000
-0.4313 -0.5969 1166.4670 0.3187 -0.1053 141.1459 -0.0004 0.0003 1.0000
-0.4160 -0.6386 1158.4801 0.3159 -0.1199 142.5664 -0.0004 0.0003 1.0000
-0.4162 -0.6250 1149.8914 0.3060 -0.1172 146.5070 -0.0004 0.0003 1.0000
-0.4389 -0.5880 1145.1427 0.2914 -0.0979 145.3894 -0.0005 0.0003 1.0000
-0.4349 -0.5943 1145.4856 0.2875 -0.0850 143.0222 -0.0005 0.0003 1.0000
-0.4078 -0.6299 1134.9874 0.2847 -0.1182 152.1406 -0.0004 0.0002 1.0000
-0.4081 -0.6351 1121.4912 0.2689 -0.1231 152.2714 -0.0004 0.0002 1.0000
-0.3998 -0.5903 1146.8349 0.3053 -0.0675 128.5566 -0.0004 0.0004 1.0000
-0.4048 -0.6277 1120.6332 0.2746 -0.1053 138.2609 -0.0004 0.0002 1.0000
-0.4029 -0.6075 1125.2090 0.2777 -0.0876 132.3728 -0.0004 0.0003 1.0000
-0.3941 -0.6046 1130.1284 0.2833 -0.0702 125.9378 -0.0004 0.0003 1.0000
-0.3972 -0.5897 1121.4609 0.2749 -0.0702 124.4391 -0.0004 0.0003 1.0000
-0.3972 -0.5897 1121.4609 0.2771 -0.0718 119.2518 -0.0004 0.0003 1.0000
-0.3874 -0.6421 1109.6044 0.2601 -0.0873 121.0417 -0.0004 0.0002 1.0000
-0.3915 -0.5877 1122.6571 0.2785 -0.0565 107.8651 -0.0004 0.0004 1.0000
-0.4010 -0.5946 1099.3149 0.2487 -0.0633 114.4873 -0.0005 0.0003 1.0000
-0.3834 -0.5930 1111.0528 0.2629 -0.0566 112.1289 -0.0004 0.0003 1.0000
-0.3679 -0.6350 1099.7233 0.2528 -0.0774 120.3399 -0.0004 0.0003 1.0000
-0.3837 -0.6094 1091.3100 0.2362 -0.0680 124.8221 -0.0004 0.0003 1.0000
-0.3892 -0.6303 1078.4531 0.2219 -0.0799 129.1465 -0.0005 0.0002 1.0000
-0.3725 -0.6323 1083.0699 0.2300 -0.0739 132.6064 -0.0004 0.0002 1.0000
-0.3591 -0.6439 1085.6039 0.2361 -0.0736 136.2873 -0.0004 0.0002 1.0000
-0.3802 -0.6232 1073.9484 0.2159 -0.0697 142.7680 -0.0005 0.0002 1.0000
-0.3790 -0.6281 1061.0778 0.2071 -0.0721 147.2627 -0.0005 0.0002 1.0000
-0.3693 -0.6206 1066.6081 0.2126 -0.0653 152.0746 -0.0004 0.0002 1.0000
-0.3619 -0.6464 1058.7657 0.2086 -0.0683 153.1985 -0.0004 0.0002 1.0000
-0.3682 -0.6107 1066.0655 0.2128 -0.0443 150.9299 -0.0004 0.0003 1.0000
-0.3613 -0.6471 1061.2834 0.2075 -0.0615 158.4818 -0.0004 0.0002 1.0000
-0.3754 -0.6346 1047.1299 0.1872 -0.0629 165.2844 -0.0005 0.0002 1.0000
-0.3549 -0.6600 1050.6540 0.1944 -0.0668 167.9407 -0.0004 0.0002 1.0000
-0.3440 -0.6561 1047.9608 0.1960 -0.0637 169.4260 -0.0004 0.0002 1.0000
-0.3575 -0.6280 1040.1521 0.1870 -0.0517 166.9287 -0.0005 0.0002 1.0000
-0.3703 -0.6127 1042.9998 0.1821 -0.0431 167.5395 -0.0005 0.0002 1.0000
-0.3653 -0.6217 1035.0568 0.1753 -0.0453 168.0697 -0.0005 0.0002 1.0000
-0.3448 -0.6323 1046.7122 0.1973 -0.0368 159.2700 -0.0004 0.0002 1.0000
-0.3575 -0.6577 1027.2954 0.1702 -0.0657 165.6837 -0.0005 0.0001 1.0000
-0.3443 -0.6556 1036.1081 0.1789 -0.0571 163.1076 -0.0004 0.0002 1.0000
-0.3623 -0.6541 1027.7818 0.1591 -0.0644 165.0763 -0.0005 0.0001 1.0000
-0.3353 -0.6604 1040.7888 0.1809 -0.0509 158.3324 -0.0004 0.0002 1.0000
-0.3428 -0.6368 1033.8933 0.1764 -0.0457 156.0286 -0.0005 0.0002 1.0000
-0.3304 -0.6681 1029.2308 0.1751 -0.0605 158.1605 -0.0004 0.0001 1.0000
-0.3337 -0.6527 1031.0720 0.1777 -0.0416 151.5472 -0.0004 0.0002 1.0000
-0.3396 -0.6444 1021.0779 0.1691 -0.0429 153.7572 -0.0005 0.0002 1.0000
-0.3364 -0.6486 1025.3149 0.1724 -0.0458 155.4493 -0.0004 0.0002 1.0000
-0.3490 -0.5966 1019.6652 0.1641 -0.0183 153.3304 -0.0005 0.0003 1.0000
-0.3472 -0.6413 1015.5920 0.1575 -0.0453 158.6425 -0.0005 0.0002 1.0000
-0.3297 -0.6514 1019.1759 0.1710 -0.0370 151.9181 -0.0004 0.0002 1.0000
-0.3417 -0.6447 1005.8747 0.1519 -0.0434 156.0526 -0.0005 0.0002 1.0000
-0.3275 -0.6937 1001.2386 0.1483 -0.0768 162.8622 -0.0004 0.0001 1.0000
-0.3429 -0.6366 1007.7331 0.1522 -0.0455 155.7805 -0.0005 0.0002 1.0000
-0.3284 -0.6703 1006.8072 0.1558 -0.0523 154.0973 -0.0005 0.0001 1.0000
-0.3259 -0.6696 1013.4809 0.1622 -0.0537 152.1683 -0.0004 0.0002 1.0000
-0.3242 -0.6796 1003.5236 0.1541 -0.0593 151.7096 -0.0005 0.0001 1.0000
-0.3379 -0.6205 1030.5465 0.1701 -0.0111 141.5805 -0.0005 0.0003 1.0000
-0.3136 -0.7361 994.4007 0.1433 -0.0903 159.0324 -0.0004 -0.0000 1.0000
-0.3297 -0.6706 1007.1116 0.1503 -0.0463 149.3255 -0.0005 0.0001 1.0000
-0.3298 -0.6413 1016.5138 0.1590 -0.0231 144.1202 -0.0005 0.0002 1.0000
-0.3247 -0.6638 1010.9623 0.1558 -0.0398 146.2199 -0.0005 0.0002 1.0000
-0.3403 -0.6657 1003.0348 0.1380 -0.0424 150.5206 -0.0005 0.0001 1.0000
