1.0000 -0.0000 0.0000 -0.0000 1.0000 -0.0000 0.0000 -0.0000 1.0000
0.9931 -0.0113 9.8033 0.0009 0.9874 2.0434 0.0000 -0.0000 1.0000
0.9945 -0.0045 9.7262 0.0002 0.9938 1.7211 0.0000 -0.0000 1.0000
0.9866 -0.0074 10.1310 -0.0018 0.9892 2.2743 -0.0000 -0.0000 1.0000
0.9958 -0.0082 10.3033 0.0023 0.9925 1.1978 0.0000 -0.0000 1.0000
0.9880 -0.0077 13.8426 -0.0003 0.9893 2.7733 0.0000 -0.0000 1.0000
0.9889 -0.0064 14.4386 -0.0031 0.9913 3.7367 -0.0000 -0.0000 1.0000
0.9934 -0.0050 15.2190 0.0004 0.9948 1.8956 0.0000 -0.0000 1.0000
0.9881 -0.0091 18.1301 -0.0020 0.9887 3.6628 -0.0000 -0.0000 1.0000
0.9861 -0.0085 19.4614 -0.0025 0.9882 3.9571 -0.0000 -0.0000 1.0000
0.9849 -0.0047 20.6116 -0.0045 0.9925 4.2078 -0.0000 -0.0000 1.0000
0.9869 -0.0061 20.7621 -0.0039 0.9910 4.6357 -0.0000 -0.0000 1.0000
0.9855 -0.0078 21.9783 -0.0011 0.9925 2.0141 -0.0000 -0.0000 1.0000
0.9858 -0.0069 20.9295 -0.0031 0.9910 3.5878 -0.0000 -0.0000 1.0000
0.9883 -0.0052 20.3518 -0.0020 0.9940 3.2592 -0.0000 -0.0000 1.0000
0.9851 -0.0108 21.6688 -0.0031 0.9895 3.7489 -0.0000 -0.0000 1.0000
0.9865 -0.0075 19.4429 -0.0048 0.9917 4.2613 -0.0000 -0.0000 1.0000
0.9875 -0.0098 18.3623 -0.0025 0.9894 4.1381 -0.0000 -0.0000 1.0000
0.9833 -0.0092 18.1460 -0.0062 0.9888 5.4791 -0.0000 -0.0000 1.0000
0.9871 -0.0061 15.3572 -0.0069 0.9905 6.7337 -0.0000 -0.0000 1.0000
0.9809 -0.0040 15.2175 -0.0088 0.9889 7.6202 -0.0000 -0.0000 1.0000
0.9811 -0.0030 15.5347 -0.0115 0.9888 10.1843 -0.0000 -0.0000 1.0000
0.9754 0.0023 15.5029 -0.0167 0.9876 13.7076 -0.0000 -0.0000 1.0000
0.9694 0.0044 16.5535 -0.0226 0.9850 18.0607 -0.0000 -0.0000 1.0000
0.9659 0.0102 17.1453 -0.0252 0.9874 20.2969 -0.0000 -0.0000 1.0000
0.9619 0.0142 18.4382 -0.0300 0.9840 25.1126 -0.0000 -0.0000 1.0000
0.9508 0.0190 20.8190 -0.0387 0.9791 31.2542 -0.0000 -0.0000 1.0000
0.9414 0.0219 23.1492 -0.0449 0.9719 37.0453 -0.0000 -0.0000 1.0000
0.9416 0.0288 22.7344 -0.0477 0.9758 39.4673 -0.0000 -0.0000 1.0000
0.9260 0.0321 26.3073 -0.0559 0.9679 46.0887 -0.0000 -0.0000 1.0000
0.9220 0.0371 27.7325 -0.0595 0.9653 50.5763 -0.0000 -0.0000 1.0000
0.9075 0.0443 31.6307 -0.0687 0.9622 57.2895 -0.0001 -0.0000 1.0000
0.8975 0.0468 35.8721 -0.0740 0.9568 63.0546 -0.0001 -0.0000 1.0000
0.8860 0.0524 39.8365 -0.0794 0.9507 69.4412 -0.0001 -0.0000 1.0000
0.8662 0.0536 47.2775 -0.0890 0.9393 78.1961 -0.0001 -0.0000 1.0000
0.8615 0.0620 50.5438 -0.0921 0.9420 82.4785 -0.0001 -0.0000 1.0000
0.8486 0.0660 55.7043 -0.0975 0.9336 89.7109 -0.0001 -0.0000 1.0000
0.8315 0.0709 61.1313 -0.1052 0.9263 97.2104 -0.0001 -0.0000 1.0000
0.8290 0.0747 62.9504 -0.1076 0.9239 102.0784 -0.0001 -0.0000 1.0000
0.8148 0.0801 66.4045 -0.1177 0.9160 111.2158 -0.0001 -0.0000 1.0000
0.8155 0.0857 65.5942 -0.1196 0.9157 116.0968 -0.0001 -0.0000 1.0000
0.8048 0.0955 65.2007 -0.1293 0.9130 124.4382 -0.0001 -0.0000 1.0000
0.7996 0.1061 61.1868 -0.1379 0.9078 133.2645 -0.0001 -0.0000 1.0000
0.7977 0.1201 56.6076 -0.1450 0.9123 140.0429 -0.0001 -0.0000 1.0000
0.7882 0.1287 53.6140 -0.1561 0.9026 150.6551 -0.0001 -0.0000 1.0000
0.7857 0.1445 47.2741 -0.1684 0.9040 160.5397 -0.0001 -0.0000 1.0000
0.7772 0.1561 43.4519 -0.1797 0.8983 171.0956 -0.0001 -0.0000 1.0000
0.7800 0.1718 35.2065 -0.1885 0.8985 180.6471 -0.0001 -0.0000 1.0000
0.7682 0.1846 31.2452 -0.2027 0.8916 193.2403 -0.0001 -0.0000 1.0000
0.7645 0.2017 24.8460 -0.2146 0.8920 204.8382 -0.0001 -0.0000 1.0000
0.7578 0.2111 20.3991 -0.2238 0.8846 215.4474 -0.0001 -0.0000 1.0000
0.7514 0.2286 14.2013 -0.2374 0.8841 227.7807 -0.0001 -0.0000 1.0000
0.7480 0.2399 9.1195 -0.2437 0.8786 236.7737 -0.0001 -0.0000 1.0000
0.7405 0.2513 5.0702 -0.2537 0.8772 244.7574 -0.0001 -0.0000 1.0000
0.7401 0.2613 0.2868 -0.2594 0.8774 249.5591 -0.0001 -0.0000 1.0000
0.7332 0.2729 -2.4647 -0.2655 0.8760 253.2904 -0.0001 -0.0000 1.0000
0.7229 0.2783 -1.9591 -0.2706 0.8709 255.5158 -0.0001 -0.0000 1.0000
0.7197 0.2858 -2.6564 -0.2739 0.8717 255.5207 -0.0001 -0.0000 1.0000
0.7099 0.2900 -0.5739 -0.2768 0.8698 255.0866 -0.0001 -0.0000 1.0000
0.7030 0.2933 1.5812 -0.2787 0.8716 254.8772 -0.0001 -0.0000 1.0000
0.7012 0.2979 0.8732 -0.2772 0.8729 253.5420 -0.0001 -0.0000 1.0000
0.6908 0.2953 2.2295 -0.2768 0.8667 252.9739 -0.0002 -0.0000 1.0000
0.6908 0.2999 0.4043 -0.2768 0.8716 252.6573 -0.0002 -0.0000 1.0000
0.6889 0.3057 -3.1715 -0.2776 0.8798 251.3669 -0.0002 0.0000 1.0000
0.6846 0.3007 -6.4538 -0.2750 0.8745 250.0673 -0.0002 -0.0000 1.0000
0.6774 0.3018 -10.8030 -0.2775 0.8736 250.5159 -0.0002 -0.0000 1.0000
0.6833 0.3077 -21.1824 -0.2748 0.8823 247.3031 -0.0002 0.0000 1.0000
0.6848 0.3096 -29.9607 -0.2733 0.8876 243.6963 -0.0002 0.0000 1.0000
0.6865 0.3162 -39.7124 -0.2747 0.8976 240.9484 -0.0002 0.0000 1.0000
0.6807 0.3163 -46.3054 -0.2756 0.8952 238.8271 -0.0002 0.0000 1.0000
0.6819 0.3205 -54.4218 -0.2749 0.9006 234.7386 -0.0002 0.0000 1.0000
0.6810 0.3270 -62.8004 -0.2747 0.9069 230.5871 -0.0002 0.0000 1.0000
0.6759 0.3274 -69.2307 -0.2754 0.9071 225.3305 -0.0002 0.0000 1.0000
0.6768 0.3336 -76.4989 -0.2740 0.9124 220.3118 -0.0002 0.0000 1.0000
0.6695 0.3388 -81.0006 -0.2757 0.9171 215.1619 -0.0002 0.0000 1.0000
0.6662 0.3424 -84.4183 -0.2759 0.9199 211.4460 -0.0002 0.0000 1.0000
0.6624 0.3427 -84.6467 -0.2717 0.9215 205.1762 -0.0002 0.0000 1.0000
0.6489 0.3395 -79.6987 -0.2707 0.9166 201.2348 -0.0002 0.0000 1.0000
0.6369 0.3375 -74.0653 -0.2689 0.9129 198.5480 -0.0002 0.0000 1.0000
0.6276 0.3351 -66.4711 -0.2643 0.9140 193.5541 -0.0002 0.0000 1.0000
0.6159 0.3302 -56.7492 -0.2587 0.9110 190.4925 -0.0002 0.0000 1.0000
0.5982 0.3174 -44.7683 -0.2548 0.9039 184.9871 -0.0002 0.0000 1.0000
0.5862 0.3100 -33.4370 -0.2471 0.9014 178.7972 -0.0002 0.0000 1.0000
0.5756 0.3029 -24.0993 -0.2398 0.9015 171.9392 -0.0002 0.0000 1.0000
0.5576 0.2945 -12.1446 -0.2364 0.8954 165.8870 -0.0003 0.0000 1.0000
0.5495 0.2892 -2.2932 -0.2248 0.9007 153.2251 -0.0003 0.0000 1.0000
0.5401 0.2792 9.1618 -0.2167 0.8996 143.9284 -0.0003 0.0000 1.0000
0.5268 0.2713 22.3433 -0.2085 0.8977 133.6247 -0.0003 0.0000 1.0000
0.5148 0.2592 35.9019 -0.1990 0.8945 122.9034 -0.0003 0.0000 1.0000
0.5026 0.2484 50.9597 -0.1899 0.8944 111.8368 -0.0003 0.0000 1.0000
0.4886 0.2390 66.9815 -0.1806 0.8921 103.0372 -0.0003 0.0001 1.0000
0.4739 0.2231 85.1833 -0.1697 0.8858 93.6576 -0.0003 0.0000 1.0000
0.4655 0.2147 102.2672 -0.1587 0.8902 84.9891 -0.0003 0.0001 1.0000
0.4529 0.1997 119.8061 -0.1482 0.8892 76.5359 -0.0003 0.0000 1.0000
0.4464 0.1883 134.6112 -0.1364 0.8925 68.6318 -0.0003 0.0001 1.0000
0.4300 0.1713 150.8046 -0.1293 0.8843 64.7048 -0.0003 0.0000 1.0000
0.4163 0.1595 163.4941 -0.1229 0.8813 60.2006 -0.0003 0.0000 1.0000
0.4104 0.1522 172.0971 -0.1140 0.8850 54.8540 -0.0003 0.0001 1.0000
0.4023 0.1399 182.3886 -0.1052 0.8846 49.5464 -0.0003 0.0000 1.0000
0.3894 0.1347 191.8084 -0.1011 0.8857 46.9615 -0.0003 0.0001 1.0000
0.3765 0.1235 203.7372 -0.0962 0.8829 45.7065 -0.0003 0.0000 1.0000
0.3640 0.1095 215.4296 -0.0920 0.8743 46.8133 -0.0004 0.0000 1.0000
0.3556 0.1038 224.4692 -0.0879 0.8759 48.1398 -0.0004 0.0000 1.0000
0.3413 0.0953 237.0342 -0.0869 0.8691 53.5052 -0.0004 0.0000 1.0000
0.3318 0.0905 242.8129 -0.0833 0.8683 55.0627 -0.0004 0.0000 1.0000
0.3317 0.0897 240.5707 -0.0812 0.8728 56.6645 -0.0004 0.0000 1.0000
0.3227 0.0896 240.9681 -0.0810 0.8701 59.1782 -0.0004 0.0000 1.0000
0.3178 0.0859 239.9533 -0.0785 0.8697 60.6128 -0.0004 0.0000 1.0000
0.3159 0.0896 236.1628 -0.0782 0.8759 62.0777 -0.0004 0.0000 1.0000
0.3092 0.0844 234.5253 -0.0784 0.8690 64.8913 -0.0004 0.0000 1.0000
0.3090 0.0844 232.8402 -0.0750 0.8719 65.8614 -0.0004 0.0000 1.0000
0.3011 0.0813 233.1853 -0.0766 0.8658 69.5551 -0.0004 0.0000 1.0000
0.2976 0.0862 232.8470 -0.0748 0.8695 72.0971 -0.0004 0.0000 1.0000
0.2911 0.0790 235.8308 -0.0745 0.8644 76.1408 -0.0004 0.0000 1.0000
0.2905 0.0755 237.8603 -0.0702 0.8649 79.0686 -0.0004 0.0000 1.0000
0.2877 0.0778 239.7712 -0.0678 0.8714 81.4525 -0.0004 0.0000 1.0000
0.2813 0.0745 242.7193 -0.0662 0.8675 85.6847 -0.0004 0.0000 1.0000
0.2727 0.0595 250.3481 -0.0635 0.8542 90.2650 -0.0004 0.0000 1.0000
0.2677 0.0566 253.6917 -0.0610 0.8544 91.5322 -0.0004 0.0000 1.0000
0.2696 0.0545 256.8863 -0.0547 0.8622 90.8643 -0.0004 0.0000 1.0000
0.2581 0.0471 262.8314 -0.0553 0.8523 93.5527 -0.0004 0.0000 1.0000
0.2547 0.0413 268.9355 -0.0502 0.8514 92.2988 -0.0004 0.0000 1.0000
0.2447 0.0349 275.7015 -0.0486 0.8467 92.2850 -0.0004 0.0000 1.0000
0.2391 0.0315 280.9303 -0.0455 0.8471 91.6825 -0.0004 0.0000 1.0000
0.2309 0.0195 287.1495 -0.0440 0.8376 91.6804 -0.0004 0.0000 1.0000
0.2272 0.0139 291.7623 -0.0385 0.8410 89.0926 -0.0004 0.0000 1.0000
0.2290 0.0117 293.5113 -0.0300 0.8510 84.3706 -0.0004 0.0000 1.0000
0.2237 -0.0024 298.4350 -0.0234 0.8427 82.3695 -0.0004 0.0000 1.0000
0.2201 -0.0105 302.0826 -0.0166 0.8463 77.8032 -0.0004 0.0000 1.0000
0.2146 -0.0256 307.3410 -0.0097 0.8397 75.2224 -0.0004 0.0000 1.0000
0.2082 -0.0388 312.5038 -0.0042 0.8376 72.5318 -0.0004 0.0000 1.0000
0.2029 -0.0559 318.5300 0.0042 0.8326 68.2411 -0.0004 0.0000 1.0000
0.1975 -0.0710 325.4741 0.0130 0.8326 64.2071 -0.0004 0.0000 1.0000
0.1888 -0.0899 334.5362 0.0206 0.8252 62.1260 -0.0004 0.0000 1.0000
0.1841 -0.1097 344.4989 0.0317 0.8253 58.4911 -0.0004 0.0000 1.0000
0.1694 -0.1362 356.3015 0.0353 0.8052 60.7541 -0.0004 0.0000 1.0000
0.1593 -0.1557 371.5723 0.0441 0.8053 62.0044 -0.0004 0.0000 1.0000
0.1572 -0.1730 378.5429 0.0543 0.8003 60.4355 -0.0004 0.0000 1.0000
0.1473 -0.1947 384.8740 0.0571 0.7828 60.0026 -0.0004 -0.0000 1.0000
0.1430 -0.2038 388.0939 0.0637 0.7822 56.1141 -0.0004 -0.0000 1.0000
0.1391 -0.2238 393.6932 0.0731 0.7750 50.9878 -0.0004 -0.0000 1.0000
0.1351 -0.2305 396.8706 0.0801 0.7818 45.2312 -0.0004 0.0000 1.0000
0.1321 -0.2481 401.1400 0.0902 0.7734 37.7360 -0.0004 0.0000 1.0000
0.1282 -0.2635 406.4729 0.1005 0.7681 30.2893 -0.0004 0.0000 1.0000
0.1232 -0.2740 411.4702 0.1107 0.7686 20.8160 -0.0004 0.0000 1.0000
0.1209 -0.2878 416.2526 0.1192 0.7619 15.2324 -0.0004 0.0000 1.0000
0.1215 -0.2925 417.8842 0.1280 0.7651 7.9106 -0.0004 0.0000 1.0000
0.1213 -0.3040 418.5604 0.1378 0.7574 -2.4812 -0.0004 0.0000 1.0000
0.1282 -0.3070 414.2423 0.1512 0.7665 -18.0433 -0.0004 0.0000 1.0000
0.1313 -0.3141 405.8989 0.1609 0.7578 -33.0699 -0.0004 0.0000 1.0000
0.1460 -0.3197 391.0250 0.1779 0.7678 -56.0244 -0.0004 0.0000 1.0000
0.1618 -0.3239 374.0892 0.1946 0.7787 -78.2842 -0.0004 0.0000 1.0000
0.1793 -0.3312 351.6016 0.2093 0.7830 -99.2887 -0.0004 0.0000 1.0000
0.1913 -0.3334 338.2223 0.2179 0.7887 -108.7205 -0.0004 0.0000 1.0000
0.2039 -0.3361 320.9376 0.2284 0.7939 -121.0088 -0.0003 0.0000 1.0000
0.2167 -0.3391 304.6282 0.2353 0.7972 -129.7444 -0.0003 0.0000 1.0000
0.2317 -0.3411 291.9632 0.2441 0.8085 -138.9175 -0.0003 0.0000 1.0000
0.2446 -0.3406 280.0034 0.2497 0.8126 -143.7187 -0.0003 0.0000 1.0000
0.2556 -0.3410 271.0305 0.2532 0.8151 -147.4253 -0.0003 0.0000 1.0000
0.2671 -0.3368 262.5122 0.2572 0.8194 -149.4430 -0.0003 0.0000 1.0000
0.2766 -0.3338 256.9807 0.2562 0.8238 -148.5229 -0.0003 0.0000 1.0000
0.2868 -0.3294 252.2600 0.2558 0.8261 -146.1691 -0.0003 0.0000 1.0000
0.2992 -0.3219 246.8935 0.2548 0.8296 -142.8092 -0.0003 0.0000 1.0000
0.3105 -0.3116 243.2824 0.2514 0.8409 -138.7565 -0.0003 0.0000 1.0000
0.3201 -0.2970 238.9824 0.2466 0.8478 -133.0286 -0.0003 0.0000 1.0000
0.3316 -0.2865 237.0271 0.2399 0.8489 -123.7557 -0.0003 0.0000 1.0000
0.3448 -0.2679 233.7329 0.2346 0.8621 -120.0156 -0.0003 0.0001 1.0000
0.3539 -0.2554 232.8436 0.2260 0.8655 -113.6007 -0.0003 0.0000 1.0000
0.3670 -0.2254 227.3831 0.2193 0.8877 -111.5240 -0.0003 0.0001 1.0000
0.3811 -0.2054 223.3849 0.2132 0.8950 -107.9913 -0.0003 0.0001 1.0000
0.3813 -0.1955 226.4039 0.2009 0.8922 -99.3727 -0.0003 0.0001 1.0000
0.3915 -0.1817 225.4430 0.1950 0.9036 -94.9033 -0.0003 0.0001 1.0000
0.3996 -0.1709 225.2332 0.1892 0.9076 -91.1492 -0.0003 0.0001 1.0000
0.4100 -0.1523 222.9094 0.1837 0.9194 -87.9540 -0.0003 0.0001 1.0000
0.4131 -0.1494 225.3398 0.1744 0.9137 -82.6722 -0.0003 0.0001 1.0000
0.4233 -0.1336 224.2004 0.1695 0.9259 -82.4247 -0.0003 0.0001 1.0000
0.4268 -0.1225 225.3471 0.1626 0.9310 -81.1716 -0.0003 0.0001 1.0000
0.4354 -0.1140 224.3953 0.1569 0.9367 -81.1730 -0.0003 0.0001 1.0000
0.4409 -0.1034 223.4416 0.1480 0.9428 -80.3667 -0.0003 0.0001 1.0000
0.4472 -0.0943 222.5519 0.1424 0.9478 -80.5193 -0.0003 0.0001 1.0000
0.4587 -0.0815 218.8511 0.1395 0.9614 -83.9812 -0.0003 0.0001 1.0000
0.4662 -0.0753 217.6779 0.1346 0.9689 -85.6249 -0.0003 0.0001 1.0000
0.4709 -0.0673 216.9047 0.1287 0.9716 -86.8391 -0.0003 0.0001 1.0000
0.4787 -0.0589 214.2279 0.1274 0.9830 -92.6237 -0.0004 0.0001 1.0000
0.4865 -0.0543 213.3071 0.1252 0.9885 -96.7105 -0.0004 0.0001 1.0000
0.4977 -0.0429 209.8657 0.1265 1.0060 -104.1434 -0.0004 0.0001 1.0000
0.5039 -0.0406 208.9281 0.1245 1.0101 -108.0256 -0.0004 0.0001 1.0000
0.5143 -0.0400 207.7918 0.1274 1.0200 -115.1693 -0.0004 0.0001 1.0000
0.5255 -0.0390 202.2348 0.1305 1.0287 -122.4823 -0.0004 0.0001 1.0000
0.5414 -0.0381 194.5293 0.1340 1.0422 -130.4617 -0.0004 0.0001 1.0000
0.5512 -0.0428 186.9707 0.1354 1.0445 -133.7939 -0.0004 0.0001 1.0000
0.5680 -0.0440 175.5453 0.1390 1.0576 -141.5032 -0.0004 0.0001 1.0000
0.5878 -0.0409 161.2868 0.1458 1.0756 -150.9770 -0.0004 0.0001 1.0000
0.6067 -0.0419 147.2458 0.1488 1.0868 -156.1526 -0.0003 0.0001 1.0000
0.6199 -0.0485 136.1225 0.1499 1.0927 -160.5947 -0.0003 0.0001 1.0000
0.6408 -0.0518 122.2174 0.1525 1.1051 -165.9880 -0.0003 0.0001 1.0000
0.6577 -0.0491 109.6667 0.1531 1.1195 -170.1539 -0.0003 0.0001 1.0000
0.6720 -0.0476 99.8399 0.1521 1.1289 -172.2446 -0.0003 0.0001 1.0000
0.6842 -0.0486 92.9914 0.1477 1.1348 -169.1080 -0.0003 0.0001 1.0000
0.6924 -0.0499 88.7516 0.1388 1.1398 -161.2822 -0.0003 0.0001 1.0000
0.6993 -0.0494 84.1064 0.1307 1.1455 -154.2863 -0.0003 0.0001 1.0000
0.7076 -0.0518 80.0012 0.1187 1.1482 -140.6688 -0.0003 0.0001 1.0000
0.7061 -0.0496 77.0263 0.1054 1.1467 -128.2602 -0.0004 0.0001 1.0000
0.7047 -0.0477 76.4248 0.0925 1.1476 -119.3215 -0.0004 0.0001 1.0000
0.7076 -0.0476 72.1508 0.0826 1.1494 -115.0244 -0.0004 0.0001 1.0000
0.7083 -0.0461 69.0623 0.0727 1.1526 -111.6439 -0.0004 0.0001 1.0000
0.7164 -0.0403 61.5355 0.0656 1.1598 -111.5881 -0.0004 0.0001 1.0000
0.7193 -0.0357 56.4913 0.0587 1.1678 -115.0347 -0.0004 0.0001 1.0000
0.7267 -0.0267 49.8801 0.0535 1.1823 -120.7757 -0.0004 0.0001 1.0000
0.7217 -0.0234 46.7013 0.0443 1.1764 -122.5368 -0.0004 0.0001 1.0000
0.7169 -0.0187 45.0657 0.0382 1.1823 -128.3214 -0.0004 0.0001 1.0000
0.7157 -0.0074 41.2225 0.0280 1.1921 -133.5135 -0.0004 0.0001 1.0000
0.7083 -0.0043 42.6231 0.0216 1.1913 -137.8720 -0.0004 0.0001 1.0000
0.6946 0.0022 45.1436 0.0089 1.1913 -141.0576 -0.0004 0.0001 1.0000
0.7004 0.0135 42.9846 0.0070 1.2061 -150.1949 -0.0004 0.0001 1.0000
0.6782 0.0224 47.0898 -0.0081 1.1989 -151.1735 -0.0004 0.0001 1.0000
0.6537 0.0294 52.4495 -0.0216 1.1921 -153.8345 -0.0004 0.0001 1.0000
0.6446 0.0442 52.1008 -0.0312 1.1999 -161.1886 -0.0004 0.0001 1.0000
0.6330 0.0532 53.3853 -0.0342 1.2011 -170.4426 -0.0004 0.0001 1.0000
0.6027 0.0698 55.7424 -0.0516 1.2027 -174.7180 -0.0005 0.0001 1.0000
0.6011 0.0728 56.1482 -0.0462 1.2003 -184.5563 -0.0004 0.0001 1.0000
0.5648 0.0845 62.1706 -0.0641 1.1892 -184.1745 -0.0005 0.0001 1.0000
0.5404 0.1035 64.9086 -0.0742 1.1900 -187.4655 -0.0005 0.0001 1.0000
0.5265 0.1190 69.5884 -0.0783 1.1928 -189.6690 -0.0005 0.0001 1.0000
0.5131 0.1303 75.8465 -0.0812 1.1888 -187.4727 -0.0005 0.0001 1.0000
0.4801 0.1459 82.3929 -0.0980 1.1753 -177.4857 -0.0005 0.0001 1.0000
0.4630 0.1583 86.6966 -0.1054 1.1652 -169.1156 -0.0005 0.0001 1.0000
0.4394 0.1682 91.3937 -0.1181 1.1530 -158.6092 -0.0005 0.0001 1.0000
0.4206 0.1846 92.0956 -0.1295 1.1451 -147.8278 -0.0005 0.0001 1.0000
0.4046 0.1943 92.5124 -0.1405 1.1299 -135.4578 -0.0005 0.0001 1.0000
0.3959 0.2115 90.0634 -0.1472 1.1286 -127.4266 -0.0005 0.0001 1.0000
0.3766 0.2272 88.8952 -0.1614 1.1172 -113.3212 -0.0005 0.0001 1.0000
0.3684 0.2376 86.4978 -0.1656 1.1074 -104.6329 -0.0005 0.0001 1.0000
0.3554 0.2515 84.2681 -0.1752 1.0975 -93.2317 -0.0005 0.0001 1.0000
0.3356 0.2582 85.4174 -0.1854 1.0845 -84.4456 -0.0005 0.0001 1.0000
0.3357 0.2594 83.0412 -0.1828 1.0765 -81.3378 -0.0005 0.0001 1.0000
0.3182 0.2630 83.5605 -0.1901 1.0642 -75.4179 -0.0005 0.0001 1.0000
0.3130 0.2667 83.9756 -0.1881 1.0570 -73.6018 -0.0005 0.0001 1.0000
0.3070 0.2702 85.0925 -0.1880 1.0552 -72.8566 -0.0005 0.0001 1.0000
0.2957 0.2667 89.3537 -0.1889 1.0465 -71.9664 -0.0005 0.0001 1.0000
0.2896 0.2620 93.5537 -0.1847 1.0412 -73.6761 -0.0005 0.0001 1.0000
0.2836 0.2622 96.2826 -0.1843 1.0397 -74.6563 -0.0005 0.0001 1.0000
0.2733 0.2629 99.6704 -0.1824 1.0352 -76.3565 -0.0005 0.0001 1.0000
0.2649 0.2594 101.8796 -0.1824 1.0274 -75.6504 -0.0005 0.0001 1.0000
0.2580 0.2558 104.0173 -0.1799 1.0215 -77.3811 -0.0005 0.0001 1.0000
0.2500 0.2579 105.3410 -0.1808 1.0175 -76.6489 -0.0005 0.0001 1.0000
0.2392 0.2623 106.7439 -0.1814 1.0162 -77.8834 -0.0005 0.0001 1.0000
0.2328 0.2612 109.2093 -0.1795 1.0097 -76.9872 -0.0005 0.0001 1.0000
0.2223 0.2652 113.3109 -0.1816 1.0063 -72.5710 -0.0005 0.0001 1.0000
0.2173 0.2682 117.0457 -0.1798 1.0053 -69.8387 -0.0005 0.0001 1.0000
0.2036 0.2703 124.0865 -0.1824 0.9955 -61.8166 -0.0005 0.0001 1.0000
0.1949 0.2711 130.7651 -0.1833 0.9877 -54.6995 -0.0005 0.0001 1.0000
0.1811 0.2701 138.5305 -0.1869 0.9724 -45.1475 -0.0005 0.0001 1.0000
0.1719 0.2782 145.7478 -0.1884 0.9748 -39.7797 -0.0005 0.0001 1.0000
0.1518 0.2841 158.0558 -0.1945 0.9641 -29.7424 -0.0005 0.0001 1.0000
0.1360 0.2925 171.6325 -0.1953 0.9589 -23.8383 -0.0005 0.0001 1.0000
0.1213 0.2892 186.2496 -0.1958 0.9469 -17.1362 -0.0005 0.0001 1.0000
0.1118 0.2894 199.2198 -0.1923 0.9446 -14.1410 -0.0005 0.0001 1.0000
0.0892 0.2818 211.7681 -0.2002 0.9237 -1.2372 -0.0005 0.0001 1.0000
0.0825 0.2850 219.2245 -0.1984 0.9231 3.9796 -0.0005 0.0001 1.0000
0.0687 0.2840 228.4435 -0.2010 0.9114 14.3132 -0.0005 0.0000 1.0000
0.0595 0.2924 235.1897 -0.2000 0.9085 18.4863 -0.0005 0.0001 1.0000
0.0453 0.2943 243.4070 -0.2006 0.8976 21.2855 -0.0005 0.0000 1.0000
0.0348 0.3073 248.7011 -0.2009 0.8968 18.8776 -0.0005 0.0001 1.0000
0.0256 0.3208 252.6005 -0.1974 0.8977 10.5147 -0.0005 0.0001 1.0000
0.0187 0.3344 254.7327 -0.1920 0.9002 -1.1076 -0.0005 0.0001 1.0000
0.0148 0.3350 255.1938 -0.1834 0.8901 -12.9723 -0.0005 0.0001 1.0000
0.0023 0.3531 254.9843 -0.1834 0.8928 -22.1622 -0.0005 0.0001 1.0000
-0.0013 0.3691 254.2833 -0.1807 0.8988 -28.9718 -0.0005 0.0001 1.0000
-0.0064 0.3773 254.1669 -0.1776 0.8935 -31.7319 -0.0005 0.0001 1.0000
-0.0103 0.3910 253.5352 -0.1762 0.8936 -32.3430 -0.0005 0.0001 1.0000
-0.0167 0.4019 254.9355 -0.1763 0.8881 -28.8590 -0.0005 0.0001 1.0000
-0.0359 0.4032 259.4564 -0.1842 0.8714 -20.6548 -0.0005 0.0001 1.0000
-0.0351 0.4391 257.0950 -0.1845 0.8858 -16.8881 -0.0005 0.0001 1.0000
-0.0312 0.4440 256.9689 -0.1790 0.8738 -11.5359 -0.0005 0.0001 1.0000
-0.0384 0.4422 260.7277 -0.1806 0.8539 -1.7239 -0.0005 0.0001 1.0000
-0.0449 0.4473 262.5545 -0.1818 0.8424 5.7560 -0.0005 0.0001 1.0000
-0.0477 0.4585 262.5677 -0.1833 0.8394 12.3047 -0.0005 0.0001 1.0000
-0.0570 0.4632 264.3220 -0.1880 0.8256 22.8678 -0.0005 0.0001 1.0000
-0.0643 0.4576 267.2704 -0.1913 0.8147 29.8652 -0.0005 0.0001 1.0000
-0.0591 0.4757 266.1353 -0.1888 0.8246 34.8270 -0.0005 0.0001 1.0000
-0.0585 0.4781 267.4240 -0.1856 0.8228 39.5125 -0.0005 0.0001 1.0000
-0.0590 0.4700 269.9885 -0.1818 0.8212 41.2219 -0.0005 0.0001 1.0000
-0.0600 0.4808 273.8779 -0.1812 0.8328 47.3844 -0.0005 0.0001 1.0000
-0.0621 0.4648 281.1732 -0.1761 0.8231 52.6076 -0.0005 0.0001 1.0000
-0.0624 0.4618 287.5091 -0.1720 0.8327 54.5517 -0.0005 0.0001 1.0000
-0.0741 0.4447 298.4002 -0.1748 0.8258 61.8427 -0.0005 0.0001 1.0000
-0.0712 0.4328 306.4267 -0.1666 0.8299 62.7913 -0.0005 0.0001 1.0000
-0.0734 0.4164 315.2056 -0.1624 0.8332 65.0051 -0.0005 0.0001 1.0000
-0.0665 0.4083 322.1532 -0.1486 0.8495 59.1466 -0.0005 0.0001 1.0000
-0.0695 0.3910 330.8851 -0.1436 0.8516 59.4553 -0.0005 0.0001 1.0000
-0.0714 0.3613 340.6880 -0.1360 0.8460 58.4520 -0.0005 0.0001 1.0000
-0.0733 0.3446 349.3712 -0.1307 0.8514 56.4373 -0.0005 0.0001 1.0000
-0.0757 0.3241 357.2718 -0.1246 0.8499 53.7394 -0.0005 0.0001 1.0000
-0.0774 0.3073 366.6844 -0.1171 0.8540 49.6951 -0.0005 0.0001 1.0000
-0.0779 0.2846 375.8898 -0.1102 0.8555 44.9152 -0.0005 0.0001 1.0000
-0.0859 0.2691 385.4075 -0.1094 0.8526 43.8581 -0.0005 0.0001 1.0000
-0.0865 0.2580 393.9604 -0.1006 0.8626 36.9114 -0.0005 0.0001 1.0000
-0.0802 0.2652 398.8581 -0.0920 0.8915 28.8240 -0.0005 0.0001 1.0000
-0.0874 0.2436 408.9541 -0.0873 0.8881 23.8146 -0.0005 0.0001 1.0000
-0.0943 0.2045 418.5800 -0.0859 0.8683 21.7878 -0.0005 0.0001 1.0000
-0.0960 0.2006 426.0716 -0.0787 0.8863 13.4996 -0.0005 0.0001 1.0000
-0.0981 0.1825 433.5262 -0.0737 0.8905 6.7923 -0.0005 0.0001 1.0000
-0.1027 0.1558 440.8167 -0.0693 0.8850 1.0977 -0.0005 0.0001 1.0000
-0.1054 0.1512 449.7404 -0.0650 0.8954 -2.9670 -0.0005 0.0001 1.0000
-0.1056 0.1247 458.4246 -0.0583 0.8887 -8.9966 -0.0005 0.0001 1.0000
-0.1070 0.1238 462.8881 -0.0544 0.9017 -14.9258 -0.0005 0.0001 1.0000
-0.1013 0.1068 467.4118 -0.0463 0.9070 -22.9891 -0.0005 0.0001 1.0000
-0.1024 0.0962 469.6827 -0.0444 0.9113 -28.2123 -0.0005 0.0001 1.0000
-0.1002 0.0737 469.4831 -0.0398 0.9046 -34.6196 -0.0005 0.0001 1.0000
-0.0894 0.0746 468.9506 -0.0321 0.9251 -41.7885 -0.0005 0.0001 1.0000
-0.0892 0.0419 468.8012 -0.0315 0.9011 -42.3944 -0.0005 0.0001 1.0000
-0.0828 0.0439 465.4966 -0.0293 0.9172 -47.2961 -0.0005 0.0001 1.0000
-0.0775 0.0297 463.1612 -0.0256 0.9150 -51.1125 -0.0005 0.0001 1.0000
-0.0677 -0.0020 461.4390 -0.0222 0.9002 -53.7363 -0.0005 0.0001 1.0000
-0.0572 -0.0083 456.8264 -0.0192 0.9106 -58.7705 -0.0005 0.0001 1.0000
-0.0495 -0.0277 454.5159 -0.0163 0.9073 -62.6460 -0.0005 0.0001 1.0000
-0.0350 -0.0481 452.0396 -0.0106 0.9046 -66.2661 -0.0005 0.0001 1.0000
-0.0254 -0.0670 451.8241 -0.0069 0.9030 -70.5519 -0.0005 0.0000 1.0000
-0.0142 -0.0804 451.7469 -0.0028 0.9098 -74.9669 -0.0005 0.0001 1.0000
-0.0003 -0.1102 453.2460 0.0026 0.8995 -77.4784 -0.0005 0.0000 1.0000
0.0084 -0.1208 455.5772 0.0055 0.9050 -80.2870 -0.0005 0.0000 1.0000
0.0208 -0.1405 461.0755 0.0156 0.9034 -84.0457 -0.0005 0.0000 1.0000
0.0302 -0.1579 468.3958 0.0221 0.9034 -86.4509 -0.0005 0.0000 1.0000
0.0413 -0.1797 475.7762 0.0316 0.9034 -89.0989 -0.0005 0.0000 1.0000
0.0494 -0.2025 482.7325 0.0393 0.8992 -90.6486 -0.0005 0.0000 1.0000
0.0545 -0.2226 489.3931 0.0432 0.8933 -88.0335 -0.0005 0.0000 1.0000
0.0656 -0.2393 493.7054 0.0534 0.8904 -87.4566 -0.0005 0.0000 1.0000
0.0789 -0.2477 501.0308 0.0615 0.8981 -86.8336 -0.0005 0.0000 1.0000
0.0824 -0.2575 505.4532 0.0597 0.8883 -81.2032 -0.0005 0.0000 1.0000
0.0934 -0.2463 504.9491 0.0641 0.8979 -85.8985 -0.0005 0.0000 1.0000
0.1061 -0.2315 496.6238 0.0651 0.9049 -97.1730 -0.0005 0.0001 1.0000
0.1371 -0.1991 479.0550 0.0774 0.9338 -124.7689 -0.0005 0.0001 1.0000
0.1657 -0.1352 448.8319 0.0769 0.9782 -155.9525 -0.0005 0.0001 1.0000
0.2155 -0.0776 402.7880 0.0798 1.0078 -193.1261 -0.0005 0.0001 1.0000
1.0000 0.0000 0.0000 0.0000 1.0000 0.0000 0.0000 0.0000 1.0000
0.2738 0.0541 323.6228 0.0376 1.0383 -202.6472 -0.0005 0.0001 1.0000
0.3218 0.0877 302.9053 0.0393 1.0428 -199.5258 -0.0005 0.0001 1.0000
0.3268 0.1348 282.7652 0.0088 1.0423 -187.6810 -0.0005 0.0001 1.0000
0.3146 0.1706 274.6606 -0.0216 1.0458 -176.5793 -0.0005 0.0002 1.0000
0.3189 0.1670 275.4652 -0.0252 1.0436 -172.3809 -0.0005 0.0002 1.0000
0.3123 0.1570 280.4562 -0.0331 1.0368 -167.5579 -0.0005 0.0001 1.0000
0.3378 0.1268 285.8957 -0.0181 1.0401 -169.3379 -0.0005 0.0001 1.0000
0.3297 0.0845 302.2084 -0.0093 1.0356 -166.3113 -0.0005 0.0001 1.0000
0.3558 0.0380 317.4558 0.0251 1.0440 -168.7179 -0.0005 0.0001 1.0000
0.3383 -0.0379 345.4091 0.0418 1.0187 -157.9813 -0.0005 0.0001 1.0000
0.3340 -0.1137 372.3303 0.0701 1.0088 -147.9421 -0.0005 0.0001 1.0000
0.3340 -0.1848 395.4207 0.0982 0.9875 -136.5334 -0.0005 0.0001 1.0000
0.3333 -0.2219 413.9597 0.1166 0.9831 -136.4979 -0.0005 0.0001 1.0000
0.3316 -0.2532 428.5957 0.1325 0.9743 -132.1014 -0.0005 0.0001 1.0000
0.3312 -0.2827 443.2559 0.1452 0.9601 -126.2590 -0.0005 0.0000 1.0000
0.3341 -0.3006 456.7365 0.1579 0.9571 -129.3190 -0.0005 0.0000 1.0000
0.3338 -0.3233 467.5655 0.1678 0.9454 -126.9019 -0.0005 0.0000 1.0000
0.3419 -0.3439 474.6496 0.1810 0.9383 -126.3881 -0.0005 0.0000 1.0000
0.3442 -0.3598 479.5968 0.1881 0.9296 -124.1861 -0.0005 0.0000 1.0000
0.3597 -0.3773 480.3919 0.2020 0.9269 -125.6994 -0.0004 0.0000 1.0000
0.3673 -0.3875 476.4531 0.2046 0.9180 -121.3817 -0.0004 0.0000 1.0000
0.3895 -0.3879 468.1294 0.2103 0.9233 -118.9514 -0.0004 0.0000 1.0000
0.4041 -0.3813 458.8445 0.2013 0.9197 -108.9925 -0.0004 0.0000 1.0000
0.4272 -0.3608 444.3744 0.1923 0.9343 -103.7743 -0.0004 0.0000 1.0000
0.4501 -0.3304 426.9496 0.1716 0.9442 -92.7638 -0.0004 0.0000 1.0000
0.4762 -0.2841 404.4652 0.1427 0.9608 -80.5223 -0.0004 0.0000 1.0000
0.5059 -0.2320 377.0358 0.1093 0.9782 -67.9866 -0.0004 0.0000 1.0000
0.5290 -0.1771 348.2502 0.0678 0.9868 -51.5379 -0.0004 0.0000 1.0000
0.5549 -0.1132 315.4436 0.0252 1.0015 -36.4757 -0.0004 0.0000 1.0000
0.5794 -0.0563 283.4740 -0.0175 1.0052 -18.7403 -0.0004 0.0000 1.0000
0.6022 0.0106 253.5610 -0.0612 1.0130 0.9145 -0.0004 0.0000 1.0000
0.6158 0.0731 227.0190 -0.1065 1.0141 20.8096 -0.0004 0.0000 1.0000
0.6279 0.1390 203.5265 -0.1519 1.0129 42.5872 -0.0003 0.0000 1.0000
0.6235 0.1921 189.6788 -0.2012 0.9956 68.3483 -0.0003 0.0000 1.0000
0.6103 0.2387 181.8833 -0.2461 0.9713 93.3298 -0.0003 0.0000 1.0000
0.6048 0.2930 173.2834 -0.2866 0.9565 114.4952 -0.0003 0.0000 1.0000
0.5976 0.3362 169.4099 -0.3249 0.9397 134.4288 -0.0003 0.0000 1.0000
0.5809 0.3648 169.5967 -0.3599 0.9143 153.9078 -0.0003 0.0000 1.0000
0.5716 0.3982 167.8414 -0.3879 0.8957 168.5197 -0.0003 0.0000 1.0000
0.5652 0.4288 167.4215 -0.4127 0.8840 179.6349 -0.0003 0.0000 1.0000
0.5519 0.4512 168.5287 -0.4357 0.8631 191.2903 -0.0003 0.0000 1.0000
0.5402 0.4743 169.2061 -0.4566 0.8469 200.6339 -0.0003 0.0000 1.0000
0.5364 0.4934 169.3801 -0.4743 0.8344 208.0954 -0.0003 0.0000 1.0000
0.5177 0.5035 171.9019 -0.4918 0.8126 215.1906 -0.0003 0.0000 1.0000
0.5107 0.5228 173.4767 -0.5056 0.8010 221.1417 -0.0003 0.0000 1.0000
0.4939 0.5204 179.5881 -0.5158 0.7780 224.9438 -0.0003 0.0000 1.0000
0.4874 0.5309 179.4634 -0.5266 0.7712 226.3180 -0.0003 0.0000 1.0000
0.4810 0.5364 180.6603 -0.5329 0.7649 226.4951 -0.0003 0.0000 1.0000
0.4861 0.5354 181.1309 -0.5339 0.7654 226.1122 -0.0003 0.0000 1.0000
0.5030 0.5315 177.0184 -0.5300 0.7696 227.4295 -0.0003 0.0000 1.0000
0.5157 0.5125 172.1642 -0.5220 0.7768 229.0240 -0.0003 0.0000 1.0000
0.5362 0.4866 167.6539 -0.5078 0.7871 233.6425 -0.0003 -0.0000 1.0000
0.5665 0.4642 159.0097 -0.4886 0.8050 237.3733 -0.0003 -0.0000 1.0000
0.5871 0.4163 153.1480 -0.4603 0.8099 242.3694 -0.0002 -0.0000 1.0000
0.6140 0.3801 151.4291 -0.4346 0.8250 243.9036 -0.0002 -0.0000 1.0000
0.6362 0.3505 149.3177 -0.4136 0.8366 242.6733 -0.0002 -0.0000 1.0000
0.6566 0.3134 148.8503 -0.3843 0.8465 237.2834 -0.0002 -0.0000 1.0000
0.6750 0.2845 149.5731 -0.3604 0.8535 231.4907 -0.0002 -0.0001 1.0000
0.6869 0.2452 154.1606 -0.3348 0.8539 225.4897 -0.0002 -0.0001 1.0000
0.7006 0.2106 158.8112 -0.3107 0.8584 223.2031 -0.0002 -0.0001 1.0000
0.7070 0.1711 164.6460 -0.2839 0.8526 223.9211 -0.0002 -0.0001 1.0000
0.7174 0.1372 173.3141 -0.2615 0.8499 222.5479 -0.0002 -0.0001 1.0000
0.7220 0.1111 184.0569 -0.2484 0.8484 221.8390 -0.0002 -0.0001 1.0000
0.7267 0.0912 192.8065 -0.2319 0.8447 214.8701 -0.0002 -0.0001 1.0000
0.7293 0.0816 198.6476 -0.2237 0.8455 204.1776 -0.0002 -0.0001 1.0000
0.7246 0.0617 208.9731 -0.2147 0.8415 190.5821 -0.0002 -0.0001 1.0000
0.7319 0.0401 218.6230 -0.1962 0.8457 168.0006 -0.0002 -0.0001 1.0000
0.7386 0.0130 228.5281 -0.1765 0.8472 142.9562 -0.0002 -0.0001 1.0000
0.7483 -0.0029 233.2861 -0.1540 0.8618 112.4441 -0.0002 -0.0001 1.0000
0.7617 -0.0203 237.6824 -0.1257 0.8772 74.6643 -0.0002 -0.0001 1.0000
0.7673 -0.0447 245.2839 -0.0989 0.8861 35.4438 -0.0002 -0.0001 1.0000
0.7780 -0.0742 251.9877 -0.0661 0.8980 -11.8758 -0.0001 -0.0001 1.0000
0.7986 -0.0898 255.8302 -0.0330 0.9191 -59.8282 -0.0001 -0.0000 1.0000
0.7950 -0.1094 269.6840 -0.0166 0.9198 -87.2818 -0.0001 -0.0000 1.0000
0.7938 -0.1329 283.7023 0.0007 0.9198 -109.6917 -0.0001 -0.0000 1.0000
0.7927 -0.1540 295.1567 0.0145 0.9157 -121.3927 -0.0001 -0.0000 1.0000
0.7925 -0.1820 310.7069 0.0353 0.9095 -133.8599 -0.0001 -0.0000 1.0000
0.7888 -0.2054 327.6954 0.0540 0.9066 -140.6489 -0.0001 -0.0000 1.0000
0.7760 -0.2463 347.3807 0.0716 0.8838 -139.5284 -0.0001 -0.0001 1.0000
0.7622 -0.2827 364.5089 0.0885 0.8588 -129.6900 -0.0001 -0.0001 1.0000
0.7514 -0.2984 372.7880 0.0948 0.8461 -124.4985 -0.0001 -0.0001 1.0000
0.7508 -0.3082 380.0802 0.0959 0.8389 -122.7461 -0.0001 -0.0001 1.0000
0.7435 -0.3251 388.7503 0.0974 0.8237 -114.8395 -0.0001 -0.0001 1.0000
0.7354 -0.3423 396.0235 0.1002 0.8073 -103.0921 -0.0001 -0.0001 1.0000
0.7240 -0.3562 402.0722 0.1019 0.7894 -86.0737 -0.0001 -0.0001 1.0000
0.7157 -0.3767 406.6263 0.1056 0.7686 -66.1074 -0.0001 -0.0002 1.0000
0.7178 -0.3996 409.6532 0.1169 0.7489 -45.4818 -0.0001 -0.0002 1.0000
0.7090 -0.4310 412.6353 0.1254 0.7170 -20.5025 -0.0001 -0.0002 1.0000
0.7028 -0.4518 412.0357 0.1366 0.6943 3.1813 -0.0001 -0.0002 1.0000
0.6978 -0.4634 417.9496 0.1381 0.6785 18.5048 -0.0001 -0.0002 1.0000
0.6896 -0.4657 424.7013 0.1329 0.6699 26.9717 -0.0001 -0.0002 1.0000
0.6791 -0.4790 429.6283 0.1303 0.6522 41.5947 -0.0001 -0.0002 1.0000
0.6858 -0.4884 430.2182 0.1356 0.6450 50.1956 -0.0001 -0.0003 1.0000
0.6838 -0.4875 427.3152 0.1329 0.6406 57.7036 -0.0001 -0.0003 1.0000
0.6835 -0.4920 426.7100 0.1361 0.6342 63.1171 -0.0001 -0.0003 1.0000
0.6812 -0.4967 425.4394 0.1370 0.6278 66.8713 -0.0001 -0.0003 1.0000
0.6857 -0.5010 423.2962 0.1440 0.6264 67.0298 -0.0001 -0.0003 1.0000
0.6824 -0.4947 417.0343 0.1471 0.6296 67.7849 -0.0001 -0.0003 1.0000
0.6888 -0.5013 410.2993 0.1583 0.6313 66.6361 -0.0001 -0.0003 1.0000
0.6867 -0.5050 402.0888 0.1675 0.6285 66.5619 -0.0001 -0.0003 1.0000
0.6929 -0.5160 394.1003 0.1862 0.6290 62.4961 -0.0001 -0.0003 1.0000
0.7029 -0.5234 380.3936 0.2080 0.6350 56.9141 -0.0001 -0.0003 1.0000
0.7037 -0.5308 371.5907 0.2259 0.6339 55.5567 -0.0001 -0.0003 1.0000
0.7120 -0.5406 362.2171 0.2514 0.6393 49.1460 -0.0001 -0.0003 1.0000
0.7095 -0.5490 351.1389 0.2719 0.6369 43.3958 -0.0001 -0.0003 1.0000
0.7180 -0.5563 345.1561 0.2909 0.6397 44.0305 -0.0001 -0.0003 1.0000
0.7163 -0.5598 338.8584 0.3051 0.6400 40.0321 -0.0001 -0.0003 1.0000
0.7236 -0.5594 331.9544 0.3247 0.6470 34.5072 -0.0001 -0.0002 1.0000
0.7241 -0.5617 325.5828 0.3401 0.6522 26.2442 -0.0001 -0.0002 1.0000
0.7298 -0.5605 317.6940 0.3587 0.6581 21.1358 -0.0000 -0.0002 1.0000
0.7282 -0.5674 314.3368 0.3640 0.6442 38.2559 -0.0000 -0.0002 1.0000
0.7370 -0.5646 302.5472 0.3764 0.6531 46.0904 -0.0000 -0.0002 1.0000
0.7313 -0.5639 294.2161 0.3810 0.6494 59.5746 -0.0000 -0.0002 1.0000
0.7338 -0.5660 284.0723 0.3898 0.6392 73.4979 -0.0000 -0.0002 1.0000
0.7359 -0.5643 274.6973 0.3961 0.6349 85.5124 -0.0000 -0.0002 1.0000
0.7500 -0.5692 268.6474 0.4149 0.6369 91.5617 -0.0000 -0.0002 1.0000
0.7394 -0.5647 263.9406 0.4137 0.6236 99.6727 -0.0000 -0.0002 1.0000
0.7468 -0.5624 260.6723 0.4246 0.6290 100.7503 0.0000 -0.0002 1.0000
0.7485 -0.5650 261.0377 0.4301 0.6246 103.2572 0.0000 -0.0002 1.0000
0.7469 -0.5582 261.6887 0.4344 0.6243 102.2124 0.0000 -0.0002 1.0000
0.7475 -0.5573 263.5240 0.4388 0.6229 94.7193 0.0000 -0.0002 1.0000
0.7578 -0.5509 263.3657 0.4441 0.6306 83.2335 0.0000 -0.0002 1.0000
0.7490 -0.5418 266.9551 0.4412 0.6296 64.3831 0.0000 -0.0002 1.0000
0.7629 -0.5344 268.3899 0.4523 0.6442 38.2087 0.0001 -0.0002 1.0000
0.7582 -0.5283 270.6745 0.4493 0.6429 14.2276 0.0001 -0.0002 1.0000
0.7673 -0.5216 272.1588 0.4620 0.6532 -15.0027 0.0001 -0.0002 1.0000
0.7781 -0.5159 272.6226 0.4729 0.6628 -44.5958 0.0001 -0.0001 1.0000
0.7801 -0.5146 277.3581 0.4769 0.6658 -64.2454 0.0001 -0.0001 1.0000
0.7747 -0.5094 281.3248 0.4759 0.6663 -84.0641 0.0001 -0.0001 1.0000
0.8014 -0.5138 282.7468 0.5020 0.6821 -115.3869 0.0001 -0.0001 1.0000
0.7943 -0.5114 286.6723 0.5011 0.6797 -133.2552 0.0001 -0.0001 1.0000
0.8051 -0.5149 290.5271 0.5163 0.6846 -161.2349 0.0001 -0.0001 1.0000
0.7979 -0.5133 295.0367 0.5180 0.6818 -174.3464 0.0001 -0.0001 1.0000
0.7954 -0.5104 297.6846 0.5176 0.6784 -176.5064 0.0001 -0.0001 1.0000
0.7972 -0.5139 302.4177 0.5202 0.6751 -173.3735 0.0001 -0.0001 1.0000
0.7867 -0.5085 305.1399 0.5145 0.6685 -167.3523 0.0001 -0.0001 1.0000
0.7799 -0.5057 306.4577 0.5084 0.6586 -157.4817 0.0001 -0.0001 1.0000
0.7720 -0.5003 307.6971 0.5021 0.6517 -145.5128 0.0001 -0.0001 1.0000
0.7642 -0.4966 309.1724 0.4929 0.6453 -131.1744 0.0001 -0.0001 1.0000
0.7631 -0.4896 308.2704 0.4900 0.6438 -118.3591 0.0001 -0.0001 1.0000
0.7578 -0.4811 307.8970 0.4788 0.6403 -101.9416 0.0001 -0.0001 1.0000
0.7507 -0.4804 309.1883 0.4725 0.6274 -87.4649 0.0001 -0.0001 1.0000
0.7479 -0.4738 308.9951 0.4658 0.6244 -76.4133 0.0001 -0.0001 1.0000
0.7377 -0.4673 311.6465 0.4550 0.6195 -65.5604 0.0001 -0.0001 1.0000
0.7357 -0.4613 312.6927 0.4483 0.6175 -59.0572 0.0001 -0.0001 1.0000
0.7421 -0.4534 312.8698 0.4471 0.6231 -56.5768 0.0001 -0.0001 1.0000
0.7369 -0.4497 315.8653 0.4383 0.6176 -50.4207 0.0001 -0.0001 1.0000
0.7379 -0.4433 318.3820 0.4363 0.6194 -47.4626 0.0001 -0.0001 1.0000
0.7210 -0.4336 321.5993 0.4213 0.6123 -40.2128 0.0001 -0.0001 1.0000
0.7343 -0.4372 323.6795 0.4272 0.6133 -40.2287 0.0001 -0.0001 1.0000
0.7247 -0.4308 324.9176 0.4148 0.6100 -34.2478 0.0001 -0.0001 1.0000
0.7242 -0.4294 325.4497 0.4132 0.6046 -31.3091 0.0001 -0.0001 1.0000
0.7297 -0.4234 323.7123 0.4139 0.6114 -32.0866 0.0001 -0.0001 1.0000
0.7223 -0.4225 324.8274 0.4060 0.6047 -26.9535 0.0001 -0.0001 1.0000
0.7212 -0.4172 324.0652 0.4055 0.6052 -25.6356 0.0001 -0.0001 1.0000
