1.0000 0.0000 -0.0000 0.0000 1.0000 -0.0000 0.0000 0.0000 1.0000
1.0246 -0.0006 2.8517 0.0049 1.0248 -4.1779 0.0000 0.0000 1.0000
1.0098 -0.0020 10.0475 0.0014 1.0094 2.4323 0.0000 0.0000 1.0000
0.9959 -0.0035 14.6504 -0.0039 0.9976 8.2087 0.0000 0.0000 1.0000
0.9890 0.0019 23.2979 -0.0047 0.9938 14.0489 0.0000 0.0000 1.0000
0.9758 -0.0046 34.0532 -0.0061 0.9718 24.6244 0.0000 0.0000 1.0000
0.9636 0.0043 38.4793 -0.0110 0.9719 29.3011 0.0000 0.0000 1.0000
0.9527 0.0041 46.2709 -0.0141 0.9593 38.1319 0.0000 0.0000 1.0000
0.9601 0.0118 50.2413 -0.0113 0.9755 36.2217 0.0000 0.0000 1.0000
0.9378 0.0069 61.1272 -0.0165 0.9353 50.1735 0.0000 0.0000 1.0000
0.9216 0.0122 69.8714 -0.0179 0.9334 50.2689 0.0000 0.0000 1.0000
0.9167 0.0054 79.4495 -0.0157 0.9165 54.1875 0.0000 0.0000 1.0000
0.9384 0.0126 81.6001 -0.0068 0.9302 48.7194 0.0000 0.0000 1.0000
0.9033 0.0186 91.2426 -0.0199 0.9139 53.7306 0.0000 0.0000 1.0000
0.9122 0.0085 101.4574 -0.0105 0.9138 47.6458 0.0000 0.0000 1.0000
0.8933 0.0100 110.4927 -0.0160 0.8974 49.8345 0.0000 0.0000 1.0000
0.9000 0.0029 117.1998 -0.0121 0.8893 47.5701 0.0000 -0.0000 1.0000
0.8851 0.0067 126.5769 -0.0156 0.8925 43.1820 0.0000 0.0000 1.0000
0.8864 0.0168 127.7384 -0.0185 0.8943 42.6760 0.0000 0.0000 1.0000
0.8456 0.0072 142.1591 -0.0299 0.8653 50.4535 0.0000 0.0000 1.0000
0.8269 0.0204 144.9271 -0.0382 0.8552 54.6362 -0.0000 0.0000 1.0000
0.8398 0.0159 151.1805 -0.0302 0.8532 52.5877 0.0000 0.0000 1.0000
0.8222 0.0168 156.3258 -0.0356 0.8366 55.9628 0.0000 -0.0000 1.0000
0.8074 0.0292 159.6624 -0.0452 0.8347 58.9375 0.0000 0.0000 1.0000
0.7998 0.0222 169.1065 -0.0431 0.8121 62.9548 0.0000 -0.0000 1.0000
0.7857 0.0350 172.3158 -0.0492 0.8067 65.2479 0.0000 0.0000 1.0000
0.7766 0.0446 172.0526 -0.0558 0.7929 71.2678 0.0000 0.0000 1.0000
0.7582 0.0531 176.7892 -0.0619 0.7867 73.4874 0.0000 0.0000 1.0000
0.7524 0.0484 179.9955 -0.0651 0.7652 80.0688 0.0000 -0.0000 1.0000
0.7313 0.0553 179.5549 -0.0748 0.7421 88.9268 0.0000 -0.0000 1.0000
0.7462 0.0702 171.6501 -0.0772 0.7531 87.2390 0.0000 0.0000 1.0000
0.7314 0.0708 168.4202 -0.0875 0.7294 95.2776 0.0000 -0.0000 1.0000
0.7171 0.0810 162.9943 -0.0974 0.7247 98.2462 0.0000 -0.0000 1.0000
0.6912 0.0947 160.4816 -0.1121 0.7150 103.1287 -0.0000 -0.0000 1.0000
0.6972 0.1062 154.1283 -0.1185 0.7059 107.1956 0.0000 -0.0000 1.0000
0.6919 0.1136 151.6147 -0.1234 0.7009 108.2475 0.0000 -0.0000 1.0000
0.6960 0.1248 147.5040 -0.1313 0.6988 109.9808 0.0000 0.0000 1.0000
0.6621 0.1242 152.8108 -0.1429 0.6778 114.0096 -0.0000 -0.0000 1.0000
0.6752 0.1539 142.1539 -0.1543 0.6949 113.3717 -0.0000 0.0000 1.0000
0.6638 0.1577 146.3096 -0.1639 0.6863 118.4679 -0.0000 0.0000 1.0000
0.6517 0.1687 148.2524 -0.1750 0.6758 122.9215 -0.0000 0.0000 1.0000
0.6319 0.1840 148.1234 -0.1884 0.6720 127.2957 -0.0000 0.0000 1.0000
0.6147 0.1795 155.0994 -0.1947 0.6539 131.7394 -0.0000 -0.0000 1.0000
0.5674 0.1836 160.0207 -0.2136 0.6298 141.4933 -0.0001 -0.0000 1.0000
0.5945 0.1990 157.5584 -0.2157 0.6465 138.6007 -0.0001 0.0000 1.0000
0.6005 0.2014 155.2501 -0.2184 0.6419 139.8143 -0.0000 -0.0000 1.0000
0.6136 0.2126 149.7592 -0.2242 0.6508 138.0604 -0.0000 -0.0000 1.0000
0.6232 0.2325 141.8027 -0.2295 0.6706 132.4509 -0.0000 0.0000 1.0000
0.6205 0.2241 140.0586 -0.2325 0.6637 132.8130 -0.0000 0.0000 1.0000
0.6557 0.2302 116.3148 -0.2334 0.6658 130.5989 -0.0000 0.0000 1.0000
0.6655 0.2341 96.5027 -0.2353 0.6681 127.6113 -0.0000 0.0000 1.0000
0.6399 0.2117 91.5356 -0.2277 0.6755 111.9537 -0.0000 -0.0000 1.0000
0.6996 0.2489 57.0335 -0.2164 0.7339 89.3408 0.0000 0.0000 1.0000
0.7270 0.2360 40.6457 -0.2097 0.7300 84.6105 0.0000 0.0000 1.0000
0.7423 0.2404 37.7323 -0.2041 0.7721 67.7345 0.0001 0.0000 1.0000
0.7647 0.2522 33.0432 -0.1996 0.7949 60.6481 0.0001 0.0001 1.0000
0.7829 0.2456 41.3991 -0.1965 0.8023 58.8572 0.0001 0.0001 1.0000
0.8029 0.2517 52.2114 -0.1892 0.8332 48.3756 0.0001 0.0001 1.0000
0.8200 0.2629 66.0281 -0.1835 0.8646 39.2850 0.0001 0.0001 1.0000
0.8424 0.2667 83.2229 -0.1828 0.8755 38.8171 0.0001 0.0001 1.0000
0.7995 0.2210 124.2357 -0.1751 0.8447 36.8504 0.0001 0.0001 1.0000
0.8210 0.2320 145.7157 -0.1702 0.8797 28.0119 0.0001 0.0001 1.0000
0.8271 0.2063 170.1612 -0.1667 0.8887 24.1709 0.0001 0.0001 1.0000
0.8586 0.2116 182.1102 -0.1582 0.9136 20.4914 0.0002 0.0001 1.0000
0.8900 0.2194 186.5268 -0.1496 0.9443 13.4080 0.0002 0.0001 1.0000
0.8828 0.1865 204.4795 -0.1484 0.9343 16.6838 0.0002 0.0001 1.0000
0.8875 0.1873 213.4178 -0.1445 0.9582 11.8297 0.0002 0.0001 1.0000
0.8999 0.1945 216.5340 -0.1436 0.9833 7.0351 0.0002 0.0001 1.0000
0.9293 0.1822 222.4677 -0.1317 1.0007 0.0363 0.0002 0.0001 1.0000
0.9066 0.1809 226.2228 -0.1317 0.9967 1.4320 0.0002 0.0001 1.0000
0.9456 0.1683 227.1942 -0.1211 1.0236 -9.1781 0.0002 0.0001 1.0000
0.9492 0.1654 226.7937 -0.1165 1.0405 -15.7265 0.0003 0.0001 1.0000
0.9597 0.1600 226.8668 -0.1097 1.0523 -21.9521 0.0003 0.0001 1.0000
0.9838 0.1433 225.8161 -0.1029 1.0717 -30.0890 0.0003 0.0001 1.0000
1.0172 0.1499 213.9640 -0.0924 1.1057 -44.8238 0.0003 0.0001 1.0000
1.0049 0.1284 215.0084 -0.0865 1.1013 -49.7029 0.0003 0.0001 1.0000
1.0209 0.1173 209.8113 -0.0800 1.1192 -58.1270 0.0003 0.0001 1.0000
1.0137 0.1089 204.1856 -0.0795 1.1214 -60.2499 0.0003 0.0001 1.0000
1.0896 0.1381 183.9981 -0.0655 1.1939 -81.2103 0.0004 0.0002 1.0000
1.0766 0.1023 186.8080 -0.0583 1.1830 -86.0221 0.0004 0.0001 1.0000
1.0865 0.1016 179.1415 -0.0554 1.1886 -89.2123 0.0004 0.0001 1.0000
1.1007 0.0972 179.1591 -0.0498 1.2162 -100.6276 0.0004 0.0002 1.0000
1.1116 0.0912 179.1840 -0.0451 1.2345 -108.5451 0.0004 0.0002 1.0000
1.1383 0.0987 174.7064 -0.0378 1.2648 -117.7322 0.0004 0.0002 1.0000
1.1709 0.0992 172.4932 -0.0285 1.2912 -124.8870 0.0005 0.0002 1.0000
1.1217 0.0621 185.6438 -0.0337 1.2492 -113.5542 0.0004 0.0002 1.0000
1.1519 0.0648 180.9990 -0.0241 1.2697 -118.2221 0.0005 0.0002 1.0000
1.1671 0.0672 177.8478 -0.0233 1.2906 -117.2072 0.0005 0.0002 1.0000
1.1571 0.0369 180.9352 -0.0184 1.2703 -112.4668 0.0005 0.0001 1.0000
1.1899 0.0511 169.0702 -0.0128 1.3013 -113.9823 0.0005 0.0002 1.0000
1.1947 0.0491 160.2821 -0.0114 1.3129 -115.1557 0.0005 0.0002 1.0000
1.2250 0.0459 148.6699 -0.0043 1.3431 -122.2971 0.0005 0.0002 1.0000
1.2626 0.0468 135.7822 -0.0020 1.3811 -128.5731 0.0005 0.0002 1.0000
1.2697 0.0369 126.9663 0.0055 1.3699 -128.3109 0.0006 0.0002 1.0000
1.2716 0.0540 116.4661 -0.0002 1.4132 -136.1772 0.0005 0.0002 1.0000
1.2972 0.0381 109.1843 0.0047 1.4068 -136.8340 0.0006 0.0002 1.0000
1.3096 0.0272 110.1132 0.0041 1.4223 -140.0113 0.0006 0.0002 1.0000
1.3367 0.0470 104.5795 0.0013 1.4653 -146.5541 0.0006 0.0002 1.0000
1.3324 0.0393 112.6891 -0.0020 1.4554 -143.1608 0.0006 0.0002 1.0000
1.3296 0.0299 118.5366 -0.0066 1.4174 -129.2695 0.0006 0.0001 1.0000
1.3919 0.0516 113.7844 -0.0057 1.4214 -124.5841 0.0006 0.0001 1.0000
1.4491 0.0506 126.3726 -0.0042 1.4555 -130.3239 0.0006 0.0002 1.0000
1.4287 0.0454 146.4246 -0.0167 1.4368 -125.9194 0.0006 0.0001 1.0000
1.4184 0.0573 164.0357 -0.0225 1.4284 -123.3610 0.0006 0.0001 1.0000
1.4113 0.0668 182.7280 -0.0322 1.4272 -120.1714 0.0006 0.0001 1.0000
1.4298 0.0784 197.0566 -0.0342 1.4382 -121.9987 0.0006 0.0002 1.0000
1.3560 0.0723 219.8051 -0.0465 1.3857 -106.7427 0.0005 0.0001 1.0000
1.3682 0.0584 241.8998 -0.0461 1.3809 -108.9806 0.0005 0.0001 1.0000
1.3573 0.1107 257.6376 -0.0520 1.4703 -126.0731 0.0005 0.0002 1.0000
1.3163 0.0942 277.8765 -0.0603 1.4313 -115.5856 0.0005 0.0002 1.0000
1.3674 0.1010 282.6398 -0.0554 1.4615 -124.1802 0.0005 0.0002 1.0000
1.3632 0.1145 292.6863 -0.0604 1.4870 -129.5608 0.0005 0.0002 1.0000
1.3494 0.1060 304.8226 -0.0593 1.4801 -130.2610 0.0005 0.0002 1.0000
1.3414 0.0987 316.5259 -0.0633 1.4723 -125.2989 0.0005 0.0002 1.0000
1.3526 0.1172 318.7365 -0.0611 1.4923 -129.4536 0.0005 0.0002 1.0000
1.3382 0.1104 331.4561 -0.0590 1.4854 -128.4603 0.0005 0.0002 1.0000
1.3631 0.1154 333.1395 -0.0553 1.5024 -131.0405 0.0005 0.0002 1.0000
1.3690 0.1107 342.6409 -0.0492 1.5123 -137.2854 0.0005 0.0002 1.0000
1.3632 0.1110 350.4378 -0.0499 1.5254 -141.7254 0.0005 0.0002 1.0000
1.3746 0.1139 357.8720 -0.0482 1.5454 -146.2723 0.0005 0.0002 1.0000
1.3944 0.1005 365.1950 -0.0440 1.5471 -146.9467 0.0006 0.0002 1.0000
1.4102 0.1023 369.3745 -0.0452 1.5809 -156.4805 0.0006 0.0003 1.0000
1.4128 0.1132 375.3794 -0.0477 1.6059 -160.8574 0.0006 0.0003 1.0000
1.3891 0.0974 384.5425 -0.0470 1.5750 -152.2224 0.0006 0.0003 1.0000
1.4233 0.1057 383.6426 -0.0403 1.6067 -161.3328 0.0006 0.0003 1.0000
1.3923 0.0958 390.6296 -0.0445 1.5910 -157.1700 0.0006 0.0003 1.0000
1.4453 0.0761 390.0567 -0.0394 1.5940 -159.1738 0.0007 0.0002 1.0000
1.4113 0.0843 389.6928 -0.0399 1.5977 -160.5340 0.0006 0.0003 1.0000
1.4544 0.0819 391.4860 -0.0338 1.6213 -165.2961 0.0007 0.0003 1.0000
1.4016 0.0706 397.5762 -0.0374 1.5855 -157.0101 0.0007 0.0003 1.0000
1.3787 0.0677 403.7723 -0.0378 1.6031 -164.2246 0.0006 0.0003 1.0000
1.4529 0.0905 397.0430 -0.0275 1.6711 -180.9285 0.0007 0.0003 1.0000
1.3904 0.0549 403.5876 -0.0319 1.5962 -165.6273 0.0007 0.0003 1.0000
1.3945 0.0686 398.7275 -0.0302 1.6174 -168.8018 0.0007 0.0003 1.0000
1.4124 0.0313 404.5936 -0.0252 1.6073 -169.0111 0.0007 0.0002 1.0000
1.4180 0.0732 396.3976 -0.0239 1.6677 -181.9501 0.0007 0.0003 1.0000
1.4476 0.0709 395.6570 -0.0155 1.6887 -187.1865 0.0008 0.0003 1.0000
1.4181 0.0645 399.2226 -0.0207 1.6952 -186.8724 0.0007 0.0003 1.0000
1.3956 0.0536 398.0034 -0.0219 1.6847 -186.8167 0.0007 0.0003 1.0000
1.4487 0.0616 393.4121 -0.0093 1.7304 -197.8026 0.0008 0.0003 1.0000
1.4201 0.0369 397.0241 -0.0111 1.7111 -195.8614 0.0008 0.0003 1.0000
1.4078 0.0154 400.5543 -0.0104 1.6893 -191.1736 0.0008 0.0003 1.0000
1.4161 0.0073 402.9454 -0.0004 1.7105 -200.5962 0.0008 0.0003 1.0000
1.4333 0.0196 398.3160 0.0014 1.7441 -207.7810 0.0008 0.0003 1.0000
1.4382 -0.0011 402.2005 0.0113 1.7439 -212.2535 0.0008 0.0003 1.0000
1.4315 -0.0006 400.8110 0.0135 1.7470 -214.7305 0.0008 0.0003 1.0000
1.4707 0.0024 399.0986 0.0207 1.8000 -228.8069 0.0009 0.0004 1.0000
1.4743 -0.0164 402.7495 0.0278 1.8016 -234.0572 0.0009 0.0003 1.0000
1.4967 -0.0147 404.0901 0.0329 1.8331 -242.3298 0.0009 0.0004 1.0000
1.5056 -0.0133 404.7090 0.0370 1.8655 -252.1134 0.0009 0.0004 1.0000
1.5083 -0.0242 411.9669 0.0427 1.8923 -262.5550 0.0009 0.0004 1.0000
1.4793 -0.0655 418.6113 0.0474 1.8218 -251.0861 0.0009 0.0003 1.0000
1.5030 -0.0703 424.3472 0.0596 1.8492 -261.8094 0.0010 0.0003 1.0000
1.4820 -0.0926 435.5516 0.0609 1.8414 -262.6994 0.0010 0.0003 1.0000
1.5231 -0.0742 438.4512 0.0713 1.9084 -276.5300 0.0010 0.0004 1.0000
1.5156 -0.0732 444.6509 0.0742 1.9176 -278.7446 0.0010 0.0004 1.0000
1.4739 -0.1200 456.4234 0.0752 1.8599 -267.2416 0.0010 0.0003 1.0000
1.4451 -0.1313 462.2624 0.0728 1.8202 -252.3611 0.0010 0.0003 1.0000
1.4727 -0.1086 459.6026 0.0767 1.8872 -265.9307 0.0010 0.0004 1.0000
1.4736 -0.1490 471.2483 0.0906 1.8658 -263.3322 0.0010 0.0004 1.0000
1.4073 -0.1769 478.6649 0.0866 1.8080 -250.9868 0.0010 0.0003 1.0000
1.4619 -0.1715 479.2567 0.0983 1.8646 -263.8311 0.0010 0.0004 1.0000
1.3903 -0.2189 486.8972 0.0955 1.7708 -246.9717 0.0010 0.0003 1.0000
1.3928 -0.2104 489.3171 0.0991 1.8021 -253.7162 0.0010 0.0003 1.0000
1.4623 -0.2121 487.5496 0.1206 1.8652 -271.7961 0.0010 0.0003 1.0000
1.3839 -0.2498 497.6154 0.1155 1.7701 -248.5167 0.0010 0.0003 1.0000
1.3908 -0.2585 496.3958 0.1236 1.7780 -253.4894 0.0010 0.0003 1.0000
1.3359 -0.2826 503.6480 0.1221 1.7201 -242.3894 0.0010 0.0002 1.0000
1.3633 -0.2890 501.1686 0.1308 1.7184 -241.9749 0.0010 0.0002 1.0000
1.3125 -0.3071 509.2993 0.1254 1.6976 -238.9358 0.0009 0.0002 1.0000
1.3776 -0.3140 509.9468 0.1506 1.7252 -250.6689 0.0010 0.0002 1.0000
1.2787 -0.3390 518.2775 0.1305 1.6519 -231.1202 0.0009 0.0002 1.0000
1.3271 -0.3079 518.8076 0.1394 1.7427 -254.4522 0.0010 0.0003 1.0000
1.3435 -0.3160 523.7139 0.1490 1.7586 -260.5458 0.0010 0.0003 1.0000
1.3194 -0.3436 527.7935 0.1527 1.7070 -251.6293 0.0010 0.0002 1.0000
1.3259 -0.3340 529.9867 0.1567 1.7364 -259.7964 0.0010 0.0003 1.0000
1.3068 -0.3290 531.6215 0.1522 1.7280 -256.6337 0.0010 0.0003 1.0000
1.3254 -0.3269 535.7501 0.1586 1.7537 -264.0520 0.0010 0.0003 1.0000
1.3353 -0.3354 536.4212 0.1629 1.7481 -264.7258 0.0010 0.0003 1.0000
1.4058 -0.3057 532.0680 0.1803 1.8264 -286.3079 0.0011 0.0004 1.0000
1.3221 -0.3347 539.6910 0.1682 1.7369 -266.9524 0.0010 0.0003 1.0000
1.2691 -0.3378 535.2719 0.1550 1.6661 -249.2657 0.0010 0.0002 1.0000
1.2529 -0.3400 535.5974 0.1539 1.6481 -246.5143 0.0009 0.0002 1.0000
1.3174 -0.3274 535.2755 0.1669 1.7234 -265.8447 0.0010 0.0003 1.0000
1.2400 -0.3368 532.9269 0.1494 1.6446 -249.5353 0.0009 0.0002 1.0000
1.2978 -0.3314 527.5597 0.1602 1.6904 -264.1625 0.0010 0.0003 1.0000
1.2694 -0.3369 524.6111 0.1539 1.6525 -254.5473 0.0009 0.0002 1.0000
1.2658 -0.3218 515.8409 0.1491 1.6681 -260.9011 0.0009 0.0003 1.0000
1.2769 -0.3181 509.7327 0.1497 1.6623 -260.2859 0.0009 0.0003 1.0000
1.2854 -0.3252 498.8318 0.1470 1.6472 -257.6898 0.0009 0.0002 1.0000
1.3569 -0.2955 488.9146 0.1595 1.7302 -282.3907 0.0010 0.0003 1.0000
1.3719 -0.2897 480.0004 0.1543 1.7354 -284.6418 0.0010 0.0003 1.0000
1.3738 -0.2763 470.5858 0.1498 1.7431 -287.9015 0.0009 0.0003 1.0000
1.3776 -0.2883 460.5253 0.1474 1.7076 -279.9217 0.0009 0.0003 1.0000
1.4044 -0.2707 446.0559 0.1436 1.7298 -286.8118 0.0009 0.0003 1.0000
1.4562 -0.2524 433.9363 0.1481 1.7675 -300.5021 0.0010 0.0003 1.0000
1.4215 -0.2536 425.4965 0.1350 1.7241 -289.1045 0.0009 0.0003 1.0000
1.4463 -0.2536 414.6407 0.1366 1.7230 -292.9286 0.0009 0.0003 1.0000
1.4533 -0.2287 393.4318 0.1286 1.7188 -292.8282 0.0009 0.0003 1.0000
1.5130 -0.2073 376.8841 0.1261 1.7769 -306.4889 0.0009 0.0003 1.0000
1.4640 -0.2149 361.3224 0.1155 1.6756 -281.7142 0.0008 0.0002 1.0000
1.5042 -0.1988 339.6504 0.1128 1.6926 -287.0886 0.0008 0.0002 1.0000
1.5278 -0.1601 315.0179 0.0985 1.7235 -293.6020 0.0008 0.0003 1.0000
1.5854 -0.1507 293.3018 0.1070 1.7472 -303.8663 0.0008 0.0003 1.0000
1.5617 -0.1204 274.3440 0.0867 1.7331 -295.9619 0.0008 0.0003 1.0000
1.5849 -0.1112 253.8544 0.0809 1.7304 -296.0339 0.0008 0.0003 1.0000
1.5293 -0.1011 238.0585 0.0603 1.6760 -282.4315 0.0007 0.0003 1.0000
1.5134 -0.0793 212.7857 0.0516 1.6424 -276.1900 0.0007 0.0002 1.0000
1.5369 -0.0439 182.2797 0.0434 1.6490 -277.1230 0.0006 0.0003 1.0000
1.5147 -0.0236 158.2718 0.0327 1.6217 -273.3606 0.0006 0.0002 1.0000
1.5361 -0.0120 129.6313 0.0268 1.6127 -274.2709 0.0006 0.0002 1.0000
1.4898 0.0061 105.4898 0.0095 1.5757 -261.5158 0.0005 0.0002 1.0000
1.4634 0.0241 82.3937 -0.0058 1.5430 -246.9655 0.0005 0.0002 1.0000
1.4697 0.0430 55.4294 -0.0155 1.5310 -236.1786 0.0005 0.0002 1.0000
1.4191 0.0860 22.3140 -0.0322 1.4890 -215.0144 0.0004 0.0002 1.0000
1.4034 0.0800 15.4824 -0.0401 1.4543 -195.3888 0.0004 0.0002 1.0000
1.3484 0.0967 4.6462 -0.0539 1.4038 -170.1127 0.0004 0.0002 1.0000
1.3134 0.1122 -3.3879 -0.0606 1.3538 -142.3143 0.0003 0.0002 1.0000
1.2511 0.1132 -1.8753 -0.0741 1.2752 -105.9000 0.0003 0.0002 1.0000
1.2328 0.1150 -7.6217 -0.0723 1.2263 -84.6812 0.0003 0.0001 1.0000
1.1938 0.1225 -9.6397 -0.0785 1.2127 -78.3524 0.0002 0.0001 1.0000
1.1615 0.1289 -8.5549 -0.0793 1.1859 -70.4515 0.0002 0.0001 1.0000
1.1152 0.1077 3.0896 -0.0814 1.1217 -53.0177 0.0002 0.0001 1.0000
1.1024 0.1166 9.7494 -0.0822 1.1083 -50.6585 0.0002 0.0001 1.0000
1.0318 0.1154 27.6536 -0.0869 1.0550 -42.8720 0.0001 0.0001 1.0000
1.0138 0.1290 36.2387 -0.0843 1.0357 -42.0314 0.0001 0.0001 1.0000
0.9610 0.1284 56.3326 -0.0830 1.0031 -43.0265 0.0001 0.0001 1.0000
0.9546 0.1198 69.9995 -0.0757 0.9794 -44.8590 0.0001 0.0001 1.0000
0.8695 0.0999 99.5397 -0.0793 0.9174 -38.3825 0.0000 0.0001 1.0000
0.8362 0.0886 118.3917 -0.0719 0.8821 -40.9625 0.0000 0.0001 1.0000
0.8239 0.0707 136.9540 -0.0598 0.8712 -51.4606 0.0000 0.0001 1.0000
0.8219 0.0615 147.4231 -0.0519 0.8656 -55.9935 0.0000 0.0000 1.0000
0.7924 0.0575 156.4024 -0.0548 0.8307 -46.5625 0.0000 0.0000 1.0000
0.7840 0.0523 159.4400 -0.0453 0.8172 -44.8875 0.0000 0.0000 1.0000
0.7720 0.0541 163.3104 -0.0506 0.8206 -39.4030 0.0000 0.0000 1.0000
0.7466 0.0410 166.1181 -0.0502 0.7901 -27.5009 -0.0000 0.0000 1.0000
0.7317 0.0419 165.0219 -0.0529 0.7594 -11.5146 -0.0000 0.0000 1.0000
0.6979 0.0373 172.2091 -0.0583 0.7414 1.1612 -0.0000 0.0000 1.0000
0.6838 0.0450 168.5906 -0.0594 0.7166 13.2370 -0.0000 0.0000 1.0000
0.6533 0.0349 172.0206 -0.0640 0.6840 29.0506 -0.0000 -0.0000 1.0000
0.6165 0.0448 169.8405 -0.0747 0.6619 41.7365 -0.0001 -0.0000 1.0000
0.6040 0.0479 170.6079 -0.0779 0.6525 50.3488 -0.0001 -0.0000 1.0000
0.6145 0.0471 165.3146 -0.0720 0.6447 52.6367 -0.0001 -0.0000 1.0000
0.5800 0.0498 166.3712 -0.0844 0.6167 66.2964 -0.0001 -0.0000 1.0000
0.5906 0.0651 159.4971 -0.0812 0.6287 62.5235 -0.0001 -0.0000 1.0000
0.5539 0.0610 160.8775 -0.0887 0.5994 70.2855 -0.0001 -0.0000 1.0000
0.5341 0.0550 161.7253 -0.0934 0.5760 77.4635 -0.0001 -0.0000 1.0000
0.5324 0.0724 149.9419 -0.0991 0.5860 75.3449 -0.0001 -0.0000 1.0000
0.5021 0.0597 151.1376 -0.1048 0.5568 82.2299 -0.0001 -0.0000 1.0000
0.5044 0.0696 144.8526 -0.1050 0.5607 83.7668 -0.0001 -0.0000 1.0000
0.4863 0.0623 146.3622 -0.1061 0.5241 98.0488 -0.0001 -0.0001 1.0000
0.4766 0.0749 143.7407 -0.1140 0.5287 104.3551 -0.0001 -0.0000 1.0000
0.4441 0.0764 143.9382 -0.1222 0.5005 116.1005 -0.0002 -0.0000 1.0000
0.4452 0.0797 145.2161 -0.1218 0.4997 123.3216 -0.0002 -0.0000 1.0000
0.4212 0.0766 151.1117 -0.1289 0.4820 134.0458 -0.0002 -0.0000 1.0000
0.4258 0.0806 153.4373 -0.1264 0.4797 138.6221 -0.0002 -0.0000 1.0000
0.4059 0.0671 162.9342 -0.1272 0.4551 146.9154 -0.0002 -0.0001 1.0000
0.3881 0.0777 168.8144 -0.1341 0.4493 153.4448 -0.0002 -0.0001 1.0000
0.3865 0.0810 176.5573 -0.1311 0.4425 155.3814 -0.0002 -0.0001 1.0000
0.3502 0.0699 193.3595 -0.1421 0.4235 161.2165 -0.0002 -0.0001 1.0000
0.3456 0.0612 207.9579 -0.1377 0.4012 165.8969 -0.0002 -0.0001 1.0000
0.3386 0.0757 216.8486 -0.1403 0.4097 163.1497 -0.0002 -0.0001 1.0000
0.3073 0.0717 233.6122 -0.1465 0.3900 165.8875 -0.0002 -0.0001 1.0000
0.2761 0.0516 253.0609 -0.1536 0.3629 170.6228 -0.0002 -0.0001 1.0000
0.3047 0.0728 259.4803 -0.1434 0.3835 161.1865 -0.0002 -0.0001 1.0000
0.2772 0.0737 278.5820 -0.1500 0.3791 159.0888 -0.0002 -0.0001 1.0000
0.2553 0.0426 299.5340 -0.1504 0.3390 161.6178 -0.0002 -0.0001 1.0000
0.2670 0.0624 311.5818 -0.1406 0.3680 143.5995 -0.0002 -0.0001 1.0000
0.2659 0.0408 327.0158 -0.1364 0.3481 139.9242 -0.0002 -0.0001 1.0000
0.2388 0.0579 340.4186 -0.1408 0.3588 128.8656 -0.0002 -0.0001 1.0000
0.2119 0.0477 352.8612 -0.1425 0.3386 125.1172 -0.0003 -0.0001 1.0000
0.1896 0.0637 363.7503 -0.1450 0.3465 116.2399 -0.0003 -0.0001 1.0000
0.2140 0.0568 372.7196 -0.1339 0.3543 101.7760 -0.0002 -0.0001 1.0000
0.1834 0.0541 384.8160 -0.1334 0.3477 95.0320 -0.0003 -0.0001 1.0000
0.1699 0.0546 392.0889 -0.1319 0.3450 87.5671 -0.0003 -0.0001 1.0000
0.1964 0.0522 395.1686 -0.1213 0.3533 76.3640 -0.0002 -0.0001 1.0000
0.1990 0.0279 400.9266 -0.1167 0.3426 72.7092 -0.0002 -0.0001 1.0000
0.2021 0.0540 400.5257 -0.1167 0.3474 71.3204 -0.0002 -0.0001 1.0000
0.1837 0.0596 399.8428 -0.1189 0.3481 68.9035 -0.0003 -0.0001 1.0000
0.2046 0.0581 399.8583 -0.1135 0.3524 65.1130 -0.0002 -0.0001 1.0000
0.1916 0.0480 402.3866 -0.1165 0.3435 66.2120 -0.0002 -0.0001 1.0000
0.1572 0.0439 406.7558 -0.1173 0.3207 70.6598 -0.0003 -0.0001 1.0000
0.1722 0.0564 405.1800 -0.1159 0.3454 62.4503 -0.0003 -0.0001 1.0000
0.1541 0.0711 400.8448 -0.1187 0.3317 65.5249 -0.0003 -0.0000 1.0000
0.1773 0.0460 406.0434 -0.1151 0.3326 63.0071 -0.0002 -0.0001 1.0000
0.1393 0.0429 409.2898 -0.1187 0.3213 65.6563 -0.0003 -0.0001 1.0000
0.1535 0.0454 408.4987 -0.1179 0.3213 67.0294 -0.0003 -0.0001 1.0000
0.1674 0.0326 408.9648 -0.1204 0.3229 67.8055 -0.0002 -0.0001 1.0000
0.1229 0.0601 410.5850 -0.1305 0.3195 73.0329 -0.0003 -0.0001 1.0000
0.1540 0.0501 407.3475 -0.1279 0.3202 75.4340 -0.0003 -0.0001 1.0000
0.1464 0.0391 412.0789 -0.1343 0.3144 83.0958 -0.0003 -0.0001 1.0000
0.1223 0.0638 407.4617 -0.1458 0.3142 93.1377 -0.0003 -0.0001 1.0000
0.1229 0.0749 408.5398 -0.1495 0.3192 99.8014 -0.0003 -0.0001 1.0000
0.0905 0.0760 407.1179 -0.1615 0.2939 118.6564 -0.0003 -0.0001 1.0000
0.0823 0.0515 411.4408 -0.1658 0.2704 136.1473 -0.0003 -0.0001 1.0000
0.0636 0.0768 408.1372 -0.1780 0.2791 146.4308 -0.0003 -0.0001 1.0000
0.0643 0.0735 407.7640 -0.1838 0.2728 160.7530 -0.0003 -0.0001 1.0000
0.0737 0.0783 407.9331 -0.1881 0.2740 172.5482 -0.0003 -0.0001 1.0000
0.0692 0.1222 403.4634 -0.2007 0.2843 187.1667 -0.0003 -0.0001 1.0000
0.0757 0.0919 411.4714 -0.1978 0.2610 200.6153 -0.0003 -0.0001 1.0000
0.0441 0.0961 415.7343 -0.2116 0.2496 215.5126 -0.0003 -0.0001 1.0000
0.0333 0.1194 415.2689 -0.2195 0.2529 226.4129 -0.0004 -0.0001 1.0000
0.0439 0.0915 425.8548 -0.2234 0.2262 247.2926 -0.0003 -0.0001 1.0000
0.0320 0.0824 433.6859 -0.2204 0.2176 250.5609 -0.0003 -0.0001 1.0000
0.0341 0.1114 434.1820 -0.2269 0.2423 253.9513 -0.0003 -0.0001 1.0000
0.0169 0.1089 440.5062 -0.2349 0.2287 267.0168 -0.0003 -0.0001 1.0000
0.0071 0.1275 440.3026 -0.2416 0.2307 275.0106 -0.0003 -0.0001 1.0000
-0.0125 0.1075 446.9766 -0.2497 0.2066 289.5357 -0.0004 -0.0001 1.0000
-0.0227 0.1109 447.6926 -0.2539 0.1994 298.1162 -0.0004 -0.0001 1.0000
-0.0120 0.1495 438.6262 -0.2603 0.2094 309.8586 -0.0004 -0.0001 1.0000
-0.0008 0.1385 437.6550 -0.2578 0.2043 317.7879 -0.0003 -0.0001 1.0000
0.0038 0.1630 425.3029 -0.2638 0.2028 330.3543 -0.0003 -0.0001 1.0000
0.0013 0.1746 415.4910 -0.2745 0.1974 343.1923 -0.0003 -0.0001 1.0000
-0.0052 0.1928 404.0761 -0.2849 0.1941 354.9422 -0.0003 -0.0001 1.0000
0.0126 0.2119 390.4187 -0.2777 0.1964 357.1903 -0.0003 -0.0001 1.0000
-0.0023 0.1527 389.2735 -0.2692 0.1463 358.5630 -0.0003 -0.0002 1.0000
-0.0452 0.1317 393.6448 -0.2835 0.1140 367.4293 -0.0004 -0.0002 1.0000
-0.0217 0.1675 374.3175 -0.2821 0.1279 364.8194 -0.0003 -0.0001 1.0000
-0.0157 0.1862 359.7335 -0.2775 0.1468 349.2354 -0.0003 -0.0001 1.0000
-0.0484 0.1700 359.5858 -0.2825 0.1294 345.5924 -0.0004 -0.0001 1.0000
-0.0283 0.1968 345.7579 -0.2782 0.1384 343.1439 -0.0003 -0.0001 1.0000
-0.0373 0.1997 339.4290 -0.2781 0.1374 338.7046 -0.0003 -0.0001 1.0000
-0.0351 0.2201 328.6873 -0.2817 0.1433 338.1538 -0.0003 -0.0001 1.0000
-0.0452 0.2125 325.2331 -0.2822 0.1380 335.0625 -0.0004 -0.0001 1.0000
-0.0371 0.2298 312.3616 -0.2810 0.1417 335.7688 -0.0004 -0.0001 1.0000
-0.0234 0.2283 302.9702 -0.2779 0.1298 343.3476 -0.0003 -0.0001 1.0000
-0.0279 0.2627 293.5385 -0.2846 0.1513 346.4957 -0.0003 -0.0001 1.0000
-0.0393 0.2604 290.7570 -0.2873 0.1349 357.5561 -0.0003 -0.0001 1.0000
-0.0440 0.2107 297.1214 -0.2891 0.0942 371.9191 -0.0003 -0.0001 1.0000
-0.0643 0.2286 294.8934 -0.3068 0.0916 388.2224 -0.0004 -0.0001 1.0000
-0.0676 0.2522 304.3895 -0.3073 0.1037 400.8229 -0.0004 -0.0001 1.0000
-0.0902 0.2100 319.8553 -0.3108 0.0730 412.7628 -0.0004 -0.0001 1.0000
-0.0755 0.2429 319.9807 -0.3091 0.0844 424.8470 -0.0004 -0.0001 1.0000
-0.1045 0.2387 329.3620 -0.3172 0.0725 430.6292 -0.0004 -0.0001 1.0000
-0.1063 0.2718 334.6332 -0.3244 0.0832 441.3680 -0.0004 -0.0001 1.0000
-0.0945 0.2682 336.8481 -0.3126 0.0682 442.4087 -0.0004 -0.0001 1.0000
-0.1144 0.2176 351.5170 -0.3139 0.0285 444.1074 -0.0004 -0.0002 1.0000
-0.1251 0.2492 361.6526 -0.3161 0.0422 446.1892 -0.0004 -0.0001 1.0000
-0.1490 0.2183 383.2908 -0.3216 0.0274 447.3277 -0.0004 -0.0001 1.0000
-0.1627 0.2492 395.8697 -0.3276 0.0416 450.1095 -0.0004 -0.0001 1.0000
-0.1535 0.2433 406.4603 -0.3175 0.0233 452.3371 -0.0004 -0.0001 1.0000
-0.1549 0.2528 413.6121 -0.3125 0.0139 453.1239 -0.0004 -0.0001 1.0000
-0.1767 0.2823 424.5404 -0.3200 0.0225 455.2692 -0.0004 -0.0001 1.0000
-0.1594 0.2690 434.5773 -0.3096 0.0009 461.3409 -0.0004 -0.0001 1.0000
-0.1994 0.2530 446.6286 -0.3221 -0.0127 462.8994 -0.0004 -0.0001 1.0000
-0.2185 0.2744 454.1570 -0.3301 -0.0125 472.1031 -0.0004 -0.0001 1.0000
-0.2084 0.2615 463.3845 -0.3193 -0.0255 475.0072 -0.0004 -0.0001 1.0000
-0.2392 0.2717 472.3163 -0.3376 -0.0278 486.5235 -0.0004 -0.0001 1.0000
-0.2192 0.2701 473.2693 -0.3243 -0.0413 492.1316 -0.0004 -0.0001 1.0000
-0.2270 0.2825 472.2702 -0.3300 -0.0454 500.9257 -0.0004 -0.0001 1.0000
-0.2419 0.2648 478.8666 -0.3364 -0.0574 508.3223 -0.0004 -0.0001 1.0000
-0.2336 0.2352 480.7119 -0.3287 -0.0833 514.4245 -0.0004 -0.0002 1.0000
-0.2364 0.3196 470.2147 -0.3424 -0.0534 528.1297 -0.0004 -0.0001 1.0000
-0.2382 0.3045 469.3913 -0.3427 -0.0629 531.2635 -0.0004 -0.0001 1.0000
-0.2432 0.2854 467.9721 -0.3474 -0.0719 535.9344 -0.0004 -0.0001 1.0000
-0.2428 0.3155 459.2786 -0.3522 -0.0653 542.0318 -0.0004 -0.0001 1.0000
-0.2402 0.3020 453.2289 -0.3536 -0.0746 545.3495 -0.0004 -0.0001 1.0000
-0.2337 0.2890 445.9933 -0.3533 -0.0822 548.4560 -0.0004 -0.0002 1.0000
-0.2355 0.2939 437.2110 -0.3642 -0.0838 555.8446 -0.0004 -0.0001 1.0000
-0.2324 0.3018 426.2781 -0.3678 -0.0836 559.9585 -0.0004 -0.0002 1.0000
-0.2368 0.3507 412.8359 -0.3814 -0.0608 567.5071 -0.0004 -0.0001 1.0000
-0.2282 0.3754 402.3414 -0.3837 -0.0529 572.5045 -0.0004 -0.0001 1.0000
-0.2265 0.3532 394.8173 -0.3903 -0.0702 576.4669 -0.0004 -0.0001 1.0000
-0.2406 0.3616 390.0229 -0.4066 -0.0637 580.0606 -0.0005 -0.0001 1.0000
-0.2332 0.3518 384.2000 -0.4064 -0.0796 585.4369 -0.0005 -0.0001 1.0000
-0.2291 0.4087 367.4864 -0.4224 -0.0608 597.9421 -0.0005 -0.0001 1.0000
-0.2364 0.4144 367.9960 -0.4273 -0.0623 599.0567 -0.0005 -0.0001 1.0000
-0.2290 0.3743 369.7807 -0.4214 -0.0893 598.4013 -0.0005 -0.0001 1.0000
-0.2362 0.3874 367.5234 -0.4329 -0.0919 605.7276 -0.0005 -0.0001 1.0000
-0.2420 0.4420 360.2329 -0.4511 -0.0696 615.3442 -0.0005 -0.0001 1.0000
-0.2404 0.4257 361.9366 -0.4516 -0.0826 615.8349 -0.0005 -0.0001 1.0000
-0.2497 0.4726 359.4820 -0.4685 -0.0696 626.5866 -0.0005 -0.0001 1.0000
-0.2450 0.4655 361.5923 -0.4705 -0.0776 630.9878 -0.0005 -0.0001 1.0000
-0.2518 0.4681 364.6449 -0.4744 -0.0778 630.9845 -0.0005 -0.0001 1.0000
-0.2596 0.4656 367.3233 -0.4852 -0.0784 632.3259 -0.0005 -0.0001 1.0000
-0.2573 0.4891 363.9827 -0.4877 -0.0829 636.0099 -0.0005 -0.0001 1.0000
-0.2666 0.4868 366.9649 -0.4974 -0.0833 636.1478 -0.0005 -0.0001 1.0000
-0.2568 0.4983 360.5906 -0.4996 -0.0924 639.9018 -0.0005 -0.0001 1.0000
-0.2643 0.4878 363.5493 -0.5058 -0.1032 641.1377 -0.0005 -0.0001 1.0000
-0.2731 0.5311 359.0042 -0.5242 -0.0877 649.2662 -0.0005 -0.0000 1.0000
-0.2734 0.5145 362.3773 -0.5250 -0.0961 648.6895 -0.0005 -0.0001 1.0000
-0.2764 0.5341 359.8796 -0.5365 -0.0953 656.5803 -0.0005 -0.0001 1.0000
-0.2776 0.5362 360.1456 -0.5416 -0.1011 661.7186 -0.0005 -0.0001 1.0000
-0.2890 0.5280 362.7310 -0.5532 -0.1050 666.9505 -0.0005 -0.0001 1.0000
-0.2857 0.5656 351.8675 -0.5639 -0.1067 681.0251 -0.0005 -0.0001 1.0000
-0.2894 0.5512 354.5844 -0.5693 -0.1147 688.0074 -0.0005 -0.0001 1.0000
-0.2942 0.5708 350.7046 -0.5840 -0.1130 701.8990 -0.0005 -0.0001 1.0000
-0.2909 0.6007 340.6268 -0.5997 -0.1149 721.9744 -0.0005 -0.0000 1.0000
-0.3015 0.6218 336.0563 -0.6155 -0.1117 735.6123 -0.0006 -0.0000 1.0000
-0.2911 0.6258 326.4245 -0.6153 -0.1206 743.5733 -0.0006 -0.0001 1.0000
-0.3069 0.6279 329.7395 -0.6364 -0.1170 755.9761 -0.0006 -0.0000 1.0000
-0.3041 0.6778 314.7910 -0.6530 -0.1148 774.3753 -0.0006 -0.0000 1.0000
-0.3113 0.6712 314.8081 -0.6631 -0.1177 780.6199 -0.0006 -0.0000 1.0000
-0.3024 0.6467 309.5972 -0.6566 -0.1338 779.8402 -0.0006 -0.0001 1.0000
-0.2971 0.6487 303.8262 -0.6563 -0.1389 783.1473 -0.0006 -0.0001 1.0000
-0.3056 0.6665 299.0210 -0.6690 -0.1283 786.0199 -0.0006 -0.0001 1.0000
-0.3004 0.6685 292.8540 -0.6726 -0.1280 786.7851 -0.0006 -0.0001 1.0000
-0.3086 0.6832 288.3005 -0.6852 -0.1201 787.7426 -0.0006 -0.0000 1.0000
-0.3058 0.7378 274.7949 -0.6974 -0.1058 791.4450 -0.0006 -0.0000 1.0000
-0.3009 0.7110 276.0415 -0.6895 -0.1099 778.5436 -0.0006 -0.0000 1.0000
-0.3047 0.7384 271.0249 -0.6975 -0.0978 776.9842 -0.0006 -0.0000 1.0000
-0.3019 0.7272 268.3641 -0.6968 -0.1004 770.1375 -0.0006 -0.0000 1.0000
-0.3000 0.7312 266.4339 -0.6968 -0.0979 764.9211 -0.0006 -0.0000 1.0000
-0.2933 0.7490 260.0765 -0.6952 -0.0921 760.6255 -0.0006 -0.0000 1.0000
-0.2936 0.7218 263.2250 -0.6889 -0.0912 747.9384 -0.0006 -0.0000 1.0000
-0.2909 0.7456 257.1932 -0.6924 -0.0795 744.7168 -0.0006 0.0000 1.0000
-0.2888 0.7265 257.2546 -0.6833 -0.0794 731.8222 -0.0006 -0.0000 1.0000
-0.2830 0.7166 257.3405 -0.6767 -0.0760 720.1062 -0.0006 -0.0000 1.0000
-0.2807 0.7185 256.5521 -0.6760 -0.0700 711.3151 -0.0006 -0.0000 1.0000
-0.2745 0.7039 258.7841 -0.6636 -0.0632 693.0591 -0.0006 -0.0000 1.0000
-0.2810 0.6918 266.0417 -0.6632 -0.0589 682.7472 -0.0006 -0.0000 1.0000
-0.2639 0.6897 263.3485 -0.6482 -0.0576 666.6544 -0.0006 -0.0000 1.0000
-0.2639 0.6914 265.5911 -0.6430 -0.0456 652.5245 -0.0006 -0.0000 1.0000
-0.2458 0.6714 265.2729 -0.6275 -0.0431 635.0743 -0.0006 -0.0000 1.0000
-0.2502 0.6616 269.9501 -0.6195 -0.0305 619.5371 -0.0006 -0.0000 1.0000
-0.2473 0.6358 274.7779 -0.6069 -0.0239 602.2367 -0.0006 -0.0000 1.0000
-0.2311 0.6311 272.0679 -0.5922 -0.0175 588.0781 -0.0006 -0.0000 1.0000
-0.2276 0.6132 274.4518 -0.5864 -0.0097 578.2460 -0.0006 -0.0000 1.0000
-0.2088 0.6357 261.9558 -0.5818 0.0081 567.8714 -0.0005 -0.0000 1.0000
-0.2094 0.5962 267.6459 -0.5708 0.0152 551.1583 -0.0005 -0.0000 1.0000
-0.2004 0.5887 262.2991 -0.5645 0.0286 535.9274 -0.0005 -0.0000 1.0000
-0.1941 0.5658 262.2385 -0.5566 0.0418 519.5024 -0.0006 -0.0000 1.0000
-0.1753 0.5871 247.9818 -0.5537 0.0659 505.3460 -0.0005 -0.0000 1.0000
-0.1482 0.5766 239.0528 -0.5416 0.0821 487.9023 -0.0005 -0.0000 1.0000
-0.1396 0.5564 237.4738 -0.5321 0.0999 471.7819 -0.0005 -0.0000 1.0000
-0.1103 0.5588 225.2996 -0.5244 0.1210 460.1416 -0.0005 -0.0000 1.0000
-0.0983 0.5224 225.0811 -0.5079 0.1370 440.4043 -0.0005 -0.0000 1.0000
-0.0827 0.4938 221.1154 -0.4985 0.1447 429.9851 -0.0005 -0.0001 1.0000
-0.0567 0.4877 212.4067 -0.4860 0.1657 415.7938 -0.0005 -0.0001 1.0000
-0.0545 0.4560 212.7975 -0.4770 0.1799 401.4872 -0.0005 -0.0001 1.0000
-0.0297 0.4331 204.3295 -0.4645 0.1941 387.3623 -0.0005 -0.0001 1.0000
-0.0206 0.4551 193.5213 -0.4556 0.2297 371.0576 -0.0005 -0.0000 1.0000
0.0081 0.4604 182.3316 -0.4458 0.2583 355.4427 -0.0005 -0.0000 1.0000
0.0309 0.4140 180.8204 -0.4197 0.2628 332.7166 -0.0005 -0.0001 1.0000
0.0350 0.4066 176.1130 -0.4119 0.2842 318.0551 -0.0005 -0.0000 1.0000
0.0354 0.3801 173.8025 -0.4002 0.2880 302.7066 -0.0005 -0.0000 1.0000
0.0624 0.3958 162.3575 -0.3867 0.3324 274.5078 -0.0005 0.0000 1.0000
0.0666 0.3683 160.6069 -0.3670 0.3280 254.5483 -0.0005 0.0000 1.0000
0.0575 0.2994 175.2385 -0.3443 0.3157 229.9162 -0.0005 -0.0000 1.0000
0.1129 0.3301 150.1251 -0.3195 0.3798 184.5900 -0.0005 -0.0000 1.0000
0.1078 0.2973 153.6760 -0.3005 0.3623 167.6689 -0.0005 -0.0000 1.0000
0.1241 0.2772 151.1568 -0.2722 0.4018 121.4116 -0.0005 -0.0000 1.0000
0.1485 0.2767 138.9894 -0.2484 0.4308 84.4026 -0.0005 -0.0000 1.0000
0.1539 0.2447 139.4445 -0.2215 0.4231 57.7568 -0.0005 -0.0000 1.0000
0.1715 0.2235 136.3594 -0.1925 0.4379 18.9778 -0.0004 -0.0000 1.0000
0.1964 0.1986 134.3490 -0.1602 0.4516 -22.0993 -0.0004 -0.0000 1.0000
0.2148 0.1995 125.1163 -0.1419 0.4730 -59.8917 -0.0004 0.0000 1.0000
0.3370 0.1339 120.7800 -0.0895 0.4524 -101.4454 -0.0002 -0.0001 1.0000
1.0000 0.0000 0.0000 0.0000 1.0000 0.0000 0.0000 0.0000 1.0000
1.0000 0.0000 0.0000 0.0000 1.0000 0.0000 0.0000 0.0000 1.0000
1.0000 0.0000 0.0000 0.0000 1.0000 0.0000 0.0000 0.0000 1.0000
1.0000 0.0000 0.0000 0.0000 1.0000 0.0000 0.0000 0.0000 1.0000
1.0000 0.0000 0.0000 0.0000 1.0000 0.0000 0.0000 0.0000 1.0000
1.0000 0.0000 0.0000 0.0000 1.0000 0.0000 0.0000 0.0000 1.0000
1.0000 0.0000 0.0000 0.0000 1.0000 0.0000 0.0000 0.0000 1.0000
1.0000 0.0000 0.0000 0.0000 1.0000 0.0000 0.0000 0.0000 1.0000
1.0000 0.0000 0.0000 0.0000 1.0000 0.0000 0.0000 0.0000 1.0000
1.0000 0.0000 0.0000 0.0000 1.0000 0.0000 0.0000 0.0000 1.0000
1.0000 0.0000 0.0000 0.0000 1.0000 0.0000 0.0000 0.0000 1.0000
1.0000 0.0000 0.0000 0.0000 1.0000 0.0000 0.0000 0.0000 1.0000
1.0000 0.0000 0.0000 0.0000 1.0000 0.0000 0.0000 0.0000 1.0000
1.0000 0.0000 0.0000 0.0000 1.0000 0.0000 0.0000 0.0000 1.0000
1.0000 0.0000 0.0000 0.0000 1.0000 0.0000 0.0000 0.0000 1.0000
1.0000 0.0000 0.0000 0.0000 1.0000 0.0000 0.0000 0.0000 1.0000
1.0000 0.0000 0.0000 0.0000 1.0000 0.0000 0.0000 0.0000 1.0000
1.0000 0.0000 0.0000 0.0000 1.0000 0.0000 0.0000 0.0000 1.0000
1.0000 0.0000 0.0000 0.0000 1.0000 0.0000 0.0000 0.0000 1.0000
1.0000 0.0000 0.0000 0.0000 1.0000 0.0000 0.0000 0.0000 1.0000
0.1056 -0.4607 336.6664 0.2402 0.2467 -167.5578 -0.0004 -0.0002 1.0000
0.0877 -0.4431 351.8761 0.2389 0.2346 -152.6550 -0.0004 -0.0002 1.0000
0.0609 -0.4387 378.5918 0.2274 0.2004 -124.6915 -0.0004 -0.0002 1.0000
0.0340 -0.4548 414.2643 0.2222 0.1821 -107.2035 -0.0004 -0.0002 1.0000
0.0230 -0.4628 449.4248 0.2346 0.1885 -102.9478 -0.0004 -0.0002 1.0000
0.0212 -0.4787 475.7290 0.2455 0.1825 -89.8358 -0.0004 -0.0002 1.0000
-0.0024 -0.4678 504.3211 0.2346 0.1904 -67.5888 -0.0004 -0.0001 1.0000
-0.0108 -0.4896 522.5197 0.2183 0.1633 -32.9698 -0.0004 -0.0002 1.0000
-0.0233 -0.4864 533.4251 0.2098 0.1612 -16.0235 -0.0004 -0.0002 1.0000
-0.0271 -0.4895 541.8354 0.2069 0.1509 -0.9359 -0.0004 -0.0002 1.0000
-0.0279 -0.4966 548.9461 0.2062 0.1437 11.8049 -0.0004 -0.0002 1.0000
-0.0387 -0.4942 548.9692 0.1957 0.1385 23.2740 -0.0004 -0.0002 1.0000
-0.0357 -0.4959 551.6303 0.1976 0.1299 34.0715 -0.0004 -0.0002 1.0000
-0.0402 -0.4968 557.1063 0.1955 0.1322 40.1666 -0.0004 -0.0002 1.0000
-0.0514 -0.4970 559.9989 0.1854 0.1128 51.8641 -0.0004 -0.0002 1.0000
-0.0557 -0.4913 565.3223 0.1866 0.1129 54.3296 -0.0004 -0.0002 1.0000
-0.0559 -0.5054 574.9323 0.1917 0.0977 59.4703 -0.0004 -0.0002 1.0000
-0.0586 -0.5128 583.8393 0.1982 0.0963 56.9928 -0.0004 -0.0002 1.0000
-0.0798 -0.5014 589.3150 0.1863 0.0868 61.4431 -0.0004 -0.0002 1.0000
-0.0908 -0.4975 596.5307 0.1880 0.0766 60.7433 -0.0004 -0.0002 1.0000
-0.0864 -0.5002 610.8789 0.2031 0.0751 57.7646 -0.0004 -0.0002 1.0000
-0.1161 -0.4921 615.2617 0.1806 0.0494 67.3543 -0.0004 -0.0002 1.0000
-0.1133 -0.4953 631.8227 0.1981 0.0543 59.9053 -0.0004 -0.0002 1.0000
-0.1290 -0.4938 648.0335 0.1960 0.0464 62.8573 -0.0004 -0.0002 1.0000
-0.1268 -0.5078 663.1202 0.2049 0.0334 63.8030 -0.0004 -0.0002 1.0000
-0.1508 -0.5045 677.5804 0.1954 0.0316 66.9128 -0.0004 -0.0002 1.0000
-0.1435 -0.5237 693.4856 0.2055 0.0143 73.2097 -0.0004 -0.0002 1.0000
-0.1590 -0.5114 701.3761 0.1995 0.0129 78.0939 -0.0004 -0.0002 1.0000
-0.1567 -0.5238 717.4849 0.2067 0.0095 82.6052 -0.0004 -0.0002 1.0000
-0.1675 -0.5110 727.2631 0.2048 0.0170 85.9867 -0.0004 -0.0002 1.0000
-0.1714 -0.5176 733.3476 0.2007 0.0013 97.7729 -0.0004 -0.0002 1.0000
-0.1687 -0.5209 743.2700 0.2038 -0.0002 104.2797 -0.0004 -0.0002 1.0000
