1.0000 0.0000 -0.0000 0.0000 1.0000 -0.0000 0.0000 0.0000 1.0000
1.0060 -0.0129 -0.4109 0.0007 0.9855 9.4375 0.0000 -0.0000 1.0000
1.0184 -0.0337 -1.1601 0.0141 0.9594 6.7173 0.0000 -0.0001 1.0000
1.0103 -0.0098 -2.6341 0.0082 0.9931 0.4600 0.0000 -0.0000 1.0000
1.0196 -0.0112 -2.1618 0.0084 0.9906 2.0533 0.0000 -0.0000 1.0000
1.0162 -0.0048 -2.0467 0.0043 0.9909 1.0057 0.0000 -0.0000 1.0000
1.0041 -0.0162 2.2978 -0.0018 0.9707 7.4757 0.0000 -0.0000 1.0000
1.0044 -0.0132 7.0187 -0.0026 0.9835 4.6146 0.0000 -0.0000 1.0000
0.9899 -0.0250 14.2379 -0.0138 0.9682 8.8887 0.0000 -0.0000 1.0000
0.9534 -0.0158 16.8876 -0.0176 0.9446 12.6886 -0.0000 -0.0001 1.0000
1.0002 0.0015 7.0565 -0.0123 0.9825 6.5389 0.0000 -0.0000 1.0000
0.9780 0.0025 10.0761 -0.0287 0.9681 13.9203 0.0000 -0.0000 1.0000
0.9661 0.0110 11.0746 -0.0341 0.9648 11.4861 0.0000 -0.0000 1.0000
0.9882 0.0113 9.9309 -0.0204 0.9628 6.5893 0.0000 -0.0000 1.0000
0.9735 0.0086 17.8697 -0.0293 0.9500 11.2515 0.0000 -0.0000 1.0000
0.9363 0.0172 27.1697 -0.0372 0.9383 12.9008 -0.0000 -0.0000 1.0000
0.9381 0.0239 33.0586 -0.0458 0.9480 14.5244 0.0000 -0.0000 1.0000
0.8957 0.0156 48.0347 -0.0516 0.9133 18.9425 -0.0000 -0.0001 1.0000
0.9083 0.0108 52.8796 -0.0506 0.9235 18.1026 -0.0000 -0.0000 1.0000
0.8856 0.0255 57.8876 -0.0609 0.9188 20.8612 -0.0000 -0.0000 1.0000
0.8650 0.0110 69.4140 -0.0669 0.8724 36.5221 -0.0000 -0.0001 1.0000
0.8785 0.0075 69.6916 -0.0641 0.8871 34.7029 0.0000 -0.0001 1.0000
0.9190 0.0181 62.0969 -0.0590 0.9014 33.0747 0.0000 -0.0001 1.0000
0.8849 0.0257 69.8209 -0.0777 0.8842 49.7571 0.0000 -0.0001 1.0000
0.8684 0.0083 74.5482 -0.0709 0.8467 55.4509 0.0000 -0.0001 1.0000
0.8768 0.0149 70.8371 -0.0770 0.8492 63.5928 0.0000 -0.0001 1.0000
0.8735 0.0437 67.1302 -0.0905 0.8669 67.6840 0.0000 -0.0001 1.0000
0.8517 0.0286 74.8733 -0.0995 0.8278 82.8271 0.0000 -0.0001 1.0000
0.8473 0.0091 78.5590 -0.1089 0.8138 87.6354 0.0000 -0.0001 1.0000
0.8249 0.0166 85.8010 -0.1099 0.8059 92.3326 0.0000 -0.0001 1.0000
0.8166 0.0191 85.9069 -0.1150 0.7936 97.2156 0.0000 -0.0002 1.0000
0.8116 0.0552 81.9094 -0.1211 0.8157 96.7592 0.0000 -0.0001 1.0000
0.8301 0.0583 78.2856 -0.1167 0.8316 93.6681 0.0000 -0.0001 1.0000
0.8336 0.0413 82.4690 -0.1146 0.8081 98.8338 0.0000 -0.0001 1.0000
0.7751 0.0533 94.2978 -0.1235 0.7939 101.9211 -0.0000 -0.0001 1.0000
0.7543 0.0191 106.8420 -0.1220 0.7636 102.8573 -0.0000 -0.0002 1.0000
0.8089 0.0201 99.1148 -0.1091 0.7842 100.6704 0.0000 -0.0002 1.0000
0.7656 0.0279 104.0637 -0.1206 0.7747 106.9710 -0.0000 -0.0001 1.0000
0.7859 0.0172 105.1741 -0.1068 0.7775 109.2500 0.0000 -0.0002 1.0000
0.7425 0.0271 112.6977 -0.1164 0.7478 123.6062 -0.0000 -0.0002 1.0000
0.7898 0.0014 108.6632 -0.1046 0.7529 127.1681 0.0000 -0.0002 1.0000
0.7441 -0.0215 126.0527 -0.1029 0.7156 132.7791 0.0000 -0.0002 1.0000
0.7721 -0.0106 113.2103 -0.0976 0.7220 138.9712 0.0000 -0.0002 1.0000
0.7674 -0.0404 128.3375 -0.0971 0.7184 140.4676 0.0000 -0.0002 1.0000
0.7543 -0.0404 127.4239 -0.0922 0.6919 145.2910 0.0000 -0.0002 1.0000
0.7673 -0.0400 127.3941 -0.0850 0.7130 137.8195 0.0000 -0.0002 1.0000
0.7424 -0.0194 127.4723 -0.0966 0.7256 135.7204 0.0000 -0.0002 1.0000
0.7443 -0.0554 131.8806 -0.0757 0.7018 126.5016 0.0000 -0.0002 1.0000
0.7424 -0.0626 132.0499 -0.0685 0.7006 119.4882 0.0000 -0.0002 1.0000
0.7075 -0.0573 135.3020 -0.0803 0.6896 122.4692 -0.0000 -0.0002 1.0000
0.7115 -0.0657 135.5979 -0.0646 0.6943 114.4247 0.0000 -0.0002 1.0000
0.7322 -0.0746 124.1503 -0.0456 0.6879 105.5881 0.0000 -0.0002 1.0000
0.7496 -0.0756 118.9519 -0.0376 0.7169 99.5221 0.0000 -0.0002 1.0000
0.7476 -0.1155 115.8134 -0.0109 0.6782 89.8664 0.0001 -0.0003 1.0000
0.7507 -0.1089 112.6630 0.0040 0.6906 82.1310 0.0001 -0.0002 1.0000
0.7538 -0.1168 103.4365 0.0065 0.6912 80.3762 0.0001 -0.0002 1.0000
0.7394 -0.1216 104.3846 0.0158 0.6844 74.2562 0.0001 -0.0002 1.0000
0.7186 -0.1417 111.4151 0.0154 0.6625 78.8451 0.0000 -0.0002 1.0000
0.7243 -0.1332 108.0615 0.0316 0.6750 69.5717 0.0000 -0.0002 1.0000
0.7380 -0.1509 113.2463 0.0435 0.6644 68.4579 0.0001 -0.0002 1.0000
0.7046 -0.1582 119.9224 0.0390 0.6396 69.6889 0.0000 -0.0002 1.0000
0.7055 -0.1607 121.9534 0.0541 0.6463 65.3551 0.0001 -0.0002 1.0000
0.7402 -0.1882 117.0636 0.0749 0.6276 64.0933 0.0001 -0.0003 1.0000
0.7145 -0.1853 123.8362 0.0673 0.6352 67.3908 0.0001 -0.0003 1.0000
0.7273 -0.1933 121.0449 0.0825 0.6262 71.4381 0.0001 -0.0003 1.0000
0.7267 -0.2043 119.8002 0.0864 0.6071 80.3969 0.0001 -0.0003 1.0000
0.7191 -0.1925 119.7920 0.0880 0.6318 82.5819 0.0001 -0.0002 1.0000
0.7218 -0.1977 117.5502 0.0988 0.6221 86.9026 0.0001 -0.0002 1.0000
0.7108 -0.1993 115.6109 0.1019 0.6047 90.4393 0.0001 -0.0002 1.0000
0.7186 -0.1897 112.8755 0.1105 0.6341 85.7880 0.0001 -0.0002 1.0000
0.7527 -0.2392 120.8868 0.1409 0.6063 79.0195 0.0001 -0.0003 1.0000
0.7900 -0.2363 116.6668 0.1562 0.6398 68.8878 0.0002 -0.0002 1.0000
0.7118 -0.2383 141.2558 0.1298 0.5998 78.7969 0.0001 -0.0002 1.0000
0.7078 -0.2531 150.0286 0.1398 0.5896 73.4464 0.0001 -0.0002 1.0000
0.6975 -0.2602 168.3980 0.1314 0.5825 77.1922 0.0001 -0.0002 1.0000
0.7678 -0.2773 170.5550 0.1726 0.6199 58.1910 0.0001 -0.0002 1.0000
0.7556 -0.2873 188.1246 0.1740 0.6112 60.1509 0.0001 -0.0002 1.0000
0.7173 -0.3050 214.4620 0.1503 0.5935 73.5231 0.0001 -0.0002 1.0000
0.7828 -0.3134 216.6341 0.1898 0.6078 64.7962 0.0001 -0.0002 1.0000
0.7615 -0.3162 234.5699 0.1821 0.6117 67.2486 0.0001 -0.0002 1.0000
0.7351 -0.3088 249.5480 0.1745 0.6035 71.0337 0.0001 -0.0002 1.0000
0.7774 -0.3215 256.0683 0.1809 0.6276 68.4622 0.0001 -0.0002 1.0000
0.7937 -0.3444 271.8220 0.1913 0.6199 64.1588 0.0001 -0.0002 1.0000
0.7913 -0.3315 274.1528 0.1865 0.6409 59.9833 0.0001 -0.0002 1.0000
0.7627 -0.3436 277.4120 0.1672 0.6218 62.6818 0.0001 -0.0002 1.0000
0.8161 -0.3377 256.5155 0.1884 0.6612 43.7263 0.0001 -0.0001 1.0000
0.8401 -0.3472 241.8970 0.1960 0.6746 29.4430 0.0002 -0.0001 1.0000
0.8229 -0.3564 232.3857 0.1911 0.6721 20.9957 0.0001 -0.0002 1.0000
0.8869 -0.3607 206.3608 0.2050 0.7059 4.1308 0.0002 -0.0001 1.0000
0.8585 -0.3685 197.8398 0.1855 0.6960 -2.6610 0.0002 -0.0002 1.0000
0.8561 -0.3577 186.4373 0.1764 0.6997 -4.5787 0.0002 -0.0001 1.0000
0.9100 -0.3574 167.2705 0.1959 0.7275 -19.9500 0.0002 -0.0001 1.0000
0.9425 -0.3668 161.7893 0.2002 0.7631 -28.3604 0.0002 -0.0001 1.0000
0.9221 -0.3520 152.7693 0.1980 0.7567 -34.2201 0.0002 -0.0001 1.0000
0.9547 -0.3631 139.5741 0.1962 0.7610 -32.1523 0.0003 -0.0001 1.0000
0.9832 -0.3695 123.4140 0.1968 0.7886 -36.9847 0.0003 -0.0001 1.0000
1.0077 -0.3652 105.9430 0.2094 0.7879 -34.2239 0.0003 -0.0001 1.0000
0.9903 -0.3868 100.8577 0.1922 0.7686 -23.7252 0.0003 -0.0001 1.0000
1.0526 -0.3890 81.2361 0.2033 0.8059 -24.2204 0.0004 -0.0001 1.0000
1.0262 -0.3842 75.4570 0.1873 0.7917 -18.4937 0.0003 -0.0001 1.0000
1.0772 -0.4062 69.8044 0.2001 0.8105 -13.1866 0.0004 -0.0001 1.0000
1.1038 -0.4061 56.4087 0.2060 0.8153 -13.4644 0.0004 -0.0001 1.0000
1.0841 -0.3785 56.9300 0.1877 0.8277 -3.8051 0.0004 -0.0001 1.0000
1.1288 -0.3838 50.7333 0.1836 0.8622 0.6460 0.0004 -0.0000 1.0000
1.1063 -0.3920 66.1019 0.1735 0.8339 7.9048 0.0004 -0.0001 1.0000
1.1064 -0.3967 71.0855 0.1674 0.8252 14.5076 0.0004 -0.0001 1.0000
1.1266 -0.4055 74.4436 0.1812 0.8344 16.4614 0.0004 -0.0001 1.0000
1.1291 -0.3918 78.0839 0.1583 0.8536 31.4752 0.0004 -0.0000 1.0000
1.1242 -0.4053 86.0234 0.1575 0.8216 43.4190 0.0003 -0.0000 1.0000
1.1954 -0.3972 74.9349 0.1732 0.8619 45.1378 0.0004 -0.0000 1.0000
1.1861 -0.4091 83.8242 0.1618 0.8376 55.6960 0.0004 -0.0000 1.0000
1.2013 -0.4074 90.6299 0.1619 0.8696 57.7891 0.0004 0.0000 1.0000
1.2286 -0.3990 88.1523 0.1602 0.8668 70.2829 0.0004 0.0000 1.0000
1.1903 -0.4022 101.0980 0.1466 0.8279 84.7875 0.0004 0.0000 1.0000
1.2364 -0.3837 92.7760 0.1482 0.8774 92.2761 0.0004 0.0001 1.0000
1.2796 -0.4264 106.1299 0.1875 0.8488 98.0843 0.0005 0.0000 1.0000
1.3283 -0.3743 95.7005 0.1923 0.9220 118.5142 0.0005 0.0001 1.0000
1.2114 -0.3736 124.4777 0.1504 0.8577 150.5234 0.0004 0.0001 1.0000
1.2732 -0.4152 124.1964 0.1781 0.8239 166.0446 0.0004 0.0000 1.0000
1.3300 -0.3857 105.3466 0.1828 0.8886 174.9983 0.0004 0.0001 1.0000
1.2533 -0.4070 131.9587 0.1746 0.8233 186.6342 0.0004 0.0001 1.0000
1.2540 -0.3904 121.4114 0.1611 0.8249 194.2274 0.0004 0.0001 1.0000
1.2783 -0.4230 131.7768 0.1793 0.8063 191.5413 0.0004 0.0001 1.0000
1.2806 -0.3949 128.9634 0.1603 0.8499 192.5858 0.0004 0.0001 1.0000
1.3233 -0.4436 133.4628 0.1978 0.8299 173.8827 0.0005 0.0001 1.0000
1.3825 -0.4137 115.5207 0.1990 0.8839 160.6830 0.0005 0.0002 1.0000
1.2218 -0.3746 135.4011 0.1321 0.8412 172.7878 0.0003 0.0002 1.0000
1.3377 -0.4384 130.7014 0.1837 0.8265 151.2182 0.0004 0.0001 1.0000
1.3572 -0.4628 142.2396 0.2027 0.8252 136.5092 0.0005 0.0001 1.0000
1.4109 -0.4622 133.2372 0.2055 0.8603 118.9029 0.0005 0.0001 1.0000
1.4615 -0.4459 130.3701 0.2075 0.9275 106.7681 0.0005 0.0002 1.0000
1.5508 -0.4563 128.2420 0.2387 0.9339 96.4916 0.0006 0.0002 1.0000
1.3928 -0.4840 171.1995 0.1919 0.8577 96.1789 0.0005 0.0002 1.0000
1.2336 -0.4122 184.5236 0.1127 0.8359 108.1403 0.0003 0.0002 1.0000
1.5231 -0.4611 160.1160 0.2040 0.9422 77.5986 0.0006 0.0003 1.0000
1.4838 -0.4834 183.9555 0.2004 0.9231 64.5867 0.0005 0.0002 1.0000
1.5149 -0.4120 169.8793 0.1889 1.0074 57.5934 0.0005 0.0004 1.0000
1.4256 -0.4720 202.9073 0.1883 0.9408 56.8288 0.0005 0.0003 1.0000
1.5196 -0.4912 196.6258 0.1999 0.9815 56.9967 0.0005 0.0003 1.0000
1.5952 -0.5164 190.4147 0.2331 1.0185 43.8479 0.0006 0.0003 1.0000
1.4974 -0.4600 200.0219 0.2103 1.0188 58.0053 0.0005 0.0003 1.0000
1.5797 -0.5016 192.6051 0.2333 1.0214 65.0592 0.0006 0.0003 1.0000
1.4892 -0.5018 203.8342 0.2032 0.9917 78.3202 0.0005 0.0002 1.0000
1.4089 -0.4745 213.6454 0.1941 0.9576 87.2836 0.0005 0.0002 1.0000
1.4296 -0.4827 210.2057 0.2009 1.0009 79.4393 0.0005 0.0002 1.0000
1.6358 -0.5122 171.8020 0.2558 1.0616 69.6629 0.0006 0.0002 1.0000
1.5444 -0.4714 176.5470 0.2152 1.0697 68.6680 0.0005 0.0002 1.0000
1.4374 -0.5174 201.6217 0.1927 0.9969 69.2296 0.0005 0.0001 1.0000
1.3538 -0.4378 200.0818 0.1657 1.0156 70.1225 0.0004 0.0002 1.0000
1.5805 -0.4680 163.7562 0.2079 1.1323 48.9887 0.0006 0.0002 1.0000
1.4415 -0.4511 180.8776 0.1758 1.0860 43.5950 0.0004 0.0002 1.0000
1.4712 -0.3762 158.9528 0.1733 1.1639 26.4432 0.0004 0.0003 1.0000
1.4824 -0.4316 161.4977 0.1875 1.1008 24.0207 0.0005 0.0002 1.0000
1.5102 -0.4523 159.7737 0.2025 1.1317 0.5968 0.0005 0.0002 1.0000
1.4103 -0.4091 169.7090 0.1748 1.1289 -0.6297 0.0004 0.0002 1.0000
1.5783 -0.4559 143.5523 0.2202 1.1560 -11.9800 0.0005 0.0002 1.0000
1.4892 -0.4571 168.4243 0.1993 1.1422 -14.6086 0.0005 0.0002 1.0000
1.4787 -0.4696 163.2291 0.1950 1.1050 -16.8430 0.0005 0.0001 1.0000
1.5571 -0.4734 161.1066 0.2206 1.1756 -44.6871 0.0005 0.0001 1.0000
1.5349 -0.4334 153.5961 0.2126 1.2055 -61.9603 0.0005 0.0002 1.0000
1.4858 -0.4630 171.2696 0.2015 1.1501 -60.5284 0.0005 0.0001 1.0000
1.4725 -0.4266 165.8328 0.1903 1.1904 -70.4413 0.0004 0.0002 1.0000
1.4622 -0.4616 175.8077 0.1888 1.1639 -76.0812 0.0004 0.0001 1.0000
1.5351 -0.4061 145.5903 0.2049 1.2636 -110.0052 0.0004 0.0002 1.0000
1.4399 -0.4049 162.7389 0.1681 1.2063 -95.4982 0.0004 0.0001 1.0000
1.5175 -0.4461 151.1987 0.1925 1.2298 -112.0811 0.0004 0.0001 1.0000
1.5305 -0.4058 140.0705 0.1930 1.2665 -118.5256 0.0004 0.0001 1.0000
1.4691 -0.3564 136.9733 0.1696 1.2679 -106.4399 0.0004 0.0001 1.0000
1.4579 -0.3842 143.7737 0.1708 1.2285 -98.4693 0.0003 0.0001 1.0000
1.4715 -0.3550 140.2355 0.1795 1.2788 -106.1750 0.0003 0.0001 1.0000
1.5200 -0.3386 115.3587 0.1942 1.2944 -116.0485 0.0004 0.0001 1.0000
1.4653 -0.3580 122.1527 0.1918 1.2794 -131.9054 0.0003 0.0000 1.0000
1.5118 -0.3531 100.2443 0.1931 1.3213 -147.9325 0.0003 0.0001 1.0000
1.4987 -0.3926 97.2231 0.1900 1.3112 -166.8181 0.0003 0.0000 1.0000
1.5511 -0.3744 69.1457 0.2101 1.3691 -202.6578 0.0003 0.0001 1.0000
1.5789 -0.3828 66.3136 0.2330 1.3952 -238.7351 0.0004 0.0001 1.0000
1.6042 -0.3872 51.7982 0.2511 1.4274 -275.2716 0.0004 0.0001 1.0000
1.5105 -0.3986 75.4835 0.2350 1.3905 -290.3695 0.0003 0.0000 1.0000
1.5992 -0.4130 66.8512 0.2765 1.4663 -345.0391 0.0003 0.0001 1.0000
1.5545 -0.4438 90.1478 0.2767 1.4542 -364.7520 0.0003 0.0000 1.0000
1.6484 -0.4919 94.9097 0.3475 1.5224 -441.6520 0.0004 0.0000 1.0000
1.6406 -0.5066 110.2038 0.3580 1.5538 -467.4264 0.0004 0.0001 1.0000
1.6236 -0.5758 141.5007 0.3869 1.5255 -482.1322 0.0004 0.0000 1.0000
1.6154 -0.5920 162.3506 0.4252 1.5541 -512.5704 0.0003 0.0000 1.0000
1.6226 -0.6316 182.0842 0.4669 1.5779 -548.8165 0.0004 0.0000 1.0000
1.5948 -0.6647 205.0902 0.4705 1.5321 -537.8570 0.0003 -0.0000 1.0000
1.5910 -0.7090 235.3576 0.5130 1.5359 -572.9174 0.0004 -0.0000 1.0000
1.5960 -0.7791 266.6355 0.5212 1.5157 -577.9978 0.0004 -0.0001 1.0000
1.3906 -0.6868 284.7013 0.4325 1.3959 -505.1039 0.0002 -0.0001 1.0000
1.5500 -0.7761 298.1157 0.5304 1.4931 -589.0569 0.0003 -0.0001 1.0000
1.4295 -0.7562 316.7379 0.4649 1.4095 -536.0728 0.0003 -0.0001 1.0000
1.4408 -0.8195 339.5160 0.4883 1.3983 -556.8031 0.0003 -0.0002 1.0000
1.3625 -0.7545 335.0762 0.4457 1.3768 -519.8057 0.0002 -0.0002 1.0000
1.3263 -0.7397 343.3591 0.4310 1.3562 -493.2590 0.0002 -0.0002 1.0000
1.2806 -0.7450 350.1811 0.4027 1.3001 -452.1570 0.0002 -0.0002 1.0000
1.2721 -0.6985 338.3114 0.3920 1.3195 -441.4687 0.0002 -0.0002 1.0000
1.2256 -0.6830 342.3999 0.3584 1.2736 -403.1388 0.0001 -0.0002 1.0000
1.2153 -0.6931 351.8575 0.3396 1.2455 -381.7550 0.0001 -0.0003 1.0000
1.2240 -0.6685 349.8086 0.3297 1.2435 -375.9864 0.0002 -0.0003 1.0000
1.1458 -0.6471 357.0899 0.2945 1.1853 -345.8433 0.0001 -0.0003 1.0000
1.1708 -0.6194 354.1984 0.2772 1.2008 -338.4200 0.0001 -0.0003 1.0000
1.1488 -0.6060 357.9652 0.2627 1.1904 -331.1887 0.0001 -0.0003 1.0000
1.1448 -0.5865 358.6242 0.2507 1.1762 -315.1598 0.0001 -0.0003 1.0000
1.0159 -0.5368 367.5377 0.1776 1.0915 -246.2883 0.0000 -0.0003 1.0000
1.0356 -0.5490 367.0557 0.1746 1.0729 -224.0699 0.0001 -0.0003 1.0000
1.0136 -0.5256 363.4589 0.1597 1.0407 -192.0313 0.0001 -0.0003 1.0000
0.9988 -0.5067 356.6628 0.1389 1.0143 -156.1786 0.0001 -0.0004 1.0000
0.9677 -0.4943 347.6535 0.1273 0.9677 -127.3816 0.0001 -0.0004 1.0000
0.9220 -0.4731 338.4950 0.0822 0.9217 -87.1888 0.0000 -0.0004 1.0000
0.9261 -0.4386 323.6761 0.0791 0.9238 -78.4116 0.0000 -0.0004 1.0000
0.9257 -0.4101 311.8748 0.0650 0.9164 -64.5872 0.0000 -0.0004 1.0000
0.8852 -0.3910 303.2912 0.0379 0.8886 -48.5381 0.0000 -0.0004 1.0000
0.8794 -0.3753 285.8127 0.0205 0.8687 -39.6609 0.0000 -0.0004 1.0000
0.8696 -0.3630 276.6438 0.0075 0.8573 -34.6660 0.0000 -0.0004 1.0000
0.8289 -0.3011 253.9748 -0.0130 0.8582 -28.5999 0.0000 -0.0004 1.0000
0.8354 -0.2845 231.7658 -0.0264 0.8520 -25.0630 0.0000 -0.0004 1.0000
0.8076 -0.2575 207.8541 -0.0401 0.8188 -10.8317 0.0000 -0.0004 1.0000
0.8178 -0.2289 178.7879 -0.0503 0.8146 -13.2536 0.0000 -0.0004 1.0000
0.7979 -0.2061 162.9432 -0.0675 0.8079 -6.9937 0.0000 -0.0004 1.0000
0.7907 -0.1774 144.1479 -0.0776 0.8045 -4.7989 0.0000 -0.0004 1.0000
0.7701 -0.1493 127.4414 -0.0824 0.7966 -2.6535 0.0000 -0.0004 1.0000
0.7652 -0.1649 121.9491 -0.0918 0.7621 8.7672 0.0000 -0.0004 1.0000
0.7233 -0.1363 117.0372 -0.1016 0.7425 17.0680 0.0000 -0.0004 1.0000
0.7172 -0.1127 109.6220 -0.1049 0.7367 23.6735 0.0000 -0.0004 1.0000
0.6986 -0.1113 109.9510 -0.1143 0.7211 35.7357 0.0000 -0.0004 1.0000
0.7107 -0.0857 96.2384 -0.1174 0.7240 45.9580 0.0000 -0.0004 1.0000
0.6871 -0.0854 98.7243 -0.1262 0.6966 66.0369 0.0000 -0.0004 1.0000
0.6662 -0.0635 98.6730 -0.1367 0.6896 88.4420 0.0000 -0.0004 1.0000
0.6503 -0.0615 100.9024 -0.1467 0.6518 119.7254 0.0000 -0.0004 1.0000
0.6105 -0.0496 118.8178 -0.1623 0.6282 152.3819 -0.0000 -0.0004 1.0000
0.5930 -0.0386 127.9112 -0.1754 0.6022 185.1837 -0.0000 -0.0004 1.0000
0.5710 -0.0247 138.9581 -0.2012 0.5595 232.3102 -0.0000 -0.0004 1.0000
0.5540 0.0071 151.1628 -0.2192 0.5521 264.7343 -0.0000 -0.0004 1.0000
0.5273 -0.0410 177.6796 -0.2247 0.4899 289.3090 -0.0000 -0.0004 1.0000
0.5326 -0.0161 178.7804 -0.2316 0.4890 305.1668 -0.0000 -0.0004 1.0000
0.5041 0.0023 187.6323 -0.2440 0.4839 313.3379 -0.0001 -0.0004 1.0000
0.5283 -0.0103 190.8642 -0.2383 0.4712 321.4352 -0.0000 -0.0004 1.0000
0.5066 -0.0008 195.5608 -0.2526 0.4486 337.4557 -0.0000 -0.0004 1.0000
0.4780 0.0115 193.5528 -0.2729 0.4355 348.7263 -0.0001 -0.0004 1.0000
0.4849 0.0249 186.4081 -0.2730 0.4311 355.1538 -0.0001 -0.0004 1.0000
0.4630 0.0451 184.2841 -0.2934 0.4280 368.7016 -0.0001 -0.0004 1.0000
0.4742 0.0559 176.9731 -0.2945 0.4306 374.5574 -0.0001 -0.0004 1.0000
0.4553 0.0787 170.7043 -0.3085 0.4312 381.8803 -0.0001 -0.0004 1.0000
0.4799 0.1023 154.1549 -0.3075 0.4326 391.2043 -0.0000 -0.0004 1.0000
0.4749 0.1006 150.5280 -0.3144 0.4170 401.2909 -0.0000 -0.0004 1.0000
0.4592 0.1103 154.5429 -0.3247 0.4110 413.3335 -0.0000 -0.0004 1.0000
0.4388 0.1132 150.9430 -0.3358 0.3897 423.8615 -0.0001 -0.0004 1.0000
0.4528 0.1463 139.8671 -0.3400 0.4060 436.6632 -0.0000 -0.0004 1.0000
0.4259 0.1667 137.1107 -0.3563 0.3902 453.0036 -0.0001 -0.0004 1.0000
0.4209 0.1709 138.1272 -0.3662 0.3797 467.1633 -0.0001 -0.0004 1.0000
0.4083 0.1821 138.8919 -0.3763 0.3629 483.7643 -0.0001 -0.0004 1.0000
0.4275 0.2291 126.0798 -0.3834 0.3905 493.5315 -0.0001 -0.0004 1.0000
0.3880 0.1963 143.5163 -0.3989 0.3519 499.8980 -0.0001 -0.0004 1.0000
0.3761 0.2008 148.5903 -0.4017 0.3345 505.5075 -0.0001 -0.0004 1.0000
0.3818 0.2297 150.9031 -0.4178 0.3578 510.2661 -0.0001 -0.0004 1.0000
0.3605 0.2406 159.7104 -0.4286 0.3480 510.5662 -0.0001 -0.0004 1.0000
0.3678 0.2695 154.4558 -0.4349 0.3545 505.3639 -0.0001 -0.0004 1.0000
0.3525 0.2669 162.8688 -0.4390 0.3625 486.3247 -0.0001 -0.0004 1.0000
0.3518 0.2589 166.5029 -0.4376 0.3565 466.8916 -0.0001 -0.0004 1.0000
0.3376 0.2731 166.8657 -0.4398 0.3767 444.8033 -0.0001 -0.0004 1.0000
0.3214 0.2781 170.2728 -0.4431 0.3840 417.3387 -0.0002 -0.0004 1.0000
0.3100 0.3133 166.1911 -0.4524 0.4110 394.4832 -0.0002 -0.0003 1.0000
0.3011 0.2951 168.5835 -0.4439 0.4137 363.1622 -0.0002 -0.0004 1.0000
0.2870 0.3403 155.8008 -0.4570 0.4561 340.9581 -0.0002 -0.0003 1.0000
0.2853 0.3586 146.1237 -0.4521 0.4602 320.4053 -0.0002 -0.0003 1.0000
0.2825 0.3457 147.0626 -0.4434 0.4684 294.4029 -0.0002 -0.0003 1.0000
0.2636 0.3528 150.6942 -0.4376 0.4733 271.8260 -0.0002 -0.0003 1.0000
0.2614 0.3614 150.1342 -0.4383 0.4876 256.3071 -0.0003 -0.0003 1.0000
0.2434 0.3577 157.9761 -0.4282 0.4944 240.1374 -0.0003 -0.0003 1.0000
0.2308 0.3698 157.4884 -0.4193 0.4908 233.1956 -0.0003 -0.0003 1.0000
0.2427 0.3682 157.4247 -0.4195 0.5097 228.3218 -0.0003 -0.0003 1.0000
0.2104 0.3745 168.8794 -0.4161 0.5039 231.5036 -0.0003 -0.0002 1.0000
0.2187 0.3813 164.2592 -0.4154 0.5058 238.6189 -0.0003 -0.0002 1.0000
0.2155 0.3603 166.6082 -0.4035 0.4925 241.6558 -0.0003 -0.0003 1.0000
0.1918 0.3596 173.5364 -0.4133 0.4851 258.8254 -0.0003 -0.0003 1.0000
0.2131 0.3931 163.5439 -0.4170 0.5079 270.9184 -0.0003 -0.0002 1.0000
0.2160 0.3655 165.9959 -0.4143 0.4898 281.8732 -0.0003 -0.0003 1.0000
0.2025 0.3911 165.3966 -0.4170 0.4941 293.4678 -0.0003 -0.0002 1.0000
0.2026 0.3606 163.8899 -0.4146 0.4719 299.6264 -0.0003 -0.0003 1.0000
0.2043 0.3650 163.3673 -0.4145 0.4809 305.4054 -0.0003 -0.0003 1.0000
0.2069 0.3584 163.2717 -0.4196 0.4771 315.3162 -0.0003 -0.0003 1.0000
0.2088 0.3904 150.8500 -0.4267 0.4899 322.9736 -0.0003 -0.0003 1.0000
0.2008 0.3921 150.2426 -0.4252 0.4944 322.1716 -0.0003 -0.0003 1.0000
0.1947 0.4239 144.9797 -0.4308 0.5123 321.0291 -0.0004 -0.0002 1.0000
0.1896 0.4228 146.8369 -0.4310 0.5145 319.3310 -0.0004 -0.0002 1.0000
0.1761 0.3979 156.6815 -0.4238 0.4980 312.6183 -0.0004 -0.0003 1.0000
0.1696 0.4455 155.3648 -0.4351 0.5272 312.8012 -0.0004 -0.0002 1.0000
0.1362 0.4050 178.3515 -0.4279 0.4920 307.9973 -0.0004 -0.0003 1.0000
0.1285 0.4096 178.9546 -0.4247 0.5002 295.4336 -0.0004 -0.0003 1.0000
0.1298 0.4125 180.0630 -0.4140 0.5063 280.1856 -0.0004 -0.0003 1.0000
0.1254 0.4234 181.0339 -0.4144 0.5116 276.3896 -0.0004 -0.0003 1.0000
0.1058 0.4044 191.6776 -0.4108 0.5003 272.3296 -0.0004 -0.0003 1.0000
0.0927 0.4047 197.1673 -0.4048 0.4959 266.4278 -0.0004 -0.0003 1.0000
0.0812 0.4503 196.4268 -0.4109 0.5254 264.6115 -0.0004 -0.0002 1.0000
0.0816 0.4275 207.6107 -0.3982 0.5092 260.5972 -0.0004 -0.0002 1.0000
0.0530 0.4159 220.3379 -0.3907 0.4926 260.3151 -0.0004 -0.0002 1.0000
0.0461 0.4375 225.7194 -0.3972 0.5061 267.1438 -0.0004 -0.0002 1.0000
0.0541 0.4266 233.1316 -0.3839 0.5001 269.4005 -0.0004 -0.0002 1.0000
0.0459 0.3931 246.2012 -0.3781 0.4738 282.2377 -0.0004 -0.0003 1.0000
0.0320 0.3610 262.1869 -0.3686 0.4493 290.3659 -0.0004 -0.0003 1.0000
0.0192 0.3542 272.0765 -0.3722 0.4334 309.5284 -0.0004 -0.0003 1.0000
0.0033 0.3795 275.8298 -0.3726 0.4357 320.7751 -0.0004 -0.0002 1.0000
-0.0101 0.3595 284.7981 -0.3732 0.4137 334.5667 -0.0004 -0.0003 1.0000
0.0013 0.3710 283.9093 -0.3683 0.4188 344.5867 -0.0004 -0.0002 1.0000
0.0008 0.3318 298.4069 -0.3606 0.3911 352.1853 -0.0004 -0.0003 1.0000
-0.0075 0.2645 319.7709 -0.3473 0.3425 356.7456 -0.0004 -0.0004 1.0000
-0.0145 0.3218 319.4955 -0.3518 0.3701 362.3961 -0.0004 -0.0003 1.0000
-0.0282 0.3254 327.4771 -0.3592 0.3664 372.1996 -0.0004 -0.0003 1.0000
-0.0208 0.2898 332.0060 -0.3459 0.3379 373.4668 -0.0004 -0.0003 1.0000
-0.0094 0.3118 330.4705 -0.3412 0.3494 379.0943 -0.0004 -0.0003 1.0000
-0.0269 0.3201 333.4682 -0.3482 0.3467 383.2710 -0.0004 -0.0003 1.0000
-0.0447 0.3137 343.1504 -0.3486 0.3353 384.4589 -0.0004 -0.0003 1.0000
-0.0302 0.2863 343.8219 -0.3415 0.3223 380.1928 -0.0004 -0.0003 1.0000
-0.0203 0.3068 342.3169 -0.3264 0.3354 368.8364 -0.0004 -0.0003 1.0000
-0.0329 0.3479 339.8963 -0.3261 0.3566 361.5784 -0.0004 -0.0003 1.0000
-0.0380 0.3103 346.1368 -0.3270 0.3328 359.2680 -0.0004 -0.0003 1.0000
-0.0265 0.3589 341.6536 -0.3158 0.3600 349.5441 -0.0004 -0.0002 1.0000
-0.0388 0.2898 361.0396 -0.3088 0.3226 343.7298 -0.0004 -0.0003 1.0000
-0.0415 0.3072 361.9396 -0.3048 0.3314 338.3428 -0.0004 -0.0003 1.0000
-0.0280 0.3099 359.1554 -0.2986 0.3377 332.4164 -0.0004 -0.0003 1.0000
-0.0404 0.3430 364.7065 -0.3014 0.3610 329.1833 -0.0004 -0.0002 1.0000
-0.0280 0.2761 373.1949 -0.2810 0.3240 320.8298 -0.0004 -0.0003 1.0000
-0.0311 0.2831 377.0739 -0.2811 0.3313 320.2162 -0.0004 -0.0003 1.0000
-0.0300 0.2878 381.7793 -0.2776 0.3326 320.7498 -0.0004 -0.0003 1.0000
-0.0345 0.3141 381.5990 -0.2817 0.3556 320.0388 -0.0004 -0.0002 1.0000
-0.0325 0.2731 387.8207 -0.2727 0.3278 321.2584 -0.0004 -0.0003 1.0000
-0.0206 0.2837 388.1011 -0.2698 0.3471 317.9396 -0.0004 -0.0003 1.0000
-0.0216 0.2750 383.9184 -0.2623 0.3410 311.4247 -0.0004 -0.0003 1.0000
-0.0235 0.2694 380.1570 -0.2643 0.3412 309.2932 -0.0004 -0.0003 1.0000
-0.0067 0.2531 374.1521 -0.2512 0.3440 298.2084 -0.0004 -0.0003 1.0000
-0.0055 0.2810 363.8881 -0.2509 0.3699 291.0273 -0.0004 -0.0002 1.0000
-0.0079 0.2869 359.5787 -0.2518 0.3791 284.4151 -0.0004 -0.0002 1.0000
0.0062 0.2970 350.9035 -0.2425 0.3944 275.0259 -0.0004 -0.0002 1.0000
0.0132 0.2257 359.1089 -0.2276 0.3655 266.1471 -0.0004 -0.0003 1.0000
0.0133 0.2450 352.6124 -0.2228 0.3802 258.8182 -0.0004 -0.0003 1.0000
0.0304 0.2465 344.3005 -0.2173 0.3996 252.2489 -0.0004 -0.0003 1.0000
0.0321 0.2713 340.3480 -0.2089 0.4235 243.4712 -0.0004 -0.0002 1.0000
0.0423 0.2845 330.3796 -0.2015 0.4394 234.6460 -0.0004 -0.0002 1.0000
0.0564 0.2560 327.5013 -0.1884 0.4303 227.9263 -0.0004 -0.0002 1.0000
0.0303 0.2628 334.1067 -0.1926 0.4325 227.3260 -0.0004 -0.0002 1.0000
0.0527 0.2628 322.6292 -0.1810 0.4377 220.1966 -0.0004 -0.0002 1.0000
0.0610 0.2436 325.0217 -0.1702 0.4431 209.9039 -0.0004 -0.0002 1.0000
0.0605 0.2869 316.5664 -0.1693 0.4716 202.3830 -0.0004 -0.0001 1.0000
0.0728 0.2559 319.2891 -0.1544 0.4605 194.6176 -0.0004 -0.0002 1.0000
0.0665 0.2295 324.2570 -0.1532 0.4482 191.2291 -0.0004 -0.0002 1.0000
0.0689 0.2337 321.5276 -0.1439 0.4476 184.3505 -0.0004 -0.0002 1.0000
0.0930 0.2460 316.0070 -0.1299 0.4752 172.8873 -0.0004 -0.0002 1.0000
0.1093 0.2230 309.3664 -0.1182 0.4643 164.9037 -0.0004 -0.0002 1.0000
0.1075 0.1959 306.6135 -0.1199 0.4519 162.2334 -0.0004 -0.0002 1.0000
0.1157 0.2316 289.8520 -0.1151 0.4780 154.1573 -0.0004 -0.0002 1.0000
0.1510 0.2197 270.3729 -0.0931 0.4837 138.7262 -0.0003 -0.0002 1.0000
0.1741 0.2408 245.2784 -0.0842 0.5034 126.8328 -0.0003 -0.0002 1.0000
0.1719 0.2310 233.9597 -0.0841 0.4917 122.0343 -0.0003 -0.0002 1.0000
0.1924 0.2258 216.0016 -0.0743 0.4974 108.1236 -0.0003 -0.0002 1.0000
0.1869 0.2511 194.2420 -0.0866 0.5084 103.2558 -0.0004 -0.0001 1.0000
0.2070 0.2600 175.9557 -0.0766 0.5087 96.4274 -0.0004 -0.0001 1.0000
0.2176 0.2803 165.2355 -0.0816 0.5177 100.0325 -0.0004 -0.0001 1.0000
0.2288 0.2724 159.5239 -0.0841 0.5032 108.9018 -0.0003 -0.0001 1.0000
0.2318 0.2683 158.9239 -0.0941 0.4873 125.2817 -0.0003 -0.0001 1.0000
0.2669 0.2671 154.0174 -0.0985 0.4883 145.7854 -0.0003 -0.0001 1.0000
0.2854 0.2631 151.9504 -0.1089 0.4725 175.2169 -0.0003 -0.0002 1.0000
0.2785 0.2889 151.6833 -0.1341 0.4816 204.3322 -0.0003 -0.0001 1.0000
0.2951 0.2734 151.3251 -0.1425 0.4650 233.3842 -0.0003 -0.0001 1.0000
0.2875 0.2631 158.7478 -0.1566 0.4605 251.3672 -0.0003 -0.0001 1.0000
0.3177 0.2401 158.3937 -0.1465 0.4601 257.7630 -0.0003 -0.0001 1.0000
0.3101 0.2441 159.8266 -0.1648 0.4783 273.7268 -0.0003 -0.0001 1.0000
0.3218 0.1989 169.6455 -0.1579 0.4632 273.0940 -0.0003 -0.0002 1.0000
0.3442 0.1869 179.5039 -0.1340 0.4964 253.9401 -0.0003 -0.0001 1.0000
0.3519 0.1676 189.9761 -0.1173 0.5168 229.2201 -0.0003 -0.0001 1.0000
0.3410 0.1291 213.1082 -0.0952 0.5339 200.6380 -0.0003 -0.0001 1.0000
0.3474 0.0513 240.7495 -0.0561 0.5298 168.8063 -0.0003 -0.0002 1.0000
0.3733 -0.0059 256.9631 -0.0100 0.5405 139.6619 -0.0002 -0.0002 1.0000
0.3597 -0.0594 283.4794 0.0266 0.5604 111.2217 -0.0002 -0.0002 1.0000
0.3717 -0.1181 297.3855 0.0742 0.5566 85.9019 -0.0002 -0.0002 1.0000
0.3672 -0.1558 319.2796 0.1093 0.5673 62.3006 -0.0002 -0.0001 1.0000
0.3618 -0.1901 331.4540 0.1307 0.5576 49.5856 -0.0002 -0.0002 1.0000
0.3558 -0.2174 347.6126 0.1501 0.5590 31.7492 -0.0002 -0.0001 1.0000
0.3623 -0.2404 353.1595 0.1721 0.5604 13.4408 -0.0002 -0.0001 1.0000
0.3458 -0.2777 368.1986 0.1811 0.5252 5.6769 -0.0002 -0.0002 1.0000
0.3854 -0.2901 371.2193 0.2190 0.5595 -22.1906 -0.0002 -0.0002 1.0000
0.3594 -0.2826 378.1795 0.2039 0.5451 -15.4877 -0.0002 -0.0002 1.0000
0.3818 -0.2837 374.0386 0.2108 0.5623 -24.5986 -0.0002 -0.0002 1.0000
0.3926 -0.2660 368.6969 0.2055 0.5771 -23.4964 -0.0002 -0.0001 1.0000
0.3981 -0.2684 361.8849 0.1852 0.5561 -8.3492 -0.0002 -0.0002 1.0000
0.4265 -0.2471 343.1715 0.1725 0.5833 -2.5457 -0.0002 -0.0002 1.0000
0.4481 -0.2030 324.0925 0.1473 0.6002 15.3947 -0.0002 -0.0001 1.0000
0.4833 -0.2101 308.4875 0.1350 0.5862 33.2225 -0.0002 -0.0002 1.0000
0.5308 -0.1644 283.9729 0.1143 0.6111 53.2130 -0.0001 -0.0002 1.0000
0.5249 -0.1310 272.6411 0.0670 0.6033 85.5829 -0.0002 -0.0002 1.0000
0.5404 -0.0817 257.3521 0.0296 0.6229 109.8019 -0.0001 -0.0001 1.0000
0.5474 -0.0498 250.9873 -0.0023 0.6217 131.3672 -0.0002 -0.0001 1.0000
0.5538 -0.0520 247.7829 -0.0373 0.5980 155.8373 -0.0001 -0.0002 1.0000
0.5870 0.0124 226.0960 -0.0626 0.6349 165.3855 -0.0001 -0.0001 1.0000
0.5759 0.0455 219.9211 -0.1074 0.6193 189.1735 -0.0001 -0.0001 1.0000
0.5815 0.0714 212.2759 -0.1446 0.6180 199.8205 -0.0001 -0.0001 1.0000
0.5926 0.1563 182.0131 -0.1874 0.6469 214.3665 -0.0001 -0.0001 1.0000
0.6030 0.1805 171.0983 -0.2197 0.6364 229.2507 -0.0001 -0.0001 1.0000
0.6137 0.1950 164.1390 -0.2382 0.6298 241.0458 -0.0001 -0.0001 1.0000
0.5887 0.2291 160.7594 -0.2813 0.6202 263.7014 -0.0001 -0.0001 1.0000
0.5901 0.2412 152.6639 -0.3048 0.5954 284.1382 -0.0001 -0.0001 1.0000
0.5862 0.3003 136.7581 -0.3392 0.6063 305.4305 -0.0001 -0.0001 1.0000
0.5709 0.3133 130.6405 -0.3583 0.5943 320.1546 -0.0001 -0.0001 1.0000
0.6069 0.3162 118.6636 -0.3562 0.5997 324.8391 -0.0001 -0.0001 1.0000
0.5905 0.2916 118.0951 -0.3647 0.5689 341.9035 -0.0001 -0.0001 1.0000
0.6295 0.3122 98.3023 -0.3548 0.5906 347.0428 -0.0001 -0.0001 1.0000
0.6274 0.2803 97.7410 -0.3435 0.5959 346.7600 -0.0001 -0.0001 1.0000
0.6416 0.2700 86.3511 -0.3256 0.6234 347.4072 -0.0001 -0.0001 1.0000
0.6682 0.2065 77.7615 -0.2874 0.6191 333.1965 -0.0000 -0.0001 1.0000
0.7198 0.1657 63.7738 -0.2349 0.6450 314.1172 -0.0000 -0.0002 1.0000
0.7710 0.1380 51.1848 -0.1828 0.6966 288.8676 0.0000 -0.0001 1.0000
0.7879 0.0342 67.2696 -0.1178 0.6847 259.1883 0.0000 -0.0002 1.0000
0.8140 -0.0374 75.3008 -0.0432 0.6954 226.5061 0.0001 -0.0002 1.0000
0.8091 -0.0926 92.7768 0.0197 0.7100 196.2388 0.0000 -0.0002 1.0000
0.8104 -0.1868 115.2992 0.0818 0.6874 168.7058 0.0000 -0.0002 1.0000
0.8103 -0.2318 133.7281 0.1324 0.7031 144.8494 0.0001 -0.0002 1.0000
0.7862 -0.2594 150.3417 0.1590 0.6937 128.4365 0.0000 -0.0002 1.0000
0.7662 -0.3033 170.0259 0.1900 0.6626 114.5992 0.0000 -0.0002 1.0000
0.7578 -0.3416 185.2631 0.2025 0.6432 112.9707 0.0000 -0.0002 1.0000
0.7898 -0.3650 181.7773 0.2456 0.6649 93.7548 0.0001 -0.0002 1.0000
0.7765 -0.3807 178.5317 0.2526 0.6318 94.5626 0.0001 -0.0002 1.0000
0.7918 -0.4136 176.3906 0.2775 0.6160 81.8839 0.0001 -0.0003 1.0000
0.8130 -0.4129 167.8213 0.2878 0.6193 74.7281 0.0002 -0.0002 1.0000
0.7670 -0.3940 164.2155 0.2603 0.6037 66.9966 0.0001 -0.0002 1.0000
0.8038 -0.4028 152.6385 0.2852 0.6043 39.9373 0.0002 -0.0003 1.0000
0.7698 -0.3648 147.7190 0.2477 0.6078 39.4024 0.0001 -0.0002 1.0000
0.7836 -0.3559 141.1648 0.2341 0.6105 34.0571 0.0002 -0.0002 1.0000
0.7732 -0.3275 137.6291 0.2081 0.6169 35.1171 0.0001 -0.0002 1.0000
0.7678 -0.3071 135.9513 0.1799 0.6058 49.3667 0.0002 -0.0002 1.0000
0.7663 -0.2603 123.2917 0.1516 0.6155 56.2697 0.0001 -0.0002 1.0000
0.7649 -0.2416 123.4526 0.1257 0.6040 70.3213 0.0002 -0.0002 1.0000
0.7428 -0.2024 124.0055 0.0845 0.5897 100.3924 0.0001 -0.0002 1.0000
0.7690 -0.1810 120.7807 0.0694 0.5994 115.6339 0.0002 -0.0002 1.0000
0.7202 -0.1352 124.3431 0.0172 0.5794 141.3273 0.0001 -0.0002 1.0000
0.7134 -0.1122 121.7980 -0.0042 0.5785 150.5801 0.0001 -0.0002 1.0000
0.7448 -0.0972 114.4382 -0.0154 0.5775 156.4936 0.0002 -0.0002 1.0000
0.7156 -0.0697 112.3198 -0.0448 0.5663 165.5686 0.0002 -0.0002 1.0000
0.7285 -0.0314 104.0117 -0.0677 0.5850 180.2490 0.0002 -0.0001 1.0000
0.6773 -0.0248 111.0194 -0.1020 0.5418 208.1824 0.0001 -0.0002 1.0000
0.7008 -0.0125 104.2074 -0.1099 0.5301 236.6587 0.0002 -0.0002 1.0000
0.6699 0.0121 107.8229 -0.1390 0.4998 280.0202 0.0002 -0.0002 1.0000
0.6908 0.0603 114.9634 -0.1535 0.5362 323.0979 0.0002 -0.0001 1.0000
0.6458 0.0634 135.8884 -0.1764 0.4776 370.0455 0.0002 -0.0002 1.0000
0.5710 0.0344 172.2219 -0.2053 0.3972 410.5845 0.0001 -0.0003 1.0000
0.5666 0.0392 197.9201 -0.2240 0.3804 442.7142 0.0001 -0.0002 1.0000
0.5943 0.1018 204.0693 -0.2331 0.4367 454.2729 0.0002 -0.0002 1.0000
0.5519 0.0706 239.6200 -0.2504 0.3710 479.7124 0.0001 -0.0002 1.0000
0.5382 0.1143 257.9236 -0.2688 0.3899 490.5232 0.0001 -0.0002 1.0000
0.5310 0.1008 275.4545 -0.2797 0.3664 493.3172 0.0001 -0.0002 1.0000
0.5622 0.0975 276.0217 -0.2755 0.3642 482.3477 0.0002 -0.0003 1.0000
0.4857 0.1027 294.7771 -0.3059 0.3464 476.3542 0.0001 -0.0002 1.0000
0.4208 0.1040 314.4068 -0.3246 0.3255 465.4907 0.0000 -0.0003 1.0000
0.4697 0.1485 303.7542 -0.3167 0.3600 449.9254 0.0001 -0.0002 1.0000
0.4731 0.1514 305.1768 -0.3297 0.3540 441.1091 0.0001 -0.0002 1.0000
0.4725 0.1528 304.8425 -0.3263 0.3572 422.6965 0.0001 -0.0003 1.0000
0.4563 0.1663 308.2614 -0.3321 0.3605 416.1263 0.0001 -0.0002 1.0000
0.4804 0.2147 292.8928 -0.3384 0.3856 414.8924 0.0001 -0.0002 1.0000
0.4254 0.1724 306.5253 -0.3420 0.3440 417.9810 0.0001 -0.0003 1.0000
0.4388 0.1880 292.9398 -0.3423 0.3455 424.8799 0.0001 -0.0002 1.0000
0.4484 0.1671 288.2793 -0.3282 0.3298 432.8966 0.0001 -0.0003 1.0000
0.3953 0.2185 285.3301 -0.3491 0.3531 450.5547 0.0001 -0.0002 1.0000
0.4495 0.1941 272.5953 -0.3268 0.3405 458.4842 0.0001 -0.0003 1.0000
0.4373 0.1806 272.4868 -0.3161 0.3338 460.8189 0.0001 -0.0003 1.0000
0.4446 0.1694 268.1826 -0.2983 0.3257 457.4465 0.0001 -0.0003 1.0000
0.4099 0.1517 279.6238 -0.3009 0.3119 456.5952 0.0001 -0.0003 1.0000
0.4437 0.1218 279.4961 -0.2715 0.3096 442.1923 0.0001 -0.0003 1.0000
0.4331 0.1442 279.1477 -0.2717 0.3366 429.1944 0.0001 -0.0003 1.0000
0.4809 0.1309 278.0745 -0.2539 0.3546 411.5070 0.0002 -0.0003 1.0000
0.4610 0.1055 287.5821 -0.2474 0.3504 389.9786 0.0001 -0.0003 1.0000
0.4406 0.1118 297.5027 -0.2436 0.3734 364.8502 0.0001 -0.0002 1.0000
0.4426 0.0686 306.7650 -0.2170 0.3611 335.2863 0.0001 -0.0003 1.0000
0.4405 0.0291 317.7463 -0.2011 0.3388 322.2555 0.0001 -0.0003 1.0000
0.4797 0.0407 314.7526 -0.1962 0.3729 313.8825 0.0001 -0.0003 1.0000
0.4404 -0.0090 330.6976 -0.1889 0.3328 308.9045 0.0001 -0.0003 1.0000
0.4297 0.0235 332.0868 -0.1858 0.3601 294.7515 0.0001 -0.0003 1.0000
0.4528 0.0013 335.6613 -0.1758 0.3714 283.5092 0.0001 -0.0003 1.0000
0.4665 -0.0058 335.1446 -0.1617 0.3620 270.6659 0.0001 -0.0003 1.0000
0.4200 -0.0338 351.9103 -0.1674 0.3411 262.1358 0.0001 -0.0003 1.0000
0.3974 -0.0105 350.7206 -0.1717 0.3531 250.2639 0.0000 -0.0003 1.0000
0.3959 -0.0130 351.9323 -0.1602 0.3553 233.8793 0.0000 -0.0003 1.0000
0.4278 -0.0063 344.8446 -0.1561 0.3684 223.7008 0.0001 -0.0002 1.0000
0.3991 -0.0644 351.2436 -0.1412 0.3310 205.6347 0.0001 -0.0003 1.0000
0.4205 -0.0442 335.7174 -0.1362 0.3495 196.7801 0.0001 -0.0003 1.0000
0.4691 -0.0500 322.4160 -0.1195 0.3847 178.1771 0.0001 -0.0003 1.0000
0.4022 -0.0815 332.1059 -0.1239 0.3455 179.0363 0.0001 -0.0003 1.0000
0.4459 -0.0695 317.8643 -0.1022 0.3602 169.3835 0.0001 -0.0003 1.0000
0.4110 -0.0589 321.0938 -0.0989 0.3610 163.6196 0.0001 -0.0002 1.0000
0.4051 -0.0953 321.9663 -0.0875 0.3429 155.2255 0.0001 -0.0003 1.0000
0.4130 -0.0831 322.6893 -0.0793 0.3641 146.7945 0.0001 -0.0002 1.0000
0.4210 -0.1331 319.9642 -0.0661 0.3382 141.1896 0.0001 -0.0003 1.0000
0.4386 -0.1445 318.7073 -0.0458 0.3366 135.0389 0.0001 -0.0003 1.0000
0.4223 -0.1447 319.5414 -0.0449 0.3405 133.7589 0.0001 -0.0003 1.0000
0.4339 -0.1427 315.9629 -0.0305 0.3543 129.4160 0.0001 -0.0003 1.0000
0.4307 -0.1548 310.8013 -0.0258 0.3395 136.5605 0.0001 -0.0003 1.0000
0.4011 -0.1536 313.7045 -0.0319 0.3228 146.6177 0.0001 -0.0003 1.0000
0.4253 -0.1547 308.2273 -0.0193 0.3367 145.0469 0.0001 -0.0003 1.0000
0.4369 -0.1760 309.7813 -0.0078 0.3190 149.6360 0.0001 -0.0003 1.0000
