334.021127 264.349765 827.992958 182.622066 910.922535 504.725352 319.598592 591.260563 
335.485591 260.384726 831.393372 180.500000 918.540346 510.413545 319.923631 591.335735 
334.448127 260.384726 833.468300 181.537464 919.577810 513.525937 321.998559 592.373199 
334.448127 260.384726 830.355908 184.649856 917.502882 506.263689 320.961095 593.410663 
333.410663 257.272334 833.468300 181.537464 918.540346 510.413545 320.961095 592.373199 
333.410663 260.384726 831.393372 180.500000 920.615274 508.338617 321.998559 593.410663 
332.373199 259.347262 834.505764 180.500000 920.615274 512.488473 316.811239 593.410663 
332.373199 259.347262 832.430836 177.387608 921.652738 510.413545 312.661383 593.410663 
331.335735 259.347262 832.430836 180.500000 919.577810 508.338617 315.773775 595.485591 
330.298271 259.347262 832.430836 178.425072 919.577810 512.488473 314.736311 594.448127 
327.185879 256.234870 833.468300 178.425072 922.690202 510.413545 311.623919 594.448127 
324.073487 256.234870 830.355908 178.425072 918.540346 510.413545 309.548991 593.410663 
325.110951 255.197406 830.355908 178.425072 916.465418 512.488473 306.436599 595.485591 
320.961095 255.197406 825.168588 176.350144 915.427954 512.488473 305.399135 596.523055 
316.811239 253.122478 828.280980 176.350144 915.427954 510.413545 302.286744 593.410663 
314.736311 251.047550 827.243516 176.350144 912.315562 513.525937 299.174352 595.485591 
310.586455 255.197406 824.131124 177.387608 910.240634 512.488473 298.136888 595.485591 
309.548991 253.122478 823.093660 175.312680 913.353026 512.488473 293.987032 595.485591 
310.586455 250.010086 823.093660 176.350144 911.278098 515.600865 289.837176 597.560519 
303.324207 252.085014 819.981268 176.350144 909.203170 514.563401 285.687320 597.560519 
298.136888 250.010086 819.601426 174.024813 909.203170 515.600865 284.649856 597.560519 
299.174352 250.010086 819.981268 176.350144 909.203170 514.563401 283.612392 600.672911 
296.061960 252.085014 815.831412 175.312680 908.165706 515.600865 279.462536 598.597983 
291.912104 251.047550 813.756484 172.200288 907.128242 517.675793 277.387608 601.710375 
288.799712 250.010086 812.719020 176.350144 909.203170 519.750720 272.200288 605.860231 
285.687320 250.010086 811.681556 172.200288 908.165706 519.750720 272.200288 604.822767 
282.574928 245.860231 809.606628 173.237752 908.165706 517.675793 270.125360 605.860231 
277.387608 245.860231 812.719020 171.162824 907.128242 519.750720 265.975504 607.935159 
277.387608 246.897695 806.494236 169.087896 905.053314 517.675793 257.675793 608.972622 
271.162824 242.747839 807.531700 167.012968 905.053314 519.750720 256.638329 606.897695 
267.012968 241.710375 804.419308 167.012968 905.053314 521.825648 252.488473 606.897695 
261.825648 241.710375 803.381844 163.900576 904.015850 521.825648 247.301153 608.972622 
258.713256 240.672911 799.231988 167.012968 902.978386 524.938040 241.076369 608.972622 
254.563401 238.597983 802.344380 169.087896 900.903458 527.012968 234.851585 614.159942 
249.376081 241.710375 800.269452 171.162824 900.903458 536.350144 225.514409 620.384726 
246.263689 245.860231 795.082133 176.350144 900.903458 538.425072 219.289625 622.459654 
240.038905 245.860231 794.044669 181.537464 896.753602 544.649856 210.989914 630.759366 
233.814121 246.897695 794.044669 186.724784 895.716138 552.949568 201.652738 635.946686 
227.589337 250.010086 795.082133 189.837176 893.641210 562.286744 195.427954 639.059078 
220.327089 250.010086 790.932277 195.024496 892.603746 566.436599 186.090778 640.096542 
216.177233 246.897695 791.969741 197.099424 888.453890 572.661383 175.716138 646.321326 
214.102305 245.860231 793.007205 201.249280 885.341499 579.923631 166.378963 643.208934 
207.877522 242.747839 787.819885 204.361671 882.229107 585.110951 151.854467 647.358790 
201.652738 240.672911 791.969741 204.361671 878.079251 592.373199 143.554755 643.208934 
194.390490 234.448127 789.894813 208.511527 869.779539 593.410663 129.030259 642.171470 
192.315562 232.373199 788.857349 212.661383 866.667147 601.710375 118.655620 638.021614 
190.240634 227.185879 788.857349 213.698847 859.404899 608.972622 104.131124 633.871758 
185.053314 221.998559 788.857349 219.923631 851.105187 614.159942 92.719020 627.646974 
180.903458 212.661383 786.782421 221.998559 844.880403 623.497118 79.231988 621.422190 
184.015850 204.361671 789.894813 228.223343 836.580692 630.759366 65.744957 614.159942 
181.940922 196.061960 791.969741 229.260807 829.318444 636.984150 54.332853 601.710375 
184.015850 187.762248 794.044669 233.410663 822.056196 642.171470 43.958213 589.260807 
195.427954 180.500000 804.419308 233.410663 819.981268 646.321326 36.695965 577.848703 
201.652738 171.162824 815.831412 240.672911 816.868876 648.396254 33.583573 563.324207 
217.214697 161.825648 827.243516 243.785303 812.719020 657.733429 34.621037 547.762248 
233.814121 154.563401 838.655620 252.085014 815.831412 669.145533 34.621037 536.350144 
250.413545 153.525937 856.292507 262.459654 813.756484 683.670029 37.733429 524.938040 
265.975504 152.488473 868.742075 274.909222 809.606628 698.194524 39.808357 517.675793 
284.893980 159.501196 879.797387 295.717397 800.212817 722.960874 34.654302 509.283728 
299.363591 165.392505 888.674569 316.428728 789.449761 744.335714 34.297219 506.920331 
307.491963 171.187991 894.654689 337.527069 781.051704 769.896639 24.335773 506.546161 
311.814231 176.409617 893.875124 358.303646 761.514469 784.004131 12.069632 498.169356 
311.225841 179.189286 891.269795 370.213376 738.139134 786.123814 -8.598863 492.419666 
310.488917 173.762624 887.709367 373.569702 711.494180 793.055411 -28.320626 474.524036 
303.650071 164.110302 878.717665 381.210747 676.908261 793.168786 -47.584046 458.166772 
301.167315 158.999106 872.878754 378.247668 655.708797 790.357586 -62.116511 436.443716 
301.604147 152.665849 867.852169 383.025840 623.819638 794.203940 -63.941214 412.828764 
304.476554 143.913248 863.214952 385.647219 605.467132 791.194487 -74.727565 397.925577 
312.751939 137.102683 862.398604 385.041124 592.107936 776.597334 -79.624156 381.677917 
312.315136 128.390433 858.260572 381.389538 564.143047 767.418789 -86.532950 359.302483 
331.616323 122.750409 857.852877 377.626427 547.511094 755.897097 -74.677408 333.636203 
330.444961 108.501291 854.411212 362.274119 535.704203 733.732633 -80.086031 315.583296 
341.802973 93.744105 859.164902 357.554720 521.388169 718.626400 -77.277392 288.379756 
351.120118 78.198542 868.915681 338.665401 521.758691 687.483429 -72.228389 262.644987 
364.970219 57.043829 876.189187 327.505240 511.597097 669.398991 -52.577941 234.795254 
387.642741 44.485941 897.553440 316.028746 515.572236 653.273413 -28.760824 215.862919 
411.560011 39.694259 920.855020 310.128536 525.263430 640.031485 -4.109943 198.887007 
443.381844 27.992795 945.514409 310.182997 544.015850 628.684438 25.283862 185.687320 
473.468300 17.618156 968.338617 300.845821 551.278098 612.085014 56.407781 171.162824 
500.442363 8.280980 989.087896 294.621037 561.652738 601.710375 81.306916 157.675793 
528.453890 3.093660 1021.249280 293.583573 572.027378 593.410663 111.393372 144.188761 
563.727666 3.093660 1049.260807 296.695965 587.589337 594.448127 143.554755 139.001441 
597.963977 3.093660 1080.384726 296.695965 602.113833 590.298271 178.828530 134.851585 
628.050432 8.280980 1113.583573 311.220461 610.413545 596.523055 214.102305 141.076369 
655.024496 22.805476 1138.482709 323.670029 614.563401 612.085014 242.113833 148.338617 
688.223343 45.629683 1166.494236 347.531700 613.525937 628.684438 260.788184 159.750720 
718.309798 70.528818 1186.206052 375.543228 617.675793 653.583573 295.024496 187.762248 
746.321326 94.390490 1214.217579 403.554755 623.900576 679.520173 326.148415 212.661383 
776.407781 121.364553 1240.154179 433.641210 627.012968 713.756484 362.459654 240.672911 
803.138021 146.851456 1255.833331 453.248891 625.534434 723.801719 384.013617 262.369843 
820.461812 164.911543 1269.714520 476.637911 614.496308 740.504069 408.610676 275.906884 
839.228073 175.530283 1264.764099 489.734210 616.747391 749.259329 420.822173 284.113129 
838.536031 183.619557 1257.044419 496.284253 590.032937 749.657036 427.160884 290.172464 
838.172525 183.151845 1245.337928 499.303805 569.835583 746.094849 426.006935 291.899117 
839.982783 184.502765 1223.412087 495.957285 543.682553 733.662309 422.133938 284.185660 
835.133326 178.008815 1204.477256 490.339924 520.733108 720.580300 419.869753 281.824709 
829.318444 173.237752 1186.206052 486.551873 498.367435 710.644092 414.332853 273.871758 
825.168588 169.087896 1166.494236 480.327089 473.468300 700.269452 412.257925 269.721902 
822.056196 163.900576 1145.744957 477.214697 445.456772 684.707493 406.033141 261.422190 
819.981268 161.825648 1118.770893 470.989914 417.445245 672.257925 401.883285 253.122478 
816.868876 157.675793 1102.171470 473.064841 395.658501 667.070605 404.995677 255.197406 
825.168588 159.750720 1087.646974 470.989914 379.059078 658.770893 414.332853 255.197406 
829.318444 161.825648 1066.897695 477.214697 361.422190 657.733429 420.557637 255.197406 
833.468300 167.012968 1045.110951 480.327089 342.747839 659.808357 423.670029 260.384726 
829.318444 171.162824 1024.361671 486.551873 336.523055 657.733429 433.007205 266.609510 
840.730548 178.425072 1005.687320 493.814121 332.373199 664.995677 442.344380 280.096542 
842.805476 186.724784 989.087896 503.151297 330.298271 671.220461 454.793948 288.396254 
849.030259 187.762248 976.638329 506.263689 334.448127 684.707493 467.243516 301.883285 
847.992795 191.912104 961.076369 508.338617 339.635447 695.082133 476.580692 313.295389 
838.655620 190.874640 948.626801 508.338617 346.897695 709.606628 477.618156 325.744957 
827.142598 188.732045 937.539790 505.038607 352.697667 712.650776 478.643539 330.661097 
812.682454 182.383220 918.685779 501.584243 353.756925 728.542560 466.959364 339.658887 
806.427679 172.039009 906.565576 490.219101 360.470695 724.059730 468.217839 334.512363 
795.164176 153.756555 891.715328 471.519840 369.150472 726.204227 469.045347 328.031696 
786.188164 137.074117 883.333321 464.083871 370.614076 721.859845 469.353530 323.176014 
781.363795 123.360103 879.792570 451.456021 389.433287 712.431549 472.912455 314.449470 
781.595101 110.989914 880.154179 442.978386 399.808357 713.756484 476.580692 311.220461 
783.670029 96.465418 880.154179 435.716138 416.407781 713.756484 489.030259 304.995677 
788.857349 87.128242 886.378963 430.528818 435.082133 708.569164 503.554755 296.695965 
795.082133 73.641210 891.566282 422.229107 448.569164 702.344380 512.891931 290.471182 
801.306916 60.154179 893.641210 407.704611 466.206052 688.857349 525.341499 278.021614 
803.381844 36.292507 894.678674 396.292507 472.430836 676.407781 531.566282 257.272334 
804.419308 12.430836 893.641210 377.618156 481.768012 656.695965 533.641210 240.672911 
811.253037 -20.495261 898.324245 352.278348 495.847865 621.582397 539.596417 213.845889 
816.681965 -46.002408 897.715331 333.233744 500.143045 591.485828 544.916224 181.065021 
822.956226 -72.299505 898.623294 310.765025 506.277252 571.384779 550.068708 153.997462 
829.158223 -101.316042 898.119326 303.255764 507.644215 551.176469 554.784564 135.643027 
836.890149 -112.972980 897.557138 300.665583 504.339947 541.894569 559.470399 119.861454 
848.947148 -112.298958 893.971968 317.168551 500.669214 537.970097 566.440609 105.263549 
855.351774 -107.210299 882.971760 337.958886 493.073331 546.620125 568.863821 110.213594 
861.557337 -94.726885 874.872592 366.313816 481.563102 562.248214 572.590085 118.491670 
868.984583 -73.367735 861.590100 404.315864 461.162227 578.664842 574.562753 130.462763 
871.539383 -46.114754 847.428379 440.626153 449.483424 589.663452 577.061701 139.152662 
877.037494 -16.863003 823.936979 483.609358 424.489625 602.363977 573.815347 154.386811 
870.817003 12.430836 801.306916 517.675793 395.658501 623.497118 567.877522 171.162824 
870.817003 49.779539 770.182997 550.874640 372.834294 632.834294 565.802594 185.687320 
864.592219 82.978386 739.059078 589.260807 341.710375 643.208934 557.502882 203.324207 
861.479827 112.027378 707.935159 612.085014 308.511527 642.171470 550.240634 212.661383 
852.142651 141.076369 668.511527 636.984150 279.462536 649.433718 541.940922 224.073487 
843.842939 171.162824 624.938040 664.995677 234.851585 649.433718 524.304035 238.597983 
832.430836 203.324207 591.739193 677.445245 212.027378 641.134006 516.004323 245.860231 
825.168588 206.436599 575.139769 676.407781 198.540346 629.721902 516.004323 240.672911 
825.168588 212.661383 553.353026 672.257925 185.053314 606.897695 513.929395 232.373199 
825.168588 206.436599 537.791066 648.396254 169.491354 577.848703 514.966859 217.848703 
824.131124 196.061960 527.416427 615.197406 164.304035 540.500000 513.929395 189.837176 
831.393372 176.350144 508.742075 584.073487 151.854467 482.402017 524.304035 150.413545 
839.693084 156.638329 489.030259 552.949568 145.629683 431.566282 529.491354 119.289625 
852.142651 139.001441 479.693084 519.750720 147.704611 391.105187 538.828530 91.278098 
865.629683 124.476945 479.693084 489.664265 159.116715 347.531700 561.652738 64.304035 
879.116715 125.514409 477.618156 477.214697 171.566282 318.482709 577.214697 54.966859 
890.528818 130.701729 477.618156 466.840058 185.053314 302.920749 600.038905 51.854467 
910.240634 143.151297 489.030259 461.652738 200.615274 287.358790 627.012968 50.817003 
936.177233 152.488473 499.404899 454.390490 229.664265 271.796830 655.024496 50.817003 
955.889049 159.750720 507.704611 449.203170 253.525937 260.384726 677.848703 54.966859 
978.713256 175.312680 521.191643 447.128242 284.649856 245.860231 715.197406 57.041787 
1002.574928 187.762248 529.491354 435.716138 313.698847 237.560519 741.134006 60.154179 
1015.024496 201.249280 534.678674 433.641210 330.298271 228.223343 761.883285 66.378963 
1022.286744 214.736311 533.641210 433.641210 345.860231 224.073487 776.407781 77.791066 
1020.211816 233.410663 528.453890 437.791066 347.935159 227.185879 782.632565 91.278098 
1007.762248 255.197406 514.966859 447.128242 350.010086 236.523055 786.782421 105.802594 
993.237752 281.134006 496.292507 465.802594 337.560519 240.672911 775.370317 129.664265 
971.451009 316.407781 467.243516 482.402017 323.036023 260.384726 761.883285 152.488473 
955.889049 335.082133 442.344380 495.889049 307.474063 269.721902 751.508646 172.200288 
945.514409 344.419308 424.707493 503.151297 295.024496 273.871758 745.283862 180.500000 
930.989914 361.018732 411.220461 513.525937 283.612392 280.096542 735.946686 190.874640 
918.540346 375.543228 388.396254 521.825648 275.312680 283.208934 729.721902 204.361671 
908.165706 394.217579 376.984150 527.012968 268.050432 287.358790 720.384726 215.773775 
901.940922 398.367435 367.646974 529.087896 264.938040 287.358790 723.497118 217.848703 
896.753602 405.629683 357.272334 529.087896 258.713256 285.283862 715.197406 224.073487 
891.566282 414.966859 359.347262 527.012968 261.825648 286.321326 720.384726 227.185879 
891.566282 409.779539 354.159942 517.675793 272.200288 273.871758 726.609510 224.073487 
893.641210 407.704611 358.309798 512.488473 275.312680 261.422190 728.684438 217.848703 
899.865994 396.292507 363.497118 501.076369 278.425072 253.122478 732.834294 208.511527 
907.128242 394.217579 363.497118 486.551873 281.537464 233.410663 742.171470 190.874640 
910.240634 379.693084 359.347262 470.989914 289.837176 215.773775 750.471182 177.387608 
916.465418 363.093660 365.572046 454.390490 295.024496 199.174352 757.733429 158.713256 
922.690202 349.606628 369.721902 442.978386 297.099424 184.649856 767.070605 143.151297 
923.727666 345.456772 370.759366 439.865994 304.361671 177.387608 775.370317 134.851585 
937.214697 345.456772 380.096542 442.978386 312.661383 177.387608 781.595101 131.739193 
947.589337 344.419308 387.358790 447.128242 323.036023 180.500000 790.932277 130.701729 
960.038905 356.868876 396.695965 465.802594 327.185879 191.912104 800.269452 139.001441 
972.488473 375.543228 402.920749 482.402017 342.747839 215.773775 810.644092 156.638329 
982.863112 392.142651 406.033141 504.188761 348.972622 238.597983 825.168588 176.350144 
993.237752 414.966859 413.295389 536.350144 355.197406 264.534582 826.206052 200.211816 
1003.612392 445.053314 414.332853 571.623919 359.347262 298.770893 836.580692 228.223343 
1012.949568 475.139769 413.295389 604.822767 364.534582 330.932277 841.768012 255.197406 
1017.099424 510.413545 409.145533 639.059078 365.572046 368.280980 842.805476 288.396254 
1017.099424 536.350144 400.845821 679.520173 361.422190 396.292507 844.880403 318.482709 
1021.249280 566.436599 388.396254 706.494236 354.159942 428.453890 844.880403 344.419308 
1023.220692 599.503700 365.228093 738.448739 342.527963 450.913755 848.059224 376.570923 
1010.028215 620.927758 349.252029 763.516303 331.304095 472.759774 844.159429 398.593003 
1002.401904 639.108100 319.113499 765.972722 313.307472 483.412701 834.637327 409.778541 
981.782317 637.378196 286.500721 772.317716 291.940165 484.027179 817.385768 417.640234 
952.089534 635.670090 249.442421 758.850202 261.427234 471.214692 798.833542 409.046867 
937.806350 634.343728 219.372039 741.157790 242.449916 461.338539 778.460080 403.135415 
920.615274 626.609510 179.865994 715.831412 228.626801 435.716138 769.145533 398.367435 
896.753602 614.159942 157.041787 686.782421 213.064841 414.966859 758.770893 391.105187 
885.341499 606.897695 135.255043 658.770893 203.727666 389.030259 752.546110 379.693084 
874.966859 597.560519 115.543228 624.534582 196.465418 363.093660 752.546110 368.280980 
870.817003 589.260807 109.318444 593.410663 200.615274 336.119597 753.583573 356.868876 
867.704611 575.773775 95.831412 559.174352 200.615274 314.332853 757.733429 349.606628 
873.929395 564.361671 97.906340 531.162824 212.027378 290.471182 768.108069 339.231988 
880.154179 559.174352 106.206052 510.413545 225.514409 273.871758 782.632565 333.007205 
899.865994 560.211816 125.917867 489.664265 248.338617 268.684438 799.231988 334.044669 
915.427954 563.324207 147.704611 482.402017 270.125360 261.422190 824.131124 336.119597 
937.214697 566.436599 168.453890 477.214697 297.099424 264.534582 843.842939 347.531700 
957.963977 584.073487 193.353026 484.476945 321.998559 278.021614 869.779539 361.018732 
989.087896 611.047550 218.252161 499.001441 347.935159 294.621037 892.603746 382.805476 
1010.874640 643.208934 241.076369 529.087896 373.871758 324.707493 912.315562 412.891931 
1028.511527 677.445245 254.563401 559.174352 397.733429 358.943804 934.102305 447.128242 
1045.110951 708.569164 273.237752 585.110951 409.145533 389.030259 950.701729 477.214697 
1059.154879 746.667417 284.369703 617.009490 424.447946 417.323484 966.621460 501.453857 
1082.407511 763.331080 297.166230 635.365834 433.572925 444.725152 978.430312 524.183521 
1081.195924 762.141362 302.022142 653.261183 438.157758 459.415903 989.124119 534.669845 
1086.717189 760.927938 299.722282 660.908518 451.942896 467.705431 995.231533 538.492224 
1097.276230 752.507301 308.256939 661.026804 447.861097 471.662748 1000.595060 528.134019 
1115.613478 737.706579 314.064269 653.753794 459.999252 461.179795 1007.540581 516.861964 
1124.995677 702.344380 324.073487 640.096542 462.056196 452.315562 1012.949568 493.814121 
1132.257925 667.070605 333.410663 626.609510 469.318444 435.716138 1026.436599 465.802594 
1145.744957 639.059078 354.159942 612.085014 477.618156 422.229107 1028.511527 431.566282 
1158.194524 594.448127 362.459654 594.448127 486.955331 405.629683 1036.811239 400.442363 
1166.494236 555.024496 383.208934 580.961095 496.292507 384.880403 1044.073487 363.093660 
1175.831412 508.338617 392.546110 562.286744 499.404899 368.280980 1049.260807 329.894813 
1170.644092 482.402017 404.995677 553.987032 504.592219 356.868876 1047.185879 298.770893 
1170.644092 461.652738 410.182997 542.574928 506.667147 347.531700 1041.998559 278.021614 
1170.644092 449.203170 418.482709 538.425072 506.667147 343.381844 1043.036023 268.684438 
1164.419308 449.203170 418.482709 541.537464 507.704611 342.344380 1038.886167 269.721902 
1161.306916 445.053314 421.595101 538.425072 509.779539 339.231988 1035.773775 260.384726 
1157.157061 445.053314 425.744957 540.500000 507.704611 340.269452 1031.623919 259.347262 
1148.857349 454.390490 431.969741 547.762248 511.854467 343.381844 1028.511527 265.572046 
1147.819885 457.502882 430.932277 553.987032 509.779539 347.531700 1027.474063 270.759366 
1142.632565 473.064841 434.044669 566.436599 508.742075 353.756484 1024.361671 273.871758 
1135.370317 482.402017 435.082133 575.773775 509.779539 358.943804 1015.024496 281.134006 
1128.108069 493.814121 435.082133 591.335735 506.667147 368.280980 1008.799712 288.396254 
1115.658501 503.151297 433.007205 596.523055 505.629683 373.468300 1003.612392 295.658501 
1107.358790 508.338617 429.894813 606.897695 501.479827 379.693084 995.312680 296.695965 
1095.946686 514.563401 427.819885 620.384726 493.180115 386.955331 984.938040 302.920749 
1079.347262 517.675793 417.445245 620.384726 485.917867 389.030259 970.413545 306.033141 
1065.860231 519.750720 409.145533 623.497118 474.505764 384.880403 957.963977 301.883285 
1043.036023 522.863112 398.770893 624.534582 458.943804 386.955331 940.327089 300.845821 
1026.436599 521.825648 385.283862 629.721902 441.306916 381.768012 917.502882 298.770893 
1004.649856 529.087896 372.834294 629.721902 425.744957 384.880403 902.978386 298.770893 
984.938040 523.900576 360.384726 627.646974 412.257925 382.805476 884.304035 297.733429 
971.451009 514.563401 353.122478 620.384726 401.883285 375.543228 872.891931 291.508646 
960.038905 515.600865 340.672911 618.309798 389.433718 368.280980 859.404899 286.321326 
945.514409 501.076369 338.597983 604.822767 385.283862 356.868876 850.067723 275.946686 
936.177233 494.851585 336.523055 590.298271 380.096542 343.381844 844.880403 266.609510 
933.064841 482.402017 334.448127 573.698847 375.946686 321.595101 841.768012 250.010086 
925.802594 465.802594 332.373199 559.174352 373.871758 307.070605 835.543228 236.523055 
918.540346 452.315562 332.373199 538.425072 370.759366 292.546110 829.318444 224.073487 
917.502882 442.978386 331.335735 519.750720 367.646974 273.871758 826.206052 212.661383 
909.203170 433.641210 332.373199 510.413545 366.609510 264.534582 828.280980 204.361671 
905.053314 426.378963 329.260807 499.001441 365.572046 255.197406 819.981268 197.099424 
899.865994 424.304035 325.110951 491.739193 365.572046 246.897695 819.981268 190.874640 
896.753602 424.304035 325.110951 486.551873 360.384726 245.860231 812.719020 190.874640 
887.416427 424.304035 320.961095 484.476945 353.122478 242.747839 806.494236 191.912104 
874.966859 426.378963 306.436599 487.589337 342.747839 245.860231 797.157061 199.174352 
862.517291 437.791066 300.211816 496.926513 333.410663 253.122478 786.782421 206.436599 
846.955331 447.128242 279.462536 510.413545 316.811239 257.272334 767.070605 217.848703 
826.206052 461.652738 257.675793 517.675793 293.987032 268.684438 745.283862 229.260807 
803.381844 475.139769 229.664265 531.162824 270.125360 283.208934 729.721902 245.860231 
784.707493 491.739193 204.765130 542.574928 245.226225 291.508646 702.747839 261.422190 
754.621037 506.263689 179.865994 552.949568 224.476945 300.845821 686.148415 273.871758 
734.909222 519.750720 157.041787 559.174352 199.577810 304.995677 665.399135 283.208934 
716.234870 531.162824 132.142651 566.436599 178.828530 302.920749 650.874640 292.546110 
698.597983 531.162824 107.243516 560.211816 162.229107 292.546110 637.387608 294.621037 
688.223343 531.162824 96.868876 540.500000 152.891931 278.021614 629.087896 290.471182 
684.073487 519.750720 86.494236 519.750720 148.742075 252.085014 622.863112 280.096542 
683.036023 510.413545 84.419308 494.851585 146.667147 225.110951 630.125360 268.684438 
684.073487 493.814121 87.531700 459.577810 151.854467 195.024496 630.125360 243.785303 
688.223343 470.989914 88.569164 421.191643 160.154179 157.675793 640.500000 221.998559 
701.710375 454.390490 102.056196 403.554755 166.378963 141.076369 650.874640 206.436599 
711.047550 439.865994 114.505764 396.292507 175.716138 130.701729 659.174352 195.024496 
730.759366 419.116715 141.479827 384.880403 192.315562 117.214697 673.698847 176.350144 
761.883285 419.116715 181.940922 394.217579 221.364553 124.476945 696.523055 167.012968 
783.670029 403.554755 210.989914 398.367435 239.001441 128.626801 713.122478 157.675793 
812.719020 398.367435 245.226225 414.966859 257.675793 139.001441 728.684438 150.413545 
835.543228 394.217579 273.237752 435.716138 269.087896 161.825648 739.059078 152.488473 
856.292507 392.142651 300.211816 459.577810 278.425072 187.762248 739.059078 152.488473 
867.704611 391.105187 319.923631 486.551873 284.649856 208.511527 741.134006 157.675793 
870.817003 396.292507 327.185879 506.263689 279.462536 227.185879 729.721902 167.012968 
856.292507 396.292507 321.998559 517.675793 265.975504 241.710375 718.309798 171.162824 
833.468300 400.442363 307.474063 527.012968 240.038905 246.897695 695.485591 171.162824 
807.531700 398.367435 287.762248 533.237752 204.765130 255.197406 663.324207 176.350144 
778.482709 407.704611 257.675793 538.425072 173.641210 261.422190 628.050432 180.500000 
754.621037 410.817003 234.851585 542.574928 143.554755 261.422190 606.263689 185.687320 
742.171470 412.891931 223.439481 536.350144 133.180115 253.122478 588.626801 186.724784 
738.021614 403.554755 222.402017 524.938040 129.030259 241.710375 581.364553 185.687320 
742.171470 396.292507 227.589337 512.488473 131.105187 225.110951 586.551873 176.350144 
756.695965 391.105187 253.525937 495.889049 147.704611 209.548991 607.301153 167.012968 
784.707493 377.618156 282.574928 476.177233 174.678674 195.024496 629.087896 153.525937 
813.756484 368.280980 317.848703 473.064841 202.690202 191.912104 656.061960 147.301153 
851.105187 358.943804 354.159942 465.802594 242.113833 181.537464 685.110951 139.001441 
893.641210 342.344380 407.070605 459.577810 282.574928 181.537464 719.347262 121.364553 
939.289625 325.744957 463.093660 463.727666 329.260807 186.724784 753.583573 110.989914 
987.012968 301.883285 529.491354 463.727666 376.984150 195.024496 797.157061 93.353026 
1043.036023 275.946686 593.814121 465.802594 420.557637 208.511527 827.243516 77.791066 
1083.497118 259.347262 647.762248 473.064841 454.793948 224.073487 855.255043 69.491354 
1115.658501 250.010086 689.260807 485.514409 481.768012 245.860231 870.817003 74.678674 
1150.932277 231.335735 740.096542 501.076369 517.041787 274.909222 897.791066 75.716138 
1178.943804 224.073487 776.407781 513.525937 539.865994 292.546110 901.940922 74.678674 
1185.168588 210.586455 796.119597 514.563401 546.090778 301.883285 907.128242 74.678674 
1181.018732 208.511527 808.569164 515.600865 547.128242 310.182997 895.716138 75.716138 
1169.606628 201.249280 798.194524 512.488473 534.678674 302.920749 888.453890 68.453890 
1137.445245 185.687320 786.782421 493.814121 510.817003 287.358790 861.479827 54.966859 
1099.059078 156.638329 752.546110 467.877522 467.243516 259.347262 822.056196 31.105187 
1053.785690 127.009103 720.878303 433.862869 417.632004 224.245612 767.991713 -11.422354 
995.050851 83.609666 677.118000 398.543151 361.065279 185.755181 707.314483 -50.404533 
951.414890 35.322005 630.751148 348.828074 314.504683 136.910340 641.721687 -98.878383 
924.545148 9.230451 597.349862 321.277807 284.132740 108.834889 602.525589 -119.577372 
0.000000 0.000000 0.000000 0.000000 0.000000 0.000000 0.000000 0.000000 
0.000000 0.000000 0.000000 0.000000 0.000000 0.000000 0.000000 0.000000 
0.000000 0.000000 0.000000 0.000000 0.000000 0.000000 0.000000 0.000000 
0.000000 0.000000 0.000000 0.000000 0.000000 0.000000 0.000000 0.000000 
0.000000 0.000000 0.000000 0.000000 0.000000 0.000000 0.000000 0.000000 
0.000000 0.000000 0.000000 0.000000 0.000000 0.000000 0.000000 0.000000 
869.621032 22.619754 607.520204 338.520226 266.737341 153.281408 585.672876 -103.579426 
879.912087 47.323653 630.924878 366.857238 278.192549 188.930311 570.989995 -60.553903 
877.324385 86.510769 647.509199 408.491420 300.085711 235.525220 583.114245 -31.619060 
886.378963 128.626801 670.586455 452.315562 317.848703 284.246398 591.739193 21.768012 
901.940922 171.162824 703.785303 499.001441 352.085014 349.606628 610.413545 79.865994 
916.465418 217.848703 744.246398 541.537464 373.871758 401.479827 627.012968 129.664265 
937.214697 255.197406 772.257925 593.410663 401.883285 456.465418 641.537464 181.537464 
949.664265 292.546110 801.306916 632.834294 429.894813 504.188761 653.987032 228.223343 
963.151297 322.632565 824.131124 658.770893 448.569164 540.500000 667.474063 260.384726 
964.188761 338.194524 839.693084 675.370317 455.831412 563.324207 665.399135 282.171470 
969.376081 351.681556 858.367435 681.595101 469.318444 578.886167 667.474063 297.733429 
976.638329 347.531700 874.966859 676.407781 484.880403 579.923631 674.736311 299.808357 
989.087896 327.819885 897.791066 653.583573 503.554755 564.361671 684.073487 289.433718 
997.387608 295.658501 917.502882 614.159942 514.966859 541.537464 691.335735 261.422190 
1000.500000 250.010086 926.840058 562.286744 523.266571 493.814121 687.185879 223.036023 
993.237752 191.912104 936.177233 499.001441 525.341499 437.791066 684.073487 168.050432 
987.012968 120.327089 925.802594 428.453890 514.966859 379.693084 667.474063 103.727666 
956.926513 64.304035 906.090778 366.206052 499.404899 323.670029 648.799712 49.779539 
933.064841 45.629683 886.378963 345.456772 477.618156 306.033141 623.900576 35.255043 
911.278098 64.304035 870.817003 356.868876 464.131124 323.670029 601.076369 50.817003 
885.341499 82.978386 856.292507 370.355908 446.494236 344.419308 582.402017 68.453890 
863.554755 120.327089 842.805476 403.554755 434.044669 377.618156 559.577810 110.989914 
847.992795 165.975504 838.655620 445.053314 422.632565 422.229107 537.791066 161.825648 
841.768012 208.511527 842.805476 489.664265 418.482709 475.139769 538.828530 208.511527 
839.693084 247.935159 844.880403 532.200288 426.782421 515.600865 540.903458 255.197406 
859.404899 295.658501 876.004323 575.773775 450.644092 571.623919 552.315562 309.145533 
858.367435 327.819885 889.491354 601.710375 465.168588 603.785303 562.690202 336.119597 
851.105187 326.782421 884.304035 602.747839 456.868876 608.972622 550.240634 339.231988 
854.217579 327.819885 893.641210 605.860231 467.243516 611.047550 552.315562 345.456772 
851.105187 322.632565 906.090778 596.523055 468.280980 605.860231 547.128242 341.306916 
855.255043 306.033141 910.240634 571.623919 471.393372 592.373199 548.165706 325.744957 
847.515727 290.839128 915.427954 552.949568 472.430836 580.961095 540.903458 317.445245 
836.580692 275.946686 915.427954 536.350144 469.318444 568.511527 533.641210 307.070605 
829.318444 261.422190 914.390490 519.750720 467.243516 559.174352 523.266571 294.621037 
822.056196 251.047550 920.615274 504.188761 466.206052 547.762248 517.041787 288.396254 
813.756484 238.597983 918.540346 489.664265 459.981268 533.237752 508.742075 279.059078 
814.793948 224.073487 924.765130 463.727666 459.981268 512.488473 502.517291 261.422190 
812.719020 208.511527 932.027378 447.128242 466.206052 499.001441 497.329971 250.010086 
812.719020 201.249280 935.139769 435.716138 463.093660 489.664265 495.255043 240.672911 
808.569164 201.249280 938.252161 429.491354 465.168588 484.476945 490.067723 241.710375 
799.231988 208.511527 933.064841 428.453890 462.056196 486.551873 481.768012 243.785303 
795.082133 213.698847 940.327089 431.566282 462.056196 489.664265 475.543228 251.047550 
789.894813 215.773775 939.289625 431.566282 459.981268 486.551873 472.430836 257.272334 
778.482709 221.998559 935.139769 429.491354 455.831412 493.814121 462.056196 259.347262 
770.182997 227.185879 933.064841 433.641210 452.719020 493.814121 456.868876 264.534582 
765.094365 236.090986 932.070493 437.586218 453.619663 500.202266 448.000274 272.215629 
756.695965 242.747839 930.989914 445.053314 450.644092 510.413545 443.381844 283.208934 
749.433718 259.347262 932.027378 461.652738 452.719020 529.087896 443.381844 296.695965 
747.358790 274.909222 936.177233 475.139769 456.868876 547.762248 435.082133 316.407781 
745.283862 293.583573 939.289625 491.739193 463.093660 563.324207 433.007205 333.007205 
751.508646 308.108069 956.926513 501.076369 469.318444 578.886167 434.044669 349.606628 
759.808357 317.445245 977.675793 508.338617 484.880403 592.373199 440.269452 363.093660 
761.883285 322.632565 988.050432 508.338617 491.105187 596.523055 443.381844 373.468300 
770.182997 322.632565 997.387608 501.076369 505.629683 594.448127 447.531700 377.618156 
769.145533 313.295389 1017.099424 485.514409 516.004323 586.148415 452.719020 375.543228 
773.295389 300.845821 1021.249280 465.802594 525.341499 570.586455 455.831412 366.206052 
774.332853 286.321326 1030.586455 435.716138 530.528818 547.762248 455.831412 351.681556 
776.407781 264.534582 1033.698847 405.629683 532.603746 517.675793 456.868876 330.932277 
769.145533 250.010086 1034.736311 377.618156 529.491354 495.889049 452.719020 316.407781 
763.958213 240.672911 1030.586455 361.018732 530.528818 475.139769 443.381844 307.070605 
756.695965 241.710375 1019.174352 351.681556 522.229107 473.064841 431.969741 306.033141 
742.171470 240.672911 1016.061960 349.606628 517.041787 466.840058 421.595101 311.220461 
734.909222 255.197406 1007.762248 356.868876 512.891931 475.139769 418.482709 320.557637 
724.534582 270.759366 1004.649856 366.206052 504.592219 493.814121 406.033141 335.082133 
720.384726 291.508646 1001.537464 389.030259 506.667147 514.563401 398.770893 361.018732 
703.785303 316.407781 987.012968 409.779539 494.217579 540.500000 384.246398 386.955331 
699.635447 324.707493 983.900576 419.116715 494.217579 549.837176 380.096542 398.367435 
688.223343 334.044669 977.675793 428.453890 484.880403 557.099424 360.384726 407.704611 
679.923631 335.082133 974.563401 426.378963 480.730548 560.211816 357.272334 409.779539 
663.324207 337.157061 968.338617 414.966859 472.430836 553.987032 345.860231 409.779539 
658.136888 330.932277 970.413545 405.629683 474.505764 544.649856 343.785303 407.704611 
647.762248 323.670029 964.188761 396.292507 475.543228 534.275216 331.335735 398.367435 
643.612392 314.332853 963.151297 384.880403 464.131124 523.900576 321.998559 391.105187 
643.612392 310.182997 956.926513 368.280980 463.093660 508.338617 317.848703 379.693084 
636.350144 296.695965 956.926513 358.943804 467.243516 499.001441 316.811239 372.430836 
630.099951 291.721858 957.630049 351.929597 468.743211 485.189392 309.794781 366.379454 
630.125360 287.358790 956.926513 345.456772 467.243516 484.476945 304.361671 358.943804 
619.750720 281.134006 959.001441 341.306916 471.393372 476.177233 299.174352 353.756484 
621.285970 280.315863 955.280372 337.551346 472.039013 473.757306 294.536565 353.490342 
607.301153 279.059078 948.626801 336.119597 471.393372 473.064841 283.612392 353.756484 
604.188761 274.909222 950.701729 330.932277 467.243516 470.989914 275.312680 347.531700 
601.076369 274.909222 947.589337 331.969741 473.468300 467.877522 273.237752 349.606628 
599.706015 271.995014 947.589337 325.744957 479.693084 467.877522 273.237752 347.531700 
594.902628 268.768535 958.037833 318.385028 492.074243 461.481871 272.035882 342.833735 
595.923622 264.961414 961.817669 315.662668 507.196429 459.316220 273.970662 340.168274 
600.663416 262.472454 968.338617 312.257925 512.891931 456.465418 275.439238 339.926949 
599.372662 260.894265 973.463412 310.665996 523.912296 455.164568 275.856413 339.565710 
599.001441 260.384726 974.563401 310.182997 532.603746 456.465418 279.462536 338.194524 
596.926513 259.347262 972.488473 309.145533 538.828530 457.502882 277.387608 338.194524 
597.963977 256.234870 975.600865 309.145533 548.165706 461.652738 275.312680 337.157061 
588.626801 253.122478 972.488473 308.108069 544.015850 465.802594 272.200288 337.157061 
586.551873 255.197406 971.451009 313.295389 547.128242 470.989914 264.938040 338.194524 
579.289625 251.047550 964.188761 314.332853 544.015850 475.139769 259.750720 339.231988 
569.952450 250.010086 957.963977 314.332853 547.128242 478.252161 245.226225 338.194524 
562.690202 252.085014 951.739193 316.407781 545.053314 484.476945 245.226225 339.231988 
556.465418 255.197406 947.589337 323.670029 548.165706 489.664265 236.926513 344.419308 
553.353026 255.197406 949.664265 329.894813 549.203170 499.001441 235.889049 347.531700 
553.353026 260.384726 949.664265 335.082133 548.165706 512.488473 235.889049 352.719020 
554.390490 265.572046 949.664265 347.531700 563.727666 524.938040 236.926513 363.093660 
559.577810 271.796830 955.889049 356.868876 576.177233 540.500000 243.151297 370.355908 
560.615274 273.871758 964.188761 361.018732 583.439481 547.762248 248.338617 375.543228 
568.914986 271.796830 966.263689 363.093660 592.776657 552.949568 255.600865 375.543228 
568.914986 264.534582 974.563401 366.206052 607.301153 552.949568 263.900576 370.355908 
574.102305 256.234870 978.713256 358.943804 613.525937 550.874640 263.900576 363.093660 
574.102305 245.860231 982.863112 354.793948 620.788184 551.912104 268.050432 349.606628 
574.102305 231.335735 985.975504 344.419308 628.050432 545.687320 274.275216 337.157061 
583.439481 217.848703 988.050432 339.231988 635.312680 540.500000 277.387608 326.782421 
584.476945 195.024496 993.237752 327.819885 643.612392 533.237752 277.387608 304.995677 
580.327089 171.162824 987.012968 312.257925 641.537464 519.750720 276.350144 283.208934 
581.364553 149.376081 978.713256 299.808357 641.537464 504.188761 272.200288 259.347262 
578.252161 134.851585 979.750720 295.658501 637.387608 501.076369 275.312680 242.747839 
579.289625 124.476945 973.525937 297.733429 638.425072 499.001441 277.387608 236.523055 
580.327089 129.664265 970.413545 304.995677 637.387608 510.413545 279.462536 238.597983 
578.252161 137.963977 967.301153 319.520173 642.574928 524.938040 289.837176 246.897695 
582.402017 154.563401 957.963977 342.344380 641.537464 542.574928 290.874640 264.534582 
581.364553 175.312680 950.701729 366.206052 643.612392 573.698847 296.061960 284.246398 
583.439481 196.061960 950.701729 394.217579 648.799712 600.672911 301.249280 310.182997 
580.327089 208.511527 944.476945 414.966859 649.837176 615.197406 307.474063 324.707493 
584.476945 227.185879 944.476945 429.491354 649.837176 635.946686 314.736311 339.231988 
589.664265 241.710375 945.514409 442.978386 658.136888 649.433718 317.848703 358.943804 
591.739193 255.197406 945.514409 456.465418 663.324207 661.883285 325.110951 373.468300 
592.776657 265.572046 946.551873 463.727666 669.548991 674.332853 329.260807 381.768012 
592.776657 268.684438 946.551873 467.877522 670.586455 678.482709 332.373199 391.105187 
594.851585 273.871758 943.439481 473.064841 673.698847 679.520173 336.523055 394.217579 
591.739193 271.796830 942.402017 473.064841 670.586455 680.557637 337.560519 398.367435 
590.701729 273.871758 939.289625 465.802594 675.773775 676.407781 334.448127 398.367435 
587.589337 264.534582 936.177233 461.652738 671.623919 669.145533 335.485591 392.142651 
579.289625 253.122478 922.690202 449.203170 667.474063 657.733429 334.448127 382.805476 
578.252161 241.710375 924.765130 430.528818 672.661383 640.096542 338.597983 370.355908 
578.252161 227.185879 919.577810 412.891931 673.698847 623.497118 332.373199 358.943804 
572.027378 210.586455 922.690202 398.367435 678.886167 603.785303 334.448127 344.419308 
575.139769 199.174352 923.727666 375.543228 686.148415 583.036023 336.523055 333.007205 
568.914986 189.837176 918.540346 366.206052 687.185879 569.548991 338.597983 322.632565 
557.502882 178.425072 909.203170 351.681556 686.148415 559.174352 330.298271 314.332853 
551.278098 176.350144 897.791066 340.269452 679.923631 547.762248 323.036023 312.257925 
536.753602 169.087896 890.528818 331.969741 676.811239 540.500000 315.773775 314.332853 
521.191643 171.162824 876.004323 324.707493 675.773775 538.425072 304.361671 319.520173 
505.629683 177.387608 863.554755 319.520173 671.623919 534.275216 296.061960 328.857349 
490.067723 184.649856 852.142651 313.295389 676.811239 531.162824 290.874640 336.119597 
479.693084 185.687320 846.955331 301.883285 679.923631 527.012968 283.612392 349.606628 
472.430836 193.987032 837.618156 296.695965 691.335735 521.825648 286.724784 361.018732 
463.093660 208.511527 837.618156 291.508646 703.785303 521.825648 287.762248 381.768012 
466.206052 219.923631 841.768012 290.471182 723.497118 521.825648 298.136888 398.367435 
475.543228 225.110951 860.442363 287.358790 747.358790 514.563401 314.736311 400.442363 
487.992795 236.523055 872.891931 286.321326 769.145533 512.488473 330.298271 412.891931 
500.442363 245.860231 884.304035 290.471182 788.857349 519.750720 345.860231 428.453890 
510.817003 257.272334 892.603746 296.695965 806.494236 519.750720 362.459654 437.791066 
517.041787 274.909222 901.940922 309.145533 816.868876 529.087896 370.759366 458.540346 
516.004323 304.995677 904.015850 324.707493 825.168588 552.949568 371.796830 482.402017 
517.041787 322.632565 905.053314 343.381844 828.280980 557.099424 369.721902 493.814121 
514.966859 340.269452 900.903458 361.018732 828.280980 575.773775 371.796830 515.600865 
512.891931 358.943804 899.865994 375.543228 826.206052 588.223343 364.534582 529.087896 
501.479827 372.430836 894.678674 389.030259 827.243516 591.335735 359.347262 540.500000 
498.367435 379.693084 890.528818 398.367435 819.981268 596.523055 352.085014 542.574928 
487.992795 384.880403 877.041787 398.367435 811.681556 594.448127 339.635447 542.574928 
478.655620 381.768012 871.854467 394.217579 802.344380 585.110951 327.185879 538.425072 
469.318444 373.468300 858.367435 391.105187 786.782421 578.886167 312.661383 527.012968 
451.681556 370.355908 840.730548 384.880403 778.482709 566.436599 299.174352 517.675793 
437.157061 363.093660 833.468300 379.693084 760.845821 557.099424 284.649856 508.338617 
427.819885 364.131124 823.093660 381.768012 750.471182 551.912104 272.200288 501.076369 
414.332853 366.206052 805.456772 386.955331 735.946686 551.912104 259.750720 501.076369 
407.070605 370.355908 796.119597 391.105187 722.459654 549.837176 246.263689 504.188761 
393.583573 372.430836 780.557637 400.442363 712.085014 555.024496 241.076369 504.188761 
391.508646 381.768012 776.407781 405.629683 701.710375 550.874640 231.739193 505.226225 
385.283862 384.880403 768.108069 409.779539 690.298271 553.987032 224.476945 505.226225 
379.059078 386.955331 757.733429 410.817003 687.185879 545.687320 220.327089 501.076369 
372.834294 389.030259 752.546110 410.817003 676.811239 542.574928 215.139769 495.889049 
366.609510 386.955331 741.134006 412.891931 666.436599 542.574928 203.727666 491.739193 
358.309798 386.955331 729.721902 414.966859 662.286744 541.537464 203.727666 487.589337 
357.272334 391.105187 726.609510 419.116715 653.987032 540.500000 194.390490 487.589337 
356.234870 398.367435 718.309798 426.378963 644.649856 543.612392 196.465418 491.739193 
353.122478 405.629683 708.972622 435.716138 641.537464 547.762248 193.353026 494.851585 
348.972622 410.817003 707.935159 440.903458 635.312680 547.762248 195.427954 501.076369 
352.085014 417.041787 702.747839 445.053314 631.162824 547.762248 203.727666 499.001441 
356.234870 417.041787 699.635447 445.053314 637.387608 543.612392 208.914986 494.851585 
364.534582 417.041787 703.785303 442.978386 635.312680 544.649856 220.327089 493.814121 
364.534582 409.779539 702.747839 442.978386 635.312680 532.200288 224.476945 487.589337 
366.609510 407.704611 700.672911 437.791066 637.387608 527.012968 230.701729 482.402017 
371.796830 405.629683 702.747839 435.716138 636.350144 521.825648 234.851585 475.139769 
375.946686 401.479827 702.747839 433.641210 638.425072 519.750720 243.151297 467.877522 
380.096542 400.442363 703.785303 430.528818 635.312680 519.750720 250.413545 463.727666 
382.171470 398.367435 702.747839 433.641210 638.425072 515.600865 252.488473 463.727666 
385.758286 395.987342 705.273305 430.129068 646.724784 510.413545 261.825648 457.502882 
392.546110 394.217579 708.972622 433.641210 645.687320 508.338617 265.975504 456.465418 
398.173998 391.695106 712.085014 430.528818 648.799712 510.413545 272.200288 456.465418 
404.995677 396.292507 714.159942 429.491354 650.874640 506.263689 275.312680 452.315562 
408.108069 396.292507 717.272334 433.641210 657.099424 508.338617 287.762248 450.240634 
413.295389 396.292507 721.422190 431.566282 662.286744 506.263689 293.987032 452.315562 
416.407781 396.292507 719.347262 430.528818 664.361671 504.188761 298.136888 454.390490 
417.445245 396.292507 726.609510 428.453890 669.548991 503.151297 303.324207 452.315562 
419.520173 392.142651 729.721902 428.453890 672.661383 501.076369 309.548991 449.203170 
425.744957 394.217579 728.684438 428.453890 675.773775 499.001441 314.736311 450.240634 
427.819885 392.142651 733.871758 428.453890 679.923631 499.001441 314.736311 447.128242 
433.007205 386.955331 734.909222 424.304035 685.110951 494.851585 325.110951 447.128242 
437.157061 389.030259 734.909222 419.116715 686.148415 487.589337 327.185879 442.978386 
436.119597 381.768012 734.909222 412.891931 687.185879 487.589337 332.373199 435.716138 
438.194524 373.468300 738.021614 405.629683 691.335735 473.064841 337.560519 426.378963 
444.419308 363.093660 740.096542 396.292507 693.410663 463.727666 339.635447 414.966859 
444.419308 351.681556 743.208934 386.955331 695.485591 454.390490 342.747839 405.629683 
442.344380 340.269452 742.171470 373.468300 694.448127 439.865994 343.785303 394.217579 
448.569164 330.932277 742.171470 363.093660 694.448127 428.453890 346.897695 381.768012 
446.494236 317.445245 738.021614 353.756484 691.335735 421.191643 343.785303 373.468300 
444.419308 311.220461 738.021614 345.456772 688.223343 417.041787 342.747839 366.206052 
443.381844 304.995677 733.871758 336.119597 686.148415 407.704611 343.785303 358.943804 
438.194524 295.658501 727.646974 333.007205 684.073487 403.554755 336.523055 354.793948 
437.157061 297.733429 723.497118 328.857349 676.811239 400.442363 338.597983 351.681556 
436.119597 293.583573 722.459654 327.819885 675.773775 403.554755 334.448127 353.756484 
428.857349 296.695965 718.309798 330.932277 674.736311 403.554755 334.448127 356.868876 
427.819885 298.770893 718.309798 327.819885 671.623919 403.554755 331.335735 361.018732 
429.894813 298.770893 714.159942 331.969741 670.586455 407.704611 332.373199 364.131124 
425.744957 301.883285 714.159942 331.969741 667.474063 409.779539 329.260807 368.280980 
422.632565 304.995677 710.010086 334.044669 664.361671 407.704611 332.373199 370.355908 
425.744957 303.958213 713.122478 334.044669 663.324207 409.779539 332.373199 372.430836 

