553.644759 285.025790 570.416805 285.025790 570.416805 302.995840 553.644759 302.995840 
553.799737 284.100199 572.501688 284.810400 572.195744 301.943258 553.799737 302.091949 
553.867381 283.565573 573.897114 283.710716 573.750691 302.004658 554.129978 302.004658 
554.498406 283.758789 574.124490 284.115627 574.124490 301.957522 554.457938 301.527626 
554.247757 283.455436 573.736672 283.610110 573.736672 301.397612 554.557105 301.088264 
554.817603 282.856331 573.714329 282.856331 573.484498 300.846543 554.626727 300.989553 
554.630877 282.617099 573.907889 282.804255 573.533578 300.584023 554.256566 300.584023 
554.153970 281.912081 573.691729 281.912081 573.238134 300.055904 554.153970 300.147323 
554.073299 282.246581 573.664598 282.246581 573.605477 299.972040 554.073297 299.972040 
553.322729 281.740876 572.431242 281.987624 572.229465 299.922707 553.276240 299.922707 
552.909270 281.557029 572.711201 281.557029 572.522612 299.850242 553.097859 299.850242 
552.983028 281.611821 572.983792 281.611821 572.687181 299.857391 552.855906 299.509473 
552.529686 281.093782 572.047835 281.093782 572.147468 300.072883 552.485700 300.072883 
551.892941 281.185101 571.870453 281.601299 571.870453 299.497820 551.966860 299.516981 
550.915750 281.264858 570.630400 281.264858 570.532330 300.255143 550.570499 300.255143 
550.147759 281.531574 569.799082 281.718730 569.986237 300.059964 549.960604 300.434275 
548.581530 281.276246 569.280158 281.358574 569.140268 299.937254 548.601401 300.003355 
548.496441 282.131522 567.771822 282.383487 567.844326 300.398141 548.470302 300.398141 
546.863267 282.325612 566.612764 282.325612 566.612764 301.125614 547.053166 300.935715 
545.790223 282.763721 565.365117 283.091781 565.389986 300.946633 545.985825 300.849851 
544.497241 282.747871 564.273494 282.889751 564.219253 301.125200 544.385184 301.125200 
542.508551 282.649187 562.585668 282.785766 562.467858 302.085567 542.500993 301.763521 
540.485370 283.157121 560.592238 283.157121 560.352871 302.067152 540.724737 301.827785 
538.963200 283.618419 559.005848 283.618419 559.027776 302.314912 538.963200 301.883090 
536.846223 283.653470 557.382227 283.847226 557.548240 302.440644 536.962670 302.606657 
535.099772 284.689428 555.410395 284.943840 555.440569 302.331956 534.892213 302.954633 
533.146079 284.728043 553.225051 284.728043 552.998917 304.531058 532.767231 304.617591 
528.991892 286.031810 549.383529 286.100524 549.608952 304.585196 528.991892 304.952910 
526.270589 286.167754 546.763155 286.167754 546.963439 305.076166 526.473486 305.442940 
523.116309 287.583782 544.862663 287.583782 544.862663 306.562419 522.992461 306.805360 
520.259339 289.030686 541.591217 289.111977 541.716476 308.388755 520.492569 308.388755 
518.099400 291.400451 538.874551 291.400451 538.874551 310.921929 518.099400 310.921929 
515.360694 293.887431 536.661387 293.889021 536.661387 312.860034 515.539022 312.860034 
512.552539 295.167991 534.688286 295.167991 534.688286 314.997931 513.013700 314.997931 
510.249206 296.986741 531.859808 297.205030 531.859808 316.632743 510.249206 316.632743 
506.714839 298.647448 528.922759 298.826544 528.743663 318.885311 506.893935 319.064407 
504.086525 301.105019 525.580464 301.105019 525.275586 320.769688 504.086525 320.769688 
500.672007 302.958414 522.671992 302.814646 522.761156 322.838649 500.672007 322.838649 
497.470759 305.627805 519.504685 305.890114 519.415634 325.321275 497.767556 325.597047 
494.108783 307.318216 517.328259 307.756319 517.328259 327.909072 494.108783 327.909072 
491.377479 309.663568 514.022145 309.663568 513.540343 330.381028 491.377479 330.381028 
488.438811 311.448246 510.337555 311.448246 510.337555 331.978318 488.666923 331.978318 
485.817625 313.390334 508.730374 313.390334 508.354756 333.298133 485.701296 333.588546 
483.670608 314.812893 506.121493 314.811516 506.121493 335.720555 484.037790 335.720555 
481.208902 316.965397 503.538823 316.965397 503.547366 336.814744 481.208902 336.868152 
478.296686 318.526127 500.715200 318.526127 500.885341 339.435564 478.265114 339.435564 
475.942638 320.349984 498.253196 320.427257 498.261275 340.883129 475.942638 341.329502 
473.010363 322.430793 495.820189 322.608994 495.998391 342.745794 473.010363 342.923996 
470.563972 324.761140 493.564397 324.761140 493.684773 345.769040 470.345547 345.332518 
468.418801 326.490013 491.310543 326.490013 491.504367 348.014784 468.573475 347.680341 
466.257004 328.560013 489.707649 328.962255 489.485592 349.774562 466.257004 349.640293 
463.476877 330.576186 486.696354 330.576186 486.720130 351.391358 463.748669 351.391358 
460.876553 332.216259 484.661758 332.239172 484.823393 353.898162 461.063157 353.736528 
458.407273 333.908345 482.446879 333.908345 482.468103 355.263145 458.369596 355.263145 
455.443420 334.464707 479.520132 334.729950 479.665601 356.323749 455.709720 356.185486 
451.858963 334.579531 476.553772 334.417065 476.478569 357.591551 451.621546 357.591551 
447.701085 335.334216 471.551891 335.171492 471.819089 357.749687 447.771307 357.482490 
442.357067 334.655059 466.676900 334.512290 466.537257 356.436283 442.099685 356.715570 
437.190244 333.996948 461.551860 333.939426 461.997408 354.987626 437.136635 354.974081 
427.014553 331.866715 455.896095 332.197662 455.896095 353.146515 427.020649 353.146515 
421.584033 329.268379 449.574400 329.268379 450.019629 350.744468 421.584033 350.834728 
411.819357 326.871244 441.437340 327.048597 441.437340 348.508333 411.642004 348.153627 
406.116160 324.163053 431.999299 324.402898 431.999299 345.948014 406.099320 346.635624 
397.365002 321.082872 423.092954 321.082872 423.166120 343.544598 396.879569 343.898225 
388.008326 318.714910 414.902124 318.714910 415.002598 340.881227 388.008326 341.305701 
380.263738 315.229426 405.703093 314.887016 405.978419 338.014348 380.648484 338.289673 
370.647776 311.473141 397.029245 311.390531 396.771525 335.100790 370.999505 334.843069 
361.973639 309.036788 388.310196 308.829414 388.313397 330.542199 361.973639 330.811107 
350.054844 304.077101 380.753200 305.100379 380.241561 327.868327 349.968107 327.728210 
344.012988 302.031901 373.144602 302.031901 373.144602 325.533035 343.278578 325.043428 
333.815680 300.479307 364.732818 301.198311 364.971142 324.680209 333.868531 324.680209 
327.788297 300.164494 355.660811 300.061623 356.016406 323.886513 328.249459 323.683725 
320.594507 300.516825 349.009094 300.615001 349.009094 324.982641 321.104212 324.982651 
315.875269 303.044246 343.523503 303.159529 343.771926 326.262893 315.948520 326.511316 
312.401479 305.038089 340.809646 305.338376 340.866926 329.854120 312.154213 329.800331 
310.406371 308.662624 338.672530 308.498286 338.672530 332.655991 310.356770 332.812512 
310.011026 311.736647 338.102990 311.511911 338.327726 336.907047 309.786290 336.907047 
309.684669 316.117422 338.814898 316.711917 338.814898 341.086190 310.279163 341.680685 
310.313180 320.735557 339.645473 321.280593 339.645473 345.849392 310.741003 345.849392 
312.527299 325.947806 342.640197 325.947806 342.640197 350.414536 312.871220 350.781098 
314.667146 331.069639 346.157879 331.252488 346.157879 355.158441 314.329197 355.063989 
320.097496 334.008965 349.299357 334.217965 349.273619 360.013770 320.097496 359.590928 
323.021283 338.368486 353.064977 339.007713 353.064977 363.937587 323.021283 363.937587 
326.663704 341.887304 355.859285 342.042330 355.859285 367.247873 327.089322 366.993271 
330.400474 344.930998 360.521527 344.930998 360.521527 369.673292 330.684974 369.633756 
334.397551 346.456531 363.938148 346.456531 364.132612 371.132519 334.397551 371.363308 
338.677479 347.177883 368.610193 347.177883 368.849655 372.081901 338.198556 372.081901 
341.776137 346.914622 371.712411 347.076892 371.712411 372.305580 342.086061 372.305580 
345.031713 345.991655 374.820082 346.755459 375.074684 372.470205 345.031713 371.961002 
347.843062 345.344508 378.629834 345.290448 378.403510 370.620067 348.072840 370.620067 
351.098394 343.021538 381.285302 343.401247 381.475157 369.031641 351.098394 369.221496 
353.791531 340.517658 384.653614 340.845066 384.653614 366.051562 353.875155 366.051562 
356.412452 337.862208 386.544133 338.457178 386.412666 363.472147 356.358699 363.564688 
358.147362 334.429043 389.003766 334.702466 388.666963 361.028696 357.775514 360.120811 
360.288526 330.560302 391.148729 330.790602 390.918429 356.814505 359.872185 357.061711 
362.411795 327.278621 392.805945 327.543369 392.577571 353.809966 362.593516 353.264802 
364.163839 324.055124 394.926672 324.302463 394.646611 350.628252 363.886227 350.220447 
365.733489 321.291951 396.857993 321.291951 396.857993 346.883209 365.733489 346.883209 
367.384848 317.519141 399.140093 317.685557 399.140093 344.031074 367.384848 343.860793 
370.163463 314.269116 401.281732 314.818262 401.492550 340.770504 370.163463 340.628120 
372.574411 311.371868 404.082618 312.560857 403.488124 337.529625 372.574411 338.124120 
374.172209 308.316288 406.236288 308.901681 405.840391 335.228812 374.366603 335.426760 
375.544471 305.644322 407.020809 306.787913 407.220702 332.574200 376.237180 332.574200 
376.931244 304.009313 408.814288 304.229196 408.594405 330.835047 376.931244 330.615164 
378.292970 301.778537 410.596190 302.529775 410.220571 329.198713 378.292970 329.574331 
380.186190 301.907685 412.110102 301.907685 412.110102 327.986373 380.690584 327.758680 
381.791921 300.089499 413.830502 300.574932 414.315935 327.759183 382.277354 327.759183 
383.906283 299.297039 416.092106 299.531972 415.857172 326.549268 383.671350 326.314335 
385.895262 299.387142 417.715399 299.848304 418.057166 326.059489 386.053583 325.703893 
387.352979 298.671429 420.538904 298.671429 419.825228 325.434272 388.066655 325.434272 
389.634859 297.918375 422.160715 298.272994 422.054505 325.956988 390.072962 325.956988 
391.521870 298.272418 424.335789 298.550983 424.339095 326.344984 391.687866 326.403166 
393.321353 298.502036 426.751430 298.502036 426.751430 326.673449 393.321353 326.673449 
394.848629 299.336329 428.513411 299.336329 428.513411 326.544852 395.294158 326.568819 
396.501154 299.788600 429.713768 299.788600 429.713768 327.465778 396.896543 327.465778 
397.299187 301.632360 431.033143 301.632360 431.088494 329.569471 397.460486 329.415918 
398.746692 303.151919 432.176769 302.776300 432.494573 331.461710 399.497930 331.323332 
398.766967 304.688193 433.191028 304.688193 433.191028 332.657743 398.766967 333.195619 
399.914725 307.624509 433.764027 307.260926 434.287462 334.936900 400.472121 334.936900 
400.119676 307.971520 435.186200 307.971520 435.462314 336.963528 400.948019 337.791871 
401.006796 309.989386 435.620072 309.989386 435.976910 337.822743 401.363633 338.536418 
401.136226 310.335215 436.325780 310.335215 436.721169 339.593946 402.322390 340.384723 
402.698257 310.656065 437.926552 310.192337 438.355582 339.779326 403.818382 339.966014 
403.313658 311.421035 438.738741 310.454896 439.704879 339.117008 404.279797 339.761101 
404.381287 309.052682 440.129323 308.905711 440.524711 338.559830 405.335157 339.350607 
405.924933 307.828046 440.739778 307.883451 441.754224 337.640520 406.586778 338.316817 
405.660716 306.870579 441.696375 306.057903 442.112573 336.024171 406.681840 336.483187 
405.769062 304.758069 442.482329 304.113977 443.126422 333.098135 406.735200 334.064274 
406.392307 302.252578 442.906924 301.786093 444.172215 331.437057 408.591137 332.036738 
406.973186 299.690745 443.924221 299.690745 444.520206 327.702014 407.569170 329.489967 
406.253245 297.058479 443.165376 296.767832 444.037316 326.413795 407.415832 328.157676 
403.728005 293.806136 441.190257 293.233282 442.281098 323.159059 405.918521 324.473369 
403.728007 290.901109 440.517703 290.102046 441.231378 320.076430 405.059747 321.364664 
403.147023 286.835435 440.895076 286.461692 442.390048 316.734883 405.015739 318.229855 
403.218166 282.883625 441.399821 281.813112 442.827173 312.858009 405.002356 313.571685 
403.105349 278.772268 441.062621 278.376879 442.248786 309.612552 404.686902 310.403328 
403.678022 274.925846 441.637371 274.047344 442.751092 305.096191 405.409108 306.332680 
404.255490 269.734968 442.512269 269.734968 443.695469 300.892551 406.227489 302.470150 
404.711611 264.804977 444.730257 264.804977 445.345929 297.435566 405.942954 298.051237 
406.879748 261.572665 445.606817 260.496913 446.144693 292.231594 409.031252 293.307346 
406.361084 256.851228 446.888026 256.851228 447.484011 287.246435 408.745022 287.842419 
408.323852 251.959191 447.522571 251.498030 448.444893 284.240489 410.168497 285.162812 
409.745226 247.187814 449.405106 247.187814 450.615655 279.186953 411.589871 280.391435 
411.785704 243.012458 452.529314 243.012458 452.967417 274.994001 414.414324 275.870208 
414.919441 238.302886 454.348741 238.302886 455.663051 270.284430 416.671854 272.036843 
416.655517 233.338256 457.237720 233.338256 458.389808 266.580421 418.500162 267.464200 
420.326285 228.776964 461.369650 228.776964 462.291972 262.441746 421.123302 263.761158 
422.688291 225.252329 463.808670 225.647717 464.204058 259.651107 425.060621 260.046495 
425.929509 221.938894 468.036381 222.652570 468.393219 256.195333 428.070536 256.909009 
429.051760 218.972986 470.952297 219.483968 471.463280 253.208791 430.073724 253.208791 
432.816293 216.893188 474.332060 217.767204 475.206076 250.542809 434.127317 251.853833 
435.449945 215.961914 479.046207 215.961914 479.612392 249.933027 436.016130 249.933027 
438.588202 214.677541 481.791744 215.648407 481.306311 250.114154 439.073635 250.114154 
440.865618 215.286756 486.343030 215.286756 485.832048 249.522561 440.354635 250.544525 
444.346719 215.981767 487.376796 216.547952 487.376796 251.651436 446.045275 252.217621 
446.758502 217.714706 490.932910 217.714706 490.789197 253.907992 448.214801 253.636752 
449.481244 219.461195 492.790943 219.605293 493.780135 256.205384 450.503001 256.205384 
451.804390 220.741439 495.763698 221.079588 496.101846 257.937776 452.818836 257.937776 
454.207530 222.741615 497.637828 222.878952 497.637828 258.315565 454.919719 258.315565 
454.590915 223.004438 498.877718 224.129376 499.989843 260.551455 455.782884 260.551458 
455.456253 225.071386 500.422683 225.071386 500.422683 261.862102 456.478217 261.862102 
455.057757 225.388376 500.948559 226.580344 500.948559 262.339411 456.845710 262.935395 
455.075425 226.431531 500.706132 226.916964 501.191565 262.839010 456.531724 263.809876 
455.154102 226.496228 500.866357 226.833723 501.421273 264.120081 456.170963 264.120081 
454.705305 226.701333 500.578728 226.701333 500.849059 264.372708 455.215009 264.929186 
455.248965 226.515658 500.604940 227.304458 500.974111 264.931653 454.854565 264.772437 
454.492128 227.013445 500.931081 227.889651 500.868649 265.307976 455.368334 265.128434 
452.182289 227.133989 499.628880 227.133989 500.411167 265.293065 453.014685 265.840419 
450.144704 227.064750 497.986683 228.250915 498.382071 265.812800 450.540092 265.812800 
448.615105 226.855385 496.721056 227.675373 497.299221 266.515443 449.435092 266.761458 
447.884443 228.326656 496.221225 228.606214 496.926024 267.135228 448.300641 267.865481 
448.089283 228.901158 496.142292 229.796750 497.022743 269.051689 448.735503 269.463655 
447.054357 230.441689 497.130609 230.952671 496.619627 269.787315 447.565339 270.809279 
446.608635 231.920804 496.042798 232.386867 496.042798 272.243476 447.499492 272.243476 
444.222678 233.007902 494.683443 233.007902 494.683443 272.764869 445.751792 273.274573 
443.635391 233.189541 493.732189 234.100392 494.035806 273.266980 444.917450 275.352318 
442.275371 234.275336 493.049661 233.798582 494.003169 273.845910 444.659141 275.514548 
442.772270 235.056673 494.468463 235.056673 495.344669 275.800283 443.648476 275.800283 
443.018909 235.078019 494.821335 235.384357 495.541689 275.964266 444.717465 276.975725 
444.026014 234.575691 496.115054 234.575691 496.681239 275.907212 446.020427 276.878617 
445.422049 234.945095 497.031247 234.945095 497.542229 275.312686 446.954995 276.334650 
446.939133 233.412482 498.560213 233.120569 499.594358 274.177818 448.637688 275.876374 
448.987520 232.540389 501.524884 232.048458 502.035866 272.927031 450.937650 275.481941 
451.005282 230.717177 503.944846 231.004892 504.997433 272.169931 453.307002 274.449859 
453.286017 230.519400 506.787961 230.088854 508.244984 272.035167 455.722921 272.806724 
455.820362 229.087714 509.943848 228.861255 511.302597 270.982462 458.311401 272.567669 
459.037565 228.126282 513.559525 227.293885 514.808119 270.578494 461.534754 272.243287 
462.699705 228.063653 517.577912 227.141331 518.961396 268.645857 464.544351 271.873986 
464.880387 228.614987 521.498909 226.916431 522.631279 269.380322 466.578942 272.211249 
468.674833 227.034738 524.848460 226.859743 527.380352 270.851370 471.223357 273.417866 
471.348057 228.276443 530.473803 227.766738 531.773747 270.603922 473.386876 274.659571 
475.829547 229.825003 535.319367 228.902681 536.241690 272.251852 477.674192 275.479982 
479.424712 230.833235 537.162596 229.592866 538.618895 273.281841 481.337795 276.679872 
482.961817 231.535515 540.922887 230.615498 542.762921 273.856297 486.181876 277.076356 
487.032810 231.522540 545.300553 230.208230 547.052967 274.894770 489.223327 278.837700 
489.907224 231.830919 548.670173 230.297972 550.814829 275.798717 492.462135 278.841278 
492.119340 231.427634 552.313769 229.639680 553.505738 275.530482 494.503278 279.702373 
494.009573 231.353052 554.052788 229.900393 555.989665 275.901243 496.430671 279.290779 
495.211309 230.313294 556.263563 228.637773 558.153440 274.624772 498.439439 279.196402 
496.092007 228.827787 558.227438 227.371488 559.683737 273.973061 499.975472 277.371092 
496.826658 227.705444 559.290970 225.768567 561.227848 273.222075 500.700414 275.643172 
498.567582 226.013896 561.413505 225.181499 562.662099 271.795694 501.480969 275.125279 
498.024807 224.540650 561.596728 222.849907 562.611173 269.852551 501.744440 273.910333 
497.403721 223.907801 561.082040 221.826811 563.579229 269.273401 502.398099 273.019185 
496.535115 221.747876 560.605360 220.680038 562.741035 267.664885 500.450519 271.936234 
496.147579 220.858563 561.008777 219.018529 562.848811 266.399404 499.827647 270.999489 
495.397626 218.831428 560.740738 217.166635 563.237927 266.278019 499.143410 270.440000 
494.830791 219.253894 560.849686 217.312162 563.276851 266.826333 498.714255 269.738931 
493.091205 218.251055 560.708302 217.129564 562.674595 266.424171 497.373259 270.706226 
493.471159 217.956608 560.556684 216.886094 563.411387 266.486562 496.682700 271.482293 
491.938837 217.216262 560.410447 215.683316 562.965358 265.759567 495.515712 270.358407 
491.246550 216.484237 559.648718 214.507296 562.021048 265.116993 495.200433 269.861652 
489.713385 214.863309 559.089993 212.650858 562.188893 264.388444 492.779278 269.027418 
488.653362 213.740960 559.664104 211.599932 561.805131 263.341428 491.864903 268.337159 
488.684583 211.988909 559.212702 210.378678 562.433164 261.906071 491.905045 267.058811 
487.596050 210.089991 559.677306 207.948964 562.532009 261.474649 491.164429 265.399866 
487.657061 207.235527 559.360752 206.079015 563.215790 258.915779 491.573884 264.414141 
487.105881 205.558560 561.498555 203.778831 564.195740 257.627798 490.665339 262.153943 
487.572435 202.986492 562.050001 201.234079 564.678621 255.558892 491.515365 259.501822 
487.255501 199.739700 563.374659 198.162101 565.741058 252.589271 491.593898 256.927669 
488.447349 197.375280 564.611613 195.710487 567.108802 251.064843 492.193133 255.226825 
487.666422 194.041514 566.327875 192.661488 569.087926 248.782525 491.806498 253.382610 
489.394266 192.312928 566.705167 190.254586 568.910023 245.690968 493.083557 250.880426 
489.442050 189.016295 569.176856 187.263882 571.367373 244.217315 493.384980 248.160245 
490.344910 187.254384 570.441363 187.254384 572.868529 242.593752 492.286642 247.933516 
490.239030 185.325410 572.534052 184.787534 574.147680 241.802386 495.079914 246.105393 
491.822550 184.096676 575.472975 182.936609 577.316518 241.281383 494.653476 244.678494 
492.470929 182.319472 577.964897 181.187102 579.221264 238.196339 495.301855 245.166032 
494.089517 180.549886 579.040301 179.579020 581.952900 238.316420 498.458415 243.656183 
496.445158 179.698121 582.563977 178.952503 585.173638 239.347519 500.173245 243.448415 
499.235680 179.090221 585.862018 178.524035 588.126759 239.105854 503.198976 243.069150 
501.431246 179.825249 588.809196 178.854382 591.236361 239.533514 506.285577 244.387845 
502.980493 179.936158 592.044683 178.863095 595.263871 240.564191 507.272743 244.856441 
506.371463 180.819589 595.435653 179.746527 597.581778 241.984154 510.127181 245.739873 
507.754390 179.830931 598.709215 178.808966 600.753144 241.148790 511.842248 246.258612 
508.683395 179.265153 600.122308 178.727277 602.811688 240.583012 513.524279 245.961772 
509.803181 178.734471 602.496623 178.273309 604.341268 241.913583 513.031311 246.986358 
509.658603 178.209101 604.751965 176.888360 606.733077 240.944305 513.620826 245.566899 
510.833705 176.535034 606.148485 175.515625 608.187304 240.757827 514.911343 246.364579 
510.892083 176.140005 607.007827 174.683706 609.434993 239.731735 515.260980 245.071499 
510.708851 176.083591 608.099221 174.834996 611.012608 241.010504 515.703229 246.004882 
510.836265 175.666192 609.738091 174.286166 612.246021 241.171090 514.056324 246.967509 
510.902168 174.711350 610.051869 174.250188 612.818838 240.657430 514.130298 246.191367 
510.596044 174.998228 611.689831 173.868689 613.948910 242.205830 513.984663 247.853527 
509.520774 175.849593 612.853517 174.666394 614.825516 243.686356 513.070372 249.207953 
508.668235 177.465971 613.351873 175.621326 614.735357 245.717859 513.279849 251.251795 
507.513803 179.736161 613.001226 178.634464 616.030891 249.418453 511.645165 254.376086 
506.631032 180.634085 612.236992 179.250601 615.465122 250.269457 509.859161 256.725716 
505.162120 180.933395 613.811746 179.180982 616.002263 250.591825 509.105050 257.163375 
503.811300 180.582593 613.376633 178.888284 615.070943 250.614043 508.329458 256.826511 
502.976943 180.990233 613.914779 178.352975 616.414982 250.483807 506.553818 258.148539 
501.499520 179.343757 614.140579 177.466406 616.643714 251.308879 505.880005 257.566715 
500.016258 178.038475 614.292053 176.585817 617.197370 251.639835 504.374234 258.418907 
497.917714 177.727410 613.538696 176.535441 615.922633 251.033496 502.089605 257.589325 
496.385623 175.853073 612.629770 175.437916 615.951032 249.335981 500.122042 257.223976 
493.921788 173.762648 613.368580 173.011410 616.373531 249.262035 498.804833 256.398793 
493.183723 172.030290 612.785932 171.154084 616.259986 248.070890 496.250446 255.269923 
490.623908 169.218978 613.292840 169.218978 615.598647 247.155254 495.235522 253.150353 
487.576240 168.104422 613.473302 168.104422 615.317948 247.885344 493.110177 253.419281 
485.279795 167.844375 611.740540 167.074524 614.289064 246.588458 489.805553 253.485627 
482.975142 165.655969 611.707781 166.251953 614.091719 247.305837 486.551049 252.669697 
479.607452 165.110726 610.962423 165.676911 613.126132 247.703367 484.136934 252.869435 
476.197234 165.616817 610.383131 166.183003 612.081687 249.978415 481.292901 255.074082 
474.329187 166.071123 609.279576 167.041989 610.735875 250.051041 478.698085 255.876238 
471.437908 167.397754 610.247490 167.858915 610.708651 252.712613 476.049522 258.246550 
468.498161 168.437087 609.018255 168.437087 612.084148 253.260126 472.586018 259.902894 
466.156934 168.699997 609.769815 169.237873 611.383442 256.911654 471.535693 263.366165 
465.094478 171.977433 610.724394 171.977433 612.257340 259.866365 470.204299 266.509133 
464.044864 172.808528 612.385391 173.374713 613.517762 262.831978 468.574346 269.060016 
464.495097 174.267718 613.105632 173.930176 615.464777 264.558266 467.893128 271.354329 
462.703782 174.238057 615.078662 174.238057 616.688256 265.448373 466.996032 272.423279 
461.479756 174.367001 615.847467 173.881568 618.274632 266.113848 465.848654 273.880777 
459.329438 172.919691 616.585476 173.380853 617.968960 265.151971 463.941052 272.530554 
457.189460 170.442793 616.653492 171.266896 618.301699 265.214698 460.897926 273.043682 
455.074704 169.010943 616.642344 168.892344 618.901423 264.338433 459.071582 271.115670 
451.968782 166.146527 616.401055 166.146527 618.804936 262.782192 457.912117 270.485077 
449.108656 164.771204 616.861497 165.520229 619.077459 262.126753 455.025291 269.657016 
447.331003 163.674616 616.088703 164.301968 617.970759 262.796239 451.722467 270.951816 
443.004638 163.357991 618.820049 163.357991 621.203987 262.887392 447.772514 270.635190 
441.982338 163.436297 616.169221 162.841802 618.547199 264.500358 446.738294 272.228787 
437.329779 163.813428 617.555475 165.064995 620.684393 267.693516 443.587616 273.951353 
435.673115 165.998640 615.720014 165.998640 619.025031 269.516315 441.334967 276.970944 
432.964041 167.955879 616.917619 167.955879 618.531247 271.765939 439.956428 281.447706 
429.839902 170.893367 616.114840 170.893367 618.945766 276.203818 436.446746 284.326727 
426.388419 172.202023 616.590979 171.369627 619.088168 279.164952 432.631391 288.737509 
423.263505 174.746832 616.173955 173.507579 619.065546 281.735711 430.699026 290.410485 
421.451716 176.984943 617.040401 174.012470 619.418379 283.399455 428.585650 294.100356 
417.920442 178.856335 616.791040 176.346926 619.192743 287.192181 424.821314 296.171167 
416.751453 180.249015 616.876755 178.366959 620.013515 289.408271 422.397621 300.073255 
413.857088 182.148657 616.899750 179.218382 619.575699 291.073080 419.949851 302.312069 
411.542402 182.725481 617.153627 180.530343 619.348765 293.214075 417.396102 303.458051 
409.038153 181.851096 615.782418 179.418810 618.214703 293.736228 415.524247 303.465369 
405.619433 179.691754 616.137360 177.912730 618.509393 293.549337 412.142524 303.037469 
402.491476 177.708718 614.484092 176.745115 617.905801 291.814724 408.273093 302.013479 
399.772708 175.385348 614.896197 174.653635 616.359622 291.727642 405.626408 300.508193 
395.016632 174.004647 613.564126 173.438462 615.262682 291.771173 399.546113 300.830137 
389.906350 172.089095 611.783562 171.588244 612.785265 291.792602 396.417420 299.305375 
384.634010 170.030653 609.290345 170.656437 611.793480 292.058468 390.891846 298.316304 
382.326506 169.885707 609.023742 169.885707 610.480041 291.729403 388.637136 298.525466 
379.767187 170.527066 606.300873 170.527066 608.804008 293.806448 384.773456 300.064285 
376.746853 169.140388 608.635545 169.752231 608.635545 293.956465 382.253445 300.686743 
375.456807 168.008765 607.231379 170.703818 609.616224 294.987566 380.846914 299.168018 
374.800005 170.096828 609.340817 171.118793 610.873763 296.820404 378.887862 301.930226 
375.781574 170.708444 611.533869 172.689555 612.194240 299.480705 379.743798 304.103299 
376.597887 171.657962 615.587649 174.637884 615.587649 302.178555 381.365763 306.350446 
378.105693 172.237150 618.168226 173.935706 618.168226 302.459751 381.502804 306.423047 
379.431895 171.006273 621.080469 172.850918 621.541631 303.359595 383.582348 305.665402 
380.671722 168.923861 624.429359 171.307799 624.429359 301.828391 384.247629 304.808314 
382.086426 166.944517 627.036031 169.328455 627.036031 301.637001 386.854301 303.424954 
383.841529 164.360012 629.340801 167.265329 629.322790 300.547737 387.613236 300.547737 
384.982037 162.318384 632.315581 164.702322 631.977123 300.272051 387.961959 299.990790 
386.473771 159.884461 634.972464 162.573841 634.972464 298.656459 389.701027 297.042831 
386.912371 156.921012 638.545536 161.213263 637.472474 298.028736 391.204621 297.492205 
390.371091 155.865522 641.311909 159.167374 640.651538 297.184824 392.352203 295.203712 
391.994901 152.971038 645.716227 158.532053 644.325973 296.167183 395.470536 293.386676 
394.823002 152.047181 647.520405 156.219072 648.116389 296.871400 397.206939 292.699509 
396.841772 149.829053 651.258224 154.694941 650.563097 296.500832 399.622279 291.634944 
398.882132 150.162166 656.907082 154.013285 653.826187 294.964228 402.733250 291.113109 
402.368639 148.515570 657.443633 153.125359 655.138739 296.028819 405.441832 289.882434 
405.549445 148.878764 661.109679 153.731174 657.066005 296.877254 407.975649 291.216110 
408.974161 151.713682 663.147993 157.105248 661.607545 300.366863 409.511724 293.123916 
411.587222 152.636662 668.089055 158.892804 663.918293 305.564584 412.282349 295.832807 
415.594972 156.757274 671.158383 162.040238 666.535789 307.982135 414.934601 298.076576 
417.082827 159.266424 673.694417 166.181107 668.316329 312.926059 419.387721 302.169884 
419.475763 164.503213 675.575155 170.356913 670.453167 318.894560 420.207476 307.187159 
421.484944 165.171104 677.758139 173.036266 670.548407 320.508053 421.484944 310.021171 
422.908904 166.706268 678.298879 174.813886 671.812784 323.994062 421.287381 311.832634 
423.945954 169.796529 679.057533 177.442925 671.528909 326.984258 422.555700 311.602420 
423.326497 170.225895 678.229538 179.471083 671.910372 329.286143 424.647238 314.186680 
423.644138 170.537557 678.547180 179.122375 670.622733 330.347236 422.983768 315.158713 
423.449287 171.583751 677.715070 180.147107 670.469154 332.311345 424.108006 317.160793 
426.010468 174.012593 676.660665 181.542857 669.130401 334.837505 424.396840 317.087599 
425.691811 174.853858 677.197246 182.601656 669.109364 337.215290 424.499843 319.082093 
428.479622 177.067417 678.793088 184.694697 670.472419 338.627078 426.399455 319.905572 
430.046753 177.414996 677.365593 186.195547 668.585043 340.586894 427.851615 321.562368 
432.593109 178.717678 677.067509 186.381452 669.403735 341.956070 430.293977 322.796634 
436.463884 180.048249 678.159514 187.312325 670.401524 343.620948 433.162031 324.009034 
438.489772 181.876997 678.765605 188.150518 671.237381 344.988529 436.607716 325.540616 
441.695615 184.896130 680.089392 190.542299 672.561168 345.498254 439.186207 327.305044 
444.761688 186.221161 681.104840 192.477303 673.392379 347.694548 441.981180 329.417306 
446.939310 190.171412 680.941622 194.562876 674.668102 350.773535 445.057254 330.698270 
449.781345 194.465394 681.650661 199.076431 675.722184 354.534268 449.781345 336.090118 
453.348718 197.881445 683.157677 202.504039 675.893601 359.011865 451.367606 340.521489 
454.216649 204.053064 682.044496 204.713435 676.101161 361.881631 454.216649 344.711996 
458.300352 206.793273 682.204391 208.256698 677.082404 365.574895 459.032065 346.550369 
461.274670 210.773665 682.086906 212.472221 676.991239 367.606971 462.407041 350.055229 
464.037983 212.965895 680.801994 214.041647 677.574739 369.487799 465.113735 352.275768 
466.977587 216.428564 680.340017 216.428564 676.764111 368.404597 467.573572 352.313017 
469.112067 218.003252 679.109909 216.682511 676.468427 369.228114 470.432808 352.718849 
472.330376 217.815113 676.958059 217.490226 675.746464 367.084472 474.324238 353.392244 
475.365248 219.590430 675.457531 216.948947 675.457531 366.853067 476.685989 352.985285 
477.546206 219.472357 676.317748 216.170504 675.657378 364.753883 480.848059 350.886101 
482.583549 217.893776 676.576485 216.016425 675.324918 363.075586 485.086684 348.056778 
484.892855 218.517712 676.747884 213.651823 676.052757 359.628476 488.368489 348.506446 
490.323696 217.584847 677.731003 213.055365 677.731003 357.998782 492.022251 345.542707 
495.502544 217.653339 679.532770 211.751495 677.923176 356.078406 498.185201 344.274718 
501.828040 217.722077 681.878077 212.075908 681.250725 353.230118 504.964801 341.937781 
509.013256 216.904854 685.299181 211.886038 684.671829 351.158192 513.404721 339.865855 
517.368056 216.849446 689.058062 210.947602 689.594594 350.445732 520.050712 338.642044 
526.970383 217.719730 695.096629 211.738637 695.985680 349.097043 528.046135 337.666069 
535.412235 219.077846 701.481438 214.479007 701.481438 348.867315 537.967146 338.647672 
544.630354 222.196773 708.680307 216.635758 708.680307 350.100126 547.410862 338.282969 
556.061881 223.898938 716.531930 219.276344 715.211189 351.350459 557.382622 340.784529 
566.713663 225.523633 723.546969 220.994151 722.980784 350.084381 568.412219 340.459233 
576.920146 227.245500 729.831558 223.847468 729.831558 351.030928 578.861878 339.865968 
587.376254 229.149424 736.620003 225.187200 735.959633 351.317980 588.036624 340.091680 
594.695652 230.156814 742.062558 228.071433 742.062558 351.804025 597.476159 339.986867 
602.529233 231.817797 749.002269 228.598610 747.392675 349.854677 604.138827 339.124051 
610.564676 233.100645 753.243351 230.597511 753.243351 350.747974 611.816243 339.483868 
617.892890 232.503269 757.212176 229.105238 755.755877 349.007202 619.834622 337.842242 
624.883129 232.752141 760.427871 230.062761 758.814243 347.319721 625.958881 336.562201 
629.449410 231.369871 762.458066 228.942706 761.001767 346.417505 630.905709 334.767112 
633.540667 230.129238 764.607591 226.731206 762.180426 342.749706 634.026100 332.070179 
636.297836 228.394000 764.039544 225.165870 762.656060 339.533898 637.681321 328.927186 
638.592374 224.622792 764.028275 221.855824 762.183630 335.762690 639.514697 325.155977 
639.892683 221.366960 762.671142 218.453573 761.181306 331.706851 639.892683 320.838321 
641.726374 217.209800 761.191455 214.378874 759.163319 326.158808 642.292559 315.159843 
642.042892 212.733479 759.826972 209.820092 757.114801 320.679681 642.042892 311.372444 
641.779369 209.178977 756.608557 206.412009 754.302750 315.707261 641.779369 306.022872 
642.582235 204.913976 754.736687 202.723460 752.984274 310.934982 641.267925 301.296709 
641.279534 202.264905 752.880593 199.036775 749.652463 307.870866 641.740696 298.186476 
641.043940 199.546488 750.109093 196.566566 748.321139 304.439750 641.043940 296.095968 
639.728294 197.126774 746.227734 193.899518 744.076230 301.474710 639.728294 290.717191 
638.162474 196.580224 743.986880 194.638491 740.588848 299.977464 636.706175 289.783370 
636.874535 197.547936 740.146719 197.010060 736.919463 299.206492 635.260907 288.986849 
635.344775 198.296659 736.465455 197.220908 734.313951 299.417340 635.344775 289.197697 
633.613223 200.025364 733.126999 199.054498 729.933559 297.947249 632.642357 288.859613 
632.782369 201.171163 730.047880 201.171163 726.908394 299.180368 631.200816 289.342744 
631.782386 202.124442 726.781634 202.124442 724.014666 300.351820 629.476579 290.206269 
630.649873 204.262654 723.945142 204.262654 720.757263 301.365106 628.401795 291.188367 
629.700934 206.742875 721.702633 206.304772 718.197806 303.125608 627.510417 292.173025 
628.352305 209.229597 718.375968 208.355581 715.316912 303.623341 627.478289 294.446171 
628.375154 209.763115 716.586811 210.300991 713.359555 304.429284 626.223650 293.133889 
627.443630 210.389159 714.122740 211.333134 710.913843 302.621439 626.982468 292.475888 
627.606609 209.999617 713.343431 210.415815 710.013846 301.563213 625.941817 291.990655 
628.058928 208.827527 712.174767 209.265630 709.108044 298.638709 626.744618 289.438539 
627.633450 207.196120 711.403419 207.196120 708.982322 296.292502 627.633450 287.092332 
628.891017 206.076566 710.908939 206.431622 707.744247 293.248670 627.470793 284.543929 
629.707216 203.972820 709.120532 204.492519 707.719722 290.502249 627.673240 282.619893 
630.606483 202.528356 710.516530 202.944555 707.593447 288.031211 629.357888 280.357413 
632.195463 201.776642 710.529028 202.313173 707.846372 286.548582 631.658932 279.037144 
633.654235 201.019957 711.150333 200.624569 708.778004 286.028432 631.677294 277.725279 
634.735163 199.579384 712.671440 200.040546 709.020503 283.808368 633.812840 275.209854 
636.999492 199.495755 713.135834 199.495755 710.069941 281.763883 635.466546 274.610133 
638.133364 198.899091 713.860921 199.384524 710.462889 281.422710 637.162498 273.655781 
640.248230 197.971458 713.543339 198.622578 709.634229 278.652852 638.096726 272.198341 
640.099021 196.875218 713.607628 197.588894 710.752925 277.877421 639.028507 270.383825 
641.094354 196.421214 713.588790 196.421214 710.959458 276.052409 639.591878 268.540032 
641.782285 194.178511 713.742947 196.155452 709.789065 274.442327 640.596120 266.534561 
642.176436 192.642200 712.990918 194.140920 709.618799 272.448997 640.303037 263.831362 
642.349419 190.782517 712.877538 191.426609 709.780841 269.882119 640.095096 261.632682 
641.968886 187.001269 712.819052 188.696249 708.751100 266.326334 640.273906 257.851434 
642.042385 184.221402 711.131280 185.053799 707.424539 261.770920 640.377592 254.558892 
642.448129 179.862794 710.850297 181.839735 706.896414 257.754280 639.680411 249.846515 
641.053625 175.926812 709.901748 177.002564 706.136616 253.380950 639.977873 244.774934 
641.908367 170.801317 709.237931 171.723639 706.009801 246.892948 639.141398 239.053204 
640.987559 165.507306 708.598950 165.902694 705.040456 241.817239 639.010617 235.095639 
640.306352 160.044856 706.644420 161.981734 703.254884 236.067313 638.853694 229.288240 
640.464956 155.173004 706.494795 156.359169 702.540913 232.669102 637.301850 224.761337 
638.464263 150.799543 705.932176 152.113853 701.989246 228.343832 637.588057 221.334179 
638.300297 146.121033 704.288516 147.869065 700.792451 223.908470 636.115257 216.042325 
635.550934 143.537693 700.894046 145.202486 697.564461 221.782948 633.053746 213.875183 
632.661484 142.143495 699.068725 143.526979 695.379434 218.696288 630.355677 211.778867 
630.827828 141.575591 696.587138 142.824186 692.841355 217.739855 628.746838 210.248288 
628.479919 141.440632 694.329893 142.864415 689.712898 218.450121 625.632353 210.494118 
626.187957 141.774259 691.367711 144.265205 687.216134 217.748112 623.281853 209.860116 
624.698049 143.083952 689.624962 145.164943 684.214386 219.248216 621.784662 210.508054 
622.365476 144.173740 687.835840 146.145739 682.708643 219.504099 618.421478 210.827303 
619.738922 145.013592 685.685002 148.241722 679.689904 221.105223 614.666147 211.420834 
616.277057 145.498002 682.381279 148.887962 676.618347 223.467083 611.870109 213.297203 
613.209272 146.868348 680.314845 151.484075 674.278894 224.625599 609.303656 215.039089 
609.870455 149.167129 676.680310 153.130426 669.886088 226.734504 606.473343 217.109356 
606.557123 152.631137 675.003183 157.000034 667.721687 231.271292 602.188225 219.620898 
603.677409 155.780422 671.431430 162.053943 663.275853 234.199428 598.658593 222.279739 
600.036308 160.306937 668.967801 165.646701 660.715439 239.917958 593.725678 228.267565 
597.052820 166.150003 665.013448 172.281789 657.348715 245.352238 589.899070 232.066702 
592.752321 170.471105 662.817443 178.714060 653.450448 252.900660 584.509366 237.538788 
586.704113 175.459322 659.908748 184.974180 648.109530 258.391536 578.188238 243.970269 
583.055842 180.033971 655.342891 190.548451 643.514101 264.149810 571.227052 247.939987 
578.286820 183.675811 650.393152 196.786054 638.593934 270.640418 567.361618 252.286079 
572.733581 187.849438 647.847959 202.667921 633.029476 276.249352 560.470009 257.343012 
569.689393 192.334174 644.931516 209.324331 628.912226 282.624722 556.097268 260.780234 
567.283535 196.565987 643.447799 214.046309 625.135079 287.297186 551.884203 263.573891 
565.895223 198.011030 642.542547 219.472281 622.103261 292.031747 546.988883 265.971657 
564.540761 200.409672 640.975440 223.639819 619.322971 295.923602 544.308052 267.477355 
561.831594 201.794924 640.513857 227.890549 616.395173 301.037377 540.480628 269.010928 
561.297630 203.358380 639.477901 231.973381 612.650056 303.050104 537.792451 269.275079 
562.027667 202.853922 640.907624 234.781523 610.858117 306.149103 535.734348 266.709125 
563.097649 202.490764 642.708670 237.927377 609.213789 307.829737 535.427965 266.082494 
566.956185 200.401803 645.617638 239.940629 608.992199 309.445722 534.492728 264.912519 
570.718618 199.226551 647.438767 242.760775 609.257111 310.203138 535.034828 262.743697 
574.788233 198.029188 651.082992 245.637117 608.968285 311.860968 535.725316 259.980532 
579.454306 197.239099 653.694431 248.088499 608.607962 313.175732 537.079805 257.580388 
582.476550 197.145996 657.224699 251.235110 609.521106 314.714694 538.529145 255.366917 
586.714926 196.269451 659.861753 254.391525 608.856668 316.072093 540.849888 253.205360 
591.091352 195.410672 662.677436 257.840397 609.404071 317.356734 541.147572 250.348830 
594.272219 194.338313 664.475381 259.414278 609.259411 318.179846 542.211447 248.371084 
596.628486 193.416346 666.263858 262.590556 608.138986 318.043048 542.672603 245.066423 
597.400508 191.757242 668.419364 264.620743 607.546059 319.960112 543.444624 243.868480 
599.978580 191.142816 670.513216 264.306072 608.542001 320.086968 543.040452 242.735891 
600.131920 190.289029 672.280621 264.374608 610.300529 320.544067 543.478242 241.132074 
599.704203 187.136920 674.630795 262.573217 612.956525 319.150439 544.656095 239.636505 
598.762034 182.976928 675.669993 256.729687 616.510025 316.678455 543.940464 238.192897 
595.314454 177.096955 678.115984 248.507798 620.286344 312.470884 542.303951 236.240905 
589.143889 168.374632 679.919870 237.306126 624.580502 306.237619 540.600583 232.937228 
583.985418 163.763166 679.930047 225.535735 629.110061 298.260888 539.298878 229.916769 
578.996115 158.335505 679.777084 213.255472 635.614637 290.822847 539.929335 230.807214 
574.781788 154.802728 680.848910 203.685836 642.111352 284.389081 541.117005 229.510875 
572.934487 155.001056 682.951269 196.516823 650.984129 279.963514 542.212820 232.220382 
568.932314 157.663702 684.465381 192.614882 659.708295 279.021965 546.116961 237.274722 
566.877314 163.056717 685.936158 190.649754 664.985889 278.027704 548.992939 245.324845 
564.141586 170.687750 686.066838 191.227130 669.897539 281.250792 551.031343 252.408260 
561.338318 180.467488 684.468412 195.224653 672.017054 286.073449 552.115090 264.398863 
556.957658 190.084437 683.681234 199.282116 673.972573 294.324798 549.292926 276.440422 
552.050086 200.194178 679.822922 207.269546 673.163752 301.746530 547.471906 286.763396 
546.976342 210.674230 676.268301 215.418889 671.128254 307.148964 544.604012 296.078093 
541.842442 218.251904 672.944864 221.165291 669.585423 314.113039 540.177649 304.404924 
538.968205 223.630076 671.321527 225.935883 668.554559 320.012809 537.123559 310.789581 
536.594973 228.708708 671.092695 228.708708 668.902178 323.777131 537.033076 315.453168 
534.862704 231.794192 672.427150 231.794192 669.798530 326.862615 534.862704 319.852962 
533.778112 234.467753 672.611965 234.953186 669.699367 329.612632 534.263545 322.816569 
531.844899 236.043063 672.519878 237.291658 670.438888 332.184839 531.012503 325.109470 
527.953088 238.043597 670.688248 238.438985 669.502083 333.727554 528.743864 327.401342 
524.755654 238.785727 668.711576 238.785727 667.922776 335.808074 525.150054 329.103278 
519.879766 238.651661 666.202086 239.046061 665.018887 336.462808 520.274166 330.152411 
513.660067 238.878048 662.880127 239.264629 660.947225 336.682906 514.046648 330.497618 
506.762417 237.525555 660.396504 237.954278 658.702962 336.553898 509.675015 330.728701 
503.211174 237.238653 656.777920 237.238653 655.855597 336.388354 505.055819 329.470933 
499.121007 235.846638 656.027714 235.430440 654.779120 334.901801 501.618196 330.323621 
498.570828 234.981871 655.893734 234.544863 655.893734 335.493728 500.755868 330.249631 
499.573649 235.769279 657.824825 234.798413 658.310258 335.768488 500.544515 330.914157 
500.926500 234.612956 661.604840 233.642090 662.090273 336.553898 501.897366 332.670433 
503.204724 235.918711 667.281096 233.491546 666.795663 337.859652 505.146456 334.947054 
505.694514 235.213358 671.712618 233.368712 671.712618 338.513512 509.383805 333.901898 
508.759706 236.827513 677.383819 234.783584 677.383819 340.045910 511.314617 337.490999 
510.534918 238.287012 682.863652 234.888981 683.010820 342.428084 513.932950 339.742520 
513.974915 237.817654 687.274515 234.419623 687.759948 344.127493 516.402080 341.700327 
514.958421 237.568152 691.122076 234.340022 691.583238 345.479919 517.264228 342.251790 
515.052273 237.300718 695.181916 233.426962 694.697697 345.765879 518.441810 343.829001 
514.102359 237.109550 697.665567 233.533643 697.665567 347.366672 517.678265 344.386750 

