1.0000 0.0000 -0.0000 -0.0000 1.0000 -0.0000 -0.0000 0.0000 1.0000
1.1196 0.0438 -25.1580 0.0170 1.1277 -23.5528 0.0001 0.0001 1.0000
1.1770 0.0721 -42.3464 0.0260 1.1926 -40.1693 0.0001 0.0002 1.0000
1.3723 0.1790 -102.3186 0.0576 1.4062 -85.9009 0.0003 0.0005 1.0000
1.1657 0.1227 -64.8947 -0.0366 1.2107 -44.5643 0.0001 0.0003 1.0000
1.0816 0.1655 -72.5703 -0.1234 1.2075 -47.5099 -0.0001 0.0003 1.0000
0.7403 0.1380 -46.1686 -0.2715 0.9100 1.6044 -0.0005 -0.0001 1.0000
0.9649 0.2390 -125.7275 -0.2549 1.0767 -48.2814 -0.0001 -0.0001 1.0000
1.0179 0.2998 -153.8382 -0.2751 1.0212 -18.2667 -0.0001 0.0000 1.0000
1.6299 0.8542 -393.8052 -0.4416 1.7940 -114.5911 0.0004 0.0010 1.0000
0.9440 0.4909 -203.4496 -0.5249 0.8444 90.9360 -0.0003 -0.0000 1.0000
0.8744 0.5296 -194.9744 -0.6552 0.7399 146.7008 -0.0004 -0.0001 1.0000
1.1092 0.8920 -295.4629 -0.7895 1.0143 140.8842 -0.0001 0.0003 1.0000
0.9322 0.9088 -233.4678 -0.8058 0.9098 165.7382 -0.0001 0.0002 1.0000
0.6087 0.6846 -98.0143 -0.7823 0.6801 196.1422 -0.0004 -0.0001 1.0000
0.5906 1.0117 -132.8811 -0.9166 0.8852 196.0694 -0.0004 0.0002 1.0000
0.6273 1.3048 -160.7132 -0.9801 0.9875 231.1359 -0.0002 0.0004 1.0000
0.4701 1.3550 -99.2420 -1.0497 0.9822 275.4191 -0.0004 0.0005 1.0000
0.3115 1.0064 18.1136 -0.9429 0.6517 335.5529 -0.0004 0.0002 1.0000
0.6614 1.4271 -84.0153 -1.0581 0.8974 384.5957 0.0001 0.0005 1.0000
0.2588 1.0602 38.1909 -1.0324 0.5617 428.5793 -0.0004 0.0001 1.0000
0.2482 1.3970 -3.9478 -1.1935 0.7077 487.2108 -0.0004 0.0005 1.0000
0.6031 2.1467 -163.6344 -1.4699 1.0568 606.9441 0.0000 0.0012 1.0000
0.6335 1.6961 -96.4436 -1.2844 0.7298 627.4537 0.0002 0.0006 1.0000
0.4988 2.0852 -145.5065 -1.5665 0.8838 715.2938 -0.0000 0.0011 1.0000
0.3335 1.4502 -23.1761 -1.3129 0.5047 678.2062 -0.0001 0.0004 1.0000
0.2197 1.4722 -31.8626 -1.3327 0.4777 687.2509 -0.0002 0.0004 1.0000
0.4056 2.2022 -217.5257 -1.6355 0.7646 807.4704 0.0001 0.0009 1.0000
0.1929 1.4631 -78.6433 -1.3178 0.3445 726.4559 -0.0001 0.0002 1.0000
0.0587 1.4153 -81.7844 -1.4267 0.3415 728.9122 -0.0004 0.0002 1.0000
0.3305 1.6827 -205.2166 -1.4330 0.3906 793.3357 0.0001 0.0002 1.0000
0.1046 1.5251 -166.2452 -1.4960 0.3303 775.2433 -0.0003 0.0002 1.0000
0.1720 1.6059 -223.6727 -1.4903 0.3160 795.4995 -0.0002 0.0002 1.0000
0.2291 1.7562 -297.5268 -1.5806 0.3732 824.2463 -0.0001 0.0003 1.0000
0.2320 1.9466 -367.5172 -1.7180 0.5007 844.1460 -0.0002 0.0005 1.0000
0.3290 2.4308 -531.5736 -1.9914 0.7740 902.1762 -0.0001 0.0009 1.0000
0.3608 2.3555 -549.0323 -1.9662 0.7149 890.5888 -0.0000 0.0007 1.0000
0.4528 2.6902 -672.7475 -2.2183 0.9351 936.1694 0.0001 0.0010 1.0000
0.4770 2.6836 -698.2824 -2.2699 0.9193 939.2781 0.0000 0.0010 1.0000
0.6927 3.4235 -949.6271 -2.7366 1.3594 1034.9730 0.0002 0.0016 1.0000
0.6608 3.2864 -925.1050 -2.7250 1.3112 995.7413 0.0001 0.0015 1.0000
0.6193 2.8244 -811.1645 -2.4808 1.0420 920.1204 0.0000 0.0010 1.0000
0.7397 3.3834 -1003.4424 -2.8699 1.3850 967.1240 0.0001 0.0014 1.0000
1.1172 4.5107 -1423.0494 -3.5646 2.0085 1079.2334 0.0004 0.0022 1.0000
1.2817 4.7984 -1562.6239 -3.7916 2.1931 1086.5973 0.0006 0.0023 1.0000
1.3489 5.0398 -1673.8940 -3.9841 2.4389 1035.8003 0.0005 0.0025 1.0000
1.6653 6.3074 -2115.2749 -5.0055 3.3627 1130.3059 0.0003 0.0038 1.0000
1.8036 5.7051 -1989.5478 -4.6022 2.9815 1055.7180 0.0008 0.0030 1.0000
2.1450 6.6381 -2331.5167 -5.1810 3.7731 1028.5355 0.0009 0.0039 1.0000
1.6977 4.7915 -1701.7825 -3.9419 2.7214 804.7268 0.0005 0.0024 1.0000
2.2332 6.0760 -2169.8966 -4.8181 3.7941 805.3938 0.0007 0.0036 1.0000
2.1423 5.0541 -1837.8538 -4.0445 3.2375 663.2347 0.0009 0.0025 1.0000
3.7170 9.0562 -3257.5645 -6.8385 6.3661 773.9514 0.0013 0.0063 1.0000
2.5175 5.1757 -1881.7742 -4.0016 3.6902 492.7192 0.0011 0.0026 1.0000
3.1984 7.1015 -2490.6764 -5.2487 5.5713 372.0265 0.0007 0.0048 1.0000
2.5983 5.1119 -1765.7944 -3.8685 4.3442 215.5668 0.0007 0.0029 1.0000
2.1807 4.2137 -1379.4292 -3.2067 3.7368 161.0663 0.0006 0.0022 1.0000
4.3850 7.6774 -2556.5157 -5.4069 7.3301 -34.3023 0.0018 0.0055 1.0000
2.6807 4.5732 -1402.2522 -3.5446 4.6884 24.1547 0.0008 0.0030 1.0000
7.0070 10.0909 -3318.2053 -6.6222 10.7711 -446.4372 0.0041 0.0079 1.0000
6.9660 10.5007 -3197.5033 -6.8856 12.2022 -764.8039 0.0036 0.0092 1.0000
8.8150 12.9906 -3823.5219 -8.1386 15.8358 -1227.0990 0.0049 0.0123 1.0000
3.3510 3.2024 -913.9595 -2.5309 4.7964 -246.5048 0.0023 0.0021 1.0000
3.4959 3.1015 -905.3929 -2.5569 5.0299 -308.2009 0.0023 0.0022 1.0000
5.7223 4.8239 -1556.3243 -3.4576 8.0032 -720.3255 0.0042 0.0041 1.0000
3.3322 2.3753 -723.3594 -2.0908 4.6895 -386.1186 0.0022 0.0017 1.0000
3.1054 2.3200 -665.0302 -2.1370 4.7874 -420.1314 0.0018 0.0020 1.0000
5.2418 3.6789 -1189.1541 -2.8668 7.8014 -919.0220 0.0039 0.0038 1.0000
7.4184 5.5666 -1799.8634 -4.0260 11.6364 -1507.3170 0.0054 0.0069 1.0000
9.8640 7.3648 -2399.0085 -5.0485 15.7624 -2221.7186 0.0072 0.0101 1.0000
9.5799 6.8018 -2203.7121 -4.7909 15.4075 -2249.1921 0.0069 0.0099 1.0000
10.9635 7.7540 -2455.2129 -5.4627 17.9625 -2706.8049 0.0076 0.0121 1.0000
8.4938 5.0132 -1634.8001 -3.7380 13.0252 -2016.8299 0.0061 0.0079 1.0000
6.5724 3.4791 -1080.8424 -2.8583 9.9648 -1541.4607 0.0045 0.0057 1.0000
6.0493 2.8338 -864.3991 -2.4932 8.9563 -1414.3174 0.0041 0.0049 1.0000
14.3541 7.9223 -2462.9891 -5.6353 22.1074 -3791.2139 0.0095 0.0152 1.0000
18.9986 8.9343 -2948.8408 -6.3110 27.3424 -4911.5555 0.0141 0.0179 1.0000
12.2575 5.4895 -1668.6440 -4.2433 17.8965 -3198.9551 0.0084 0.0116 1.0000
9.0291 3.2383 -979.3583 -2.7248 12.4729 -2283.9454 0.0064 0.0072 1.0000
18.3852 7.2520 -2239.4165 -5.2463 25.9552 -5007.6326 0.0133 0.0169 1.0000
-44.0856 -21.0793 6678.6490 11.9100 -64.2558 13066.2413 -0.0317 -0.0495 1.0000
18.9437 7.9679 -2137.8661 -5.8282 28.1907 -5531.7213 0.0123 0.0197 1.0000
20.6396 8.7874 -2183.9027 -6.0535 31.3484 -6331.3319 0.0131 0.0226 1.0000
9.8498 2.8589 -633.5379 -2.7524 14.0373 -2791.8565 0.0066 0.0086 1.0000
9.2737 2.2968 -482.8222 -2.3946 12.9894 -2639.4556 0.0062 0.0076 1.0000
7.9746 1.5446 -283.1074 -1.9942 10.8629 -2201.6470 0.0053 0.0060 1.0000
7.9398 1.5420 -242.4836 -2.0031 11.1707 -2298.1828 0.0051 0.0064 1.0000
11.1819 2.6010 -488.6145 -2.7303 16.0446 -3371.7974 0.0071 0.0103 1.0000
105.2654 20.4903 -7393.0082 -16.8037 133.3387 -29794.6652 0.0809 0.0881 1.0000
15.7175 2.6428 -627.1454 -2.9327 21.1697 -4628.9438 0.0108 0.0137 1.0000
6.3208 -0.1032 111.5607 -1.0860 7.8689 -1691.1575 0.0043 0.0036 1.0000
-7.0445 -2.9968 985.0447 1.2239 -10.3741 2438.3173 -0.0048 -0.0101 1.0000
1.0000 0.0000 0.0000 0.0000 1.0000 0.0000 0.0000 0.0000 1.0000
1.0000 0.0000 0.0000 0.0000 1.0000 0.0000 0.0000 0.0000 1.0000
1.0000 0.0000 0.0000 0.0000 1.0000 0.0000 0.0000 0.0000 1.0000
1.0000 0.0000 0.0000 0.0000 1.0000 0.0000 0.0000 0.0000 1.0000
1.0000 0.0000 0.0000 0.0000 1.0000 0.0000 0.0000 0.0000 1.0000
1.0000 0.0000 0.0000 0.0000 1.0000 0.0000 0.0000 0.0000 1.0000
1.0000 0.0000 0.0000 0.0000 1.0000 0.0000 0.0000 0.0000 1.0000
1.0000 0.0000 0.0000 0.0000 1.0000 0.0000 0.0000 0.0000 1.0000
1.0000 0.0000 0.0000 0.0000 1.0000 0.0000 0.0000 0.0000 1.0000
1.0000 0.0000 0.0000 0.0000 1.0000 0.0000 0.0000 0.0000 1.0000
1.0000 0.0000 0.0000 0.0000 1.0000 0.0000 0.0000 0.0000 1.0000
1.0000 0.0000 0.0000 0.0000 1.0000 0.0000 0.0000 0.0000 1.0000
1.0000 0.0000 0.0000 0.0000 1.0000 0.0000 0.0000 0.0000 1.0000
1.0000 0.0000 0.0000 0.0000 1.0000 0.0000 0.0000 0.0000 1.0000
1.0000 0.0000 0.0000 0.0000 1.0000 0.0000 0.0000 0.0000 1.0000
1.0000 0.0000 0.0000 0.0000 1.0000 0.0000 0.0000 0.0000 1.0000
1.0000 0.0000 0.0000 0.0000 1.0000 0.0000 0.0000 0.0000 1.0000
1.0000 0.0000 0.0000 0.0000 1.0000 0.0000 0.0000 0.0000 1.0000
1.0000 0.0000 0.0000 0.0000 1.0000 0.0000 0.0000 0.0000 1.0000
1.0000 0.0000 0.0000 0.0000 1.0000 0.0000 0.0000 0.0000 1.0000
1.0000 0.0000 0.0000 0.0000 1.0000 0.0000 0.0000 0.0000 1.0000
1.0000 0.0000 0.0000 0.0000 1.0000 0.0000 0.0000 0.0000 1.0000
1.0000 0.0000 0.0000 0.0000 1.0000 0.0000 0.0000 0.0000 1.0000
1.0000 0.0000 0.0000 0.0000 1.0000 0.0000 0.0000 0.0000 1.0000
1.0000 0.0000 0.0000 0.0000 1.0000 0.0000 0.0000 0.0000 1.0000
1.0000 0.0000 0.0000 0.0000 1.0000 0.0000 0.0000 0.0000 1.0000
1.0000 0.0000 0.0000 0.0000 1.0000 0.0000 0.0000 0.0000 1.0000
1.0000 0.0000 0.0000 0.0000 1.0000 0.0000 0.0000 0.0000 1.0000
1.0000 0.0000 0.0000 0.0000 1.0000 0.0000 0.0000 0.0000 1.0000
-14.4767 -13.2456 2820.7089 4.1445 -24.1078 3803.5711 -0.0085 -0.0198 1.0000
8.7386 6.0698 -989.8765 -3.2383 13.1096 -1514.9004 0.0049 0.0080 1.0000
9.4011 6.6219 -1415.5360 -3.6107 13.3635 -1455.5729 0.0054 0.0077 1.0000
6.4264 4.2444 -987.5778 -2.6615 8.3828 -683.0238 0.0037 0.0042 1.0000
4.0868 2.9960 -633.6677 -2.2914 5.6235 -247.8684 0.0020 0.0026 1.0000
4.5092 3.6463 -890.0420 -2.5798 6.0633 -197.7620 0.0024 0.0029 1.0000
6.8486 6.8995 -1885.5730 -4.2157 9.9697 -415.0909 0.0037 0.0060 1.0000
8.6363 9.1573 -2649.5140 -5.3378 12.4933 -443.6315 0.0050 0.0079 1.0000
5.0683 4.8566 -1410.4093 -3.1024 6.5162 53.0942 0.0031 0.0033 1.0000
6.4455 6.9938 -2123.1789 -4.3453 8.5949 118.4073 0.0038 0.0051 1.0000
3.5016 4.1965 -1149.3318 -3.0377 4.9800 309.1612 0.0016 0.0027 1.0000
2.9884 3.4105 -950.8325 -2.5117 3.9029 349.8486 0.0014 0.0018 1.0000
2.8562 3.3046 -937.9297 -2.5305 3.6493 386.0645 0.0013 0.0016 1.0000
3.2127 4.0547 -1194.3354 -2.8783 4.3117 331.9495 0.0014 0.0022 1.0000
2.6322 3.0490 -895.2670 -2.3736 3.1437 372.9756 0.0011 0.0013 1.0000
2.8806 3.7753 -1127.0869 -2.8036 3.7183 332.5308 0.0010 0.0020 1.0000
1.9516 2.4442 -688.3518 -2.0730 2.4648 288.9510 0.0003 0.0009 1.0000
2.6038 3.6240 -1063.8302 -2.7643 3.6759 187.7964 0.0004 0.0020 1.0000
3.4114 4.5772 -1441.9864 -3.1117 4.5842 52.2665 0.0007 0.0029 1.0000
3.6436 4.2206 -1406.7847 -2.9099 4.3887 -5.8516 0.0010 0.0026 1.0000
3.5321 3.8983 -1319.4695 -2.7185 4.2297 -83.4918 0.0007 0.0025 1.0000
5.1966 5.3372 -1938.5264 -3.1878 5.8901 -373.7029 0.0015 0.0039 1.0000
3.4052 2.8868 -1063.3092 -1.9065 3.6769 -269.1652 0.0008 0.0018 1.0000
3.0304 1.9932 -806.6611 -1.4253 3.0135 -287.0457 0.0009 0.0009 1.0000
3.2670 2.0312 -878.2063 -1.3438 3.2935 -431.7715 0.0007 0.0011 1.0000
2.5656 1.2540 -575.5432 -0.9345 2.6235 -413.6537 0.0004 0.0005 1.0000
2.0780 0.9068 -402.7082 -0.7140 2.2635 -408.9548 0.0000 0.0003 1.0000
2.1230 0.7649 -376.9592 -0.5700 2.2390 -466.3578 0.0001 0.0003 1.0000
2.4149 0.8344 -426.3548 -0.4769 2.5491 -603.6934 0.0002 0.0006 1.0000
2.3348 0.8640 -402.6526 -0.4611 2.5912 -634.5056 0.0000 0.0009 1.0000
2.8276 1.0156 -501.1554 -0.3701 2.9739 -783.2848 0.0003 0.0013 1.0000
2.8243 0.9450 -465.0527 -0.2853 2.9813 -816.4195 0.0003 0.0014 1.0000
2.4661 0.7399 -347.1126 -0.1687 2.6035 -724.8616 0.0002 0.0011 1.0000
2.0657 0.4539 -214.0347 -0.0774 2.2958 -651.2350 0.0001 0.0007 1.0000
1.7695 0.3053 -132.2153 -0.0912 2.1254 -578.9076 -0.0002 0.0006 1.0000
1.5438 0.1732 -105.2195 -0.0675 1.7457 -450.0997 -0.0003 0.0003 1.0000
1.5920 0.1399 -113.8706 -0.0541 1.7938 -438.7139 -0.0002 0.0003 1.0000
1.2296 -0.0250 -22.5075 -0.0402 1.4158 -309.6054 -0.0003 -0.0001 1.0000
1.5769 0.1177 -133.2242 -0.0686 1.8408 -384.7826 -0.0002 0.0003 1.0000
1.7856 0.2973 -197.6037 -0.1245 2.1892 -414.7384 -0.0001 0.0008 1.0000
1.6581 0.3902 -206.6716 -0.1743 1.9958 -309.4868 -0.0001 0.0008 1.0000
1.4312 0.1805 -144.0411 -0.1202 1.3010 -130.8930 0.0002 -0.0001 1.0000
1.4165 0.3930 -198.1617 -0.2579 1.2983 -70.9026 -0.0001 0.0001 1.0000
1.2975 0.3804 -151.2973 -0.3437 1.1126 17.7704 -0.0001 -0.0001 1.0000
1.1038 0.4348 -107.7181 -0.4376 0.9654 88.9853 -0.0003 -0.0000 1.0000
0.8747 0.3532 -27.6072 -0.5535 0.7567 169.1483 -0.0005 -0.0002 1.0000
0.9402 0.3881 -5.3777 -0.5371 0.7470 196.4138 -0.0001 -0.0003 1.0000
0.8898 1.1098 -77.6689 -0.7833 1.3679 168.1718 -0.0002 0.0006 1.0000
0.8481 0.6768 10.7887 -0.7093 0.7621 309.1789 -0.0001 0.0000 1.0000
0.8009 1.1650 -75.2720 -0.9200 1.1171 309.0478 -0.0003 0.0006 1.0000
0.5341 0.7731 21.6327 -0.8610 0.6986 358.5483 -0.0004 0.0001 1.0000
0.5927 0.9560 -5.7675 -0.8766 0.8064 372.9912 -0.0003 0.0003 1.0000
0.5344 0.7393 38.6223 -0.7759 0.5830 383.7619 -0.0003 0.0000 1.0000
0.6849 0.8502 -5.1441 -0.7928 0.6088 403.2287 -0.0001 0.0001 1.0000
0.5334 0.9340 16.3771 -0.8888 0.7487 375.2449 -0.0004 0.0003 1.0000
0.5690 1.0139 -10.5905 -0.8768 0.9239 305.8090 -0.0004 0.0005 1.0000
0.6107 0.6056 45.5107 -0.5671 0.6650 249.8496 -0.0001 -0.0001 1.0000
0.5009 0.4398 53.7536 -0.4826 0.6509 175.6137 -0.0004 -0.0000 1.0000
0.7795 0.1863 -0.6549 -0.2612 0.6900 74.4351 0.0001 -0.0004 1.0000
0.5222 0.1242 -13.2251 -0.2418 0.5953 9.7231 -0.0004 -0.0003 1.0000
0.7999 0.1309 -147.3411 -0.1165 0.8332 -156.8551 -0.0003 -0.0003 1.0000
0.8598 0.1976 -145.0620 -0.1254 0.9508 -177.9098 -0.0003 0.0001 1.0000
0.9019 0.1921 -58.4494 -0.0161 0.9779 -207.9376 0.0001 -0.0001 1.0000
0.5240 0.2330 92.6199 -0.2877 0.6800 -61.3342 -0.0006 -0.0000 1.0000
0.6601 0.3881 87.6481 -0.3081 0.8240 -107.4661 -0.0004 0.0001 1.0000
0.5340 0.2997 105.4297 -0.2806 0.7117 -72.8131 -0.0006 0.0000 1.0000
0.6105 0.1732 127.1542 -0.2422 0.6735 -41.7085 -0.0003 -0.0001 1.0000
0.5193 0.1370 118.3692 -0.2641 0.7642 30.5705 -0.0006 0.0000 1.0000
0.7716 0.2527 75.7350 -0.1448 0.8657 25.5900 -0.0003 0.0002 1.0000
0.5935 0.2647 175.1880 -0.2881 0.9320 42.4043 -0.0005 0.0003 1.0000
0.3656 0.0082 331.5020 -0.2263 0.5376 52.7487 -0.0005 -0.0003 1.0000
0.4161 0.0436 353.1290 -0.2328 0.5707 20.7137 -0.0004 -0.0003 1.0000
0.2638 0.2476 329.5346 -0.3572 0.6424 31.5011 -0.0006 -0.0000 1.0000
0.5692 0.1959 249.2405 -0.3279 0.6616 48.4799 -0.0003 -0.0002 1.0000
0.2869 0.2024 257.2236 -0.4114 0.6052 104.1567 -0.0006 -0.0002 1.0000
0.2196 0.2300 244.3886 -0.4705 0.6585 132.5660 -0.0008 -0.0001 1.0000
0.3844 0.1764 235.4473 -0.3651 0.7079 141.2582 -0.0006 0.0000 1.0000
0.3770 0.0261 262.4482 -0.3156 0.7346 121.7736 -0.0006 -0.0001 1.0000
0.3768 -0.0610 278.8336 -0.2034 0.5891 143.2276 -0.0006 -0.0002 1.0000
0.3394 -0.1139 304.2074 -0.1922 0.5863 144.7699 -0.0006 -0.0003 1.0000
0.3457 -0.0273 323.4797 -0.2396 0.7468 148.7753 -0.0006 -0.0001 1.0000
0.5891 -0.0868 319.8522 -0.0924 0.5832 194.0945 -0.0002 -0.0003 1.0000
0.3413 0.2505 344.0832 -0.4164 0.9038 178.5899 -0.0007 0.0003 1.0000
0.2484 0.4078 386.4879 -0.4364 0.8746 134.5066 -0.0007 0.0004 1.0000
0.1569 0.0318 453.0267 -0.3526 0.5224 88.2107 -0.0006 -0.0003 1.0000
0.2511 0.0852 400.1796 -0.3924 0.5564 26.3557 -0.0004 -0.0004 1.0000
0.6438 0.6308 176.2139 -0.6263 0.6378 80.7135 -0.0004 0.0001 1.0000
0.5908 0.6122 106.6652 -0.7471 0.5712 165.0777 -0.0005 0.0000 1.0000
0.6070 0.4534 45.7898 -0.7901 0.3973 262.8852 -0.0005 -0.0002 1.0000
0.6541 0.6054 -62.7466 -0.8554 0.5060 302.5175 -0.0005 -0.0000 1.0000
0.4996 0.4666 -67.6701 -0.8757 0.3400 369.9119 -0.0007 -0.0002 1.0000
0.5961 0.6156 -166.7839 -0.9771 0.4318 428.6958 -0.0007 -0.0000 1.0000
0.7370 0.7469 -255.9323 -0.9190 0.5195 471.5873 -0.0003 -0.0000 1.0000
0.6130 0.6653 -239.8792 -0.9832 0.4500 512.2104 -0.0005 -0.0001 1.0000
0.7793 0.9754 -379.2909 -0.9781 0.7011 554.2188 -0.0002 0.0002 1.0000
0.5806 0.7654 -293.7956 -0.9213 0.4165 601.4119 -0.0003 -0.0001 1.0000
0.4499 0.8584 -301.5835 -1.1990 0.6741 621.8254 -0.0009 0.0004 1.0000
0.5089 1.0207 -365.0340 -1.2021 0.8998 642.6792 -0.0007 0.0006 1.0000
0.4556 0.9437 -337.9775 -1.1058 0.6817 664.7539 -0.0007 0.0004 1.0000
0.4255 0.8046 -290.5206 -0.8883 0.3654 691.2050 -0.0004 -0.0000 1.0000
0.4429 0.9408 -337.0933 -1.0480 0.6153 706.5969 -0.0005 0.0003 1.0000
0.4253 0.8659 -316.5212 -0.9340 0.3970 727.1284 -0.0004 0.0000 1.0000
0.3552 0.8949 -310.0835 -1.0858 0.5168 731.4767 -0.0007 0.0002 1.0000
0.4431 0.9700 -359.7702 -0.9070 0.4120 761.3592 -0.0003 0.0001 1.0000
0.2841 0.4413 -165.1605 -0.4729 -0.4644 736.6955 -0.0000 -0.0010 1.0000
1.0000 0.0000 0.0000 0.0000 1.0000 0.0000 0.0000 0.0000 1.0000
1.0000 0.0000 0.0000 0.0000 1.0000 0.0000 0.0000 0.0000 1.0000
1.0000 0.0000 0.0000 0.0000 1.0000 0.0000 0.0000 0.0000 1.0000
1.0000 0.0000 0.0000 0.0000 1.0000 0.0000 0.0000 0.0000 1.0000
1.0000 0.0000 0.0000 0.0000 1.0000 0.0000 0.0000 0.0000 1.0000
1.0000 0.0000 0.0000 0.0000 1.0000 0.0000 0.0000 0.0000 1.0000
1.0000 0.0000 0.0000 0.0000 1.0000 0.0000 0.0000 0.0000 1.0000
1.0000 0.0000 0.0000 0.0000 1.0000 0.0000 0.0000 0.0000 1.0000
1.0000 0.0000 0.0000 0.0000 1.0000 0.0000 0.0000 0.0000 1.0000
1.0000 0.0000 0.0000 0.0000 1.0000 0.0000 0.0000 0.0000 1.0000
1.0000 0.0000 0.0000 0.0000 1.0000 0.0000 0.0000 0.0000 1.0000
1.0000 0.0000 0.0000 0.0000 1.0000 0.0000 0.0000 0.0000 1.0000
1.0000 0.0000 0.0000 0.0000 1.0000 0.0000 0.0000 0.0000 1.0000
1.0000 0.0000 0.0000 0.0000 1.0000 0.0000 0.0000 0.0000 1.0000
1.0000 0.0000 0.0000 0.0000 1.0000 0.0000 0.0000 0.0000 1.0000
1.0000 0.0000 0.0000 0.0000 1.0000 0.0000 0.0000 0.0000 1.0000
1.0000 0.0000 0.0000 0.0000 1.0000 0.0000 0.0000 0.0000 1.0000
1.0000 0.0000 0.0000 0.0000 1.0000 0.0000 0.0000 0.0000 1.0000
1.0000 0.0000 0.0000 0.0000 1.0000 0.0000 0.0000 0.0000 1.0000
1.0000 0.0000 0.0000 0.0000 1.0000 0.0000 0.0000 0.0000 1.0000
1.0000 0.0000 0.0000 0.0000 1.0000 0.0000 0.0000 0.0000 1.0000
1.0000 0.0000 0.0000 0.0000 1.0000 0.0000 0.0000 0.0000 1.0000
-0.2309 0.6067 139.6437 -0.8422 -0.3587 903.9276 -0.0004 -0.0003 1.0000
-0.3686 0.9394 91.8522 -0.9794 -0.0302 897.0534 -0.0007 0.0003 1.0000
-0.2861 0.7649 84.1473 -0.7694 -0.2776 873.8375 -0.0004 -0.0001 1.0000
-0.2984 0.6595 63.4527 -0.9288 -0.3817 880.8065 -0.0007 -0.0003 1.0000
1.0000 0.0000 0.0000 0.0000 1.0000 0.0000 0.0000 0.0000 1.0000
1.0000 0.0000 0.0000 0.0000 1.0000 0.0000 0.0000 0.0000 1.0000
1.0000 0.0000 0.0000 0.0000 1.0000 0.0000 0.0000 0.0000 1.0000
1.0000 0.0000 0.0000 0.0000 1.0000 0.0000 0.0000 0.0000 1.0000
1.0000 0.0000 0.0000 0.0000 1.0000 0.0000 0.0000 0.0000 1.0000
1.0000 0.0000 0.0000 0.0000 1.0000 0.0000 0.0000 0.0000 1.0000
1.0000 0.0000 0.0000 0.0000 1.0000 0.0000 0.0000 0.0000 1.0000
1.0000 0.0000 0.0000 0.0000 1.0000 0.0000 0.0000 0.0000 1.0000
1.0000 0.0000 0.0000 0.0000 1.0000 0.0000 0.0000 0.0000 1.0000
1.0000 0.0000 0.0000 0.0000 1.0000 0.0000 0.0000 0.0000 1.0000
1.0000 0.0000 0.0000 0.0000 1.0000 0.0000 0.0000 0.0000 1.0000
1.0000 0.0000 0.0000 0.0000 1.0000 0.0000 0.0000 0.0000 1.0000
1.0000 0.0000 0.0000 0.0000 1.0000 0.0000 0.0000 0.0000 1.0000
1.0000 0.0000 0.0000 0.0000 1.0000 0.0000 0.0000 0.0000 1.0000
1.0000 0.0000 0.0000 0.0000 1.0000 0.0000 0.0000 0.0000 1.0000
1.0000 0.0000 0.0000 0.0000 1.0000 0.0000 0.0000 0.0000 1.0000
1.0000 0.0000 0.0000 0.0000 1.0000 0.0000 0.0000 0.0000 1.0000
1.0000 0.0000 0.0000 0.0000 1.0000 0.0000 0.0000 0.0000 1.0000
1.0000 0.0000 0.0000 0.0000 1.0000 0.0000 0.0000 0.0000 1.0000
1.0000 0.0000 0.0000 0.0000 1.0000 0.0000 0.0000 0.0000 1.0000
1.0000 0.0000 0.0000 0.0000 1.0000 0.0000 0.0000 0.0000 1.0000
1.0000 0.0000 0.0000 0.0000 1.0000 0.0000 0.0000 0.0000 1.0000
1.0000 0.0000 0.0000 0.0000 1.0000 0.0000 0.0000 0.0000 1.0000
1.0000 0.0000 0.0000 0.0000 1.0000 0.0000 0.0000 0.0000 1.0000
1.0000 0.0000 0.0000 0.0000 1.0000 0.0000 0.0000 0.0000 1.0000
-0.3343 -0.7705 937.4843 0.5280 0.1923 -190.6045 -0.0007 -0.0002 1.0000
-0.0870 -0.8475 1097.2063 0.6647 0.2055 -211.9981 -0.0004 0.0001 1.0000
-0.2876 -0.8945 1112.4468 0.5650 0.1653 -166.1216 -0.0005 -0.0001 1.0000
-0.2287 -0.9429 1125.2541 0.5249 0.1769 -154.2325 -0.0005 -0.0002 1.0000
-0.4147 -0.7177 1179.6489 0.5527 0.2028 -164.4683 -0.0006 0.0001 1.0000
-0.6313 -0.7285 1143.7305 0.4485 0.1578 -125.6659 -0.0008 -0.0001 1.0000
-0.5109 -0.6406 1169.7461 0.5249 0.1906 -145.2701 -0.0007 0.0000 1.0000
-0.2774 -0.7627 1181.5314 0.6433 0.2195 -173.6595 -0.0004 -0.0000 1.0000
-0.3475 -0.7506 1171.2380 0.6219 0.2289 -158.4227 -0.0005 -0.0001 1.0000
-0.4738 -0.5972 1177.9915 0.6043 0.2646 -143.0875 -0.0006 0.0001 1.0000
-0.3812 -0.8287 1142.3959 0.4972 0.1823 -76.5727 -0.0005 -0.0002 1.0000
-0.4361 -0.4919 1174.3082 0.6140 0.3131 -109.5564 -0.0006 0.0003 1.0000
-0.3509 -0.6528 1147.3329 0.5515 0.2139 -48.2547 -0.0005 0.0000 1.0000
-0.2529 -0.7841 1135.8598 0.5426 0.1681 -17.1410 -0.0004 -0.0001 1.0000
-0.4665 -0.5929 1138.8169 0.4421 0.2165 13.4415 -0.0006 0.0001 1.0000
-0.3885 -0.7240 1115.3538 0.3829 0.1274 63.2646 -0.0005 -0.0001 1.0000
-0.3217 -0.7711 1117.8396 0.4084 0.1141 75.2333 -0.0005 -0.0002 1.0000
-0.4035 -0.6701 1122.1181 0.4170 0.1365 80.9323 -0.0005 -0.0001 1.0000
-0.4789 -0.5955 1125.1411 0.3468 0.1543 106.7003 -0.0006 0.0000 1.0000
-0.3799 -0.6857 1124.5723 0.3367 0.1105 131.8369 -0.0005 -0.0001 1.0000
-0.6274 -0.4796 1113.2391 0.2169 0.1875 141.1715 -0.0008 0.0001 1.0000
-0.4184 -0.6669 1105.6176 0.2535 0.1146 154.6637 -0.0006 -0.0001 1.0000
-0.4363 -0.5836 1103.7856 0.2692 0.1766 136.2538 -0.0006 0.0000 1.0000
-0.4456 -0.4875 1095.5041 0.2814 0.2295 120.9362 -0.0006 0.0002 1.0000
-0.5744 -0.5660 1060.0567 0.1638 0.1732 136.7299 -0.0008 -0.0000 1.0000
-0.2077 -0.6388 1056.8557 0.3154 0.2065 106.2817 -0.0004 -0.0000 1.0000
-0.2807 -0.7186 1016.2720 0.2427 0.1427 116.3855 -0.0005 -0.0002 1.0000
-0.0620 -0.7815 996.4696 0.3359 0.1763 85.2395 -0.0003 -0.0003 1.0000
-0.3388 -0.7237 958.6098 0.1737 0.1785 96.5432 -0.0006 -0.0003 1.0000
-0.1064 -0.6163 925.0660 0.2900 0.2518 62.7861 -0.0004 -0.0001 1.0000
-0.1319 -0.6610 883.6645 0.2155 0.2378 68.0717 -0.0004 -0.0002 1.0000
0.0375 -0.6329 844.3842 0.3011 0.2999 26.7863 -0.0003 -0.0002 1.0000
-0.0304 -0.4856 797.5024 0.2459 0.3784 10.8020 -0.0005 -0.0000 1.0000
-0.0468 -0.5209 750.0760 0.2239 0.3294 13.1713 -0.0005 -0.0002 1.0000
-0.0587 -0.4323 681.2393 0.1406 0.3581 10.9910 -0.0006 -0.0001 1.0000
0.2164 -0.4759 617.5066 0.2108 0.3658 -14.8661 -0.0003 -0.0003 1.0000
0.0820 -0.3122 567.1457 0.1601 0.4439 -42.8213 -0.0006 -0.0001 1.0000
0.2208 -0.4791 549.1353 0.1618 0.3579 -27.9160 -0.0003 -0.0004 1.0000
0.0666 -0.3002 511.9911 0.0665 0.4456 -43.3816 -0.0006 -0.0003 1.0000
-0.0531 -0.2116 503.6404 -0.0148 0.4725 -36.3383 -0.0007 -0.0002 1.0000
0.0322 -0.2208 483.6302 -0.0311 0.4749 -34.4713 -0.0006 -0.0003 1.0000
0.0649 -0.2909 476.8613 -0.0356 0.4078 -17.2406 -0.0005 -0.0005 1.0000
-0.0846 -0.0941 465.3057 -0.1033 0.4640 -12.0417 -0.0008 -0.0002 1.0000
0.1191 -0.2383 461.2589 -0.0648 0.4155 -4.2812 -0.0004 -0.0005 1.0000
0.0668 -0.0824 451.9426 -0.1053 0.4843 -4.9589 -0.0005 -0.0003 1.0000
0.1363 -0.0113 443.5846 -0.1295 0.5283 2.3373 -0.0004 -0.0002 1.0000
0.0004 0.1213 445.1111 -0.2047 0.5567 21.2287 -0.0006 -0.0001 1.0000
0.1714 0.3923 411.7084 -0.2149 0.7647 -5.8944 -0.0004 0.0002 1.0000
0.0200 0.2833 432.7018 -0.2421 0.6252 37.9163 -0.0006 0.0001 1.0000
0.1729 0.1619 425.0634 -0.2212 0.5792 54.4078 -0.0003 -0.0001 1.0000
0.1589 -0.0462 440.7502 -0.1944 0.4069 93.7036 -0.0003 -0.0005 1.0000
0.1625 0.7972 333.6389 -0.3298 0.9223 41.6107 -0.0005 0.0006 1.0000
-0.0728 0.4938 382.7973 -0.3783 0.6643 107.3830 -0.0007 0.0002 1.0000
-0.0739 0.2708 399.7662 -0.3301 0.4905 139.3778 -0.0006 -0.0001 1.0000
-0.1001 0.5467 358.6341 -0.4190 0.6647 139.7991 -0.0007 0.0002 1.0000
-0.2253 0.6786 337.3620 -0.5163 0.7081 162.1830 -0.0010 0.0004 1.0000
-0.2587 0.5095 355.8357 -0.4902 0.5536 195.2485 -0.0009 0.0002 1.0000
-0.0693 0.5088 328.5416 -0.4315 0.5525 206.9253 -0.0007 0.0001 1.0000
-0.1265 0.4136 335.7993 -0.4488 0.4499 236.8699 -0.0007 -0.0000 1.0000
-0.3605 1.1126 256.6342 -0.6986 0.9401 212.8478 -0.0013 0.0009 1.0000
-0.2624 0.4391 328.1886 -0.5333 0.4331 267.0378 -0.0009 -0.0000 1.0000
-0.1030 0.3232 318.9550 -0.4016 0.3245 275.0665 -0.0006 -0.0003 1.0000
-0.0943 0.6013 260.3610 -0.5039 0.5025 283.1574 -0.0007 0.0001 1.0000
-0.2223 0.6511 257.6839 -0.5784 0.5251 292.7770 -0.0009 0.0002 1.0000
-0.2257 0.4378 280.3177 -0.5458 0.3428 318.1116 -0.0009 -0.0001 1.0000
-0.0910 0.4971 246.6687 -0.4920 0.3782 320.2432 -0.0006 -0.0001 1.0000
-0.1300 0.3997 259.1676 -0.4787 0.2820 332.0426 -0.0007 -0.0002 1.0000
-0.1207 0.6959 201.2189 -0.5392 0.4972 324.3396 -0.0007 0.0001 1.0000
-0.1333 0.4087 237.3935 -0.4895 0.2562 346.2083 -0.0007 -0.0003 1.0000
-0.0793 0.4461 215.4438 -0.4557 0.2704 345.6380 -0.0006 -0.0003 1.0000
-0.1668 0.4747 212.2333 -0.5268 0.2875 351.2139 -0.0008 -0.0002 1.0000
-0.1150 0.5204 191.3957 -0.4770 0.3032 345.7038 -0.0006 -0.0002 1.0000
-0.1800 0.7563 143.4249 -0.6249 0.4540 352.3621 -0.0009 0.0001 1.0000
-0.1372 0.5825 170.1395 -0.5038 0.3215 350.0593 -0.0007 -0.0001 1.0000
-0.1277 0.4516 186.3337 -0.4615 0.1977 358.6780 -0.0006 -0.0003 1.0000
-0.1570 0.5976 160.4306 -0.5149 0.2964 356.6498 -0.0007 -0.0002 1.0000
-0.1644 0.3944 196.0572 -0.4751 0.1210 369.8262 -0.0007 -0.0004 1.0000
-0.2205 0.7142 147.3927 -0.6023 0.3529 370.4488 -0.0009 0.0000 1.0000
-0.2023 0.5663 169.2198 -0.5485 0.2230 375.9656 -0.0008 -0.0002 1.0000
-0.1523 0.5554 164.9459 -0.5020 0.1893 379.6754 -0.0007 -0.0003 1.0000
-0.1420 0.4017 190.8782 -0.4540 0.0473 392.9267 -0.0006 -0.0005 1.0000
-0.1955 0.5121 180.0540 -0.5173 0.1182 399.7558 -0.0007 -0.0003 1.0000
-0.2603 0.7011 157.9582 -0.5972 0.2486 401.2885 -0.0008 -0.0001 1.0000
-0.1661 0.5398 174.4258 -0.4960 0.1022 410.5952 -0.0006 -0.0004 1.0000
-0.1695 0.5909 169.5681 -0.5153 0.1375 414.1932 -0.0006 -0.0003 1.0000
-0.1165 0.3673 203.3495 -0.4229 -0.0560 428.2333 -0.0005 -0.0006 1.0000
-0.2675 0.5963 184.5283 -0.5836 0.1226 430.2614 -0.0008 -0.0003 1.0000
-0.3112 0.5519 201.6048 -0.6238 0.0909 443.9032 -0.0009 -0.0003 1.0000
-0.2208 0.9235 123.3447 -0.6443 0.3241 444.7552 -0.0008 0.0001 1.0000
-0.2743 0.6155 189.2897 -0.6147 0.1228 451.7737 -0.0008 -0.0002 1.0000
-0.1547 0.4331 202.2709 -0.4951 -0.0349 457.3871 -0.0006 -0.0005 1.0000
-0.2004 0.4798 201.3864 -0.5440 0.0029 459.6434 -0.0007 -0.0004 1.0000
-0.1930 0.4863 195.8772 -0.5667 0.0147 461.8941 -0.0007 -0.0004 1.0000
-0.2472 0.7060 161.1168 -0.6662 0.1755 463.6394 -0.0008 -0.0001 1.0000
-0.2682 0.7709 148.4481 -0.6855 0.2118 465.7320 -0.0009 -0.0001 1.0000
-0.2062 0.7946 128.8672 -0.6590 0.2156 469.0442 -0.0008 -0.0001 1.0000
-0.2464 0.5016 181.9042 -0.6153 0.0096 471.7665 -0.0008 -0.0004 1.0000
-0.1379 0.6031 139.1024 -0.5796 0.0452 478.3994 -0.0007 -0.0004 1.0000
-0.2719 0.9545 90.5977 -0.7711 0.3287 477.7840 -0.0010 0.0001 1.0000
-0.2631 0.7895 112.8666 -0.7355 0.2090 481.5698 -0.0009 -0.0001 1.0000
-0.2483 0.7477 110.5886 -0.7296 0.1729 486.5932 -0.0009 -0.0001 1.0000
-0.2641 0.7543 104.1817 -0.7541 0.1821 489.7448 -0.0010 -0.0001 1.0000
-0.2161 0.7863 84.5656 -0.7148 0.1879 490.4186 -0.0009 -0.0001 1.0000
-0.1490 0.7176 78.2983 -0.6540 0.1129 494.3679 -0.0008 -0.0003 1.0000
-0.1538 0.7358 68.4352 -0.6538 0.1169 494.9427 -0.0008 -0.0003 1.0000
-0.1460 0.7583 54.5027 -0.6649 0.1334 494.7820 -0.0008 -0.0002 1.0000
-0.1188 0.7152 49.8979 -0.6257 0.0907 491.4950 -0.0007 -0.0003 1.0000
-0.1430 0.9099 -1.0288 -0.6998 0.2518 479.2769 -0.0008 -0.0001 1.0000
-0.1149 0.7431 18.9515 -0.6368 0.1046 480.6593 -0.0008 -0.0003 1.0000
-0.0505 1.0056 -58.1629 -0.6451 0.3188 460.9336 -0.0007 -0.0001 1.0000
-0.0292 0.8724 -49.0057 -0.5863 0.1964 451.9862 -0.0006 -0.0003 1.0000
-0.1728 0.7313 -1.7908 -0.7287 0.1674 446.8306 -0.0010 -0.0003 1.0000
-0.0409 0.7172 -32.0201 -0.5912 0.1372 426.3862 -0.0007 -0.0004 1.0000
-0.1021 0.7663 -43.9323 -0.7168 0.2479 406.8251 -0.0010 -0.0003 1.0000
-0.0262 1.2693 -183.9796 -0.7939 0.6679 364.1968 -0.0010 0.0003 1.0000
0.1086 0.9524 -144.8789 -0.5308 0.3937 336.0751 -0.0005 -0.0003 1.0000
0.0724 0.9902 -157.1319 -0.5881 0.4509 317.8342 -0.0007 -0.0002 1.0000
0.1505 1.2406 -238.3477 -0.6608 0.7572 265.2417 -0.0007 0.0001 1.0000
0.0356 1.2116 -210.1020 -0.7473 0.8113 240.3171 -0.0010 0.0003 1.0000
0.2343 0.9570 -187.5123 -0.4867 0.6195 206.2769 -0.0005 -0.0003 1.0000
0.2880 0.7422 -145.0681 -0.3693 0.4371 200.4819 -0.0002 -0.0006 1.0000
0.1686 0.8558 -149.3396 -0.5448 0.5926 185.0988 -0.0007 -0.0002 1.0000
0.2060 1.0640 -201.4293 -0.6300 0.8530 138.9561 -0.0009 0.0002 1.0000
0.2623 1.0872 -216.3940 -0.5763 0.8696 114.9230 -0.0008 0.0002 1.0000
0.1553 0.7618 -110.2080 -0.5237 0.6129 139.2611 -0.0009 -0.0002 1.0000
0.2346 0.9853 -171.2915 -0.5878 0.8601 100.0792 -0.0010 0.0002 1.0000
0.2299 1.0648 -181.2017 -0.5808 0.9721 64.0891 -0.0010 0.0003 1.0000
0.1096 0.7476 -75.2489 -0.5492 0.7100 103.7589 -0.0011 -0.0000 1.0000
0.1705 0.7679 -78.6491 -0.5006 0.7631 85.0278 -0.0010 -0.0001 1.0000
0.2324 0.9905 -128.2728 -0.5217 0.9872 48.6281 -0.0010 0.0002 1.0000
0.2977 1.0236 -131.0339 -0.4781 1.0621 28.7517 -0.0008 0.0003 1.0000
0.2405 0.7764 -52.4453 -0.4556 0.8373 78.1736 -0.0008 0.0000 1.0000
0.0983 0.8510 -30.4892 -0.5428 0.9418 73.6367 -0.0011 0.0002 1.0000
0.1847 0.8879 -47.6437 -0.5239 1.0031 65.4611 -0.0010 0.0003 1.0000
0.1740 0.9621 -60.0280 -0.5405 1.0861 54.0034 -0.0011 0.0004 1.0000
0.3026 1.0077 -90.7568 -0.4943 1.1429 45.8175 -0.0009 0.0004 1.0000
0.2443 0.6672 -7.6808 -0.4066 0.7903 101.5610 -0.0007 -0.0001 1.0000
0.2512 0.7150 -27.0213 -0.3988 0.8480 78.4831 -0.0007 -0.0001 1.0000
0.2291 0.8517 -64.9335 -0.4559 1.0058 40.6869 -0.0008 0.0001 1.0000
0.2171 0.9046 -81.7557 -0.4483 1.0581 15.2017 -0.0009 0.0002 1.0000
0.2460 0.7456 -64.6163 -0.3950 0.9173 18.6584 -0.0007 -0.0001 1.0000
0.2528 0.7200 -71.2319 -0.3780 0.8272 32.4598 -0.0009 -0.0000 1.0000
0.2435 0.6553 -62.1404 -0.3183 0.7661 18.8296 -0.0007 -0.0002 1.0000
0.2296 0.6946 -73.4145 -0.3417 0.8079 9.5784 -0.0009 -0.0001 1.0000
0.0555 0.5828 -23.3521 -0.4045 0.6763 41.2890 -0.0011 -0.0001 1.0000
0.1444 0.6763 -66.7213 -0.3719 0.7626 12.4177 -0.0011 -0.0000 1.0000
0.3736 0.9540 -177.3136 -0.3000 1.0273 -61.1898 -0.0008 0.0002 1.0000
0.4369 0.9587 -193.8497 -0.2643 1.0214 -68.2741 -0.0006 0.0002 1.0000
0.2249 0.6681 -88.9665 -0.2994 0.7372 -5.9167 -0.0009 -0.0001 1.0000
0.2723 0.7460 -117.0269 -0.2911 0.8035 -23.4801 -0.0009 0.0000 1.0000
0.3219 0.8796 -162.5107 -0.2957 0.9259 -53.8695 -0.0009 0.0002 1.0000
0.3397 0.9429 -180.9287 -0.2939 0.9710 -63.1899 -0.0009 0.0003 1.0000
0.3262 0.9729 -188.2888 -0.3283 0.9941 -59.3731 -0.0010 0.0004 1.0000
0.3043 0.9248 -179.3116 -0.3109 0.9431 -55.3019 -0.0009 0.0002 1.0000
0.3139 0.7128 -129.6907 -0.2420 0.7438 -23.1571 -0.0007 -0.0001 1.0000
0.3360 0.7991 -157.4305 -0.2587 0.8179 -35.4489 -0.0008 0.0000 1.0000
0.3181 0.7246 -139.5641 -0.2572 0.7471 -19.6330 -0.0008 -0.0001 1.0000
0.4096 0.6990 -152.2814 -0.2037 0.7397 -25.5334 -0.0006 -0.0002 1.0000
0.3205 0.9793 -207.4264 -0.3334 0.9744 -49.8882 -0.0010 0.0003 1.0000
0.4880 0.9535 -235.0214 -0.2174 0.9389 -55.3802 -0.0006 0.0002 1.0000
0.4083 0.9189 -214.2324 -0.2471 0.8956 -38.4012 -0.0007 0.0002 1.0000
0.3181 0.7587 -161.4088 -0.2612 0.7469 -4.9476 -0.0008 -0.0000 1.0000
0.4272 0.8692 -212.0903 -0.2416 0.8631 -29.7124 -0.0007 0.0001 1.0000
0.3330 0.7970 -178.4962 -0.2695 0.7928 -10.6774 -0.0009 0.0000 1.0000
0.3380 0.6889 -154.2103 -0.2282 0.6874 4.9856 -0.0007 -0.0002 1.0000
0.3938 0.8403 -205.4495 -0.2400 0.8470 -28.4812 -0.0008 0.0001 1.0000
0.4811 0.8618 -233.6864 -0.1827 0.8872 -53.6922 -0.0006 0.0000 1.0000
0.4106 0.7917 -206.2829 -0.2156 0.8404 -44.2466 -0.0008 0.0000 1.0000
0.4009 0.7320 -201.9540 -0.2205 0.7951 -43.2412 -0.0009 0.0000 1.0000
0.5712 0.7434 -248.0492 -0.1062 0.8187 -73.9565 -0.0005 -0.0002 1.0000
0.5082 0.7533 -249.6107 -0.1534 0.8408 -78.7334 -0.0007 -0.0001 1.0000
0.6201 0.7359 -279.5916 -0.0784 0.8572 -104.3228 -0.0005 -0.0001 1.0000
0.6298 0.9151 -338.1934 -0.1452 1.0757 -147.0039 -0.0009 0.0004 1.0000
0.4856 0.5495 -220.8431 -0.0933 0.6803 -75.9227 -0.0007 -0.0004 1.0000
0.6905 0.8090 -347.6990 -0.0850 1.0162 -159.9968 -0.0007 0.0001 1.0000
0.7188 0.8921 -378.3747 -0.0779 1.1595 -195.8409 -0.0006 0.0003 1.0000
0.6536 0.7469 -326.9274 -0.0770 1.0360 -167.5439 -0.0007 0.0001 1.0000
0.6575 0.8262 -354.4788 -0.1049 1.1639 -192.3751 -0.0008 0.0004 1.0000
0.7318 0.7934 -364.3241 -0.0418 1.1622 -203.1126 -0.0006 0.0003 1.0000
0.7527 0.8322 -380.2422 -0.0524 1.2980 -237.8852 -0.0007 0.0005 1.0000
0.6831 0.7222 -327.9813 -0.0747 1.1618 -191.8139 -0.0009 0.0004 1.0000
0.8141 0.8302 -385.3857 -0.0086 1.3687 -259.8543 -0.0007 0.0005 1.0000
0.6918 0.6887 -311.1485 -0.1074 1.1902 -194.2197 -0.0010 0.0004 1.0000
0.6626 0.6130 -271.2125 -0.0678 1.1099 -182.8727 -0.0010 0.0003 1.0000
0.8646 0.7180 -327.9480 0.0627 1.3261 -262.0166 -0.0007 0.0005 1.0000
0.7142 0.5756 -241.7578 -0.0063 1.1492 -207.1303 -0.0008 0.0003 1.0000
0.6504 0.5170 -194.0798 -0.0320 1.1013 -189.8732 -0.0009 0.0003 1.0000
0.7824 0.4553 -180.6195 0.0910 1.1369 -226.5202 -0.0006 0.0001 1.0000
0.7856 0.3032 -113.5776 0.1400 1.0451 -211.4758 -0.0003 -0.0002 1.0000
0.6573 0.3870 -85.0520 0.0835 1.1128 -212.3631 -0.0007 0.0002 1.0000
0.9781 0.4989 -128.2740 0.2442 1.4937 -327.7348 -0.0004 0.0005 1.0000
0.3165 0.1157 82.4008 -0.0145 0.8023 -102.9208 -0.0009 -0.0002 1.0000
0.1303 0.0365 149.6808 -0.1226 0.7313 -48.0006 -0.0012 -0.0002 1.0000
0.4956 0.0745 137.1186 0.0435 1.3894 -195.7203 -0.0007 0.0003 1.0000
0.5554 -0.0770 192.8181 -0.1398 1.9425 -250.7592 -0.0009 0.0006 1.0000
0.4568 -0.3180 250.8212 -0.1753 1.4567 -58.5603 -0.0009 0.0004 1.0000
0.4132 -0.3006 203.0053 -0.1373 1.0910 54.8475 -0.0007 -0.0001 1.0000
0.4403 -0.3584 186.0185 0.0618 0.5951 159.4533 -0.0003 -0.0006 1.0000
0.3894 -0.1312 156.0749 -0.2247 1.0845 159.5215 -0.0009 0.0002 1.0000
0.6368 -0.4062 208.1859 -0.0669 0.9080 154.8360 -0.0004 -0.0003 1.0000
0.2315 -0.4714 328.5127 -0.3631 0.4470 284.5847 -0.0008 -0.0005 1.0000
0.7898 -0.0044 150.8761 0.1388 0.6417 203.4444 0.0000 -0.0004 1.0000
0.2708 -0.0902 254.1108 -0.2438 0.3159 301.5896 -0.0006 -0.0006 1.0000
0.2539 0.1400 248.3153 -0.3128 0.5977 283.3214 -0.0005 -0.0003 1.0000
0.1590 0.3448 230.6029 -0.5363 0.7413 319.0557 -0.0008 -0.0000 1.0000
0.2268 -0.1597 299.4117 -0.2622 -0.0218 403.8167 -0.0003 -0.0009 1.0000
0.3770 0.0882 248.1317 -0.2612 0.1787 405.7993 -0.0002 -0.0007 1.0000
0.1177 0.4490 247.8097 -0.5649 0.4484 438.1020 -0.0006 -0.0002 1.0000
-0.0319 0.3422 300.2516 -0.6018 0.2129 487.7966 -0.0007 -0.0004 1.0000
0.1719 0.3809 279.2238 -0.4504 0.1232 508.6852 -0.0003 -0.0005 1.0000
-0.0587 -0.2162 426.5153 -0.4171 -0.3761 544.9188 -0.0004 -0.0011 1.0000
0.0134 0.0955 383.6571 -0.4634 -0.2435 574.6853 -0.0004 -0.0008 1.0000
-0.0820 0.1036 420.4205 -0.5263 -0.2524 594.8513 -0.0004 -0.0007 1.0000
-0.5790 0.3710 452.3983 -0.9136 -0.0867 624.5763 -0.0010 -0.0003 1.0000
-0.2807 0.4133 421.1083 -0.6453 -0.1856 623.4322 -0.0005 -0.0005 1.0000
0.1656 1.6795 209.6737 -0.6086 0.4264 649.4215 0.0001 0.0005 1.0000
-0.2592 0.9202 325.1249 -0.7069 0.0726 590.2503 -0.0005 -0.0000 1.0000
-0.1455 0.5922 338.7085 -0.5388 -0.0910 538.9733 -0.0003 -0.0004 1.0000
0.0287 0.4900 322.7209 -0.4507 -0.0976 505.8947 -0.0001 -0.0005 1.0000
0.3431 1.1347 161.2608 -0.4853 0.2224 496.1503 0.0003 -0.0001 1.0000
-0.0324 1.0164 192.5170 -0.5719 0.2907 408.2472 -0.0003 -0.0000 1.0000
0.1768 0.9928 160.4864 -0.5684 0.3781 375.1746 -0.0001 -0.0001 1.0000
0.3193 1.3529 62.0767 -0.5764 0.5949 327.8264 0.0000 0.0003 1.0000
0.1992 0.6449 189.6137 -0.4674 0.3099 294.4637 -0.0002 -0.0003 1.0000
0.4340 0.7304 139.7470 -0.4734 0.4978 242.4190 0.0001 -0.0002 1.0000
0.3758 0.5677 161.6324 -0.4790 0.4279 236.9235 -0.0002 -0.0003 1.0000
-0.0395 0.5852 220.4745 -0.5351 0.4913 202.1397 -0.0008 -0.0000 1.0000
0.4583 0.5137 156.2884 -0.3763 0.6013 148.6865 -0.0001 -0.0003 1.0000
0.3738 0.4732 178.0825 -0.4249 0.7615 106.6537 -0.0004 -0.0001 1.0000
0.1249 0.5108 191.2646 -0.5175 0.6989 143.8545 -0.0009 0.0001 1.0000
0.5526 0.5563 122.3595 -0.3555 0.8676 100.6349 -0.0003 0.0001 1.0000
0.3367 0.2773 196.1827 -0.3663 0.7534 109.4400 -0.0005 -0.0001 1.0000
0.4447 0.0091 211.4075 -0.2621 0.5471 140.7890 -0.0003 -0.0005 1.0000
0.3986 0.0513 198.7636 -0.3162 0.6035 156.4874 -0.0005 -0.0004 1.0000
0.1870 0.3395 167.5054 -0.4550 0.9312 114.9231 -0.0011 0.0003 1.0000
0.3340 0.2489 144.9263 -0.3844 0.9803 91.1304 -0.0009 0.0002 1.0000
0.3223 -0.0372 175.8862 -0.2381 0.5859 135.3554 -0.0008 -0.0003 1.0000
0.4843 -0.0089 142.0669 -0.1556 0.8341 74.9379 -0.0007 -0.0000 1.0000
0.4353 -0.2507 192.6487 -0.0788 0.6542 82.4713 -0.0006 -0.0003 1.0000
0.3784 -0.2668 196.5302 -0.1241 0.7267 72.2527 -0.0008 -0.0002 1.0000
0.4663 -0.4273 225.4273 0.1117 0.6649 50.0239 -0.0005 -0.0003 1.0000
0.4712 -0.5021 229.7852 0.3064 0.5590 8.2559 -0.0004 -0.0005 1.0000
0.3743 -0.6160 292.2652 0.2698 0.4341 36.7661 -0.0003 -0.0006 1.0000
0.2878 -0.6273 335.4604 0.2587 0.5771 -17.5121 -0.0005 -0.0003 1.0000
0.3993 -0.6909 341.0916 0.4467 0.5932 -80.0774 -0.0003 -0.0004 1.0000
0.3083 -0.6152 341.4821 0.3323 0.5840 -58.5939 -0.0005 -0.0002 1.0000
0.2570 -0.4840 321.6182 0.2152 0.8046 -94.2857 -0.0009 0.0002 1.0000
0.1793 -0.4695 302.0892 0.0753 0.5504 -10.1792 -0.0009 -0.0002 1.0000
0.4160 -0.4585 243.2611 0.3002 0.4665 -38.0364 -0.0005 -0.0005 1.0000
0.3128 -0.1881 238.8534 -0.1027 0.8935 -16.5587 -0.0012 0.0004 1.0000
0.6801 -0.0713 171.2331 0.0717 0.9069 -17.8883 -0.0004 0.0001 1.0000
0.5365 -0.1345 215.3496 0.0717 0.5834 59.1093 -0.0003 -0.0004 1.0000
0.8653 0.0899 118.4450 0.0459 0.7727 60.9278 -0.0002 -0.0002 1.0000
0.1218 0.1377 253.7098 -0.3471 0.6131 173.3052 -0.0008 -0.0002 1.0000
-0.0784 0.2267 258.1622 -0.5891 0.5761 249.7399 -0.0012 -0.0000 1.0000
0.3028 0.5325 150.7003 -0.4683 0.8811 220.6447 -0.0007 0.0003 1.0000
0.2688 0.6377 133.9721 -0.5526 0.9629 236.6931 -0.0008 0.0004 1.0000
0.2555 0.4857 161.5800 -0.4520 0.7917 245.4298 -0.0006 0.0001 1.0000
