1.0000 0.0000 -0.0000 -0.0000 1.0000 -0.0000 -0.0000 0.0000 1.0000
1.0078 0.0043 0.4340 0.0133 1.0046 -2.4366 0.0000 0.0000 1.0000
0.9920 0.0097 3.7953 -0.0096 1.0144 2.4001 -0.0000 0.0000 1.0000
0.9943 0.0045 7.9261 0.0137 1.0021 -0.6069 0.0000 -0.0000 1.0000
0.9926 0.0107 6.8612 -0.0012 1.0009 8.5537 0.0000 -0.0000 1.0000
0.9963 0.0179 7.0115 0.0002 1.0079 10.0336 0.0000 0.0000 1.0000
0.9908 0.0188 8.6166 -0.0026 1.0000 12.7885 0.0000 -0.0000 1.0000
0.9835 0.0232 10.0899 -0.0156 1.0006 18.1774 -0.0000 0.0000 1.0000
0.9803 0.0244 12.5334 -0.0155 0.9934 21.3488 0.0000 -0.0000 1.0000
0.9818 0.0249 14.1771 -0.0147 0.9930 23.9331 0.0000 -0.0000 1.0000
0.9810 0.0327 14.6286 -0.0183 0.9961 27.9350 0.0000 -0.0000 1.0000
0.9762 0.0293 17.6942 -0.0185 0.9812 32.7049 0.0000 -0.0000 1.0000
0.9757 0.0330 19.3518 -0.0186 0.9834 35.4971 0.0000 -0.0000 1.0000
0.9691 0.0400 20.3131 -0.0301 0.9838 41.1225 -0.0000 -0.0000 1.0000
0.9574 0.0396 23.4288 -0.0345 0.9669 46.9613 -0.0000 -0.0000 1.0000
0.9552 0.0429 26.8443 -0.0361 0.9711 49.4249 -0.0000 -0.0000 1.0000
0.9608 0.0494 27.1008 -0.0380 0.9818 51.4543 -0.0000 -0.0000 1.0000
0.9504 0.0479 30.7854 -0.0386 0.9701 54.6052 -0.0000 -0.0000 1.0000
0.9573 0.0566 30.6750 -0.0367 0.9829 55.1877 -0.0000 0.0000 1.0000
0.9443 0.0559 35.2968 -0.0443 0.9748 59.3091 -0.0000 -0.0000 1.0000
0.9342 0.0555 38.5085 -0.0456 0.9648 63.2592 -0.0000 -0.0000 1.0000
0.9385 0.0570 41.0285 -0.0378 0.9659 64.0658 -0.0000 -0.0000 1.0000
0.9260 0.0572 44.1811 -0.0445 0.9633 66.6860 -0.0000 -0.0000 1.0000
0.9221 0.0601 47.4612 -0.0474 0.9643 70.1123 -0.0000 -0.0000 1.0000
0.9366 0.0545 52.2402 -0.0165 0.9658 66.5826 0.0000 -0.0000 1.0000
0.9116 0.0577 55.7279 -0.0393 0.9463 76.7543 -0.0000 -0.0000 1.0000
0.9147 0.0659 55.2827 -0.0420 0.9622 75.5708 -0.0000 0.0000 1.0000
0.9119 0.0653 57.2702 -0.0466 0.9556 76.3759 -0.0000 -0.0000 1.0000
0.9042 0.0662 60.5640 -0.0482 0.9493 78.7937 -0.0000 -0.0000 1.0000
0.9036 0.0721 61.2785 -0.0518 0.9479 80.6146 -0.0000 -0.0000 1.0000
0.8976 0.0760 63.2713 -0.0558 0.9485 81.5708 -0.0000 -0.0000 1.0000
0.8925 0.0833 65.2377 -0.0636 0.9482 85.3534 -0.0000 0.0000 1.0000
0.8863 0.0867 68.3279 -0.0647 0.9379 89.9234 -0.0000 -0.0000 1.0000
0.8834 0.0994 67.3093 -0.0720 0.9345 93.2119 -0.0000 -0.0000 1.0000
0.8783 0.1063 70.3925 -0.0747 0.9300 96.4130 -0.0000 -0.0000 1.0000
0.8712 0.1142 72.8589 -0.0874 0.9282 102.1971 -0.0000 0.0000 1.0000
0.8684 0.1265 72.5971 -0.0947 0.9293 106.7348 -0.0000 0.0000 1.0000
0.8541 0.1371 71.6793 -0.1110 0.9205 113.1153 -0.0000 0.0000 1.0000
0.8588 0.1491 67.7034 -0.1176 0.9193 117.5125 -0.0000 0.0000 1.0000
0.8419 0.1660 65.6943 -0.1452 0.9197 124.9717 -0.0000 0.0000 1.0000
0.8407 0.1803 61.8408 -0.1541 0.9144 129.8775 -0.0000 0.0000 1.0000
0.8403 0.1965 58.2427 -0.1654 0.9163 133.5754 -0.0000 0.0000 1.0000
0.8415 0.2154 52.5099 -0.1772 0.9175 138.4228 -0.0000 0.0000 1.0000
0.8278 0.2380 48.4931 -0.2013 0.9125 145.2373 -0.0000 0.0001 1.0000
0.8212 0.2516 46.1543 -0.2113 0.9050 147.5773 -0.0000 0.0000 1.0000
0.8153 0.2701 41.1952 -0.2299 0.9020 152.4676 -0.0000 0.0001 1.0000
0.8204 0.2918 35.8432 -0.2347 0.9036 154.3119 -0.0000 0.0001 1.0000
0.8211 0.3149 29.7063 -0.2508 0.9066 156.1313 -0.0000 0.0001 1.0000
0.8173 0.3298 26.5028 -0.2611 0.8964 157.9796 -0.0000 0.0001 1.0000
0.8068 0.3458 24.9798 -0.2803 0.8878 162.0187 -0.0000 0.0001 1.0000
0.7864 0.3603 24.3117 -0.2996 0.8745 164.5037 -0.0000 0.0001 1.0000
0.7970 0.3895 18.2351 -0.3090 0.8881 163.7434 -0.0000 0.0001 1.0000
0.7908 0.4019 17.6045 -0.3158 0.8764 163.9076 -0.0000 0.0001 1.0000
0.7816 0.4263 14.1271 -0.3366 0.8768 165.4608 -0.0000 0.0001 1.0000
0.7798 0.4535 12.5394 -0.3521 0.8898 164.9507 -0.0000 0.0001 1.0000
0.7694 0.4619 13.5923 -0.3568 0.8748 163.9059 -0.0000 0.0001 1.0000
0.7541 0.4753 14.0577 -0.3707 0.8612 165.1850 -0.0000 0.0001 1.0000
0.7486 0.4848 15.0475 -0.3759 0.8484 165.5940 -0.0000 0.0001 1.0000
0.7296 0.5015 17.7541 -0.3893 0.8489 163.7009 -0.0000 0.0001 1.0000
0.7318 0.5166 18.3394 -0.3948 0.8425 162.7149 -0.0000 0.0001 1.0000
0.7063 0.5253 22.3528 -0.4091 0.8317 161.9819 -0.0001 0.0001 1.0000
0.7093 0.5503 20.6986 -0.4182 0.8467 158.4440 -0.0001 0.0001 1.0000
0.6957 0.5576 23.9527 -0.4280 0.8444 157.1785 -0.0001 0.0001 1.0000
0.6890 0.5505 29.6129 -0.4241 0.8253 155.9168 -0.0001 0.0001 1.0000
0.6853 0.5581 33.0805 -0.4246 0.8280 153.2991 -0.0001 0.0001 1.0000
0.6845 0.5717 34.6091 -0.4324 0.8399 150.1442 -0.0001 0.0001 1.0000
0.6917 0.5800 36.6716 -0.4249 0.8426 148.0573 -0.0001 0.0001 1.0000
0.6846 0.5775 43.0187 -0.4242 0.8420 146.8449 -0.0001 0.0001 1.0000
0.6858 0.5738 49.4662 -0.4176 0.8416 145.1421 -0.0001 0.0001 1.0000
0.6899 0.5720 54.7639 -0.4092 0.8449 142.3540 -0.0001 0.0001 1.0000
0.7298 0.5737 55.9557 -0.3807 0.8662 135.5631 -0.0000 0.0001 1.0000
0.7221 0.5623 64.4964 -0.3735 0.8618 135.1407 -0.0000 0.0001 1.0000
0.7242 0.5447 71.4983 -0.3550 0.8588 132.5192 -0.0000 0.0001 1.0000
0.7168 0.5230 81.0840 -0.3438 0.8561 131.6091 -0.0000 0.0001 1.0000
0.7384 0.5300 81.0159 -0.3295 0.8891 123.1087 -0.0000 0.0001 1.0000
0.7315 0.5078 90.9393 -0.3154 0.8883 121.0517 -0.0000 0.0001 1.0000
0.7283 0.4818 99.3061 -0.3020 0.8897 115.8579 -0.0000 0.0001 1.0000
0.7434 0.4696 104.5324 -0.2782 0.9073 109.2931 -0.0000 0.0001 1.0000
0.7583 0.4413 110.4560 -0.2510 0.9121 101.3016 0.0000 0.0001 1.0000
0.7646 0.4361 116.8636 -0.2374 0.9276 97.1927 0.0000 0.0001 1.0000
0.7584 0.4072 124.9630 -0.2215 0.9214 92.9564 -0.0000 0.0001 1.0000
0.7773 0.3867 127.5156 -0.1932 0.9258 85.0105 0.0000 0.0001 1.0000
0.7987 0.3766 129.1267 -0.1720 0.9456 76.6142 0.0000 0.0001 1.0000
0.7849 0.3548 137.7803 -0.1631 0.9368 74.1557 0.0000 0.0001 1.0000
0.7955 0.3471 144.4332 -0.1422 0.9468 69.5459 0.0000 0.0001 1.0000
0.8027 0.3307 150.6265 -0.1265 0.9500 62.8671 0.0001 0.0001 1.0000
0.8019 0.3215 154.7805 -0.1136 0.9501 56.8189 0.0000 0.0000 1.0000
0.8130 0.3206 157.6023 -0.0998 0.9584 50.2433 0.0001 0.0000 1.0000
0.7787 0.2996 170.8769 -0.1103 0.9468 48.7351 0.0000 0.0000 1.0000
0.8039 0.3124 168.4967 -0.0962 0.9722 38.1245 0.0000 0.0000 1.0000
0.8211 0.3219 166.9357 -0.0885 0.9928 29.1018 0.0001 0.0001 1.0000
0.8309 0.3144 168.5793 -0.0744 0.9920 20.5056 0.0001 0.0000 1.0000
0.8574 0.3117 167.3950 -0.0508 0.9928 10.4641 0.0001 0.0000 1.0000
0.8761 0.3387 160.4743 -0.0546 1.0287 -2.7357 0.0001 0.0001 1.0000
0.8675 0.3203 164.9989 -0.0521 1.0137 -10.1532 0.0001 0.0000 1.0000
0.8626 0.3287 162.0349 -0.0554 1.0206 -20.1169 0.0001 0.0000 1.0000
0.8772 0.3334 159.6545 -0.0434 1.0331 -33.7015 0.0001 0.0000 1.0000
0.8619 0.3370 159.9348 -0.0489 1.0370 -42.9071 0.0001 0.0000 1.0000
0.8901 0.3546 152.0096 -0.0336 1.0628 -61.2029 0.0001 0.0001 1.0000
0.8958 0.3455 149.8483 -0.0244 1.0587 -72.7818 0.0001 0.0000 1.0000
0.9070 0.3569 143.4113 -0.0230 1.0796 -86.0698 0.0002 0.0001 1.0000
0.9280 0.3586 135.8179 -0.0048 1.0953 -103.5721 0.0002 0.0001 1.0000
0.9258 0.3672 130.5753 -0.0042 1.1098 -115.2839 0.0002 0.0001 1.0000
0.8987 0.3566 130.3430 -0.0113 1.0914 -116.9338 0.0001 0.0001 1.0000
0.9290 0.3486 124.0054 0.0153 1.0955 -130.1128 0.0002 0.0000 1.0000
0.9119 0.3646 122.3506 0.0104 1.1093 -135.8772 0.0002 0.0001 1.0000
0.9649 0.3769 116.9719 0.0407 1.1353 -148.3380 0.0002 0.0001 1.0000
0.9477 0.3675 120.5204 0.0407 1.1260 -149.0781 0.0002 0.0001 1.0000
0.9517 0.3785 121.0117 0.0460 1.1459 -154.5838 0.0002 0.0001 1.0000
0.9528 0.3776 124.7270 0.0571 1.1442 -156.3757 0.0002 0.0001 1.0000
0.9494 0.3693 131.5388 0.0672 1.1427 -158.8151 0.0002 0.0000 1.0000
0.9462 0.3645 139.1799 0.0768 1.1358 -156.3316 0.0003 0.0000 1.0000
0.9458 0.3787 145.1707 0.0809 1.1533 -157.2644 0.0002 0.0001 1.0000
0.9358 0.3662 156.4621 0.0903 1.1529 -158.0257 0.0003 0.0000 1.0000
0.9183 0.3432 168.7114 0.0952 1.1327 -153.2101 0.0002 0.0000 1.0000
0.9290 0.3559 174.0708 0.1030 1.1574 -156.2590 0.0002 0.0000 1.0000
0.9252 0.3459 184.3889 0.1154 1.1582 -157.3862 0.0003 0.0000 1.0000
0.9224 0.3531 191.1923 0.1268 1.1685 -158.2401 0.0002 0.0000 1.0000
0.9082 0.2875 214.4994 0.1509 1.1162 -151.8573 0.0003 -0.0000 1.0000
0.9113 0.3052 219.9453 0.1610 1.1463 -156.3623 0.0003 -0.0000 1.0000
0.8721 0.2929 235.1695 0.1507 1.1378 -149.1957 0.0002 -0.0000 1.0000
0.8972 0.2930 241.8636 0.1802 1.1607 -157.3553 0.0003 -0.0000 1.0000
0.8872 0.2690 254.9398 0.1927 1.1455 -152.9941 0.0003 -0.0000 1.0000
0.8887 0.2722 259.3899 0.2056 1.1642 -158.5242 0.0003 -0.0000 1.0000
0.8703 0.2520 270.3376 0.2112 1.1550 -154.5535 0.0003 -0.0000 1.0000
0.8755 0.2515 275.0407 0.2287 1.1673 -156.8407 0.0003 -0.0000 1.0000
0.8753 0.2524 278.9043 0.2432 1.1803 -159.0753 0.0003 -0.0000 1.0000
0.8890 0.2441 284.1523 0.2632 1.1896 -160.4804 0.0003 -0.0000 1.0000
0.8690 0.2412 290.2378 0.2662 1.1973 -157.2568 0.0003 -0.0000 1.0000
0.8856 0.2261 293.1152 0.2868 1.2021 -157.8894 0.0003 -0.0000 1.0000
0.8739 0.2016 298.8843 0.2949 1.1773 -150.3485 0.0003 -0.0001 1.0000
0.8877 0.1804 298.4318 0.3148 1.1634 -148.0500 0.0003 -0.0001 1.0000
0.8793 0.2064 296.6770 0.3200 1.2028 -153.3255 0.0003 -0.0001 1.0000
0.8803 0.1791 301.3621 0.3357 1.1754 -148.5667 0.0003 -0.0001 1.0000
0.8826 0.1895 301.5413 0.3443 1.1960 -150.7769 0.0003 -0.0001 1.0000
0.8887 0.1856 300.8175 0.3556 1.1948 -148.8855 0.0003 -0.0001 1.0000
0.8779 0.1877 298.8567 0.3583 1.1992 -148.6014 0.0003 -0.0001 1.0000
0.8768 0.1870 297.1190 0.3619 1.1997 -147.3007 0.0003 -0.0001 1.0000
0.8657 0.1708 297.3645 0.3666 1.1813 -145.4043 0.0003 -0.0001 1.0000
0.8884 0.1765 292.3405 0.3915 1.1962 -153.6786 0.0004 -0.0001 1.0000
0.8801 0.1905 288.7021 0.3888 1.2098 -154.2027 0.0004 -0.0001 1.0000
0.8796 0.2032 283.3575 0.3878 1.2241 -157.0336 0.0004 -0.0001 1.0000
0.8658 0.1799 283.5998 0.3881 1.1914 -154.3736 0.0004 -0.0001 1.0000
0.8840 0.1878 277.8413 0.4097 1.2035 -161.9333 0.0004 -0.0001 1.0000
0.8951 0.1690 270.3112 0.4277 1.1784 -163.3038 0.0004 -0.0002 1.0000
0.8887 0.2132 261.8566 0.4207 1.2387 -175.0886 0.0004 -0.0001 1.0000
0.9268 0.2244 250.4816 0.4609 1.2589 -190.0338 0.0005 -0.0001 1.0000
0.9016 0.2364 246.6534 0.4370 1.2708 -189.0803 0.0004 -0.0001 1.0000
0.9072 0.2224 240.2655 0.4526 1.2538 -193.2513 0.0004 -0.0001 1.0000
0.8837 0.2375 237.2182 0.4367 1.2738 -194.4261 0.0004 -0.0001 1.0000
0.9086 0.2236 232.9561 0.4704 1.2602 -198.6663 0.0005 -0.0001 1.0000
0.8873 0.2273 231.2804 0.4562 1.2617 -196.4616 0.0004 -0.0001 1.0000
0.8985 0.2339 227.3048 0.4682 1.2774 -201.9742 0.0005 -0.0001 1.0000
0.8933 0.2363 224.2613 0.4696 1.2750 -201.0773 0.0005 -0.0001 1.0000
0.8680 0.2516 224.1643 0.4454 1.2891 -198.3565 0.0004 -0.0001 1.0000
0.8922 0.2414 222.8317 0.4768 1.2788 -202.3757 0.0005 -0.0001 1.0000
0.8627 0.2297 227.2408 0.4564 1.2551 -194.2166 0.0005 -0.0001 1.0000
0.8567 0.2425 224.8042 0.4533 1.2700 -198.1449 0.0005 -0.0001 1.0000
0.8764 0.2464 224.9206 0.4724 1.2810 -201.7597 0.0005 -0.0001 1.0000
0.8399 0.2332 229.6635 0.4493 1.2544 -195.3554 0.0004 -0.0001 1.0000
0.8490 0.2376 228.5689 0.4583 1.2639 -199.6079 0.0005 -0.0001 1.0000
0.8579 0.2517 224.3601 0.4643 1.2782 -203.0474 0.0005 -0.0001 1.0000
0.8334 0.2463 225.8435 0.4439 1.2639 -198.7583 0.0004 -0.0001 1.0000
0.8518 0.2449 223.1143 0.4620 1.2632 -202.6401 0.0005 -0.0001 1.0000
0.8505 0.2451 221.2426 0.4631 1.2557 -202.2920 0.0005 -0.0001 1.0000
0.8616 0.2515 216.9765 0.4653 1.2566 -203.4361 0.0005 -0.0001 1.0000
0.8533 0.2750 210.8286 0.4506 1.2797 -206.0554 0.0004 -0.0001 1.0000
0.8626 0.2655 208.9675 0.4574 1.2578 -203.9451 0.0005 -0.0001 1.0000
0.8847 0.2748 200.8841 0.4710 1.2695 -212.0564 0.0005 -0.0001 1.0000
0.8820 0.2790 197.8784 0.4612 1.2644 -209.0619 0.0005 -0.0001 1.0000
0.8824 0.2810 191.8591 0.4533 1.2498 -204.9896 0.0005 -0.0001 1.0000
0.8872 0.2854 184.4834 0.4495 1.2458 -205.8862 0.0005 -0.0002 1.0000
0.9078 0.3055 176.0143 0.4520 1.2687 -209.2328 0.0005 -0.0001 1.0000
0.9233 0.3270 162.7300 0.4451 1.2863 -211.1587 0.0005 -0.0001 1.0000
0.9397 0.3025 155.8232 0.4501 1.2410 -204.9189 0.0005 -0.0002 1.0000
0.9662 0.3366 139.1620 0.4495 1.2777 -211.3343 0.0005 -0.0001 1.0000
1.0072 0.3311 126.7769 0.4753 1.2695 -216.2078 0.0005 -0.0002 1.0000
1.0092 0.3502 115.1762 0.4540 1.2793 -212.2539 0.0005 -0.0002 1.0000
1.0215 0.3605 102.6997 0.4466 1.2798 -212.9645 0.0005 -0.0002 1.0000
1.0663 0.3631 89.8516 0.4648 1.2783 -213.7195 0.0006 -0.0002 1.0000
1.0785 0.3492 81.2807 0.4583 1.2484 -207.9489 0.0006 -0.0002 1.0000
1.1040 0.3724 65.6760 0.4591 1.2686 -211.4768 0.0006 -0.0002 1.0000
1.1233 0.3749 54.8782 0.4559 1.2671 -212.3455 0.0006 -0.0002 1.0000
1.1031 0.3878 49.3888 0.4107 1.2712 -203.9229 0.0005 -0.0002 1.0000
1.1649 0.3636 37.7688 0.4542 1.2346 -207.9972 0.0006 -0.0003 1.0000
1.1997 0.3888 28.0520 0.4524 1.2636 -210.4801 0.0006 -0.0002 1.0000
1.1887 0.3663 25.1574 0.4349 1.2084 -201.4412 0.0006 -0.0003 1.0000
1.1989 0.3665 22.4400 0.4255 1.2075 -199.8398 0.0006 -0.0003 1.0000
1.2291 0.3971 6.7070 0.4228 1.2454 -210.1785 0.0006 -0.0003 1.0000
1.2624 0.3977 -1.8554 0.4316 1.2349 -211.0155 0.0006 -0.0003 1.0000
1.2701 0.3912 -4.8248 0.4320 1.2170 -209.4729 0.0006 -0.0003 1.0000
1.2833 0.3978 -14.6912 0.4253 1.2200 -213.2145 0.0006 -0.0003 1.0000
1.3061 0.4184 -28.1014 0.4177 1.2405 -217.4955 0.0006 -0.0003 1.0000
1.3037 0.4195 -32.0570 0.4034 1.2347 -216.9282 0.0006 -0.0003 1.0000
1.3269 0.4363 -41.6119 0.4137 1.2534 -224.5649 0.0006 -0.0003 1.0000
1.3471 0.4478 -51.3547 0.4080 1.2584 -227.3982 0.0006 -0.0003 1.0000
1.3471 0.4510 -55.3373 0.4103 1.2604 -232.6420 0.0006 -0.0003 1.0000
1.3788 0.4547 -62.1766 0.4215 1.2599 -236.3410 0.0006 -0.0003 1.0000
1.3992 0.4511 -65.5345 0.4394 1.2578 -243.1997 0.0007 -0.0003 1.0000
1.4121 0.4433 -68.1829 0.4477 1.2397 -245.9100 0.0007 -0.0004 1.0000
1.3954 0.4618 -71.0961 0.4302 1.2653 -252.7498 0.0006 -0.0003 1.0000
1.4094 0.4606 -72.7488 0.4383 1.2568 -255.8144 0.0007 -0.0004 1.0000
1.4110 0.4385 -69.6258 0.4585 1.2272 -259.1196 0.0007 -0.0004 1.0000
1.4553 0.4514 -76.0076 0.4906 1.2501 -273.3237 0.0007 -0.0004 1.0000
1.4574 0.4477 -74.4037 0.5009 1.2452 -279.3407 0.0007 -0.0004 1.0000
1.4521 0.4487 -72.4209 0.5036 1.2462 -282.6720 0.0007 -0.0004 1.0000
1.4499 0.4476 -71.7498 0.5098 1.2431 -286.9800 0.0007 -0.0004 1.0000
1.4458 0.4431 -69.6039 0.5110 1.2404 -290.5311 0.0007 -0.0004 1.0000
1.4721 0.4489 -73.4428 0.5299 1.2505 -296.2572 0.0007 -0.0004 1.0000
1.5098 0.4586 -80.2154 0.5559 1.2729 -308.3248 0.0008 -0.0004 1.0000
1.4974 0.4493 -76.4085 0.5562 1.2601 -305.4777 0.0008 -0.0004 1.0000
1.4890 0.4499 -77.0324 0.5511 1.2585 -307.0107 0.0008 -0.0005 1.0000
1.4827 0.4437 -77.0022 0.5560 1.2567 -311.1634 0.0007 -0.0005 1.0000
1.4946 0.4413 -79.8268 0.5689 1.2575 -314.6519 0.0007 -0.0005 1.0000
1.4942 0.4400 -81.0781 0.5737 1.2530 -315.4063 0.0008 -0.0005 1.0000
1.4838 0.4369 -79.2081 0.5675 1.2526 -314.3225 0.0007 -0.0005 1.0000
1.4984 0.4311 -81.9807 0.5812 1.2531 -317.2603 0.0008 -0.0005 1.0000
1.5346 0.4493 -95.0090 0.6025 1.2806 -327.5497 0.0008 -0.0005 1.0000
1.5118 0.4277 -87.9460 0.5965 1.2566 -321.2415 0.0008 -0.0005 1.0000
1.5375 0.4297 -91.1144 0.6151 1.2644 -325.3448 0.0008 -0.0005 1.0000
1.5317 0.4231 -88.2299 0.6168 1.2614 -324.4580 0.0008 -0.0005 1.0000
1.5525 0.4210 -88.4804 0.6362 1.2656 -328.3424 0.0008 -0.0005 1.0000
1.5183 0.4120 -80.5688 0.6195 1.2572 -323.9207 0.0008 -0.0005 1.0000
1.5361 0.4114 -80.7394 0.6403 1.2619 -328.9723 0.0008 -0.0005 1.0000
1.5530 0.4044 -76.9400 0.6630 1.2634 -333.3495 0.0008 -0.0005 1.0000
1.5556 0.4000 -71.2919 0.6725 1.2626 -334.2639 0.0008 -0.0005 1.0000
1.5171 0.3919 -60.0893 0.6552 1.2565 -329.3736 0.0008 -0.0005 1.0000
1.5130 0.3810 -50.6353 0.6611 1.2518 -327.6916 0.0008 -0.0005 1.0000
1.5211 0.3635 -41.7849 0.6798 1.2397 -326.8922 0.0008 -0.0006 1.0000
1.4992 0.3635 -32.0537 0.6755 1.2482 -327.3231 0.0008 -0.0005 1.0000
1.5042 0.3424 -23.1389 0.6928 1.2297 -326.3497 0.0008 -0.0006 1.0000
1.4878 0.3469 -16.3648 0.6854 1.2435 -327.0214 0.0008 -0.0005 1.0000
1.4759 0.3310 -4.4064 0.6920 1.2340 -325.7453 0.0007 -0.0006 1.0000
1.4941 0.3184 3.4643 0.7242 1.2301 -331.5245 0.0008 -0.0006 1.0000
1.4808 0.3125 14.3417 0.7255 1.2348 -333.7661 0.0008 -0.0006 1.0000
1.4504 0.3074 26.2992 0.7142 1.2319 -330.8105 0.0007 -0.0005 1.0000
1.4771 0.2973 33.7701 0.7540 1.2403 -341.6145 0.0008 -0.0006 1.0000
1.4027 0.2707 56.5752 0.7128 1.2071 -326.0551 0.0007 -0.0006 1.0000
1.4047 0.2708 65.2599 0.7278 1.2172 -329.9256 0.0007 -0.0005 1.0000
1.3991 0.2584 76.0817 0.7408 1.2186 -334.5709 0.0007 -0.0006 1.0000
1.3903 0.2452 88.4486 0.7489 1.2131 -334.8494 0.0007 -0.0006 1.0000
1.3855 0.2472 97.1870 0.7572 1.2250 -338.2642 0.0007 -0.0005 1.0000
1.3511 0.2244 113.7376 0.7508 1.2074 -334.8429 0.0007 -0.0006 1.0000
1.3586 0.2187 121.3718 0.7740 1.2118 -339.3138 0.0007 -0.0006 1.0000
1.3504 0.2170 128.5761 0.7774 1.2203 -343.6724 0.0007 -0.0006 1.0000
1.3546 0.2060 140.6640 0.7972 1.2194 -344.0280 0.0007 -0.0006 1.0000
1.3344 0.1872 153.5100 0.7944 1.2112 -342.4726 0.0007 -0.0006 1.0000
1.3060 0.1852 163.9549 0.7851 1.2139 -339.9400 0.0007 -0.0006 1.0000
1.2884 0.1703 175.8833 0.7871 1.2031 -337.4287 0.0007 -0.0006 1.0000
1.2937 0.1674 184.7548 0.8033 1.2145 -340.3423 0.0007 -0.0005 1.0000
1.2540 0.1480 197.4842 0.7884 1.2008 -337.1671 0.0006 -0.0006 1.0000
1.2863 0.1583 199.0071 0.8218 1.2304 -348.5426 0.0007 -0.0005 1.0000
1.2641 0.1498 209.1238 0.8165 1.2303 -347.5349 0.0007 -0.0005 1.0000
1.2582 0.1296 218.6050 0.8305 1.2212 -349.3681 0.0007 -0.0006 1.0000
1.2265 0.1175 230.8949 0.8177 1.2132 -343.5066 0.0006 -0.0006 1.0000
1.2232 0.1125 238.3590 0.8253 1.2197 -345.8235 0.0006 -0.0005 1.0000
1.2343 0.1000 246.2459 0.8453 1.2187 -348.1839 0.0007 -0.0006 1.0000
1.1894 0.0783 260.9292 0.8247 1.1959 -338.4730 0.0006 -0.0006 1.0000
1.1939 0.0838 265.2889 0.8367 1.2147 -345.2246 0.0006 -0.0006 1.0000
1.2303 0.0843 268.8392 0.8774 1.2324 -356.0767 0.0007 -0.0005 1.0000
1.2018 0.0632 280.8615 0.8648 1.2096 -349.4856 0.0007 -0.0006 1.0000
1.1883 0.0603 289.4279 0.8649 1.2120 -349.3591 0.0007 -0.0006 1.0000
1.1897 0.0728 294.3334 0.8806 1.2386 -358.0317 0.0007 -0.0005 1.0000
1.1817 0.0636 302.0057 0.8852 1.2312 -356.9948 0.0007 -0.0005 1.0000
1.1814 0.0585 308.4619 0.8909 1.2282 -356.2959 0.0007 -0.0005 1.0000
1.1689 0.0435 316.7034 0.8984 1.2172 -355.2788 0.0006 -0.0005 1.0000
1.1603 0.0318 323.9637 0.8950 1.2096 -350.8192 0.0006 -0.0005 1.0000
1.1265 0.0230 329.4838 0.8709 1.1952 -342.3097 0.0006 -0.0005 1.0000
1.1578 0.0388 326.6000 0.8980 1.2261 -351.9305 0.0006 -0.0005 1.0000
1.1657 0.0192 328.5087 0.9102 1.2161 -353.0592 0.0007 -0.0005 1.0000
1.1360 0.0092 332.6814 0.8874 1.1979 -341.8536 0.0006 -0.0005 1.0000
1.1523 0.0083 329.0307 0.9048 1.2098 -349.2754 0.0006 -0.0006 1.0000
1.1694 0.0154 326.8006 0.9113 1.2249 -351.4721 0.0007 -0.0005 1.0000
1.1526 0.0069 328.6238 0.8959 1.2123 -344.9849 0.0006 -0.0005 1.0000
1.1238 -0.0044 330.5351 0.8741 1.1942 -338.4479 0.0006 -0.0006 1.0000
1.1635 0.0040 325.6726 0.8963 1.2115 -343.8813 0.0006 -0.0005 1.0000
1.1096 -0.0074 330.6468 0.8531 1.1831 -329.5357 0.0006 -0.0006 1.0000
1.1769 0.0166 318.8228 0.8920 1.2224 -345.4975 0.0006 -0.0005 1.0000
1.1901 0.0052 316.7150 0.8987 1.2137 -348.0877 0.0007 -0.0006 1.0000
1.1656 0.0137 315.5393 0.8670 1.2112 -342.8992 0.0006 -0.0005 1.0000
1.1465 0.0032 317.0241 0.8427 1.1893 -335.8232 0.0006 -0.0006 1.0000
1.1954 0.0173 308.4888 0.8678 1.2087 -346.5073 0.0006 -0.0006 1.0000
1.1575 0.0167 307.7753 0.8235 1.1894 -337.8650 0.0006 -0.0006 1.0000
1.1974 0.0401 298.2553 0.8328 1.2183 -348.5424 0.0006 -0.0005 1.0000
1.2416 0.0426 289.1261 0.8566 1.2199 -357.0018 0.0007 -0.0005 1.0000
1.1926 0.0453 288.4094 0.7942 1.2059 -347.8209 0.0006 -0.0005 1.0000
1.2521 0.0489 275.0645 0.8228 1.2168 -360.1943 0.0007 -0.0005 1.0000
1.2649 0.0677 262.9129 0.8038 1.2295 -361.8608 0.0007 -0.0005 1.0000
1.2836 0.0665 250.4627 0.7935 1.2211 -361.4194 0.0007 -0.0005 1.0000
1.2572 0.0743 241.7465 0.7415 1.2151 -353.0020 0.0006 -0.0005 1.0000
1.2961 0.0952 223.9927 0.7347 1.2338 -356.5747 0.0006 -0.0005 1.0000
1.3772 0.1062 203.4675 0.7590 1.2502 -366.5692 0.0007 -0.0005 1.0000
1.3502 0.1178 190.8591 0.7046 1.2455 -359.0997 0.0006 -0.0005 1.0000
1.3627 0.1224 175.3938 0.6756 1.2327 -351.5976 0.0006 -0.0005 1.0000
1.3644 0.1314 160.6099 0.6357 1.2204 -339.9961 0.0006 -0.0005 1.0000
1.4521 0.1716 131.5201 0.6491 1.2683 -354.2312 0.0007 -0.0005 1.0000
1.4417 0.1675 117.0544 0.5979 1.2339 -337.8217 0.0006 -0.0005 1.0000
1.4389 0.1791 100.4566 0.5465 1.2220 -323.5159 0.0006 -0.0005 1.0000
1.4523 0.1971 78.4081 0.5114 1.2179 -314.7300 0.0006 -0.0005 1.0000
1.4511 0.1934 67.5979 0.4618 1.1928 -295.3782 0.0006 -0.0005 1.0000
1.4470 0.2237 49.5477 0.4135 1.1897 -279.6432 0.0006 -0.0005 1.0000
1.4888 0.2433 32.1274 0.3976 1.1992 -272.8179 0.0006 -0.0005 1.0000
1.4759 0.2629 24.2019 0.3416 1.1926 -249.8633 0.0005 -0.0004 1.0000
1.4881 0.2798 11.0012 0.3053 1.1800 -233.3277 0.0005 -0.0004 1.0000
1.4455 0.2964 9.0574 0.2252 1.1647 -204.4812 0.0005 -0.0004 1.0000
1.4726 0.3210 -1.5571 0.1928 1.1846 -194.1058 0.0005 -0.0004 1.0000
1.4595 0.3414 -13.8693 0.1348 1.1709 -172.0019 0.0004 -0.0004 1.0000
1.4551 0.3499 -21.9012 0.1001 1.1591 -157.1414 0.0004 -0.0004 1.0000
1.4345 0.3577 -26.9162 0.0603 1.1442 -140.8875 0.0004 -0.0004 1.0000
1.4216 0.3509 -29.2810 0.0215 1.1219 -122.0036 0.0004 -0.0004 1.0000
1.4232 0.3773 -45.7785 -0.0120 1.1189 -105.9979 0.0004 -0.0004 1.0000
1.4042 0.3731 -45.0552 -0.0362 1.1039 -90.8297 0.0003 -0.0004 1.0000
1.4082 0.3994 -56.6884 -0.0651 1.1179 -77.1045 0.0003 -0.0003 1.0000
1.4156 0.3957 -63.9562 -0.0754 1.0989 -59.8889 0.0004 -0.0003 1.0000
1.3762 0.3923 -67.3457 -0.1044 1.0811 -41.7919 0.0003 -0.0003 1.0000
1.4162 0.4113 -84.4132 -0.0961 1.1007 -32.8994 0.0004 -0.0003 1.0000
1.3832 0.3950 -84.3718 -0.1135 1.0718 -14.6373 0.0003 -0.0003 1.0000
1.4028 0.4147 -103.0717 -0.1208 1.0890 -4.7991 0.0003 -0.0003 1.0000
1.3648 0.4054 -107.3906 -0.1432 1.0721 9.8745 0.0003 -0.0003 1.0000
1.3611 0.4033 -115.8031 -0.1486 1.0633 20.0989 0.0003 -0.0003 1.0000
1.3611 0.4102 -127.2157 -0.1580 1.0735 24.1943 0.0003 -0.0003 1.0000
1.3514 0.4139 -133.2831 -0.1718 1.0749 26.7841 0.0003 -0.0003 1.0000
1.3265 0.4098 -136.3509 -0.1840 1.0648 26.0373 0.0003 -0.0003 1.0000
1.3080 0.4192 -139.8006 -0.2078 1.0751 22.7083 0.0003 -0.0002 1.0000
1.3038 0.4306 -145.8446 -0.2279 1.0851 14.8805 0.0002 -0.0002 1.0000
1.2741 0.4392 -142.1706 -0.2521 1.0712 11.3442 0.0002 -0.0002 1.0000
1.2586 0.4468 -131.8762 -0.2727 1.0685 8.7537 0.0002 -0.0002 1.0000
1.1931 0.4665 -110.8708 -0.3143 1.0676 8.2346 0.0002 -0.0001 1.0000
1.2095 0.5024 -114.4248 -0.3465 1.0833 0.7870 0.0002 -0.0001 1.0000
1.2175 0.5429 -125.2248 -0.3748 1.0946 -10.7632 0.0001 -0.0001 1.0000
1.1943 0.5353 -127.2796 -0.3899 1.0604 -12.2142 0.0001 -0.0001 1.0000
1.1528 0.5490 -130.6967 -0.4271 1.0595 -12.5512 0.0001 -0.0001 1.0000
1.1532 0.5576 -137.8212 -0.4460 1.0628 -12.2580 0.0001 -0.0001 1.0000
1.1381 0.5618 -143.1839 -0.4531 1.0526 -7.5419 0.0001 -0.0001 1.0000
1.1557 0.5668 -153.9821 -0.4571 1.0575 -4.8906 0.0001 -0.0001 1.0000
1.1420 0.5603 -162.2924 -0.4713 1.0393 7.7685 0.0001 -0.0001 1.0000
1.1341 0.5623 -173.9828 -0.4878 1.0393 18.4529 0.0001 -0.0001 1.0000
1.1368 0.5617 -190.1530 -0.5058 1.0250 36.4958 0.0000 -0.0001 1.0000
1.1169 0.5546 -201.7237 -0.5062 1.0128 42.7627 0.0000 -0.0001 1.0000
1.1213 0.5662 -219.6000 -0.5253 1.0173 56.2513 0.0000 -0.0001 1.0000
1.1382 0.5786 -242.0975 -0.5381 1.0322 61.2613 0.0000 -0.0000 1.0000
1.1494 0.5783 -261.9298 -0.5498 1.0275 67.1985 0.0000 -0.0000 1.0000
1.1557 0.5889 -275.4283 -0.5610 1.0383 70.6220 0.0000 -0.0000 1.0000
1.1476 0.5938 -284.0131 -0.5812 1.0488 72.3325 0.0000 -0.0000 1.0000
1.1655 0.6005 -293.6781 -0.5843 1.0578 70.3827 0.0000 0.0000 1.0000
1.1523 0.5946 -293.2473 -0.5784 1.0507 62.3282 0.0000 -0.0000 1.0000
1.1101 0.5920 -288.9875 -0.6142 1.0527 57.9581 -0.0000 0.0000 1.0000
1.1073 0.5878 -285.3036 -0.6133 1.0395 54.2401 -0.0000 0.0000 1.0000
1.1246 0.5954 -285.7606 -0.6101 1.0514 44.8758 -0.0000 0.0000 1.0000
1.0996 0.5946 -277.4095 -0.6276 1.0448 45.3533 -0.0001 0.0000 1.0000
1.0787 0.5925 -266.9875 -0.6560 1.0538 47.7599 -0.0001 0.0000 1.0000
1.0837 0.5845 -259.9563 -0.6381 1.0430 45.1171 -0.0001 0.0000 1.0000
1.0473 0.5726 -241.8479 -0.6442 1.0231 52.4598 -0.0001 0.0000 1.0000
1.0213 0.5771 -230.4167 -0.6624 1.0336 54.3851 -0.0002 0.0000 1.0000
0.9990 0.5485 -212.6674 -0.6613 1.0021 63.0482 -0.0002 0.0000 1.0000
1.0488 0.5508 -214.7454 -0.6368 1.0169 59.6171 -0.0001 0.0000 1.0000
1.0881 0.5404 -215.4780 -0.6217 1.0288 55.4018 -0.0001 0.0000 1.0000
1.0567 0.5186 -203.8362 -0.6242 1.0206 56.0435 -0.0001 0.0000 1.0000
1.0966 0.5040 -203.3557 -0.6063 1.0351 50.8603 -0.0001 0.0000 1.0000
1.0752 0.4699 -190.5005 -0.5886 1.0211 47.3469 -0.0001 -0.0000 1.0000
1.0835 0.4373 -182.4307 -0.5632 1.0274 35.6663 -0.0001 -0.0000 1.0000
1.1038 0.4195 -175.8754 -0.5416 1.0531 27.1769 -0.0001 -0.0000 1.0000
1.1108 0.3756 -166.1237 -0.5145 1.0513 14.6057 -0.0001 -0.0000 1.0000
1.1519 0.3565 -164.9520 -0.4900 1.0676 5.0361 -0.0001 -0.0000 1.0000
1.1416 0.2978 -142.1417 -0.4403 1.0557 -8.7377 -0.0001 -0.0001 1.0000
1.1874 0.2679 -135.1881 -0.4156 1.0893 -21.9867 -0.0001 -0.0001 1.0000
1.1809 0.2267 -118.0279 -0.3840 1.0757 -25.4854 -0.0001 -0.0001 1.0000
1.2067 0.1822 -102.6035 -0.3379 1.0768 -36.5171 -0.0001 -0.0001 1.0000
1.1804 0.1402 -81.5786 -0.3165 1.0620 -37.2404 -0.0001 -0.0001 1.0000
1.1939 0.0915 -61.3886 -0.2734 1.0568 -44.5728 -0.0001 -0.0001 1.0000
1.1667 0.0494 -35.7348 -0.2496 1.0310 -41.6489 -0.0001 -0.0002 1.0000
1.1335 -0.0041 1.5373 -0.2208 1.0110 -40.4357 -0.0002 -0.0002 1.0000
1.0850 -0.0600 40.1607 -0.2102 0.9696 -30.1561 -0.0002 -0.0002 1.0000
1.0674 -0.1062 77.5408 -0.1734 0.9518 -27.9982 -0.0002 -0.0002 1.0000
1.0546 -0.1103 101.4769 -0.1611 0.9619 -19.1858 -0.0002 -0.0002 1.0000
1.0102 -0.1705 152.6094 -0.1421 0.9189 -5.3911 -0.0002 -0.0002 1.0000
0.9217 -0.2087 211.0213 -0.1356 0.8849 9.8520 -0.0003 -0.0002 1.0000
0.9244 -0.2531 251.8245 -0.1176 0.8629 20.9901 -0.0003 -0.0002 1.0000
0.8709 -0.2891 303.2992 -0.1165 0.8276 34.8645 -0.0003 -0.0003 1.0000
0.8431 -0.3143 351.2866 -0.1006 0.8167 40.1812 -0.0003 -0.0003 1.0000
0.8258 -0.3192 395.0540 -0.0956 0.8177 48.3624 -0.0004 -0.0002 1.0000
0.7536 -0.3165 444.6230 -0.1092 0.8211 55.6560 -0.0004 -0.0002 1.0000
0.7426 -0.3482 491.1970 -0.0931 0.8139 56.0888 -0.0004 -0.0002 1.0000
0.6919 -0.3698 524.9623 -0.0862 0.7913 59.3729 -0.0005 -0.0002 1.0000
0.6243 -0.3942 555.6553 -0.1010 0.7737 66.2741 -0.0005 -0.0002 1.0000
0.6285 -0.4049 564.8584 -0.0833 0.7788 64.2563 -0.0005 -0.0002 1.0000
0.6179 -0.4294 576.3455 -0.0617 0.7681 61.5806 -0.0005 -0.0002 1.0000
0.6034 -0.4388 577.4393 -0.0484 0.7561 59.8037 -0.0005 -0.0002 1.0000
0.5844 -0.4517 583.0956 -0.0522 0.7467 59.6407 -0.0005 -0.0002 1.0000
0.6108 -0.4581 585.5731 -0.0108 0.7538 50.0271 -0.0005 -0.0002 1.0000
0.5931 -0.4725 591.6626 -0.0019 0.7448 46.3790 -0.0005 -0.0002 1.0000
0.5942 -0.4932 593.6804 0.0101 0.7253 45.9877 -0.0005 -0.0002 1.0000
0.5632 -0.4825 592.0985 -0.0105 0.7220 48.0765 -0.0005 -0.0002 1.0000
0.5896 -0.4663 590.4663 -0.0117 0.7407 45.1281 -0.0005 -0.0002 1.0000
0.5550 -0.4318 596.0939 -0.0635 0.7645 48.1184 -0.0006 -0.0002 1.0000
0.5157 -0.3304 587.1825 -0.1500 0.7982 62.2560 -0.0006 -0.0001 1.0000
0.4804 -0.2809 603.6154 -0.2058 0.8203 63.4048 -0.0006 -0.0001 1.0000
0.4429 -0.2018 610.0162 -0.2696 0.8537 63.4839 -0.0006 -0.0001 1.0000
0.4037 -0.1910 619.9740 -0.3291 0.8234 71.1350 -0.0006 -0.0001 1.0000
0.4105 -0.1226 617.1273 -0.3559 0.8390 67.6267 -0.0006 -0.0001 1.0000
0.3568 -0.1049 613.2375 -0.4073 0.8067 72.0161 -0.0007 -0.0001 1.0000
0.3515 -0.0820 603.0884 -0.4256 0.7998 64.5279 -0.0006 -0.0001 1.0000
0.3205 -0.0419 576.7792 -0.4550 0.7993 59.6647 -0.0006 -0.0001 1.0000
0.3937 0.0431 524.4316 -0.4850 0.8439 52.8904 -0.0006 -0.0001 1.0000
0.3863 0.0919 480.6244 -0.5339 0.8433 63.2080 -0.0006 -0.0000 1.0000
0.4145 0.0904 441.7307 -0.5310 0.8191 66.7499 -0.0006 -0.0001 1.0000
0.4440 0.1605 379.5811 -0.5775 0.8488 77.1598 -0.0006 -0.0000 1.0000
0.4671 0.2006 314.4815 -0.6035 0.8370 97.5908 -0.0006 -0.0000 1.0000
0.4920 0.2303 259.0636 -0.6334 0.8329 115.3712 -0.0005 -0.0000 1.0000
0.5089 0.2486 216.2999 -0.6722 0.8343 134.9399 -0.0005 -0.0000 1.0000
0.5173 0.2742 175.7559 -0.6948 0.8141 160.6650 -0.0005 -0.0000 1.0000
0.5183 0.2957 148.8901 -0.7101 0.8065 176.7788 -0.0005 -0.0000 1.0000
0.5105 0.3246 123.9270 -0.7481 0.8160 194.7847 -0.0005 -0.0000 1.0000
0.5072 0.3116 114.8201 -0.7373 0.8012 196.9635 -0.0005 -0.0000 1.0000
0.5370 0.3189 103.4758 -0.7313 0.8342 187.6108 -0.0005 -0.0000 1.0000
0.5357 0.3019 112.2268 -0.7178 0.8317 186.4238 -0.0005 -0.0000 1.0000
0.5384 0.2404 146.5641 -0.6257 0.8168 161.8116 -0.0005 -0.0001 1.0000
0.5109 0.1620 187.9675 -0.6174 0.7754 179.8025 -0.0005 -0.0001 1.0000
0.5149 0.1299 212.2464 -0.6118 0.7933 183.4885 -0.0005 -0.0001 1.0000
0.4974 0.0866 241.5554 -0.5740 0.7735 190.0877 -0.0005 -0.0001 1.0000
0.5233 0.0481 270.2480 -0.5282 0.7804 189.5144 -0.0005 -0.0001 1.0000
0.4762 -0.0396 318.2814 -0.5058 0.7103 212.6888 -0.0005 -0.0002 1.0000
0.4673 -0.0646 337.7851 -0.4998 0.7222 221.3068 -0.0005 -0.0002 1.0000
0.4605 -0.0918 351.9558 -0.4986 0.7143 234.0808 -0.0006 -0.0002 1.0000
0.4433 -0.1161 368.1727 -0.4928 0.7089 241.2987 -0.0006 -0.0002 1.0000
1.0000 0.0000 0.0000 0.0000 1.0000 0.0000 0.0000 0.0000 1.0000
1.0000 0.0000 0.0000 0.0000 1.0000 0.0000 0.0000 0.0000 1.0000
1.0000 0.0000 0.0000 0.0000 1.0000 0.0000 0.0000 0.0000 1.0000
1.0000 0.0000 0.0000 0.0000 1.0000 0.0000 0.0000 0.0000 1.0000
1.0000 0.0000 0.0000 0.0000 1.0000 0.0000 0.0000 0.0000 1.0000
1.0000 0.0000 0.0000 0.0000 1.0000 0.0000 0.0000 0.0000 1.0000
1.0000 0.0000 0.0000 0.0000 1.0000 0.0000 0.0000 0.0000 1.0000
1.0000 0.0000 0.0000 0.0000 1.0000 0.0000 0.0000 0.0000 1.0000
0.4029 -0.3090 485.0590 -0.3508 0.6343 234.5316 -0.0006 -0.0002 1.0000
0.4573 -0.2730 468.0141 -0.3063 0.6905 187.7155 -0.0005 -0.0002 1.0000
0.4239 -0.2479 456.2389 -0.3300 0.6879 162.8602 -0.0006 -0.0002 1.0000
0.4223 -0.1955 435.9127 -0.3496 0.7165 136.9990 -0.0006 -0.0001 1.0000
0.4038 -0.1497 414.1814 -0.3829 0.7311 117.4385 -0.0006 -0.0001 1.0000
0.3788 -0.1285 397.9378 -0.3993 0.7178 107.4344 -0.0006 -0.0001 1.0000
0.3677 -0.0952 377.4651 -0.4334 0.7120 111.6083 -0.0006 -0.0001 1.0000
0.3776 -0.0321 349.4349 -0.4766 0.7509 116.1233 -0.0006 -0.0001 1.0000
0.3570 0.0125 325.5994 -0.5257 0.7475 134.8374 -0.0006 -0.0001 1.0000
0.3561 0.0572 301.3442 -0.5565 0.7461 154.6802 -0.0006 -0.0000 1.0000
0.3429 0.0801 286.0018 -0.5795 0.7341 171.9891 -0.0006 -0.0001 1.0000
0.3485 0.1041 266.0522 -0.6042 0.7288 189.0000 -0.0006 -0.0001 1.0000
0.3528 0.1470 245.9317 -0.6348 0.7515 202.6649 -0.0006 -0.0000 1.0000
0.3429 0.1513 231.4913 -0.6486 0.7291 218.1649 -0.0006 -0.0000 1.0000
0.3461 0.1753 213.2181 -0.6659 0.7408 226.4105 -0.0006 -0.0000 1.0000
0.3345 0.1783 200.3654 -0.6839 0.7291 235.4303 -0.0006 -0.0000 1.0000
0.3328 0.1703 189.6416 -0.6762 0.7212 233.9840 -0.0006 -0.0001 1.0000
0.3241 0.1749 174.5891 -0.6966 0.7128 241.4018 -0.0006 -0.0000 1.0000
0.3433 0.1758 164.9180 -0.6824 0.7339 230.2660 -0.0006 -0.0000 1.0000
0.3623 0.1700 155.9787 -0.6731 0.7436 222.0372 -0.0006 -0.0000 1.0000
0.3654 0.1639 150.6839 -0.6683 0.7626 209.4815 -0.0006 -0.0000 1.0000
0.3899 0.1421 145.8802 -0.6366 0.7515 197.9905 -0.0006 -0.0000 1.0000
0.3904 0.1354 142.2240 -0.6395 0.7631 190.4518 -0.0006 -0.0000 1.0000
0.4045 0.1250 138.5959 -0.6194 0.7616 182.7620 -0.0006 -0.0000 1.0000
0.3990 0.1168 140.3091 -0.6198 0.7590 181.3391 -0.0006 -0.0000 1.0000
0.4058 0.1138 140.3680 -0.6072 0.7647 177.5540 -0.0006 0.0000 1.0000
0.4020 0.1037 143.5141 -0.5992 0.7482 178.2880 -0.0006 -0.0000 1.0000
0.3912 0.1036 148.9482 -0.6063 0.7487 181.5935 -0.0006 -0.0000 1.0000
0.3758 0.1018 158.0616 -0.6037 0.7381 183.5687 -0.0006 -0.0000 1.0000
0.3592 0.1151 168.9199 -0.6163 0.7521 187.2815 -0.0006 0.0000 1.0000
0.3577 0.1307 177.4315 -0.6151 0.7661 187.3969 -0.0006 0.0000 1.0000
0.3363 0.1199 196.5961 -0.6199 0.7539 192.0988 -0.0006 0.0000 1.0000
0.3123 0.1072 213.2260 -0.6194 0.7310 195.8788 -0.0006 -0.0000 1.0000
0.2929 0.1167 227.2640 -0.6263 0.7447 195.6187 -0.0007 0.0000 1.0000
0.2661 0.0923 249.3510 -0.6168 0.7101 199.7513 -0.0006 -0.0000 1.0000
0.2453 0.0914 264.2865 -0.6256 0.7042 205.4123 -0.0007 -0.0000 1.0000
0.2227 0.0905 279.4384 -0.6239 0.6919 209.0328 -0.0007 -0.0000 1.0000
0.2025 0.0951 292.8765 -0.6334 0.6978 211.1722 -0.0007 -0.0000 1.0000
0.1943 0.1059 303.9237 -0.6449 0.7140 214.4819 -0.0007 -0.0000 1.0000
0.1630 0.0906 315.9162 -0.6384 0.6834 218.6227 -0.0007 -0.0000 1.0000
0.1495 0.0883 324.4189 -0.6545 0.6894 220.2806 -0.0007 -0.0000 1.0000
0.1506 0.0986 326.4518 -0.6554 0.7051 220.4129 -0.0007 -0.0000 1.0000
0.1495 0.0816 330.3347 -0.6451 0.6809 222.9200 -0.0007 -0.0001 1.0000
0.1396 0.1019 330.9081 -0.6614 0.7000 226.2377 -0.0007 -0.0000 1.0000
0.1473 0.1006 328.9843 -0.6591 0.7004 225.8545 -0.0007 -0.0000 1.0000
0.1398 0.0914 327.7240 -0.6567 0.6809 229.3591 -0.0007 -0.0001 1.0000
0.1379 0.0910 327.6350 -0.6589 0.6829 229.1837 -0.0007 -0.0001 1.0000
0.1311 0.1018 329.0519 -0.6693 0.6925 231.3123 -0.0007 -0.0000 1.0000
0.1242 0.1009 331.1378 -0.6638 0.6885 230.6786 -0.0007 -0.0000 1.0000
0.1221 0.1068 329.8836 -0.6720 0.6945 231.8177 -0.0007 -0.0000 1.0000
0.1207 0.1119 328.5893 -0.6744 0.7017 229.9194 -0.0007 -0.0000 1.0000
0.1214 0.1111 328.6847 -0.6723 0.6979 229.5550 -0.0007 -0.0000 1.0000
0.1151 0.1132 330.2805 -0.6780 0.7014 229.2975 -0.0007 -0.0000 1.0000
0.1154 0.1101 331.8353 -0.6746 0.6999 226.9973 -0.0007 -0.0000 1.0000
0.1182 0.1141 332.0594 -0.6740 0.7066 223.6108 -0.0007 -0.0000 1.0000
0.1225 0.1093 333.1227 -0.6665 0.7028 220.2142 -0.0007 -0.0000 1.0000
0.1215 0.0955 337.2131 -0.6577 0.6904 216.5103 -0.0007 -0.0000 1.0000
0.1149 0.0884 340.0765 -0.6568 0.6873 212.1766 -0.0007 -0.0000 1.0000
0.1190 0.0884 342.1144 -0.6520 0.6929 206.5460 -0.0007 -0.0000 1.0000
0.1301 0.0879 343.9246 -0.6463 0.7011 200.0983 -0.0007 -0.0000 1.0000
0.1264 0.0833 346.8206 -0.6451 0.7026 194.8621 -0.0007 -0.0000 1.0000
0.1328 0.0748 349.1383 -0.6369 0.6965 190.8431 -0.0007 -0.0000 1.0000
0.1417 0.0864 348.3938 -0.6377 0.7141 185.7355 -0.0007 -0.0000 1.0000
0.1421 0.0804 350.3015 -0.6351 0.7105 183.0140 -0.0007 -0.0000 1.0000
0.1456 0.0741 353.4882 -0.6293 0.7113 178.5055 -0.0007 -0.0000 1.0000
0.1439 0.0667 356.3496 -0.6242 0.7024 176.4134 -0.0007 -0.0000 1.0000
0.1533 0.0701 359.2006 -0.6227 0.7132 173.2670 -0.0007 -0.0000 1.0000
0.1650 0.0625 361.7942 -0.6136 0.7041 173.1297 -0.0007 -0.0000 1.0000
0.1618 0.0582 366.9083 -0.6126 0.7010 172.2686 -0.0007 -0.0001 1.0000
0.1595 0.0498 373.2941 -0.6089 0.6956 171.5450 -0.0007 -0.0001 1.0000
0.1697 0.0530 377.3925 -0.6037 0.7008 170.3356 -0.0007 -0.0001 1.0000
0.1615 0.0547 386.5087 -0.6075 0.7100 169.1560 -0.0007 -0.0001 1.0000
0.1640 0.0301 395.9190 -0.5944 0.6886 170.4711 -0.0007 -0.0001 1.0000
0.1732 0.0324 399.5072 -0.5926 0.6938 170.1962 -0.0007 -0.0001 1.0000
0.1669 0.0246 409.1260 -0.5963 0.6921 172.9159 -0.0007 -0.0001 1.0000
0.1907 0.0491 408.8362 -0.5963 0.7229 170.2502 -0.0007 -0.0001 1.0000
0.1795 0.0252 415.7297 -0.5906 0.6963 173.6020 -0.0007 -0.0001 1.0000
0.1854 0.0206 418.2533 -0.5901 0.6960 174.2539 -0.0007 -0.0001 1.0000
0.1915 0.0234 419.5864 -0.5900 0.7014 173.5145 -0.0007 -0.0001 1.0000
0.1974 0.0294 421.9672 -0.5962 0.7184 171.5995 -0.0007 -0.0001 1.0000
0.2145 0.0159 423.4867 -0.5813 0.7088 169.6464 -0.0007 -0.0001 1.0000
0.2204 0.0186 425.2186 -0.5806 0.7193 167.1207 -0.0007 -0.0001 1.0000
0.2345 0.0113 426.2596 -0.5733 0.7210 163.7134 -0.0007 -0.0001 1.0000
0.2420 0.0161 425.2086 -0.5760 0.7301 163.1708 -0.0007 -0.0001 1.0000
0.2628 0.0089 423.3066 -0.5654 0.7314 160.2907 -0.0007 -0.0001 1.0000
0.2720 0.0002 421.8027 -0.5604 0.7303 158.0827 -0.0007 -0.0001 1.0000
0.2845 -0.0058 419.1855 -0.5532 0.7299 156.4167 -0.0007 -0.0001 1.0000
0.2986 -0.0025 414.6546 -0.5530 0.7379 154.8318 -0.0007 -0.0001 1.0000
0.3032 -0.0130 412.4589 -0.5481 0.7304 154.6132 -0.0006 -0.0001 1.0000
0.3193 -0.0038 407.1656 -0.5462 0.7461 151.0291 -0.0006 -0.0001 1.0000
0.3264 -0.0107 403.8611 -0.5432 0.7411 151.4670 -0.0006 -0.0001 1.0000
0.3416 -0.0082 398.4879 -0.5437 0.7475 151.2580 -0.0006 -0.0001 1.0000
