1.0000 -0.0000 0.0000 -0.0000 1.0000 0.0000 -0.0000 -0.0000 1.0000
0.9511 -0.0853 -4.3930 -0.0119 0.8743 38.5410 0.0000 -0.0002 1.0000
0.8806 0.1575 -69.3292 -0.0895 1.0509 36.0568 -0.0001 0.0001 1.0000
0.8999 -0.1338 -48.3192 -0.0150 0.7335 87.5115 0.0000 -0.0004 1.0000
0.7418 -0.2892 21.8516 -0.0556 0.5399 142.7020 -0.0000 -0.0005 1.0000
1.8338 0.7702 -747.5703 -0.0336 2.4952 -295.9344 0.0001 0.0014 1.0000
2.2065 0.8003 -983.5018 0.0366 2.8917 -437.3177 0.0003 0.0016 1.0000
2.1604 0.1053 -823.3485 0.2605 1.9966 -351.7506 0.0008 0.0003 1.0000
1.9112 0.4095 -831.3775 0.0918 2.2613 -393.9797 0.0003 0.0010 1.0000
1.2090 -0.2548 -344.3638 0.1202 0.9297 -136.1257 0.0004 -0.0006 1.0000
0.7921 -0.3318 -130.4031 0.0566 0.4734 -22.8519 0.0001 -0.0007 1.0000
1.1524 0.0143 -420.1579 0.0939 1.1207 -292.1108 0.0000 0.0001 1.0000
1.0035 -0.2177 -264.5210 0.1379 0.8817 -300.0586 -0.0000 -0.0002 1.0000
1.7106 -0.0491 -640.3173 0.3543 1.4808 -665.5813 0.0003 0.0003 1.0000
1.2331 -0.3004 -313.6935 0.3101 1.0898 -547.2950 0.0001 -0.0002 1.0000
1.1525 -0.4221 -206.4567 0.3312 0.9769 -530.9817 0.0001 -0.0003 1.0000
2.1619 0.1779 -751.0471 0.6820 2.0066 -1105.6356 0.0004 0.0010 1.0000
2.1441 -0.1904 -554.4839 0.6976 1.8195 -1028.5293 0.0006 0.0003 1.0000
2.0128 -0.1159 -471.7449 0.6571 1.7227 -937.3188 0.0006 0.0001 1.0000
1.5064 0.4168 -354.5836 0.4457 1.8783 -840.2599 0.0000 0.0009 1.0000
0.6941 -0.5327 206.7694 0.1966 0.6303 -248.0960 -0.0001 -0.0005 1.0000
0.8467 -0.2805 97.3476 0.2134 0.8858 -313.1458 -0.0001 -0.0002 1.0000
1.4570 0.3699 -276.9396 0.3734 1.8069 -668.1482 -0.0000 0.0007 1.0000
0.9788 -0.1947 24.8827 0.2134 1.0515 -328.3172 -0.0001 -0.0002 1.0000
1.0438 -0.2712 6.9134 0.2232 0.9858 -298.1826 0.0000 -0.0003 1.0000
0.8479 -0.3894 100.8900 0.1506 0.7718 -192.1819 -0.0001 -0.0005 1.0000
0.9264 0.0282 -38.5440 0.0825 1.1840 -274.4683 -0.0002 -0.0000 1.0000
0.9459 -0.2180 10.9718 0.0933 0.9358 -194.8760 -0.0001 -0.0003 1.0000
0.9819 -0.2565 -1.7175 0.0799 0.9302 -189.4267 -0.0000 -0.0005 1.0000
1.4456 0.1986 -304.3154 0.1156 1.5737 -399.1202 0.0001 0.0001 1.0000
0.8704 0.0500 -45.2506 -0.0097 1.0967 -211.3635 -0.0002 -0.0001 1.0000
0.9529 0.0611 -92.3373 -0.0071 1.0740 -209.2251 -0.0001 -0.0002 1.0000
0.7749 -0.1468 36.4712 -0.0050 0.8861 -182.3004 -0.0002 -0.0004 1.0000
0.7813 0.0603 -18.1614 -0.0304 1.0746 -245.7682 -0.0003 -0.0001 1.0000
1.0279 0.1808 -144.9968 0.0187 1.3169 -365.1259 -0.0002 -0.0000 1.0000
1.0912 -0.0436 -121.2038 0.0401 1.2148 -354.6694 -0.0001 -0.0003 1.0000
1.1659 -0.0428 -155.3940 0.0523 1.2836 -391.6504 -0.0000 -0.0003 1.0000
1.1541 -0.0248 -169.2079 0.0565 1.2408 -380.8263 -0.0000 -0.0004 1.0000
1.1610 0.0380 -189.6864 0.0529 1.2593 -379.4561 -0.0000 -0.0003 1.0000
1.0066 -0.0252 -112.3612 0.0143 1.1734 -326.3094 -0.0001 -0.0004 1.0000
0.7418 -0.2709 54.9129 -0.0097 0.8137 -186.8972 -0.0001 -0.0007 1.0000
0.6600 -0.1893 57.2925 -0.0184 0.7607 -155.6720 -0.0002 -0.0006 1.0000
0.6916 -0.2229 43.2496 -0.0379 0.7864 -144.0793 -0.0002 -0.0007 1.0000
0.7951 -0.1789 -27.4336 -0.0215 0.8563 -168.2233 -0.0001 -0.0006 1.0000
0.8827 -0.2098 -72.0618 0.0080 0.8536 -178.6904 -0.0001 -0.0008 1.0000
1.0119 -0.0948 -166.4205 0.0152 1.0324 -234.6847 -0.0000 -0.0006 1.0000
0.9591 -0.1800 -128.4353 0.0198 0.9047 -193.8870 -0.0000 -0.0008 1.0000
0.9455 -0.2101 -118.8483 0.0182 0.8711 -181.6146 -0.0000 -0.0008 1.0000
1.1187 -0.1052 -231.5235 0.0366 1.0781 -257.3392 0.0000 -0.0007 1.0000
0.8793 -0.2793 -72.2757 0.0146 0.7916 -155.4555 -0.0000 -0.0009 1.0000
0.9480 -0.1316 -152.1998 0.0028 0.9626 -204.3869 -0.0001 -0.0008 1.0000
0.9450 -0.3048 -107.3872 0.0361 0.7735 -159.3338 0.0000 -0.0010 1.0000
1.0071 -0.1404 -192.0504 0.0207 0.9645 -214.2528 -0.0000 -0.0008 1.0000
1.0274 -0.2169 -186.5249 0.0417 0.8724 -193.6649 0.0000 -0.0010 1.0000
0.9319 -0.2193 -146.7735 0.0182 0.8117 -161.5205 -0.0000 -0.0010 1.0000
0.9004 -0.1501 -162.2658 -0.0050 0.8411 -160.0621 -0.0000 -0.0009 1.0000
1.0878 -0.0211 -303.5531 0.0173 1.0331 -236.0386 0.0000 -0.0009 1.0000
1.0156 -0.1181 -245.4676 0.0030 0.9091 -191.1730 0.0000 -0.0010 1.0000
1.1087 0.0507 -350.9117 0.0015 1.0886 -255.0807 0.0000 -0.0009 1.0000
0.9586 -0.0885 -235.6287 -0.0245 0.8981 -184.5856 -0.0000 -0.0010 1.0000
0.8713 -0.1018 -197.3517 -0.0388 0.8233 -161.1359 -0.0000 -0.0011 1.0000
1.0131 0.0069 -304.9350 -0.0309 0.9687 -218.9643 0.0000 -0.0010 1.0000
0.9985 0.0126 -304.1123 -0.0433 0.9740 -221.9957 -0.0000 -0.0010 1.0000
1.0988 0.0382 -372.0632 -0.0304 1.0090 -246.2800 0.0001 -0.0011 1.0000
1.2267 0.2561 -514.4522 -0.0484 1.2236 -315.2112 0.0001 -0.0010 1.0000
1.1747 0.2567 -492.2522 -0.0647 1.1733 -291.5605 0.0000 -0.0010 1.0000
1.1596 0.2285 -483.4766 -0.0804 1.1232 -268.0182 0.0000 -0.0011 1.0000
1.1640 0.3661 -541.2849 -0.1028 1.1697 -272.8351 0.0000 -0.0010 1.0000
1.1913 0.2804 -534.3846 -0.1007 1.1020 -252.0663 0.0001 -0.0011 1.0000
1.2982 0.5266 -680.9158 -0.1234 1.2579 -291.9179 0.0001 -0.0011 1.0000
1.3304 0.6758 -760.2491 -0.1591 1.3357 -298.1581 0.0001 -0.0010 1.0000
1.2960 0.6327 -735.9426 -0.1687 1.2353 -256.6353 0.0001 -0.0011 1.0000
1.1648 0.6116 -662.6233 -0.1826 1.1543 -220.7508 0.0000 -0.0011 1.0000
1.4608 0.9282 -941.6829 -0.2073 1.4106 -290.6727 0.0001 -0.0011 1.0000
1.3664 0.6464 -795.6611 -0.1708 1.1893 -235.1751 0.0002 -0.0013 1.0000
1.2991 0.7903 -818.0628 -0.2087 1.2145 -219.1997 0.0001 -0.0012 1.0000
1.4530 1.0444 -1000.1059 -0.2181 1.3773 -268.8502 0.0001 -0.0012 1.0000
1.4760 1.0651 -1030.7119 -0.2215 1.3603 -258.1883 0.0002 -0.0012 1.0000
1.6820 1.2497 -1222.1983 -0.2195 1.5020 -306.7088 0.0003 -0.0013 1.0000
1.6195 1.3304 -1226.6939 -0.2409 1.4982 -292.3509 0.0002 -0.0012 1.0000
1.6143 1.3654 -1247.8487 -0.2521 1.4891 -281.0226 0.0002 -0.0012 1.0000
1.9243 1.8814 -1620.3332 -0.2720 1.7943 -368.5329 0.0004 -0.0012 1.0000
1.8688 1.7099 -1535.9797 -0.2717 1.6418 -311.4510 0.0004 -0.0013 1.0000
2.0393 2.0365 -1764.2761 -0.2915 1.8003 -347.3774 0.0004 -0.0013 1.0000
2.0711 2.2812 -1886.5958 -0.3298 1.9129 -361.9377 0.0004 -0.0013 1.0000
2.5181 2.7566 -2327.8968 -0.3459 2.2221 -449.1814 0.0006 -0.0014 1.0000
1.9602 2.0591 -1759.8182 -0.3273 1.6718 -272.5337 0.0004 -0.0014 1.0000
2.2359 2.6463 -2144.5954 -0.3570 1.9786 -354.4896 0.0005 -0.0014 1.0000
2.5854 2.9578 -2465.9617 -0.3670 2.2041 -417.4946 0.0007 -0.0015 1.0000
2.2871 2.6493 -2185.1765 -0.3348 1.9011 -331.2359 0.0006 -0.0015 1.0000
2.9331 3.6530 -2945.1459 -0.4076 2.5052 -479.1157 0.0008 -0.0015 1.0000
2.7460 3.4982 -2788.2790 -0.4141 2.3072 -397.1378 0.0008 -0.0015 1.0000
3.2025 4.2416 -3353.6564 -0.4680 2.6928 -474.1896 0.0010 -0.0016 1.0000
2.8755 4.0279 -3096.7190 -0.4690 2.4565 -390.4571 0.0009 -0.0016 1.0000
3.1588 4.5432 -3472.6812 -0.4995 2.6260 -406.7971 0.0010 -0.0016 1.0000
3.6277 5.0229 -3936.9864 -0.4691 2.8339 -470.5190 0.0013 -0.0019 1.0000
4.0898 6.0568 -4616.2928 -0.5643 3.2679 -529.8781 0.0015 -0.0018 1.0000
5.1349 7.9800 -5976.4940 -0.7331 4.2133 -691.8483 0.0020 -0.0019 1.0000
5.3286 8.6155 -6347.9163 -0.7616 4.3394 -688.0460 0.0021 -0.0019 1.0000
6.6644 10.9709 -8059.0755 -0.9016 5.1989 -799.4117 0.0028 -0.0022 1.0000
5.8920 10.1340 -7290.2409 -0.8887 4.5213 -578.5813 0.0025 -0.0021 1.0000
7.7987 13.8312 -9854.0804 -1.1811 5.8853 -720.5413 0.0034 -0.0023 1.0000
16.9558 31.8002 -22229.4628 -2.4573 12.8517 -1664.0799 0.0080 -0.0034 1.0000
20.4653 39.2733 -27219.5809 -3.1420 14.6979 -1493.8139 0.0100 -0.0042 1.0000
-34.2892 -69.0627 47171.6299 5.1219 -25.1123 2914.8170 -0.0177 0.0029 1.0000
-170.3248 -357.2023 239545.9977 29.7340 -119.0531 8230.4194 -0.0878 0.0191 1.0000
-18.5520 -39.3524 26346.1258 3.1074 -11.9600 613.4276 -0.0103 0.0014 1.0000
-34.4795 -74.0271 49260.4138 6.4634 -20.0808 -334.1905 -0.0194 0.0046 1.0000
-8.1185 -18.7789 12181.2130 1.5269 -4.9279 19.3303 -0.0047 -0.0004 1.0000
-10.5606 -25.3372 16162.5517 2.3005 -5.9122 -465.9401 -0.0062 0.0000 1.0000
-5.8210 -14.2040 9034.2906 1.2255 -3.1853 -233.2475 -0.0036 -0.0007 1.0000
-5.9395 -15.1217 9448.1809 1.3774 -3.1232 -410.6297 -0.0037 -0.0007 1.0000
-5.4884 -14.3168 8854.8958 1.3047 -2.8143 -444.3761 -0.0035 -0.0008 1.0000
-4.0679 -10.8185 6664.0987 0.9096 -2.0065 -317.6862 -0.0027 -0.0010 1.0000
-3.9565 -10.9957 6660.2535 0.9509 -1.9588 -380.8129 -0.0027 -0.0010 1.0000
-2.9594 -8.3803 5061.8863 0.6381 -1.4771 -223.7546 -0.0021 -0.0011 1.0000
-2.5544 -7.4663 4464.9309 0.5502 -1.3183 -181.1490 -0.0019 -0.0012 1.0000
-2.5224 -7.7703 4559.8325 0.5980 -1.3004 -237.6228 -0.0019 -0.0013 1.0000
-2.3246 -7.1703 4208.3650 0.5195 -1.0704 -253.2623 -0.0018 -0.0012 1.0000
-2.2035 -6.8781 4024.6986 0.4881 -0.9239 -277.5622 -0.0018 -0.0012 1.0000
-1.9078 -6.2761 3611.3880 0.4399 -0.8253 -246.8474 -0.0016 -0.0013 1.0000
-1.8506 -6.2658 3569.6834 0.4596 -0.6741 -324.3645 -0.0016 -0.0013 1.0000
-1.6967 -6.0651 3397.6200 0.4619 -0.5868 -345.5920 -0.0015 -0.0014 1.0000
-1.6672 -5.8052 3276.9314 0.4226 -0.4085 -382.1602 -0.0015 -0.0013 1.0000
-1.3815 -5.3885 2943.4774 0.4051 -0.4285 -323.9532 -0.0013 -0.0014 1.0000
-1.3744 -5.3683 2922.9493 0.4345 -0.2728 -411.6801 -0.0013 -0.0014 1.0000
-1.3160 -5.4187 2904.3958 0.4578 -0.2472 -432.6306 -0.0013 -0.0015 1.0000
-1.2450 -5.2296 2784.8001 0.4625 -0.1641 -458.8392 -0.0013 -0.0015 1.0000
-1.1987 -5.0741 2692.3299 0.4413 -0.0966 -464.7617 -0.0013 -0.0015 1.0000
-1.0666 -4.6157 2440.5474 0.3809 -0.1333 -379.9635 -0.0011 -0.0015 1.0000
-1.0590 -4.6509 2441.7910 0.3734 -0.0715 -407.3564 -0.0012 -0.0015 1.0000
-0.9422 -4.5258 2321.5499 0.3690 -0.1171 -378.8119 -0.0011 -0.0016 1.0000
-0.9062 -4.2796 2205.4039 0.3135 -0.0874 -349.3786 -0.0011 -0.0015 1.0000
-0.8600 -4.1337 2120.0930 0.2837 -0.1159 -317.0639 -0.0010 -0.0016 1.0000
-0.8609 -4.1510 2120.7617 0.2630 -0.0439 -348.5704 -0.0011 -0.0015 1.0000
-0.8299 -4.0336 2058.7410 0.2222 -0.0155 -332.0976 -0.0011 -0.0015 1.0000
-0.7290 -4.0534 2001.9652 0.2434 -0.0544 -331.9574 -0.0010 -0.0016 1.0000
-0.6808 -3.6508 1825.0465 0.1856 -0.0834 -255.8247 -0.0010 -0.0016 1.0000
-0.6590 -3.8050 1861.4846 0.2289 -0.0225 -321.2716 -0.0010 -0.0016 1.0000
-0.6174 -3.6522 1782.1261 0.2103 -0.0110 -296.4642 -0.0009 -0.0017 1.0000
-0.5760 -3.4529 1681.5390 0.1885 0.0149 -275.6034 -0.0009 -0.0017 1.0000
-0.4630 -3.5469 1648.7756 0.2579 -0.0934 -268.1706 -0.0008 -0.0019 1.0000
-0.5086 -3.3436 1596.2307 0.2242 0.0838 -312.7956 -0.0009 -0.0017 1.0000
-0.4834 -3.3918 1592.4491 0.2564 0.1749 -374.1639 -0.0009 -0.0017 1.0000
-0.4204 -3.3729 1544.3552 0.2664 0.1946 -385.7846 -0.0008 -0.0018 1.0000
-0.3780 -3.1352 1431.2122 0.2288 0.1850 -345.2875 -0.0008 -0.0018 1.0000
-0.3807 -3.1152 1418.9951 0.2139 0.2141 -356.1287 -0.0008 -0.0018 1.0000
-0.3586 -2.9947 1358.1362 0.1857 0.1561 -316.1287 -0.0008 -0.0018 1.0000
-0.4195 -2.8788 1344.4546 0.1078 0.2735 -333.8173 -0.0010 -0.0016 1.0000
-0.3725 -2.7002 1256.7596 0.0447 0.1745 -246.9329 -0.0009 -0.0016 1.0000
-0.2809 -2.6405 1181.7971 0.0374 0.0358 -187.3795 -0.0008 -0.0017 1.0000
-0.2780 -2.6199 1166.3301 0.0072 0.0503 -191.0886 -0.0008 -0.0017 1.0000
-0.1905 -2.5903 1103.5823 0.0323 -0.1242 -129.9635 -0.0007 -0.0019 1.0000
-0.1977 -2.4975 1073.6819 -0.0140 -0.1143 -99.8303 -0.0007 -0.0018 1.0000
-0.1968 -2.3910 1034.1866 -0.0281 -0.1731 -54.3266 -0.0007 -0.0018 1.0000
-0.1829 -2.5396 1072.1696 -0.0082 -0.1276 -102.2074 -0.0007 -0.0019 1.0000
-0.2159 -2.3863 1035.8242 -0.0481 -0.1161 -64.2008 -0.0007 -0.0018 1.0000
-0.2062 -2.5327 1073.5907 -0.0185 -0.0701 -116.0231 -0.0007 -0.0018 1.0000
-0.1802 -2.4701 1038.4985 -0.0107 -0.1513 -67.6169 -0.0007 -0.0019 1.0000
-0.2161 -2.4137 1030.3975 -0.0405 -0.0659 -85.8324 -0.0007 -0.0018 1.0000
-0.2186 -2.3669 1014.7280 -0.0502 -0.0703 -70.6150 -0.0007 -0.0018 1.0000
-0.1834 -2.4768 1024.3253 -0.0306 -0.0521 -102.5078 -0.0007 -0.0019 1.0000
-0.1499 -2.4877 1006.3675 -0.0099 -0.0952 -97.7061 -0.0007 -0.0019 1.0000
-0.1726 -2.3847 982.4625 -0.0472 -0.0933 -72.4337 -0.0007 -0.0019 1.0000
-0.2245 -2.2848 976.5546 -0.0890 -0.0689 -59.6379 -0.0008 -0.0018 1.0000
-0.1630 -2.2937 943.1333 -0.0792 -0.1817 -18.3804 -0.0007 -0.0019 1.0000
-0.1588 -2.2737 931.0622 -0.0934 -0.2248 3.8695 -0.0007 -0.0019 1.0000
-0.1504 -2.2372 917.1883 -0.1001 -0.3100 48.6719 -0.0007 -0.0019 1.0000
-0.1614 -2.3262 942.2600 -0.1231 -0.2465 12.9244 -0.0007 -0.0019 1.0000
-0.1384 -2.2522 911.6778 -0.0924 -0.4055 78.9628 -0.0006 -0.0019 1.0000
-0.1418 -2.2525 911.0943 -0.1135 -0.3957 85.8965 -0.0006 -0.0019 1.0000
-0.1250 -2.2143 886.1009 -0.0988 -0.4269 92.7267 -0.0006 -0.0019 1.0000
-0.0986 -2.3063 894.2039 -0.0949 -0.3856 56.4214 -0.0006 -0.0020 1.0000
-0.0972 -2.2032 858.0700 -0.0991 -0.4106 78.8498 -0.0006 -0.0020 1.0000
-0.0564 -2.3122 866.3531 -0.0820 -0.3774 37.3532 -0.0006 -0.0020 1.0000
-0.0461 -2.1966 822.6067 -0.0830 -0.4155 67.8036 -0.0006 -0.0020 1.0000
-0.0378 -2.1377 799.4538 -0.0721 -0.4395 79.3122 -0.0006 -0.0021 1.0000
-0.0334 -2.0878 775.5453 -0.0891 -0.4038 77.0021 -0.0006 -0.0020 1.0000
-0.0789 -1.9159 749.1062 -0.1187 -0.4140 122.6817 -0.0006 -0.0019 1.0000
-0.0230 -2.0583 753.8666 -0.0850 -0.3995 76.1604 -0.0006 -0.0021 1.0000
-0.0173 -2.0295 738.5570 -0.0731 -0.4274 85.3648 -0.0006 -0.0021 1.0000
-0.0294 -1.9873 734.6681 -0.0713 -0.4305 95.2956 -0.0006 -0.0021 1.0000
0.0151 -2.1357 746.4250 -0.0591 -0.3886 48.8599 -0.0006 -0.0022 1.0000
-0.0088 -2.0260 728.4547 -0.0632 -0.4204 80.4068 -0.0006 -0.0021 1.0000
-0.0251 -1.9813 721.4884 -0.0837 -0.4113 93.3439 -0.0006 -0.0021 1.0000
-0.0007 -2.1030 741.5231 -0.0633 -0.4180 68.7037 -0.0006 -0.0022 1.0000
-0.0111 -2.0745 734.5741 -0.0642 -0.4353 76.8628 -0.0006 -0.0022 1.0000
-0.0632 -1.9665 730.8491 -0.1088 -0.4062 101.0605 -0.0006 -0.0020 1.0000
-0.0427 -2.0820 748.7172 -0.1083 -0.4170 88.0590 -0.0006 -0.0021 1.0000
-0.0517 -2.0082 729.5757 -0.1170 -0.4688 121.7921 -0.0006 -0.0021 1.0000
-0.0436 -2.0872 747.2148 -0.1059 -0.4815 108.1005 -0.0006 -0.0021 1.0000
-0.0544 -2.0482 742.7473 -0.1329 -0.5254 148.7026 -0.0006 -0.0021 1.0000
-0.0375 -2.0960 747.6450 -0.1161 -0.5722 152.2738 -0.0006 -0.0022 1.0000
-0.0417 -2.1228 756.3694 -0.1198 -0.5721 148.8464 -0.0006 -0.0022 1.0000
-0.0732 -2.0176 743.6542 -0.1466 -0.5778 180.4479 -0.0006 -0.0021 1.0000
-0.0635 -2.0788 748.3815 -0.1485 -0.5774 167.2314 -0.0006 -0.0021 1.0000
-0.0277 -2.1270 749.4596 -0.1088 -0.6466 174.9855 -0.0005 -0.0022 1.0000
-0.0477 -2.0732 738.8868 -0.1416 -0.6116 181.2176 -0.0006 -0.0022 1.0000
-0.0117 -2.1530 741.3586 -0.1073 -0.6451 166.5643 -0.0005 -0.0023 1.0000
-0.0633 -2.0684 738.6311 -0.1591 -0.5672 167.4237 -0.0006 -0.0021 1.0000
-0.0711 -1.9541 717.8335 -0.1474 -0.6063 199.1666 -0.0006 -0.0021 1.0000
-0.0489 -2.0874 736.9298 -0.1493 -0.5636 159.4163 -0.0006 -0.0022 1.0000
-0.0450 -2.0424 724.0037 -0.1383 -0.5887 171.3720 -0.0006 -0.0022 1.0000
-0.0482 -2.0312 715.7359 -0.1623 -0.5385 159.3694 -0.0007 -0.0021 1.0000
-0.0292 -2.0072 702.7919 -0.1295 -0.5926 170.2500 -0.0006 -0.0022 1.0000
-0.0072 -2.0671 704.2708 -0.1184 -0.5939 153.9382 -0.0006 -0.0023 1.0000
-0.0128 -2.0479 700.5430 -0.1227 -0.5893 155.7588 -0.0006 -0.0022 1.0000
-0.0172 -2.0513 702.7470 -0.1407 -0.5632 153.9354 -0.0006 -0.0022 1.0000
0.0104 -2.1307 705.2797 -0.1205 -0.5710 131.7125 -0.0006 -0.0023 1.0000
-0.0073 -2.0605 698.4295 -0.1259 -0.5877 153.9426 -0.0006 -0.0023 1.0000
-0.0428 -1.9702 690.6773 -0.1568 -0.5370 159.2557 -0.0006 -0.0021 1.0000
-0.0119 -2.0458 694.0766 -0.1357 -0.5635 149.4263 -0.0006 -0.0022 1.0000
-0.0289 -2.0386 698.7698 -0.1492 -0.5385 144.6514 -0.0006 -0.0022 1.0000
0.0180 -2.1061 699.2671 -0.1053 -0.6197 153.8513 -0.0005 -0.0023 1.0000
-0.0258 -2.0096 691.2124 -0.1393 -0.5653 157.5471 -0.0006 -0.0022 1.0000
-0.0272 -2.0049 691.5979 -0.1433 -0.5610 160.1522 -0.0006 -0.0022 1.0000
-0.0221 -2.0388 695.5985 -0.1428 -0.5448 146.4668 -0.0006 -0.0022 1.0000
0.0068 -2.1096 699.7915 -0.1237 -0.5561 133.2952 -0.0006 -0.0023 1.0000
0.0151 -2.0718 687.2349 -0.1123 -0.5654 139.9598 -0.0005 -0.0023 1.0000
-0.0222 -2.0342 687.9678 -0.1530 -0.4606 117.1378 -0.0006 -0.0022 1.0000
-0.0561 -1.9021 676.0204 -0.1574 -0.4395 135.4366 -0.0006 -0.0021 1.0000
-0.0315 -1.9881 684.2013 -0.1231 -0.3714 78.1522 -0.0006 -0.0022 1.0000
-0.0616 -1.9287 672.5478 -0.1432 -0.1971 18.0747 -0.0007 -0.0020 1.0000
-0.0842 -1.8232 665.0866 -0.1356 -0.2494 60.4929 -0.0007 -0.0020 1.0000
0.0234 -1.9975 663.3166 -0.0620 -0.3027 35.0564 -0.0005 -0.0022 1.0000
0.0231 -2.0030 660.5886 -0.0653 -0.2424 8.4001 -0.0006 -0.0022 1.0000
0.0167 -1.9982 659.8836 -0.0708 -0.2028 -6.9276 -0.0006 -0.0022 1.0000
0.0431 -2.0207 655.5211 -0.0468 -0.2305 -9.3885 -0.0006 -0.0023 1.0000
0.0299 -1.9738 652.6239 -0.0568 -0.2222 -0.8315 -0.0006 -0.0022 1.0000
0.0116 -1.9458 651.4891 -0.0697 -0.1913 -7.3916 -0.0006 -0.0021 1.0000
0.0331 -1.9711 648.8961 -0.0511 -0.2014 -15.6963 -0.0006 -0.0022 1.0000
0.0179 -1.9383 651.7359 -0.0559 -0.2132 -3.2694 -0.0006 -0.0022 1.0000
0.0370 -2.0018 662.1005 -0.0458 -0.1997 -20.1522 -0.0006 -0.0022 1.0000
0.0456 -2.0393 668.0208 -0.0389 -0.1925 -31.8267 -0.0006 -0.0022 1.0000
0.0420 -2.0283 668.4833 -0.0380 -0.1682 -40.6062 -0.0006 -0.0022 1.0000
0.0047 -1.9759 677.3219 -0.0492 -0.1442 -38.0399 -0.0006 -0.0021 1.0000
0.0397 -2.0889 692.2228 -0.0200 -0.1220 -73.7650 -0.0006 -0.0022 1.0000
0.0194 -2.0609 698.6953 -0.0244 -0.0853 -79.3259 -0.0006 -0.0021 1.0000
0.0252 -2.1010 707.1633 0.0005 -0.0521 -108.9760 -0.0006 -0.0022 1.0000
0.0216 -2.1950 734.6570 0.0132 0.0503 -166.1275 -0.0006 -0.0021 1.0000
-0.0011 -2.1232 735.2453 0.0217 0.0583 -156.9034 -0.0006 -0.0021 1.0000
-0.0035 -2.1978 756.9163 0.0350 0.1496 -205.8760 -0.0006 -0.0021 1.0000
-0.0066 -2.2666 780.2490 0.0563 0.1986 -238.9881 -0.0006 -0.0021 1.0000
0.0123 -2.4392 818.2955 0.0859 0.2929 -306.8740 -0.0007 -0.0021 1.0000
-0.0038 -2.4948 856.1529 0.1043 0.2626 -296.8508 -0.0006 -0.0021 1.0000
-0.0007 -2.6811 903.2289 0.1422 0.3553 -371.2899 -0.0007 -0.0022 1.0000
-0.0460 -2.7389 947.6268 0.1478 0.4216 -403.3885 -0.0007 -0.0021 1.0000
-0.1086 -2.5642 950.2372 0.1321 0.3483 -339.3827 -0.0007 -0.0020 1.0000
-0.1156 -2.6195 969.2209 0.1523 0.3702 -363.4726 -0.0007 -0.0020 1.0000
-0.1085 -2.6782 996.7173 0.1713 0.3390 -358.8548 -0.0007 -0.0020 1.0000
-0.1253 -2.6932 1016.8930 0.1795 0.3290 -360.2455 -0.0007 -0.0020 1.0000
-0.1624 -2.6659 1033.3455 0.1764 0.3398 -363.9735 -0.0007 -0.0019 1.0000
-0.1414 -2.7610 1062.8452 0.1989 0.2902 -360.2031 -0.0007 -0.0020 1.0000
-0.1281 -2.8535 1090.7721 0.2326 0.2838 -385.4695 -0.0007 -0.0020 1.0000
-0.1441 -2.8762 1110.2391 0.2516 0.2816 -400.6078 -0.0007 -0.0020 1.0000
-0.1676 -2.9042 1142.8618 0.2539 0.3053 -409.0320 -0.0007 -0.0019 1.0000
-0.1377 -3.1150 1195.3403 0.3436 0.3905 -512.2624 -0.0007 -0.0020 1.0000
-0.1719 -3.0370 1205.6426 0.3507 0.4341 -520.3285 -0.0007 -0.0020 1.0000
-0.1880 -3.1366 1247.5954 0.3853 0.5455 -589.6396 -0.0007 -0.0020 1.0000
-0.2374 -3.0653 1261.4272 0.3988 0.5906 -608.1637 -0.0008 -0.0019 1.0000
-0.1822 -3.1687 1274.2165 0.4429 0.5565 -618.4203 -0.0007 -0.0020 1.0000
-0.2331 -3.2219 1326.8824 0.4616 0.6236 -661.6851 -0.0007 -0.0019 1.0000
-0.1835 -3.4343 1378.9461 0.5176 0.5887 -687.2124 -0.0006 -0.0021 1.0000
-0.2124 -3.5403 1439.9439 0.5324 0.5780 -697.6751 -0.0007 -0.0020 1.0000
-0.2577 -3.6125 1495.8715 0.5560 0.5502 -706.7856 -0.0007 -0.0020 1.0000
-0.2812 -3.7646 1569.2994 0.5712 0.5570 -725.9000 -0.0007 -0.0020 1.0000
-0.3316 -3.9400 1664.3798 0.6221 0.5306 -757.9571 -0.0008 -0.0020 1.0000
-0.3663 -4.0688 1741.3271 0.6409 0.4352 -732.4455 -0.0007 -0.0020 1.0000
-0.4576 -4.4431 1929.1079 0.7097 0.4943 -821.6310 -0.0008 -0.0019 1.0000
-0.5004 -4.2363 1898.2851 0.6508 0.3040 -687.5961 -0.0008 -0.0019 1.0000
-0.5608 -4.6272 2074.0901 0.7446 0.3214 -775.6213 -0.0008 -0.0019 1.0000
-0.6173 -4.5421 2091.6377 0.7129 0.2320 -710.9874 -0.0008 -0.0019 1.0000
-0.6548 -4.6432 2162.9528 0.7333 0.1508 -693.8615 -0.0008 -0.0019 1.0000
-0.6956 -4.6846 2213.2897 0.7401 0.0767 -669.3703 -0.0009 -0.0019 1.0000
-0.7357 -4.8646 2314.4930 0.7914 0.0240 -690.5002 -0.0009 -0.0019 1.0000
-0.7753 -5.0008 2401.1143 0.8294 -0.0517 -690.4776 -0.0009 -0.0019 1.0000
-0.7647 -4.8260 2341.7868 0.7822 -0.1455 -609.3359 -0.0008 -0.0019 1.0000
-0.8090 -5.0023 2446.6577 0.8199 -0.2399 -601.2196 -0.0008 -0.0019 1.0000
-0.8691 -4.9142 2460.9647 0.8000 -0.3160 -550.5074 -0.0009 -0.0018 1.0000
-0.9130 -5.0450 2547.6907 0.8272 -0.4182 -529.2455 -0.0009 -0.0019 1.0000
-0.9016 -5.1481 2589.2796 0.8312 -0.5373 -481.5088 -0.0008 -0.0019 1.0000
-0.9539 -4.9877 2567.9546 0.7973 -0.6479 -403.0731 -0.0008 -0.0019 1.0000
-1.1032 -5.4020 2823.2929 0.8772 -0.7268 -436.9884 -0.0009 -0.0018 1.0000
-1.2038 -5.8607 3069.2734 0.9756 -0.9449 -418.8139 -0.0009 -0.0019 1.0000
-1.2810 -5.9550 3157.9624 1.0145 -1.0526 -397.5266 -0.0009 -0.0019 1.0000
-1.3658 -5.9950 3233.0592 1.0171 -1.1493 -356.0930 -0.0010 -0.0019 1.0000
-1.3925 -5.9232 3229.2143 0.9727 -1.2596 -271.8631 -0.0010 -0.0019 1.0000
-1.3704 -5.9298 3226.7188 0.9690 -1.3958 -210.2812 -0.0009 -0.0020 1.0000
-1.3984 -5.7994 3203.2794 0.9163 -1.4813 -132.9107 -0.0009 -0.0019 1.0000
-1.4704 -5.7217 3227.8419 0.8926 -1.6075 -62.8194 -0.0010 -0.0019 1.0000
-1.5534 -5.7908 3316.4653 0.9001 -1.7955 5.6083 -0.0010 -0.0019 1.0000
-1.6730 -5.9843 3478.1886 0.9188 -1.9505 51.2642 -0.0010 -0.0018 1.0000
-1.6253 -5.7500 3360.9427 0.8514 -1.9878 120.1319 -0.0010 -0.0018 1.0000
-1.7660 -6.0639 3578.4523 0.9159 -2.2200 161.7786 -0.0010 -0.0019 1.0000
-1.9073 -6.4001 3804.7397 0.9687 -2.4022 189.6577 -0.0011 -0.0019 1.0000
-1.9805 -6.6761 3961.3804 1.0053 -2.6174 246.4435 -0.0011 -0.0019 1.0000
-2.2385 -7.2615 4357.0898 1.1157 -2.8730 252.1114 -0.0012 -0.0019 1.0000
-2.4436 -7.7907 4695.5999 1.1957 -3.1777 299.9863 -0.0013 -0.0020 1.0000
-2.5098 -7.9431 4798.4717 1.1897 -3.3503 362.9010 -0.0013 -0.0020 1.0000
-2.4493 -7.4997 4585.0173 1.0643 -3.2473 409.7060 -0.0013 -0.0019 1.0000
-2.3871 -6.9879 4346.2450 0.9471 -3.2241 485.6284 -0.0013 -0.0018 1.0000
-2.8354 -7.9478 5024.6341 1.0396 -3.7861 604.5660 -0.0015 -0.0018 1.0000
-2.6717 -7.4104 4718.4584 0.9063 -3.7683 709.8833 -0.0014 -0.0017 1.0000
-3.0457 -8.1784 5283.1341 1.0098 -4.3805 864.4091 -0.0016 -0.0017 1.0000
-3.1495 -8.2016 5377.1017 0.9574 -4.4994 962.2881 -0.0016 -0.0017 1.0000
-3.3587 -8.6159 5698.9808 1.0191 -4.7733 1051.7603 -0.0016 -0.0017 1.0000
-4.3990 -10.9570 7339.9852 1.4332 -6.1915 1345.9050 -0.0020 -0.0016 1.0000
-3.8317 -9.6235 6439.8271 1.2443 -5.3482 1229.0866 -0.0017 -0.0017 1.0000
-4.8750 -12.2489 8179.3446 1.6954 -6.7718 1531.1371 -0.0020 -0.0017 1.0000
-5.9810 -15.3158 10110.2268 2.5243 -8.6692 1805.8860 -0.0020 -0.0024 1.0000
-6.3927 -15.9240 10573.7918 2.6143 -8.9525 1891.4155 -0.0021 -0.0023 1.0000
55.4874 137.7926 -90726.9350 -24.8025 79.8332 -15699.5281 0.0142 0.0074 1.0000
-225.1221 -532.8946 354514.8973 93.4854 -317.6211 65098.6490 -0.0619 -0.0341 1.0000
-31.8401 -73.7005 49111.0923 12.6380 -44.4136 9129.9518 -0.0097 -0.0056 1.0000
-36.8182 -86.9726 57216.4673 14.3837 -50.4967 9927.7102 -0.0116 -0.0064 1.0000
-22.6495 -53.8836 35228.2927 8.5380 -30.2246 5545.8569 -0.0072 -0.0052 1.0000
-14.9884 -34.9562 22993.6071 5.1794 -19.7572 3694.3614 -0.0055 -0.0033 1.0000
-15.1225 -34.6777 22950.9466 4.6809 -19.2681 3573.1426 -0.0062 -0.0026 1.0000
-5.3445 -12.1070 8113.0381 1.2716 -6.6761 1431.4326 -0.0025 -0.0017 1.0000
-7.4464 -16.6759 11209.2536 1.9657 -9.8560 1990.4117 -0.0034 -0.0018 1.0000
-10.8571 -24.4154 16393.8594 2.7864 -14.1735 2725.5722 -0.0048 -0.0021 1.0000
-8.8966 -19.4260 13230.8183 1.9816 -11.3601 2312.9820 -0.0041 -0.0017 1.0000
-16.1924 -34.0351 23554.7815 3.4761 -19.6134 3803.6555 -0.0075 -0.0011 1.0000
-14.5094 -29.8970 20913.6532 3.0097 -17.4688 3523.4978 -0.0068 -0.0009 1.0000
-18.1929 -36.8883 26066.1323 3.7553 -21.0208 4241.0508 -0.0085 -0.0003 1.0000
-28.0942 -56.7556 40362.8986 6.2567 -32.1345 6545.1204 -0.0127 0.0005 1.0000
-4.7396 -11.4456 7603.0683 1.1410 -5.8967 1292.3853 -0.0022 -0.0019 1.0000
-19.4785 -43.1758 29757.5608 5.2803 -22.3840 4556.1002 -0.0076 -0.0024 1.0000
30.7181 67.8023 -46838.2865 -11.2116 37.8802 -6850.9674 0.0109 -0.0001 1.0000
-9.3396 -21.6092 14693.1704 3.2503 -12.1133 2570.8999 -0.0036 -0.0023 1.0000
-11.6474 -26.4357 18070.8929 4.0459 -14.7954 3097.2665 -0.0046 -0.0023 1.0000
-9.5963 -22.2315 15047.6981 3.3157 -12.2270 2534.1569 -0.0038 -0.0024 1.0000
-7.7756 -17.9108 12146.5462 2.5489 -10.1793 2190.0245 -0.0032 -0.0022 1.0000
-10.0230 -22.6168 15429.4431 3.2561 -12.8617 2622.8138 -0.0041 -0.0022 1.0000
-9.4627 -20.9544 14400.7972 2.9028 -12.1854 2519.9322 -0.0041 -0.0019 1.0000
-9.9095 -22.0849 15133.5718 2.8211 -12.3609 2518.4588 -0.0043 -0.0019 1.0000
-24.0929 -50.9914 35666.5298 6.5976 -29.0615 5692.6045 -0.0104 -0.0015 1.0000
-11.6519 -24.8805 17364.7345 2.9484 -14.2957 2972.9343 -0.0053 -0.0014 1.0000
-11.0914 -23.5068 16462.0021 2.7116 -13.2267 2678.6903 -0.0052 -0.0012 1.0000
-10.0028 -21.3298 14906.5661 2.3305 -11.9701 2493.3184 -0.0047 -0.0012 1.0000
-10.1602 -21.5731 15109.6710 2.3253 -12.0079 2492.8908 -0.0048 -0.0011 1.0000
-9.8584 -21.4004 14857.4617 2.4331 -12.0170 2477.0523 -0.0046 -0.0014 1.0000
-8.2941 -18.1757 12578.7355 2.1660 -10.1715 2087.9218 -0.0039 -0.0014 1.0000
-35.9252 -77.5364 53900.7791 11.1423 -42.8171 7513.0947 -0.0153 -0.0020 1.0000
-10.5123 -24.0197 16378.0890 3.1867 -12.6820 2450.5293 -0.0044 -0.0022 1.0000
-11.3984 -26.3121 17886.7720 4.0974 -14.2271 2607.8053 -0.0046 -0.0025 1.0000
-8.8881 -20.7411 14066.3348 3.1918 -11.2864 2228.8158 -0.0036 -0.0023 1.0000
-6.2410 -14.6890 9945.2862 2.2151 -7.7958 1546.8672 -0.0027 -0.0020 1.0000
-11.5923 -27.1674 18413.7740 4.3210 -14.7472 2767.0068 -0.0047 -0.0026 1.0000
-8.9844 -21.0336 14269.9655 3.1969 -11.3299 2115.9713 -0.0037 -0.0023 1.0000
-11.9390 -27.0611 18574.8130 3.7213 -14.7086 2862.7433 -0.0052 -0.0021 1.0000
-14.5201 -31.5531 22000.1512 4.2526 -17.3403 3295.1856 -0.0065 -0.0016 1.0000
-8.2994 -18.4693 12749.5950 2.2287 -10.0498 2017.9368 -0.0039 -0.0015 1.0000
-6.9382 -15.3798 10619.7811 1.7299 -8.4347 1771.5465 -0.0033 -0.0015 1.0000
-9.4404 -20.3474 14183.4625 2.3487 -11.2031 2278.8953 -0.0045 -0.0013 1.0000
-8.5036 -18.2981 12747.7022 2.0335 -10.0776 2119.7063 -0.0041 -0.0014 1.0000
-10.4967 -22.3660 15611.1178 2.4864 -12.1423 2531.3884 -0.0050 -0.0011 1.0000
-9.6514 -20.6806 14396.3410 2.3646 -11.2440 2351.4551 -0.0046 -0.0013 1.0000
-12.6487 -27.1282 18832.3186 3.3891 -15.1742 3115.8291 -0.0057 -0.0015 1.0000
-8.5990 -18.5329 12845.9051 2.2309 -10.2461 2181.7145 -0.0040 -0.0015 1.0000
-18.9455 -40.9132 28266.8452 5.2840 -22.1920 4380.6710 -0.0083 -0.0017 1.0000
-14.1993 -30.9181 21277.7100 3.9099 -16.6766 3375.5214 -0.0062 -0.0019 1.0000
-9.9115 -21.4613 14810.9495 2.6715 -11.6057 2405.7994 -0.0044 -0.0017 1.0000
-10.1356 -22.0667 15174.4641 2.7098 -11.9901 2540.2775 -0.0045 -0.0018 1.0000
-8.5251 -18.4810 12734.7041 2.2268 -10.1392 2211.6892 -0.0039 -0.0017 1.0000
-13.6803 -29.6193 20384.1806 3.7451 -16.5152 3510.8842 -0.0059 -0.0020 1.0000
-12.5841 -26.8268 18572.4334 3.2432 -15.1221 3359.2785 -0.0055 -0.0019 1.0000
-11.4174 -24.1333 16779.2893 2.8577 -13.9625 3225.4704 -0.0050 -0.0018 1.0000
-18.1679 -38.0321 26509.2987 4.5615 -22.5093 5253.3452 -0.0078 -0.0021 1.0000
-11.8718 -24.4206 17172.7603 2.6613 -14.8003 3729.9433 -0.0051 -0.0019 1.0000
-9.9532 -20.0013 14211.4252 2.0805 -12.4111 3253.2974 -0.0044 -0.0017 1.0000
-10.5193 -21.0489 14972.2853 2.1653 -13.5700 3658.4246 -0.0045 -0.0019 1.0000
-13.2745 -25.9515 18611.9383 2.5972 -17.4343 4845.8112 -0.0056 -0.0020 1.0000
-18.2159 -34.6662 25135.9943 3.2641 -23.7704 6795.2088 -0.0076 -0.0019 1.0000
-18.4880 -33.8879 24947.3437 3.0511 -24.4683 7237.6118 -0.0078 -0.0017 1.0000
-28.1046 -49.7593 37130.3575 4.2218 -37.3925 11395.2680 -0.0114 -0.0019 1.0000
-153.4652 -264.1944 199248.5647 21.2344 -204.0080 63337.6602 -0.0607 -0.0028 1.0000
19.2038 30.9137 -23955.2960 -2.4613 25.4658 -8025.6047 0.0072 -0.0015 1.0000
31.2027 49.6283 -38632.1079 -3.3137 42.0762 -13844.1780 0.0117 -0.0012 1.0000
21.5336 32.4999 -25901.0536 -1.9000 29.0458 -9866.9962 0.0080 -0.0015 1.0000
13.3540 19.6063 -15802.1726 -1.0952 18.4215 -6350.1537 0.0047 -0.0013 1.0000
12.4497 17.2914 -14321.2452 -0.7806 17.5430 -6277.0274 0.0044 -0.0014 1.0000
8.9809 11.6036 -9953.2697 -0.3784 12.5362 -4621.8793 0.0030 -0.0015 1.0000
8.4939 10.5180 -9201.7791 -0.1833 12.1142 -4621.6239 0.0029 -0.0015 1.0000
6.2807 7.4683 -6656.4735 -0.1014 9.2210 -3564.3747 0.0020 -0.0013 1.0000
5.8943 6.5771 -6055.2841 -0.0121 8.7398 -3456.1387 0.0018 -0.0013 1.0000
7.5016 8.1772 -7616.9902 0.1083 11.3493 -4609.5631 0.0024 -0.0012 1.0000
5.4582 5.7119 -5406.3727 0.0867 8.4804 -3459.3353 0.0015 -0.0011 1.0000
6.7430 7.0568 -6672.7100 0.2033 10.5502 -4387.8177 0.0020 -0.0009 1.0000
5.2341 4.9109 -4925.6445 0.2030 8.0918 -3404.5530 0.0015 -0.0012 1.0000
4.2500 3.6970 -3856.2373 0.2176 6.4086 -2729.9062 0.0012 -0.0013 1.0000
3.5119 2.8326 -3069.8020 0.1660 5.4086 -2291.2765 0.0009 -0.0013 1.0000
3.5996 2.9008 -3142.5488 0.2034 5.5223 -2355.9250 0.0009 -0.0012 1.0000
4.1118 3.3745 -3605.1998 0.3002 6.3873 -2761.1606 0.0011 -0.0011 1.0000
3.8290 2.9822 -3282.2515 0.2844 5.8857 -2535.3595 0.0010 -0.0011 1.0000
3.0770 2.1448 -2511.8191 0.2755 4.6952 -2043.0145 0.0008 -0.0012 1.0000
3.1985 2.0628 -2541.9830 0.3422 4.7516 -2096.4265 0.0008 -0.0013 1.0000
2.8019 1.8003 -2201.9552 0.3179 4.2471 -1867.6729 0.0007 -0.0012 1.0000
3.3092 1.9905 -2550.4099 0.4594 4.8798 -2199.6114 0.0009 -0.0012 1.0000
2.5853 1.2812 -1858.2655 0.3966 3.7453 -1706.3959 0.0006 -0.0013 1.0000
2.9824 1.5457 -2162.6333 0.5166 4.3843 -2027.5999 0.0008 -0.0012 1.0000
2.6343 1.1046 -1781.3033 0.4829 3.7992 -1771.9543 0.0007 -0.0013 1.0000
2.2658 0.8743 -1465.1794 0.4215 3.3902 -1570.3133 0.0005 -0.0012 1.0000
2.4344 0.8227 -1517.0401 0.5052 3.5011 -1661.9461 0.0005 -0.0012 1.0000
1.8348 0.3758 -1002.5289 0.3820 2.6527 -1253.0663 0.0003 -0.0012 1.0000
1.5281 0.1352 -728.9034 0.3187 2.2322 -1050.2052 0.0002 -0.0012 1.0000
1.8701 0.3428 -971.0080 0.4273 2.7588 -1327.8520 0.0003 -0.0012 1.0000
1.6512 0.2037 -794.9360 0.3733 2.4576 -1177.7302 0.0002 -0.0011 1.0000
1.7554 0.2739 -868.2190 0.4071 2.5849 -1248.4422 0.0002 -0.0011 1.0000
1.9433 0.3625 -990.7641 0.4555 2.8424 -1379.5615 0.0003 -0.0011 1.0000
2.1227 0.3941 -1088.7230 0.4937 3.0072 -1462.5652 0.0004 -0.0011 1.0000
1.6923 0.1079 -756.9334 0.3956 2.3784 -1148.6347 0.0003 -0.0012 1.0000
1.7216 0.1351 -778.5632 0.3952 2.4135 -1155.3821 0.0003 -0.0011 1.0000
1.4802 -0.0715 -572.9150 0.3461 1.9802 -946.3159 0.0002 -0.0012 1.0000
1.4101 0.0034 -558.0127 0.3076 2.0602 -950.4118 0.0001 -0.0011 1.0000
1.5479 -0.0453 -615.9025 0.3610 2.0888 -989.7515 0.0002 -0.0012 1.0000
1.3986 -0.1819 -486.4479 0.3349 1.8500 -878.7077 0.0002 -0.0012 1.0000
1.3414 -0.1454 -469.8431 0.3105 1.8192 -848.4417 0.0001 -0.0012 1.0000
1.3473 -0.0930 -495.2484 0.3155 1.8598 -864.8778 0.0001 -0.0011 1.0000
1.3212 -0.1591 -457.8214 0.3065 1.7738 -822.2048 0.0001 -0.0011 1.0000
1.3875 -0.1226 -512.8364 0.3168 1.7940 -829.9151 0.0002 -0.0012 1.0000
1.3231 -0.1382 -477.7863 0.2854 1.6673 -756.6692 0.0001 -0.0012 1.0000
1.2782 -0.2355 -429.7889 0.2633 1.4787 -667.5116 0.0002 -0.0013 1.0000
1.5055 -0.1026 -608.4779 0.3060 1.7345 -787.8083 0.0002 -0.0012 1.0000
1.4200 0.0157 -619.4745 0.2752 1.7233 -765.6248 0.0002 -0.0012 1.0000
1.5236 0.0256 -691.6294 0.2948 1.7884 -800.7957 0.0002 -0.0012 1.0000
1.6495 0.1939 -826.6637 0.3378 2.0298 -921.1971 0.0003 -0.0012 1.0000
1.3733 -0.0606 -592.5301 0.2862 1.5407 -705.6837 0.0002 -0.0013 1.0000
1.3385 -0.0837 -565.0434 0.2794 1.5140 -694.7602 0.0002 -0.0013 1.0000
1.4317 0.0189 -649.7721 0.3091 1.6588 -769.3273 0.0002 -0.0013 1.0000
1.5091 0.0534 -701.3909 0.3306 1.7460 -817.7250 0.0003 -0.0013 1.0000
1.3821 -0.0064 -607.7610 0.2930 1.5761 -730.1905 0.0002 -0.0013 1.0000
1.6761 0.2984 -870.8858 0.3574 2.0300 -942.6417 0.0003 -0.0011 1.0000
1.3566 0.0362 -603.2371 0.2745 1.5580 -712.9369 0.0002 -0.0013 1.0000
1.3542 -0.0074 -584.3012 0.2791 1.4434 -669.2902 0.0002 -0.0014 1.0000
1.5887 0.2336 -800.7656 0.3084 1.7533 -802.4437 0.0003 -0.0013 1.0000
1.8153 0.5199 -1027.0179 0.3333 2.0477 -922.9745 0.0004 -0.0012 1.0000
1.8163 0.5782 -1061.1814 0.3001 1.9633 -864.6739 0.0004 -0.0013 1.0000
1.8333 0.5955 -1088.4673 0.2728 1.8693 -805.2563 0.0004 -0.0014 1.0000
1.5405 0.5580 -925.7682 0.1678 1.5630 -621.4423 0.0003 -0.0013 1.0000
1.7726 0.8761 -1182.4839 0.1591 1.7926 -692.7619 0.0004 -0.0013 1.0000
2.0330 1.1517 -1439.0005 0.1589 1.9325 -731.3839 0.0005 -0.0014 1.0000
2.3046 1.4731 -1722.1529 0.1602 2.1693 -809.5149 0.0006 -0.0014 1.0000
2.2130 1.5405 -1714.2775 0.1212 1.9969 -714.7015 0.0006 -0.0015 1.0000
3.0113 2.2625 -2459.6222 0.1772 2.6011 -950.5916 0.0010 -0.0016 1.0000
3.2102 2.8061 -2804.2742 0.1494 2.8826 -1028.4414 0.0011 -0.0015 1.0000
2.5524 2.1547 -2201.1450 0.0870 2.1609 -733.4562 0.0008 -0.0016 1.0000
2.9519 2.6106 -2624.7583 0.1058 2.4517 -839.9454 0.0010 -0.0017 1.0000
2.8022 2.4931 -2510.0900 0.0838 2.2637 -759.5385 0.0010 -0.0017 1.0000
2.6143 2.4376 -2384.9091 0.0613 2.1529 -711.9640 0.0008 -0.0016 1.0000
3.9890 4.1450 -3854.2169 0.1446 3.3851 -1187.1606 0.0015 -0.0018 1.0000
3.6422 3.6995 -3481.7067 0.0965 3.0099 -1033.5125 0.0013 -0.0018 1.0000
2.9826 2.9043 -2783.9026 0.0391 2.4305 -808.8863 0.0010 -0.0018 1.0000
3.0659 3.2845 -2971.2927 0.0023 2.6132 -859.1881 0.0010 -0.0016 1.0000
2.8535 2.9198 -2708.8142 -0.0346 2.3203 -742.6481 0.0010 -0.0017 1.0000
2.1702 2.2594 -2049.8364 -0.0853 1.7735 -528.0920 0.0006 -0.0016 1.0000
2.9081 3.2015 -2844.1102 -0.0749 2.4018 -776.8382 0.0010 -0.0017 1.0000
3.4175 3.9384 -3433.7198 -0.1356 2.8886 -934.5879 0.0012 -0.0018 1.0000
3.0309 3.3838 -3006.0465 -0.1199 2.4639 -801.9544 0.0010 -0.0019 1.0000
5.4289 7.0816 -5881.0656 -0.1749 4.5535 -1560.4077 0.0021 -0.0021 1.0000
6.0058 7.7579 -6499.0915 -0.2125 5.0313 -1735.6850 0.0025 -0.0023 1.0000
4.1557 5.3360 -4481.7351 -0.2201 3.4798 -1155.3448 0.0016 -0.0021 1.0000
8.8675 12.9464 -10286.2059 -0.4520 7.5890 -2590.5951 0.0037 -0.0025 1.0000
4.9154 6.8422 -5542.5247 -0.3599 4.1715 -1355.6369 0.0020 -0.0021 1.0000
13.3889 19.5103 -15565.1546 -0.8744 10.8969 -3627.7069 0.0060 -0.0035 1.0000
7.3635 11.2943 -8748.1125 -0.6637 6.0864 -1919.1909 0.0030 -0.0023 1.0000
8.1460 12.4076 -9646.3224 -0.8649 6.5908 -2001.8937 0.0034 -0.0026 1.0000
65.5805 107.1661 -81045.3308 -7.1861 52.4602 -15923.6964 0.0299 -0.0101 1.0000
11.9639 19.3413 -14656.7103 -1.6057 9.3908 -2640.0869 0.0052 -0.0031 1.0000
11.0107 18.2848 -13702.2152 -1.6957 8.3961 -2192.2367 0.0047 -0.0029 1.0000
11.3034 18.7808 -14098.0367 -1.8969 8.0498 -1917.7206 0.0051 -0.0033 1.0000
-59.4465 -110.3393 79408.6579 10.9755 -42.3424 9400.7454 -0.0282 0.0058 1.0000
-128.8378 -239.6948 172888.1648 26.6460 -88.9710 16985.6220 -0.0632 0.0179 1.0000
-17.3124 -33.9522 24071.2620 3.8672 -11.1697 1694.4658 -0.0090 0.0012 1.0000
-13.1140 -27.5648 19020.7197 3.2569 -8.1713 857.1190 -0.0069 0.0002 1.0000
-9.8442 -20.7585 14342.0957 2.5471 -5.7529 348.7060 -0.0055 -0.0001 1.0000
-5.0109 -11.2562 7610.1568 1.2221 -2.9623 213.4592 -0.0030 -0.0008 1.0000
-6.3131 -14.4182 9679.2200 1.6018 -3.4269 39.5569 -0.0038 -0.0006 1.0000
-7.1937 -16.6090 11088.9526 1.8121 -3.6213 -128.4793 -0.0044 -0.0004 1.0000
-11.3781 -26.9200 17753.6332 3.0527 -5.7117 -455.2077 -0.0067 -0.0001 1.0000
-4.6904 -11.2650 7396.2976 1.1472 -2.4726 -72.6357 -0.0030 -0.0009 1.0000
-4.8354 -11.8008 7686.5687 1.1628 -2.5821 -79.4497 -0.0031 -0.0009 1.0000
-4.8878 -11.7085 7663.7364 1.1081 -2.6148 -44.9828 -0.0031 -0.0008 1.0000
-5.8966 -14.4048 9326.2809 1.4158 -3.3282 -65.2336 -0.0036 -0.0009 1.0000
-4.5901 -10.9913 7175.6524 0.9425 -2.5749 54.1264 -0.0030 -0.0008 1.0000
-6.1190 -14.7877 9584.2843 1.3252 -3.5176 27.7111 -0.0038 -0.0008 1.0000
-4.2481 -10.3564 6703.6487 0.8293 -2.6535 180.3566 -0.0027 -0.0010 1.0000
-3.9934 -9.5574 6227.3563 0.7363 -2.5833 240.5768 -0.0026 -0.0010 1.0000
-4.9954 -11.8871 7735.2653 0.9097 -3.2403 290.5706 -0.0031 -0.0009 1.0000
-5.2139 -12.5613 8123.7947 0.9938 -3.5919 353.4046 -0.0032 -0.0010 1.0000
-5.1663 -12.4848 8057.9258 0.9645 -3.7489 439.8628 -0.0032 -0.0010 1.0000
-4.5508 -10.7865 7017.8385 0.7624 -3.3584 480.4815 -0.0028 -0.0010 1.0000
-5.7803 -13.4944 8811.0816 0.9388 -4.2634 615.2463 -0.0035 -0.0008 1.0000
-7.0266 -16.5391 10734.3407 1.2227 -5.4359 778.7638 -0.0042 -0.0008 1.0000
-5.3727 -12.6205 8212.0415 0.8395 -4.3313 747.9761 -0.0033 -0.0009 1.0000
