508.120632 191.581531 532.080699 209.551581 542.862729 285.025790 517.704659 264.659734 
509.779539 195.024496 534.678674 212.661383 541.940922 287.358790 518.079251 265.572046 
505.629683 191.912104 532.603746 210.586455 541.940922 286.321326 517.041787 262.459654 
508.742075 189.837176 534.678674 210.586455 541.940922 286.321326 516.004323 264.534582 
505.629683 191.912104 534.678674 210.586455 541.940922 286.321326 518.079251 264.534582 
506.667147 189.837176 533.641210 208.511527 545.053314 284.246398 519.116715 262.459654 
508.742075 189.837176 535.716138 209.548991 545.053314 287.358790 521.191643 265.572046 
508.742075 187.762248 537.791066 209.548991 547.128242 285.283862 522.229107 262.459654 
509.779539 189.837176 538.828530 205.399135 549.203170 283.208934 524.304035 264.534582 
512.891931 187.762248 538.828530 209.548991 551.278098 282.171470 526.378963 264.534582 
510.923571 188.765999 539.865994 205.399135 554.390490 283.208934 528.453890 264.534582 
517.014271 188.509514 541.653487 204.349010 557.502882 283.208934 530.653837 261.547191 
519.116715 185.687320 545.053314 203.324207 559.577810 281.134006 534.678674 264.534582 
518.079251 187.762248 546.090778 204.361671 560.615274 280.096542 535.716138 260.384726 
520.154179 184.649856 546.916050 200.069107 563.727666 282.171470 539.865994 259.347262 
522.229107 185.687320 548.731948 201.390476 566.840058 278.021614 539.865994 259.347262 
523.200237 184.517504 548.165706 199.174352 567.877522 275.946686 540.903458 259.347262 
520.154179 182.574928 547.989886 197.253407 568.914986 278.021614 541.940922 259.347262 
520.154179 181.537464 546.090778 199.174352 568.914986 273.871758 538.961141 256.878270 
518.835196 182.450614 549.203170 200.211816 565.802594 273.871758 537.634597 256.848247 
516.861243 181.313824 544.140376 197.593306 565.802594 273.871758 536.753602 255.197406 
513.582228 182.903771 539.865994 196.061960 564.765130 274.909222 536.753602 256.234870 
508.742075 181.537464 536.753602 193.987032 560.615274 270.759366 533.423205 255.728892 
502.517291 180.500000 533.641210 191.912104 557.502882 271.796830 530.528818 255.197406 
498.926961 178.907244 528.453890 193.987032 556.743304 268.358944 526.926071 252.359453 
494.217579 180.500000 525.341499 189.837176 554.390490 265.572046 525.341499 253.122478 
487.992795 178.425072 516.004323 189.837176 547.128242 264.534582 520.154179 250.010086 
477.618156 177.387608 509.779539 186.724784 541.940922 265.572046 510.817003 250.010086 
469.318444 177.387608 500.442363 186.724784 535.716138 264.534582 502.517291 250.010086 
457.466000 175.702835 486.955331 187.762248 526.378963 264.534582 493.180115 250.010086 
441.306916 180.500000 474.505764 187.762248 511.854467 265.572046 479.693084 255.197406 
422.632565 187.762248 459.981268 196.061960 497.329971 268.684438 459.981268 259.347262 
408.108069 190.874640 445.456772 201.249280 481.768012 274.909222 448.569164 262.459654 
393.583573 195.024496 429.894813 204.361671 469.318444 279.059078 435.082133 266.609510 
381.134006 195.024496 420.557637 204.361671 459.981268 282.171470 425.744957 273.871758 
368.684438 195.024496 410.182997 204.361671 451.681556 285.283862 412.257925 273.871758 
360.384726 189.837176 403.958213 200.211816 445.456772 285.283862 406.033141 270.759366 
358.309798 186.724784 401.883285 197.099424 441.306916 281.134006 398.770893 266.609510 
355.197406 181.537464 397.733429 189.837176 436.119597 273.871758 392.546110 260.384726 
354.159942 175.312680 399.808357 180.500000 439.231988 268.684438 394.621037 257.272334 
356.234870 167.012968 402.920749 177.387608 441.306916 265.572046 395.658501 255.197406 
356.234870 158.713256 408.108069 171.162824 443.381844 260.384726 396.695965 246.897695 
359.053648 151.896172 408.655777 162.847292 447.531700 255.197406 395.658501 240.672911 
361.422190 147.301153 414.332853 157.675793 450.644092 250.010086 399.808357 234.448127 
361.422190 139.001441 419.520173 153.525937 453.756484 246.897695 400.845821 231.335735 
365.572046 134.851585 420.557637 145.226225 456.868876 243.785303 399.808357 227.185879 
366.609510 129.664265 426.782421 141.076369 459.981268 242.747839 400.845821 225.110951 
366.609510 126.551873 429.894813 137.963977 462.056196 240.672911 401.883285 224.073487 
369.721902 124.476945 434.044669 139.001441 467.243516 238.597983 406.033141 221.998559 
372.834294 124.476945 440.269452 137.963977 472.430836 241.710375 410.182997 223.036023 
379.059078 122.402017 448.569164 135.889049 477.618156 245.860231 411.220461 225.110951 
383.208934 122.402017 450.644092 135.889049 481.768012 245.860231 415.370317 227.185879 
386.321326 124.476945 456.868876 137.963977 492.142651 250.010086 417.445245 227.185879 
388.396254 125.514409 463.093660 140.038905 495.255043 251.047550 421.595101 233.410663 
390.471182 125.514409 472.430836 140.038905 504.592219 256.234870 423.670029 236.523055 
395.658501 129.664265 476.580692 145.226225 508.742075 262.459654 430.932277 240.672911 
399.808357 133.814121 481.768012 150.413545 516.004323 270.759366 431.969741 245.860231 
402.920749 139.001441 487.992795 157.675793 522.229107 278.021614 437.157061 256.234870 
404.995677 147.301153 493.180115 162.863112 529.491354 287.358790 439.231988 262.459654 
410.182997 152.488473 502.517291 171.162824 530.528818 294.621037 441.306916 268.684438 
406.033141 150.413545 503.554755 172.200288 535.716138 301.883285 443.381844 278.021614 
403.958213 157.675793 507.704611 177.387608 540.903458 306.033141 442.344380 283.208934 
402.920749 159.750720 507.704611 178.425072 538.828530 308.108069 438.194524 282.171470 
404.995677 158.713256 508.742075 180.500000 544.015850 312.257925 439.231988 286.321326 
398.770893 154.563401 511.854467 177.387608 545.053314 314.332853 431.969741 289.433718 
392.546110 150.413545 510.817003 171.162824 542.978386 313.295389 431.969741 286.321326 
388.396254 148.338617 517.041787 173.237752 541.940922 313.295389 423.670029 290.471182 
387.358790 148.338617 511.854467 171.162824 542.978386 313.295389 419.520173 289.433718 
382.171470 148.338617 514.966859 165.975504 545.053314 322.632565 417.445245 291.508646 
378.021614 150.413545 518.079251 171.162824 546.090778 322.632565 415.370317 293.583573 
375.946686 147.301153 516.004323 169.087896 547.128242 326.782421 406.033141 295.658501 
366.609510 145.226225 518.079251 163.900576 547.128242 325.744957 401.883285 295.658501 
365.572046 148.338617 523.266571 171.162824 545.053314 325.744957 399.808357 298.770893 
360.384726 145.226225 518.079251 168.050432 551.278098 335.082133 396.695965 308.108069 
355.197406 152.488473 524.304035 172.200288 549.203170 339.231988 395.658501 314.332853 
347.935159 154.563401 525.341499 175.312680 553.353026 349.606628 392.546110 317.445245 
355.197406 159.750720 528.453890 176.350144 555.427954 349.606628 390.471182 321.595101 
351.047550 158.713256 533.641210 180.500000 560.615274 353.756484 389.433718 324.707493 
353.122478 158.713256 541.940922 175.312680 565.802594 353.756484 390.471182 327.819885 
355.197406 157.675793 547.128242 178.425072 573.064841 356.868876 394.621037 330.932277 
354.159942 156.638329 560.615274 175.312680 583.439481 358.943804 398.770893 334.044669 
359.347262 153.525937 569.952450 175.312680 591.739193 361.018732 401.883285 339.231988 
361.422190 152.488473 581.364553 171.162824 605.226225 363.093660 403.958213 343.381844 
360.384726 157.675793 588.626801 173.237752 613.525937 370.355908 410.182997 347.531700 
371.796830 162.863112 602.113833 178.425072 623.900576 377.618156 414.332853 356.868876 
368.684438 162.863112 618.713256 178.425072 635.312680 384.880403 418.482709 366.206052 
373.871758 168.050432 622.863112 184.649856 647.762248 391.105187 422.632565 372.430836 
380.096542 172.200288 635.312680 187.762248 658.136888 400.442363 422.632565 379.693084 
384.246398 180.500000 656.061960 190.874640 669.548991 409.779539 427.819885 391.105187 
391.508646 182.574928 673.698847 195.024496 680.961095 414.966859 434.044669 398.367435 
395.658501 184.649856 688.223343 193.987032 693.410663 422.229107 442.344380 400.442363 
399.808357 180.500000 698.597983 190.874640 706.897695 420.154179 449.606628 409.779539 
404.995677 177.387608 714.159942 185.687320 716.234870 419.116715 452.719020 407.704611 
403.958213 175.312680 720.384726 181.537464 725.572046 414.966859 454.793948 407.704611 
410.182997 171.162824 727.646974 173.237752 730.759366 412.891931 454.793948 407.704611 
408.108069 165.975504 736.984150 169.087896 732.834294 410.817003 456.868876 409.779539 
408.108069 161.825648 743.208934 163.900576 736.984150 410.817003 453.756484 405.629683 
404.995677 157.675793 749.433718 153.525937 743.208934 405.629683 449.606628 405.629683 
408.108069 154.563401 751.508646 148.338617 745.283862 401.479827 453.756484 401.479827 
406.033141 143.151297 758.770893 137.963977 750.471182 396.292507 456.868876 398.367435 
408.108069 131.739193 767.070605 124.476945 754.621037 386.955331 456.868876 394.217579 
409.145533 124.476945 771.220461 110.989914 761.883285 377.618156 454.793948 386.955331 
403.958213 110.989914 776.407781 100.615274 762.920749 370.355908 453.756484 382.805476 
403.958213 102.690202 778.482709 87.128242 766.033141 368.280980 452.719020 381.768012 
400.845821 96.465418 786.782421 77.791066 766.033141 358.943804 450.644092 379.693084 
395.658501 97.502882 783.670029 75.716138 766.033141 361.018732 449.606628 381.768012 
391.508646 102.690202 785.744957 78.828530 764.995677 363.093660 444.419308 389.030259 
390.471182 103.727666 781.595101 77.791066 768.108069 366.206052 439.231988 396.292507 
387.358790 107.877522 784.707493 77.791066 763.958213 368.280980 439.231988 401.479827 
385.283862 115.139769 784.707493 81.940922 766.033141 372.430836 438.194524 407.704611 
384.246398 120.327089 783.670029 82.978386 764.995677 373.468300 438.194524 414.966859 
379.059078 124.476945 786.782421 89.203170 764.995677 379.693084 437.157061 419.116715 
371.796830 129.664265 786.782421 87.128242 764.995677 379.693084 428.857349 428.453890 
369.721902 130.701729 785.744957 89.203170 762.920749 384.880403 427.819885 431.566282 
362.459654 133.814121 781.595101 89.203170 760.845821 389.030259 421.595101 438.828530 
353.122478 133.814121 783.670029 87.128242 760.845821 394.217579 416.407781 447.128242 
345.860231 144.188761 783.670029 94.390490 758.770893 398.367435 413.295389 456.465418 
338.597983 148.338617 781.595101 93.353026 756.695965 403.554755 403.958213 461.652738 
335.485591 148.338617 778.482709 96.465418 755.658501 409.779539 400.845821 466.840058 
328.223343 152.488473 779.520173 96.465418 758.770893 409.779539 400.845821 473.064841 
325.110951 148.338617 779.520173 91.278098 763.958213 410.817003 395.658501 475.139769 
320.961095 148.338617 789.894813 88.165706 763.958213 410.817003 394.621037 482.402017 
320.961095 144.188761 795.082133 82.978386 770.182997 412.891931 392.546110 485.514409 
313.698847 143.151297 799.231988 74.678674 772.257925 412.891931 394.621037 484.476945 
314.736311 143.151297 803.381844 73.641210 779.520173 409.779539 395.658501 489.664265 
317.848703 139.001441 806.494236 68.453890 783.670029 412.891931 393.583573 489.664265 
315.773775 134.851585 812.719020 61.191643 787.819885 409.779539 397.733429 491.739193 
311.623919 131.739193 819.981268 49.779539 795.082133 409.779539 401.883285 491.739193 
315.773775 125.514409 826.206052 41.479827 803.381844 405.629683 406.033141 493.814121 
309.548991 128.626801 829.318444 37.329971 808.569164 403.554755 408.108069 495.889049 
316.811239 129.664265 833.468300 33.180115 813.756484 398.367435 416.407781 499.001441 
320.961095 144.188761 827.243516 42.517291 813.756484 403.554755 419.520173 508.338617 
325.110951 161.825648 823.093660 53.929395 809.606628 409.779539 425.744957 513.525937 
332.373199 181.537464 815.831412 65.341499 808.569164 417.041787 429.894813 522.863112 
334.448127 209.548991 803.381844 92.315562 805.456772 428.453890 441.306916 534.275216 
345.860231 240.672911 788.857349 120.327089 800.269452 437.791066 450.644092 544.649856 
356.234870 268.684438 781.595101 147.301153 796.119597 448.165706 457.906340 561.249280 
364.534582 297.733429 766.033141 176.350144 790.932277 458.540346 466.206052 571.623919 
376.984150 329.894813 755.658501 204.361671 785.744957 475.139769 476.580692 585.110951 
385.283862 358.943804 741.134006 233.410663 779.520173 484.476945 486.955331 599.635447 
393.583573 391.105187 730.759366 260.384726 778.482709 496.926513 493.180115 613.122478 
403.958213 412.891931 724.534582 284.246398 771.220461 510.413545 501.479827 628.684438 
410.182997 439.865994 712.085014 307.070605 768.108069 519.750720 512.891931 635.946686 
419.520173 463.727666 715.197406 321.595101 771.220461 521.825648 525.341499 646.321326 
438.194524 470.989914 710.010086 338.194524 770.182997 524.938040 533.641210 650.471182 
448.569164 480.327089 704.822767 345.456772 769.145533 527.012968 546.090778 650.471182 
465.168588 484.476945 705.860231 351.681556 770.182997 521.825648 558.540346 648.396254 
474.505764 484.476945 703.785303 351.681556 774.332853 517.675793 575.139769 638.021614 
491.105187 482.402017 710.010086 349.606628 778.482709 508.338617 586.551873 629.721902 
507.704611 475.139769 713.122478 342.344380 783.670029 494.851585 601.076369 618.309798 
531.566282 461.652738 720.384726 335.082133 788.857349 482.402017 618.713256 602.747839 
547.128242 450.240634 727.646974 323.670029 798.194524 467.877522 633.237752 587.185879 
561.652738 439.865994 736.984150 309.145533 805.456772 452.315562 648.799712 571.623919 
576.177233 424.304035 743.208934 297.733429 812.719020 433.641210 664.361671 555.024496 
592.776657 405.629683 751.508646 282.171470 819.981268 419.116715 675.773775 538.425072 
605.226225 391.105187 753.583573 269.721902 824.131124 400.442363 690.298271 514.563401 
616.638329 370.355908 754.621037 252.085014 824.131124 379.693084 697.560519 499.001441 
621.825648 358.943804 751.508646 236.523055 826.206052 363.093660 703.785303 475.139769 
628.050432 342.344380 749.433718 227.185879 819.981268 344.419308 712.085014 458.540346 
633.237752 324.707493 745.283862 212.661383 818.943804 327.819885 715.197406 438.828530 
630.125360 317.445245 738.021614 199.174352 814.793948 310.182997 713.122478 428.453890 
627.012968 309.145533 729.721902 193.987032 807.531700 299.808357 712.085014 412.891931 
627.012968 302.920749 724.534582 189.837176 799.231988 291.508646 713.122478 405.629683 
627.012968 300.845821 717.272334 184.649856 796.119597 289.433718 713.122478 396.292507 
624.938040 299.808357 713.122478 185.687320 790.932277 283.208934 711.047550 394.217579 
620.788184 304.995677 704.822767 195.024496 784.707493 288.396254 710.010086 396.292507 
623.900576 323.670029 701.710375 217.848703 782.632565 308.108069 705.860231 409.779539 
621.825648 347.531700 698.597983 241.710375 775.370317 328.857349 702.747839 433.641210 
614.563401 370.355908 691.335735 270.759366 770.182997 358.943804 698.597983 458.540346 
607.301153 400.442363 681.998559 300.845821 756.695965 386.955331 688.223343 486.551873 
592.776657 426.378963 669.548991 327.819885 739.059078 412.891931 672.661383 510.413545 
573.064841 440.903458 645.687320 349.606628 721.422190 435.716138 650.874640 531.162824 
551.278098 456.465418 625.975504 366.206052 693.410663 450.240634 628.050432 540.500000 
528.453890 458.540346 602.113833 372.430836 668.511527 456.465418 601.076369 547.762248 
505.629683 454.390490 581.364553 368.280980 644.649856 452.315562 578.252161 538.425072 
483.842939 447.128242 558.540346 364.131124 620.788184 447.128242 553.353026 531.162824 
465.168588 431.566282 533.641210 349.606628 596.926513 433.641210 529.491354 517.675793 
442.344380 417.041787 512.891931 336.119597 577.214697 419.116715 511.854467 499.001441 
434.044669 400.442363 505.629683 318.482709 565.802594 400.442363 504.592219 478.252161 
431.969741 377.618156 500.442363 298.770893 556.465418 381.768012 500.442363 459.577810 
442.344380 353.756484 502.517291 284.246398 562.690202 358.943804 504.592219 437.791066 
450.644092 341.306916 507.704611 264.534582 568.914986 347.531700 516.004323 419.116715 
469.318444 324.707493 526.378963 255.197406 586.551873 327.819885 537.791066 403.554755 
493.180115 314.332853 544.015850 240.672911 601.076369 314.332853 558.540346 386.955331 
510.817003 306.033141 559.577810 231.335735 621.825648 298.770893 581.364553 375.543228 
527.416427 295.658501 573.064841 223.036023 636.350144 288.396254 602.113833 364.131124 
545.053314 291.508646 582.402017 219.923631 648.799712 280.096542 615.600865 356.868876 
550.240634 287.358790 584.476945 212.661383 652.949568 270.759366 625.975504 349.606628 
552.315562 280.096542 587.589337 200.211816 657.099424 262.459654 625.975504 341.306916 
546.090778 279.059078 577.214697 201.249280 648.799712 256.234870 628.050432 335.082133 
537.791066 275.946686 566.840058 197.099424 640.500000 255.197406 615.600865 334.044669 
522.229107 268.684438 551.278098 195.024496 623.900576 253.122478 602.113833 330.932277 
503.554755 271.796830 526.378963 201.249280 602.113833 251.047550 581.364553 333.007205 
480.730548 275.946686 504.592219 208.511527 574.102305 257.272334 559.577810 335.082133 
451.681556 280.096542 480.730548 212.661383 555.427954 266.609510 534.678674 341.306916 
427.819885 290.471182 455.831412 218.886167 528.453890 271.796830 510.817003 353.756484 
402.920749 294.621037 430.932277 227.185879 502.517291 287.358790 486.955331 358.943804 
382.171470 304.995677 410.182997 232.373199 482.805476 291.508646 458.943804 366.206052 
363.497118 307.070605 394.621037 234.448127 468.280980 302.920749 442.344380 370.355908 
348.972622 304.995677 381.134006 232.373199 452.719020 302.920749 428.857349 375.543228 
335.485591 301.883285 370.759366 234.448127 440.269452 298.770893 412.257925 372.430836 
327.185879 298.770893 358.309798 233.410663 427.819885 301.883285 400.845821 372.430836 
328.223343 295.658501 359.347262 228.223343 427.819885 301.883285 399.808357 370.355908 
331.335735 292.546110 364.534582 225.110951 428.857349 300.845821 403.958213 370.355908 
328.223343 285.283862 366.609510 223.036023 429.894813 302.920749 399.808357 366.206052 
334.448127 285.283862 366.609510 227.185879 427.819885 298.770893 400.845821 366.206052 
337.560519 286.321326 371.796830 228.223343 430.932277 306.033141 403.958213 372.430836 
345.860231 293.583573 378.021614 234.448127 435.082133 312.257925 408.108069 373.468300 
350.010086 301.883285 381.134006 242.747839 436.119597 324.707493 409.145533 384.880403 
350.010086 312.257925 378.021614 251.047550 438.194524 329.894813 409.145533 394.217579 
346.897695 322.632565 376.984150 260.384726 434.044669 342.344380 408.108069 405.629683 
339.635447 330.932277 370.759366 273.871758 427.819885 351.681556 402.920749 414.966859 
335.485591 343.381844 366.609510 284.246398 423.670029 364.131124 396.695965 428.453890 
328.223343 345.456772 358.309798 291.508646 412.257925 370.355908 388.396254 431.566282 
320.961095 351.681556 353.122478 297.733429 403.958213 377.618156 383.208934 439.865994 
320.961095 351.681556 348.972622 299.808357 399.808357 377.618156 379.059078 437.791066 
313.698847 353.756484 339.635447 298.770893 391.508646 377.618156 371.796830 438.828530 
311.623919 347.531700 336.523055 300.845821 390.471182 379.693084 367.646974 437.791066 
308.511527 342.344380 335.485591 293.583573 386.321326 373.468300 363.497118 431.566282 
308.511527 339.231988 334.448127 290.471182 387.358790 368.280980 367.646974 426.378963 
313.698847 334.044669 338.597983 285.283862 389.433718 366.206052 368.684438 420.154179 
321.998559 331.969741 343.785303 283.208934 391.508646 363.093660 372.834294 417.041787 
324.073487 325.744957 347.935159 280.096542 393.583573 361.018732 375.946686 414.966859 
330.298271 322.632565 351.047550 280.096542 395.658501 356.868876 379.059078 410.817003 
331.335735 322.632565 354.159942 278.021614 398.770893 356.868876 381.134006 409.779539 
333.410663 315.370317 360.384726 273.871758 397.733429 353.756484 380.096542 410.817003 
334.448127 318.482709 359.347262 274.909222 400.845821 358.943804 381.134006 407.704611 
334.448127 315.370317 359.347262 269.721902 397.733429 353.756484 378.021614 405.629683 
335.485591 314.332853 361.422190 269.721902 397.733429 351.681556 378.021614 405.629683 
338.597983 311.220461 365.572046 270.759366 398.770893 356.868876 378.021614 405.629683 
341.710375 312.257925 367.646974 271.796830 398.770893 358.943804 375.946686 403.554755 
348.972622 312.257925 372.834294 272.834294 401.883285 355.831412 375.946686 407.704611 
356.234870 314.332853 382.171470 278.021614 407.070605 363.093660 383.208934 405.629683 
367.646974 316.407781 396.695965 280.096542 417.445245 366.206052 387.358790 412.891931 
386.321326 321.595101 418.482709 283.208934 433.007205 372.430836 404.995677 412.891931 
408.108069 324.707493 440.269452 290.471182 453.756484 377.618156 423.670029 417.041787 
437.157061 323.670029 467.243516 297.733429 477.618156 384.880403 445.456772 417.041787 
458.943804 330.932277 487.992795 304.995677 497.329971 386.955331 469.318444 422.229107 
480.730548 336.119597 516.004323 308.108069 521.191643 392.142651 489.030259 428.453890 
501.479827 349.606628 532.603746 314.332853 539.865994 400.442363 509.779539 431.566282 
517.041787 354.793948 549.203170 323.670029 556.465418 407.704611 527.416427 442.978386 
527.416427 363.093660 556.465418 331.969741 565.802594 414.966859 534.678674 452.315562 
529.491354 375.543228 564.765130 342.344380 569.952450 428.453890 541.940922 465.802594 
533.641210 381.768012 564.765130 353.756484 575.139769 437.791066 542.978386 473.064841 
532.603746 394.217579 563.727666 358.943804 575.139769 440.903458 545.053314 478.252161 
527.416427 392.142651 556.465418 363.093660 569.952450 442.978386 540.903458 484.476945 
519.116715 389.030259 550.240634 358.943804 561.652738 440.903458 533.641210 477.214697 
509.779539 381.768012 538.828530 345.456772 553.353026 428.453890 524.304035 467.877522 
498.367435 364.131124 527.416427 334.044669 538.828530 412.891931 513.929395 452.315562 
481.768012 343.381844 510.817003 309.145533 527.416427 394.217579 501.479827 431.566282 
468.280980 322.632565 496.292507 289.433718 511.854467 372.430836 485.917867 409.779539 
453.756484 297.733429 482.805476 264.534582 500.442363 351.681556 474.505764 391.105187 
443.381844 279.059078 470.355908 240.672911 491.105187 324.707493 468.280980 368.280980 
434.044669 260.384726 457.906340 221.998559 482.805476 306.033141 456.868876 349.606628 
425.744957 246.897695 450.644092 208.511527 476.580692 295.658501 454.793948 338.194524 
423.670029 240.672911 449.606628 201.249280 477.618156 288.396254 455.831412 329.894813 
429.464165 239.880224 454.060262 202.400456 478.655620 289.433718 457.906340 333.007205 
438.194524 253.122478 464.131124 209.548991 492.142651 293.583573 469.318444 342.344380 
455.831412 268.684438 479.693084 229.260807 503.554755 307.070605 484.880403 354.793948 
471.393372 286.321326 493.180115 245.860231 514.966859 327.819885 496.292507 373.468300 
482.805476 303.958213 506.667147 264.534582 531.566282 347.531700 510.817003 392.142651 
501.479827 329.894813 524.304035 282.171470 545.053314 368.280980 526.378963 417.041787 
512.891931 344.419308 531.566282 302.920749 559.577810 384.880403 536.753602 435.716138 
525.341499 366.206052 544.015850 321.595101 570.989914 407.704611 549.203170 454.390490 
532.603746 381.768012 554.390490 337.157061 579.289625 417.041787 556.465418 473.064841 
539.865994 400.442363 562.690202 347.531700 583.439481 435.716138 564.765130 487.589337 
546.090778 409.779539 569.952450 361.018732 590.701729 445.053314 569.952450 501.076369 
555.427954 417.041787 573.064841 368.280980 594.851585 459.577810 575.139769 512.488473 
554.390490 424.304035 582.402017 373.468300 596.926513 463.727666 577.214697 517.675793 
557.502882 433.641210 584.476945 377.618156 597.963977 467.877522 579.289625 521.825648 
561.652738 430.528818 585.514409 381.768012 606.263689 468.914986 582.402017 532.200288 
562.690202 429.491354 588.626801 381.768012 606.263689 467.877522 583.439481 529.087896 
567.877522 426.378963 592.776657 375.543228 608.338617 470.989914 585.514409 527.012968 
570.989914 426.378963 597.963977 370.355908 616.638329 465.802594 587.589337 523.900576 
581.364553 414.966859 609.376081 363.093660 621.825648 458.540346 590.701729 515.600865 
587.899940 407.297123 620.788184 356.868876 632.200288 452.315562 600.038905 510.413545 
600.038905 398.367435 629.087896 345.456772 643.612392 445.053314 610.413545 504.188761 
611.451009 391.105187 643.612392 339.231988 653.987032 437.791066 619.750720 495.889049 
623.900576 386.955331 661.249280 333.007205 664.361671 431.566282 630.125360 487.589337 
637.387608 377.618156 677.848703 323.670029 679.923631 426.378963 641.537464 484.476945 
650.874640 375.543228 692.373199 322.632565 690.298271 426.378963 651.912104 485.514409 
658.136888 377.618156 706.897695 320.557637 701.710375 426.378963 659.174352 480.327089 
668.511527 375.543228 717.272334 320.557637 714.159942 422.229107 663.324207 482.402017 
673.698847 375.543228 730.759366 318.482709 720.384726 426.378963 667.474063 487.589337 
676.811239 381.768012 735.946686 324.707493 726.609510 429.491354 668.511527 491.739193 
678.886167 381.768012 744.246398 326.782421 727.646974 437.791066 670.586455 496.926513 
680.961095 389.030259 747.358790 333.007205 728.684438 445.053314 667.474063 503.151297 
676.811239 392.142651 744.246398 338.194524 728.684438 447.128242 665.399135 505.226225 
674.736311 396.292507 743.208934 342.344380 724.534582 454.390490 657.099424 510.413545 
666.436599 403.554755 739.059078 351.681556 717.272334 463.727666 647.762248 519.750720 
658.136888 410.817003 732.834294 356.868876 710.010086 466.840058 637.387608 529.087896 
646.724784 419.116715 726.609510 363.093660 703.785303 473.064841 627.012968 532.200288 
639.462536 422.229107 720.384726 370.355908 694.448127 480.327089 614.563401 538.425072 
625.975504 428.453890 710.010086 375.543228 687.185879 482.402017 605.226225 543.612392 
616.638329 433.641210 702.747839 379.693084 676.811239 489.664265 592.776657 547.762248 
606.263689 437.791066 694.448127 386.955331 666.436599 495.889049 580.327089 557.099424 
595.889049 442.978386 689.260807 389.030259 661.249280 499.001441 568.914986 562.286744 
587.589337 448.165706 683.036023 391.105187 651.912104 504.188761 561.652738 566.436599 
583.439481 450.240634 676.811239 398.367435 648.799712 508.338617 553.353026 571.623919 
575.139769 456.465418 673.698847 401.479827 641.537464 514.563401 546.090778 573.698847 
570.989914 458.540346 670.586455 407.704611 638.425072 519.750720 539.865994 579.923631 
565.802594 466.840058 667.474063 417.041787 633.237752 527.012968 533.641210 586.148415 
564.765130 475.139769 669.548991 422.229107 636.350144 531.162824 527.416427 594.448127 
558.540346 480.327089 663.324207 430.528818 632.200288 538.425072 524.304035 599.635447 
555.427954 487.589337 667.474063 435.716138 630.125360 543.612392 521.191643 602.747839 
554.390490 484.476945 668.511527 438.828530 628.050432 547.762248 520.154179 600.672911 
555.427954 485.514409 670.586455 439.865994 625.975504 549.837176 518.079251 600.672911 
556.465418 484.476945 674.736311 438.828530 628.050432 547.762248 512.891931 601.710375 
551.278098 480.327089 672.661383 437.791066 625.975504 547.762248 510.817003 598.597983 
546.090778 477.214697 672.661383 435.716138 625.975504 547.762248 504.592219 594.448127 
545.053314 470.989914 671.623919 430.528818 623.900576 540.500000 500.442363 590.298271 
537.791066 463.727666 668.511527 426.378963 620.788184 536.350144 493.180115 580.961095 
533.641210 452.315562 665.399135 422.229107 614.563401 529.087896 486.955331 570.586455 
522.229107 439.865994 660.211816 409.779539 609.376081 522.863112 479.693084 559.174352 
513.929395 430.528818 650.874640 403.554755 603.151297 510.413545 465.168588 550.874640 
502.517291 419.116715 646.724784 394.217579 591.739193 505.226225 452.719020 540.500000 
485.917867 412.891931 638.425072 381.768012 583.439481 493.814121 440.269452 529.087896 
471.393372 400.442363 624.938040 375.543228 568.914986 482.402017 425.744957 514.563401 
455.831412 386.955331 611.451009 366.206052 557.502882 478.252161 413.295389 503.151297 
439.231988 375.543228 593.814121 356.868876 545.053314 466.840058 396.695965 494.851585 
421.595101 366.206052 579.289625 349.606628 529.491354 463.727666 382.171470 484.476945 
407.070605 356.868876 565.802594 344.419308 519.116715 452.315562 365.572046 477.214697 
395.658501 347.531700 560.615274 334.044669 505.629683 449.203170 353.122478 466.840058 
382.171470 340.269452 547.128242 328.857349 498.367435 442.978386 342.747839 458.540346 
367.646974 336.119597 538.828530 322.632565 487.992795 438.828530 332.373199 456.465418 
357.272334 328.857349 530.528818 321.595101 481.768012 433.641210 318.886167 450.240634 
346.897695 327.819885 516.004323 320.557637 471.393372 431.566282 309.548991 448.165706 
335.485591 323.670029 509.779539 318.482709 461.018732 430.528818 300.211816 447.128242 
327.185879 321.595101 503.554755 319.520173 455.831412 431.566282 287.762248 448.165706 
319.923631 323.670029 493.180115 317.445245 449.606628 430.528818 281.537464 448.165706 
312.661383 321.595101 492.142651 318.482709 449.606628 431.566282 279.462536 447.128242 
307.474063 325.744957 492.142651 317.445245 442.344380 437.791066 270.125360 450.240634 
301.249280 323.670029 487.992795 319.520173 439.231988 435.716138 268.050432 448.165706 
300.211816 330.932277 482.805476 323.670029 437.157061 440.903458 267.012968 454.390490 
295.024496 335.082133 482.805476 333.007205 435.082133 445.053314 264.938040 457.502882 
291.912104 342.344380 478.655620 338.194524 437.157061 450.240634 261.825648 463.727666 
291.912104 345.456772 483.842939 342.344380 440.269452 456.465418 260.788184 473.064841 
296.061960 353.756484 482.805476 347.531700 442.344380 461.652738 264.938040 476.177233 
291.912104 358.943804 486.955331 354.793948 444.419308 465.802594 263.900576 484.476945 
295.024496 366.206052 489.030259 361.018732 445.456772 473.064841 262.863112 489.664265 
295.024496 372.430836 491.105187 368.280980 448.569164 484.476945 265.975504 499.001441 
297.099424 386.955331 492.142651 377.618156 453.756484 489.664265 268.050432 508.338617 
299.174352 392.142651 499.404899 384.880403 451.681556 503.151297 273.237752 517.675793 
301.249280 405.629683 502.517291 396.292507 461.018732 510.413545 277.387608 524.938040 
303.324207 412.891931 503.554755 403.554755 461.018732 519.750720 277.387608 536.350144 
303.324207 422.229107 505.629683 414.966859 463.093660 527.012968 276.350144 543.612392 
300.211816 428.453890 502.517291 420.154179 462.056196 536.350144 275.312680 550.874640 
297.099424 435.716138 500.442363 426.378963 457.906340 544.649856 274.275216 559.174352 
290.874640 440.903458 501.479827 431.566282 459.981268 549.837176 270.125360 564.361671 
287.762248 445.053314 500.442363 433.641210 457.906340 553.987032 270.125360 568.511527 
284.649856 447.128242 495.255043 437.791066 452.719020 559.174352 267.012968 572.661383 
281.537464 447.128242 490.067723 437.791066 452.719020 559.174352 263.900576 573.698847 
270.125360 445.053314 485.917867 435.716138 448.569164 560.211816 260.788184 570.586455 
269.087896 440.903458 480.730548 433.641210 447.531700 553.987032 252.488473 568.511527 
262.863112 437.791066 476.580692 429.491354 441.306916 551.912104 249.376081 568.511527 
257.675793 435.716138 474.505764 426.378963 437.157061 557.099424 244.188761 564.361671 
251.451009 428.453890 468.280980 424.304035 436.119597 547.762248 241.076369 557.099424 
252.488473 424.304035 465.168588 419.116715 430.932277 547.762248 232.776657 559.174352 
246.263689 420.154179 461.018732 419.116715 429.894813 544.649856 235.889049 552.949568 
244.188761 417.041787 463.093660 412.891931 430.932277 541.537464 235.889049 547.762248 
242.113833 409.779539 461.018732 409.779539 426.782421 540.500000 225.514409 547.762248 
241.076369 403.554755 457.906340 405.629683 424.707493 534.275216 227.589337 542.574928 
241.076369 398.367435 456.868876 400.442363 425.744957 531.162824 230.701729 534.275216 
236.926513 391.105187 454.793948 394.217579 421.595101 527.012968 226.551873 529.087896 
235.889049 381.768012 453.756484 389.030259 421.595101 521.825648 225.514409 521.825648 
241.076369 377.618156 455.831412 382.805476 421.595101 514.563401 227.589337 510.413545 
239.001441 368.280980 452.719020 375.543228 423.670029 510.413545 229.664265 506.263689 
242.113833 363.093660 457.906340 372.430836 424.707493 501.076369 231.739193 496.926513 
241.076369 354.793948 458.943804 366.206052 426.782421 494.851585 230.701729 489.664265 
243.151297 347.531700 461.018732 361.018732 427.819885 489.664265 233.814121 485.514409 
249.376081 340.269452 461.018732 356.868876 429.894813 484.476945 235.889049 478.252161 
250.413545 336.119597 466.206052 349.606628 433.007205 476.177233 237.963977 470.989914 
250.413545 331.969741 469.318444 344.419308 435.082133 473.064841 244.188761 465.802594 
256.638329 327.819885 470.355908 343.381844 439.231988 470.989914 243.151297 463.727666 
257.675793 324.707493 474.505764 342.344380 444.419308 465.802594 251.451009 459.577810 
262.863112 325.744957 480.730548 341.306916 451.681556 463.727666 253.525937 461.652738 
271.162824 325.744957 487.992795 343.381844 454.793948 467.877522 262.863112 461.652738 
276.350144 331.969741 494.217579 342.344380 461.018732 465.802594 263.900576 463.727666 
278.425072 334.044669 501.479827 347.531700 468.280980 473.064841 268.050432 466.840058 
282.574928 342.344380 507.704611 354.793948 474.505764 470.989914 279.462536 467.877522 
291.912104 347.531700 512.891931 356.868876 477.618156 477.214697 282.574928 477.214697 
293.987032 353.756484 519.116715 363.093660 484.880403 480.327089 287.762248 480.327089 
303.324207 356.868876 528.453890 366.206052 491.105187 484.476945 292.949568 484.476945 
308.511527 363.093660 531.566282 368.280980 500.442363 486.551873 298.136888 489.664265 
311.623919 368.280980 539.865994 372.430836 503.554755 487.589337 304.361671 493.814121 
317.848703 372.430836 546.090778 372.430836 510.817003 486.551873 311.623919 493.814121 
324.073487 379.693084 553.353026 377.618156 512.891931 491.739193 313.698847 496.926513 
329.260807 379.693084 558.540346 377.618156 519.116715 493.814121 316.811239 501.076369 
333.410663 382.805476 561.652738 379.693084 522.229107 493.814121 321.998559 499.001441 
335.485591 384.880403 563.727666 381.768012 526.378963 489.664265 324.073487 501.076369 
335.485591 386.955331 566.840058 381.768012 529.491354 489.664265 326.148415 501.076369 
341.710375 384.880403 568.914986 377.618156 532.603746 485.514409 330.298271 499.001441 
339.635447 384.880403 574.102305 375.543228 532.603746 482.402017 326.148415 499.001441 
339.635447 382.805476 570.989914 375.543228 530.528818 477.214697 329.260807 493.814121 
340.672911 381.768012 572.027378 370.355908 531.566282 476.177233 328.223343 489.664265 
337.560519 381.768012 569.952450 370.355908 529.491354 473.064841 329.260807 489.664265 
336.523055 379.693084 569.952450 368.280980 530.528818 473.064841 329.260807 487.589337 
336.523055 379.693084 568.914986 366.206052 529.491354 467.877522 325.110951 485.514409 
338.597983 377.618156 568.914986 366.206052 529.491354 465.802594 327.185879 486.551873 
337.560519 381.768012 572.027378 363.093660 528.453890 467.877522 327.185879 485.514409 
341.710375 384.880403 567.877522 368.280980 529.491354 465.802594 330.298271 487.589337 
339.635447 382.805476 568.914986 366.206052 530.528818 466.840058 327.185879 491.739193 
336.523055 389.030259 572.027378 370.355908 532.603746 466.840058 329.260807 491.739193 
341.710375 391.105187 573.064841 370.355908 530.528818 468.914986 328.223343 493.814121 
341.710375 396.292507 577.214697 372.430836 533.641210 468.914986 332.373199 494.851585 
345.860231 398.367435 579.289625 372.430836 534.678674 470.989914 332.373199 494.851585 
348.972622 400.442363 581.364553 375.543228 538.828530 470.989914 336.523055 499.001441 
351.047550 403.554755 585.514409 379.693084 538.828530 475.139769 337.560519 501.076369 
355.197406 407.704611 589.664265 381.768012 542.978386 478.252161 339.635447 504.188761 
357.272334 412.891931 589.664265 384.880403 544.015850 478.252161 342.747839 505.226225 
362.459654 410.817003 593.814121 384.880403 547.128242 478.252161 347.935159 503.151297 
366.609510 414.966859 597.963977 389.030259 550.240634 477.214697 348.972622 505.226225 
366.609510 417.041787 601.076369 386.955331 551.278098 478.252161 350.010086 508.338617 
369.721902 417.041787 603.151297 389.030259 555.427954 478.252161 353.122478 506.263689 
370.759366 417.041787 605.226225 386.955331 553.353026 480.327089 353.122478 508.338617 
372.834294 419.116715 605.226225 392.142651 554.390490 476.177233 351.047550 508.338617 
373.871758 421.191643 608.338617 391.105187 558.540346 476.177233 355.197406 506.263689 
376.984150 420.154179 607.301153 391.105187 557.502882 475.139769 355.197406 506.263689 
374.909222 419.116715 607.301153 391.105187 555.427954 475.139769 353.122478 503.151297 
375.946686 417.041787 608.338617 386.955331 553.353026 473.064841 352.085014 503.151297 
373.871758 412.891931 609.376081 384.880403 555.427954 467.877522 350.010086 501.076369 
373.871758 409.779539 602.113833 381.768012 554.390490 463.727666 351.047550 493.814121 
374.909222 405.629683 603.151297 377.618156 550.240634 457.502882 350.010086 489.664265 
373.871758 401.479827 603.151297 372.430836 551.278098 456.465418 348.972622 482.402017 
372.834294 396.292507 599.001441 368.280980 550.240634 447.128242 347.935159 478.252161 
369.721902 386.955331 599.001441 361.018732 547.128242 442.978386 342.747839 473.064841 
369.721902 384.880403 601.076369 353.756484 545.053314 435.716138 344.822767 463.727666 
367.646974 377.618156 599.001441 351.681556 542.978386 433.641210 339.635447 461.652738 
363.497118 375.543228 595.889049 347.531700 542.978386 426.378963 341.710375 454.390490 
370.759366 368.280980 592.776657 342.344380 537.791066 420.154179 341.710375 448.165706 
364.534582 366.206052 596.926513 336.119597 533.641210 419.116715 337.560519 442.978386 
366.609510 358.943804 593.814121 333.007205 533.641210 412.891931 335.485591 438.828530 
362.459654 356.868876 591.739193 328.857349 530.528818 409.779539 335.485591 435.716138 
363.497118 353.756484 588.626801 327.819885 531.566282 403.554755 331.335735 430.528818 
359.347262 349.606628 588.626801 322.632565 528.453890 398.367435 328.223343 429.491354 
357.272334 347.531700 586.551873 320.557637 525.341499 400.442363 327.185879 424.304035 
359.347262 345.456772 582.402017 318.482709 525.341499 396.292507 325.110951 421.191643 
354.159942 342.344380 580.327089 316.407781 524.304035 392.142651 321.998559 420.154179 
353.122478 343.381844 579.289625 318.482709 517.041787 398.367435 323.036023 421.191643 
353.122478 343.381844 579.289625 318.482709 522.229107 394.217579 323.036023 421.191643 
352.085014 344.419308 575.139769 320.557637 521.191643 394.217579 320.961095 422.229107 
352.085014 349.606628 573.064841 325.744957 520.154179 394.217579 320.961095 424.304035 
348.972622 349.606628 576.177233 324.707493 518.079251 400.442363 320.961095 426.378963 
348.972622 353.756484 570.989914 330.932277 516.004323 403.554755 316.811239 428.453890 
348.972622 358.943804 570.989914 335.082133 512.891931 409.779539 315.773775 433.641210 
346.897695 363.093660 573.064841 341.306916 514.966859 409.779539 316.811239 437.791066 
348.972622 370.355908 570.989914 344.419308 509.779539 417.041787 314.736311 440.903458 
340.672911 375.543228 568.914986 349.606628 507.704611 426.378963 314.736311 449.203170 
344.822767 381.768012 568.914986 358.943804 508.742075 428.453890 311.623919 456.465418 
344.822767 394.217579 570.989914 368.280980 508.742075 435.716138 311.623919 463.727666 
343.785303 403.554755 562.690202 377.618156 505.629683 449.203170 310.586455 477.214697 
344.822767 424.304035 567.877522 396.292507 507.704611 468.914986 309.548991 501.076369 
347.935159 454.390490 567.877522 420.154179 508.742075 495.889049 315.773775 524.938040 
353.122478 484.476945 573.064841 449.203170 518.079251 521.825648 319.923631 562.286744 
359.347262 517.675793 576.177233 482.402017 523.266571 559.174352 328.223343 598.597983 
362.459654 552.949568 580.327089 510.413545 528.453890 585.110951 337.560519 629.721902 
368.684438 584.073487 595.889049 532.200288 536.753602 619.347262 342.747839 667.070605 
373.871758 614.159942 593.814121 563.324207 540.903458 648.396254 345.860231 700.269452 
376.506916 640.038067 600.862403 578.850207 548.325200 671.916109 358.105794 728.698021 
386.876970 662.469244 604.350063 598.275379 556.532351 693.910802 364.570582 747.233516 
391.459406 682.136735 613.793002 606.281743 565.432148 711.341529 384.943710 753.809397 
0.000000 0.000000 0.000000 0.000000 0.000000 0.000000 0.000000 0.000000 
0.000000 0.000000 0.000000 0.000000 0.000000 0.000000 0.000000 0.000000 
0.000000 0.000000 0.000000 0.000000 0.000000 0.000000 0.000000 0.000000 
0.000000 0.000000 0.000000 0.000000 0.000000 0.000000 0.000000 0.000000 
0.000000 0.000000 0.000000 0.000000 0.000000 0.000000 0.000000 0.000000 
0.000000 0.000000 0.000000 0.000000 0.000000 0.000000 0.000000 0.000000 
419.176028 693.725670 625.307538 590.070968 610.433212 713.122205 427.257404 823.027690 
420.221871 687.712335 622.800062 582.227833 615.485591 705.110951 439.173540 810.898182 
422.276068 680.947564 619.096240 576.207004 614.637212 704.032481 440.269452 800.903458 
422.750622 682.688619 615.349019 573.148280 618.086455 703.176513 440.041716 792.198882 
422.826148 681.548734 618.432182 565.729371 621.069942 698.936270 457.040475 795.596491 
429.279736 677.482252 613.610718 565.612414 621.351712 698.757522 453.385359 798.010368 
428.368069 675.223852 610.369106 560.538266 618.694927 693.751393 459.990349 796.442590 
426.095293 669.334245 606.790379 554.937356 619.293832 689.696800 460.837698 790.932663 
422.811138 663.077199 598.345986 546.914431 618.113833 681.994717 461.376478 786.486286 
417.474315 653.990745 595.669076 533.930445 608.361714 673.549462 456.429863 782.544051 
412.581520 637.626240 583.521029 526.199005 605.426832 660.554598 452.052134 766.563580 
407.971684 618.368696 574.415502 507.829672 600.908359 640.293954 450.035279 752.571594 
401.645179 600.474822 564.374444 485.607105 593.295154 618.379454 447.223007 731.846211 
391.508646 572.661383 554.390490 456.465418 584.476945 592.373199 440.269452 708.569164 
386.321326 529.087896 545.053314 419.116715 578.252161 557.099424 430.932277 668.108069 
373.871758 491.739193 531.566282 384.880403 568.914986 513.525937 428.857349 628.684438 
363.497118 450.240634 522.229107 340.269452 563.727666 473.064841 423.670029 583.036023 
358.309798 400.442363 510.817003 297.733429 552.315562 435.716138 414.332853 540.500000 
348.972622 361.018732 499.404899 253.122478 542.978386 384.880403 415.370317 493.814121 
342.747839 315.370317 487.992795 208.511527 538.828530 347.531700 406.033141 452.315562 
339.635447 275.946686 481.768012 171.162824 530.528818 306.033141 406.033141 412.891931 
332.373199 245.860231 474.505764 140.038905 525.341499 275.946686 406.033141 381.768012 
327.185879 221.998559 470.355908 115.139769 524.304035 252.085014 401.883285 358.943804 
328.223343 206.436599 462.056196 101.652738 519.116715 240.672911 398.770893 345.456772 
331.335735 218.886167 459.981268 113.064841 517.041787 252.085014 399.808357 353.756484 
328.223343 245.860231 455.831412 140.038905 514.966859 268.684438 398.770893 377.618156 
331.335735 279.059078 454.793948 177.387608 510.817003 310.182997 398.770893 407.704611 
332.373199 317.445245 455.831412 215.773775 504.592219 340.269452 396.695965 440.903458 
335.485591 345.456772 452.719020 252.085014 503.554755 373.468300 394.621037 470.989914 
326.148415 372.430836 449.606628 273.871758 497.329971 396.292507 389.433718 495.889049 
325.110951 386.955331 444.419308 294.621037 493.180115 414.966859 386.321326 514.563401 
326.148415 394.217579 445.456772 301.883285 490.067723 421.191643 384.246398 517.675793 
334.448127 389.030259 446.494236 302.920749 491.105187 422.229107 386.321326 513.525937 

