587.437115 186.450364 700.079530 184.521586 698.995150 240.096085 586.761771 241.451561 
589.536874 186.682536 701.844290 184.741331 700.403505 239.971407 588.801241 240.631271 
591.389449 185.738863 704.250910 183.817817 702.329864 239.528155 590.551767 240.666774 
594.145848 185.153272 706.285825 182.992988 704.700962 237.934908 592.955116 239.133081 
596.813481 184.047208 707.884540 182.391494 707.357937 238.171348 594.898867 238.114624 
597.500849 182.656943 710.439888 180.852805 710.079061 237.141910 596.668997 237.280390 
600.124187 180.613601 714.255232 179.800316 712.086471 236.188100 599.039807 236.188100 
602.507705 179.615797 717.250882 178.533314 715.807572 235.544075 600.342740 235.183247 
604.676774 178.738322 719.920240 178.833117 717.518932 235.023717 603.362541 233.990058 
607.448006 177.749651 722.859111 178.965881 719.497281 235.156481 604.954271 233.846225 
610.574926 177.698866 725.837695 178.572069 722.781485 234.020446 607.104511 231.946986 
613.595466 176.892139 728.699471 178.876691 723.936546 234.444141 609.719901 231.852354 
616.696066 176.937455 732.633157 179.794614 729.352906 236.870980 611.919923 232.278628 
619.436969 176.879931 736.135623 180.791180 731.561236 237.178940 614.828352 232.996621 
622.600636 177.862544 739.579379 182.976369 733.653309 240.196528 616.984956 233.898209 
625.348866 178.977281 743.689165 185.165009 738.274903 242.401494 620.578366 233.222619 
629.508454 179.861595 747.593961 187.218001 741.254509 245.329647 622.215737 235.193434 
632.232217 180.100869 751.305325 189.229807 743.764028 248.369451 625.484741 236.859050 
636.191187 181.693657 756.365723 192.241550 746.760492 250.746137 627.726380 237.313705 
640.354505 182.051407 760.510096 194.680373 750.767751 254.216927 631.041776 239.023674 
645.579525 182.854049 764.972543 199.759256 753.878502 257.870902 634.843279 241.143795 
650.413829 185.000031 769.806847 202.961813 759.241177 262.128839 637.986957 242.528369 
655.729178 187.297809 774.802286 206.746417 763.688796 267.076792 642.712720 244.698428 
660.915990 189.469921 780.902498 212.034911 766.931253 271.412701 645.368819 246.675133 
665.724913 192.022491 786.368382 217.605403 771.672528 277.162286 649.531142 249.323529 
671.228338 195.799058 790.614077 224.178041 773.943842 282.920775 653.311600 252.094002 
677.692285 199.863782 796.241788 230.099134 777.511588 288.691041 658.052582 255.152631 
684.616649 202.946947 801.330944 236.711150 781.649438 295.159258 663.253979 257.229701 
689.100543 206.033515 806.764619 244.454438 786.113373 302.085822 667.534544 260.981732 
695.245826 210.930040 811.997406 252.664768 789.809323 310.776414 671.074872 266.345617 
701.302372 217.798790 817.536598 260.055215 794.044729 315.502973 674.770804 269.063260 
707.741695 223.876683 823.083999 269.164326 795.141510 326.359109 679.487161 274.135059 
713.587676 231.078563 827.061847 278.970940 802.758328 333.325621 683.861901 278.991232 
718.393970 236.810194 831.910333 291.385369 802.827485 343.589689 688.268473 285.272949 
722.914767 241.752902 837.066038 301.029934 804.033751 355.592829 690.307763 293.516575 
730.129270 251.403257 839.820860 311.300639 808.204245 363.912008 693.685682 299.754155 
735.058256 258.894152 842.898801 323.947760 806.553594 377.001923 697.073934 305.173900 
740.109253 266.545860 845.291332 334.536485 808.099879 386.255850 702.163799 310.591820 
742.987532 271.665671 849.792502 346.356985 811.183948 398.316159 703.418082 317.502147 
746.691415 276.670243 854.379267 356.440772 811.587964 407.156390 705.930426 324.215223 
752.036353 283.035420 857.491688 366.784279 812.745720 416.179178 707.563641 329.592826 
757.173674 288.088858 859.887923 376.298130 813.926894 423.844022 712.495657 332.978540 
762.740511 293.813511 862.365012 386.293625 814.686155 431.769630 715.905089 337.473650 
768.180522 298.811718 866.129735 395.251404 815.477638 440.391609 719.145963 341.950481 
774.317016 304.136277 869.242390 403.983707 817.140943 448.673013 722.986999 345.622181 
778.892537 309.373515 870.669425 412.934047 818.200851 454.771375 726.110703 348.098740 
784.786439 314.126618 874.115085 420.744679 819.719511 462.024349 731.294923 351.469265 
791.009402 317.613906 876.614734 428.655631 819.031376 467.748920 734.648131 354.129659 
798.396849 321.341140 880.597475 436.927452 822.608948 473.989312 741.035608 356.171975 
803.310521 326.058242 883.717993 443.648789 823.925606 479.773356 744.042600 358.206913 
808.968342 330.772072 885.360487 450.346597 823.442470 484.480888 749.629616 360.239641 
816.009093 333.086096 887.327931 456.705416 825.518272 488.930965 755.256009 361.085344 
822.995301 336.639089 890.761522 463.801930 827.419828 494.019986 761.172552 362.687666 
830.137143 339.837390 894.588241 470.324450 828.023992 498.323697 766.208735 363.699752 
836.863481 343.501383 896.908871 478.387801 830.153979 502.723789 771.373272 365.728363 
843.775368 347.692502 898.981432 484.254870 830.409690 508.080645 776.962580 367.427647 
849.854049 352.252956 902.202556 492.009063 830.643587 512.180048 783.232559 369.750476 
857.458190 356.182489 903.682377 499.566357 831.542424 516.608989 789.781173 371.302045 
864.139832 361.091217 905.978691 506.989108 833.141133 521.760531 796.087799 373.682832 
871.110499 366.358479 907.386618 514.378358 832.898054 526.000687 801.918967 375.806342 
877.160596 372.721835 908.440800 521.986718 833.408590 531.582295 805.571837 380.103253 
884.480852 378.492799 909.468860 532.488661 834.276745 537.188441 812.422411 384.303964 
889.192120 386.317691 910.075703 541.010892 832.729102 544.104756 818.927424 388.593713 
896.766928 394.374681 910.805336 549.733064 832.190251 549.733064 825.997844 393.049519 
901.026649 400.518977 910.688308 559.176978 832.818703 556.852512 827.546634 398.597931 
905.272582 409.743143 909.527019 568.213205 831.477267 563.291148 833.570738 405.345148 
911.103171 419.645589 906.628574 578.813387 828.003517 571.142650 836.219126 410.844109 
912.074376 430.212221 905.170315 587.576867 824.683443 576.346141 837.540378 418.258656 
912.873604 440.804146 898.951216 597.044280 816.963819 583.895358 836.960468 426.340011 
910.739734 451.797051 889.005978 609.047165 809.741693 589.870321 835.310817 433.259435 
904.691138 462.573266 874.836123 621.113687 800.713329 598.465056 832.307618 440.711893 
894.365418 476.275683 860.392471 628.639205 786.269676 607.020057 824.892260 451.601969 
882.166052 487.435286 842.367168 641.162237 769.952377 616.120693 814.388452 462.492046 
866.503778 499.285991 816.703590 649.613938 749.787178 620.788407 803.416698 469.451368 
851.330450 510.915225 794.029412 660.396194 728.008651 625.517301 790.292388 476.036332 
831.864873 515.170696 770.050172 666.652881 703.434885 631.632432 769.586635 481.748836 
815.205882 525.863322 741.711073 674.098616 671.953287 631.745675 749.185121 483.510381 
794.029412 529.600346 714.306228 675.344291 645.794118 631.745675 729.254325 486.001730 
767.870242 532.091696 680.673010 674.098616 619.634948 629.254325 711.814879 489.738754 
750.430796 532.091696 659.496540 679.081315 593.475779 624.271626 693.129758 482.264706 
732.991349 532.091696 633.337370 675.344291 569.807958 620.534602 674.444637 479.773356 
715.551903 532.091696 613.406574 670.361592 549.877163 615.551903 659.496540 478.527682 
701.849481 529.600346 592.230104 669.115917 532.437716 609.323529 645.794118 473.544983 
685.655709 527.108997 574.790657 666.624567 519.980969 605.586505 632.091696 471.053633 
679.427336 523.371972 563.579585 661.641869 502.541522 600.603806 624.617647 466.070934 
671.953287 518.389273 553.614187 657.904844 496.313149 594.375433 618.389273 459.842561 
666.970588 513.406574 552.368512 651.676471 487.593426 588.147059 610.915225 456.105536 
668.216263 504.686851 549.877163 646.693772 487.593426 584.410035 613.406574 449.877163 
671.953287 502.195502 554.859862 644.202422 492.576125 583.164360 614.652249 441.157439 
676.935986 493.475779 566.070934 640.465398 500.050173 583.164360 619.634948 437.420415 
689.392734 489.738754 584.756055 642.956747 511.261246 585.655709 627.108997 434.929066 
703.095156 488.493080 607.178201 649.185121 536.174740 596.866782 640.811419 434.929066 
720.534602 484.756055 637.074394 651.676471 562.333910 606.832180 654.513841 439.911765 
744.202422 483.510381 675.690311 656.659170 598.458478 619.288927 676.935986 443.648789 
771.607266 477.282007 715.551903 655.413495 633.337370 623.025952 698.112457 443.648789 
799.012111 466.070934 764.133218 651.676471 684.410035 629.254325 726.762976 441.157439 
830.153979 451.122837 810.223183 644.202422 718.043253 625.517301 744.202422 431.192042 
845.102076 434.929066 842.610727 631.745675 750.430796 621.780277 757.904844 422.472318 
853.798506 418.956613 867.524221 615.551903 772.852941 615.551903 762.761557 413.851737 
854.467691 402.139991 882.472318 600.603806 785.309689 605.586505 762.425236 403.686923 
847.554557 386.380554 891.642119 582.067454 794.958868 595.216376 756.766853 395.832498 
835.323227 370.300298 896.427042 563.666800 799.492412 582.829419 750.241966 386.543084 
825.171280 353.960208 899.911765 545.794118 803.994810 571.953287 737.974048 375.136678 
815.205882 340.257785 903.648789 527.108997 808.977509 559.496540 726.762976 370.153979 
803.994810 325.309689 905.308832 503.124612 815.205882 547.039792 716.913396 364.144372 
794.029412 311.607266 911.122837 478.527682 826.416955 532.091696 709.323529 355.205882 
785.309689 292.922145 918.846531 453.029959 840.605803 511.710504 706.832180 343.994810 
776.589965 275.482699 922.411354 421.659730 848.839100 484.756055 700.603806 331.538062 
767.870242 255.551903 927.316609 387.593426 860.050173 459.842561 695.417523 320.596870 
757.910825 231.657193 931.476597 351.621771 868.516464 432.448969 691.547441 304.827077 
749.950715 209.291143 937.220638 316.675999 879.980969 401.295848 689.392734 286.693772 
742.646967 187.659354 939.463576 279.839285 888.891385 369.018507 688.610097 266.070182 
735.983165 165.916430 946.001730 248.077855 899.911765 340.257785 688.147059 251.814879 
732.991349 147.178201 949.132741 216.654900 906.140138 315.344291 689.392734 235.621107 
729.554469 128.704758 953.475779 190.776817 912.368512 295.413495 689.392734 224.410035 
724.271626 116.036332 951.017884 166.102676 917.351211 272.991349 688.147059 214.444637 
717.808203 106.302466 948.493080 144.686851 921.088235 254.306228 685.655709 208.216263 
707.197311 99.310283 944.756055 124.756055 922.333910 240.603806 683.164360 204.479239 
698.112457 96.105536 939.773356 108.562284 921.088235 224.410035 676.935986 203.233564 
685.908709 94.945953 931.053633 94.859862 921.088235 211.953287 671.953287 204.479239 
676.935986 97.351211 923.579585 84.894464 917.351211 204.479239 668.216263 208.216263 
666.550135 104.357078 912.368512 78.666090 913.614187 200.742215 663.233564 215.690311 
656.267034 112.692710 904.894464 73.683391 911.122837 193.268166 659.496540 218.181661 
649.366366 124.505938 894.929066 72.437716 909.877163 194.513841 657.005190 234.375433 
644.548443 134.721453 888.700692 71.192042 904.894464 190.776817 653.268166 245.586505 
637.074394 148.423875 883.717993 74.929066 906.140138 194.513841 653.268166 256.797578 
633.337370 160.880623 877.489619 74.929066 906.140138 195.759516 654.513841 271.745675 
628.277700 171.362401 868.769896 77.420415 906.140138 195.759516 654.513841 281.711073 
624.617647 180.811419 861.295848 76.174740 903.648789 197.005190 654.513841 292.922145 
615.897924 189.531142 853.821799 74.929066 901.157439 194.513841 650.522954 299.764231 
608.561564 196.634687 842.610727 72.437716 892.787640 187.974048 648.549757 305.538701 
600.949827 201.987889 831.399654 68.700692 887.455017 184.548443 645.794118 311.607266 
593.475779 206.970588 818.942907 64.963668 877.489619 179.565744 640.811419 315.344291 
586.602338 213.751845 807.731834 63.717993 871.261246 175.828720 635.828720 321.572664 
578.527682 218.181661 796.520761 58.735294 860.050173 170.846021 632.091696 325.309689 
571.053633 223.164360 782.599701 58.993367 853.821799 165.863322 627.108997 329.046713 
562.333910 229.392734 774.915415 57.284424 848.839100 164.617647 622.126298 334.029412 
557.351211 233.129758 767.870242 54.998270 845.102076 165.863322 618.389273 337.766436 
553.982950 238.019056 764.133218 57.489619 842.610727 167.108997 615.897924 343.994810 
549.877163 245.586505 759.150519 58.735294 840.119377 169.600346 614.652249 348.977509 
550.070457 250.439937 762.887543 62.472318 840.119377 172.091696 614.652249 356.451557 
549.877163 254.306228 764.133218 66.209343 843.856401 177.074394 614.652249 361.434256 
553.614187 259.288927 767.870242 68.700692 848.839100 179.565744 618.389273 367.662630 
557.351211 264.271626 772.852941 71.192042 853.821799 182.057093 623.371972 370.153979 
563.579585 264.271626 784.064014 72.437716 866.278547 187.039792 628.354671 375.136678 
573.907872 265.715478 790.292388 72.437716 876.243945 187.039792 639.565744 377.628028 
583.651935 267.357504 801.078799 73.711703 886.209343 184.548443 649.531142 373.891003 
592.230104 269.254325 810.223183 68.700692 894.929066 184.548443 658.250865 376.382353 
600.949827 268.008651 818.942907 64.963668 908.631488 184.548443 666.970588 380.119377 
605.932526 266.762976 827.662630 64.963668 919.842561 182.057093 674.444637 380.119377 
610.915225 266.762976 839.494903 55.045766 928.562284 175.828720 676.935986 380.119377 
614.652249 264.271626 843.856401 52.506920 934.790657 174.583045 679.427336 380.119377 
614.632358 260.364036 848.839100 50.015571 936.505923 172.221553 679.427336 377.628028 
611.816089 259.232707 847.593426 50.015571 937.282007 173.337370 674.444637 376.382353 
605.932526 255.551903 850.084775 51.261246 934.772643 179.300653 668.216263 377.628028 
602.195502 254.306228 845.102076 52.506920 932.299308 184.548443 658.250865 377.628028 
592.230104 253.060554 847.593426 59.980969 926.070934 194.513841 645.794118 381.365052 
582.066532 255.240485 847.593426 68.700692 921.088235 204.479239 633.337370 381.365052 
571.053633 255.551903 842.610727 81.157439 912.368512 221.918685 615.897924 386.347751 
562.162401 260.112283 842.610727 96.105536 903.648789 240.603806 598.458478 392.576125 
552.368512 259.288927 835.136678 111.053633 884.963668 259.288927 579.773356 398.804498 
539.911765 264.271626 826.416955 133.475779 873.752595 282.956747 558.596886 405.032872 
519.980969 271.745675 827.894154 148.989181 865.329909 305.538701 532.437716 410.015571 
508.849782 275.480589 823.925606 174.583045 856.313149 330.292388 514.998270 419.980969 
498.929681 284.920955 821.813067 190.395674 843.856401 351.468858 500.050173 422.472318 
491.330450 286.693772 818.942907 209.461938 833.891003 372.645329 483.856401 431.192042 
482.610727 290.430796 815.267366 231.745251 822.679931 388.839100 467.662630 436.174740 
479.073049 295.122696 810.889966 248.714735 816.451557 408.769896 457.697232 439.911765 
481.241845 299.894434 815.205882 261.780277 815.941681 424.352146 453.818959 446.149825 
486.082656 307.000566 821.434256 275.482699 816.451557 433.683391 453.960208 451.122837 
492.576125 313.788835 827.662630 288.875340 823.925606 449.567382 458.942907 458.287105 
507.786974 319.753995 840.119377 299.150519 833.891003 459.842561 468.908304 462.333910 
517.489619 326.555363 847.593426 306.624567 842.610727 471.053633 480.119377 471.053633 
530.363797 335.262598 865.032872 315.344291 856.313149 476.036332 491.330450 478.527682 
544.590057 346.855603 874.998270 321.572664 868.769896 483.510381 506.278547 484.756055 
553.345102 355.567428 894.929066 326.555363 884.963668 493.475779 517.489619 494.721453 
562.333910 365.171280 906.140138 330.292388 901.157439 499.704152 527.455017 507.178201 
572.864819 370.307968 917.351211 332.783737 912.368512 499.704152 537.420415 513.406574 
579.773356 375.136678 927.316609 330.292388 926.070934 497.212803 549.877163 517.143599 
594.513142 376.217928 938.527682 327.801038 934.790657 498.458478 563.579585 519.634948 
596.282733 379.309525 943.510381 324.064014 943.510381 493.475779 567.316609 523.371972 
602.195502 380.119377 946.001730 317.835640 947.247405 487.247405 574.790657 523.371972 
609.642180 376.778007 955.922912 312.201330 958.458478 482.264706 578.527682 523.371972 
612.301986 373.096198 958.458478 305.378893 963.441176 476.036332 583.510381 514.652249 
615.897924 368.908304 964.686851 299.150519 965.932526 468.562284 584.756055 515.897924 
621.387637 363.682035 965.932526 292.922145 964.686851 463.579585 589.738754 509.669550 
624.617647 358.942907 970.915225 286.693772 969.669550 458.596886 593.475779 503.441176 
628.244081 353.451408 975.897924 277.974048 974.652249 449.877163 593.475779 499.704152 
629.602920 346.282835 980.880623 270.500000 973.406574 444.894464 597.212803 490.984429 
630.072555 337.766436 978.861482 261.780277 975.124458 436.174740 596.439337 483.510381 
629.631731 332.289136 979.634948 253.060554 974.652249 423.717993 593.475779 474.790657 
628.354671 324.064014 979.634948 245.586505 972.160900 414.998270 595.967128 466.070934 
626.989901 317.708124 975.897924 235.621107 972.160900 407.524221 592.230104 463.579585 
626.315121 310.860190 979.634948 225.655709 969.669550 396.313149 589.738754 454.859862 
625.468460 303.343494 976.727909 216.984932 969.921408 387.147453 587.906547 450.958399 
622.757794 296.389397 973.406574 206.970588 969.669550 380.119377 588.493080 442.403114 
619.634948 290.430796 974.652249 195.759516 965.932526 370.153979 584.756055 436.174740 
617.354127 285.808215 967.178201 187.039792 960.949827 358.942907 584.756055 429.946367 
614.407756 281.466572 962.195502 179.565744 953.475779 353.960208 579.773356 426.209343 
609.332401 276.761833 958.458478 173.337370 952.230104 348.977509 579.773356 422.472318 
607.178201 272.991349 954.721453 167.108997 949.727290 340.119036 576.036332 418.735294 
603.573414 269.274253 948.493080 158.389273 946.001730 331.538062 574.790657 414.998270 
600.949827 266.762976 946.001730 150.915225 941.019031 324.064014 572.299308 407.524221 
597.763531 262.547956 939.773356 144.686851 938.088574 316.690576 572.299308 406.278547 
593.475779 259.288927 932.299308 137.212803 932.743616 309.577082 566.070934 407.524221 
589.942553 257.206331 929.807958 132.230104 929.807958 305.378893 563.579585 405.032872 
588.493080 259.288927 927.316609 129.738754 925.513846 302.807758 563.579585 401.295848 
585.349689 260.342932 921.088235 128.493080 921.088235 305.378893 562.333910 406.278547 
583.510381 264.271626 913.614187 130.984429 919.842561 305.378893 561.088235 410.015571 
584.051611 271.159313 911.122837 134.721453 917.351211 306.624567 562.333910 418.735294 
583.510381 277.974048 907.838453 139.049990 913.614187 310.361592 563.579585 419.980969 
584.756055 286.693772 904.894464 142.195502 912.368512 317.835640 567.316609 429.946367 
587.695458 294.609329 904.894464 147.178201 917.351211 324.064014 574.790657 438.666090 
592.230104 302.887543 903.648789 150.915225 918.596886 324.064014 581.019031 449.877163 
599.007305 312.939532 906.140138 155.897924 921.088235 330.292388 592.230104 456.105536 
606.083899 318.501765 909.877163 155.897924 922.333910 332.783737 598.458478 467.316609 
613.307143 323.840098 909.877163 157.143599 931.053633 331.538062 604.686851 472.299308 
619.634948 329.046713 912.368512 153.406574 937.282007 327.801038 615.897924 478.527682 
630.773618 331.991115 918.596886 148.423875 943.510381 324.064014 633.337370 476.036332 
647.637851 334.016584 919.842561 145.932526 952.230104 317.835640 654.513841 474.790657 
663.233564 331.538062 929.807958 140.949827 965.034766 310.393179 670.707612 472.299308 
675.114427 328.855045 937.282007 128.493080 975.897924 301.641869 688.086508 474.274150 
683.164360 324.064014 938.527682 114.790657 979.634948 286.693772 694.375433 471.053633 
686.870022 313.286444 938.527682 97.351211 979.634948 271.745675 700.603806 457.351211 
684.473767 296.891353 929.807958 81.157439 974.652249 251.814879 701.849481 441.157439 
679.468412 286.657947 914.859862 66.209343 960.949827 240.603806 696.866782 431.192042 
672.399111 276.001304 901.157439 50.015571 952.230104 225.655709 691.884083 417.489619 
664.448445 267.737113 893.683391 40.050173 939.773356 213.198962 685.655709 411.261246 
659.709583 261.146375 878.735294 32.576125 930.057749 204.675623 680.673010 405.032872 
653.268166 256.797578 868.769896 25.102076 919.842561 199.496540 680.673010 402.541522 
649.597076 254.506237 856.112500 20.146037 910.868059 190.548995 676.935986 398.804498 
644.765492 250.407061 845.102076 12.645329 902.403114 185.794118 675.690311 393.821799 
639.565744 248.077855 833.891003 5.171280 894.929066 177.074394 676.935986 387.593426 
637.124089 241.726645 818.942907 0.500000 884.963668 164.617647 671.953287 382.610727 
631.575851 236.636252 807.947418 -12.101511 877.599326 159.126097 670.026891 377.623397 
625.064458 230.630347 796.571896 -21.554935 865.884877 147.876796 670.707743 368.986555 
620.016052 224.097926 783.037116 -24.531369 854.552653 138.321947 665.922276 364.685738 
612.299418 224.228190 765.415460 -33.050930 844.696619 131.578824 666.718334 358.843403 
607.501896 222.105086 749.994676 -30.978009 833.404139 126.904190 662.433369 359.433768 
601.799149 225.097057 733.634706 -35.203261 823.292879 124.775048 658.935939 359.386844 
594.956741 227.718670 720.651317 -26.020845 814.872077 123.311290 657.300822 361.758445 
589.568380 233.081083 704.605653 -22.202249 802.822286 123.538561 656.416558 361.780609 
583.522096 236.729416 694.159565 -18.156905 793.225397 127.690014 653.901728 362.128880 
579.545441 244.376197 681.936972 -17.746123 782.137153 129.238701 653.106975 366.978753 
573.789710 246.618200 669.042457 -8.381340 771.612386 128.649101 649.314617 369.168047 
566.561711 252.084902 658.008721 -9.497017 761.213506 136.709762 643.697722 375.793598 
558.596886 259.288927 639.565744 2.679931 750.430796 140.949827 640.811419 376.382353 
549.877163 264.271626 624.617647 6.416955 737.974048 142.195502 633.337370 380.119377 
541.157439 271.745675 609.669550 12.645329 723.025952 143.441176 627.108997 381.365052 
530.756229 274.367156 595.967128 21.365052 706.832180 143.441176 615.897924 380.119377 
522.472318 281.711073 576.036332 33.821799 691.884083 147.178201 605.932526 380.119377 
510.015571 286.693772 561.088235 35.067474 676.935986 150.915225 597.212803 385.102076 
496.741558 288.439914 547.971197 41.362793 665.209353 158.194801 588.493080 391.330450 
485.102076 294.167820 534.929066 45.032872 653.268166 165.863322 578.527682 391.330450 
476.382353 296.659170 523.717993 51.261246 641.594800 171.292861 567.316609 398.804498 
470.153979 300.396194 514.998270 57.489619 633.337370 173.337370 561.088235 398.804498 
461.915538 305.180718 506.278547 64.963668 622.126298 177.074394 552.368512 401.295848 
456.451557 309.115917 497.558824 69.946367 615.897924 184.548443 546.140138 405.032872 
450.223183 312.852941 488.839100 78.666090 607.178201 190.776817 541.157439 405.032872 
441.503460 319.081315 482.610727 89.877163 602.195502 198.250865 536.174740 410.015571 
436.520761 324.064014 473.891003 91.122837 592.230104 199.496540 528.700692 414.998270 
430.292388 327.801038 465.171280 97.351211 584.756055 204.479239 523.717993 418.735294 
424.064014 329.046713 462.679931 99.842561 581.019031 209.461938 518.735294 419.980969 
422.818339 331.538062 460.188581 103.579585 578.527682 213.198962 514.998270 423.717993 
421.225213 332.137737 456.451557 102.333910 574.790657 211.953287 514.998270 423.717993 
420.895780 329.543440 460.188581 104.825260 578.527682 216.935986 513.752595 423.717993 
419.081315 324.064014 466.416955 102.333910 576.036332 214.444637 508.769896 419.980969 
421.572664 317.835640 470.153979 94.859862 579.773356 211.953287 506.278547 417.489619 
419.081315 309.115917 478.873702 94.859862 584.756055 211.953287 500.050173 412.506920 
419.081315 301.641869 485.102076 87.385813 588.493080 208.216263 493.821799 407.524221 
417.835640 292.922145 493.821799 79.911765 592.230104 210.707612 487.593426 398.804498 
415.344291 280.465398 505.032872 74.929066 592.230104 205.724913 480.119377 391.330450 
407.870242 270.500000 510.015571 68.700692 589.738754 208.216263 466.416955 385.102076 
397.819912 258.524536 513.752595 61.226644 584.756055 206.970588 448.977509 372.645329 
384.202422 248.077855 511.261246 56.243945 574.790657 205.724913 434.029412 365.171280 
363.025952 231.884083 511.261246 56.243945 562.333910 195.759516 399.150519 346.486159 
349.323529 211.953287 502.541522 40.050173 549.877163 195.759516 380.465398 339.012111 
335.310491 193.178890 500.050173 30.084775 539.911765 189.531142 364.271626 324.064014 
332.463138 170.449819 508.769896 23.856401 539.911765 180.811419 349.323529 305.378893 
339.257758 142.949599 528.700692 7.662630 548.631488 168.354671 344.340830 280.465398 
349.712189 120.440763 557.351211 -8.632143 557.351211 158.364193 345.271146 255.152410 
370.048985 95.279801 576.036332 -11.558816 576.036332 147.162822 357.191672 229.567293 
388.811466 71.736761 608.606856 -23.994435 590.925822 137.947769 364.862103 206.451927 
408.068373 53.211168 634.041220 -31.528650 605.530547 129.053524 374.210921 182.752723 
426.798972 30.802923 659.109630 -32.293798 621.265210 120.885998 390.732729 161.330293 
447.341994 12.610016 686.619609 -36.495464 638.238423 114.230537 404.276660 140.969024 
0.000000 0.000000 0.000000 0.000000 0.000000 0.000000 0.000000 0.000000 
0.000000 0.000000 0.000000 0.000000 0.000000 0.000000 0.000000 0.000000 
0.000000 0.000000 0.000000 0.000000 0.000000 0.000000 0.000000 0.000000 
0.000000 0.000000 0.000000 0.000000 0.000000 0.000000 0.000000 0.000000 
0.000000 0.000000 0.000000 0.000000 0.000000 0.000000 0.000000 0.000000 
0.000000 0.000000 0.000000 0.000000 0.000000 0.000000 0.000000 0.000000 
0.000000 0.000000 0.000000 0.000000 0.000000 0.000000 0.000000 0.000000 
0.000000 0.000000 0.000000 0.000000 0.000000 0.000000 0.000000 0.000000 
670.182905 -39.611242 903.390004 12.027473 820.806664 145.000647 579.305670 89.992087 
674.323278 -8.824547 924.164011 26.397361 838.773922 159.381926 592.179224 95.349049 
690.091914 -1.581407 940.818732 42.804016 853.033946 175.177900 606.503935 102.182981 
702.731352 7.449012 953.925266 60.982141 862.541522 187.039792 619.634948 109.807958 
710.569204 16.382353 965.932526 73.683391 871.261246 199.496540 632.091696 119.773356 
718.043253 27.593426 973.406574 84.894464 877.489619 211.953287 635.828720 127.247405 
721.909016 35.245060 980.880623 94.859862 884.963668 220.673010 637.074394 137.212803 
721.695055 44.226236 984.617647 101.088235 888.538551 227.181920 640.811419 148.423875 
720.974921 52.128856 987.108997 106.070934 896.662100 235.414977 645.794118 155.897924 
719.223463 62.560126 987.592197 109.698405 901.157439 238.283408 645.794118 167.279948 
714.306228 71.192042 989.600346 109.807958 906.140138 245.586505 642.057093 179.565744 
711.671591 79.200166 986.252024 107.818409 909.678889 246.268824 645.794118 192.022491 
706.832180 87.385813 984.617647 104.825260 914.859862 248.077855 648.285467 200.742215 
705.586505 93.614187 986.248321 100.163744 921.088235 245.586505 649.790608 209.995917 
702.935481 99.470777 987.108997 93.614187 928.936451 241.233560 653.268166 221.918685 
701.622898 104.724545 987.108997 88.631488 937.282007 240.603806 654.513841 226.901384 
699.427682 110.970860 987.108997 82.403114 943.510381 235.621107 658.250865 233.129758 
696.900872 114.861412 988.354671 74.929066 950.597722 231.654779 661.987889 240.603806 
695.958424 121.060295 984.617647 68.700692 955.967128 229.392734 665.724913 248.077855 
694.375433 126.001730 982.126298 63.717993 958.399280 224.896465 668.216263 255.551903 
688.541921 132.864725 978.611712 60.447757 961.344689 221.307632 669.856800 263.660573 
685.954706 138.169075 972.160900 56.243945 964.686851 220.673010 670.707612 272.991349 
679.553444 149.548588 965.932526 57.489619 963.441176 219.427336 668.216263 280.465398 
674.444637 160.880623 958.458478 58.735294 963.441176 219.427336 668.216263 286.693772 
674.444637 168.354671 947.247405 62.472318 958.458478 221.918685 671.953287 302.887543 
666.970588 180.811419 943.510381 62.472318 962.195502 224.410035 666.970588 317.835640 
658.698224 193.785481 937.282007 63.717993 960.949827 226.901384 668.216263 327.801038 
655.708998 205.056705 928.562284 68.700692 958.458478 228.147059 666.970588 339.012111 
650.776817 219.427336 921.088235 71.192042 955.967128 228.147059 668.216263 348.977509 
645.848164 229.045281 913.614187 76.174740 955.967128 231.884083 666.970588 361.434256 
645.794118 238.112457 906.140138 77.420415 953.475779 233.129758 668.216263 370.153979 
639.565744 245.586505 897.420415 81.157439 953.475779 231.884083 670.707612 376.382353 
635.857998 251.677732 893.683391 76.174740 948.493080 229.392734 671.953287 386.347751 
633.174705 255.471086 885.866050 72.546375 947.247405 221.918685 671.953287 386.347751 
628.354671 256.797578 877.489619 66.209343 946.001730 213.198962 671.953287 387.593426 
623.212457 257.363709 867.069251 59.227340 938.527682 203.233564 668.663027 387.445322 
615.897924 256.797578 853.821799 51.261246 931.053633 194.513841 666.970588 385.102076 
607.026532 255.327422 839.839801 41.077337 921.088235 182.057093 659.496540 383.856401 
595.365091 253.829454 820.830432 34.319801 911.122837 169.600346 652.369535 378.048095 
583.754466 250.407061 801.503460 25.102076 893.683391 158.389273 645.794118 373.891003 
566.836614 247.318611 785.309689 13.891003 877.489619 145.932526 633.337370 368.908304 
549.877163 243.095156 766.624567 6.416955 860.050173 137.212803 618.389273 365.171280 
534.929066 240.603806 746.693772 0.500000 842.610727 129.738754 602.195502 361.434256 
518.069556 238.415088 732.320467 -9.312528 833.443270 124.113392 590.264223 361.918317 
501.491066 234.834404 717.820653 -11.055748 820.165791 121.200117 573.837277 359.667082 
486.363501 232.601500 706.887536 -13.947111 805.068102 121.423064 562.284965 354.919414 
474.735576 226.171988 695.428824 -9.956651 793.815069 124.239293 545.851139 350.987057 
462.410525 223.667219 687.121385 -9.117085 783.635958 131.267747 531.548207 343.966787 
445.508277 218.640151 687.488720 -8.469985 775.981286 134.803694 508.532180 346.088488 
426.555363 213.198962 685.655709 0.500000 770.361592 142.195502 488.839100 347.731834 
417.447013 208.177656 685.655709 6.416955 767.870242 155.897924 473.891003 347.731834 
407.028635 206.242231 689.392734 18.873702 762.887543 168.354671 458.942907 345.240484 
401.508715 203.485160 694.375433 31.330450 759.150519 184.548443 445.240484 345.240484 
399.150519 199.496540 696.866782 42.541522 754.167820 200.742215 434.029412 345.240484 
391.676471 195.759516 696.866782 56.243945 750.430796 213.198962 419.081315 345.240484 
381.711073 192.022491 705.586505 62.472318 746.693772 223.164360 406.624567 339.012111 
380.465398 183.302768 705.586505 71.192042 746.693772 231.884083 396.659170 335.275087 
382.956747 177.074394 715.551903 79.911765 746.693772 240.603806 391.676471 330.292388 
386.870215 170.462218 720.534602 86.140138 746.693772 248.077855 389.185121 320.326990 
390.592310 163.124324 731.745675 91.122837 750.430796 254.306228 389.185121 311.607266 
393.392577 154.990639 737.974048 98.596886 750.430796 259.288927 384.202422 306.624567 
395.649003 149.970686 745.448097 103.579585 754.167820 266.762976 383.737626 300.564518 
398.385010 142.612542 749.950079 109.213990 755.413495 272.991349 382.956747 295.413495 
401.922400 137.616874 755.413495 113.544983 755.413495 277.974048 379.219723 290.430796 
405.225172 132.632307 759.150519 121.019031 754.167820 281.711073 379.219723 282.956747 
405.647857 126.853670 764.133218 128.493080 754.232165 289.671551 375.482699 277.974048 
410.361592 121.019031 767.870242 135.967128 755.413495 297.904844 374.237024 272.991349 
417.835640 117.282007 772.852941 144.686851 755.413495 305.378893 375.482699 268.008651 
424.064014 114.790657 776.589965 150.915225 757.904844 314.098616 379.219723 264.271626 
430.305256 111.540066 784.064014 162.126298 757.904844 319.081315 380.465398 261.780277 
439.012111 108.562284 790.292388 170.846021 755.413495 329.046713 384.202422 254.306228 
445.240484 104.825260 796.520761 178.320069 759.150519 337.766436 386.693772 245.586505 
452.714533 99.842561 800.257785 185.794118 757.904844 340.257785 389.185121 240.603806 
460.188581 94.859862 806.486159 190.776817 759.150519 343.994810 395.413495 231.884083 
466.416955 86.140138 810.223183 195.759516 759.150519 347.731834 396.659170 224.410035 
474.923060 80.418906 816.451557 200.742215 757.904844 351.468858 399.150519 216.935986 
482.610727 73.683391 818.942907 205.724913 759.150519 352.714533 406.624567 208.216263 
491.330450 67.455017 825.171280 208.216263 761.641869 353.960208 410.361592 195.759516 
501.295848 62.472318 830.153979 210.707612 762.887543 353.960208 417.835640 188.285467 
508.769896 57.489619 833.891003 211.953287 764.133218 352.714533 424.064014 183.302768 
517.489619 53.752595 838.873702 213.198962 770.361592 352.714533 432.783737 175.828720 
527.455017 47.524221 845.102076 214.444637 772.852941 353.960208 439.012111 168.354671 
534.803427 44.457999 853.821799 213.198962 779.081315 352.714533 447.731834 167.108997 
541.157439 41.295848 857.558824 214.444637 785.309689 351.468858 453.960208 164.617647 
551.137808 38.573864 862.541522 214.444637 789.046713 352.714533 461.434256 162.126298 
554.859862 38.804498 867.803138 212.623323 794.029412 348.977509 466.416955 160.880623 
560.005074 38.979934 872.485341 209.915922 799.012111 346.486159 471.399654 162.126298 
562.333910 40.050173 874.998270 208.216263 806.486159 345.240484 477.346358 166.195756 
564.409648 41.977115 877.508688 203.631510 810.223183 342.749135 482.610727 168.354671 
564.221542 47.081990 882.472318 199.496540 816.451557 342.749135 485.102076 174.583045 
563.579585 51.261246 882.472318 194.513841 821.434256 340.257785 487.593426 182.057093 
562.333910 57.489619 879.980969 193.268166 826.416955 336.520761 491.528626 188.370400 
557.351211 62.472318 879.980969 188.285467 830.153979 331.538062 492.576125 195.759516 
553.614187 68.700692 879.980969 183.302768 836.382353 329.046713 492.576125 203.233564 
550.435657 75.075766 879.980969 178.320069 838.873702 324.064014 492.576125 213.198962 
544.526425 80.789400 876.243945 173.337370 841.017603 320.658998 492.576125 220.673010 
539.203996 89.364997 872.756571 167.605725 840.119377 316.589965 491.330450 229.392734 
532.437716 96.105536 868.769896 160.880623 840.119377 312.852941 490.844452 238.428761 
526.209343 101.088235 862.041077 157.496197 840.119377 305.378893 488.839100 243.095156 
519.980969 104.825260 858.804498 148.423875 838.873702 302.887543 486.975178 248.956851 
513.752595 109.807958 850.084775 147.178201 833.891003 295.413495 485.102076 254.306228 
508.515099 112.548958 842.610727 140.949827 831.399654 291.676471 480.119377 256.797578 
500.050173 114.790657 831.399654 134.721453 825.171280 286.693772 476.382353 259.288927 
492.576125 117.282007 822.679931 130.984429 817.697232 282.956747 475.136678 261.780277 
484.847277 118.612613 810.223183 127.247405 810.163987 276.123551 470.153979 264.271626 
476.382353 121.019031 800.257785 122.264706 803.994810 269.254325 465.171280 261.780277 
466.913682 120.403917 792.783737 117.282007 797.766436 266.762976 457.697232 266.762976 
460.642455 121.685870 784.064014 112.299308 787.354496 257.815888 453.960208 261.780277 
451.564088 122.287870 774.821830 107.875105 781.572664 253.060554 448.977509 264.271626 
447.353500 122.607010 766.624567 101.088235 772.852941 248.077855 442.749135 264.271626 
436.520761 123.510381 754.167820 99.842561 767.870242 243.095156 436.520761 264.271626 
430.292388 124.756055 745.448097 93.614187 759.150519 238.112457 433.414297 264.963953 
424.064014 127.247405 737.974048 92.368512 754.167820 234.375433 427.801038 268.008651 
416.589965 129.738754 728.008651 92.368512 746.693772 233.129758 425.309689 269.254325 
410.361592 133.475779 720.534602 91.122837 741.711073 231.884083 421.572664 274.237024 
406.624567 137.212803 714.306228 91.122837 735.482699 229.392734 417.835640 275.482699 
401.641869 142.195502 706.832180 91.122837 731.745675 231.884083 415.344291 280.465398 
395.413495 148.423875 698.112457 92.368512 724.271626 230.638408 410.361592 286.693772 
390.430796 152.160900 689.392734 91.122837 719.288927 229.392734 410.361592 290.430796 
384.202422 158.389273 683.164360 94.859862 714.306228 230.638408 406.624567 294.167820 
380.465398 160.880623 675.690311 96.105536 709.323529 231.884083 401.641869 297.904844 
375.482699 167.108997 670.707612 99.842561 703.095156 234.375433 400.396194 302.887543 
368.746837 172.856087 659.496540 103.579585 694.437903 235.560976 395.413495 307.870242 
364.271626 177.074394 654.513841 104.825260 689.392734 235.621107 390.430796 307.870242 
358.043253 180.811419 645.794118 106.070934 683.164360 235.621107 386.693772 316.589965 
349.323529 185.794118 637.074394 107.316609 674.444637 240.603806 379.219723 320.326990 
344.340830 189.531142 630.846021 109.807958 670.707612 240.603806 375.482699 324.064014 
340.603806 193.268166 624.617647 112.299308 663.233564 243.095156 371.745675 326.555363 
331.884083 199.496540 615.897924 114.790657 659.496540 243.095156 366.762976 331.538062 
326.901384 201.987889 607.178201 116.036332 650.776817 245.586505 360.534602 334.029412 
321.918685 205.724913 602.195502 118.527682 644.548443 245.586505 357.165617 337.455017 
316.935986 211.953287 595.967128 122.264706 639.565744 248.077855 353.060554 340.257785 
313.198962 215.690311 588.493080 126.001730 635.828720 250.569204 349.323529 343.994810 
309.461938 221.918685 583.510381 130.984429 630.846021 253.060554 346.832180 351.468858 
304.479239 230.638408 578.527682 134.721453 623.371972 256.797578 343.095156 358.942907 
300.742215 236.866782 572.299308 140.949827 618.389273 264.271626 343.095156 362.679931 
295.759516 245.586505 563.579585 144.686851 614.652249 264.271626 338.112457 370.153979 
294.513841 250.569204 558.596886 149.669550 607.178201 270.500000 336.866782 376.382353 
290.776817 259.288927 554.859862 157.143599 602.195502 272.991349 334.375433 381.365052 
287.039792 264.271626 546.140138 160.880623 598.458478 277.974048 331.884083 387.593426 
283.302768 271.745675 544.894464 164.617647 593.475779 280.465398 331.884083 392.576125 
282.057093 277.974048 537.420415 169.600346 589.738754 284.202422 329.392734 400.050173 
278.320069 284.202422 531.192042 172.091696 587.247405 287.939446 326.901384 406.278547 
274.583045 292.922145 527.455017 177.074394 581.019031 289.185121 323.164360 411.261246 
273.337370 299.150519 519.980969 178.320069 579.773356 290.430796 326.901384 416.243945 
269.600346 305.378893 517.489619 182.057093 574.790657 292.922145 323.164360 419.980969 
269.600346 309.115917 510.015571 185.794118 569.807958 294.167820 323.164360 423.717993 
268.354671 314.098616 510.015571 185.794118 567.316609 294.167820 323.164360 424.963668 
268.354671 319.081315 502.541522 188.285467 566.070934 294.167820 323.164360 429.946367 
265.778390 322.733406 500.050173 190.776817 562.333910 295.413495 323.164360 432.437716 
265.863322 324.064014 493.821799 192.022491 558.596886 294.167820 323.164360 433.683391 
264.617647 327.801038 488.839100 192.022491 554.859862 291.676471 326.901384 436.174740 
264.617647 331.538062 485.102076 193.268166 552.368512 291.676471 328.147059 437.420415 
264.617647 335.275087 482.610727 194.513841 549.877163 291.676471 325.655709 441.157439 
264.617647 337.766436 480.119377 194.513841 546.140138 291.676471 326.901384 441.157439 
264.617647 339.012111 476.382353 195.759516 546.140138 291.676471 329.392734 441.157439 
264.617647 343.994810 475.136678 198.250865 546.140138 290.430796 331.884083 444.894464 
264.617647 347.731834 473.891003 197.005190 541.157439 291.676471 331.884083 446.140138 
264.617647 350.223183 468.908304 198.250865 541.157439 290.430796 336.866782 448.631488 
268.354671 352.714533 468.908304 200.742215 541.157439 290.430796 339.358131 451.122837 
269.600346 356.451557 466.416955 201.987889 539.911765 290.430796 340.603806 452.368512 
270.846021 358.942907 467.662630 200.742215 541.157439 292.922145 344.340830 453.614187 
274.583045 362.679931 466.416955 204.479239 539.911765 292.922145 345.586505 454.859862 
277.074394 363.925606 465.171280 201.987889 539.481953 289.599488 349.027551 454.316809 
278.320069 366.416955 462.679931 204.479239 539.911765 291.676471 351.814879 454.859862 
279.565744 368.908304 462.679931 206.970588 537.420415 287.939446 354.306228 457.351211 
282.057093 368.908304 462.679931 208.216263 537.420415 290.430796 355.551903 458.596886 
283.302768 371.399654 462.679931 208.216263 537.420415 291.676471 358.043253 459.842561 
285.794118 373.891003 461.434256 210.707612 537.420415 291.676471 360.534602 459.842561 
287.039792 376.382353 461.434256 211.953287 537.420415 290.430796 360.534602 459.842561 
287.039792 375.136678 460.188581 211.953287 536.174740 292.922145 361.780277 459.842561 
285.794118 376.382353 458.942907 214.444637 534.929066 290.430796 361.780277 458.596886 
287.039792 376.382353 456.451557 211.953287 534.929066 291.676471 361.780277 457.351211 
287.039792 375.136678 460.188581 209.461938 534.929066 291.676471 361.780277 456.105536 
287.039792 372.645329 453.960208 211.953287 532.437716 289.185121 360.534602 453.614187 
285.794118 372.645329 453.960208 211.953287 531.192042 289.185121 358.043253 453.614187 
283.302768 371.399654 453.960208 211.953287 528.700692 289.185121 360.534602 452.368512 
287.039792 370.153979 457.697232 211.953287 528.700692 290.430796 358.043253 451.122837 
283.302768 367.662630 456.451557 213.198962 528.700692 291.676471 354.306228 449.877163 
283.302768 370.153979 457.697232 211.953287 528.700692 292.922145 355.551903 452.368512 
279.565744 368.908304 458.942907 215.690311 527.455017 296.659170 353.060554 451.122837 
279.565744 366.416955 457.697232 218.181661 527.455017 297.904844 349.323529 453.614187 
278.320069 366.416955 457.697232 221.918685 528.700692 302.887543 345.586505 451.122837 
275.828720 365.171280 458.942907 223.164360 524.963668 306.624567 341.849481 453.614187 
274.583045 365.171280 457.697232 225.655709 523.717993 310.361592 339.358131 453.614187 
273.337370 363.925606 461.434256 224.410035 523.717993 315.344291 335.621107 454.859862 
268.354671 362.679931 460.188581 231.884083 519.980969 316.589965 330.638408 453.614187 
265.863322 361.434256 461.434256 231.884083 519.980969 321.572664 323.164360 453.614187 
260.880623 358.942907 462.679931 234.375433 519.980969 325.309689 319.427336 452.368512 
257.143599 353.960208 460.188581 236.866782 514.998270 327.801038 311.953287 452.368512 
255.897924 351.468858 461.434256 236.866782 511.261246 330.292388 304.479239 447.385813 
248.423875 345.240484 462.679931 235.621107 511.261246 334.029412 297.005190 446.140138 
244.686851 339.012111 462.679931 236.866782 511.261246 332.783737 290.776817 439.911765 
239.704152 331.538062 462.679931 238.112457 506.278547 334.029412 283.302768 433.683391 
237.212803 324.064014 465.171280 235.621107 505.032872 336.520761 274.583045 429.946367 
232.230104 314.098616 462.679931 233.129758 502.541522 335.275087 269.600346 422.472318 
232.230104 302.887543 467.662630 230.638408 502.541522 334.029412 262.126298 413.752595 
232.230104 291.676471 468.908304 226.901384 502.541522 327.801038 255.897924 397.558824 
229.738754 277.974048 470.153979 220.673010 500.050173 330.292388 250.915225 387.593426 
230.984429 266.762976 475.136678 214.444637 501.295848 327.801038 247.178201 380.119377 
230.984429 253.060554 482.610727 210.707612 502.541522 324.064014 244.686851 366.416955 
232.230104 240.603806 485.102076 204.479239 505.032872 316.589965 242.195502 351.468858 
232.230104 221.918685 491.330450 197.005190 506.278547 311.607266 242.195502 339.012111 
234.721453 208.216263 497.558824 189.531142 508.769896 305.378893 239.704152 325.309689 
234.721453 193.268166 501.295848 183.302768 508.769896 301.641869 239.704152 312.852941 
242.195502 178.320069 510.015571 178.320069 511.261246 294.167820 239.704152 299.150519 

