756.107321 287.421797 895.075707 311.381864 885.491681 389.252080 740.533278 362.896007 
759.307312 285.477437 901.087136 312.300647 889.591475 390.471145 748.578028 363.647935 
760.977605 285.947020 905.133200 312.157128 889.843970 391.515511 747.872551 363.121227 
757.712713 284.590130 901.013127 311.004953 887.805716 390.909792 746.486413 361.853487 
752.653914 284.927446 894.200219 312.104336 880.045588 391.370267 739.732261 361.893543 
740.541771 284.540947 884.205389 310.889732 869.148940 390.563442 729.249434 361.077896 
732.280816 284.339701 874.233050 309.949640 861.062224 388.974595 720.573415 361.169519 
721.794019 282.322218 864.715997 308.561170 851.957021 385.576522 712.407264 358.667825 
714.672668 281.279627 857.744995 307.972226 844.398696 386.982317 703.461777 357.620459 
708.518006 281.672762 849.931325 305.777444 836.819667 382.659437 698.551277 355.840137 
702.884795 278.207936 844.039005 303.302018 832.746668 381.093671 690.337754 354.744886 
696.786190 274.825131 839.226471 302.836400 824.326860 379.718393 685.462485 352.303109 
689.456833 273.021993 830.436953 299.066513 815.716137 375.501517 678.699314 350.589368 
680.860902 268.914534 821.662226 295.823232 807.269202 374.046190 669.596796 344.634358 
671.215261 265.458749 808.798269 292.635640 794.077453 368.504459 660.457742 341.893754 
657.913816 261.039374 792.813107 286.588482 780.549535 365.279735 645.139262 336.664733 
640.515929 256.058048 774.274122 281.709490 762.354433 358.873791 628.101096 332.525005 
618.234678 248.378712 750.308793 277.435018 739.742864 354.038004 607.668749 325.642069 
597.282186 241.655064 729.446559 269.359624 715.013138 344.695663 584.111166 315.685280 
572.673486 233.572234 705.856898 262.706105 690.041368 337.205577 561.436135 306.823111 
541.573313 225.548159 673.964773 253.025632 664.030505 328.284286 535.843352 299.252724 
511.965653 215.680229 640.768032 245.033152 636.386998 322.139338 505.832206 293.662622 
485.835579 212.562947 612.180237 239.241301 605.636490 313.739347 478.788466 285.550897 
457.128372 202.535992 582.929113 230.985629 578.566092 306.379391 450.015963 277.660816 
427.380337 195.956767 546.796868 223.626451 543.398837 297.897708 422.040574 269.742591 
397.732128 190.445058 518.834900 215.994166 514.747043 292.641490 395.688199 261.471578 
384.603727 184.626529 500.671697 211.803419 498.973142 283.142757 382.905171 255.965866 
385.729453 181.864605 497.069777 208.758403 494.918273 280.295906 387.343081 251.788480 
391.538771 178.466663 498.547778 204.624420 499.142272 271.802296 392.151800 246.873055 
397.400790 174.568943 503.225195 198.355162 502.254329 266.801223 397.400790 239.616972 
399.867387 169.554249 499.505227 192.715677 501.253259 261.762953 401.178411 237.290501 
398.200360 164.884433 494.801538 188.670653 496.743270 256.631280 399.171226 230.417895 
390.585748 160.997876 486.727524 185.969766 487.559920 252.145274 393.915334 225.924789 
384.032015 156.670601 477.786128 179.890078 478.662335 246.919887 387.098738 222.386101 
376.864942 152.457484 468.428539 175.238857 470.180952 241.830564 379.931666 218.172984 
369.396260 150.428322 457.214073 171.654428 460.543658 238.662333 372.309647 215.355235 
362.119482 151.257828 451.534501 171.059052 455.612139 238.849778 367.298352 215.705992 
364.101257 154.810047 451.665541 175.598690 455.379844 241.505753 368.220339 218.908844 
372.207627 163.931122 461.690232 185.157229 465.436015 250.084142 378.866797 228.025639 
385.605988 176.264664 473.221205 194.481689 477.992330 259.976233 390.810852 236.554343 
409.555245 189.245300 497.414616 208.903332 502.852668 275.377572 413.532986 253.533084 
435.409818 208.158484 519.318467 225.908391 521.908729 293.230738 436.485570 263.559708 
459.994360 230.469902 547.291016 248.081465 547.225593 298.003761 462.339285 280.651311 
483.910759 243.436931 577.057766 257.339469 580.533401 323.376526 488.776647 301.132465 
513.730330 258.910863 604.915949 271.426537 609.656739 331.835227 516.710252 319.105292 
541.430675 269.918614 636.096843 281.214009 644.164983 345.759124 543.531061 330.297742 
565.596885 277.410568 662.683496 287.119229 671.370193 354.057892 570.195725 337.195481 
587.882497 277.537730 689.799166 289.527926 695.794265 356.857491 592.494111 341.639164 
607.572633 276.133088 715.714010 288.022978 718.115155 356.454530 610.403559 341.244389 
628.111041 271.413140 735.686233 282.736845 739.083344 351.811442 632.074337 338.222996 
645.275161 263.063711 754.114362 275.838265 757.912942 336.115156 645.275161 318.760767 
659.307806 242.156522 775.246747 259.993282 775.246747 324.854228 659.307806 306.206706 
677.780666 228.402462 793.345516 250.855061 794.005887 318.212860 678.441037 297.741372 
701.647120 219.499904 820.844008 239.575169 818.334600 314.857415 697.883008 291.645389 
723.508457 209.531875 842.594523 234.270155 838.422632 303.404350 719.225744 281.352926 
751.396596 202.433599 870.056158 227.061055 866.400773 304.704035 744.819947 277.288751 
784.942066 200.864330 903.048624 225.135983 894.872909 301.783308 773.770137 274.701253 
817.730598 199.070734 942.794416 226.159571 928.266263 304.743669 803.456225 275.026994 
847.165629 201.423582 988.060821 232.337296 972.009470 310.216073 831.708773 279.302360 
878.534773 210.303266 1020.930892 243.940145 1002.991224 323.921168 858.726389 286.173115 
902.509034 219.865702 1046.439276 255.535371 1023.285281 332.506762 884.987091 294.959742 
922.212651 232.223221 1065.628310 272.467411 1044.408646 348.565516 900.992987 307.589613 
936.168416 249.039784 1083.376573 288.374757 1059.465780 363.062444 912.329038 321.153901 
942.862354 260.692103 1089.534134 303.789972 1063.814438 381.644187 919.228039 335.765811 
942.046094 271.909796 1093.237936 314.569735 1067.516503 391.106685 919.997574 345.215481 
938.729945 274.864199 1090.549140 316.896786 1062.090877 394.912561 918.027328 351.401149 
933.085038 275.715552 1083.850325 318.638053 1057.023761 395.362025 911.087256 354.049117 
927.705313 276.525764 1079.320221 316.751129 1051.904936 394.229106 905.292764 352.510195 
923.764330 273.364052 1073.216617 315.071667 1047.275825 389.965213 900.311296 351.078328 
920.082521 270.208511 1071.547018 308.257564 1046.668792 385.819094 897.399432 347.038329 
920.008655 265.707693 1072.241450 303.939674 1044.436373 381.098762 899.849974 340.781400 
925.491264 259.805039 1076.146373 295.401504 1049.188542 376.274996 905.156704 335.453138 
934.899974 253.482866 1084.080149 291.588672 1056.514247 370.232569 913.820166 332.126763 
946.019275 247.726993 1096.942252 285.457737 1069.592758 363.825262 925.070470 326.807272 
957.733773 244.653618 1107.724710 279.516376 1083.401855 358.971035 935.843203 320.865229 
972.141765 240.175156 1124.374560 274.931502 1099.349991 354.175971 953.373338 320.114752 
985.013575 239.405020 1137.941498 272.771112 1112.221802 352.710708 966.245149 317.259235 
999.055423 240.113100 1149.897965 272.784065 1126.958776 351.333407 979.591869 316.577061 
1011.434057 241.863614 1160.703416 273.327254 1135.803486 351.715331 991.677818 318.693431 
1011.784574 239.713623 1165.922702 273.756400 1139.444987 351.298280 991.926288 316.309871 
1008.785021 237.191783 1159.349512 272.191423 1134.255430 350.115151 987.653163 317.096622 
996.255778 238.500339 1143.056156 271.749998 1123.608243 348.914299 976.807864 315.037289 
978.101180 237.245635 1119.255390 268.613238 1099.180125 345.777539 959.907971 313.155233 
956.857812 233.385716 1094.064955 265.450601 1071.820894 341.914563 935.601865 311.515684 
926.623685 229.994184 1067.352358 261.130680 1045.300934 336.224719 907.457315 303.283769 
903.631825 223.961238 1040.648648 252.836685 1021.964536 330.970245 886.080083 299.263873 
881.686271 218.593123 1015.617385 246.562673 1000.155638 323.114624 865.012116 293.895757 
855.723019 213.887251 990.729884 238.629545 976.945757 315.704018 840.124616 288.652009 
841.043066 208.249954 977.663560 231.378620 963.140909 308.832758 828.134043 282.476836 
832.848013 206.463536 973.374871 225.911449 959.573126 300.566343 822.183028 279.236373 
838.746680 206.247166 976.172777 221.926654 963.721419 294.790155 828.139967 277.727183 
849.588802 206.048599 981.933182 219.334135 969.595322 289.616067 839.880141 279.119048 
864.291377 208.979862 990.028801 214.898229 976.227056 288.298418 855.148111 279.515489 
877.678242 210.885108 1008.015224 217.285916 995.261572 289.025204 866.451943 283.525871 
887.105112 218.609612 1014.764979 221.738530 1002.875090 292.452084 877.718357 288.071599 
897.065256 221.439998 1023.890746 225.403294 1010.957182 295.812531 885.175367 291.080780 
903.710948 226.728640 1030.111798 229.955896 1017.740651 298.804018 891.877677 296.114639 
907.152148 229.615275 1032.588049 232.843405 1020.136691 302.939938 896.084274 299.711808 
909.398848 232.033487 1035.658152 235.996784 1022.586392 304.044427 896.665254 301.807249 
908.328618 232.892692 1037.985034 236.289803 1023.830403 307.629141 897.571099 301.401104 
905.875943 234.151901 1034.966173 238.681383 1021.377728 307.755980 895.684609 304.925054 
904.668537 236.726540 1033.275707 239.863301 1019.473962 310.754082 892.748849 307.617321 
899.029956 239.357629 1029.841389 243.956468 1015.022906 314.982989 888.810312 311.406114 
896.577908 240.363209 1023.275935 245.702972 1009.683810 315.119899 884.442082 311.236435 
892.225407 242.535103 1017.807726 246.602547 1004.588535 316.765948 878.497785 312.698505 
884.787442 243.229995 1011.511018 248.850798 998.736464 317.322408 873.545834 312.723569 
878.471326 243.555936 1006.995371 248.085418 992.840740 319.424756 867.147621 313.762904 
871.083598 243.744391 998.028284 249.704235 985.512610 320.030399 859.163909 315.262524 
861.687390 246.282332 990.211435 250.245628 976.056804 321.018781 852.628426 315.356929 
853.048424 248.078515 980.060418 252.418275 965.658984 323.847349 841.926393 316.896080 
848.027705 247.903211 964.969679 253.550345 948.366994 322.420740 832.839182 316.581751 
834.171249 250.570908 952.503960 255.949668 937.443433 324.259915 820.186474 321.032659 
824.001080 250.759317 943.417611 256.584514 928.854619 327.457740 809.923521 321.632543 
811.157314 252.157685 931.059278 258.613945 916.763275 327.788155 797.783634 322.715379 
803.308352 250.885525 918.664529 258.210364 904.312031 327.422475 786.369847 323.031010 
793.481898 251.696240 911.518777 258.849990 897.211276 329.365528 777.130468 322.722760 
784.415032 250.500590 905.399874 260.036341 890.500263 328.574552 769.515421 321.422738 
775.808581 250.012995 900.488229 259.210674 885.158764 327.682283 765.077956 319.506569 
771.890725 249.667222 895.812577 258.868213 880.478960 327.650435 758.686235 319.764576 
767.800021 248.704281 892.360769 257.644048 876.865174 327.374227 753.496394 319.030445 
764.668809 246.832906 889.229558 257.590426 873.376372 324.966467 752.212735 318.738429 
761.877362 247.289342 885.871926 257.480676 871.151110 325.422903 749.421288 317.496310 
759.989028 248.408365 884.668676 256.073098 869.339211 325.055690 747.214474 317.901939 
760.074215 245.510772 882.539788 255.523681 867.226515 327.209561 746.210188 315.601132 
758.337842 245.282967 883.293035 257.424362 867.104508 324.707928 746.196447 316.107773 
759.337341 245.880679 883.506007 255.589340 867.665560 324.060950 746.562787 315.374253 
758.339779 246.097258 882.125208 255.805919 866.591350 323.281113 745.233087 314.543318 
758.956807 246.160547 882.668278 255.842314 866.531999 325.228313 744.434156 315.008670 
757.979858 247.176236 880.842050 257.367570 866.687420 324.177426 745.523783 316.250833 
758.076185 247.170278 882.347047 257.364372 866.327756 325.810433 745.940359 317.072638 
757.874994 247.965773 881.466249 258.572485 866.709085 327.746695 745.423636 318.062306 
759.307021 249.025013 881.053630 260.092887 866.296466 326.961290 744.549856 318.660385 
758.915717 250.801197 881.734793 259.913078 865.885899 327.931247 745.038084 320.006801 
758.505099 250.526296 881.466100 261.818633 866.409651 328.945301 744.703354 320.162373 
756.575270 249.809557 880.824617 261.104953 864.688338 328.339447 743.858408 319.507333 
756.435299 250.072980 879.213758 261.310331 863.398227 328.734433 742.379180 320.173205 
756.345448 249.249027 879.492149 261.001617 863.140720 328.451262 739.483037 319.764565 
753.280484 248.386392 877.551346 259.065919 859.104890 328.968279 739.688359 318.774185 
749.656481 248.761618 871.195753 260.192798 853.005690 328.951235 735.129897 320.426100 
748.445057 249.591423 861.682102 259.723159 846.186506 327.069401 732.353478 317.533650 
736.585429 246.432508 855.031094 259.539200 839.982670 327.499827 722.993304 317.305733 
728.726998 247.238369 844.370329 259.071640 827.158298 327.381887 713.128595 317.162244 
717.647343 244.573758 832.752798 256.944905 817.594268 326.099142 700.973188 316.111260 
706.430567 243.821916 825.297270 257.689698 808.127636 327.688978 691.242044 315.141938 
700.715499 246.180788 818.124434 259.292445 803.232216 325.795311 683.431950 317.102936 
690.685678 248.984119 808.452204 258.609268 792.599017 327.117679 677.097233 318.624901 
682.948124 251.556947 806.316904 261.688682 793.205246 328.438940 672.220404 320.095157 
678.822665 253.666237 795.812030 263.860331 781.734472 332.306392 666.201405 323.083164 
666.072191 255.108003 780.101894 265.865522 765.579243 334.175769 652.625292 323.956126 
644.526095 257.080676 764.700692 267.510406 752.185018 333.664679 635.968052 326.512866 
621.536292 256.514060 739.257785 266.144706 730.113894 333.379201 615.312934 326.304577 
599.425962 254.107804 714.773479 262.980690 705.900593 332.780725 590.553077 325.682416 
575.038563 254.727145 687.143236 261.521367 676.951902 330.595964 564.847229 325.500297 
542.719669 252.905665 654.542363 260.628379 649.414067 330.226672 538.789412 325.098376 
515.026224 251.311563 629.204296 257.585084 621.676072 326.593809 508.125352 319.692936 
489.060653 246.336135 608.445332 253.268149 604.100303 324.655625 485.979758 317.196719 
469.735117 241.799131 596.449897 251.255458 591.721733 320.286644 465.952586 313.667215 
454.371251 241.346026 581.898249 247.578169 579.203196 314.954498 451.637347 311.361093 
445.459961 239.599060 573.509657 245.452760 571.314519 313.502027 445.459961 309.111752 
445.131328 236.468045 570.949301 241.333934 571.644428 310.846626 446.521582 306.675864 
443.123223 237.490569 571.624234 240.828258 570.789812 308.416452 446.098867 304.854642 
442.796753 236.028955 566.946421 238.670437 568.267162 305.367865 446.098606 304.707494 
440.263397 237.113561 563.752695 237.113561 566.394177 303.810989 444.225621 303.810989 
436.988285 235.797114 557.377142 236.393099 563.932971 302.547372 441.756160 304.335325 
430.676594 238.424113 549.277498 234.252222 556.429311 301.598464 437.828407 305.770355 
421.005753 241.102280 539.338464 237.138983 548.397428 303.948839 430.630902 310.743062 
411.673658 248.817938 530.243194 241.917065 540.908179 305.279622 424.220699 315.317254 
402.459911 256.017120 521.986985 247.432303 535.194396 311.488248 416.327693 323.374919 
398.900927 265.374169 516.446889 253.487498 530.314671 316.883073 412.768709 329.430114 
394.954819 274.492719 510.575800 259.593108 526.667380 322.171474 410.450414 338.263054 
390.731832 283.093211 504.282552 265.527354 523.730466 327.007855 407.042985 345.828416 
389.075369 292.607473 505.762849 271.904856 524.583410 335.267412 408.523282 354.087973 
393.647409 299.815395 506.100074 277.478906 527.666339 339.096805 414.678840 361.009043 
402.938042 306.604023 513.044295 282.188671 536.332897 340.282922 424.730270 366.037374 
417.715182 308.829188 526.676327 282.414365 547.808185 343.168458 439.507411 368.262540 
430.165176 308.963181 536.519595 282.548359 559.669517 343.589227 452.409237 370.829477 
440.878369 310.701980 550.664976 281.843786 575.131706 341.442231 465.972450 369.045721 
452.574677 310.033700 563.546980 280.025883 587.892945 338.909146 477.486827 369.483148 
465.008002 307.234990 572.912554 277.749444 596.600402 337.535715 490.729436 368.088139 
482.090440 304.593168 585.443305 274.660371 610.293174 333.396426 505.810769 365.588302 
501.268463 299.184403 605.408902 268.444152 631.757688 328.669949 525.107840 359.410199 
520.638682 294.142650 626.244643 262.322514 652.530842 321.812334 544.619075 354.093632 
535.618107 291.552821 647.067197 257.581707 670.310591 317.776136 561.841422 350.555280 
550.582264 287.773771 657.617358 255.196716 682.359652 314.363071 575.322336 348.249257 
561.359003 283.006597 670.066565 248.469299 695.544900 310.183488 585.138782 343.588416 
567.830247 276.705245 677.960350 242.819060 702.910573 305.151439 592.680116 338.265149 
566.853971 274.587199 680.802993 240.351395 706.352101 302.691218 592.403079 333.861130 
570.963146 264.469463 679.402946 235.969259 703.037261 298.530682 589.731573 327.726012 
557.924771 259.799202 674.914137 229.216920 696.905057 294.186718 578.555676 321.467253 
547.329327 249.917955 670.757705 222.174880 690.008003 287.286180 569.976736 315.029256 
544.771042 241.849520 667.737050 215.849417 686.543471 280.776347 563.842545 305.619856 
547.896649 230.407869 670.065205 203.332675 686.574470 270.690474 565.726655 295.784555 
558.735532 219.026063 678.262606 193.271611 694.771870 261.289780 573.263685 287.704603 
572.926063 210.930784 690.868248 187.091406 706.702647 255.212363 587.355160 281.194213 
593.978343 201.297498 710.863935 178.844899 724.731717 249.504550 606.525384 273.277891 
615.264898 193.657937 735.521855 172.804130 746.643885 243.011948 628.044316 265.126752 
637.630140 192.216983 759.806951 170.761543 771.130655 242.279676 650.741798 264.331101 
669.274799 190.597233 787.279718 172.121715 793.835547 243.043864 677.618581 264.499304 
695.850341 195.522718 816.107298 176.754291 819.582933 246.962110 702.801610 263.645156 
727.451667 199.567886 843.668633 184.668275 849.628477 250.226564 733.411511 267.510113 
755.779955 205.865641 872.853963 191.963102 875.780813 262.939219 758.706806 276.110045 
783.352363 215.217025 900.761298 201.509382 899.569329 273.623500 783.352363 284.947204 
806.922550 219.759896 927.770365 208.533596 926.449624 280.513989 805.601809 293.721400 
825.531098 227.533866 949.119451 213.732121 946.266200 287.973889 824.903746 295.915239 
844.435550 227.823368 968.863269 220.176972 965.387634 293.165299 840.959916 300.116568 
852.401311 231.758427 985.135797 223.833980 977.871720 295.814373 847.778717 305.059561 
857.494340 233.527141 988.075831 227.701945 980.308902 300.516903 850.698277 307.312965 
853.108496 234.904805 982.437120 230.732914 972.901369 303.443016 844.764714 308.210892 
837.391382 236.113814 961.589146 233.177584 950.708067 303.904598 829.047600 309.419901 
823.960887 239.283274 931.865439 238.655922 919.945750 307.664647 813.295902 312.056111 
795.752442 240.504879 903.314186 242.700017 887.948223 310.017571 779.654766 312.944421 
771.816757 243.431556 873.730097 246.411478 861.214423 313.757720 755.799289 314.572892 
743.351254 242.886460 861.683965 249.340971 848.774942 317.651218 728.828603 315.499714 
730.874851 248.151375 854.839615 252.323266 840.535989 320.861477 720.743116 319.073524 
729.940990 249.263387 850.925832 252.839294 838.410158 321.377505 718.021301 320.185536 
728.087605 250.842518 852.767252 254.419393 839.992698 324.423949 717.356980 323.401985 
725.018420 252.901693 851.231014 256.989550 837.945477 324.439195 715.309759 324.950178 
720.333278 256.119793 843.761656 259.516905 829.040841 330.290057 711.840500 328.025316 
708.468273 261.336885 830.636829 265.299108 818.750159 332.656907 701.864567 331.996536 
692.892709 268.087639 812.716949 270.597047 803.301251 338.883914 687.873892 335.841660 
672.722821 276.226976 792.910265 278.868459 784.325448 347.546998 666.119115 346.226257 
653.008560 282.619990 771.581970 283.693053 767.289720 351.832524 647.643247 351.832524 
631.253645 285.680839 751.851097 285.680839 746.755430 353.623065 626.724163 354.755436 
604.960273 290.488453 722.095269 288.643807 720.250623 358.740340 602.654466 360.123824 
571.412639 292.578365 690.279342 289.936883 687.698721 359.967937 572.073009 363.238016 
540.436618 291.880759 654.239847 290.182203 652.541291 359.256800 538.738062 363.786282 
504.821816 293.819210 611.106105 290.753317 612.128070 361.779837 503.288869 365.867695 
461.201025 294.246953 570.927721 292.095450 571.465597 362.019324 463.890405 365.784456 
420.108586 293.861971 537.517522 291.478033 538.113506 361.804198 421.300555 365.976089 
377.970400 294.647568 495.897028 290.517842 496.355887 361.640906 381.641268 368.064924 
330.891357 296.158753 454.127154 293.726468 458.180963 364.262747 334.945166 368.316556 
298.264531 296.988993 426.440127 292.675389 429.683174 362.400906 303.204330 368.887001 
268.753662 295.567294 395.028501 291.911756 400.461920 362.884848 276.070788 368.738548 
241.524046 297.870690 377.175055 292.480584 387.056916 362.551966 252.304258 368.840423 
230.103807 300.355503 364.122736 294.193713 374.905868 363.513849 242.427386 371.216086 
229.883621 302.932897 359.396742 297.079197 371.835855 366.591889 242.322734 373.177302 
235.015391 302.536805 364.737283 296.050710 373.655663 364.154703 246.366057 372.262322 
242.372710 304.626327 368.885810 295.589677 380.702967 364.407242 254.884995 372.748765 
252.786581 305.716647 379.372852 297.667809 392.982102 363.222055 266.689119 372.302489 
267.305243 304.631672 393.621935 296.159211 404.405067 362.398452 284.362136 372.095691 
289.572597 303.993673 412.646691 294.111812 425.223606 362.386492 303.047863 373.166704 
310.760632 305.504117 432.407843 295.772340 445.615254 363.199651 323.272916 373.626555 
341.296474 309.829934 459.833906 298.854246 469.346170 366.171800 353.003875 373.488926 
365.275417 314.682749 486.200543 301.588945 499.294346 365.517515 380.238117 378.300381 
398.006996 317.457783 505.838319 302.053308 520.432031 368.535778 410.979185 382.318729 
423.810827 322.093416 534.475025 304.552509 549.357296 368.306840 439.985526 384.481538 
442.359358 325.067436 559.140681 304.908755 575.823727 367.470178 461.127785 388.323986 
468.982311 324.408761 579.264196 302.616532 595.956290 366.576970 484.170834 388.464707 
483.825321 322.900611 596.496180 300.253202 618.011218 362.533576 502.509433 386.313356 
497.835310 323.878500 614.428579 298.093450 634.047639 363.116620 517.454370 387.780580 
512.469510 327.121713 628.529638 300.772928 647.350199 364.135484 530.662719 391.738974 
522.937062 335.381294 641.108638 307.576218 662.657572 372.918148 542.400615 400.723225 
537.472486 359.816546 648.418841 332.506674 666.340945 377.738649 546.860255 402.488221 
535.650141 368.136212 657.825884 336.693925 674.894554 395.086744 555.413864 426.529031 
538.092245 374.108818 662.442892 340.153291 683.550382 407.605487 561.035169 440.643297 
551.602569 381.879911 674.530276 347.489421 693.554803 409.684988 569.163670 447.002328 
574.948853 379.582265 690.339922 345.521046 709.803475 415.033738 595.802661 447.009576 
603.016264 373.874887 710.578008 340.947823 732.576932 410.683438 622.040790 440.460729 
635.837622 365.324410 743.370243 332.893937 763.852647 399.461750 657.173459 433.599090 
671.189997 354.656697 781.678591 318.802783 798.507980 390.510612 690.214523 422.705964 
710.723892 338.002288 811.100219 304.323389 834.873559 374.983040 730.535009 407.341198 
752.278874 316.962381 858.352207 282.938910 875.521842 350.296708 769.202180 384.635978 
782.297464 291.980760 898.022744 257.742512 915.141868 330.327599 800.786118 364.565847 
813.796076 270.952004 933.244415 233.126697 948.175458 304.795701 832.708730 340.630202 
838.218464 246.151746 961.292558 211.116055 972.971122 283.882490 849.897028 322.511585 
855.186185 225.884339 983.945622 191.427588 993.013188 261.550099 867.748466 301.270268 
857.147784 206.344194 995.017832 165.522336 1005.800965 237.923367 868.701140 280.285672 
857.465356 187.976497 993.563889 149.927444 998.685877 214.318148 866.977619 256.757476 
849.996492 166.745060 983.772193 127.828493 987.015240 192.689439 856.482587 236.470577 
826.903365 150.289218 963.452725 110.177843 969.426760 185.279991 839.704868 227.951666 
807.287379 142.085604 926.154083 103.784111 934.078529 177.085244 819.174050 215.386737 
775.312813 138.314771 893.585925 100.861619 905.413236 175.110850 787.797197 217.820586 
742.454352 140.832750 864.796690 101.905643 869.662578 175.589096 751.491002 222.162600 
704.657538 149.948851 830.286335 110.513803 840.990134 191.637331 714.797979 234.452526 
671.922131 158.564195 805.464764 116.258704 817.489162 199.363739 684.664748 242.665471 
651.779152 166.576499 785.089615 123.105696 799.096874 204.251195 664.820393 251.586069 
632.766237 175.167071 771.005799 131.896965 783.368686 212.817684 646.253024 260.021437 
617.951176 184.007509 757.949738 139.762680 769.888254 221.946071 635.781182 266.553830 
606.774625 192.717427 747.317579 148.834816 760.363760 231.262963 622.785848 276.924597 
597.075341 200.478840 738.346003 158.426178 751.487460 238.589065 612.188016 284.584164 
589.394142 204.133525 732.902137 164.401972 743.548447 246.116593 604.219348 288.933704 
582.409975 208.310215 727.691501 166.706869 738.257430 249.913562 596.938127 292.837649 
575.459543 212.270812 720.640586 173.593237 731.290932 254.872199 586.670435 296.913042 
566.592587 218.270590 714.933115 181.468550 721.727337 266.962518 580.747217 302.066002 
555.886112 217.869059 701.431786 186.501456 711.469419 268.684574 569.687857 303.816289 
540.678324 219.346150 688.482466 187.758975 698.018217 272.984750 556.173920 304.571925 
525.882891 220.835287 673.310622 191.349741 680.838846 277.296971 538.429932 307.409869 
506.783292 221.415027 660.785672 192.539580 669.844635 278.033549 522.636478 310.306106 
492.968196 221.052294 646.942342 194.078721 655.371584 282.304783 505.893034 309.840306 
478.672933 224.348809 631.967581 196.917135 640.573597 284.590917 493.733460 312.022591 
461.819941 226.745398 618.406426 200.403746 629.382114 287.477539 476.454192 314.550904 
450.369152 227.202748 608.197719 204.089778 618.763648 289.277582 465.557675 315.692405 
441.606892 226.765036 598.114718 204.312436 608.680647 289.500240 456.135045 315.915063 
431.369053 231.014398 590.681718 206.822475 603.072703 291.199183 447.300319 317.161247 
429.035947 233.170145 584.619254 210.585471 595.284239 292.141237 446.601804 317.862671 
424.131544 235.822764 578.757313 213.634312 589.851539 295.454226 440.772882 316.949289 
419.387874 235.361590 570.171938 215.098119 582.091627 294.364050 434.287485 317.011459 
413.933866 237.976003 560.583191 218.146063 572.573388 299.310469 428.229869 318.679248 
405.518789 238.734010 555.586181 221.521979 566.343701 301.127621 422.730819 319.415403 
402.577073 241.297985 548.717971 223.413609 561.492525 301.082898 418.928502 319.989238 
402.282395 242.982482 548.219523 225.145722 559.570189 300.546571 416.065346 317.572570 
402.560271 241.645642 545.987807 226.356412 556.180627 301.346444 415.665325 318.091791 
402.560271 241.645642 545.987807 226.356412 555.413302 303.648670 416.436332 317.273863 
405.483154 245.006597 544.943513 230.702971 555.671233 305.201026 419.838499 317.610800 
408.779461 242.878043 547.424263 232.213058 556.834543 304.358543 421.326502 316.278232 
411.688291 244.198046 548.705114 235.139083 556.631707 305.912235 424.144365 317.235940 
414.155601 245.597252 550.191939 236.352064 558.776756 308.332456 424.721530 314.936162 
420.924387 242.605432 554.263920 237.203786 561.186183 308.277140 430.653529 315.573996 
429.335409 241.911069 562.001546 237.530583 568.259383 309.495705 437.470597 311.998839 
443.546094 240.338443 570.059193 238.253063 576.315336 307.765754 449.107110 311.241389 
460.637529 239.433530 584.717684 237.243881 589.826866 306.582791 463.557062 310.232207 
477.159054 238.767469 599.492702 238.767469 603.021856 306.277570 480.295814 309.030898 
497.153844 240.292807 616.618926 239.726621 618.317481 309.933589 499.418585 309.367403 
516.949433 241.283687 633.620840 242.889257 636.296789 308.717620 518.555002 309.252810 
536.328504 246.611144 650.572613 247.931885 651.232984 313.308572 538.309616 311.987831 
557.130843 250.067553 672.266738 251.501786 669.839573 316.549815 556.248239 315.578949 
575.087051 253.560173 687.728110 254.752142 686.297054 320.546465 573.906298 318.755378 
591.828413 256.248971 701.584826 259.477100 699.740181 323.117374 591.367252 321.272728 
604.552004 259.158553 716.656678 260.857109 713.825752 325.968409 603.985819 323.703668 
615.340594 264.170911 725.954940 266.338448 724.614342 329.282211 613.642038 326.451285 
621.860145 269.536551 732.571464 271.143511 729.904310 333.377094 620.246517 329.778658 
622.269731 272.936408 738.988814 276.701540 735.813918 338.313763 621.193979 336.405771 
625.574894 280.145893 737.637114 282.451700 734.870146 344.247327 623.730248 341.019197 
625.174190 284.024883 735.976637 286.176387 732.749381 349.107874 623.022686 346.418495 
619.313462 286.220034 732.550506 289.795941 727.782630 349.990369 617.525509 347.606432 
613.742675 288.954599 725.343734 292.182729 721.330654 352.630390 611.436868 350.289066 
609.292968 290.006118 715.169604 292.270859 710.073937 353.418863 607.594412 350.587937 
606.448274 288.975361 707.568954 292.202617 702.190195 350.831096 601.069515 349.217469 
598.937545 287.961425 702.191849 289.838776 698.160044 349.547962 596.434410 347.410873 
593.679587 284.173174 698.533127 287.571206 692.980925 346.991339 587.368957 344.852306 
589.927579 283.858222 699.150016 286.285388 692.839386 345.508220 585.558682 343.081055 
592.458589 282.973275 699.253860 285.528186 693.122074 344.291135 586.837785 342.758188 
598.466428 282.916373 701.200736 286.681505 694.228356 344.316471 593.087668 341.544852 
607.614015 282.786115 707.828799 286.749412 703.677270 344.139367 603.084533 341.669378 
619.645622 283.938511 717.754197 287.004404 713.666339 344.234406 614.024818 341.679495 
635.419745 286.102559 731.161665 288.254063 725.782906 343.117411 630.578861 342.041659 
650.949176 286.889693 744.637756 288.831426 736.385394 343.685361 643.182248 343.685361 
663.557994 288.034920 756.251435 289.879565 750.717499 343.374288 656.869638 341.577573 
673.422882 287.276447 768.516245 287.276447 761.421107 341.984251 666.819176 340.766464 
679.985033 288.150973 770.192667 285.212673 766.683376 339.801050 672.606451 343.029180 
678.918360 287.082581 774.472024 284.016688 768.851221 338.180797 676.874432 342.779636 
676.635258 288.303027 771.780136 283.448697 768.632111 335.170660 673.237226 342.186096 
667.429412 286.362174 761.045176 281.289399 759.784520 330.442239 667.890573 339.856897 
652.902282 281.544721 740.038187 270.249326 737.886683 325.112674 651.288654 335.870193 
625.927494 275.563949 702.391455 264.441918 704.476836 306.149533 628.611514 318.299980 
591.477874 267.353347 676.185231 253.850246 680.436842 297.074959 594.786692 309.265045 
542.624425 255.841874 623.833188 242.168401 626.737095 277.983261 546.891592 295.099815 
489.016172 252.272653 564.595584 234.244536 572.916254 281.394995 496.643452 300.809890 
427.934511 258.402175 518.398462 231.092303 529.579977 283.195027 442.377155 314.613690 
387.694061 261.757056 474.633879 233.044553 493.423111 288.825085 408.871567 318.770423 
352.836729 272.775669 440.422721 239.409576 460.581401 294.324603 372.300283 329.776076 
321.090509 286.025900 417.571166 245.487809 441.083259 298.187327 342.170316 341.968466 
301.789955 297.318673 402.689264 251.875473 428.876871 305.020910 325.666891 352.004558 
296.907094 312.405675 398.395624 258.880903 421.334813 304.064152 321.236536 358.979179 
299.549314 322.474193 400.525645 270.522602 428.376625 320.017652 328.086103 372.230646 
318.193984 334.685276 414.780040 283.465398 439.658266 325.904725 344.535635 378.588029 
338.362828 345.240962 430.892986 291.339899 456.046816 334.460749 364.415008 385.666759 
357.423609 356.261114 451.986878 300.468785 478.203816 345.470690 385.792589 397.868952 
378.888447 361.656193 468.348579 308.967777 495.922064 353.085354 411.149439 405.802814 
400.864689 368.245844 487.989702 312.582642 515.146720 357.180660 428.292934 411.001638 
420.535406 370.235210 504.854636 316.724929 534.042062 360.506068 448.101308 412.394825 
432.906033 373.976874 517.515273 319.229718 546.928852 361.478452 463.763520 415.783792 
440.256200 377.099092 526.426552 321.465890 560.397665 364.972754 473.383937 418.611354 
446.658322 378.687270 534.487608 321.895401 567.506137 365.479858 482.318333 420.290616 
452.254842 379.974998 537.748810 322.224106 572.286109 366.386553 483.961214 423.005075 
452.574361 378.421650 539.588090 321.803128 574.155187 365.905977 487.737443 421.332530 
451.431787 378.186009 537.379017 319.842269 571.582437 360.137733 486.563502 418.963892 
448.623899 371.915232 532.893492 312.614408 567.849768 351.315998 484.204394 412.489481 
444.594020 364.643046 526.545826 303.910904 558.741178 337.569681 478.252798 400.496960 
442.360848 349.733506 522.117515 290.464790 555.555566 327.319516 474.556200 387.050846 
436.860886 337.716113 516.964154 277.638661 553.164669 316.149848 473.061401 373.916628 
432.345084 324.967482 515.529247 261.809136 550.189315 301.090546 470.086047 362.708445 
435.479850 311.078102 512.638938 252.687441 546.700157 289.529168 468.845942 347.919829 
427.964957 301.373870 512.770441 239.507574 548.917040 279.129808 466.196937 340.300977 
426.240865 292.538565 511.225266 232.834333 550.876164 275.966927 463.892182 334.492890 
427.732839 289.129467 514.150583 232.510945 549.313665 275.421825 465.279859 333.232315 
431.570316 294.100816 518.762840 238.048479 551.601583 278.813815 467.239985 335.432337 
437.562571 299.697712 528.294927 249.941259 555.368291 288.722023 470.489636 340.673614 
442.645810 312.579536 533.451134 262.312302 561.017036 301.228870 475.580342 354.818645 
451.674378 325.700593 542.805517 277.493541 569.220340 319.757257 480.070313 367.303939 
461.287447 338.432685 552.092771 295.462308 573.172578 332.757352 483.988778 378.160014 
466.077342 354.297700 559.849963 315.996207 582.334467 357.472830 489.419817 396.262441 
472.384008 368.625286 568.137742 329.003051 587.948859 371.927139 493.515867 411.549373 
476.773057 380.962826 571.310318 342.035719 594.249506 387.914095 500.407372 426.841203 
483.816975 387.417204 579.744489 351.965731 600.598297 399.929488 506.756163 436.771215 
494.496462 390.810224 590.774428 357.690603 610.030021 406.214698 514.522279 441.644990 
508.335042 390.943219 602.994488 359.390071 621.440944 409.875108 526.781498 442.399123 
521.997718 387.515754 616.550650 358.074122 633.536206 408.464607 537.284719 439.038609 
536.780545 379.503452 630.996094 351.353684 644.783736 404.780794 548.749941 429.210770 
549.752222 366.938986 645.875785 341.785157 657.554349 390.296114 563.227488 415.449943 
563.035638 351.545391 656.877772 330.691583 667.999803 380.740722 574.852796 402.289656 
576.983173 336.258398 673.233607 317.217101 682.349780 370.648887 585.763724 387.478276 
590.072794 323.554487 687.043002 306.903037 692.730404 362.513190 597.719190 375.689006 
600.428835 313.452714 700.177811 297.768913 705.897746 352.868188 608.584412 366.150286 
611.215014 303.116853 711.289011 290.789711 714.764646 347.094992 615.393087 357.431804 
620.908932 296.793303 720.862835 287.797452 723.840146 341.319596 625.058952 350.100147 
630.649464 291.465837 731.653143 284.564964 733.921457 338.286521 633.158872 345.418113 
642.193037 287.702653 740.205932 282.836764 740.901059 339.142045 642.193037 344.007933 
653.441678 284.487942 750.759447 283.024517 750.027735 338.634671 651.978253 340.829808 
664.078940 284.690993 760.691154 285.318345 758.181746 339.270620 662.238602 340.332050 
675.227510 285.467335 770.812433 286.992627 766.236559 342.411545 669.634775 340.377823 
684.742830 287.697330 779.975218 292.563218 775.804457 344.697737 681.169796 340.591471 
694.143358 290.827299 791.878203 296.770634 783.270315 352.813076 686.879282 344.317315 
703.745617 294.145931 799.103128 304.810915 789.065495 356.881135 694.174374 348.931554 
711.767103 301.256100 807.694617 310.987877 795.448946 364.588118 700.645072 353.390619 
717.247134 305.836464 813.525100 319.700491 801.201521 373.616152 708.774673 358.981901 
724.632265 310.194554 819.725627 326.703819 806.518216 379.533464 712.745594 364.344941 
732.459275 316.870430 825.377291 334.555812 810.383002 388.190452 717.931122 368.379334 
740.303280 321.076595 830.892916 341.936051 815.335346 394.803647 723.019731 374.715195 
745.373375 329.660866 835.712069 349.736131 816.891508 402.433703 729.689574 380.476381 
749.903165 334.426180 840.373933 358.859891 819.902445 409.708425 730.752418 386.595455 
749.795382 340.199909 842.247262 363.973249 820.455033 416.802895 730.644635 390.388072 
751.535172 342.469302 841.528822 369.288601 818.881414 418.159326 729.483747 393.127979 
746.101054 342.871495 835.369984 370.676572 811.955183 419.701313 725.613102 391.164523 
736.921830 340.551927 822.350718 367.580303 801.611807 418.013563 713.709804 390.740090 
723.746115 335.622757 807.654765 360.365051 786.677602 410.925391 700.079573 384.569469 
709.911335 324.654643 792.397963 348.918071 770.570257 398.962079 687.854057 372.740388 
691.053251 310.807907 763.493815 329.326125 751.669343 367.094278 676.527042 343.995219 
668.999334 285.173215 737.241163 305.016583 725.141548 339.863475 655.447765 322.924014 
644.304578 253.471850 710.498866 270.493238 701.042539 305.481648 633.902618 286.568994 
614.935556 224.225659 691.709331 242.208705 677.876218 293.391222 598.335821 278.174798 
594.731611 211.762797 662.842304 224.493768 651.384431 274.781102 579.454446 262.686680 
568.638849 206.200922 658.310221 213.152191 648.578445 267.372091 557.516818 261.811076 
558.789905 208.738165 648.706728 212.026374 643.977709 264.869664 552.186199 264.209293 
560.048894 217.139692 655.471407 214.353854 651.081132 261.915169 558.153639 267.037157 
572.226592 224.289548 662.036990 216.365101 659.905793 266.883449 573.547333 274.477712 
585.108502 232.770275 676.581592 222.122613 676.097608 267.617166 588.496395 277.296858 
592.575078 246.033754 689.029612 229.012365 689.221798 280.149351 597.303242 297.097919 
598.722627 257.752547 698.054639 237.185298 700.999816 289.693905 607.064150 310.582193 
604.477780 266.024903 702.427823 239.980383 709.222045 292.069423 614.102928 318.113943 
604.883303 273.928675 702.501948 244.948140 711.653696 296.299615 616.577203 326.297011 
602.879194 282.649414 699.428674 251.658223 710.156394 302.912885 615.990852 333.308092 
594.456748 291.474503 689.660793 261.353449 700.418312 310.300161 608.979399 342.034843 
580.014619 300.753295 673.067160 269.556490 687.589811 319.578954 597.226650 352.389387 
565.828875 311.489313 650.028692 281.250460 666.949556 330.852848 582.503030 360.973901 
545.937122 319.956482 632.005836 290.546051 647.474321 340.615094 560.836733 371.211144 
519.831247 331.986783 603.037940 300.288996 620.867945 350.477159 537.661253 381.514576 
493.965213 341.416066 580.382957 310.424875 597.070521 358.699614 511.844746 391.478759 
464.857693 348.633175 557.309573 317.595758 575.139578 368.444292 484.668810 399.481709 
440.490834 355.416651 531.080469 326.541204 549.764581 376.365504 460.873502 405.240950 
416.079422 362.367822 511.198539 331.227635 527.568781 381.728081 434.763534 412.758307 
395.191234 367.932247 489.744166 339.056801 506.729723 388.881101 414.441532 419.455103 
375.003374 374.535616 473.340807 345.928363 488.836402 397.183025 394.074876 425.790278 
360.652689 382.117201 458.387534 354.381637 470.934575 401.928318 379.143065 428.343141 
349.698221 386.278546 449.823607 358.863262 466.511171 411.309893 367.577754 435.149270 
345.013093 387.295517 448.030902 362.861806 462.559055 415.031081 362.843098 438.144051 
348.441920 387.396166 450.127370 365.934915 464.434870 416.522149 362.238438 437.472418 
352.095321 384.250938 455.313717 366.877544 467.066307 418.486742 366.913803 437.904065 
356.530278 383.794297 460.340338 366.582266 470.113232 418.678444 368.901425 435.430389 
362.341861 381.878356 465.447170 368.170714 474.982921 419.425376 372.473597 433.133018 
368.911458 379.224630 471.390982 367.334741 478.185205 418.857596 377.404236 431.879856 
377.302296 374.636048 477.965781 367.993280 482.053639 421.135425 382.923099 428.289175 
383.430755 372.541181 486.476465 369.710255 487.608835 422.365480 386.827866 425.762592 
391.052224 371.510604 492.836886 371.835811 492.965564 425.864385 392.184595 425.864385 
398.546799 370.249602 499.667479 375.628361 498.591727 430.491709 396.933171 422.961446 
408.347686 370.042981 505.165359 376.837204 502.900618 429.492429 405.516760 422.698207 
414.545148 367.072358 514.544357 378.237318 510.660892 431.149521 410.661683 420.955427 
424.655206 363.819343 521.894773 376.993736 515.426823 430.917497 418.381685 415.889563 
434.620575 358.000596 531.668765 374.175294 526.277199 424.239837 430.769456 406.524691 
451.135915 349.645123 545.013600 363.300059 538.186132 412.799202 444.308447 399.144266 
464.785523 340.578813 560.539256 355.767336 551.995369 406.302057 455.540335 390.106605 
478.499019 332.583896 573.358152 351.231418 564.029518 398.587886 471.202162 377.986558 
498.745582 327.867683 589.783085 344.371558 581.453890 386.965577 490.720434 371.693609 
517.531051 312.449530 606.714852 329.475529 597.796472 378.121238 507.959373 361.828945 
538.438074 305.774491 626.828706 324.128830 615.719501 376.293793 527.328868 359.388481 
557.843805 302.011013 646.927795 318.322166 637.260870 367.662624 549.060876 350.944472 
575.506467 297.709133 665.507110 313.806809 657.458272 366.490112 568.189342 351.124149 
596.747283 299.284862 686.334579 315.295171 674.821245 367.227088 587.211532 352.327477 
615.994796 301.686040 704.899914 316.191611 694.605637 369.066760 607.499676 353.852287 
635.357345 304.490951 726.132610 317.024199 716.137220 369.105443 628.425332 356.866165 
656.942082 308.051446 743.450627 319.938116 732.884698 372.107391 649.678006 361.541462 
676.442368 313.744137 762.980156 322.794079 754.166119 375.678301 668.914143 365.187005 
697.704972 317.777821 782.632755 324.005859 773.955579 376.249526 690.344564 369.300676 
716.262084 318.210594 803.064158 323.997399 794.962631 375.499963 710.220368 371.500416 
731.221455 320.091314 820.305445 322.600722 811.120699 373.569189 722.438526 371.534182 
741.592602 320.590877 832.063371 321.251248 825.459665 374.080893 734.988897 372.760152 
742.452703 318.488338 837.810214 319.115690 831.584065 369.683988 738.061239 370.558557 
743.210039 315.415154 829.031799 315.415154 821.879986 367.861785 737.250195 367.265801 
732.227385 312.067558 813.551796 311.121925 807.878000 362.186090 729.390487 362.186090 
717.824855 305.923823 803.429498 305.923823 795.466275 356.689368 708.866229 356.689368 
701.038436 299.385991 790.624690 302.372199 780.691230 354.211295 697.056824 352.142340 
685.599124 295.464934 778.876156 297.224878 769.404840 350.818407 677.613331 348.176925 
680.499874 290.489027 769.649901 294.451250 760.404713 345.960155 673.896168 341.337561 
674.485441 284.707843 766.912289 290.099409 755.358933 342.474623 664.472532 335.542610 
674.378801 282.523408 765.972199 289.424281 754.679862 341.494501 663.086464 334.593628 
679.725342 281.768940 770.856481 291.674498 757.824958 342.598196 667.838671 335.258956 
685.551042 282.857341 777.068522 293.025950 765.883053 344.377425 674.365573 335.225677 
690.938283 284.221695 783.254496 294.909819 770.987426 344.886771 679.230882 334.709861 
693.610528 284.296205 787.452662 297.503617 772.159870 348.943009 682.488497 337.125851 
694.927959 286.451626 786.709563 300.159268 773.484808 349.401050 682.412286 338.302272 
691.536362 288.257986 783.327871 300.805027 770.120460 352.313932 678.989321 341.087632 
686.994908 291.024187 776.805306 300.929746 765.094516 353.016907 673.787496 341.872721 
677.729422 290.350684 769.925203 301.326372 754.559239 354.009675 663.826883 344.497412 
664.109982 292.896012 753.781354 303.322915 739.878816 354.762307 652.292824 345.030531 
649.963487 293.230800 737.549479 303.657704 725.732321 355.792223 635.365822 344.670192 
630.597750 293.230800 717.807452 303.448017 706.892236 356.300642 617.390338 344.670192 
613.215749 291.264818 698.345740 302.615483 686.444574 354.488292 598.622036 343.964336 
592.235031 292.393680 678.577111 303.369368 663.211148 356.052672 579.064205 344.345271 
569.093566 291.278893 654.594559 303.950349 641.960673 354.485889 555.505121 344.500304 
545.670952 288.835736 637.248012 299.785168 626.298581 353.536920 535.716924 342.587489 

