605.158902 268.253744 636.306988 268.253744 635.108985 294.609817 605.158902 294.609817 
604.827032 271.968895 635.358391 272.319830 635.358391 296.885292 604.827032 296.534356 
603.492877 273.751962 633.831222 274.085351 633.497833 298.422704 603.826265 298.089316 
601.958536 276.902967 632.087940 277.024578 632.235602 300.757625 601.958536 300.298882 
600.646459 279.479367 630.054993 279.479367 630.054993 304.760387 600.329858 304.912824 
598.593305 282.402820 628.272474 282.503546 627.922636 308.216617 598.536197 308.216617 
596.104244 286.196984 626.458458 286.032015 626.281114 309.455016 596.599149 309.787488 
593.600793 288.063203 624.364459 288.063203 624.565528 314.805474 593.600793 314.403335 
591.278039 290.591656 621.332669 290.803308 621.332669 316.624892 591.066387 316.413240 
588.700533 292.276465 619.665268 292.276465 619.432451 319.283302 588.467715 318.817667 
584.947171 294.021313 617.261257 294.292860 616.718163 322.262195 584.947171 322.262195 
582.484611 295.982349 614.112877 296.424702 614.334053 322.965904 582.484611 323.629434 
579.620555 297.716607 611.348977 297.716607 611.348977 325.314702 579.808297 325.314702 
577.879070 299.053972 609.396747 299.053972 608.976511 326.789528 577.879070 326.789528 
576.299893 300.262957 608.024055 300.189746 607.742171 327.703490 575.728215 327.703490 
574.176542 300.536059 606.205824 300.698645 605.718068 328.663296 574.013957 328.988467 
572.051617 301.093005 604.178450 301.710828 604.023994 329.512895 571.897161 329.512895 
570.671226 302.467499 602.847195 302.509347 603.080012 329.981819 570.019919 330.214637 
569.420089 302.378004 601.277257 302.774798 601.198243 330.856787 569.129227 330.510353 
567.723219 302.859806 600.339812 303.618332 599.960550 331.494141 567.723219 331.494141 
566.744108 304.181151 599.090660 304.424358 598.847453 331.663560 566.539166 331.383877 
565.596192 304.330062 597.191273 304.371870 596.991242 332.040998 564.955477 332.040998 
563.307649 304.847918 595.902107 305.338061 595.902107 333.031096 563.062578 333.031096 
562.596112 305.579864 596.140840 305.816095 596.154871 333.966501 562.425882 334.252340 
562.988270 305.849828 595.924243 306.249052 595.924243 335.592009 562.788658 335.791621 
563.512637 307.541109 596.639148 307.423157 596.720807 336.575575 563.694102 336.938506 
563.586844 309.313239 596.161201 309.313239 595.911589 338.268223 563.586844 338.143417 
563.456715 309.940223 596.218853 310.456162 596.734793 339.606726 563.456715 339.348757 
563.877636 311.482945 597.412445 311.682557 597.412445 341.225126 564.077248 340.825902 
565.057222 312.761648 598.791642 312.362424 598.791642 342.304218 565.057222 342.703442 
565.379438 313.425988 600.345674 313.425988 600.558694 343.375933 565.564444 343.767060 
567.321815 314.191788 601.043672 313.854569 601.043672 344.541459 567.321815 344.372850 
568.857437 314.720854 602.991081 314.321630 602.392245 345.061871 568.857437 345.061871 
569.128704 314.942941 603.762721 314.942941 604.263950 345.037015 569.108499 345.502650 
570.983063 315.123012 604.659659 315.264434 604.659659 345.763534 570.435478 345.297899 
571.246307 315.150428 605.546974 314.849545 606.148740 346.141381 571.547190 346.141381 
572.045764 314.824178 606.735580 314.824178 606.968398 345.788913 572.511399 346.254548 
572.619161 314.255597 608.349022 314.255597 608.349022 346.269552 572.905000 346.269552 
573.356402 313.831263 608.780672 314.075568 608.780672 345.346648 573.356402 344.613732 
572.935287 312.551632 608.466215 312.751244 608.665827 345.088381 573.534123 345.088381 
574.514155 312.269712 608.763868 312.269712 609.056601 344.470297 574.221422 344.323931 
574.271482 312.686849 610.015672 312.686849 609.861602 345.041504 574.271482 345.349644 
575.133868 313.855493 610.987772 313.622675 611.220589 346.217133 575.599503 346.682768 
575.471056 314.393372 611.191090 314.393372 610.980972 346.751521 575.050820 346.751521 
575.825390 315.105076 611.425194 315.105076 611.859051 347.619641 576.212344 347.854159 
576.011094 315.455212 611.166901 315.455212 612.117058 347.760549 576.242228 348.534243 
575.660302 315.872793 611.260106 315.872793 611.776045 348.634932 575.918272 349.408840 
575.689195 316.592135 611.818959 316.192911 612.018571 348.530048 575.689195 349.528108 
574.151600 316.111436 610.706081 316.257071 611.579893 349.316303 574.442871 349.898844 
573.557725 315.913603 610.494230 315.692426 611.378937 349.532459 574.000078 349.974812 
572.659487 315.638415 609.893604 315.041077 610.490943 348.890274 573.057713 349.288500 
571.977928 314.047654 609.168787 313.627493 609.589023 347.246274 572.188046 348.296863 
571.496990 312.183336 609.119144 311.951100 609.351379 346.089721 572.193697 346.786427 
570.043681 310.736274 608.683397 309.786117 609.000116 344.941925 570.677119 345.575363 
569.438809 309.254574 608.895258 309.254574 609.630472 344.054672 569.193738 344.299743 
568.269217 308.411100 607.716910 308.640447 608.175604 343.501199 568.498564 343.959893 
566.370810 307.660629 606.098128 307.660629 606.614067 343.260433 566.370810 344.034342 
563.716314 307.327667 604.406732 307.327667 604.406732 342.674899 564.332835 343.291421 
561.458088 307.463737 602.088557 307.463737 602.762922 343.205062 561.626680 343.542244 
559.468979 308.333313 600.212052 307.634860 600.444870 344.420034 559.934615 344.885670 
557.169709 308.454241 598.173297 308.725788 598.987938 345.656172 557.441256 346.470813 
557.078064 310.018881 598.148598 309.387027 597.832671 346.034581 557.078064 347.298290 
554.936174 311.923371 597.928462 311.686250 598.516800 348.622845 555.446837 349.365605 
553.197364 313.668278 596.607608 313.668278 596.607608 350.575115 553.685119 351.225455 
552.172755 315.768759 595.081031 315.105229 595.302208 353.147618 552.393932 353.811148 
550.113573 318.703923 593.832631 317.617736 594.375725 355.362760 550.928214 356.720495 
548.974343 320.238870 592.678855 319.818635 592.258619 357.639847 549.394579 358.480318 
547.349070 322.642612 590.422852 322.009174 591.689728 360.648891 547.982508 361.282329 
545.507062 324.261902 589.446866 323.873054 590.224562 361.980141 545.895910 363.535533 
544.105971 324.500457 588.804029 324.500457 589.542840 363.288028 544.475377 364.765649 
541.699851 326.409547 587.320248 325.235215 587.548778 364.430609 542.538550 366.387576 
540.307871 327.286104 585.656210 326.199916 586.470851 365.574223 540.850965 366.931958 
538.392784 327.300415 583.841167 327.014576 584.984523 366.460343 538.964462 367.317859 
535.500487 328.299880 581.918522 326.778718 583.166598 367.355338 536.484723 368.528695 
533.618130 328.992340 579.508918 327.854552 580.646706 367.487505 534.376655 369.004556 
529.857895 328.983678 577.156620 328.248465 578.136905 369.665483 531.573393 370.890839 
527.102743 332.385377 575.544912 331.482728 575.845795 369.995757 528.306275 371.199289 
523.652235 333.707628 571.387329 331.992595 572.244846 373.439234 524.795591 374.868428 
520.305944 336.977418 568.734997 334.520872 569.436867 376.633091 521.358749 379.089638 
516.338980 338.403167 565.574386 336.675609 566.150239 379.288709 517.202759 381.016267 
512.912029 340.686433 561.956686 338.800100 563.004649 381.556980 513.121621 383.652906 
509.259334 341.442905 556.035091 340.247904 556.547235 383.438658 510.112906 384.633659 
503.417866 343.220198 548.421834 341.660655 548.867418 385.327871 504.531826 387.332999 
495.893748 344.569836 543.598753 342.358345 545.178389 386.588152 496.841529 388.483715 
491.522492 344.216567 538.685908 342.787372 539.543424 387.949916 492.094169 389.950788 
485.077732 344.502660 534.422550 342.998245 535.926965 388.431583 486.281264 389.935999 
479.651174 343.786339 530.326212 341.569306 532.226526 388.126997 480.284612 389.710592 
473.035271 341.360875 526.599060 338.775037 528.446087 386.428338 474.882299 388.275365 
468.636254 339.112128 522.311788 337.111797 523.645341 384.119563 470.303196 386.786670 
462.526533 337.001367 517.374542 334.954800 519.830423 382.435166 464.573100 385.300361 
458.006293 335.051732 512.465032 333.055862 513.320404 381.241867 460.002163 383.237737 
453.585462 332.598454 508.457027 330.270569 510.119801 379.156145 455.580792 382.149139 
448.926362 330.758252 503.581766 328.546761 504.529547 378.463257 450.190071 380.042893 
444.660594 328.631361 499.746851 326.874501 500.928927 376.226204 446.090906 378.334732 
440.107251 327.120172 496.563640 325.985370 498.265843 375.916649 442.944255 378.753654 
437.198295 326.642604 493.622891 325.141950 495.423676 376.764453 438.698949 377.964976 
435.079092 326.101642 492.488576 324.701411 493.888807 376.509970 436.479324 377.910201 
433.948240 325.422064 491.575489 323.944443 493.053110 376.030609 435.795268 377.508231 
431.754725 325.164223 490.956807 323.939353 492.589967 375.792211 433.387886 378.241952 
432.855781 324.002571 492.163824 322.949765 493.216630 376.642846 433.908587 378.397521 
434.106131 323.158992 493.047275 323.158992 494.684529 376.779061 434.924758 378.825629 
436.310091 323.041424 495.414960 322.302613 496.523177 376.974618 436.679496 378.452240 
437.859867 321.926634 498.717420 321.261524 499.049975 376.465643 438.192422 378.128418 
440.326650 320.025829 501.704233 319.540630 502.666691 375.065564 440.778489 376.354902 
443.636081 318.030653 505.481326 318.083084 506.496153 374.575113 444.045395 375.334544 
448.077142 315.930174 508.821088 316.390355 509.863401 371.770887 449.170074 373.441345 
450.633198 314.101571 512.615103 314.101571 513.517753 371.269348 451.234964 372.472880 
453.694726 312.604468 517.481930 312.303585 518.384579 370.073128 454.898258 370.674894 
458.255318 310.980828 521.771682 310.980828 522.641770 368.986640 459.036946 369.971290 
465.568725 309.382901 526.520622 309.382901 527.628839 368.487771 465.568725 369.226582 
466.813200 308.005306 531.872504 308.867019 533.165073 369.186903 468.536625 369.186903 
470.811455 309.729312 537.304434 308.562769 538.082130 370.389573 471.200303 371.167269 
476.338164 309.111059 541.353520 309.111059 543.200548 370.432361 477.446380 371.540578 
478.533067 309.049289 546.965424 308.347419 548.018229 370.813878 479.585872 372.568554 
481.717081 308.693435 551.202244 307.991565 552.255049 371.510830 482.769887 372.212700 
483.579296 307.196344 553.638407 307.196344 554.453048 371.824516 484.122390 372.639157 
483.851863 306.758693 555.374012 307.189549 557.959150 371.817997 484.713576 373.110566 
484.313082 306.567789 557.126777 306.567789 558.029426 372.762057 485.516614 373.664706 
486.110248 306.432541 559.455697 305.765764 559.789085 372.776834 486.777024 373.776999 
485.984994 304.584366 559.780517 304.267647 560.730674 371.728791 486.935151 373.312386 
486.368852 302.680643 560.987845 302.981526 562.191377 370.680210 486.368852 372.485508 
486.511746 300.881065 561.574146 300.564346 562.841022 369.292366 487.145184 370.559242 
486.180786 298.140903 562.832415 298.258440 563.755928 368.327937 486.365490 367.706662 
485.520069 295.231210 563.199568 295.564599 564.533122 367.576495 485.853458 368.243271 
484.148353 294.729570 564.309332 293.990759 565.271348 367.202242 485.625974 368.241252 
483.088204 294.353647 563.832687 293.579738 565.122535 366.585133 483.346173 368.132950 
481.322950 292.928203 563.514137 293.934626 564.520559 367.068008 483.000321 368.074431 
481.708227 292.770927 562.826765 292.280784 564.297192 368.007759 481.708227 368.988043 
479.546034 294.329134 564.102938 294.329134 564.102938 369.577021 480.709661 370.740648 
478.871584 295.183701 564.375020 295.183701 565.431243 373.162729 480.185786 373.910496 
478.682790 298.234282 565.307587 298.234282 566.214653 375.788420 479.136323 377.149019 
477.245898 298.050332 566.845187 298.438207 566.845187 379.116355 477.633774 379.892106 
476.076213 302.000994 566.240797 302.719716 566.240797 382.446038 477.152253 384.138721 
476.798285 304.154950 568.075196 304.154950 568.075196 387.654905 477.207598 387.654905 
476.078558 307.310744 569.178779 306.252787 568.564150 390.752041 476.757958 391.546900 
477.881293 309.925634 571.152213 310.254052 570.950000 394.729594 477.881293 395.642923 
478.813037 312.352236 572.545829 313.580176 573.364456 399.126699 479.631664 400.354639 
479.111667 314.878248 574.127363 314.878248 575.460917 402.559399 479.111667 402.892787 
480.443680 316.331115 576.426835 316.331115 576.714727 405.625642 479.682339 405.248084 
480.863258 317.569429 578.518568 317.881427 579.142564 408.048790 481.175256 408.048790 
481.906573 318.406482 581.039616 319.039920 581.039616 411.521864 481.589854 411.521864 
482.237288 318.415432 583.828673 319.322498 583.616901 412.722180 481.783755 413.657355 
482.060682 318.263002 586.080365 318.998124 585.712804 414.196350 482.428242 414.196350 
483.542529 318.487620 588.426676 318.303949 589.083743 415.831459 484.567200 417.880803 
485.344049 318.757709 592.736975 319.742966 592.736975 417.611748 485.015631 417.940166 
487.473998 321.727211 596.049790 321.727211 595.597391 420.350223 486.569199 420.350223 
488.691393 324.549117 599.750436 324.548758 600.755495 426.060097 489.696453 425.557209 
490.664264 326.574737 604.203364 327.984233 604.568175 431.225717 490.747174 431.590528 
492.274929 329.355486 607.279551 331.355567 607.279551 438.359868 491.274889 435.859767 
492.490889 331.558229 608.417154 334.285906 607.735235 440.665302 491.127050 440.665302 
492.759632 334.812952 610.448727 337.176187 609.503433 445.884989 490.396398 446.830283 
491.956349 335.467632 613.648347 337.485079 611.440591 449.545347 489.875648 450.463648 
490.371177 336.612005 615.167476 340.028076 615.005847 453.848270 490.940287 452.135539 
490.556602 337.293500 616.638635 338.404355 615.527780 456.154976 490.556602 457.265831 
490.092639 336.913919 618.166835 339.062815 617.307276 457.252089 487.513964 457.252089 
488.379575 333.930911 619.976031 336.551649 617.944224 458.784119 486.524442 457.046774 
488.524533 331.463898 620.326550 333.736347 620.326550 459.478501 486.252084 457.206053 
486.372096 330.415779 623.007251 333.748344 621.340968 459.830377 484.150386 458.164094 
485.912542 327.693970 625.324834 331.581963 622.547697 459.885705 484.246260 458.219423 
484.383979 324.086781 625.614656 327.761929 624.039592 459.017205 481.233853 457.967162 
481.827597 322.777677 627.560843 325.105684 625.232836 459.664496 477.171583 458.733293 
479.633115 321.864501 628.391929 323.678633 625.670731 461.552656 476.458384 458.377925 
477.202267 316.555872 628.490127 321.316679 626.903191 460.438032 474.557374 458.851097 
476.953181 313.486244 630.579837 318.422040 627.979011 461.622423 470.783436 459.709206 
474.316363 314.108636 631.238770 319.551032 629.878171 465.588648 469.327501 461.506851 
472.328053 315.600974 634.142585 321.128799 631.629937 470.882622 466.297697 469.877562 
471.246914 316.277642 638.878892 321.552774 634.776011 478.048362 466.557908 474.531607 
471.142660 316.608741 642.061255 321.819673 638.934696 479.189844 463.847354 476.063284 
471.133999 315.462439 644.559700 322.658526 643.840091 483.131270 463.937912 482.411661 
470.404879 316.438666 650.199117 323.274949 647.464604 490.763878 464.252225 487.345736 
472.330388 316.858705 654.993087 322.959612 653.759138 495.095504 465.581908 490.776682 
474.934400 316.662895 660.912115 322.787909 659.798476 497.629235 466.025288 495.958776 
476.500408 316.063048 670.416020 322.880394 666.932222 501.912409 470.440545 499.373900 
480.569039 315.678703 677.741828 320.715964 674.143784 507.814230 473.372952 504.216187 
481.913456 313.166637 684.161379 319.983983 681.888931 511.627146 477.368559 509.354697 
484.397967 311.579017 692.715780 316.228969 689.925809 514.316889 476.028055 512.456908 
486.906354 309.729418 699.039240 314.939699 696.061936 516.652022 478.718769 513.674718 
486.981136 305.748649 708.951606 311.790892 706.890685 519.943831 481.219925 516.852451 
490.848747 301.279689 718.789353 306.580633 718.338315 522.921353 482.696537 518.274896 
492.437782 295.753181 729.972973 301.305951 728.122049 522.182830 484.417113 520.948881 
495.576222 288.062058 741.639341 294.633477 738.109032 524.293604 487.197666 521.643132 
497.900022 283.378416 754.686711 288.680796 749.384331 528.045379 490.325193 525.015448 
503.276266 280.868739 765.673011 285.286193 763.022539 533.547086 494.441359 531.780104 
505.460894 279.388016 779.077856 287.073886 777.913442 541.103409 496.126401 539.243428 
505.743431 280.819313 787.527055 286.121693 788.284538 551.240694 496.653637 548.210762 
503.485915 281.176056 794.340376 284.781690 795.542254 562.415493 497.476526 560.011737 
501.729755 281.371926 803.883582 288.086456 803.883582 571.775327 490.818645 570.936011 
495.386508 278.991573 809.723208 287.361485 809.723208 584.958361 486.086606 582.168390 
487.861502 281.176056 815.974178 283.579812 818.323306 594.920828 479.448357 592.462441 
484.903576 277.284067 824.571541 285.702373 823.777487 604.995072 476.132722 603.400371 
480.315211 275.215042 832.732563 283.458723 834.793484 617.327793 468.980150 613.205953 
474.640845 273.964789 842.415493 277.570423 843.617371 629.720657 463.823944 624.913146 
469.833333 265.551643 850.828638 273.964789 853.614810 637.721586 456.612676 632.124413 
465.563962 260.153296 861.054546 267.984792 863.012421 645.854509 450.879906 639.980886 
459.016432 251.129108 871.260563 257.138498 873.664319 651.354460 442.190141 644.143192 
451.805164 239.110329 883.279343 247.523474 884.481221 657.363850 434.978873 651.354460 
443.392019 228.293427 894.096244 236.706573 892.894366 665.776995 426.565728 657.363850 
430.171362 213.870892 898.903756 224.687793 901.307512 669.382629 414.546948 663.373239 
418.152582 203.053991 908.518779 213.870892 910.922535 677.795775 400.124413 669.382629 
409.739437 188.631455 919.335681 198.246479 920.537559 681.401408 389.307512 672.988263 
401.326291 175.410798 927.748826 188.631455 930.152582 688.612676 378.490610 680.199531 
390.509390 163.392019 937.363850 176.612676 940.969484 698.227700 366.471831 689.814554 
378.316787 151.129883 950.584507 163.392019 949.382629 707.842723 355.654930 697.025822 
366.827089 149.557724 960.199531 156.489645 960.199531 722.038489 342.205701 710.378228 
0.000000 0.000000 0.000000 0.000000 0.000000 0.000000 0.000000 0.000000 
0.000000 0.000000 0.000000 0.000000 0.000000 0.000000 0.000000 0.000000 
0.000000 0.000000 0.000000 0.000000 0.000000 0.000000 0.000000 0.000000 
0.000000 0.000000 0.000000 0.000000 0.000000 0.000000 0.000000 0.000000 
0.000000 0.000000 0.000000 0.000000 0.000000 0.000000 0.000000 0.000000 
0.000000 0.000000 0.000000 0.000000 0.000000 0.000000 0.000000 0.000000 
0.000000 0.000000 0.000000 0.000000 0.000000 0.000000 0.000000 0.000000 
0.000000 0.000000 0.000000 0.000000 0.000000 0.000000 0.000000 0.000000 
0.000000 0.000000 0.000000 0.000000 0.000000 0.000000 0.000000 0.000000 
0.000000 0.000000 0.000000 0.000000 0.000000 0.000000 0.000000 0.000000 
0.000000 0.000000 0.000000 0.000000 0.000000 0.000000 0.000000 0.000000 
0.000000 0.000000 0.000000 0.000000 0.000000 0.000000 0.000000 0.000000 
0.000000 0.000000 0.000000 0.000000 0.000000 0.000000 0.000000 0.000000 
0.000000 0.000000 0.000000 0.000000 0.000000 0.000000 0.000000 0.000000 
0.000000 0.000000 0.000000 0.000000 0.000000 0.000000 0.000000 0.000000 
0.000000 0.000000 0.000000 0.000000 0.000000 0.000000 0.000000 0.000000 
0.000000 0.000000 0.000000 0.000000 0.000000 0.000000 0.000000 0.000000 
0.000000 0.000000 0.000000 0.000000 0.000000 0.000000 0.000000 0.000000 
0.000000 0.000000 0.000000 0.000000 0.000000 0.000000 0.000000 0.000000 
444.971174 167.750949 1025.983707 183.809084 1012.237551 726.782225 423.605805 710.431343 
457.814554 175.410798 1015.485915 188.631455 1008.274648 713.852113 437.382629 694.622066 
472.237089 181.420188 1007.072770 194.640845 997.457746 703.035211 451.805164 677.795775 
487.861502 186.227700 997.457746 200.650235 990.246479 685.007042 468.631455 665.776995 
497.476526 192.237089 989.044601 205.457746 980.631455 669.382629 483.053991 651.354460 
513.100939 197.044601 981.833333 207.861502 972.218310 654.960094 493.870892 635.730047 
521.648177 203.009292 971.607436 213.935455 965.007042 640.537559 504.687793 622.509390 
529.927230 207.861502 963.293622 220.570617 955.392019 627.316901 514.302817 610.490610 
537.138498 211.467136 954.681821 224.523903 945.940890 615.680540 521.514085 600.875587 
545.551643 216.274648 942.171362 228.293427 938.565728 606.884977 528.725352 592.462441 
551.561033 223.485915 938.565728 233.100939 931.140904 600.282775 538.340376 582.847418 
557.570423 227.091549 931.354460 239.110329 922.941315 592.462441 543.147887 574.434272 
563.579812 230.697183 922.941315 240.312207 915.730047 584.049296 547.955399 567.223005 
565.983568 233.100939 916.931925 243.917840 908.518779 574.434272 552.762911 558.809859 
567.359273 233.960132 910.043478 245.879582 900.105634 567.223005 556.368545 554.002347 
572.375373 235.340804 901.699862 246.813274 892.894366 556.406103 557.570423 543.185446 
571.992958 236.706573 894.737817 247.828232 883.901953 547.620474 563.579812 534.772300 
574.169272 238.371453 887.527970 246.344957 877.162415 538.175195 562.209016 527.012290 
575.155269 238.136694 878.830147 246.771999 869.475234 528.858616 565.080747 517.344876 
578.186900 236.832410 871.108249 246.064888 861.875771 519.681965 565.597157 510.449487 
577.662536 236.112033 863.869356 245.344511 852.118929 513.086375 566.751426 500.496632 
576.884330 239.011060 853.564911 246.187213 844.794057 503.731385 565.721425 492.568480 
576.755785 237.901177 846.220456 244.969103 836.502058 494.996978 567.037387 486.162070 
576.191422 236.921298 836.127646 244.097452 828.154142 488.086667 565.028517 476.923762 
574.723723 233.508033 827.345132 242.436585 819.551769 476.237457 564.968598 467.145201 
573.921590 233.251987 820.094424 239.699371 813.060915 469.460683 563.371326 459.496544 
574.043859 231.319228 812.953953 239.234924 805.757865 462.313626 566.128163 452.239104 
576.075462 230.647074 807.712377 237.885727 800.473723 456.158974 566.052711 446.136223 
576.890666 231.159155 803.378040 237.976500 796.560695 450.829184 569.315837 442.496872 
577.971658 231.594094 799.611143 237.350964 792.415056 444.598274 570.055962 436.682578 
579.380221 230.656953 797.803931 236.724278 791.736606 440.738090 572.554480 432.395518 
583.625911 231.967218 797.066624 236.740652 790.929351 434.497223 576.806719 429.041869 
586.945211 234.573336 796.192120 239.848468 790.916988 436.200610 579.325576 427.994849 
587.307844 238.988930 794.581536 242.470709 789.555768 436.691956 582.005464 429.874610 
590.707817 240.612475 793.327754 244.833723 789.106505 434.262258 584.903600 428.458041 
593.463180 243.039078 793.362925 246.123950 787.810154 431.833281 588.527383 426.897485 
598.463115 243.590333 794.105736 247.477272 790.218796 431.459075 593.928352 424.333019 
601.958052 246.246886 795.299156 248.627934 790.060850 428.635169 597.672165 422.920654 
606.536685 247.653420 795.653124 250.574378 790.867727 428.317731 601.564843 421.667891 
611.524747 249.133545 798.902085 251.525596 794.915333 425.347979 608.033718 421.848562 
615.891208 254.017534 798.987869 254.545190 795.294276 426.033418 612.725271 420.756857 
618.302066 256.061882 800.147189 256.711329 796.899954 425.567514 616.882410 421.324639 
622.367950 258.562309 801.478559 259.245937 797.376790 428.102122 618.266180 421.949468 
626.019032 262.622904 802.738356 264.654161 799.082094 427.967192 622.769021 425.123432 
629.396118 265.111316 803.721329 267.845829 800.986816 429.865731 627.345233 425.763962 
633.675835 269.093440 805.298258 270.979401 802.783644 431.286060 632.418528 428.142792 
637.263876 271.509391 809.354456 272.757729 806.564485 431.786059 636.738921 429.520919 
641.643328 274.605458 812.476075 273.458930 810.805209 431.962623 640.424023 428.605359 
646.139876 276.683788 813.537403 276.683788 813.537403 432.388106 644.909012 430.541810 
649.625722 277.006254 818.206758 277.390266 815.518678 432.530901 648.857699 431.762878 
651.987210 276.338934 818.108882 277.706191 817.425254 432.889810 651.303582 430.838925 
653.416360 277.957794 819.212497 278.484131 819.212497 431.648182 652.890023 429.542834 
653.175031 276.222678 819.900567 277.613627 819.900567 431.341013 652.037329 428.690541 
652.758477 274.964690 817.270801 276.551626 816.741822 429.955400 650.642563 427.310507 
649.231285 273.776795 813.384311 277.424640 811.925173 429.174993 646.313009 426.986286 
639.738104 271.583635 806.477427 275.277228 800.145554 428.825149 635.516856 424.603900 
629.087123 269.894455 789.396514 276.608984 785.199933 427.685898 624.890542 420.971368 
610.210623 267.577807 767.184818 273.785826 760.533369 425.882292 600.455165 419.230843 
580.109140 263.267086 737.433411 272.089008 727.631276 424.022104 571.777325 414.710076 
547.334315 257.914422 710.313006 268.825129 698.720380 422.256951 536.423608 411.346244 
518.248958 251.801054 680.378233 265.214627 668.714256 418.012720 502.502590 405.765545 
498.883605 246.681829 667.265823 261.298341 653.818632 416.818029 486.021074 402.786178 
490.593995 243.464282 657.230294 259.147698 644.487518 414.511542 475.400685 400.788553 
485.781592 241.140917 654.106453 257.885275 638.243377 412.990906 468.155952 398.009112 
481.018971 240.172965 651.922357 259.390744 633.505552 414.705801 462.843157 398.744570 
478.030296 239.550061 646.464341 257.961880 630.098280 415.485217 458.936559 397.755318 
470.005023 237.652720 640.382537 256.439594 624.186956 415.156290 451.218148 398.960709 
461.831904 238.444179 632.838777 257.919961 618.113186 417.051357 444.731217 401.850746 
454.685615 239.364050 629.938852 259.821627 614.254710 420.072641 436.955716 405.070418 
451.052502 238.264422 629.371542 260.176507 615.015348 424.139353 435.185130 408.271981 
450.652700 244.108751 631.274488 261.379360 616.162705 428.328582 433.382091 413.216799 
455.431717 247.707118 635.130735 266.023547 620.774615 432.356522 438.600404 418.000402 
459.165835 252.341416 640.507231 271.429984 626.190805 439.250312 443.258695 422.547814 
464.326029 257.929608 645.344224 273.962648 633.448743 441.533777 450.878963 428.603906 
471.072483 261.566165 652.771480 276.219310 640.462838 446.781916 457.005464 435.645526 
479.336897 264.823003 660.498391 279.862825 649.560339 452.820780 465.664332 441.199099 
488.413865 265.270320 672.993500 280.993771 662.055448 453.951726 475.424928 444.380930 
499.020905 267.725434 685.995034 282.378579 676.030895 458.216318 489.056766 447.079928 
512.398506 272.003332 699.712654 284.308641 690.141859 460.684738 502.144082 451.113942 
528.104264 271.878764 714.495515 285.517148 706.052706 464.764483 517.713115 456.321673 
539.373208 273.429018 728.784386 287.002457 721.380692 466.542043 531.969513 459.755324 
553.314917 276.452562 742.689231 287.561111 735.812510 469.529726 544.322282 461.595048 
565.023371 277.426583 757.122918 289.731892 750.970263 473.627900 556.819832 466.791617 
578.452741 280.314783 769.185031 291.936464 765.766890 477.199727 568.198317 472.414330 
589.684944 285.679302 781.921216 295.421005 777.375088 481.162809 579.293794 476.616681 
599.132539 287.614299 793.966598 299.304343 790.719364 485.695593 592.638070 483.097806 
606.963268 293.242343 804.487661 302.620356 800.970907 491.352862 602.274262 489.008359 
615.888666 298.316571 814.585311 305.350080 814.585311 497.013216 611.785785 495.840964 
625.712409 303.859367 823.615101 310.175410 824.667775 503.867406 623.080725 502.814732 
634.144768 307.946542 833.476383 314.423021 834.915600 507.997765 631.985942 508.717374 
640.101028 309.232388 840.152251 314.269649 842.311077 512.881655 638.661810 512.881655 
644.967798 310.099413 847.767324 316.546797 848.353449 512.898939 644.967798 515.829568 
652.405336 308.750589 852.024793 316.270501 854.075678 515.206330 652.405336 518.624471 
655.022881 309.508913 857.270804 316.326258 860.300735 517.059216 655.780364 519.331665 
658.735264 308.039808 862.856960 315.215962 863.654311 518.540308 657.140563 522.527060 
658.535252 307.222870 861.961140 314.769543 866.745242 518.093889 657.839444 521.283291 
661.374594 304.170868 864.698940 312.144372 866.293641 517.063419 659.779893 521.050171 
658.545581 300.867450 864.261978 308.840954 866.654029 516.949402 656.950880 520.936154 
656.054206 297.218186 864.256327 308.030990 865.235264 514.586715 656.944148 519.703888 
657.551749 295.386269 863.106066 305.848615 864.952362 513.864660 656.320885 519.403549 
657.331612 291.496184 862.115910 302.556849 866.031658 512.049386 657.518058 516.944071 
658.116641 290.740008 863.205125 302.253748 863.924734 512.379493 656.677423 518.855971 
659.204528 288.173819 862.528875 300.134075 867.312977 512.229275 659.204528 519.405428 
663.159406 285.959982 864.779573 299.290241 868.112138 513.129813 661.493124 519.239515 
665.713277 286.516962 867.186308 300.121250 871.073247 515.846392 665.713277 521.676801 
670.542306 289.158243 870.517780 302.035452 876.577643 517.918066 669.784823 526.250378 
676.108661 293.840569 873.811687 305.960295 879.380124 523.154420 674.593695 530.932704 
683.259939 299.182046 878.690516 311.301772 883.235414 529.456835 682.502456 537.031664 
692.882859 302.488165 885.718247 316.555184 890.407253 534.007855 690.538356 542.213616 
703.421708 305.128666 894.359087 319.416497 898.255768 536.981197 702.122814 546.722900 
714.379567 307.270049 903.744600 322.309871 907.162742 539.703664 715.063195 550.641717 
728.414077 308.545844 913.997377 324.452984 916.269826 542.608047 727.656594 552.455324 
741.359620 307.337851 922.555296 324.872916 925.802530 543.087063 739.411280 552.828766 
752.792825 308.031453 931.903434 325.122160 935.321575 543.199581 752.792825 552.770377 
764.907109 307.980175 938.309423 325.515240 942.855551 544.378834 764.907109 553.471090 
772.052601 306.312282 946.200357 326.921484 950.322197 544.348563 772.052601 553.622704 
782.899762 305.568772 951.818439 326.020809 954.090888 541.903424 779.869830 553.265667 
788.577151 302.850221 954.806764 324.438483 957.685199 541.040706 788.577151 551.834837 
793.032691 302.624515 957.823087 322.773559 958.542696 539.375782 793.752300 548.011087 
802.611922 301.105960 958.059003 322.670663 959.508731 535.780673 798.625170 546.689877 
806.971521 298.462019 960.740541 318.156573 959.983058 532.524222 804.699072 543.128982 
811.969794 295.040928 959.489581 315.909581 963.087625 527.474543 809.810968 537.549065 
816.242944 292.880327 962.018914 313.200614 962.902404 526.121878 816.242944 536.723767 
821.713910 289.575656 961.174079 311.451761 962.541336 522.009272 822.397539 530.896439 
828.546912 286.759017 963.221683 309.318750 963.905311 517.825376 827.863284 528.079800 
836.401513 284.356951 965.935314 306.043605 968.865943 514.118263 836.401513 525.254653 
843.458815 282.446676 969.321617 304.657758 971.789515 511.344223 843.458815 522.449765 
852.130069 280.447297 973.024333 303.474775 975.183159 509.282868 851.410460 520.796608 
860.249076 280.785424 977.474235 302.472079 978.646487 506.443856 859.662950 517.580246 
867.705145 279.842812 981.871068 301.718917 983.238324 504.756516 868.388773 515.694568 
877.498140 279.700931 988.862042 300.961312 988.887353 503.061484 876.409813 515.311513 
886.331769 278.558463 992.451387 300.769546 993.685336 501.286265 884.480845 513.008781 
894.877487 278.440530 997.524274 299.257011 998.242083 499.525916 894.159678 511.728680 
904.910272 279.323505 1003.379405 298.079531 1002.793280 497.362302 900.807391 510.257069 
911.177096 278.632845 1008.473978 299.147248 1009.060104 495.499390 909.418719 510.152534 
918.155124 278.079699 1012.285462 298.542816 1011.700801 495.573399 915.816482 508.435929 
925.814150 278.006508 1016.901256 298.798130 1015.911178 494.338383 923.833996 507.209387 
930.684960 276.748047 1020.212368 297.701270 1019.259949 490.566165 930.208751 505.804873 
935.317305 275.048123 1023.939526 295.357381 1022.708662 491.680217 934.701873 503.373427 
943.611182 275.511184 1028.164581 295.461986 1025.789485 490.219814 939.811030 502.570310 
948.913286 275.374235 1031.053087 295.297433 1028.998301 490.405654 945.442836 503.447847 
954.925535 274.701624 1036.314913 293.965382 1032.943756 488.047746 951.072784 502.013970 
963.089957 273.102349 1041.907758 292.674555 1039.791844 487.867633 958.329150 501.092096 
970.742568 273.311986 1048.634657 291.905581 1045.116950 486.887068 966.219802 500.957897 
979.816513 272.504357 1053.873507 292.605541 1051.228614 486.740662 973.997749 500.494104 
984.323432 268.564962 1061.164524 288.610465 1058.380427 485.724570 981.539335 499.088238 
996.238400 268.965918 1068.531940 286.879361 1066.612643 483.927242 994.319102 497.362325 
1009.195450 268.329759 1077.772169 287.671910 1074.841540 484.610178 1007.437073 496.918820 
0.000000 0.000000 0.000000 0.000000 0.000000 0.000000 0.000000 0.000000 
0.000000 0.000000 0.000000 0.000000 0.000000 0.000000 0.000000 0.000000 
0.000000 0.000000 0.000000 0.000000 0.000000 0.000000 0.000000 0.000000 
0.000000 0.000000 0.000000 0.000000 0.000000 0.000000 0.000000 0.000000 
0.000000 0.000000 0.000000 0.000000 0.000000 0.000000 0.000000 0.000000 
0.000000 0.000000 0.000000 0.000000 0.000000 0.000000 0.000000 0.000000 
0.000000 0.000000 0.000000 0.000000 0.000000 0.000000 0.000000 0.000000 
0.000000 0.000000 0.000000 0.000000 0.000000 0.000000 0.000000 0.000000 
0.000000 0.000000 0.000000 0.000000 0.000000 0.000000 0.000000 0.000000 
0.000000 0.000000 0.000000 0.000000 0.000000 0.000000 0.000000 0.000000 
0.000000 0.000000 0.000000 0.000000 0.000000 0.000000 0.000000 0.000000 
0.000000 0.000000 0.000000 0.000000 0.000000 0.000000 0.000000 0.000000 
0.000000 0.000000 0.000000 0.000000 0.000000 0.000000 0.000000 0.000000 
0.000000 0.000000 0.000000 0.000000 0.000000 0.000000 0.000000 0.000000 
1147.664518 339.836431 1231.386307 345.417884 1244.941264 551.929926 1167.598277 575.852143 
1146.230983 347.051647 1233.516641 352.507001 1253.292298 559.810440 1168.052397 586.405289 
1143.783641 354.201842 1233.698750 359.490966 1254.855246 568.033572 1166.451315 595.990370 
1135.095772 360.487565 1230.562674 364.049763 1251.935861 573.506996 1161.456036 602.004579 
1126.007853 364.453579 1223.469586 368.514484 1247.158201 576.297485 1151.726921 608.107911 
1110.408000 366.870126 1209.689983 371.806799 1233.276310 581.341149 1137.833962 609.315631 
1089.551855 371.447394 1190.613870 373.552852 1214.475734 584.098716 1116.922818 612.873317 
1063.099373 375.388334 1168.761501 378.275278 1191.857048 588.444756 1090.236641 614.427246 
1031.651033 379.960860 1141.475916 381.396479 1165.163636 589.561290 1061.799040 618.273678 
1001.537618 383.946690 1111.565152 385.533626 1134.840208 593.422189 1025.870630 621.458051 
965.327137 385.937543 1077.616500 388.405441 1101.678507 595.091906 990.623093 623.472734 
927.452988 389.108739 1043.669796 391.843252 1066.229529 598.298993 950.696350 623.593239 
886.377855 392.079720 1006.094049 394.863619 1026.696370 599.216577 909.207454 627.057552 
845.715748 394.802187 968.768839 396.853072 989.277687 602.625185 867.591853 630.653944 
803.702162 397.106603 931.278223 400.296004 950.414632 605.215051 825.230622 631.527613 
758.856681 400.658842 891.993288 402.607182 908.878907 609.131286 780.937874 633.160820 
718.066490 405.136338 855.219926 408.066967 871.045323 613.210996 735.064138 640.758908 
675.860523 407.868272 818.738834 411.286414 835.145913 619.109411 694.318487 646.454542 
636.234255 411.010460 787.316104 414.428602 800.305042 622.251599 654.692218 650.280358 
599.893651 415.937027 754.609525 415.937027 768.282090 624.623554 613.566216 654.847120 
565.250107 418.336853 723.943666 420.007311 738.420973 629.371446 579.727414 660.553338 
530.008796 421.543737 698.181353 422.910993 709.803034 632.101247 542.314105 664.915404 
499.975754 424.290475 671.566453 423.606846 684.555390 634.164357 510.913807 669.029399 
471.619087 425.668160 647.995184 424.300903 661.667749 636.909298 482.557140 673.141597 
445.172455 426.971311 627.765692 424.579260 640.523298 637.471811 457.930061 674.947279 
421.405820 425.005463 607.147623 423.057123 622.084901 636.075695 433.095863 675.042507 
397.051297 424.128250 590.932337 419.873808 605.518998 634.419284 409.814626 675.748158 
378.713220 421.615711 577.325225 417.298059 592.437008 632.461065 386.628916 675.637588 
355.091355 417.906537 561.547095 412.437511 577.954174 629.147676 366.029407 673.583514 
333.473977 414.111764 548.181111 406.708069 564.222449 626.350999 343.962544 671.390140 
313.153259 407.939892 535.881062 401.814877 551.472008 622.315402 324.846469 668.531421 
292.213166 399.516904 522.766803 392.372989 539.002975 615.782710 305.202103 661.243991 
275.468358 390.709831 509.918676 382.916468 525.505401 608.274531 285.210061 655.684152 
254.842496 377.622659 496.696509 372.686863 510.886923 599.733487 267.798961 644.772627 
237.769821 367.082689 485.209076 361.237668 498.718583 592.881877 247.511524 637.252586 
213.585250 357.086922 474.318823 351.505469 485.533294 585.537434 227.937556 630.578101 
193.923702 346.865610 466.007757 344.814725 477.629438 579.982853 204.861754 621.000550 
180.901854 340.694906 452.913948 334.218427 465.866905 573.848130 189.537158 611.267783 
164.651086 328.094629 444.578876 325.935803 456.812224 569.883158 171.847173 609.461637 
151.830333 319.935442 436.075776 323.533486 446.869907 570.359275 156.147986 609.218146 
142.074776 317.080903 428.281596 320.438168 435.835442 572.233024 143.753409 610.002252 
131.688268 316.178529 421.804203 319.208461 426.349100 572.965218 133.203233 607.809430 
122.000929 313.291694 416.320894 316.889738 424.412031 572.573850 124.159756 606.172441 
119.871065 309.916537 422.482156 317.564599 424.623720 571.875378 117.279772 604.676116 
119.409639 307.966251 423.274933 315.501086 425.453337 571.437553 117.017587 602.188540 
122.720668 307.073817 425.370167 314.440539 424.865353 570.350416 117.411250 598.254666 
127.078283 304.961280 426.298862 312.415396 426.302771 567.954124 124.982026 593.272447 
129.876044 300.347717 432.039743 309.918513 430.375873 564.945504 124.407017 588.838851 
136.277668 298.505975 437.978210 307.143618 434.865293 561.365167 128.256999 582.931230 
144.190654 293.983656 443.925371 303.558618 441.549628 556.911591 136.387330 574.737481 
156.267824 290.196958 448.177099 300.451383 443.391701 553.393846 148.747913 565.699155 
168.353123 286.197221 456.140889 299.091988 449.693505 548.781578 160.147362 560.504094 
176.878233 282.185519 464.527670 294.364172 457.733072 543.320763 165.473437 552.059841 
188.691105 277.468788 470.998595 288.048358 463.602016 536.409306 175.327437 540.287595 
199.665380 270.700777 476.091933 284.949569 469.679977 528.603901 186.841468 532.166099 
212.426239 268.822658 483.216357 283.074769 474.146831 524.065018 199.469774 524.712841 
223.811130 266.402857 485.424425 281.521213 477.536587 519.470994 210.017273 516.733255 
231.371584 265.339859 490.468493 278.879365 480.621579 512.743558 215.370350 509.050965 
234.415495 261.012774 496.282145 275.281149 484.531718 510.289681 218.468487 505.253784 
239.793425 261.657175 493.092315 276.557110 483.374966 506.534363 224.245667 500.703954 
240.695953 261.613066 490.413639 276.368632 479.174876 505.430012 226.259671 498.171827 
235.184123 262.554890 484.045540 276.077089 474.283286 504.947700 219.626038 495.926158 
228.215606 265.072695 474.495568 276.407756 464.190967 504.139437 214.671188 495.803299 
220.625670 265.250039 464.532880 278.651534 455.821908 501.116352 206.554100 493.745530 
211.350572 264.792639 454.795729 276.385265 445.248860 497.327089 199.076026 490.507897 
200.597756 264.794479 443.101000 275.643308 432.252170 494.534394 191.025259 488.790896 
191.953364 264.596356 432.343974 275.839569 422.706934 489.996015 180.391593 486.652498 
180.834426 261.248662 422.622955 271.323184 412.527620 487.452606 172.199122 482.168538 
175.034403 259.636814 412.523508 271.603360 403.537591 484.270065 163.074148 478.110818 
165.674699 257.544479 400.512311 267.733931 393.167544 479.602200 155.420275 474.938272 
153.707718 253.532368 388.192218 265.154049 382.723192 476.395188 144.820550 470.242533 
144.452223 250.459091 380.660919 261.595481 371.282906 473.186893 135.074210 466.739509 
131.991682 245.992926 365.792554 258.332416 358.648638 468.753201 121.600532 462.258732 
115.942123 242.644025 348.454836 254.257398 341.341400 464.819459 105.132704 458.958201 
95.609784 237.131440 327.462316 250.052015 318.148324 461.082946 86.278258 453.192158 
68.167298 230.450241 300.993608 243.207847 292.222754 456.100398 58.599093 450.518945 
28.708627 225.751280 263.129638 238.508886 254.358784 455.388189 20.735124 449.009386 
0.000000 0.000000 0.000000 0.000000 0.000000 0.000000 0.000000 0.000000 
0.000000 0.000000 0.000000 0.000000 0.000000 0.000000 0.000000 0.000000 
0.000000 0.000000 0.000000 0.000000 0.000000 0.000000 0.000000 0.000000 
0.000000 0.000000 0.000000 0.000000 0.000000 0.000000 0.000000 0.000000 
0.000000 0.000000 0.000000 0.000000 0.000000 0.000000 0.000000 0.000000 
0.000000 0.000000 0.000000 0.000000 0.000000 0.000000 0.000000 0.000000 
0.000000 0.000000 0.000000 0.000000 0.000000 0.000000 0.000000 0.000000 
0.000000 0.000000 0.000000 0.000000 0.000000 0.000000 0.000000 0.000000 
0.000000 0.000000 0.000000 0.000000 0.000000 0.000000 0.000000 0.000000 
21.595300 176.798875 293.710443 198.886143 280.458082 434.778166 6.575958 424.176277 
47.713888 176.282628 317.567156 201.468933 305.333808 436.780983 30.443278 426.706461 
72.753529 178.410693 345.876977 201.905183 332.171857 439.786896 60.027346 429.997525 
97.909993 180.084679 371.316783 203.829685 359.938992 444.631455 83.662989 433.138607 
123.330641 181.839749 398.607750 204.159515 388.377858 447.816956 111.240768 438.517054 
150.761933 182.685555 426.947758 205.245288 415.326077 449.300584 137.089367 441.780673 
176.682808 183.248462 452.697726 207.277996 445.553811 454.717252 161.096083 445.624996 
195.226244 183.445923 479.471687 205.753793 469.397165 456.177626 182.992896 448.981539 
214.459218 180.376099 501.583096 203.619460 489.961415 457.245552 200.786652 450.409269 
228.797444 177.524043 522.347427 200.904130 510.657383 458.734536 216.457953 452.240067 
243.049132 174.499475 540.847569 199.540232 529.300126 458.983487 228.913280 454.566034 
253.858870 169.052978 555.173382 196.750413 543.422955 461.135011 239.590495 456.099114 
263.148456 166.223964 571.486718 192.728686 560.001339 463.076847 248.129114 457.775902 
275.214742 160.223792 581.396467 188.182480 571.167679 463.677840 260.212519 460.268244 
287.418285 154.236434 599.445840 184.275497 588.969154 463.877693 272.480853 459.356819 
300.590380 147.833155 617.785100 177.905792 605.612843 463.595845 286.986092 459.299754 
316.805825 139.471701 639.395095 173.080592 629.781110 461.500154 300.061467 454.970656 
334.476733 126.187385 661.387531 163.445601 649.233780 458.740939 318.374591 450.583849 
354.207140 115.091135 680.722120 156.114812 669.838287 455.001601 336.625565 444.117768 
374.163171 103.915340 705.031684 145.273905 690.715258 450.690993 355.074603 439.555995 
394.791980 94.007000 727.855678 138.511201 712.781674 447.887179 376.128928 437.120034 
418.319170 83.700529 749.731905 131.434874 736.775440 444.435791 398.543512 433.525084 
438.346436 78.079707 775.726437 124.729782 760.731770 442.116894 418.353547 430.454375 
458.505265 74.324183 799.167030 123.815409 784.963543 446.944743 443.192132 432.741256 
480.376797 73.646345 819.670365 123.879419 807.332417 449.072475 464.513721 437.615809 
502.772095 72.355309 843.001960 121.460650 828.971862 451.167942 485.234473 439.768487 
519.992228 68.881179 862.274113 121.772420 848.673509 451.964879 504.124856 439.875453 
541.726991 65.313905 880.432871 121.612966 863.018881 455.507288 523.404446 441.842216 
559.066363 65.658542 898.945324 123.840381 881.997981 456.331105 534.980964 442.612403 

