1.0000 -0.0000 0.0000 0.0000 1.0000 -0.0000 0.0000 -0.0000 1.0000
0.9125 -0.0224 41.2169 -0.0228 0.9451 20.3765 -0.0000 -0.0000 1.0000
0.9217 -0.0035 35.2186 -0.0163 0.9695 14.4136 -0.0000 -0.0000 1.0000
1.0156 -0.0091 9.7188 0.0171 1.0109 -1.5065 0.0000 -0.0000 1.0000
0.9579 0.0130 20.1317 -0.0089 1.0011 12.1996 -0.0000 0.0000 1.0000
0.9610 -0.0079 19.5943 -0.0146 0.9810 18.0909 -0.0000 -0.0000 1.0000
0.9180 0.0015 32.2519 -0.0166 0.9693 20.6781 -0.0000 -0.0000 1.0000
0.9313 0.0152 25.3673 -0.0113 0.9896 15.0082 -0.0000 0.0000 1.0000
1.0345 -0.0156 6.8309 0.0183 1.0175 4.2793 0.0001 -0.0000 1.0000
1.0535 0.0035 -7.6361 0.0242 1.0405 -1.3072 0.0001 -0.0000 1.0000
0.9970 -0.0167 14.9871 0.0185 0.9945 5.2764 0.0001 -0.0000 1.0000
0.9984 0.0140 6.1927 0.0380 1.0199 -8.8863 0.0000 0.0000 1.0000
1.0063 0.0440 -3.7566 0.0242 1.0409 0.7528 0.0000 0.0000 1.0000
0.9633 0.0322 11.0985 0.0171 1.0121 6.1349 0.0000 0.0000 1.0000
0.9916 -0.0083 6.4265 -0.0039 0.9814 21.6326 0.0000 -0.0001 1.0000
0.9163 0.0663 14.1232 -0.0155 1.0040 22.1725 -0.0000 0.0000 1.0000
0.9736 0.0339 4.4364 0.0007 1.0017 17.0806 0.0000 -0.0000 1.0000
0.9198 0.0340 23.1235 -0.0180 0.9767 27.6313 0.0000 -0.0000 1.0000
0.9970 0.0303 -4.2012 0.0001 1.0040 16.0092 0.0001 -0.0000 1.0000
0.9427 0.0240 9.1432 -0.0216 0.9658 26.6525 0.0000 -0.0001 1.0000
0.9294 0.0530 9.5644 -0.0165 0.9866 16.7884 0.0000 -0.0000 1.0000
0.8888 0.1240 8.9872 0.0067 1.0251 -4.8323 -0.0000 0.0001 1.0000
0.9019 0.0349 17.8807 -0.0264 0.9524 15.9898 0.0000 -0.0000 1.0000
0.8988 0.0783 12.4928 -0.0343 0.9912 13.6145 0.0000 0.0000 1.0000
1.0154 0.0720 -18.4411 0.0065 1.0498 -12.9467 0.0001 -0.0000 1.0000
0.9647 0.1066 -11.1670 0.0121 1.0415 -18.4403 0.0001 0.0001 1.0000
0.9383 0.0821 2.4129 0.0031 1.0097 -9.2397 0.0001 0.0000 1.0000
0.9765 0.0611 -6.7813 0.0155 1.0138 -16.9044 0.0001 -0.0000 1.0000
0.9881 0.1008 -19.3045 0.0240 1.0463 -22.8828 0.0001 0.0001 1.0000
0.9740 0.1105 -19.7752 0.0272 1.0574 -26.1026 0.0001 0.0001 1.0000
1.0172 0.0828 -35.2093 0.0474 1.0436 -32.8749 0.0001 0.0000 1.0000
1.0024 0.1100 -35.2419 0.0538 1.0889 -41.2641 0.0001 0.0001 1.0000
0.9994 0.0727 -43.8731 0.0727 1.0406 -45.1778 0.0001 0.0001 1.0000
1.1003 0.0754 -79.1359 0.0992 1.1160 -61.9761 0.0002 0.0001 1.0000
1.1375 0.0687 -107.0432 0.1372 1.1513 -87.4072 0.0002 0.0001 1.0000
1.0935 -0.0419 -87.1502 0.1108 1.0283 -56.2040 0.0002 -0.0001 1.0000
1.1547 0.0092 -126.8618 0.1700 1.1385 -96.6405 0.0003 0.0001 1.0000
1.2170 -0.0453 -140.2059 0.2282 1.1519 -125.3911 0.0004 0.0000 1.0000
1.0912 -0.0761 -110.9376 0.1910 1.0474 -99.6797 0.0002 0.0000 1.0000
1.1626 -0.1333 -116.0729 0.2355 1.0579 -119.9816 0.0003 -0.0001 1.0000
1.2497 -0.1302 -141.1534 0.2991 1.1319 -155.6346 0.0004 0.0000 1.0000
1.2335 -0.1382 -134.9046 0.3016 1.1264 -159.0322 0.0004 0.0000 1.0000
1.1312 -0.1650 -89.2320 0.2794 1.0483 -140.8258 0.0003 0.0000 1.0000
1.1472 -0.1893 -81.4722 0.3175 1.0461 -160.3934 0.0003 -0.0000 1.0000
1.2168 -0.2007 -99.5297 0.3523 1.0926 -182.1556 0.0004 0.0000 1.0000
1.1953 -0.2072 -87.5532 0.3454 1.0814 -178.5816 0.0004 0.0000 1.0000
1.2881 -0.2823 -90.3918 0.4096 1.0831 -207.5318 0.0005 -0.0001 1.0000
1.1700 -0.2129 -74.0482 0.3732 1.0680 -196.1689 0.0003 0.0000 1.0000
1.2017 -0.2123 -77.7761 0.3852 1.0990 -204.6245 0.0004 0.0001 1.0000
1.1534 -0.1918 -59.7357 0.3867 1.0881 -200.8640 0.0003 0.0001 1.0000
1.2696 -0.2932 -60.9444 0.4316 1.0685 -209.7585 0.0005 -0.0001 1.0000
1.1831 -0.2397 -46.9740 0.4162 1.0602 -203.2511 0.0004 0.0000 1.0000
1.2148 -0.2696 -39.2782 0.4271 1.0582 -200.4584 0.0005 -0.0000 1.0000
1.1159 -0.2826 -2.5449 0.3837 0.9617 -165.1975 0.0004 -0.0001 1.0000
1.1296 -0.2432 -8.0298 0.3772 1.0194 -161.6783 0.0004 -0.0000 1.0000
1.2713 -0.2372 -42.6202 0.4600 1.0974 -195.6471 0.0005 0.0000 1.0000
1.2414 -0.2247 -26.8141 0.4579 1.0854 -185.0290 0.0005 0.0000 1.0000
1.2107 -0.2291 -12.3305 0.4087 1.0494 -147.6772 0.0005 -0.0000 1.0000
1.1824 -0.2440 6.8942 0.3901 1.0075 -126.9915 0.0005 -0.0001 1.0000
1.2104 -0.1976 0.3357 0.3982 1.0468 -123.3396 0.0005 -0.0000 1.0000
1.3669 -0.2180 -18.9655 0.4567 1.1095 -134.6476 0.0006 -0.0001 1.0000
1.1475 -0.1880 39.2566 0.3141 0.9672 -52.7365 0.0004 -0.0001 1.0000
1.2718 -0.2276 28.1888 0.3284 0.9852 -41.1046 0.0006 -0.0002 1.0000
1.1950 -0.1078 34.3380 0.3084 1.0239 -37.9373 0.0004 -0.0000 1.0000
1.2648 -0.1199 30.6742 0.2961 1.0274 -17.6950 0.0005 -0.0001 1.0000
1.1857 -0.0618 37.8339 0.2316 1.0083 8.2045 0.0004 -0.0000 1.0000
1.1663 -0.0419 45.7968 0.2055 1.0029 20.0097 0.0004 -0.0000 1.0000
1.2198 -0.0786 45.6320 0.1938 0.9559 44.1488 0.0005 -0.0001 1.0000
1.3385 -0.0784 21.5344 0.1916 0.9998 53.0265 0.0006 -0.0002 1.0000
1.2185 -0.0283 40.9262 0.1453 0.9622 66.3670 0.0005 -0.0001 1.0000
1.1042 0.0093 68.7562 0.0883 0.9368 85.0751 0.0003 -0.0001 1.0000
1.2058 0.0365 31.9521 0.0954 0.9707 86.0162 0.0004 -0.0001 1.0000
1.1213 0.1046 49.5703 0.0298 0.9822 112.5456 0.0003 -0.0000 1.0000
1.2419 0.0602 13.4550 0.0113 0.9545 135.0619 0.0004 -0.0001 1.0000
1.1595 0.1415 29.9490 -0.0221 0.9675 148.9902 0.0004 -0.0000 1.0000
1.2266 0.1061 1.2505 -0.0561 0.9255 179.9854 0.0004 -0.0001 1.0000
1.1701 0.1620 1.2325 -0.0868 0.9362 188.8052 0.0004 -0.0001 1.0000
1.1241 0.2023 -1.6555 -0.1370 0.9116 226.5092 0.0003 -0.0001 1.0000
1.2445 0.1922 -47.8835 -0.1371 0.9259 234.9081 0.0005 -0.0002 1.0000
0.9901 0.1450 25.8013 -0.2059 0.7848 267.4616 0.0003 -0.0002 1.0000
1.2348 0.2043 -72.8174 -0.2007 0.8921 269.3386 0.0005 -0.0002 1.0000
1.3191 0.2936 -125.3372 -0.2265 0.9795 274.4502 0.0006 -0.0001 1.0000
1.1174 0.3162 -95.0399 -0.2776 0.8981 285.3218 0.0003 -0.0001 1.0000
1.1953 0.3311 -138.9138 -0.3085 0.9054 297.4957 0.0004 -0.0001 1.0000
1.1858 0.3851 -163.3947 -0.3834 0.9230 320.6559 0.0004 -0.0001 1.0000
1.2132 0.4251 -190.7915 -0.4236 0.9317 328.7664 0.0004 -0.0001 1.0000
1.1783 0.4864 -208.9418 -0.4902 0.9412 341.6373 0.0004 -0.0000 1.0000
1.3799 0.6153 -309.3760 -0.5366 1.0664 350.7822 0.0005 0.0001 1.0000
1.3426 0.6223 -316.3235 -0.5638 1.0185 356.2793 0.0005 0.0001 1.0000
1.3127 0.6469 -311.4211 -0.6005 1.0130 370.2560 0.0004 0.0001 1.0000
1.1905 0.6024 -268.9557 -0.6231 0.9320 379.2713 0.0003 0.0000 1.0000
1.2581 0.6600 -304.6253 -0.7020 0.9793 416.5273 0.0004 0.0001 1.0000
1.2077 0.6526 -299.4176 -0.7493 0.9341 438.1932 0.0004 0.0000 1.0000
1.1388 0.6509 -284.4168 -0.7605 0.8997 440.7294 0.0003 0.0001 1.0000
1.1881 0.7134 -313.4726 -0.8196 0.9399 466.4020 0.0003 0.0001 1.0000
1.1080 0.6704 -279.9772 -0.8521 0.8737 488.8042 0.0003 0.0000 1.0000
1.1559 0.7117 -305.3175 -0.8858 0.8956 506.4958 0.0003 0.0000 1.0000
1.0560 0.6906 -268.1522 -0.8936 0.8368 520.7907 0.0002 0.0000 1.0000
1.1407 0.7673 -310.6593 -0.9573 0.8941 561.4499 0.0003 0.0001 1.0000
1.0863 0.6728 -275.5201 -0.9277 0.8165 566.2267 0.0003 -0.0000 1.0000
1.1123 0.7809 -299.0413 -1.0197 0.8667 640.1302 0.0002 0.0001 1.0000
1.1250 0.7966 -303.4757 -1.0284 0.8667 654.6511 0.0002 0.0001 1.0000
1.1700 0.7514 -308.5022 -1.0504 0.8475 681.3314 0.0003 -0.0000 1.0000
1.1564 0.7328 -300.0296 -1.0555 0.8348 692.4995 0.0003 -0.0000 1.0000
1.1834 0.7327 -312.4181 -1.1067 0.8377 725.7263 0.0003 -0.0000 1.0000
1.2374 0.7525 -328.4481 -1.1343 0.8530 749.7457 0.0003 -0.0000 1.0000
1.2768 0.7828 -346.4302 -1.1745 0.8903 768.8598 0.0003 -0.0000 1.0000
1.1131 0.7249 -278.8709 -1.1208 0.8193 734.6070 0.0002 -0.0000 1.0000
1.2344 0.6733 -308.1887 -1.1780 0.8210 779.0124 0.0003 -0.0001 1.0000
1.3154 0.7576 -355.3888 -1.2507 0.8875 823.9481 0.0003 -0.0000 1.0000
1.2189 0.7101 -317.2872 -1.2264 0.8352 816.5630 0.0002 -0.0001 1.0000
1.0756 0.6456 -252.1636 -1.2026 0.7844 803.9703 0.0001 -0.0001 1.0000
1.3682 0.7132 -370.9308 -1.2885 0.8856 878.8944 0.0003 -0.0001 1.0000
1.3385 0.6555 -347.9112 -1.2857 0.8620 882.6116 0.0002 -0.0001 1.0000
1.3757 0.6248 -362.8685 -1.2786 0.8544 888.9438 0.0002 -0.0001 1.0000
1.5695 0.6673 -442.6229 -1.3350 0.9300 937.0401 0.0004 -0.0001 1.0000
1.6079 0.6534 -466.3428 -1.3573 0.9539 946.4857 0.0004 -0.0001 1.0000
1.6377 0.6465 -483.9720 -1.3512 0.9745 932.4330 0.0003 -0.0001 1.0000
1.7851 0.6495 -537.0304 -1.4010 1.0275 946.9729 0.0004 -0.0001 1.0000
1.7526 0.5607 -519.3128 -1.3713 0.9889 915.5731 0.0004 -0.0002 1.0000
1.9124 0.5793 -600.6099 -1.4215 1.0624 929.4982 0.0004 -0.0002 1.0000
1.9699 0.5698 -630.9185 -1.3856 1.0921 895.5026 0.0004 -0.0001 1.0000
2.1184 0.5000 -684.8701 -1.3626 1.1223 876.0937 0.0005 -0.0002 1.0000
2.1649 0.4971 -717.5390 -1.3575 1.1472 862.0778 0.0004 -0.0002 1.0000
2.2193 0.4835 -747.2859 -1.3353 1.1923 842.2743 0.0004 -0.0001 1.0000
2.3792 0.4477 -811.8452 -1.3292 1.2319 833.6650 0.0004 -0.0001 1.0000
2.3240 0.3904 -788.2640 -1.2605 1.2013 791.4425 0.0004 -0.0001 1.0000
2.2813 0.3070 -760.6294 -1.2053 1.1477 752.0117 0.0003 -0.0002 1.0000
2.5755 0.3261 -879.2899 -1.1985 1.2506 730.7781 0.0004 -0.0002 1.0000
2.5004 0.3009 -848.9670 -1.1966 1.2443 706.0772 0.0003 -0.0001 1.0000
2.5369 0.2702 -855.4401 -1.1863 1.2587 683.4078 0.0003 -0.0001 1.0000
2.7278 0.2003 -921.7158 -1.1617 1.2829 654.5895 0.0004 -0.0002 1.0000
2.8647 0.1891 -968.2533 -1.1738 1.3408 636.9191 0.0004 -0.0002 1.0000
2.7660 0.1682 -931.6412 -1.1020 1.3126 577.4005 0.0003 -0.0001 1.0000
2.9161 0.1363 -982.9860 -1.1258 1.3514 572.6615 0.0004 -0.0001 1.0000
3.2075 0.0800 -1083.6128 -1.0810 1.4278 519.4171 0.0005 -0.0002 1.0000
3.3098 0.0441 -1112.9372 -1.0560 1.4525 488.4173 0.0005 -0.0002 1.0000
3.3058 0.0301 -1107.7388 -1.0399 1.4540 460.1643 0.0004 -0.0002 1.0000
3.5663 -0.0005 -1201.9021 -1.0031 1.5308 413.5142 0.0005 -0.0001 1.0000
3.4034 -0.0301 -1123.6475 -0.9647 1.4803 377.4115 0.0004 -0.0001 1.0000
3.2383 -0.0651 -1047.9221 -0.8690 1.4303 306.9198 0.0003 -0.0001 1.0000
3.4045 -0.1382 -1087.6398 -0.8139 1.4393 269.0738 0.0003 -0.0001 1.0000
3.4841 -0.1027 -1123.1800 -0.8179 1.4928 253.7388 0.0003 -0.0001 1.0000
3.6423 -0.1810 -1159.3784 -0.7318 1.4932 205.4194 0.0003 -0.0001 1.0000
3.9796 -0.2585 -1264.2054 -0.6231 1.5611 136.4548 0.0005 -0.0001 1.0000
4.0486 -0.3243 -1272.9372 -0.5226 1.5379 94.3359 0.0005 -0.0002 1.0000
3.7255 -0.3419 -1138.5707 -0.4785 1.4508 89.5069 0.0003 -0.0001 1.0000
3.8929 -0.4038 -1188.1643 -0.3817 1.4750 54.3311 0.0004 -0.0002 1.0000
3.9987 -0.4325 -1234.3295 -0.2382 1.4803 -3.7395 0.0004 -0.0002 1.0000
3.8480 -0.4788 -1179.1368 -0.2327 1.4009 27.5360 0.0003 -0.0002 1.0000
4.4637 -0.5887 -1401.8738 -0.1085 1.5364 -33.0037 0.0006 -0.0002 1.0000
4.9673 -0.6820 -1578.2896 -0.0409 1.6339 -64.7977 0.0008 -0.0003 1.0000
5.1350 -0.6935 -1659.5689 0.0293 1.6676 -89.3135 0.0008 -0.0003 1.0000
4.6922 -0.6785 -1499.7831 0.0655 1.5384 -85.6035 0.0006 -0.0003 1.0000
4.4769 -0.6830 -1414.6060 0.2081 1.4847 -150.6237 0.0006 -0.0003 1.0000
8.6619 -1.3525 -2936.8838 0.5419 2.2948 -313.9992 0.0023 -0.0007 1.0000
9.1718 -1.4522 -3128.8412 0.8151 2.4296 -445.6605 0.0024 -0.0006 1.0000
1.0000 0.0000 0.0000 0.0000 1.0000 0.0000 0.0000 0.0000 1.0000
1.0000 0.0000 0.0000 0.0000 1.0000 0.0000 0.0000 0.0000 1.0000
1.0000 0.0000 0.0000 0.0000 1.0000 0.0000 0.0000 0.0000 1.0000
1.0000 0.0000 0.0000 0.0000 1.0000 0.0000 0.0000 0.0000 1.0000
1.0000 0.0000 0.0000 0.0000 1.0000 0.0000 0.0000 0.0000 1.0000
1.0000 0.0000 0.0000 0.0000 1.0000 0.0000 0.0000 0.0000 1.0000
1.0000 0.0000 0.0000 0.0000 1.0000 0.0000 0.0000 0.0000 1.0000
1.0000 0.0000 0.0000 0.0000 1.0000 0.0000 0.0000 0.0000 1.0000
13.9940 -2.8663 -4877.4957 3.6992 3.1764 -1833.6749 0.0044 -0.0011 1.0000
6.3722 -1.5111 -2042.3681 1.7479 1.7152 -888.9385 0.0015 -0.0006 1.0000
6.1029 -1.4332 -1973.0899 1.7715 1.5810 -928.0900 0.0013 -0.0005 1.0000
9.8507 -2.1420 -3332.9187 2.7642 2.3882 -1513.1775 0.0027 -0.0007 1.0000
10.5344 -2.3238 -3566.0528 3.0506 2.5063 -1737.1912 0.0030 -0.0008 1.0000
9.9546 -2.1907 -3357.3658 2.9061 2.4196 -1715.5074 0.0027 -0.0006 1.0000
9.6638 -2.0903 -3269.7196 2.8792 2.4054 -1733.3473 0.0025 -0.0005 1.0000
10.7486 -2.2857 -3673.2455 3.1952 2.6313 -1926.7588 0.0030 -0.0006 1.0000
12.6323 -2.7155 -4340.7096 3.8343 3.0231 -2303.3854 0.0038 -0.0008 1.0000
13.1102 -2.8271 -4527.5779 4.0154 3.1045 -2409.6749 0.0040 -0.0008 1.0000
14.8178 -3.1542 -5197.3976 4.4563 3.4960 -2689.4501 0.0047 -0.0009 1.0000
17.6809 -3.7393 -6278.5310 5.4351 4.1458 -3294.5433 0.0060 -0.0012 1.0000
14.4880 -3.0479 -5185.1480 4.4678 3.5159 -2759.5165 0.0046 -0.0009 1.0000
28.8816 -5.8773 -10628.7373 8.9062 6.6804 -5532.4756 0.0106 -0.0019 1.0000
36.1695 -7.1388 -13575.0519 10.7279 8.4603 -6805.8131 0.0135 -0.0021 1.0000
109.0427 -20.9190 -41713.4378 33.3549 25.5431 -21460.5396 0.0437 -0.0060 1.0000
40.1230 -7.7753 -15463.4359 11.4028 9.5043 -7470.7948 0.0154 -0.0023 1.0000
156.9349 -29.6004 -61468.9751 45.7328 37.2288 -30264.3107 0.0639 -0.0084 1.0000
-52.7485 9.9796 20904.7537 -16.1326 -12.1964 10681.3651 -0.0238 0.0034 1.0000
34.9985 -6.6201 -13882.6265 9.0448 8.3849 -6142.4297 0.0133 -0.0021 1.0000
-235.5333 44.4637 93821.3593 -67.2911 -55.1104 45158.9262 -0.1015 0.0143 1.0000
-42.6647 7.8926 17092.4842 -12.7384 -9.9208 8498.0108 -0.0197 0.0027 1.0000
-35.2956 6.5615 14100.8449 -10.6482 -8.0970 7057.6713 -0.0166 0.0023 1.0000
293.3405 -54.7791 -116524.6208 82.1796 68.4277 -54592.0772 0.1247 -0.0187 1.0000
-27.4775 5.0652 10962.0466 -8.3544 -6.1968 5460.5505 -0.0132 0.0018 1.0000
-41.0786 7.7155 16227.8563 -12.2216 -9.2487 7909.6006 -0.0193 0.0029 1.0000
-115.6536 22.0367 45382.9952 -33.4598 -26.1975 21451.6040 -0.0520 0.0083 1.0000
-32.5665 6.0129 12849.2052 -10.0313 -7.1943 6317.8330 -0.0156 0.0023 1.0000
-72.8844 13.7015 28494.8653 -21.9383 -16.1887 13678.6984 -0.0335 0.0054 1.0000
-50.1243 9.1835 19622.5876 -15.2457 -11.0756 9378.0899 -0.0234 0.0036 1.0000
-111.6617 20.3324 43619.8879 -32.0409 -25.2218 19609.5312 -0.0500 0.0072 1.0000
-51.7208 9.1408 20300.6784 -15.7151 -11.5543 9414.4387 -0.0238 0.0032 1.0000
-34.2432 6.0821 13406.6326 -10.2512 -7.5576 6078.3498 -0.0164 0.0023 1.0000
-35.3497 6.2609 13837.5385 -10.6515 -7.6592 6181.4941 -0.0169 0.0024 1.0000
-33.8904 5.9899 13255.1765 -10.2765 -7.2266 5886.5406 -0.0162 0.0024 1.0000
-83.8694 14.7528 32648.4448 -25.0834 -18.2868 14190.6869 -0.0383 0.0061 1.0000
-36.3425 6.2228 14218.0804 -11.0380 -7.9317 6196.9013 -0.0172 0.0022 1.0000
-23.0602 3.9125 9059.4516 -6.9569 -4.7631 3833.1637 -0.0115 0.0016 1.0000
-946.7051 168.9139 364883.3720 -290.3544 -206.9072 158860.9286 -0.4220 0.0695 1.0000
-69.1717 12.3815 26748.4486 -20.7655 -14.6192 11206.9634 -0.0322 0.0054 1.0000
-74.8543 13.4792 28879.0937 -22.9679 -15.7609 12298.3215 -0.0350 0.0061 1.0000
-28.9540 5.1177 11255.7882 -9.1829 -5.9165 4882.3213 -0.0144 0.0023 1.0000
-75.8252 13.6619 29256.2843 -23.8340 -15.9190 12599.2422 -0.0356 0.0062 1.0000
-40.8871 7.2018 15864.4514 -13.2616 -8.5672 7022.7558 -0.0197 0.0030 1.0000
-30.7551 5.5364 11910.0177 -10.3264 -6.2517 5444.7364 -0.0152 0.0025 1.0000
-31.5864 5.6817 12214.8692 -10.8873 -6.4807 5758.8049 -0.0156 0.0024 1.0000
-44.7214 8.1799 17216.0723 -15.3249 -9.1857 8099.7821 -0.0216 0.0034 1.0000
-45.4355 8.1915 17500.3455 -15.1424 -9.6299 8123.4874 -0.0217 0.0031 1.0000
-47.1785 8.6041 18111.3372 -16.2464 -9.8075 8734.8348 -0.0227 0.0034 1.0000
-51.5986 9.4465 19730.6574 -17.6508 -10.8054 9582.1308 -0.0245 0.0036 1.0000
-34.1881 6.1901 13104.0130 -11.9104 -7.0805 6511.5497 -0.0167 0.0023 1.0000
-33.6713 6.2929 12789.7032 -12.0690 -6.8222 6577.1697 -0.0166 0.0025 1.0000
-25.0933 4.6910 9542.0689 -8.9362 -5.0261 4886.1626 -0.0126 0.0018 1.0000
-24.6256 4.5461 9375.8042 -8.8385 -4.8882 4834.7724 -0.0124 0.0017 1.0000
-26.4944 4.8710 10031.7481 -9.5554 -5.4281 5246.9828 -0.0132 0.0017 1.0000
-43.2423 7.9901 16160.6115 -15.2988 -9.3731 8430.2202 -0.0211 0.0025 1.0000
-45.4068 8.4796 16969.1538 -16.0803 -9.3063 8773.1164 -0.0215 0.0029 1.0000
-43.2135 8.1501 15959.1311 -15.2128 -9.2138 8307.9500 -0.0211 0.0029 1.0000
-48.9776 9.2799 18131.7236 -17.4180 -9.7830 9382.5052 -0.0230 0.0034 1.0000
-48.3737 8.9448 17933.4001 -17.0682 -9.7330 9181.3621 -0.0224 0.0030 1.0000
-30.0701 5.4254 11186.9980 -11.3480 -5.8910 6059.9936 -0.0144 0.0018 1.0000
-36.1007 6.8014 13279.1852 -13.0911 -6.9109 6936.9087 -0.0170 0.0026 1.0000
-45.5690 8.3434 16752.7336 -16.3895 -9.0519 8702.8632 -0.0209 0.0030 1.0000
-107.4057 19.6357 39226.0330 -38.0363 -21.7737 20126.6949 -0.0469 0.0067 1.0000
-35.1134 6.2590 12938.1476 -11.9618 -6.7503 6232.3871 -0.0161 0.0023 1.0000
-474.2015 85.7030 171832.7739 -161.3180 -97.3550 83738.3957 -0.1988 0.0281 1.0000
-32.1768 5.6307 11855.3515 -11.4540 -6.2136 5878.4245 -0.0146 0.0019 1.0000
-43.9765 7.9225 16045.9825 -14.6772 -8.2243 7440.4508 -0.0194 0.0032 1.0000
-27.1063 4.6425 10004.1969 -9.1916 -5.0272 4647.5265 -0.0123 0.0018 1.0000
-19.3493 3.3408 7173.1291 -6.5139 -3.3829 3254.6283 -0.0091 0.0014 1.0000
-94.1732 16.3987 34189.2821 -31.5105 -18.8180 15785.1628 -0.0389 0.0053 1.0000
-43.6472 7.8466 15836.7481 -15.6331 -8.1791 7783.9384 -0.0190 0.0030 1.0000
-128.6560 23.5382 46199.5541 -46.3196 -25.0637 22942.8628 -0.0535 0.0085 1.0000
-49.3674 9.1921 17868.4746 -17.6974 -9.0203 8698.9090 -0.0215 0.0038 1.0000
-35.4505 6.5934 12901.2852 -13.7021 -6.5096 6772.2594 -0.0158 0.0025 1.0000
-30.4392 5.7260 11131.7559 -12.1374 -5.6285 6025.6686 -0.0138 0.0021 1.0000
-25.6261 4.8671 9413.8549 -10.2880 -4.7142 5102.0426 -0.0119 0.0018 1.0000
-18.2876 3.4273 6825.3081 -7.5618 -3.3265 3767.3299 -0.0089 0.0012 1.0000
-12.0890 2.2935 4586.8776 -5.0457 -2.0301 2521.6682 -0.0064 0.0009 1.0000
-18.4066 3.6628 6881.3370 -8.2731 -3.4514 4192.0844 -0.0092 0.0013 1.0000
-12.2764 2.4066 4695.9036 -5.3349 -2.1554 2729.8095 -0.0066 0.0010 1.0000
-9.1086 1.8118 3506.3137 -4.0848 -1.6049 2126.1315 -0.0055 0.0008 1.0000
-8.6677 1.6979 3388.6735 -3.9100 -1.5199 2072.4161 -0.0052 0.0007 1.0000
-7.5366 1.4553 2975.9083 -3.3227 -1.2956 1783.6833 -0.0047 0.0006 1.0000
-7.6629 1.4984 3028.8833 -3.4027 -1.3426 1857.6908 -0.0048 0.0006 1.0000
-7.5670 1.4916 2999.1763 -3.3336 -1.3537 1845.8113 -0.0048 0.0006 1.0000
-7.0528 1.3841 2816.8249 -2.9665 -1.2669 1669.9425 -0.0046 0.0005 1.0000
-6.5528 1.2714 2637.3886 -2.8174 -1.1883 1610.4937 -0.0044 0.0005 1.0000
-6.2314 1.1897 2513.5510 -2.6647 -1.1316 1535.6954 -0.0042 0.0004 1.0000
-6.5499 1.2470 2638.3453 -2.6127 -1.2184 1536.4209 -0.0044 0.0005 1.0000
-5.7028 1.0526 2306.6419 -2.2988 -1.0476 1366.5671 -0.0040 0.0004 1.0000
-6.0129 1.0976 2427.1313 -2.3157 -1.1238 1400.8089 -0.0041 0.0004 1.0000
-6.0171 1.0850 2424.6437 -2.2142 -1.1369 1364.9007 -0.0041 0.0003 1.0000
-6.4337 1.1607 2578.6867 -2.2558 -1.2231 1408.9743 -0.0042 0.0004 1.0000
-6.0011 1.0422 2413.9489 -2.0895 -1.1411 1317.6141 -0.0040 0.0003 1.0000
-5.9346 1.0324 2378.8059 -2.0137 -1.1177 1275.2118 -0.0040 0.0003 1.0000
-6.0210 1.0347 2409.7066 -1.9651 -1.1440 1253.1580 -0.0040 0.0003 1.0000
-5.6483 0.9384 2271.4622 -1.7884 -1.0578 1143.4625 -0.0039 0.0003 1.0000
-5.4754 0.8987 2204.1840 -1.7469 -1.0296 1119.2138 -0.0038 0.0003 1.0000
-6.2822 1.0206 2516.7841 -1.8223 -1.2043 1182.1290 -0.0041 0.0003 1.0000
-6.0824 0.9677 2441.5957 -1.7234 -1.1682 1128.4652 -0.0040 0.0003 1.0000
-5.7574 0.8953 2312.2756 -1.6337 -1.1237 1080.9651 -0.0039 0.0003 1.0000
-5.9361 0.8942 2389.1621 -1.5828 -1.1749 1062.0365 -0.0040 0.0002 1.0000
-5.0741 0.7636 2053.4130 -1.3985 -0.9693 938.0773 -0.0036 0.0003 1.0000
-8.6428 1.3319 3426.0924 -1.8925 -1.7765 1296.7346 -0.0052 0.0004 1.0000
-5.9597 0.8651 2408.6761 -1.4082 -1.1956 959.2675 -0.0040 0.0003 1.0000
-5.2204 0.7488 2128.8431 -1.2884 -1.0254 863.8017 -0.0037 0.0002 1.0000
-4.6076 0.6555 1895.6861 -1.2452 -0.8881 817.6048 -0.0035 0.0003 1.0000
-4.9865 0.7054 2054.9176 -1.2780 -1.0128 840.0065 -0.0037 0.0003 1.0000
-5.3431 0.7506 2210.4940 -1.2846 -1.1109 832.6094 -0.0039 0.0003 1.0000
-4.5657 0.6248 1916.8887 -1.2076 -0.9269 754.0191 -0.0036 0.0003 1.0000
-4.5231 0.6082 1902.9786 -1.1198 -0.9215 704.5382 -0.0036 0.0003 1.0000
-4.2062 0.5298 1787.4046 -1.1093 -0.8575 689.3325 -0.0034 0.0003 1.0000
-4.4157 0.5514 1876.1163 -1.1081 -0.9174 688.5599 -0.0036 0.0003 1.0000
-4.0870 0.4943 1748.8436 -0.9999 -0.8437 619.4449 -0.0034 0.0003 1.0000
-4.2660 0.4935 1831.5733 -0.9753 -0.9021 608.3029 -0.0035 0.0003 1.0000
-4.1127 0.4412 1782.6197 -0.9210 -0.8919 574.4075 -0.0035 0.0003 1.0000
-4.0374 0.4161 1755.6413 -0.8589 -0.8826 534.4301 -0.0035 0.0003 1.0000
-3.9732 0.3882 1734.5079 -0.8475 -0.8868 522.2840 -0.0034 0.0003 1.0000
-3.8600 0.3780 1686.4903 -0.8160 -0.8367 494.7777 -0.0034 0.0003 1.0000
-3.7998 0.3513 1664.3873 -0.7618 -0.8260 461.9561 -0.0034 0.0003 1.0000
-3.8719 0.3240 1701.1970 -0.7166 -0.8642 438.7271 -0.0034 0.0003 1.0000
-3.8045 0.3137 1667.2462 -0.6368 -0.8273 393.9385 -0.0034 0.0003 1.0000
-3.8509 0.2716 1693.2698 -0.5566 -0.8644 360.0332 -0.0034 0.0003 1.0000
-3.8952 0.2432 1710.1336 -0.4737 -0.8794 322.1163 -0.0035 0.0003 1.0000
-3.9388 0.2077 1729.8193 -0.3268 -0.9128 260.1893 -0.0035 0.0003 1.0000
-4.0538 0.1760 1774.0664 -0.1831 -0.9407 196.6635 -0.0036 0.0003 1.0000
-4.1456 0.1048 1818.5581 -0.0317 -0.9862 135.4770 -0.0036 0.0002 1.0000
-4.1314 0.0701 1802.4556 0.1229 -0.9988 64.7299 -0.0035 0.0002 1.0000
-4.2616 0.0390 1852.9063 0.2793 -1.0332 -6.3960 -0.0036 0.0002 1.0000
-4.1253 0.0377 1791.9845 0.2772 -0.9534 -20.4504 -0.0036 0.0003 1.0000
-4.2959 -0.0007 1858.5829 0.3993 -1.0083 -83.0378 -0.0037 0.0003 1.0000
-4.4477 -0.0695 1926.7685 0.5441 -1.0756 -152.4173 -0.0038 0.0002 1.0000
-4.4525 -0.1061 1922.1714 0.6440 -1.0754 -209.7706 -0.0038 0.0003 1.0000
-4.6491 -0.1406 1993.2939 0.8252 -1.1526 -300.2321 -0.0040 0.0003 1.0000
-4.2339 -0.1583 1826.4230 0.7710 -1.0039 -293.6615 -0.0037 0.0003 1.0000
-4.5212 -0.2414 1941.6571 1.0055 -1.1263 -407.6073 -0.0040 0.0003 1.0000
-4.4480 -0.2908 1917.7471 1.0163 -1.1077 -419.7858 -0.0039 0.0002 1.0000
-4.3109 -0.2882 1852.8853 1.0714 -1.0471 -465.8088 -0.0039 0.0003 1.0000
-4.3948 -0.3545 1880.1721 1.2415 -1.0761 -571.4428 -0.0041 0.0003 1.0000
-4.2363 -0.3875 1819.0848 1.2403 -1.0199 -600.5768 -0.0041 0.0003 1.0000
-4.0611 -0.4547 1746.1655 1.2263 -0.9892 -622.8437 -0.0040 0.0003 1.0000
-3.8150 -0.4551 1644.1352 1.1123 -0.8731 -610.6500 -0.0039 0.0003 1.0000
-3.5862 -0.4515 1541.7247 0.9762 -0.7807 -584.1496 -0.0039 0.0003 1.0000
-3.4090 -0.4094 1455.4054 0.7864 -0.6575 -535.6544 -0.0038 0.0004 1.0000
-3.4035 -0.5016 1457.3423 0.7911 -0.6864 -569.1828 -0.0039 0.0004 1.0000
-3.3307 -0.4771 1412.5785 0.7277 -0.6291 -564.7746 -0.0039 0.0004 1.0000
-3.2591 -0.4698 1381.3880 0.6538 -0.5818 -536.5533 -0.0038 0.0004 1.0000
-3.2997 -0.5207 1387.3963 0.7230 -0.5922 -587.2059 -0.0039 0.0004 1.0000
-3.1772 -0.4603 1334.0915 0.6159 -0.5118 -530.8383 -0.0038 0.0004 1.0000
-3.1755 -0.5064 1326.5206 0.7090 -0.5304 -585.5663 -0.0039 0.0004 1.0000
-3.0399 -0.5161 1278.0857 0.6653 -0.4939 -551.8546 -0.0037 0.0004 1.0000
-3.0108 -0.5227 1254.7629 0.6854 -0.4722 -571.4142 -0.0038 0.0004 1.0000
-3.0024 -0.5550 1245.7754 0.7633 -0.4734 -615.1817 -0.0038 0.0004 1.0000
-2.8877 -0.5371 1207.4884 0.6874 -0.4405 -554.3851 -0.0037 0.0003 1.0000
-2.9630 -0.5386 1224.0571 0.7510 -0.4439 -594.2322 -0.0038 0.0004 1.0000
-2.9549 -0.5252 1219.0688 0.7298 -0.4486 -572.1003 -0.0038 0.0004 1.0000
-3.1247 -0.5173 1272.6821 0.7741 -0.4787 -600.9872 -0.0039 0.0004 1.0000
-3.2609 -0.4791 1326.0378 0.6677 -0.5107 -533.9822 -0.0038 0.0004 1.0000
-3.4278 -0.3896 1377.8719 0.5145 -0.5339 -446.1747 -0.0038 0.0005 1.0000
-3.6527 -0.2623 1449.5733 0.3332 -0.5362 -367.9742 -0.0039 0.0005 1.0000
-3.8536 -0.2049 1523.0004 0.0579 -0.5897 -231.3925 -0.0039 0.0005 1.0000
-3.9079 -0.1920 1568.1190 -0.2975 -0.6820 -39.7352 -0.0037 0.0003 1.0000
-4.2026 -0.0639 1659.8629 -0.5079 -0.6794 36.4414 -0.0039 0.0005 1.0000
-4.2842 -0.0238 1685.0386 -0.6475 -0.7289 96.1540 -0.0039 0.0005 1.0000
-4.5001 0.1304 1747.1099 -0.9171 -0.7096 199.6788 -0.0041 0.0006 1.0000
-4.3813 0.0956 1716.0380 -1.0451 -0.7565 277.5204 -0.0039 0.0005 1.0000
1.0000 0.0000 0.0000 0.0000 1.0000 0.0000 0.0000 0.0000 1.0000
1.0000 0.0000 0.0000 0.0000 1.0000 0.0000 0.0000 0.0000 1.0000
1.0000 0.0000 0.0000 0.0000 1.0000 0.0000 0.0000 0.0000 1.0000
1.0000 0.0000 0.0000 0.0000 1.0000 0.0000 0.0000 0.0000 1.0000
1.0000 0.0000 0.0000 0.0000 1.0000 0.0000 0.0000 0.0000 1.0000
1.0000 0.0000 0.0000 0.0000 1.0000 0.0000 0.0000 0.0000 1.0000
1.0000 0.0000 0.0000 0.0000 1.0000 0.0000 0.0000 0.0000 1.0000
1.0000 0.0000 0.0000 0.0000 1.0000 0.0000 0.0000 0.0000 1.0000
1.0000 0.0000 0.0000 0.0000 1.0000 0.0000 0.0000 0.0000 1.0000
-3.9093 0.4036 1518.0834 -1.6209 -0.7066 626.6420 -0.0040 0.0005 1.0000
-3.4310 0.3472 1360.9092 -1.4471 -0.6196 583.9730 -0.0037 0.0005 1.0000
-3.0629 0.2897 1235.8801 -1.3465 -0.5943 573.5281 -0.0034 0.0004 1.0000
-3.0432 0.3146 1225.7106 -1.3153 -0.5733 554.9706 -0.0035 0.0004 1.0000
-2.9961 0.3273 1205.4844 -1.3335 -0.5586 566.2611 -0.0035 0.0004 1.0000
-2.8914 0.3046 1171.2597 -1.3077 -0.5763 565.2373 -0.0034 0.0004 1.0000
-2.8479 0.3184 1155.6748 -1.3251 -0.5690 574.0343 -0.0035 0.0004 1.0000
-2.7484 0.3086 1124.1671 -1.2920 -0.5774 565.8395 -0.0034 0.0004 1.0000
-2.6514 0.2902 1095.4940 -1.2937 -0.5803 577.4951 -0.0034 0.0004 1.0000
-2.5708 0.3086 1064.9132 -1.2668 -0.5533 568.6864 -0.0034 0.0004 1.0000
-2.5542 0.3248 1054.3854 -1.2920 -0.5449 580.2691 -0.0034 0.0004 1.0000
-2.5042 0.3208 1034.8573 -1.2624 -0.5483 572.2309 -0.0034 0.0004 1.0000
-2.4631 0.3329 1018.9912 -1.2614 -0.5351 579.8847 -0.0034 0.0004 1.0000
-2.4657 0.3321 1014.4328 -1.2623 -0.5446 581.6780 -0.0034 0.0004 1.0000
-2.3787 0.3244 978.2964 -1.2490 -0.5216 581.0571 -0.0033 0.0004 1.0000
-2.3949 0.3433 975.4435 -1.2600 -0.5147 584.6711 -0.0033 0.0004 1.0000
-2.5008 0.3570 1014.0048 -1.2898 -0.5704 599.4978 -0.0034 0.0004 1.0000
-2.4209 0.3530 979.5618 -1.2755 -0.5241 590.0552 -0.0034 0.0004 1.0000
-2.3787 0.3513 957.3805 -1.2799 -0.5141 594.0218 -0.0033 0.0004 1.0000
-2.4599 0.3731 982.6066 -1.3158 -0.5234 605.2531 -0.0034 0.0004 1.0000
-2.4865 0.3785 989.9421 -1.3250 -0.5233 608.2876 -0.0034 0.0004 1.0000
-2.4639 0.3771 976.0909 -1.3202 -0.5118 605.8033 -0.0034 0.0004 1.0000
-2.4491 0.3660 970.4100 -1.2908 -0.5159 594.4910 -0.0034 0.0004 1.0000
-2.4153 0.3587 953.7434 -1.2826 -0.4910 592.7907 -0.0033 0.0004 1.0000
-2.4622 0.3679 963.9128 -1.2501 -0.5080 580.0889 -0.0034 0.0004 1.0000
-2.4394 0.3431 959.3206 -1.2216 -0.5066 572.1441 -0.0033 0.0004 1.0000
-2.6196 0.3720 1011.9409 -1.2472 -0.5507 578.6516 -0.0034 0.0004 1.0000
-2.6395 0.3716 1017.1411 -1.2296 -0.5286 567.9123 -0.0034 0.0004 1.0000
-2.6382 0.3566 1014.7037 -1.2121 -0.5299 562.4094 -0.0034 0.0004 1.0000
-2.7434 0.3842 1041.8682 -1.2400 -0.5341 569.1322 -0.0035 0.0004 1.0000
-2.7658 0.3548 1055.8090 -1.1968 -0.5474 546.3736 -0.0034 0.0004 1.0000
-2.7957 0.3478 1062.4382 -1.2025 -0.5486 544.6218 -0.0034 0.0004 1.0000
-2.9190 0.3564 1106.8868 -1.2154 -0.5751 543.9191 -0.0035 0.0004 1.0000
-2.9019 0.3315 1098.6486 -1.2125 -0.5693 535.7826 -0.0035 0.0004 1.0000
-2.9067 0.3201 1099.9154 -1.2169 -0.5618 531.1539 -0.0035 0.0004 1.0000
-3.0762 0.3429 1152.2528 -1.2702 -0.5828 539.8573 -0.0036 0.0005 1.0000
-2.9824 0.2893 1133.6131 -1.2574 -0.5527 531.1116 -0.0034 0.0004 1.0000
-3.1451 0.3246 1181.9409 -1.2992 -0.5575 533.7426 -0.0036 0.0005 1.0000
-3.0596 0.3280 1154.5703 -1.3162 -0.4984 539.0751 -0.0035 0.0005 1.0000
1.0000 0.0000 0.0000 0.0000 1.0000 0.0000 0.0000 0.0000 1.0000
1.0000 0.0000 0.0000 0.0000 1.0000 0.0000 0.0000 0.0000 1.0000
1.0000 0.0000 0.0000 0.0000 1.0000 0.0000 0.0000 0.0000 1.0000
1.0000 0.0000 0.0000 0.0000 1.0000 0.0000 0.0000 0.0000 1.0000
1.0000 0.0000 0.0000 0.0000 1.0000 0.0000 0.0000 0.0000 1.0000
1.0000 0.0000 0.0000 0.0000 1.0000 0.0000 0.0000 0.0000 1.0000
1.0000 0.0000 0.0000 0.0000 1.0000 0.0000 0.0000 0.0000 1.0000
1.0000 0.0000 0.0000 0.0000 1.0000 0.0000 0.0000 0.0000 1.0000
1.0000 0.0000 0.0000 0.0000 1.0000 0.0000 0.0000 0.0000 1.0000
1.0000 0.0000 0.0000 0.0000 1.0000 0.0000 0.0000 0.0000 1.0000
1.0000 0.0000 0.0000 0.0000 1.0000 0.0000 0.0000 0.0000 1.0000
1.0000 0.0000 0.0000 0.0000 1.0000 0.0000 0.0000 0.0000 1.0000
1.0000 0.0000 0.0000 0.0000 1.0000 0.0000 0.0000 0.0000 1.0000
1.0000 0.0000 0.0000 0.0000 1.0000 0.0000 0.0000 0.0000 1.0000
1.0000 0.0000 0.0000 0.0000 1.0000 0.0000 0.0000 0.0000 1.0000
1.0000 0.0000 0.0000 0.0000 1.0000 0.0000 0.0000 0.0000 1.0000
-3.5948 0.3106 1323.7183 -1.4972 -0.5940 548.9664 -0.0038 0.0005 1.0000
-4.0296 0.3485 1453.3879 -1.5853 -0.7133 569.2539 -0.0041 0.0006 1.0000
-3.4526 0.2961 1283.1045 -1.3302 -0.5798 502.6205 -0.0037 0.0005 1.0000
-3.4082 0.2736 1277.4283 -1.2730 -0.5789 488.4027 -0.0036 0.0004 1.0000
-3.3616 0.2801 1261.4608 -1.2247 -0.5597 473.2248 -0.0036 0.0005 1.0000
-3.3747 0.2649 1267.3249 -1.1941 -0.5917 465.5463 -0.0036 0.0004 1.0000
-3.4367 0.2795 1282.5368 -1.2009 -0.5981 466.1422 -0.0037 0.0005 1.0000
-3.2701 0.2440 1239.5167 -1.1350 -0.5719 451.4334 -0.0035 0.0004 1.0000
