1.0000 0.0000 -0.0000 0.0000 1.0000 -0.0000 0.0000 0.0000 1.0000
1.0318 0.0090 -7.1216 0.0021 1.0339 -5.8449 0.0000 0.0000 1.0000
1.0075 0.0225 -4.3109 -0.0059 1.0299 -1.4630 -0.0000 0.0000 1.0000
0.9930 -0.0044 6.8096 -0.0027 0.9974 2.1230 0.0000 -0.0000 1.0000
1.0004 0.0121 1.0361 0.0012 0.9995 4.4820 -0.0000 0.0000 1.0000
0.9983 0.0254 -2.9074 -0.0093 1.0204 3.2723 -0.0000 0.0000 1.0000
1.0008 0.0170 0.0738 -0.0064 1.0127 3.9246 -0.0000 0.0000 1.0000
0.9967 0.0126 -0.9843 -0.0000 1.0014 0.6151 -0.0000 0.0000 1.0000
1.0098 0.0226 -4.9773 -0.0104 1.0300 1.9385 -0.0000 0.0000 1.0000
1.0402 0.0177 -10.1375 0.0077 1.0354 -2.5234 0.0000 0.0000 1.0000
1.0601 0.0207 -14.8812 0.0144 1.0600 -10.7929 0.0000 0.0000 1.0000
1.0590 0.0131 -13.5717 0.0208 1.0365 -7.8974 0.0001 0.0000 1.0000
1.0067 0.0044 -1.6997 -0.0000 0.9994 5.4823 0.0000 0.0000 1.0000
1.0385 0.0116 -7.2723 0.0019 1.0434 -2.6821 0.0000 0.0000 1.0000
1.0591 0.0181 -15.1724 0.0124 1.0412 -1.8239 0.0000 0.0000 1.0000
1.0591 0.0181 -15.1724 0.0124 1.0412 -1.8239 0.0000 0.0000 1.0000
1.0137 0.0092 -5.9535 -0.0055 1.0151 7.4125 0.0000 0.0000 1.0000
1.0118 0.0069 -4.3551 -0.0030 1.0088 7.6965 0.0000 0.0000 1.0000
0.9935 0.0143 -2.5571 -0.0079 1.0009 12.3250 -0.0000 0.0000 1.0000
1.0117 0.0153 -8.0006 0.0032 1.0166 4.4055 0.0000 0.0000 1.0000
1.0408 0.0282 -14.1502 0.0039 1.0581 -1.7810 0.0000 0.0001 1.0000
0.9913 0.0004 -1.0131 -0.0050 1.0031 8.9994 -0.0000 0.0000 1.0000
1.0009 0.0316 -8.0995 -0.0119 1.0360 7.8806 -0.0000 0.0001 1.0000
1.0121 -0.0092 -1.6395 0.0124 1.0013 6.3594 0.0000 -0.0000 1.0000
1.0391 0.0078 -7.7179 0.0134 1.0498 -1.1231 0.0000 0.0001 1.0000
1.0101 -0.0084 0.0813 0.0095 1.0172 2.8345 -0.0000 0.0000 1.0000
1.0514 0.0135 -12.8011 0.0133 1.0705 -6.1618 0.0000 0.0001 1.0000
1.0354 0.0241 -12.4374 0.0110 1.0580 -2.2996 0.0000 0.0001 1.0000
1.0626 0.0108 -12.3608 0.0208 1.0715 -8.8325 0.0000 0.0001 1.0000
0.9937 -0.0147 8.4347 0.0115 1.0015 3.9854 -0.0000 0.0000 1.0000
1.0152 -0.0143 4.7655 0.0198 1.0278 -2.9977 -0.0000 0.0000 1.0000
1.0251 -0.0016 2.0560 0.0162 1.0557 -8.7582 -0.0000 0.0001 1.0000
1.0230 -0.0071 4.8024 0.0293 1.0411 -11.4995 -0.0000 0.0000 1.0000
1.0048 -0.0176 13.0695 0.0293 1.0389 -15.2171 -0.0000 0.0001 1.0000
1.0631 -0.0237 6.9045 0.0563 1.0605 -30.4278 0.0000 0.0000 1.0000
0.9868 -0.0216 24.7170 0.0301 1.0343 -23.2719 -0.0000 0.0001 1.0000
0.9894 -0.0459 35.2684 0.0525 1.0258 -34.3189 -0.0000 0.0000 1.0000
1.0524 -0.0374 21.6430 0.0771 1.0665 -51.4520 0.0000 0.0001 1.0000
0.9923 -0.0611 43.6786 0.0719 1.0207 -46.6874 -0.0000 0.0000 1.0000
1.0196 -0.0747 47.8960 0.0890 1.0409 -57.6917 0.0000 0.0000 1.0000
1.0062 -0.0946 61.6295 0.0975 1.0136 -59.2485 0.0000 0.0000 1.0000
1.0383 -0.0956 62.7384 0.1212 1.0443 -74.3289 0.0000 0.0001 1.0000
1.0254 -0.1050 72.9196 0.1361 1.0461 -87.9778 0.0000 0.0001 1.0000
1.0184 -0.1140 83.6699 0.1457 1.0458 -93.6706 0.0000 0.0001 1.0000
1.0255 -0.1454 99.0786 0.1742 1.0457 -107.7972 0.0000 0.0001 1.0000
1.0195 -0.1684 116.4654 0.1881 1.0309 -112.7739 0.0000 0.0000 1.0000
1.0234 -0.1889 130.2227 0.2107 1.0405 -125.3629 0.0000 0.0000 1.0000
1.0175 -0.1652 140.7757 0.2257 1.0763 -141.0806 0.0000 0.0001 1.0000
0.9758 -0.1918 166.4134 0.2340 1.0366 -138.4105 0.0000 0.0001 1.0000
0.9875 -0.2280 181.7161 0.2524 1.0086 -135.7583 0.0000 0.0001 1.0000
0.9208 -0.2610 214.8469 0.2506 0.9515 -122.1150 -0.0000 0.0000 1.0000
0.9292 -0.2384 220.0287 0.2692 0.9922 -134.5281 -0.0000 0.0001 1.0000
0.9412 -0.2925 241.0143 0.3016 0.9659 -140.2333 0.0000 0.0000 1.0000
0.9015 -0.2998 262.2528 0.3004 0.9573 -135.6728 0.0000 0.0001 1.0000
0.9625 -0.2893 254.6529 0.3388 1.0037 -154.4972 0.0000 0.0001 1.0000
0.8605 -0.3192 285.3623 0.3140 0.9292 -135.6053 -0.0000 0.0001 1.0000
0.9272 -0.3515 282.9651 0.3542 0.9458 -152.5154 0.0000 0.0000 1.0000
0.9231 -0.3495 287.2141 0.3777 0.9607 -171.0133 0.0000 0.0001 1.0000
0.7963 -0.3950 313.2413 0.3422 0.8557 -154.1835 -0.0000 -0.0000 1.0000
0.9200 -0.4172 298.4250 0.4206 0.9269 -199.4579 0.0001 0.0000 1.0000
0.9080 -0.4180 299.2756 0.4191 0.9212 -203.2604 0.0001 0.0000 1.0000
0.9110 -0.4346 299.6579 0.4312 0.9265 -216.5509 0.0001 0.0000 1.0000
0.9937 -0.4415 289.2877 0.4824 0.9925 -253.5419 0.0001 0.0001 1.0000
0.9262 -0.4448 296.8086 0.4503 0.9455 -240.4060 0.0001 0.0000 1.0000
0.9433 -0.4434 293.7157 0.4551 0.9618 -243.4314 0.0001 0.0001 1.0000
0.9812 -0.4548 289.0833 0.4850 0.9791 -261.2047 0.0001 0.0001 1.0000
1.0314 -0.4391 278.3290 0.5061 1.0423 -282.5626 0.0002 0.0001 1.0000
1.0308 -0.4439 267.2973 0.4947 1.0319 -280.0633 0.0002 0.0001 1.0000
1.0133 -0.4482 270.2332 0.4875 1.0297 -276.5676 0.0001 0.0001 1.0000
1.0459 -0.4425 255.3743 0.4794 1.0479 -273.3550 0.0002 0.0001 1.0000
1.0531 -0.4427 252.9381 0.4831 1.0613 -278.3599 0.0002 0.0001 1.0000
1.0031 -0.4217 254.9875 0.4536 1.0457 -265.5785 0.0001 0.0001 1.0000
1.0749 -0.4553 250.4311 0.4740 1.0342 -264.3969 0.0002 0.0001 1.0000
1.0248 -0.4040 252.0155 0.4324 1.0449 -250.3642 0.0001 0.0001 1.0000
1.1122 -0.4204 250.4213 0.4600 1.0891 -260.8354 0.0002 0.0001 1.0000
1.0898 -0.3698 249.0098 0.4408 1.1076 -253.7547 0.0002 0.0002 1.0000
1.0847 -0.3801 260.8397 0.4242 1.0993 -237.5130 0.0002 0.0001 1.0000
1.1102 -0.3788 254.0721 0.4129 1.1039 -228.6008 0.0002 0.0001 1.0000
1.0919 -0.3694 264.0149 0.4018 1.1113 -222.8693 0.0002 0.0001 1.0000
1.0382 -0.3491 271.4372 0.3686 1.1126 -210.7938 0.0001 0.0001 1.0000
1.1093 -0.3502 258.1528 0.3847 1.1172 -207.6764 0.0002 0.0001 1.0000
1.0722 -0.3573 262.8126 0.3645 1.0905 -195.6306 0.0002 0.0001 1.0000
1.1466 -0.3441 242.6811 0.3845 1.1449 -212.7780 0.0002 0.0001 1.0000
1.0727 -0.3367 248.0357 0.3381 1.1074 -189.6137 0.0002 0.0001 1.0000
1.1094 -0.3124 230.2974 0.3470 1.1642 -203.6433 0.0002 0.0001 1.0000
1.1683 -0.3424 215.7331 0.3649 1.1622 -207.1863 0.0003 0.0001 1.0000
1.1433 -0.2538 196.7243 0.3391 1.2406 -216.7343 0.0002 0.0002 1.0000
1.1978 -0.2664 179.4171 0.3441 1.2271 -209.2720 0.0003 0.0002 1.0000
1.1194 -0.2598 188.9713 0.3021 1.2199 -198.0265 0.0002 0.0002 1.0000
1.1737 -0.2778 166.7759 0.3074 1.1948 -193.6723 0.0003 0.0001 1.0000
1.1595 -0.2418 154.9500 0.3018 1.2071 -197.0188 0.0003 0.0001 1.0000
1.1707 -0.2237 142.1535 0.2754 1.2149 -187.2385 0.0003 0.0001 1.0000
1.2105 -0.1564 114.4626 0.2747 1.2932 -201.6858 0.0003 0.0002 1.0000
1.1572 -0.2012 122.3967 0.2448 1.1771 -171.4546 0.0003 0.0000 1.0000
1.1444 -0.1556 108.9723 0.2226 1.1962 -168.8887 0.0003 0.0001 1.0000
1.1929 -0.1434 92.8130 0.2239 1.2226 -173.1070 0.0003 0.0001 1.0000
1.2592 -0.0731 63.0394 0.2228 1.3089 -187.1046 0.0004 0.0002 1.0000
1.2440 -0.0447 58.1597 0.1930 1.3198 -182.3788 0.0004 0.0002 1.0000
1.2084 -0.0385 60.3269 0.1630 1.2838 -165.1501 0.0003 0.0001 1.0000
1.2423 -0.0105 42.5475 0.1630 1.3003 -171.7948 0.0004 0.0001 1.0000
1.2113 0.0092 38.0804 0.1470 1.2662 -160.8693 0.0004 0.0001 1.0000
1.2107 0.0535 22.8205 0.1266 1.3062 -165.1117 0.0004 0.0002 1.0000
1.2367 0.1039 -3.5329 0.1092 1.3474 -171.7419 0.0004 0.0002 1.0000
1.2054 0.1070 -6.2365 0.0819 1.3302 -159.9746 0.0004 0.0002 1.0000
1.2132 0.1194 -23.4497 0.0909 1.3101 -162.9603 0.0004 0.0002 1.0000
1.2196 0.1311 -40.0388 0.0730 1.3226 -162.5332 0.0004 0.0002 1.0000
1.2775 0.1689 -68.3169 0.0793 1.3571 -170.9494 0.0005 0.0002 1.0000
1.1952 0.2061 -69.2016 0.0214 1.3342 -146.8578 0.0004 0.0002 1.0000
1.2192 0.2232 -86.2978 0.0306 1.3394 -150.8186 0.0004 0.0002 1.0000
1.1589 0.2540 -89.3683 -0.0058 1.3253 -138.0165 0.0004 0.0002 1.0000
1.1996 0.2790 -112.9728 -0.0207 1.3172 -119.2388 0.0004 0.0002 1.0000
1.0732 0.2777 -92.1190 -0.0532 1.2120 -83.5121 0.0003 0.0001 1.0000
1.1588 0.3193 -125.9136 -0.0560 1.2738 -85.2688 0.0004 0.0002 1.0000
1.1479 0.3629 -136.1069 -0.0720 1.2727 -69.9836 0.0004 0.0002 1.0000
1.2093 0.3979 -165.1833 -0.0903 1.2691 -41.9652 0.0005 0.0002 1.0000
1.0966 0.4038 -148.5040 -0.1319 1.2010 -8.4626 0.0004 0.0002 1.0000
1.1162 0.4240 -160.3617 -0.1462 1.1965 10.2072 0.0004 0.0001 1.0000
1.0653 0.4173 -152.3670 -0.1590 1.1182 38.8722 0.0004 0.0001 1.0000
1.0186 0.4647 -161.3825 -0.2025 1.1199 66.0347 0.0003 0.0001 1.0000
0.9855 0.4899 -164.8731 -0.2276 1.0876 91.4648 0.0003 0.0001 1.0000
1.0006 0.5067 -176.0214 -0.2310 1.0613 111.9139 0.0004 0.0001 1.0000
0.9921 0.5423 -188.6824 -0.2559 1.0593 136.1029 0.0004 0.0001 1.0000
1.0074 0.6145 -215.0179 -0.2803 1.0936 156.1142 0.0004 0.0002 1.0000
0.9494 0.6013 -204.1343 -0.2966 1.0282 183.2928 0.0003 0.0001 1.0000
0.9164 0.6001 -198.0552 -0.2986 0.9858 202.7955 0.0003 0.0001 1.0000
0.9128 0.6317 -210.5903 -0.3276 0.9886 228.6044 0.0003 0.0002 1.0000
0.8884 0.6310 -204.5276 -0.3277 0.9449 251.4414 0.0003 0.0001 1.0000
0.8783 0.6497 -210.7927 -0.3420 0.9202 273.2514 0.0003 0.0001 1.0000
0.8152 0.6434 -192.7865 -0.3589 0.8877 288.9588 0.0003 0.0001 1.0000
0.8091 0.6777 -196.9608 -0.3775 0.8927 309.5082 0.0003 0.0002 1.0000
0.7989 0.7332 -204.6819 -0.3875 0.9124 322.1834 0.0003 0.0002 1.0000
0.7791 0.7238 -192.6665 -0.3985 0.8814 344.1084 0.0003 0.0002 1.0000
0.7815 0.7227 -191.0226 -0.3940 0.8396 359.8324 0.0003 0.0001 1.0000
0.7676 0.6749 -164.8631 -0.3778 0.8068 359.7097 0.0003 0.0001 1.0000
0.7492 0.7141 -162.6213 -0.4054 0.7972 380.0151 0.0003 0.0001 1.0000
0.7384 0.6743 -137.2356 -0.3875 0.7637 376.8660 0.0003 0.0001 1.0000
0.7573 0.7187 -138.9636 -0.3975 0.7726 386.2168 0.0004 0.0001 1.0000
0.6684 0.6252 -78.7874 -0.3868 0.7002 375.6526 0.0002 0.0000 1.0000
0.6786 0.6469 -66.9798 -0.3850 0.7112 374.8648 0.0003 0.0001 1.0000
0.7391 0.6884 -64.2635 -0.3744 0.7882 359.6232 0.0003 0.0001 1.0000
0.7268 0.6385 -35.4758 -0.3662 0.7709 348.2543 0.0003 0.0001 1.0000
0.7194 0.6020 -5.7588 -0.3362 0.7720 320.5217 0.0003 0.0001 1.0000
0.6473 0.5622 30.4508 -0.3406 0.7523 304.4359 0.0002 0.0001 1.0000
0.6725 0.5184 51.7656 -0.3038 0.7646 278.9446 0.0002 0.0001 1.0000
0.7240 0.4701 64.5071 -0.2728 0.7795 255.6326 0.0002 0.0000 1.0000
0.7022 0.4520 82.6843 -0.2603 0.7878 233.8968 0.0002 0.0000 1.0000
0.6926 0.4460 104.0161 -0.2463 0.8142 215.4131 0.0002 0.0001 1.0000
0.7126 0.4209 113.2728 -0.2204 0.8375 192.9064 0.0002 0.0001 1.0000
0.7259 0.3685 138.0566 -0.1926 0.8453 168.7680 0.0002 0.0001 1.0000
0.7770 0.3293 145.7298 -0.1596 0.8523 150.0751 0.0002 0.0001 1.0000
0.8431 0.3247 147.3695 -0.1287 0.9139 119.8236 0.0003 0.0001 1.0000
0.7817 0.2680 182.0385 -0.1047 0.8714 98.5651 0.0002 0.0001 1.0000
0.7404 0.2595 207.9433 -0.0947 0.8871 78.5660 0.0002 0.0001 1.0000
0.7344 0.2256 227.1209 -0.0722 0.8907 59.5093 0.0002 0.0001 1.0000
0.7203 0.1767 248.6141 -0.0591 0.8834 43.5599 0.0001 0.0001 1.0000
0.8075 0.1300 249.8579 -0.0063 0.9178 9.5541 0.0002 0.0001 1.0000
0.7652 0.0964 267.1473 0.0103 0.9172 -12.6479 0.0002 0.0001 1.0000
0.7338 0.1237 266.7648 0.0191 0.9439 -30.3984 0.0002 0.0002 1.0000
0.7672 0.0868 265.1994 0.0521 0.9721 -57.8021 0.0002 0.0002 1.0000
0.7606 0.0659 257.8186 0.0738 0.9706 -74.0105 0.0002 0.0002 1.0000
0.7962 -0.0184 267.7852 0.1032 0.9584 -84.9652 0.0003 0.0001 1.0000
0.8092 -0.0055 265.6716 0.1353 0.9915 -104.0585 0.0003 0.0001 1.0000
0.7636 -0.0683 280.2491 0.1304 0.9136 -86.9443 0.0002 0.0001 1.0000
0.8270 -0.0596 274.7396 0.1510 0.9888 -104.9727 0.0003 0.0001 1.0000
0.8665 -0.0622 278.2130 0.1867 1.0319 -121.4833 0.0004 0.0002 1.0000
0.7983 -0.0900 297.4787 0.1872 0.9989 -116.2985 0.0003 0.0002 1.0000
0.8021 -0.1450 306.7734 0.1989 0.9768 -114.9057 0.0003 0.0001 1.0000
0.7855 -0.1415 310.9849 0.2005 0.9817 -114.1017 0.0003 0.0001 1.0000
0.8088 -0.1831 320.3911 0.2302 0.9723 -116.3488 0.0003 0.0001 1.0000
0.8210 -0.1922 324.7542 0.2444 0.9770 -117.7003 0.0003 0.0001 1.0000
0.7967 -0.2054 329.6391 0.2427 0.9676 -116.7738 0.0003 0.0001 1.0000
0.7702 -0.2007 335.7555 0.2397 0.9843 -117.4915 0.0003 0.0001 1.0000
0.8155 -0.2400 340.8587 0.2726 0.9696 -118.6305 0.0004 0.0001 1.0000
0.7767 -0.2199 343.7144 0.2514 1.0014 -118.2163 0.0003 0.0001 1.0000
0.7739 -0.2631 353.9028 0.2568 0.9519 -106.9245 0.0003 0.0001 1.0000
0.7677 -0.2696 361.8797 0.2608 0.9606 -104.9831 0.0003 0.0001 1.0000
0.7929 -0.2887 365.0613 0.2772 0.9653 -107.0991 0.0003 0.0001 1.0000
0.7705 -0.3262 375.4549 0.2703 0.9249 -96.6185 0.0003 0.0000 1.0000
0.7644 -0.3124 375.1148 0.2708 0.9354 -94.1584 0.0003 0.0000 1.0000
0.7863 -0.3210 377.1969 0.2857 0.9480 -98.5869 0.0003 0.0000 1.0000
0.7939 -0.3189 378.3864 0.2862 0.9657 -99.3831 0.0003 0.0001 1.0000
0.8314 -0.2912 372.8189 0.3046 1.0275 -115.0201 0.0004 0.0001 1.0000
0.8193 -0.3702 383.9757 0.3102 0.9264 -98.3047 0.0004 -0.0000 1.0000
0.7877 -0.3505 378.2809 0.2923 0.9189 -91.3232 0.0003 0.0000 1.0000
0.8990 -0.3314 372.7560 0.3455 1.0358 -126.8918 0.0005 0.0001 1.0000
0.8281 -0.3353 376.7064 0.3152 0.9974 -119.0053 0.0004 0.0001 1.0000
0.8250 -0.3685 375.5190 0.3069 0.9493 -105.7278 0.0004 0.0000 1.0000
0.7928 -0.3299 372.1338 0.2966 0.9691 -112.0075 0.0003 0.0001 1.0000
0.8423 -0.3589 366.5147 0.3146 0.9903 -123.7948 0.0004 0.0000 1.0000
0.8280 -0.3677 366.8717 0.3094 0.9716 -123.9463 0.0004 0.0000 1.0000
0.8704 -0.3756 358.8619 0.3205 1.0088 -138.8441 0.0004 0.0000 1.0000
0.8598 -0.3578 355.0207 0.3136 1.0308 -145.8401 0.0004 0.0001 1.0000
0.8505 -0.3722 343.7605 0.3016 1.0019 -151.6664 0.0004 0.0000 1.0000
0.9131 -0.4042 335.2185 0.3173 1.0155 -167.5532 0.0005 -0.0000 1.0000
0.9310 -0.3543 317.4698 0.3183 1.0753 -193.9373 0.0005 0.0001 1.0000
0.9948 -0.3508 298.0524 0.3382 1.1312 -225.0472 0.0005 0.0001 1.0000
0.9887 -0.2930 272.2836 0.3108 1.1772 -243.9287 0.0005 0.0002 1.0000
1.0610 -0.3535 268.4125 0.3369 1.1681 -262.9507 0.0006 0.0001 1.0000
1.0608 -0.3680 255.2552 0.3271 1.1484 -274.1172 0.0006 0.0001 1.0000
1.0404 -0.2518 229.2212 0.3000 1.2201 -293.4922 0.0005 0.0003 1.0000
1.0078 -0.2564 229.5938 0.2798 1.1891 -290.4614 0.0004 0.0002 1.0000
1.0987 -0.2325 209.4510 0.2860 1.2849 -313.1038 0.0005 0.0003 1.0000
1.0238 -0.2548 221.5383 0.2586 1.1914 -288.8695 0.0004 0.0002 1.0000
1.0197 -0.2287 219.4946 0.2385 1.1769 -280.2083 0.0004 0.0002 1.0000
1.1056 -0.2480 214.4630 0.2600 1.2034 -294.0063 0.0005 0.0001 1.0000
1.1430 -0.1754 207.4703 0.2542 1.2828 -300.1904 0.0005 0.0003 1.0000
1.1535 -0.2168 217.0450 0.2405 1.2377 -273.7438 0.0005 0.0002 1.0000
1.0883 -0.1757 223.5145 0.2170 1.2264 -252.7237 0.0004 0.0002 1.0000
1.0584 -0.1953 232.8033 0.1987 1.1725 -215.1958 0.0004 0.0001 1.0000
1.0368 -0.1687 233.1099 0.1710 1.1772 -181.3904 0.0003 0.0001 1.0000
1.1264 -0.1508 222.6826 0.1970 1.2068 -162.9331 0.0004 0.0001 1.0000
1.0780 -0.1285 220.3537 0.1656 1.1960 -132.6152 0.0003 0.0001 1.0000
1.1495 -0.0787 202.3467 0.1833 1.2488 -127.8108 0.0004 0.0002 1.0000
1.0505 -0.0909 216.1844 0.1516 1.1749 -94.7150 0.0003 0.0001 1.0000
1.1266 -0.0772 197.8372 0.1601 1.2123 -85.2033 0.0004 0.0001 1.0000
0.9854 -0.1007 218.1125 0.1030 1.1042 -45.1901 0.0002 0.0000 1.0000
1.0744 -0.0382 183.5589 0.1085 1.1811 -53.6503 0.0003 0.0001 1.0000
1.1789 0.0025 159.0889 0.1307 1.2680 -66.7709 0.0004 0.0002 1.0000
1.0658 0.0164 171.7187 0.0782 1.1921 -35.2216 0.0003 0.0001 1.0000
1.0395 -0.0044 181.0040 0.0574 1.1533 -18.8261 0.0002 0.0001 1.0000
1.1353 0.0282 160.8087 0.0792 1.2085 -28.5198 0.0003 0.0001 1.0000
1.0978 0.0370 165.3064 0.0507 1.1832 -12.4709 0.0003 0.0001 1.0000
1.0060 0.0705 171.3926 0.0107 1.1464 7.0559 0.0002 0.0001 1.0000
1.0762 0.0565 159.4350 0.0163 1.1518 7.6201 0.0003 0.0001 1.0000
1.0820 0.1151 143.3904 -0.0036 1.1995 8.5976 0.0002 0.0001 1.0000
1.0737 0.1203 137.6885 -0.0277 1.1786 22.7047 0.0002 0.0001 1.0000
1.1150 0.1390 122.9082 -0.0299 1.1998 23.6846 0.0003 0.0001 1.0000
1.0789 0.1325 121.5965 -0.0354 1.1508 31.7206 0.0002 0.0001 1.0000
1.0390 0.1238 129.4217 -0.0695 1.1398 46.1438 0.0002 0.0001 1.0000
1.1415 0.2065 88.7625 -0.0709 1.2507 31.9711 0.0003 0.0001 1.0000
1.1276 0.2197 82.0429 -0.0798 1.2284 40.9342 0.0003 0.0001 1.0000
1.1279 0.2002 82.7537 -0.0843 1.2016 45.5334 0.0003 0.0001 1.0000
1.1840 0.2355 62.8232 -0.0791 1.2735 30.5211 0.0003 0.0001 1.0000
1.1867 0.2336 66.8070 -0.0904 1.2671 37.3526 0.0003 0.0001 1.0000
1.1592 0.2642 64.0941 -0.1200 1.2843 40.3409 0.0003 0.0001 1.0000
1.1850 0.2163 67.0095 -0.1042 1.2430 43.3064 0.0003 0.0000 1.0000
1.1545 0.2232 72.3831 -0.1189 1.2399 46.7518 0.0003 0.0001 1.0000
1.2392 0.2388 57.7954 -0.0960 1.2930 28.7418 0.0003 0.0001 1.0000
1.1989 0.2899 62.1372 -0.1210 1.3592 19.7364 0.0003 0.0002 1.0000
1.1738 0.2704 74.7554 -0.1212 1.3235 21.4863 0.0002 0.0001 1.0000
1.2875 0.2364 68.1222 -0.0832 1.3926 -6.3982 0.0003 0.0001 1.0000
1.2544 0.1992 88.9922 -0.0777 1.3373 0.1926 0.0003 0.0001 1.0000
1.2490 0.1992 97.2006 -0.0823 1.3543 -1.2673 0.0003 0.0001 1.0000
1.3155 0.1743 91.6167 -0.0641 1.3849 -17.2532 0.0003 0.0001 1.0000
1.3593 0.1973 89.2311 -0.0515 1.4646 -38.9013 0.0004 0.0001 1.0000
1.4339 0.2109 80.0889 -0.0458 1.5528 -55.9607 0.0004 0.0002 1.0000
1.3695 0.1815 99.8716 -0.0520 1.5267 -57.5868 0.0003 0.0001 1.0000
1.4849 0.1879 85.2242 -0.0215 1.6101 -77.3988 0.0004 0.0002 1.0000
1.4538 0.1648 102.9239 -0.0257 1.5938 -69.5419 0.0004 0.0001 1.0000
1.5599 0.1500 87.7385 -0.0107 1.6592 -81.2454 0.0005 0.0002 1.0000
1.5197 0.1237 102.9564 -0.0238 1.6684 -83.0402 0.0004 0.0001 1.0000
1.5399 0.1194 103.6462 -0.0252 1.6911 -80.1306 0.0004 0.0001 1.0000
1.6165 0.0892 95.9241 0.0060 1.7274 -93.4189 0.0005 0.0001 1.0000
1.6807 0.1164 84.6692 0.0050 1.8202 -100.4149 0.0005 0.0002 1.0000
1.6326 0.0978 91.5409 -0.0039 1.7976 -93.1017 0.0004 0.0002 1.0000
1.7417 0.1276 67.5772 0.0074 1.9322 -111.8756 0.0005 0.0002 1.0000
1.8364 0.0270 66.8523 0.0436 1.9312 -119.2953 0.0006 0.0001 1.0000
1.8254 0.0439 58.1154 0.0298 1.9705 -119.1752 0.0006 0.0002 1.0000
1.9251 -0.0017 38.2065 0.0527 2.0189 -129.5048 0.0006 0.0001 1.0000
1.9709 -0.0078 21.5210 0.0650 2.0838 -149.9172 0.0006 0.0002 1.0000
1.8983 -0.0124 18.9465 0.0348 2.0677 -143.7767 0.0006 0.0002 1.0000
2.1234 0.0182 -45.0823 0.0641 2.2786 -193.9139 0.0007 0.0002 1.0000
2.1798 -0.0022 -63.1241 0.0612 2.3574 -216.0787 0.0007 0.0003 1.0000
2.3608 0.0676 -136.2786 0.0788 2.5264 -255.6164 0.0008 0.0003 1.0000
2.4947 0.0311 -164.6949 0.0858 2.6640 -292.8944 0.0009 0.0004 1.0000
2.4111 0.0123 -165.4740 0.0448 2.6166 -285.4612 0.0008 0.0004 1.0000
2.6931 -0.0082 -239.5914 0.0932 2.8294 -344.2736 0.0010 0.0004 1.0000
2.8650 0.0415 -306.8597 0.0872 3.0611 -389.1821 0.0011 0.0005 1.0000
3.1093 -0.0204 -358.3563 0.1216 3.2452 -432.8801 0.0013 0.0005 1.0000
2.9931 -0.0040 -366.8559 0.0893 3.1930 -423.7792 0.0012 0.0005 1.0000
3.4023 -0.0049 -477.1150 0.1257 3.5621 -509.4134 0.0015 0.0006 1.0000
3.4473 0.0025 -523.6921 0.1103 3.5876 -520.4169 0.0015 0.0006 1.0000
3.7455 0.0278 -616.1552 0.1057 3.9743 -593.8484 0.0016 0.0008 1.0000
4.0535 0.0242 -720.5331 0.0935 4.2686 -652.2162 0.0018 0.0009 1.0000
3.9686 0.0208 -719.4355 0.0788 4.1914 -641.7129 0.0018 0.0008 1.0000
4.2223 0.0260 -790.0003 0.1005 4.4439 -693.5898 0.0020 0.0009 1.0000
3.8812 -0.0013 -714.9772 0.0387 4.2061 -634.4601 0.0017 0.0009 1.0000
4.6459 0.0277 -904.2859 0.0910 4.9682 -782.0939 0.0022 0.0011 1.0000
4.6229 -0.0114 -888.7632 0.0810 4.9716 -768.8790 0.0022 0.0011 1.0000
5.2559 0.0127 -1035.7060 0.1403 5.5340 -869.0861 0.0027 0.0012 1.0000
4.7148 -0.0354 -892.5784 0.1002 5.0382 -755.6959 0.0023 0.0011 1.0000
4.9409 -0.0027 -942.1263 0.1123 5.3568 -801.0343 0.0024 0.0012 1.0000
4.6961 -0.0415 -864.3355 0.0778 5.1007 -726.0342 0.0023 0.0011 1.0000
5.3255 -0.0829 -974.2158 0.1505 5.6840 -821.1217 0.0028 0.0012 1.0000
4.6233 -0.1008 -804.9106 0.0959 4.9296 -657.2256 0.0023 0.0010 1.0000
4.6279 -0.0086 -809.4834 0.0594 5.1463 -672.6307 0.0022 0.0012 1.0000
4.3810 -0.0729 -729.3228 0.0659 4.7994 -608.3089 0.0021 0.0010 1.0000
5.0942 -0.1154 -861.6526 0.1062 5.5402 -727.1386 0.0026 0.0013 1.0000
4.0987 -0.1335 -638.9474 -0.0158 4.5981 -552.2055 0.0019 0.0010 1.0000
4.2718 -0.1296 -676.9485 0.0089 4.7534 -582.4002 0.0020 0.0011 1.0000
5.1599 -0.1021 -873.1635 0.0608 5.6230 -738.9963 0.0026 0.0013 1.0000
5.0215 -0.0826 -840.6389 0.0100 5.5273 -724.3035 0.0025 0.0013 1.0000
5.1961 -0.0452 -889.0778 0.0274 5.6368 -775.3590 0.0026 0.0014 1.0000
5.8057 -0.0134 -1020.8874 -0.0155 6.2379 -877.1024 0.0030 0.0016 1.0000
5.3551 -0.0180 -917.2837 -0.0447 5.7812 -831.1816 0.0027 0.0015 1.0000
4.9506 0.0185 -833.2252 -0.1401 5.4989 -786.1110 0.0024 0.0015 1.0000
5.5487 0.0889 -972.4845 -0.1361 6.0454 -904.6358 0.0028 0.0018 1.0000
5.5626 0.0939 -972.8880 -0.1423 6.1602 -961.7655 0.0028 0.0018 1.0000
5.0286 0.0279 -851.9651 -0.1800 5.5626 -867.9100 0.0025 0.0016 1.0000
6.0766 0.0906 -1085.3785 -0.1187 6.5921 -1106.1958 0.0031 0.0020 1.0000
5.9118 -0.0077 -1035.8983 -0.1147 6.4630 -1093.5782 0.0030 0.0020 1.0000
5.9707 -0.0077 -1052.7070 -0.0926 6.5007 -1120.9010 0.0031 0.0020 1.0000
5.7283 -0.1171 -979.6624 -0.0901 6.2139 -1074.1214 0.0029 0.0019 1.0000
5.8060 -0.1621 -993.5230 -0.0470 6.2711 -1110.2788 0.0029 0.0020 1.0000
6.0201 -0.1886 -1044.5314 -0.0033 6.3806 -1134.0067 0.0031 0.0020 1.0000
6.1292 -0.2446 -1060.8356 0.0297 6.5174 -1182.7431 0.0031 0.0021 1.0000
6.5495 -0.2931 -1168.0591 0.1011 6.7799 -1267.2388 0.0035 0.0021 1.0000
5.4251 -0.3673 -928.0571 0.0839 5.7009 -1057.7883 0.0027 0.0016 1.0000
6.0236 -0.3876 -1083.1387 0.1599 6.3003 -1203.4423 0.0031 0.0019 1.0000
6.3475 -0.3999 -1187.1223 0.1929 6.6159 -1272.0895 0.0033 0.0020 1.0000
5.4669 -0.4275 -1015.6898 0.1545 5.7249 -1089.4558 0.0027 0.0017 1.0000
5.8988 -0.4851 -1131.1227 0.2104 6.1323 -1186.4369 0.0029 0.0018 1.0000
5.8882 -0.5306 -1142.1853 0.2750 6.0962 -1205.7240 0.0029 0.0018 1.0000
6.4561 -0.5278 -1306.7738 0.2892 6.6693 -1316.4988 0.0031 0.0021 1.0000
5.9943 -0.5194 -1215.5898 0.3285 6.0610 -1209.1805 0.0028 0.0017 1.0000
5.9616 -0.5488 -1203.9034 0.3801 5.9279 -1199.3741 0.0027 0.0017 1.0000
6.3106 -0.5548 -1294.0607 0.4264 6.2586 -1267.3185 0.0028 0.0019 1.0000
6.4859 -0.6165 -1323.9857 0.5077 6.3376 -1309.9037 0.0029 0.0018 1.0000
6.4698 -0.6327 -1324.6004 0.6015 6.1933 -1322.3088 0.0028 0.0017 1.0000
5.7425 -0.5631 -1170.4157 0.5216 5.5942 -1171.5645 0.0022 0.0016 1.0000
5.4961 -0.5361 -1127.9157 0.5527 5.2676 -1124.8830 0.0021 0.0014 1.0000
5.6292 -0.5683 -1154.1543 0.6119 5.3070 -1157.1391 0.0021 0.0014 1.0000
5.4718 -0.5615 -1144.0755 0.6494 5.1489 -1155.2052 0.0019 0.0014 1.0000
5.4079 -0.5468 -1160.0071 0.6492 5.1473 -1178.6613 0.0018 0.0015 1.0000
5.4703 -0.5874 -1203.2686 0.7378 5.0747 -1223.7297 0.0018 0.0014 1.0000
4.9373 -0.5491 -1101.9357 0.6588 4.6253 -1133.8086 0.0015 0.0013 1.0000
5.2310 -0.5235 -1237.3443 0.7844 4.7735 -1248.2875 0.0016 0.0013 1.0000
5.0862 -0.6163 -1186.5141 0.7796 4.5933 -1252.3937 0.0015 0.0012 1.0000
4.7607 -0.4557 -1157.4452 0.7193 4.3767 -1211.3202 0.0013 0.0012 1.0000
4.5158 -0.4217 -1081.3420 0.6450 4.1652 -1149.5835 0.0011 0.0012 1.0000
4.5800 -0.2907 -1095.3938 0.6520 4.2312 -1180.3026 0.0011 0.0013 1.0000
4.5259 -0.1953 -1062.8172 0.6210 4.1921 -1164.0474 0.0010 0.0013 1.0000
4.1659 -0.1061 -951.5434 0.5475 3.9056 -1074.9683 0.0008 0.0012 1.0000
4.0533 -0.0277 -903.3162 0.5137 3.7783 -1029.2834 0.0007 0.0012 1.0000
3.7868 0.0623 -828.6316 0.4438 3.6122 -958.3329 0.0006 0.0011 1.0000
3.8025 0.0941 -800.6203 0.4467 3.6180 -953.1459 0.0006 0.0011 1.0000
3.4976 0.1653 -719.5341 0.3649 3.3836 -848.8016 0.0004 0.0011 1.0000
3.1446 0.1570 -602.3669 0.2955 3.0892 -734.7289 0.0003 0.0009 1.0000
3.0218 0.2242 -559.1598 0.2498 3.0741 -690.2873 0.0002 0.0009 1.0000
2.7325 0.1967 -461.1183 0.2046 2.8036 -587.9444 0.0001 0.0008 1.0000
2.6529 0.1939 -409.5069 0.1627 2.7236 -520.0167 0.0000 0.0007 1.0000
1.0000 0.0000 0.0000 0.0000 1.0000 0.0000 0.0000 0.0000 1.0000
1.0000 0.0000 0.0000 0.0000 1.0000 0.0000 0.0000 0.0000 1.0000
1.0000 0.0000 0.0000 0.0000 1.0000 0.0000 0.0000 0.0000 1.0000
1.0000 0.0000 0.0000 0.0000 1.0000 0.0000 0.0000 0.0000 1.0000
1.0000 0.0000 0.0000 0.0000 1.0000 0.0000 0.0000 0.0000 1.0000
1.0000 0.0000 0.0000 0.0000 1.0000 0.0000 0.0000 0.0000 1.0000
1.0000 0.0000 0.0000 0.0000 1.0000 0.0000 0.0000 0.0000 1.0000
1.0000 0.0000 0.0000 0.0000 1.0000 0.0000 0.0000 0.0000 1.0000
1.0000 0.0000 0.0000 0.0000 1.0000 0.0000 0.0000 0.0000 1.0000
2.1157 0.1988 -423.7392 -0.0415 2.2346 -322.1874 -0.0002 0.0005 1.0000
1.9136 0.2285 -401.9851 -0.0768 2.1446 -303.9982 -0.0003 0.0005 1.0000
2.0152 0.2554 -455.5007 -0.0797 2.2331 -340.0476 -0.0003 0.0005 1.0000
1.8553 0.2631 -435.2654 -0.0978 2.0869 -316.7443 -0.0003 0.0005 1.0000
1.8479 0.2720 -444.8499 -0.1072 2.0842 -327.5461 -0.0003 0.0005 1.0000
1.7958 0.3039 -442.8359 -0.1080 2.0269 -328.5742 -0.0003 0.0005 1.0000
1.7220 0.3198 -430.8130 -0.1141 1.9726 -328.1866 -0.0004 0.0005 1.0000
1.7230 0.3428 -435.6944 -0.1137 1.9711 -338.0240 -0.0004 0.0005 1.0000
1.6635 0.3702 -421.7604 -0.1090 1.9424 -343.4788 -0.0004 0.0005 1.0000
1.5880 0.3723 -391.5236 -0.1192 1.8954 -334.6906 -0.0004 0.0005 1.0000
1.5382 0.3575 -357.6632 -0.0981 1.8238 -335.9445 -0.0004 0.0005 1.0000
1.4667 0.3751 -334.6868 -0.1053 1.7993 -332.1511 -0.0004 0.0005 1.0000
1.3707 0.3578 -289.8098 -0.1082 1.7161 -312.1401 -0.0005 0.0005 1.0000
1.3575 0.4019 -291.4243 -0.1146 1.7437 -317.1485 -0.0005 0.0005 1.0000
1.3094 0.3445 -262.1028 -0.1023 1.6562 -301.6369 -0.0005 0.0005 1.0000
1.2835 0.3531 -255.8193 -0.1012 1.6589 -302.4265 -0.0005 0.0005 1.0000
1.2016 0.3307 -230.3288 -0.1003 1.5748 -279.5695 -0.0005 0.0004 1.0000
1.1689 0.3049 -212.9851 -0.1011 1.5491 -269.8645 -0.0005 0.0004 1.0000
1.1421 0.3014 -201.9749 -0.0983 1.5273 -259.0386 -0.0005 0.0004 1.0000
1.1130 0.2904 -190.4205 -0.1006 1.4855 -240.5556 -0.0005 0.0004 1.0000
1.0981 0.3085 -186.5113 -0.1138 1.4928 -223.4887 -0.0005 0.0004 1.0000
1.0888 0.2773 -165.1768 -0.1076 1.4719 -210.8540 -0.0005 0.0004 1.0000
0.9740 0.2573 -124.0464 -0.1251 1.3728 -168.5193 -0.0005 0.0003 1.0000
0.9326 0.2332 -99.0980 -0.1437 1.3300 -142.1844 -0.0006 0.0003 1.0000
0.9239 0.2288 -82.9579 -0.1426 1.3180 -131.1413 -0.0005 0.0003 1.0000
0.8794 0.2352 -61.4240 -0.1566 1.2983 -116.6943 -0.0006 0.0003 1.0000
0.8185 0.2358 -35.9958 -0.1784 1.2503 -94.8167 -0.0006 0.0003 1.0000
0.8121 0.2467 -22.5845 -0.1808 1.2475 -91.1543 -0.0006 0.0003 1.0000
0.7473 0.2500 2.0449 -0.2024 1.1915 -68.6474 -0.0006 0.0003 1.0000
0.7440 0.2433 17.9736 -0.2017 1.1918 -70.5016 -0.0006 0.0002 1.0000
0.7227 0.2656 21.5728 -0.2144 1.1745 -63.1356 -0.0006 0.0003 1.0000
0.6643 0.2959 33.5523 -0.2376 1.1541 -49.9472 -0.0006 0.0003 1.0000
0.6624 0.2785 39.9307 -0.2417 1.1288 -44.4024 -0.0006 0.0002 1.0000
0.6386 0.3086 39.8029 -0.2602 1.1257 -37.1769 -0.0006 0.0003 1.0000
0.6071 0.3019 50.2495 -0.2664 1.0924 -27.9430 -0.0006 0.0002 1.0000
0.6200 0.3152 38.7399 -0.2698 1.0953 -27.7694 -0.0006 0.0002 1.0000
0.5861 0.3194 46.1998 -0.2794 1.0762 -21.3866 -0.0006 0.0002 1.0000
0.5782 0.3292 45.5490 -0.2928 1.0707 -16.2078 -0.0006 0.0002 1.0000
0.5926 0.3599 30.6706 -0.2989 1.0796 -15.2086 -0.0006 0.0003 1.0000
0.5519 0.3346 40.7396 -0.2990 1.0344 -5.9966 -0.0006 0.0002 1.0000
0.5661 0.3238 32.1043 -0.3033 1.0157 2.3210 -0.0006 0.0002 1.0000
0.5613 0.3231 31.6624 -0.3035 1.0175 2.3717 -0.0006 0.0002 1.0000
0.5510 0.3480 22.9041 -0.3098 1.0259 7.8939 -0.0006 0.0002 1.0000
0.5127 0.3300 32.4956 -0.3228 0.9838 30.3176 -0.0006 0.0002 1.0000
0.4967 0.3087 37.3510 -0.3276 0.9483 51.0670 -0.0006 0.0002 1.0000
0.4833 0.3074 41.1187 -0.3393 0.9456 68.2185 -0.0006 0.0002 1.0000
0.4966 0.2925 39.3899 -0.3362 0.9457 77.5631 -0.0006 0.0002 1.0000
0.4830 0.3129 36.3741 -0.3500 0.9406 97.3209 -0.0006 0.0002 1.0000
0.5098 0.2731 41.9757 -0.3495 0.9437 105.2775 -0.0006 0.0001 1.0000
0.4965 0.2829 41.9084 -0.3585 0.9479 117.8579 -0.0006 0.0001 1.0000
0.4670 0.2503 58.5236 -0.3554 0.8936 135.5427 -0.0006 0.0001 1.0000
0.4555 0.2426 66.8269 -0.3665 0.8839 151.3170 -0.0006 0.0001 1.0000
0.4198 0.2551 77.5588 -0.3750 0.8806 158.6332 -0.0006 0.0001 1.0000
0.4274 0.2378 83.7007 -0.3677 0.8654 164.4225 -0.0006 0.0001 1.0000
0.4037 0.2333 94.7896 -0.3756 0.8610 170.9485 -0.0006 0.0001 1.0000
0.3980 0.2204 100.2655 -0.3764 0.8339 179.9629 -0.0006 0.0001 1.0000
0.4053 0.2218 97.1401 -0.3747 0.8557 174.7824 -0.0006 0.0001 1.0000
0.4093 0.2522 83.6324 -0.3742 0.8911 166.4276 -0.0006 0.0001 1.0000
0.4199 0.2129 83.4239 -0.3662 0.8795 161.6742 -0.0006 0.0001 1.0000
0.3994 0.2044 75.4454 -0.3615 0.8494 158.3103 -0.0006 0.0001 1.0000
0.3931 0.2041 65.6943 -0.3597 0.8494 152.2588 -0.0006 0.0001 1.0000
0.3831 0.2180 49.4360 -0.3551 0.8488 141.9859 -0.0006 0.0001 1.0000
0.4217 0.1939 37.4501 -0.3432 0.8523 134.3326 -0.0006 0.0000 1.0000
0.4271 0.1885 26.0499 -0.3437 0.8668 123.8306 -0.0006 0.0001 1.0000
0.4151 0.1748 18.5768 -0.3399 0.8392 119.8549 -0.0006 0.0000 1.0000
0.4265 0.1936 3.1612 -0.3355 0.8714 103.8183 -0.0006 0.0001 1.0000
0.4053 0.1819 4.0995 -0.3302 0.8470 96.1599 -0.0006 0.0001 1.0000
0.3931 0.1659 6.6402 -0.3324 0.8344 93.0907 -0.0006 0.0000 1.0000
0.4300 0.1842 -7.6126 -0.3300 0.8844 80.4595 -0.0006 0.0001 1.0000
0.3902 0.1638 9.5109 -0.3326 0.8297 94.1616 -0.0006 0.0000 1.0000
0.3967 0.1668 12.5876 -0.3462 0.8396 108.7290 -0.0006 0.0000 1.0000
0.3709 0.1673 21.1455 -0.3555 0.8136 128.6326 -0.0006 0.0000 1.0000
0.3544 0.1676 26.6901 -0.3711 0.7983 153.7260 -0.0006 0.0000 1.0000
0.3629 0.1588 26.7132 -0.3939 0.7954 186.8965 -0.0006 0.0000 1.0000
0.3232 0.1596 38.5319 -0.4261 0.7609 227.5257 -0.0006 0.0000 1.0000
0.3486 0.1363 35.6340 -0.4303 0.7316 258.6607 -0.0005 -0.0001 1.0000
0.3251 0.1611 37.9337 -0.4771 0.7376 302.2382 -0.0006 -0.0000 1.0000
0.3124 0.1411 44.8727 -0.4867 0.6848 331.5667 -0.0006 -0.0001 1.0000
0.2985 0.1536 47.2619 -0.5084 0.6572 354.7987 -0.0006 -0.0001 1.0000
0.2769 0.1690 49.7890 -0.5268 0.6601 364.9366 -0.0006 -0.0001 1.0000
0.2799 0.1951 44.7743 -0.5385 0.6569 378.0817 -0.0006 -0.0001 1.0000
0.2800 0.2107 42.4424 -0.5404 0.6513 380.1711 -0.0006 -0.0001 1.0000
0.2582 0.2327 47.4300 -0.5670 0.6470 395.6279 -0.0006 -0.0001 1.0000
0.2607 0.2479 46.0727 -0.5633 0.6421 396.3738 -0.0005 -0.0001 1.0000
0.2491 0.2480 52.5839 -0.5705 0.6176 407.6926 -0.0005 -0.0001 1.0000
0.2339 0.2759 55.8310 -0.5839 0.6201 418.4396 -0.0005 -0.0001 1.0000
0.2252 0.2662 67.6554 -0.5820 0.5834 429.8818 -0.0005 -0.0001 1.0000
0.2098 0.3031 69.7809 -0.5987 0.6015 437.0653 -0.0005 -0.0001 1.0000
0.1983 0.3118 77.3112 -0.6071 0.5801 450.7792 -0.0005 -0.0001 1.0000
0.1886 0.3225 86.7074 -0.6115 0.5685 461.0629 -0.0005 -0.0000 1.0000
0.1734 0.3389 89.1903 -0.6148 0.5624 465.1683 -0.0005 -0.0000 1.0000
0.1645 0.3374 94.1605 -0.6125 0.5363 469.3098 -0.0005 -0.0000 1.0000
0.1440 0.3513 99.5317 -0.6207 0.5388 471.0105 -0.0005 -0.0000 1.0000
0.1608 0.3555 93.1971 -0.6105 0.5231 473.8377 -0.0005 -0.0001 1.0000
0.1196 0.3405 107.7586 -0.6184 0.4893 477.5639 -0.0006 -0.0001 1.0000
0.1313 0.4087 91.6681 -0.6257 0.5365 475.2245 -0.0005 0.0000 1.0000
0.1399 0.4053 93.3369 -0.6134 0.5254 472.0336 -0.0005 -0.0000 1.0000
0.1023 0.3661 113.9171 -0.6086 0.4634 474.3467 -0.0005 -0.0001 1.0000
0.1061 0.4287 104.2170 -0.6240 0.5126 474.1129 -0.0005 0.0000 1.0000
0.0894 0.3661 138.3661 -0.6076 0.4516 477.8464 -0.0005 -0.0001 1.0000
0.0826 0.4149 140.4798 -0.6095 0.4863 469.6951 -0.0005 -0.0000 1.0000
0.0771 0.4123 153.3645 -0.5995 0.4752 463.3962 -0.0005 -0.0000 1.0000
0.0472 0.4433 170.9722 -0.6172 0.4938 465.1420 -0.0005 0.0000 1.0000
0.0131 0.4000 195.6046 -0.5983 0.4329 455.1833 -0.0005 -0.0000 1.0000
-0.0031 0.3780 211.5826 -0.5836 0.4180 437.6328 -0.0006 -0.0001 1.0000
-0.0076 0.4356 214.1495 -0.5884 0.4465 432.4172 -0.0006 0.0000 1.0000
-0.0120 0.4233 221.7970 -0.5736 0.4438 412.1140 -0.0005 -0.0000 1.0000
-0.0364 0.4073 232.0568 -0.5627 0.4137 404.6026 -0.0006 -0.0000 1.0000
-0.0273 0.4378 223.3779 -0.5608 0.4336 393.6264 -0.0005 0.0000 1.0000
-0.0389 0.4280 226.1684 -0.5480 0.4210 380.3079 -0.0006 0.0000 1.0000
-0.0455 0.4070 228.6605 -0.5292 0.4089 361.3139 -0.0005 -0.0000 1.0000
-0.0636 0.3725 237.8938 -0.5218 0.3805 355.8727 -0.0006 -0.0000 1.0000
-0.0501 0.4319 225.3245 -0.5225 0.4275 338.5023 -0.0006 0.0000 1.0000
-0.0612 0.4082 228.8902 -0.5051 0.4077 321.9144 -0.0006 -0.0000 1.0000
-0.0580 0.4485 220.0905 -0.5069 0.4281 309.8005 -0.0006 0.0000 1.0000
-0.0579 0.4390 225.6554 -0.4819 0.4269 283.2927 -0.0006 0.0000 1.0000
-0.0549 0.3920 232.5526 -0.4622 0.4156 258.1587 -0.0005 -0.0000 1.0000
-0.0725 0.3977 233.8247 -0.4459 0.4111 237.6679 -0.0006 0.0000 1.0000
-0.0696 0.4257 227.9663 -0.4436 0.4314 218.0595 -0.0006 0.0000 1.0000
-0.0661 0.4255 231.9774 -0.4365 0.4489 205.6904 -0.0006 0.0001 1.0000
-0.0652 0.4225 230.8359 -0.4321 0.4430 201.0251 -0.0006 0.0000 1.0000
-0.0394 0.3882 232.3969 -0.4183 0.4487 192.7314 -0.0005 0.0000 1.0000
-0.0842 0.4239 240.7023 -0.4314 0.4485 207.8796 -0.0006 0.0001 1.0000
-0.0443 0.4432 225.9138 -0.4348 0.4906 201.8270 -0.0006 0.0001 1.0000
-0.0579 0.4062 239.7116 -0.4243 0.4604 210.4994 -0.0006 0.0001 1.0000
-0.0672 0.3531 251.0144 -0.4129 0.4336 213.1266 -0.0006 0.0000 1.0000
-0.0638 0.3705 254.7733 -0.4149 0.4441 216.9123 -0.0006 0.0000 1.0000
-0.0679 0.3487 264.3292 -0.4087 0.4381 218.8867 -0.0006 0.0000 1.0000
-0.0957 0.3140 277.6453 -0.3998 0.4227 214.7732 -0.0006 -0.0000 1.0000
-0.0659 0.3391 275.7660 -0.3997 0.4673 207.1665 -0.0006 0.0000 1.0000
-0.0789 0.3480 283.8531 -0.3998 0.4639 211.7879 -0.0006 0.0001 1.0000
-0.0754 0.3362 290.4591 -0.3951 0.4720 210.1986 -0.0006 0.0001 1.0000
-0.0894 0.3130 305.6994 -0.3871 0.4654 207.8171 -0.0006 0.0001 1.0000
-0.0616 0.3672 296.4208 -0.3902 0.5254 200.5001 -0.0006 0.0001 1.0000
-0.0677 0.2970 318.0282 -0.3777 0.4947 205.0227 -0.0006 0.0001 1.0000
-0.0607 0.2448 327.6154 -0.3604 0.4767 202.1153 -0.0006 0.0000 1.0000
-0.0538 0.2678 326.5548 -0.3597 0.5044 201.1147 -0.0006 0.0001 1.0000
-0.0347 0.2292 333.9719 -0.3513 0.5029 203.3377 -0.0006 0.0000 1.0000
-0.0300 0.2384 335.2833 -0.3512 0.5202 204.1732 -0.0006 0.0001 1.0000
-0.0456 0.1965 348.2713 -0.3478 0.4918 211.6968 -0.0006 0.0000 1.0000
-0.0184 0.1950 344.7440 -0.3383 0.5132 205.1292 -0.0006 0.0000 1.0000
-0.0739 0.1979 356.6312 -0.3485 0.4847 216.4316 -0.0006 0.0000 1.0000
