102.703624 450.932340 633.684808 435.015638 633.048140 476.399064 96.973611 486.585753 
106.145070 450.160094 636.413615 433.333803 634.971362 474.438028 100.135681 485.976056 
108.548826 448.958216 638.576995 431.410798 637.615493 472.274648 103.500939 485.254930 
112.875587 447.035211 641.701878 428.045540 640.259624 468.669014 106.625822 484.053052 
116.721596 445.833333 645.307512 424.199531 644.105634 465.303756 111.673709 482.130047 
121.529108 444.150704 648.672770 420.113146 648.672770 461.698122 116.000469 480.207042 
127.538498 441.506573 654.441784 414.824883 654.441784 455.929108 122.490610 477.082160 
132.826761 437.900939 660.210798 409.055869 659.730047 450.400469 129.461502 474.197653 
141.961033 434.535681 665.499061 403.286854 665.739437 443.910329 137.393897 470.592019 
149.653052 430.689671 672.469953 397.037089 672.950704 436.218310 145.807042 466.265258 
159.508451 426.603286 678.719718 388.143192 678.960094 429.728169 154.941315 462.659624 
169.363850 421.555399 685.450235 381.412676 687.373239 421.074648 164.315962 458.332864 
179.459624 416.026761 694.824883 373.239906 695.546009 413.382629 172.969484 452.083099 
189.315023 410.257746 702.997653 363.144131 703.959155 403.286854 185.709390 445.833333 
202.535681 402.806103 713.814554 354.250235 715.737559 393.431455 197.728169 438.862441 
216.958216 397.037089 725.352582 343.433333 727.515962 383.576056 211.429577 431.651174 
231.140376 389.104695 739.053991 333.097183 740.736620 372.759155 227.053991 424.920657 
245.082160 381.653052 751.313146 322.280282 752.995775 362.663380 239.553521 418.430516 
261.668075 374.682160 766.697183 312.424883 769.822066 352.327230 258.783568 409.536620 
278.253991 366.269014 782.081221 301.367606 786.167606 341.991080 276.330986 401.604225 
296.762911 360.019249 799.869014 293.435211 801.792019 333.818310 295.080282 393.671831 
314.310329 352.327230 816.695305 285.743192 819.579812 327.568545 313.589202 386.941315 
334.261502 348.000469 834.483099 280.214554 835.684977 322.280282 331.857746 382.614554 
354.212676 344.394836 853.713146 278.051174 855.876526 320.597653 353.491549 378.528169 
374.644601 342.712207 875.587324 277.089671 877.750704 320.116901 373.683099 375.884038 
398.922535 339.346948 899.624883 277.330047 902.509390 320.357277 397.480282 372.999531 
423.921596 338.866197 930.873709 279.493427 933.998592 324.203286 423.200469 372.038028 
456.853052 335.981690 958.276526 285.983568 961.882160 330.212676 454.689671 369.393897 
488.823005 333.337559 991.929108 291.752582 994.573239 335.260563 487.140376 366.269014 
519.591080 333.337559 1023.177934 299.684977 1025.581690 344.875587 517.187324 366.509390 
537.859624 331.174178 1041.686854 307.617371 1040.965728 353.288732 535.455869 364.105634 
550.359155 328.530047 1054.667136 317.713146 1052.263380 362.903756 545.311268 361.942254 
553.243662 324.924413 1056.590141 329.491549 1052.263380 374.201408 546.993897 358.336620 
545.311268 320.597653 1046.494366 341.750704 1043.369484 386.700939 539.542254 353.048357 
533.532864 315.069014 1030.869953 353.048357 1024.860563 397.517840 524.158216 348.240845 
513.100939 309.300000 1006.592019 365.307512 999.140376 410.017371 504.447418 340.789202 
489.303756 302.569484 979.189202 376.845540 970.054930 418.911268 478.246479 333.577934 
459.737559 297.040845 947.459624 386.941315 933.277465 429.247418 449.161033 327.568545 
432.815493 288.868075 913.326291 393.912207 898.903756 436.939437 420.315962 320.597653 
406.374178 285.502817 882.317840 400.883099 867.174178 441.987324 390.509390 315.790141 
384.740376 283.099061 853.472770 407.613615 839.771362 449.198592 365.991080 313.867136 
366.231455 284.060563 835.444601 413.382629 817.176056 456.409859 348.203286 313.626761 
356.856808 285.502817 823.425822 418.430516 804.676526 462.419249 340.270892 318.674648 
352.770423 293.915962 819.099061 427.564789 802.753521 468.428638 335.703756 324.443662 
355.414554 303.530986 821.743192 433.814554 805.878404 475.880282 339.309390 335.500939 
361.183568 317.713146 829.675587 437.420188 814.291549 480.687793 345.799531 349.202347 
366.952582 332.135681 838.809859 439.102817 823.425822 481.889671 351.087793 366.028638 
365.269953 349.202347 844.098122 432.612676 829.675587 478.524413 350.607042 383.095305 
357.818310 365.788263 840.492488 420.834272 830.637089 467.226761 343.636150 401.844601 
346.520657 384.537559 831.358216 407.132864 825.108451 454.246479 331.617371 418.670892 
327.290610 399.200469 816.935681 390.546948 814.051174 438.622066 316.714085 433.574178 
303.253052 409.776995 795.301878 375.162911 797.224883 422.516901 294.599531 445.352582 
278.253991 418.911268 773.908451 361.221127 774.389202 408.815493 274.888732 454.006103 
254.937559 427.564789 749.870892 351.125352 751.793897 397.998592 251.331925 464.101878 
234.265258 436.699061 726.073709 342.471831 728.237089 390.787324 228.736620 474.197653 
213.352582 445.833333 702.036150 337.904695 706.122535 385.499061 209.746948 484.293427 
194.122535 454.246479 682.084977 329.491549 688.334742 378.768545 193.641784 492.466197 
178.257746 457.611737 667.181690 318.915023 671.748826 367.470892 179.940376 495.350704 
172.969484 449.919718 653.720657 299.684977 662.614554 351.125352 174.652113 493.427700 
174.652113 440.545070 651.797653 279.253052 660.210798 332.856808 176.094366 479.726291 
184.026761 427.805164 659.249296 260.263380 667.662441 309.780751 184.026761 467.467136 
201.574178 411.459624 676.075587 238.148826 683.527230 287.666197 202.776056 449.919718 
231.621127 391.748826 698.430516 217.476526 705.641784 269.397653 234.746009 429.968545 
259.745070 372.518779 719.343192 202.573239 727.035211 253.052113 261.668075 412.421127 
282.100000 357.855869 738.813615 187.189202 747.467136 239.350704 284.263380 395.594836 
299.647418 341.029577 759.245540 177.333803 765.495305 230.697183 302.051174 379.249296 
313.589202 326.366667 772.466197 172.526291 776.552582 226.370423 314.550704 365.788263 
319.358216 312.424883 779.677465 172.285915 782.802347 226.130047 319.598592 351.846479 
320.319718 297.040845 783.283099 172.766667 783.523474 227.812676 319.838967 336.462441 
316.233333 288.387324 779.917840 177.333803 779.196714 232.379812 315.031455 326.607042 
308.060563 279.974178 772.706573 181.660563 769.100939 236.706573 303.253052 318.193897 
297.003286 274.205164 761.408920 187.669953 757.082160 241.994836 290.753521 312.184507 
285.946009 267.234272 749.149765 192.237089 744.101878 247.042723 279.696244 306.655869 
278.734742 261.705634 740.255869 196.323474 734.727230 251.129108 272.004225 301.127230 
279.696244 260.263380 737.611737 201.130986 728.717840 255.936620 271.523474 298.002347 
281.138498 260.263380 739.053991 204.976995 729.919718 260.263380 272.004225 297.281221 
287.628638 262.907512 741.938498 209.544131 733.284977 265.311268 279.215493 298.963850 
302.051174 267.474648 745.784507 213.870892 734.967606 271.801408 291.715023 306.175117 
307.339437 274.445540 748.428638 219.880282 735.929108 278.531925 297.243662 315.069014 
310.945070 285.502817 748.428638 226.610798 736.890610 284.060563 301.570423 324.203286 
313.829577 296.319718 748.428638 231.658685 737.852113 288.387324 305.176056 335.500939 
316.233333 307.136620 748.909390 234.783568 738.332864 293.435211 307.099061 346.558216 
322.242723 318.674648 749.630516 237.187324 741.217371 296.079343 314.791080 357.855869 
327.771362 327.568545 752.034272 239.831455 742.900000 298.963850 320.079343 367.470892 
332.338498 336.702817 752.755399 241.033333 745.063380 300.646479 326.088732 376.364789 
337.626761 346.317840 753.957277 242.235211 745.544131 303.050235 330.655869 385.018310 
341.472770 354.250235 754.197653 244.158216 746.746009 304.973239 334.501878 394.152582 
344.838028 362.182629 754.678404 245.360094 747.707512 307.136620 339.790141 400.161972 
351.328169 368.672770 754.678404 246.081221 748.669014 307.857746 344.838028 406.652113 
356.376056 374.682160 757.082160 246.321596 751.313146 309.059624 349.645540 412.901878 
363.587324 379.730047 759.726291 245.600469 753.957277 309.300000 359.260563 418.670892 
368.394836 386.460563 760.687793 247.523474 756.601408 309.780751 364.548826 425.882160 
376.327230 392.950704 761.168545 246.802347 756.601408 311.223005 372.481221 431.170423 
384.019249 399.440845 761.889671 245.840845 758.043662 311.463380 379.211737 439.583568 
390.509390 405.930986 762.370423 244.879343 758.524413 310.982629 385.701878 446.073709 
397.239906 410.257746 760.447418 244.638967 759.005164 309.780751 394.115023 449.679343 
403.730047 414.344131 759.005164 243.917840 756.601408 310.021127 401.085915 454.727230 
407.335681 418.911268 755.399531 244.158216 754.197653 310.021127 405.172300 459.053991 
409.258685 423.959155 749.390141 244.879343 748.428638 310.982629 406.133803 464.582629 
405.893427 429.007042 740.255869 246.321596 740.976995 312.424883 403.730047 468.909390 
403.970423 433.333803 728.717840 249.206103 732.083099 314.347887 400.124413 473.957277 
399.884038 438.622066 719.102817 251.609859 719.823944 316.992019 396.038028 478.764789 
393.874648 442.708451 706.603286 255.936620 707.805164 320.357277 390.749765 483.812676 
390.509390 447.275587 695.786385 258.100000 696.267136 324.203286 387.865258 487.418310 
387.144131 452.083099 684.488732 261.705634 686.171362 327.808920 384.500000 491.985446 
385.942254 455.688732 677.037089 265.551643 678.238967 331.174178 384.740376 494.389202 
385.942254 458.573239 670.066197 269.397653 669.825822 336.222066 384.500000 497.994836 
387.384507 461.938498 665.739437 273.484038 665.018310 340.308451 385.221127 501.119718 
390.269014 464.582629 661.893427 276.849296 661.172300 343.914085 387.384507 504.244601 
393.153521 466.505634 659.249296 279.493427 658.287793 347.279343 391.470892 506.888732 
397.239906 470.832394 656.845540 283.820188 657.326291 349.442723 394.836150 509.532864 
403.489671 469.870892 658.287793 285.022066 657.326291 352.807981 402.287793 510.013615 
409.979812 471.553521 657.807042 286.223944 655.884038 354.009859 407.576056 510.975117 
414.066197 473.236150 655.884038 289.348826 654.201408 356.894366 411.181690 513.619249 
416.950704 473.957277 654.201408 288.868075 653.720657 356.894366 415.508451 515.061502 
420.075587 475.399531 651.316901 289.589202 651.316901 358.336620 418.633333 515.782629 
422.719718 476.841784 648.192019 289.589202 647.951643 359.057746 420.556338 515.782629 
426.084977 476.841784 645.307512 289.589202 646.269014 358.817371 425.604225 516.023005 
430.171362 476.601408 643.624883 290.069953 644.105634 359.057746 429.450235 516.263380 
433.776995 478.284038 642.663380 289.829577 643.144131 359.057746 433.296244 516.503756 
440.267136 475.639906 642.182629 290.069953 642.903756 358.817371 439.065258 516.503756 
444.834272 477.322535 642.663380 290.069953 643.624883 358.817371 444.593897 517.465258 
450.843662 480.207042 646.269014 291.512207 647.470892 360.500000 452.285915 517.705634 
459.016432 479.966667 650.115023 293.435211 651.797653 360.980751 460.699061 517.465258 
469.112207 481.168545 653.480282 294.156338 656.605164 362.423005 468.871831 519.869014 
477.525352 479.966667 660.451174 296.560094 662.133803 365.307512 478.967606 520.590141 
486.659624 480.447418 664.537559 298.483099 666.460563 366.509390 487.140376 521.551643 
493.870892 487.658685 669.585446 303.050235 671.508451 370.115023 495.313146 523.715023 
502.284038 484.293427 674.152582 306.415493 676.556338 371.316901 503.245540 526.118779 
509.495305 491.504695 678.960094 308.819249 682.565728 374.922535 509.495305 529.484038 
518.629577 491.504695 683.767606 311.223005 686.652113 379.249296 518.629577 531.407042 
524.638967 494.148826 685.930986 315.790141 690.257746 383.335681 524.638967 534.291549 
528.965728 496.312207 690.017371 318.915023 692.661502 386.700939 529.446479 536.214554 
533.532864 498.235211 692.661502 321.078404 695.786385 388.623944 533.532864 538.137559 
537.138498 498.715962 694.344131 324.684038 697.469014 390.787324 537.378873 539.579812 
540.023005 501.119718 695.786385 328.289671 698.911268 393.671831 540.744131 540.541315 
543.869014 501.360094 696.747887 330.212676 700.353521 396.315962 545.070892 540.541315 
546.032394 502.081221 698.430516 331.174178 701.795775 397.758216 546.993897 540.541315 
550.359155 499.917840 700.593897 334.058685 706.603286 397.758216 553.964789 541.983568 
556.128169 501.360094 702.997653 333.818310 706.362911 398.479343 557.570423 540.541315 
560.454930 501.600469 703.718779 335.020188 706.122535 400.161972 561.416432 540.541315 
561.656808 505.206103 704.680282 337.183568 708.766667 401.363850 565.743192 541.743192 
567.185446 504.725352 706.603286 338.625822 710.449296 403.286854 568.868075 542.945070 
572.954460 504.004225 708.285915 339.827700 713.093427 403.767606 573.915962 543.666197 
580.406103 507.129108 712.131925 340.789202 717.179812 404.007981 584.252113 545.108451 
590.501878 506.648357 718.622066 343.673709 723.429577 406.171362 592.905634 543.906573 
597.232394 513.619249 720.785446 345.115962 730.160094 406.171362 604.684038 547.271831 
609.491549 511.455869 723.910329 346.558216 734.246479 408.334742 613.818310 552.079343 
615.500939 516.023005 724.631455 348.000469 735.448357 408.815493 621.029577 554.002347 
618.625822 520.830516 721.746948 347.038967 735.929108 407.853991 628.721596 555.444601 
623.673709 525.157277 715.497183 345.596714 731.361972 405.450235 630.404225 554.963850 
624.394836 519.869014 704.199531 340.789202 722.948826 399.681221 633.048357 551.358216 
617.904695 511.936620 687.853991 330.933803 710.689671 388.143192 629.923474 545.829577 
600.838028 496.312207 665.739437 322.039906 690.978873 379.730047 617.664319 528.762911 
586.415493 485.495305 636.894366 305.213615 669.345070 365.307512 603.241784 520.349765 
555.166667 478.284038 608.049296 298.002347 642.903756 356.894366 574.396714 504.725352 
522.715962 478.284038 571.992958 299.204225 603.241784 334.058685 546.753521 492.706573 
492.669014 478.284038 543.147887 302.809859 573.194836 348.481221 509.495305 511.936620 
451.805164 502.321596 522.715962 317.232394 547.955399 365.307512 466.227700 526.359155 
439.786385 510.734742 513.100939 334.058685 535.936620 385.739437 449.401408 545.589202 
427.767606 520.349765 511.899061 347.279343 531.129108 394.152582 438.584507 552.800469 
440.988263 521.551643 533.532864 352.086854 547.955399 407.373239 453.007042 557.607981 
437.382629 528.762911 531.129108 358.096244 544.349765 415.786385 445.795775 563.617371 
425.363850 533.570423 527.523474 371.316901 534.734742 418.190141 430.171362 575.636150 
425.363850 538.377934 521.514085 371.316901 533.532864 424.199531 430.171362 573.232394 
421.758216 520.349765 522.715962 361.701878 532.330986 418.190141 422.960094 558.809859 
430.171362 526.359155 538.340376 346.077465 544.349765 401.363850 433.776995 564.819249 
438.584507 510.734742 538.340376 344.875587 549.157277 401.363850 446.997653 545.589202 
442.190141 519.147887 541.946009 348.481221 557.570423 389.345070 451.805164 550.396714 
459.016432 514.340376 543.147887 353.288732 557.570423 404.969484 462.622066 547.992958 
467.429577 505.927230 546.753521 352.086854 565.983568 395.354460 474.640845 543.185446 
502.284038 484.293427 588.819249 322.039906 609.251174 359.298122 516.706573 509.532864 
525.119718 483.091549 608.049296 316.030516 630.884977 373.720657 550.359155 515.542254 
558.772300 480.687793 626.077465 316.030516 644.105634 361.701878 569.589202 516.744131 
569.589202 499.917840 634.490610 332.856808 654.922535 374.922535 579.204225 532.368545 
575.598592 507.129108 638.096244 338.866197 658.528169 388.143192 588.819249 533.570423 
580.406103 511.936620 644.105634 344.875587 663.335681 389.345070 591.223005 538.377934 
582.809859 508.330986 644.105634 337.664319 662.133803 388.143192 594.828638 538.377934 
574.396714 510.734742 640.500000 338.866197 663.335681 388.143192 588.819249 538.377934 
561.176056 517.946009 630.884977 343.673709 652.518779 390.546948 573.194836 541.983568 
543.147887 517.946009 618.866197 347.279343 640.500000 398.960094 556.368545 549.194836 
531.129108 519.147887 608.049296 354.490610 623.673709 404.969484 540.744131 551.598592 
514.302817 517.946009 600.838028 355.692488 615.260563 407.373239 523.917840 549.194836 
501.082160 510.734742 594.828638 354.490610 608.049296 407.373239 510.697183 544.387324 
491.467136 505.927230 594.828638 350.884977 603.241784 401.363850 497.476526 539.579812 
480.650235 502.321596 593.626761 347.279343 602.039906 401.363850 486.659624 534.772300 
473.919718 492.225822 594.588263 342.952582 600.597653 397.277465 476.323474 527.080282 
464.785446 481.408920 596.270892 336.943192 598.434272 392.469953 466.227700 516.744131 
457.333803 469.149765 595.549765 330.212676 596.270892 383.576056 456.372300 502.802347 
442.190141 455.207981 592.184507 316.992019 590.501878 373.239906 445.074648 489.341315 
422.960094 430.449296 579.204225 301.607981 581.607981 362.903756 428.969484 468.669014 
401.326291 406.171362 568.387324 281.176056 568.387324 338.866197 404.931925 442.227700 
380.894366 390.546948 553.964789 270.359155 550.359155 323.241784 383.298122 425.401408 
362.866197 377.326291 539.542254 251.129108 533.532864 305.213615 359.260563 412.180751 
347.241784 362.903756 523.917840 239.110329 519.110329 296.800469 347.241784 394.152582 
331.617371 348.481221 511.899061 223.485915 503.485915 283.579812 330.415493 385.739437 
324.406103 331.654930 504.687793 204.255869 498.678404 260.744131 322.002347 365.307512 
319.838967 313.386385 499.880282 181.900939 495.793897 238.148826 316.714085 349.202347 
317.915962 287.666197 496.995775 154.017371 493.870892 210.505634 316.233333 322.280282 
314.791080 236.706573 492.669014 99.692488 492.669014 177.814554 315.992958 291.992958 
311.185446 197.044601 490.265258 55.223005 489.063380 132.143192 313.589202 247.523474 
308.781690 148.969484 490.265258 4.744131 487.861502 70.847418 309.983568 191.035211 
306.882854 96.876553 491.436431 -53.779428 484.873112 24.980402 304.874169 151.111048 
0.000000 0.000000 0.000000 0.000000 0.000000 0.000000 0.000000 0.000000 
0.000000 0.000000 0.000000 0.000000 0.000000 0.000000 0.000000 0.000000 
0.000000 0.000000 0.000000 0.000000 0.000000 0.000000 0.000000 0.000000 
0.000000 0.000000 0.000000 0.000000 0.000000 0.000000 0.000000 0.000000 
0.000000 0.000000 0.000000 0.000000 0.000000 0.000000 0.000000 0.000000 
0.000000 0.000000 0.000000 0.000000 0.000000 0.000000 0.000000 0.000000 
0.000000 0.000000 0.000000 0.000000 0.000000 0.000000 0.000000 0.000000 
0.000000 0.000000 0.000000 0.000000 0.000000 0.000000 0.000000 0.000000 
0.000000 0.000000 0.000000 0.000000 0.000000 0.000000 0.000000 0.000000 
0.000000 0.000000 0.000000 0.000000 0.000000 0.000000 0.000000 0.000000 
0.000000 0.000000 0.000000 0.000000 0.000000 0.000000 0.000000 0.000000 
0.000000 0.000000 0.000000 0.000000 0.000000 0.000000 0.000000 0.000000 
0.000000 0.000000 0.000000 0.000000 0.000000 0.000000 0.000000 0.000000 
0.000000 0.000000 0.000000 0.000000 0.000000 0.000000 0.000000 0.000000 
0.000000 0.000000 0.000000 0.000000 0.000000 0.000000 0.000000 0.000000 
0.000000 0.000000 0.000000 0.000000 0.000000 0.000000 0.000000 0.000000 
0.000000 0.000000 0.000000 0.000000 0.000000 0.000000 0.000000 0.000000 
0.000000 0.000000 0.000000 0.000000 0.000000 0.000000 0.000000 0.000000 
0.000000 0.000000 0.000000 0.000000 0.000000 0.000000 0.000000 0.000000 
0.000000 0.000000 0.000000 0.000000 0.000000 0.000000 0.000000 0.000000 
0.000000 0.000000 0.000000 0.000000 0.000000 0.000000 0.000000 0.000000 
0.000000 0.000000 0.000000 0.000000 0.000000 0.000000 0.000000 0.000000 
0.000000 0.000000 0.000000 0.000000 0.000000 0.000000 0.000000 0.000000 
0.000000 0.000000 0.000000 0.000000 0.000000 0.000000 0.000000 0.000000 
0.000000 0.000000 0.000000 0.000000 0.000000 0.000000 0.000000 0.000000 
0.000000 0.000000 0.000000 0.000000 0.000000 0.000000 0.000000 0.000000 
0.000000 0.000000 0.000000 0.000000 0.000000 0.000000 0.000000 0.000000 
0.000000 0.000000 0.000000 0.000000 0.000000 0.000000 0.000000 0.000000 
0.000000 0.000000 0.000000 0.000000 0.000000 0.000000 0.000000 0.000000 
0.000000 0.000000 0.000000 0.000000 0.000000 0.000000 0.000000 0.000000 
0.000000 0.000000 0.000000 0.000000 0.000000 0.000000 0.000000 0.000000 
0.000000 0.000000 0.000000 0.000000 0.000000 0.000000 0.000000 0.000000 
0.000000 0.000000 0.000000 0.000000 0.000000 0.000000 0.000000 0.000000 
0.000000 0.000000 0.000000 0.000000 0.000000 0.000000 0.000000 0.000000 
0.000000 0.000000 0.000000 0.000000 0.000000 0.000000 0.000000 0.000000 
0.000000 0.000000 0.000000 0.000000 0.000000 0.000000 0.000000 0.000000 
0.000000 0.000000 0.000000 0.000000 0.000000 0.000000 0.000000 0.000000 
0.000000 0.000000 0.000000 0.000000 0.000000 0.000000 0.000000 0.000000 
0.000000 0.000000 0.000000 0.000000 0.000000 0.000000 0.000000 0.000000 
0.000000 0.000000 0.000000 0.000000 0.000000 0.000000 0.000000 0.000000 
0.000000 0.000000 0.000000 0.000000 0.000000 0.000000 0.000000 0.000000 
0.000000 0.000000 0.000000 0.000000 0.000000 0.000000 0.000000 0.000000 
0.000000 0.000000 0.000000 0.000000 0.000000 0.000000 0.000000 0.000000 
0.000000 0.000000 0.000000 0.000000 0.000000 0.000000 0.000000 0.000000 
0.000000 0.000000 0.000000 0.000000 0.000000 0.000000 0.000000 0.000000 
0.000000 0.000000 0.000000 0.000000 0.000000 0.000000 0.000000 0.000000 
0.000000 0.000000 0.000000 0.000000 0.000000 0.000000 0.000000 0.000000 
0.000000 0.000000 0.000000 0.000000 0.000000 0.000000 0.000000 0.000000 
0.000000 0.000000 0.000000 0.000000 0.000000 0.000000 0.000000 0.000000 
0.000000 0.000000 0.000000 0.000000 0.000000 0.000000 0.000000 0.000000 
0.000000 0.000000 0.000000 0.000000 0.000000 0.000000 0.000000 0.000000 
0.000000 0.000000 0.000000 0.000000 0.000000 0.000000 0.000000 0.000000 
0.000000 0.000000 0.000000 0.000000 0.000000 0.000000 0.000000 0.000000 
0.000000 0.000000 0.000000 0.000000 0.000000 0.000000 0.000000 0.000000 
0.000000 0.000000 0.000000 0.000000 0.000000 0.000000 0.000000 0.000000 
32.349765 581.645540 434.978873 442.227700 415.748826 520.349765 14.321596 630.922535 
52.781690 567.223005 461.420188 430.208920 444.593897 507.129108 37.157277 614.096244 
70.809859 552.800469 484.255869 412.180751 467.429577 491.504695 53.983568 602.077465 
87.636150 535.974178 508.293427 395.354460 492.669014 474.678404 72.011737 586.453052 
108.068075 519.147887 527.523474 379.730047 515.504695 456.650235 88.838028 570.828638 
122.490610 505.927230 551.561033 365.307512 537.138498 444.631455 108.068075 554.002347 
139.316901 490.302817 574.396714 347.279343 561.176056 421.795775 122.490610 540.781690 
151.335681 479.485915 588.819249 330.453052 578.002347 408.575117 138.115023 529.964789 
166.960094 466.265258 608.049296 317.232394 598.434272 394.152582 151.335681 515.542254 
176.575117 456.650235 624.875587 302.809859 618.866197 380.931925 162.152582 505.927230 
186.190141 450.640845 644.105634 289.589202 635.692488 365.307512 176.575117 496.312207 
198.208920 443.429577 658.528169 276.368545 651.316901 355.692488 189.795775 487.899061 
207.823944 438.622066 675.354460 265.551643 668.143192 343.673709 197.007042 484.293427 
216.237089 435.016432 688.575117 259.542254 682.565728 336.462441 207.823944 483.091549 
225.852113 435.016432 699.392019 254.734742 699.392019 332.856808 216.237089 481.889671 
231.861502 433.814554 716.218310 247.523474 713.814554 328.049296 224.650235 481.889671 
239.072770 435.016432 731.842723 245.119718 725.833333 324.443662 230.659624 483.091549 
245.082160 438.622066 743.861502 241.514085 742.659624 323.241784 235.467136 486.697183 
251.091549 438.622066 760.687793 241.514085 758.284038 322.039906 245.082160 486.697183 
258.302817 439.823944 775.110329 239.110329 776.312207 319.636150 252.293427 489.100939 
263.110329 442.227700 793.619249 235.264319 792.176995 317.472770 255.899061 491.504695 
269.119718 444.150704 805.638028 235.504695 806.359155 317.232394 262.629577 491.745070 
275.129108 441.025822 821.983568 231.899061 824.387324 316.030516 266.715962 490.302817 
278.734742 441.025822 836.406103 230.697183 838.809859 313.626761 272.725352 487.899061 
281.138498 439.823944 853.232394 229.495305 855.636150 312.424883 275.129108 486.697183 
281.138498 437.420188 864.049296 229.495305 868.856808 311.223005 275.129108 485.495305 
281.138498 436.218310 876.068075 228.293427 878.471831 311.223005 275.129108 485.495305 
277.532864 433.814554 886.884977 227.091549 889.288732 310.021127 271.523474 483.091549 
269.119718 432.612676 890.490610 227.091549 892.894366 308.819249 264.312207 480.687793 
258.302817 431.410798 895.298122 225.889671 897.701878 306.415493 257.100939 479.485915 
252.293427 429.007042 895.298122 224.687793 898.903756 305.213615 243.880282 479.485915 
242.678404 425.401408 896.500000 222.284038 900.105634 302.809859 237.870892 474.678404 
237.390141 424.199531 897.942254 218.918779 903.230516 298.963850 233.303756 473.236150 
230.659624 414.584507 900.105634 213.870892 903.711268 295.598592 224.650235 469.870892 
219.842723 410.978873 903.711268 212.669014 910.922535 289.589202 215.035211 465.063380 
219.842723 409.776995 909.720657 211.467136 916.931925 289.589202 215.035211 462.659624 
223.448357 409.776995 920.537559 209.063380 926.546948 288.387324 217.438967 460.255869 
227.053991 408.575117 932.556338 209.063380 939.767606 284.781690 223.448357 459.053991 
241.476526 408.575117 946.978873 205.457746 957.795775 282.377934 239.072770 459.053991 
258.302817 410.978873 965.007042 205.457746 975.823944 279.974178 254.697183 459.053991 
272.725352 408.575117 987.842723 204.255869 999.861502 281.176056 271.523474 460.255869 
290.753521 410.978873 1011.880282 204.255869 1023.899061 279.974178 285.946009 462.659624 
302.772300 413.382629 1032.312207 205.457746 1043.129108 282.377934 301.570423 462.659624 
315.992958 415.786385 1049.138498 203.053991 1062.359155 279.974178 313.589202 466.265258 
323.204225 420.593897 1069.570423 204.255869 1080.387324 277.570423 322.002347 468.669014 
329.213615 422.997653 1082.791080 203.053991 1097.213615 276.368545 328.011737 472.274648 
333.780751 428.045540 1093.848357 199.929108 1108.751643 274.926291 334.261502 478.043662 
334.742254 434.295305 1100.338498 198.006103 1117.164789 272.762911 335.223005 483.331925 
333.540376 438.381690 1107.549765 193.679343 1124.616432 268.195775 334.021127 488.860563 
330.896244 441.025822 1112.597653 188.871831 1128.943192 263.628638 334.501878 493.427700 
327.290610 446.314085 1112.597653 184.064319 1130.866197 258.100000 330.655869 498.956338 
318.637089 454.727230 1107.309390 179.977934 1129.904695 253.532864 320.800469 505.927230 
309.022066 459.775117 1104.905634 174.930047 1127.981690 248.725352 312.868075 511.455869 
298.445540 464.823005 1096.492488 171.805164 1121.251174 244.398592 302.051174 518.186385 
286.426761 469.630516 1090.723474 167.478404 1115.241784 240.312207 291.715023 521.792019 
274.407981 474.438028 1083.271831 163.151643 1108.511268 235.264319 281.138498 526.599531 
259.745070 478.764789 1071.974178 159.546009 1100.338498 229.976056 264.312207 532.849296 
247.485915 481.649296 1064.041784 151.853991 1091.684977 222.524413 257.341315 535.974178 
238.592019 486.937559 1055.628638 143.681221 1084.233333 212.428638 247.245540 539.820188 
229.938498 489.100939 1046.253991 133.104695 1075.099061 204.496244 239.553521 542.704695 
223.448357 490.783568 1037.119718 123.970423 1066.445540 192.717840 233.303756 546.310329 
218.400469 494.629577 1030.629577 111.230516 1060.195775 179.256808 230.659624 548.954460 
215.515962 497.273709 1023.899061 98.009859 1054.667136 162.670892 228.736620 551.598592 
213.112207 500.398592 1016.207042 82.866197 1049.138498 147.527230 228.015493 554.002347 
210.468075 504.484977 1008.515023 68.924413 1044.090610 131.662441 228.496244 556.165728 
210.948826 506.407981 998.178873 55.944131 1034.235211 118.201408 228.976995 557.848357 
210.468075 509.052113 992.890610 36.233333 1027.023944 94.644601 230.178873 560.492488 
211.429577 513.378873 983.996714 21.810798 1019.572300 79.260563 231.861502 564.578873 
211.189202 515.061502 978.227700 6.907512 1016.207042 64.597653 234.265258 566.501878 
211.785091 517.717189 972.816392 -6.682508 1015.007807 54.351673 236.122131 569.787136 
213.023029 517.098696 972.796737 -15.455346 1013.494827 41.036033 238.147316 568.937413 
215.090168 515.652167 975.709017 -22.820935 1015.620407 33.524557 240.733817 566.939464 
216.049247 513.728982 978.673713 -25.757214 1017.727623 31.922407 242.918509 565.614453 
215.082420 514.577249 979.490209 -21.875931 1021.047286 35.538451 241.185675 565.804885 
209.698448 521.284498 980.166181 -11.207715 1022.289336 42.616316 234.782125 573.381365 
200.612676 532.368545 978.227700 2.340376 1015.485915 54.021127 228.255869 581.645540 
193.401408 541.983568 973.420188 19.166667 1013.082160 69.645540 217.438967 593.664319 
181.142254 549.435211 969.814554 29.983568 1008.274648 82.866197 207.823944 600.875587 
168.161972 557.607981 966.208920 44.646479 1004.428638 98.490610 193.882160 610.009859 
160.950704 561.213615 962.603286 61.232394 998.659624 112.913146 184.988263 615.298122 
148.931925 568.424883 965.007042 80.462441 997.457746 135.748826 174.171362 622.509390 
142.922535 570.828638 968.612676 100.894366 1003.467136 153.776995 166.960094 626.115023 
138.115023 572.030516 975.823944 117.720657 1010.678404 170.603286 159.748826 628.518779 
135.711268 570.828638 984.237089 134.546948 1017.889671 189.833333 157.345070 626.115023 
133.307512 567.223005 996.255869 147.767606 1027.504695 200.650235 153.739437 624.913146 
135.711268 561.213615 1007.072770 160.988263 1039.523474 215.072770 154.941315 621.307512 
139.316901 557.607981 1020.293427 173.007042 1051.542254 229.495305 157.345070 616.500000 
146.528169 552.800469 1037.119718 186.227700 1065.964789 240.312207 160.950704 609.288732 
158.546948 544.387324 1047.936620 198.246479 1079.185446 255.936620 176.575117 600.875587 
172.969484 532.368545 1067.166667 207.861502 1096.011737 266.753521 189.795775 592.462441 
184.988263 526.359155 1085.194836 221.082160 1112.838028 275.166667 199.410798 584.049296 
200.612676 516.744131 1100.819249 228.293427 1130.866197 287.185446 213.833333 578.039906 
212.631455 509.532864 1117.645540 240.312207 1146.490610 295.598592 225.852113 570.828638 
227.053991 502.321596 1134.471831 246.321596 1160.913146 304.011737 239.072770 562.415493 
243.880282 493.908451 1148.894366 252.330986 1176.537559 308.819249 253.495305 554.002347 
253.495305 483.091549 1162.115023 260.744131 1186.152582 314.828638 263.110329 545.589202 
260.706573 477.082160 1169.326291 265.551643 1192.161972 323.241784 270.321596 537.176056 
265.514085 469.870892 1169.566667 273.964789 1192.642723 329.251174 273.446479 531.166667 
262.389202 461.457746 1164.038028 281.897183 1186.633333 335.981690 269.360094 522.753521 
249.889671 452.804225 1152.259624 291.031455 1172.691549 344.875587 257.822066 514.580751 
233.063380 445.833333 1133.269953 302.809859 1156.105634 353.288732 241.476526 505.927230 
215.035211 438.622066 1110.434272 310.021127 1133.269953 359.298122 219.842723 501.119718 
193.401408 431.410798 1091.204225 317.232394 1112.838028 370.115023 198.208920 493.908451 
177.776995 421.795775 1076.781690 324.443662 1096.011737 377.326291 181.382629 486.697183 
177.776995 416.988263 1065.964789 332.856808 1082.791080 388.143192 180.180751 480.687793 
181.382629 412.180751 1061.157277 340.068075 1079.185446 395.354460 182.584507 477.082160 
187.392019 406.171362 1063.561033 347.279343 1079.185446 401.363850 188.593897 471.072770 
190.036150 402.084977 1064.522535 353.529108 1078.223944 408.094366 191.959155 467.467136 
191.959155 397.517840 1063.080282 360.500000 1076.300939 414.344131 192.199531 461.938498 
187.151643 392.950704 1056.590141 366.028638 1071.253052 418.911268 188.113146 457.611737 
181.382629 385.979812 1047.455869 369.634272 1062.359155 422.036150 182.103756 453.525352 
171.527230 380.691549 1036.158216 371.076526 1049.619249 423.718779 173.209859 447.756338 
159.748826 373.720657 1022.456808 371.797653 1037.119718 423.718779 160.229577 442.227700 
150.133803 366.990141 1008.515023 371.797653 1022.697183 423.478404 151.576056 435.977934 
144.605164 360.740376 996.736620 370.836150 1010.678404 421.795775 145.807042 429.728169 
144.845540 356.413615 989.525352 370.355399 1001.303756 420.834272 144.124413 424.680282 
147.970423 352.807981 986.160094 369.393897 997.938498 419.632394 147.249296 421.074648 
154.700939 350.163850 987.842723 368.432394 1000.101878 418.670892 156.864319 418.190141 
168.402347 350.644601 993.852113 368.672770 1004.428638 418.190141 171.286854 417.469014 
186.430516 348.240845 1000.342254 367.951643 1011.880282 417.469014 187.392019 414.824883 
201.333803 345.837089 1007.553521 369.153521 1019.331925 417.709390 202.295305 412.661502 
215.756338 341.750704 1014.524413 369.874648 1026.783568 419.392019 215.996714 409.536620 
229.698122 339.106573 1021.495305 372.038028 1033.514085 422.036150 231.140376 405.930986 
242.197653 336.943192 1027.023944 375.884038 1037.119718 424.920657 242.438028 404.488732 
252.774178 333.337559 1029.668075 378.768545 1038.802347 428.045540 255.177934 399.681221 
263.591080 330.693427 1031.110329 382.374178 1039.763850 431.410798 264.552582 397.517840 
272.725352 326.126291 1028.466197 385.979812 1038.081221 435.016432 273.927230 394.392958 
281.138498 322.761033 1026.062441 388.623944 1034.956338 435.737559 280.898122 389.825822 
285.946009 318.674648 1021.495305 389.825822 1030.389202 438.141315 285.946009 385.258685 
287.628638 315.309390 1014.524413 393.671831 1022.697183 440.304695 288.349765 382.614554 
287.388263 313.867136 1004.428638 397.037089 1012.361033 443.429577 286.667136 381.412676 
284.984507 311.944131 992.650235 399.921596 1000.582629 446.073709 285.705634 379.489671 
285.224883 308.578873 983.275587 402.565728 988.323474 448.237089 285.224883 376.364789 
284.984507 304.973239 973.420188 404.729108 977.025822 451.361972 284.984507 373.720657 
287.147887 303.530986 963.564789 408.815493 969.814554 453.525352 286.907512 370.836150 
290.032394 302.329108 958.276526 413.863380 963.084038 459.294366 288.830516 370.836150 
295.561033 303.530986 952.507512 419.392019 957.795775 464.823005 294.599531 372.038028 
304.935681 305.934742 948.901878 424.680282 955.392019 471.553521 302.772300 372.999531 
317.194836 307.857746 949.142254 432.372300 953.709390 477.322535 315.031455 375.884038 
328.252113 311.463380 949.863380 439.343192 954.190141 483.091549 326.809859 378.768545 
336.665258 314.828638 948.661502 443.669953 954.670892 489.100939 335.703756 381.893427 
346.520657 315.790141 949.863380 448.958216 955.151643 494.389202 346.039906 384.056808 
355.174178 318.193897 950.103756 453.525352 955.872770 498.475587 353.010798 386.700939 
361.423944 321.078404 950.103756 456.890610 955.392019 502.321596 361.183568 389.345070 
367.192958 322.520657 948.901878 459.775117 953.949765 504.484977 366.712207 391.027700 
373.202347 324.203286 947.459624 460.255869 952.267136 504.965728 372.000469 391.989202 
376.807981 324.684038 945.296244 460.015493 951.546009 504.244601 377.048357 392.710329 
381.375117 324.203286 943.132864 459.534742 950.103756 503.523474 380.894366 392.710329 
384.500000 322.280282 941.450235 457.611737 947.219249 501.600469 384.980751 391.989202 
388.826761 321.318779 939.527230 455.448357 944.334742 498.956338 390.269014 390.546948 
393.393897 319.155399 937.363850 452.804225 943.853991 496.552582 394.115023 388.623944 
399.403286 316.751643 936.402347 450.640845 941.930986 493.908451 400.605164 385.499061 
403.249296 314.588263 933.517840 448.717840 940.488732 492.466197 407.576056 383.576056 
407.816432 311.223005 931.835211 448.717840 938.806103 491.745070 410.941315 382.374178 
411.422066 310.021127 928.950704 447.996714 935.921596 491.264319 414.787324 380.931925 
416.469953 307.857746 924.383568 447.035211 932.315962 491.023944 419.594836 379.730047 
418.633333 304.973239 918.854930 446.554460 926.306573 489.581690 423.440845 375.884038 
420.075587 302.088732 913.085915 445.592958 919.335681 488.860563 423.921596 374.682160 
418.392958 299.925352 904.192019 444.871831 912.124413 487.899061 422.960094 372.038028 
416.469953 297.040845 893.375117 443.669953 900.826761 486.456808 420.315962 369.153521 
411.902817 293.915962 881.596714 443.910329 888.567606 486.937559 415.989202 367.230516 
405.172300 291.512207 869.097183 443.669953 875.346948 486.456808 408.537559 365.547887 
394.595775 289.829577 853.953521 443.189202 859.001408 486.216432 397.961033 363.865258 
383.298122 287.185446 836.646479 441.746948 842.415493 486.697183 386.423005 359.538498 
371.279343 283.579812 824.387324 442.227700 825.589202 484.293427 374.884977 355.692488 
361.664319 279.974178 805.157277 443.429577 807.561033 483.091549 364.068075 354.490610 
353.251174 276.368545 787.129108 443.429577 790.734742 485.495305 355.654930 350.884977 
341.232394 272.762911 771.504695 443.429577 773.908451 484.293427 346.039906 347.279343 
334.021127 270.359155 754.678404 442.227700 761.889671 484.293427 338.828638 346.077465 
329.213615 264.349765 741.457746 442.227700 746.265258 485.495305 332.819249 341.269953 
325.607981 261.946009 727.996714 442.468075 733.284977 484.053052 329.934742 339.587324 
324.165728 259.301878 718.381690 442.708451 721.987324 484.533803 327.290610 337.423944 
323.925352 256.657746 709.728169 443.429577 714.776056 485.014554 327.530986 335.741315 
325.127230 255.696244 701.795775 445.833333 704.920657 487.658685 328.252113 335.260563 
327.290610 255.936620 693.623005 447.035211 697.949765 489.581690 330.175117 334.539437 
330.896244 254.494366 688.094366 448.477465 691.940376 490.302817 333.540376 333.577934 
336.905634 253.052113 684.248357 449.919718 687.613615 491.745070 337.386385 331.174178 
338.828638 250.167606 680.883099 451.602347 683.767606 492.946948 342.674648 329.491549 
345.318779 247.763850 678.479343 452.563850 680.642723 494.389202 346.280282 326.366667 
350.847418 244.398592 675.835211 453.765728 678.719718 495.591080 352.049296 323.722535 
357.577934 242.235211 676.315962 453.044601 677.758216 495.591080 358.539437 321.318779 
366.712207 240.071831 676.075587 454.967606 678.479343 497.514085 365.750704 319.395775 
376.086854 238.389202 677.517840 456.409859 679.440845 498.956338 375.125352 317.713146 
382.096244 238.148826 678.960094 456.650235 680.161972 498.956338 381.855869 315.790141 
390.269014 235.745070 680.642723 457.611737 682.565728 499.677465 389.307512 314.828638 
396.038028 235.504695 681.844601 458.573239 683.527230 500.879343 395.797653 314.107512 
402.287793 233.822066 683.527230 458.813615 685.930986 501.840845 401.326291 312.905634 
408.537559 232.620188 686.892488 459.294366 688.334742 501.600469 408.777934 312.665258 
415.748826 231.899061 690.498122 459.534742 692.661502 502.321596 416.950704 311.703756 
426.084977 230.456808 696.747887 458.573239 698.190141 501.119718 425.123474 310.021127 
432.815493 228.293427 701.555399 456.650235 703.959155 498.475587 434.257746 307.136620 
439.065258 226.130047 708.285915 455.448357 710.930047 498.235211 441.709390 306.896244 
444.353521 223.245540 715.497183 452.323474 717.900939 495.831455 447.238028 303.771362 
451.564789 218.438028 720.785446 448.717840 725.112207 493.187324 454.689671 301.607981 
457.814554 215.793897 730.160094 446.073709 732.563850 489.100939 462.381690 299.204225 
463.343192 209.544131 735.688732 441.266197 739.534742 484.053052 468.150704 295.838967 
469.592958 207.861502 743.861502 436.699061 748.428638 479.485915 476.563850 293.194836 
475.842723 203.294366 753.476526 431.410798 758.043662 475.639906 484.736620 289.829577 
484.015493 199.448357 763.812676 422.757277 770.543192 469.390141 494.111268 285.743192 
494.351643 195.121596 778.475587 416.267136 783.523474 460.496244 505.408920 281.897183 
504.687793 183.823944 795.542254 407.373239 803.955399 451.842723 516.706573 272.762911 
522.715962 186.227700 814.772300 395.354460 820.781690 435.016432 533.532864 264.349765 
537.138498 171.805164 835.204225 382.133803 843.617371 424.199531 552.762911 257.138498 
553.964789 163.392019 854.434272 362.903756 868.856808 409.776995 571.992958 248.725352 
574.396714 154.978873 879.673709 348.481221 895.298122 396.556338 591.223005 233.100939 
596.030516 140.556338 909.720657 328.049296 920.537559 377.326291 614.058685 222.284038 
615.260563 124.931925 938.565728 314.828638 948.180751 362.903756 635.692488 210.265258 
635.692488 114.115023 961.401408 306.415493 973.420188 350.884977 658.528169 204.255869 
650.115023 104.500000 979.429577 296.800469 991.448357 341.269953 676.556338 189.833333 
656.364789 97.769484 987.842723 289.108451 1003.947887 333.097183 684.488732 184.785446 
660.931925 92.481221 997.698122 283.820188 1013.562911 328.049296 688.334742 178.535681 
660.691549 94.163850 1000.342254 284.060563 1016.447418 329.251174 688.815493 180.218310 
657.566667 95.846479 1000.582629 285.502817 1017.408920 329.491549 686.652113 182.862441 
649.874648 99.211737 999.380751 285.743192 1016.447418 332.135681 680.642723 184.304695 
644.826761 98.730986 997.457746 288.146948 1015.245540 333.577934 673.671831 184.064319 
635.932864 101.855869 995.534742 290.550704 1013.082160 336.222066 667.662441 188.150704 
626.077465 104.500000 989.284977 294.637089 1008.515023 339.346948 659.008920 191.515962 
619.106573 108.346009 985.919718 297.521596 1005.870892 342.471831 649.874648 195.602347 
608.770423 111.711268 983.996714 299.925352 1004.669014 345.837089 641.942254 199.207981 
603.001408 115.797653 983.515962 304.252113 1003.947887 349.923474 634.490610 204.015493 
595.790141 119.403286 984.958216 309.300000 1004.909390 352.567606 627.760094 207.861502 
588.338498 122.768545 986.400469 311.944131 1007.313146 356.653991 622.471831 211.226761 
583.530986 125.172300 994.332864 317.472770 1016.447418 362.663380 619.346948 215.553521 
579.684977 129.739437 995.775117 323.482160 1017.168545 367.230516 614.299061 220.361033 
575.838967 134.787324 1002.024883 328.770423 1023.177934 374.922535 612.135681 226.851174 
572.954460 136.469953 1008.034272 334.299061 1030.389202 381.172300 608.770423 231.418310 
566.945070 141.277465 1014.043662 342.231455 1036.638967 388.623944 604.203286 236.466197 
561.897183 147.046479 1016.207042 345.837089 1039.763850 394.633333 598.434272 241.754460 
553.724413 148.729108 1022.456808 353.048357 1042.648357 399.200469 592.184507 246.081221 
546.032394 155.700000 1026.062441 360.500000 1049.138498 408.334742 583.771362 250.648357 
533.292488 154.738498 1030.629577 364.105634 1056.590141 413.623005 573.675587 254.734742 
524.158216 156.180751 1036.398592 369.153521 1062.599531 417.469014 565.502817 256.898122 
513.341315 158.103756 1042.648357 371.076526 1067.407042 421.315023 554.205164 259.782629 
504.928169 159.786385 1049.378873 374.682160 1075.099061 422.997653 546.993897 263.628638 
493.390141 160.026761 1050.821127 373.961033 1079.906573 422.757277 537.138498 264.590141 
482.813615 160.507512 1055.388263 373.720657 1083.271831 423.718779 527.523474 266.753521 
470.073709 158.824883 1059.715023 373.961033 1088.560094 423.959155 514.783568 266.753521 
454.930047 154.017371 1065.243662 372.278404 1093.367606 422.757277 501.082160 263.628638 
437.623005 146.806103 1067.887793 369.634272 1098.896244 420.353521 488.823005 260.023005 
420.075587 139.114085 1070.772300 368.192019 1104.424883 418.911268 471.756338 254.494366 
404.691549 134.066197 1073.656808 368.432394 1105.867136 417.709390 453.968545 248.004225 
386.423005 129.258685 1073.656808 366.990141 1107.069014 417.949765 439.065258 242.715962 
366.471831 119.643662 1076.300939 364.346009 1112.116901 415.305634 418.633333 234.783568 
350.366667 113.153521 1079.666197 363.624883 1115.482160 415.065258 401.085915 229.254930 
328.973239 109.307512 1081.829577 365.788263 1118.847418 417.949765 384.259624 227.812676 
312.387324 106.182629 1082.550704 366.749765 1121.010798 418.670892 366.952582 226.851174 
290.513146 102.336620 1087.358216 372.038028 1126.058685 423.478404 345.559155 223.966667 
267.917840 100.894366 1089.040845 376.364789 1128.702817 429.007042 322.963850 226.130047 
248.687793 103.298122 1092.646479 383.095305 1131.587324 435.016432 300.368545 224.687793 
228.255869 102.096244 1094.809859 390.787324 1130.866197 441.025822 277.532864 230.697183 
201.814554 97.288732 1092.406103 394.152582 1130.866197 447.035211 251.091549 228.293427 
176.575117 93.683099 1098.415493 403.767606 1138.077465 459.053991 227.053991 224.687793 
153.739437 85.269953 1103.223005 409.776995 1145.529108 465.063380 204.218310 219.880282 
130.903756 76.856808 1112.838028 413.382629 1154.903756 468.669014 177.776995 211.467136 
108.068075 66.039906 1122.453052 414.584507 1162.115023 469.870892 151.335681 204.255869 
94.847418 49.213615 1140.481221 415.786385 1183.748826 472.274648 136.913146 193.438967 
85.232394 35.992958 1162.115023 413.382629 1207.786385 471.072770 127.298122 182.622066 
84.030516 27.579812 1198.171362 412.180751 1237.833333 468.669014 121.288732 170.603286 
91.241784 21.570423 1221.007042 400.161972 1280.500000 469.870892 123.692488 162.190141 
89.927781 28.403577 1247.835237 400.277185 1290.973222 457.794499 123.578993 173.250095 
76.976109 30.755920 1267.986238 398.636444 1325.274675 460.642752 111.331419 175.985185 
0.000000 0.000000 0.000000 0.000000 0.000000 0.000000 0.000000 0.000000 
0.000000 0.000000 0.000000 0.000000 0.000000 0.000000 0.000000 0.000000 
0.000000 0.000000 0.000000 0.000000 0.000000 0.000000 0.000000 0.000000 
0.000000 0.000000 0.000000 0.000000 0.000000 0.000000 0.000000 0.000000 
0.000000 0.000000 0.000000 0.000000 0.000000 0.000000 0.000000 0.000000 
0.000000 0.000000 0.000000 0.000000 0.000000 0.000000 0.000000 0.000000 
0.000000 0.000000 0.000000 0.000000 0.000000 0.000000 0.000000 0.000000 
0.000000 0.000000 0.000000 0.000000 0.000000 0.000000 0.000000 0.000000 
0.000000 0.000000 0.000000 0.000000 0.000000 0.000000 0.000000 0.000000 
0.000000 0.000000 0.000000 0.000000 0.000000 0.000000 0.000000 0.000000 
0.000000 0.000000 0.000000 0.000000 0.000000 0.000000 0.000000 0.000000 
0.000000 0.000000 0.000000 0.000000 0.000000 0.000000 0.000000 0.000000 
0.000000 0.000000 0.000000 0.000000 0.000000 0.000000 0.000000 0.000000 
0.000000 0.000000 0.000000 0.000000 0.000000 0.000000 0.000000 0.000000 
0.000000 0.000000 0.000000 0.000000 0.000000 0.000000 0.000000 0.000000 
0.000000 0.000000 0.000000 0.000000 0.000000 0.000000 0.000000 0.000000 

