276.330986 194.640845 614.058685 66.039906 926.546948 463.861502 538.340376 678.997653 
275.312680 196.061960 615.600865 68.453890 929.952450 465.802594 536.753602 680.557637 
278.425072 199.174352 614.563401 70.528818 928.914986 468.914986 535.716138 680.557637 
278.425072 199.174352 617.675793 72.603746 928.914986 470.989914 537.791066 681.595101 
277.387608 199.174352 619.750720 73.641210 930.989914 470.989914 540.903458 683.670029 
280.500000 203.324207 618.713256 75.716138 933.064841 475.139769 537.791066 685.744957 
280.500000 204.361671 620.788184 77.791066 929.952450 477.214697 536.753602 686.782421 
283.612392 204.361671 621.825648 77.791066 933.064841 478.252161 536.753602 686.782421 
283.612392 201.249280 623.900576 78.828530 935.139769 480.327089 538.828530 688.857349 
286.487580 204.654147 624.938040 79.865994 934.102305 480.327089 535.716138 688.857349 
289.837176 204.361671 627.012968 81.940922 934.102305 482.402017 537.791066 694.044669 
288.799712 205.399135 629.087896 81.940922 935.139769 485.514409 535.716138 693.007205 
287.762248 204.361671 630.125360 81.940922 935.139769 484.476945 535.716138 695.082133 
291.912104 206.436599 634.275216 82.978386 934.102305 485.514409 534.678674 695.082133 
293.987032 204.361671 632.200288 85.053314 935.139769 489.664265 530.528818 697.157061 
289.837176 203.324207 635.312680 82.978386 935.139769 491.739193 532.603746 695.082133 
296.061960 205.399135 637.387608 85.053314 937.214697 491.739193 528.453890 695.082133 
293.987032 204.361671 639.462536 87.128242 934.102305 495.889049 528.453890 696.119597 
299.174352 205.399135 641.537464 88.165706 938.252161 495.889049 526.378963 697.157061 
297.099424 201.249280 643.612392 88.165706 934.102305 499.001441 524.304035 697.157061 
301.249280 204.361671 645.687320 88.165706 934.102305 501.076369 521.191643 697.157061 
297.099424 197.099424 646.724784 84.015850 933.064841 499.001441 518.079251 695.082133 
299.174352 196.061960 646.724784 85.053314 928.914986 503.151297 508.742075 696.119597 
296.061960 193.987032 647.762248 84.015850 924.765130 501.076369 502.517291 693.007205 
290.874640 189.837176 645.687320 84.015850 918.540346 503.151297 496.292507 690.932277 
292.949568 185.687320 646.724784 82.978386 916.465418 503.151297 492.142651 685.744957 
291.912104 181.537464 645.687320 81.940922 913.353026 501.076369 482.805476 686.782421 
290.874640 177.387608 646.724784 77.791066 911.278098 504.188761 477.618156 680.557637 
292.949568 176.350144 647.762248 77.791066 909.203170 501.076369 478.655620 678.482709 
296.061960 171.162824 650.874640 74.678674 907.128242 505.226225 475.543228 676.407781 
298.136888 171.162824 651.912104 73.641210 907.128242 503.151297 472.430836 674.332853 
298.136888 165.975504 656.061960 73.641210 907.128242 504.188761 469.318444 675.370317 
299.174352 163.900576 659.174352 73.641210 906.090778 506.263689 468.280980 672.257925 
302.286744 162.863112 660.211816 75.716138 905.053314 510.413545 461.018732 676.407781 
300.211816 167.012968 662.286744 75.716138 902.978386 514.563401 461.018732 679.520173 
301.249280 167.012968 664.361671 78.828530 904.015850 521.825648 456.868876 681.595101 
303.324207 167.012968 664.361671 82.978386 900.903458 527.012968 453.756484 685.744957 
302.286744 169.087896 668.511527 87.128242 901.940922 531.162824 450.644092 690.932277 
303.324207 171.162824 666.436599 87.128242 900.903458 538.425072 448.569164 694.044669 
304.748677 176.026370 668.511527 92.315562 899.865994 543.612392 444.264818 702.962104 
301.249280 178.425072 669.548991 96.465418 896.753602 552.949568 439.231988 707.531700 
303.324207 181.537464 670.586455 100.615274 896.753602 559.174352 433.007205 714.793948 
303.324207 181.537464 671.623919 102.690202 894.678674 566.436599 428.857349 719.981268 
302.889501 183.598802 672.626425 105.520174 894.020193 572.482892 423.240667 727.002553 
301.882924 187.055062 673.853126 108.969714 886.517440 582.183023 415.502753 732.666949 
301.762657 187.040203 675.159664 110.695090 887.561074 587.987915 406.003870 738.388303 
297.046443 185.975632 674.755868 114.908354 882.560426 595.629565 397.482730 737.723031 
296.717793 187.606524 673.285864 114.674368 880.029743 604.055449 387.999046 751.329943 
293.964145 185.943241 676.789137 119.173107 871.556783 615.971739 375.658812 753.721175 
291.291989 184.979965 680.253910 119.689929 868.322770 626.132501 363.071853 757.937088 
291.429109 181.845387 681.906152 123.527387 863.719179 636.296940 354.782180 766.850344 
296.957046 182.685365 687.406960 125.941779 860.437774 650.086216 343.652423 770.268855 
301.931686 178.539210 697.684243 128.410553 859.245300 664.937944 334.743975 765.374368 
311.407573 175.595622 711.503357 131.995441 859.162778 673.841318 331.584635 772.080007 
322.748757 172.556382 721.332157 134.782138 859.466978 683.484343 326.591648 778.452223 
336.038839 169.714111 731.314532 139.855156 859.332524 696.799411 325.690300 759.580850 
340.948268 167.115933 739.975993 140.378727 855.204362 705.861645 317.842537 767.864932 
349.396701 163.409873 745.474491 146.416437 851.282256 714.373060 312.070821 732.346775 
0.000000 0.000000 0.000000 0.000000 0.000000 0.000000 0.000000 0.000000 
0.000000 0.000000 0.000000 0.000000 0.000000 0.000000 0.000000 0.000000 
0.000000 0.000000 0.000000 0.000000 0.000000 0.000000 0.000000 0.000000 
0.000000 0.000000 0.000000 0.000000 0.000000 0.000000 0.000000 0.000000 
0.000000 0.000000 0.000000 0.000000 0.000000 0.000000 0.000000 0.000000 
0.000000 0.000000 0.000000 0.000000 0.000000 0.000000 0.000000 0.000000 
388.190868 113.820530 787.819885 133.814121 812.719020 719.981268 278.425072 703.381844 
402.920749 101.652738 805.456772 128.626801 814.793948 712.719020 280.500000 685.744957 
417.445245 92.315562 818.943804 122.402017 816.868876 708.569164 283.612392 676.407781 
430.932277 82.978386 831.393372 115.139769 816.868876 704.419308 288.799712 659.808357 
447.531700 70.528818 845.917867 110.989914 816.868876 700.269452 289.837176 646.321326 
458.943804 64.304035 860.442363 109.952450 813.756484 699.231988 291.912104 632.834294 
473.468300 54.966859 874.966859 103.727666 814.793948 696.119597 298.136888 617.272334 
493.180115 46.667147 893.641210 103.727666 819.981268 698.194524 302.286744 606.897695 
509.779539 40.442363 911.278098 103.727666 816.868876 695.082133 307.474063 588.223343 
525.341499 31.105187 923.727666 101.652738 813.756484 694.044669 303.324207 577.848703 
539.865994 23.842939 937.214697 101.652738 805.456772 696.119597 302.286744 566.436599 
550.240634 17.618156 944.476945 102.690202 791.969741 695.082133 300.211816 553.987032 
561.652738 12.430836 954.851585 107.877522 776.407781 695.082133 289.837176 538.425072 
569.952450 12.430836 956.926513 115.139769 758.770893 702.344380 279.462536 527.012968 
573.064841 10.355908 959.001441 125.514409 731.796830 705.456772 261.825648 519.750720 
574.102305 12.430836 957.963977 133.814121 703.785303 713.756484 244.188761 510.413545 
574.102305 17.618156 947.589337 148.338617 676.811239 713.756484 227.589337 499.001441 
570.989914 21.768012 942.402017 161.825648 644.649856 715.831412 213.064841 489.664265 
573.064841 27.992795 934.102305 176.350144 616.638329 718.943804 196.465418 482.402017 
568.914986 33.180115 923.727666 187.762248 585.514409 718.943804 176.753602 473.064841 
560.615274 36.292507 908.165706 197.099424 557.502882 717.906340 153.929395 463.727666 
553.353026 42.517291 891.566282 204.361671 531.566282 716.868876 138.367435 452.315562 
547.367739 48.579813 880.604625 218.713413 501.206397 718.174371 123.880712 448.470788 
546.090778 51.854467 871.854467 225.110951 484.880403 713.756484 116.580692 437.791066 
544.015850 51.854467 866.667147 234.448127 468.280980 710.644092 108.280980 430.528818 
550.240634 56.004323 861.479827 240.672911 454.793948 702.344380 108.280980 419.116715 
553.353026 56.004323 859.404899 241.710375 442.344380 693.007205 103.093660 409.779539 
557.502882 53.929395 861.479827 241.710375 434.044669 676.407781 106.206052 394.217579 
567.877522 49.779539 864.592219 241.710375 430.932277 667.070605 113.468300 377.618156 
582.402017 49.779539 870.817003 245.860231 428.857349 655.658501 121.768012 366.206052 
595.889049 49.779539 879.116715 251.047550 427.819885 645.283862 137.329971 353.756484 
610.413545 53.929395 887.416427 259.347262 429.894813 636.984150 148.742075 340.269452 
619.750720 64.304035 895.716138 268.684438 425.744957 633.871758 160.154179 336.119597 
635.312680 75.716138 900.903458 283.208934 424.707493 633.871758 172.603746 335.082133 
649.837176 89.203170 908.165706 301.883285 421.595101 639.059078 181.940922 336.119597 
655.024496 98.540346 907.128242 310.182997 416.407781 639.059078 188.165706 333.007205 
660.211816 103.727666 907.128242 316.407781 409.145533 632.834294 186.090778 328.857349 
662.286744 109.952450 907.128242 324.707493 402.920749 631.796830 191.278098 327.819885 
667.040701 112.886227 905.053314 323.670029 396.695965 630.759366 190.240634 320.557637 
664.361671 107.877522 896.753602 321.595101 384.246398 620.384726 186.090778 311.220461 
658.136888 101.652738 891.566282 316.407781 372.834294 605.860231 178.828530 300.845821 
653.987032 96.465418 885.341499 311.220461 360.384726 595.485591 172.603746 291.508646 
648.799712 92.315562 873.929395 303.958213 345.860231 579.923631 164.304035 279.059078 
644.649856 84.015850 867.704611 297.733429 333.410663 568.511527 159.116715 268.684438 
643.612392 84.015850 864.592219 298.770893 324.073487 560.211816 154.966859 260.384726 
647.762248 85.053314 858.367435 298.770893 318.886167 553.987032 157.041787 257.272334 
651.912104 93.353026 861.479827 307.070605 313.698847 553.987032 164.304035 257.272334 
664.361671 100.615274 868.742075 316.407781 318.886167 560.211816 174.678674 260.384726 
674.736311 110.989914 876.004323 329.894813 320.961095 563.324207 190.240634 266.609510 
691.335735 126.551873 892.603746 344.419308 332.373199 569.548991 205.802594 278.021614 
705.860231 140.038905 899.865994 356.868876 335.485591 575.773775 223.439481 281.134006 
721.422190 148.338617 911.278098 368.280980 340.672911 578.886167 234.851585 288.396254 
731.796830 152.488473 918.540346 372.430836 337.560519 579.923631 243.151297 290.471182 
736.984150 157.675793 919.577810 373.468300 336.523055 578.886167 248.338617 291.508646 
749.561159 160.497834 928.914986 382.805476 336.523055 580.961095 254.563401 290.471182 
757.733429 167.012968 933.064841 386.955331 334.448127 579.923631 260.788184 290.471182 
758.770893 167.012968 927.877522 391.105187 320.961095 579.923631 256.638329 291.508646 
753.583573 172.200288 917.502882 394.217579 299.174352 573.698847 245.226225 286.321326 
742.171470 169.087896 898.828530 391.105187 273.237752 568.511527 226.551873 284.246398 
722.459654 167.012968 876.004323 392.142651 244.188761 563.324207 208.914986 273.871758 
707.935159 165.975504 857.329971 389.030259 216.177233 557.099424 192.315562 265.572046 
700.672911 157.675793 840.730548 384.880403 202.690202 545.687320 180.903458 259.347262 
694.448127 158.713256 829.318444 382.805476 187.128242 533.237752 171.566282 252.085014 
688.223343 153.525937 816.868876 379.693084 174.678674 523.900576 165.341499 242.747839 
686.964125 155.143709 811.681556 377.618156 163.266571 517.675793 160.154179 237.560519 
685.110951 152.488473 804.419308 373.468300 157.041787 508.338617 159.116715 236.523055 
686.148415 159.750720 798.194524 377.618156 151.854467 506.263689 162.229107 236.523055 
687.185879 167.012968 799.231988 384.880403 152.891931 510.413545 169.491354 240.672911 
693.410663 180.500000 798.194524 394.217579 158.079251 517.675793 175.716138 252.085014 
700.672911 197.099424 803.381844 409.779539 166.378963 529.087896 188.165706 268.684438 
710.010086 217.848703 810.644092 428.453890 174.678674 547.762248 202.690202 291.508646 
721.422190 241.710375 818.943804 449.203170 187.128242 566.436599 223.439481 313.295389 
729.721902 259.347262 829.318444 470.989914 197.502882 589.260807 236.926513 337.157061 
742.171470 280.096542 835.543228 484.476945 212.027378 605.860231 252.488473 361.018732 
752.546110 298.770893 846.955331 501.076369 225.514409 627.646974 268.050432 382.805476 
759.808357 317.445245 855.255043 512.488473 241.076369 642.171470 284.649856 405.629683 
770.182997 331.969741 864.592219 527.012968 254.563401 657.733429 301.249280 424.304035 
778.482709 342.344380 873.929395 531.162824 265.975504 670.182997 314.736311 440.903458 
789.894813 349.606628 882.229107 533.237752 286.724784 678.482709 330.298271 454.390490 
799.665622 350.047198 890.528818 529.087896 301.249280 683.670029 346.897695 463.727666 
804.419308 343.381844 891.566282 517.675793 313.698847 678.482709 357.272334 461.652738 
800.269452 327.819885 891.566282 499.001441 323.036023 662.920749 365.572046 454.390490 
794.044669 312.257925 882.229107 480.327089 323.036023 649.433718 361.422190 440.903458 
784.707493 294.621037 870.817003 458.540346 319.923631 632.834294 359.347262 433.641210 
772.257925 282.171470 856.292507 439.865994 314.736311 620.384726 355.197406 420.154179 
763.958213 273.871758 843.842939 424.304035 311.623919 608.972622 347.837562 416.673841 
755.658501 268.684438 832.426620 414.417725 309.548991 602.747839 346.897695 414.966859 
749.433718 261.422190 827.243516 407.704611 315.773775 600.672911 350.010086 414.966859 
750.471182 261.422190 826.206052 403.554755 326.148415 599.635447 358.309798 419.116715 
755.658501 260.384726 831.393372 403.554755 340.672911 608.972622 372.834294 426.378963 
764.995677 265.572046 837.618156 407.704611 360.384726 618.309798 392.546110 435.716138 
779.520173 271.796830 852.142651 409.779539 390.471182 626.609510 414.332853 447.128242 
796.119597 278.021614 869.922424 412.529918 420.557637 643.208934 442.344380 461.652738 
809.606628 284.246398 889.491354 417.041787 449.606628 655.658501 468.280980 476.177233 
830.355908 290.471182 905.053314 419.116715 477.618156 668.108069 494.217579 491.739193 
849.030259 293.583573 925.802594 424.304035 505.629683 679.520173 521.191643 503.151297 
865.629683 291.508646 942.402017 424.304035 537.791066 681.595101 546.090778 513.525937 
885.341499 291.508646 960.038905 421.191643 562.690202 684.707493 569.952450 512.488473 
899.865994 285.283862 973.525937 417.041787 586.551873 684.707493 591.739193 512.488473 
913.353026 278.021614 983.900576 407.704611 606.263689 676.407781 610.413545 503.151297 
919.577810 261.422190 993.237752 394.217579 620.788184 658.770893 624.938040 489.664265 
928.914986 245.860231 994.275216 377.618156 635.312680 645.283862 638.425072 473.064841 
931.140740 227.480127 999.462536 363.093660 643.612392 624.534582 647.762248 456.465418 
933.064841 210.586455 996.350144 349.606628 646.724784 606.897695 650.874640 439.865994 
927.877522 197.099424 989.087896 337.157061 648.799712 596.523055 655.024496 426.378963 
926.840058 190.874640 983.900576 327.819885 649.837176 579.923631 656.061960 417.041787 
924.765130 185.687320 976.638329 319.520173 652.949568 571.623919 658.136888 409.779539 
927.877522 181.537464 979.750720 316.407781 659.174352 568.511527 665.399135 403.554755 
933.064841 178.425072 983.900576 316.407781 672.661383 562.286744 678.886167 400.442363 
941.364553 181.537464 991.162824 320.557637 684.073487 564.361671 689.260807 403.554755 
949.664265 186.724784 998.425072 321.595101 697.560519 566.436599 703.785303 405.629683 
961.076369 195.024496 1007.762248 328.857349 713.122478 570.586455 715.197406 412.891931 
971.451009 205.399135 1015.695226 337.006233 724.534582 580.961095 729.721902 421.191643 
978.713256 212.661383 1022.286744 349.606628 738.021614 587.185879 745.283862 431.566282 
984.938040 224.073487 1029.548991 356.868876 750.471182 595.485591 755.658501 440.903458 
991.162824 236.523055 1034.736311 368.280980 762.920749 605.860231 767.070605 452.315562 
996.350144 245.860231 1035.773775 375.543228 772.257925 615.197406 774.332853 465.802594 
994.698827 257.731823 1033.242216 386.439210 773.762617 625.958840 778.580540 475.226659 
990.295396 267.316758 1027.244886 397.726720 775.118959 637.536150 778.741458 489.013693 
983.813624 283.158512 1020.038613 407.047975 772.259686 648.306405 777.331184 499.783948 
979.590312 295.684435 1011.891048 421.781540 771.499030 660.931222 778.953046 509.366229 
973.268912 309.674120 1006.306103 432.187035 770.916121 670.330115 778.487144 521.662759 
967.878009 320.846530 998.915942 443.241396 766.816772 682.628164 774.387795 533.960807 
963.543119 331.945096 993.972110 453.661060 765.030177 689.123491 772.999675 545.672533 
961.076369 342.344380 989.087896 461.652738 764.995677 695.082133 772.257925 551.912104 
955.889049 349.606628 981.825648 473.064841 762.920749 703.381844 773.295389 557.099424 
950.403182 357.653872 975.181075 476.037137 759.751062 706.609195 768.010360 562.759762 
941.637819 360.545982 967.138400 481.510277 752.671972 707.746204 763.787610 567.166076 
933.881260 361.607447 959.347428 483.432087 748.735339 708.497946 758.371186 563.271964 
928.839579 364.412391 948.111274 482.107382 744.381933 708.549790 751.264681 569.518281 
919.577810 366.206052 941.364553 484.476945 736.984150 708.569164 748.396254 568.511527 
909.452557 361.511340 930.789075 479.894606 734.630758 705.648740 743.578330 564.552406 
901.960637 359.463766 920.797632 477.557231 729.529688 701.427666 740.397184 565.221706 
895.990056 356.825662 914.283453 472.487145 727.808818 699.089233 734.300024 561.593695 
888.581968 350.064561 906.647839 466.035797 724.240821 693.898877 732.982371 555.782380 
880.618697 342.117295 899.890392 457.747461 723.003768 682.125045 731.951341 545.846635 
874.964691 329.684016 892.618939 446.071284 720.653481 670.999489 727.845952 536.957972 
869.602638 312.639110 886.995342 432.524535 718.658812 655.523849 723.006988 517.624552 
862.965792 295.633856 881.078286 417.349821 714.443335 636.873257 719.514833 498.493797 
860.067669 278.509294 876.731164 397.327259 711.545212 618.299695 714.443212 482.818235 
856.681776 262.700311 869.664187 378.951904 706.203827 599.652896 713.875251 464.517797 
854.637408 246.032113 865.099185 366.996409 700.326198 582.116697 712.095697 446.767458 
852.456146 229.200542 860.956340 353.434143 695.529492 564.631265 707.298991 429.935887 
850.096821 217.541843 857.289293 343.737027 689.247000 550.357122 702.324222 418.277188 
848.214774 206.739075 853.720972 334.758187 683.028822 539.864078 698.170868 404.273942 
847.982939 199.245815 848.707439 328.931277 678.449988 531.791218 695.837983 393.411758 
847.188946 191.602096 846.500671 323.750857 670.990598 526.103648 690.950567 386.383864 
847.016830 187.587062 845.153326 317.411175 668.741612 516.184937 690.482492 375.800968 
848.973055 181.150401 844.003711 316.565027 666.349662 507.884772 691.196382 368.743139 
849.646639 181.099749 845.298463 319.620215 663.296237 508.455288 690.006461 367.450151 
853.571900 185.269659 845.071707 329.119092 661.336749 510.892467 688.145052 369.658478 
854.777827 191.713722 844.155854 336.290575 658.861437 516.864114 688.366918 371.697151 
857.422944 200.870784 844.440533 346.627857 655.015349 523.660739 688.061487 379.083885 
858.983424 211.488397 843.640574 358.425689 652.445062 533.688242 686.671419 386.160841 
859.257252 222.289762 844.218448 373.985528 653.291018 540.720098 687.291793 394.255221 
862.229549 235.442687 845.229162 387.792313 652.994011 553.219161 687.648647 404.792701 
864.966643 248.163264 847.966256 404.436057 653.769521 563.324295 689.731879 410.320807 
868.560113 259.783945 851.559725 415.402877 651.478241 573.637253 691.363766 419.979904 
870.834452 269.990782 853.721274 426.369828 653.084008 582.158764 690.851023 426.369828 
873.621456 274.951559 852.501743 433.349401 651.864477 585.535562 691.619230 434.591737 
874.478093 278.065847 856.823845 437.607945 651.511472 589.957572 692.050858 436.300223 
875.511999 278.966130 857.431600 439.106813 650.152732 589.561568 692.125088 433.295256 
874.575428 274.732453 855.402766 437.700072 648.764086 590.548787 686.576834 431.841759 
871.595541 271.913821 852.712033 435.374181 642.633013 585.262021 682.170357 427.112647 
866.614400 266.104380 846.344707 430.223506 637.109168 580.611550 676.994692 419.761729 
856.300689 256.069775 836.684858 426.073650 625.487735 574.500111 667.334843 412.342568 
846.401760 248.289528 825.747924 417.650985 613.308466 566.948715 654.616138 405.848793 
837.618156 238.597983 815.831412 412.891931 603.151297 561.249280 644.649856 398.367435 
828.071319 238.304410 810.057447 410.989115 593.269813 558.205933 633.024565 394.217579 
823.939418 234.964340 806.236130 414.357661 588.485685 557.754295 627.432919 391.933495 
821.940025 232.394746 804.236737 412.968286 583.535744 559.315468 623.073088 388.183682 
820.242151 225.450132 802.302819 411.010097 579.742981 552.842941 619.545874 382.419287 
818.442106 217.365630 801.328927 403.840266 575.907058 550.187448 613.674073 374.334785 
815.639706 209.930753 799.116637 397.585607 570.154110 538.621803 607.921125 364.539469 
811.486905 200.905975 796.350593 390.950774 560.336256 533.904826 601.260358 355.632714 
804.515267 194.156038 788.986067 384.854616 551.699888 525.859753 593.318145 345.099863 
796.774468 185.651601 778.481070 379.797661 542.437228 517.883309 581.384462 339.080099 
786.641994 179.132013 768.987746 373.982608 531.636181 508.677987 570.867845 329.520056 
778.338611 170.998813 760.684362 370.426436 518.101909 501.852509 559.949017 321.386856 
772.257925 167.012968 752.546110 368.280980 507.704611 501.076369 550.240634 315.370317 
767.070605 161.825648 746.941436 366.429276 500.442363 493.814121 544.316443 309.624004 
764.166444 162.028006 742.491658 363.523238 495.238544 491.163644 538.588116 304.118269 
759.295787 155.273114 739.009793 363.929053 486.883867 486.369517 530.353854 297.999572 
757.644334 148.852838 736.720780 360.049960 481.061106 478.398812 527.485241 290.086827 
756.041108 144.251649 732.502110 355.448771 474.880852 473.143761 521.304987 282.870193 
754.298957 133.691645 730.897613 349.809932 469.353190 463.375274 516.844151 272.034880 
753.583573 125.514409 726.609510 344.419308 463.093660 454.390490 510.817003 259.347262 
751.149627 116.865358 722.932266 340.316346 455.248660 443.271579 504.819698 250.325846 
749.932951 109.152171 718.624927 335.533268 446.485949 436.682269 500.271528 237.595347 
748.853847 100.466048 715.898032 330.311731 438.731179 424.954071 493.657537 228.064202 
750.471182 94.390490 711.047550 325.744957 429.894813 414.966859 489.030259 217.848703 
748.352745 87.413526 708.214252 321.019552 419.217107 406.113155 481.030385 204.617923 
749.433718 82.978386 701.710375 321.595101 413.295389 398.367435 478.655620 195.024496 
752.546110 81.940922 700.672911 319.520173 407.070605 389.030259 476.580692 185.687320 
755.658501 77.791066 698.597983 319.520173 400.845821 381.768012 473.468300 178.425072 
760.484807 78.590646 699.474298 325.040989 396.830065 374.009950 473.093201 167.698099 
762.920749 81.940922 698.597983 328.857349 391.508646 370.355908 473.468300 162.863112 
770.182997 82.978386 694.448127 338.194524 383.208934 366.206052 472.430836 159.750720 
774.332853 89.203170 694.448127 342.344380 381.134006 366.206052 470.355908 154.563401 
775.694936 90.266094 695.618644 346.510230 375.313474 360.237594 469.117131 150.513971 
781.595101 94.390490 693.410663 353.756484 371.796830 358.943804 471.393372 148.338617 
780.557637 101.652738 693.410663 363.093660 368.684438 358.943804 470.355908 148.338617 
785.744957 105.802594 691.185309 368.862935 361.940543 359.431444 468.280980 149.376081 
785.629137 113.151091 688.546165 376.869014 355.276263 363.828018 465.400231 148.651581 
785.744957 120.327089 685.110951 384.880403 348.201995 365.845092 460.055676 149.750807 
782.506735 129.593059 677.200691 398.020231 337.881215 367.047865 454.887931 151.617853 
779.042103 136.728877 670.982960 405.844324 326.845560 371.430584 446.605375 152.559198 
773.709391 144.501725 661.411924 413.291147 313.652026 372.719158 436.092490 154.644722 
767.647250 150.640259 653.900784 420.154180 299.620387 375.235194 427.856850 154.262758 
761.224707 155.838915 644.217991 429.084010 288.379920 377.463400 417.087308 155.838915 
755.554755 159.024496 636.298271 435.975504 276.557637 376.840058 408.626801 154.096542 
747.358790 163.900576 627.012968 437.791066 262.863112 375.543228 399.808357 152.488473 
741.134006 161.825648 614.563401 442.978386 249.376081 372.430836 389.433718 147.301153 
733.871758 159.750720 608.338617 442.978386 236.926513 368.280980 376.984150 143.151297 
723.497118 153.525937 597.963977 437.791066 217.214697 361.018732 365.572046 129.664265 
717.272334 150.413545 586.551873 433.641210 208.914986 351.681556 351.047550 122.402017 
707.935159 145.226225 576.177233 431.566282 191.278098 345.456772 339.635447 113.064841 
701.710375 140.038905 572.027378 429.491354 175.716138 338.194524 330.298271 101.652738 
700.672911 137.963977 567.877522 431.566282 168.453890 334.044669 320.961095 96.465418 
702.747839 134.851585 569.952450 429.491354 162.229107 327.819885 318.886167 89.203170 
705.860231 137.963977 568.914986 431.566282 154.966859 323.670029 313.698847 85.053314 
712.085014 137.963977 572.027378 437.791066 150.817003 322.632565 313.698847 77.791066 
719.347262 139.001441 578.252161 439.865994 147.704611 317.445245 315.773775 73.641210 
726.609510 140.038905 583.439481 442.978386 143.554755 317.445245 315.773775 69.491354 
733.871758 144.188761 585.514409 454.390490 142.517291 315.370317 317.345561 65.855555 
746.321326 152.488473 597.963977 459.577810 142.517291 313.295389 319.923631 66.378963 
753.583573 158.713256 605.226225 470.989914 138.367435 316.407781 323.036023 64.304035 
763.958213 169.087896 612.488473 484.476945 138.367435 316.407781 327.185879 63.266571 
775.370317 177.387608 622.863112 493.814121 135.255043 320.557637 329.260807 68.453890 
782.632565 189.837176 630.125360 513.525937 136.292507 326.782421 333.410663 69.491354 
794.044669 205.399135 637.387608 527.012968 132.142651 330.932277 336.523055 77.791066 
802.344380 223.036023 646.724784 545.687320 132.142651 338.194524 341.710375 82.978386 
812.719020 237.560519 649.837176 563.324207 132.142651 342.344380 344.822767 87.128242 
823.093660 257.272334 658.136888 580.961095 135.255043 347.531700 352.085014 92.315562 
832.430836 271.796830 666.436599 595.485591 141.479827 343.381844 363.497118 92.315562 
842.805476 285.283862 670.586455 607.935159 141.479827 344.419308 371.796830 96.465418 
851.105187 295.658501 674.736311 620.384726 149.779539 343.381844 379.059078 94.390490 
860.442363 311.220461 678.886167 631.796830 150.817003 338.194524 387.460510 97.069897 
866.667147 324.707493 683.036023 645.283862 151.854467 335.082133 398.770893 97.502882 
873.929395 337.157061 684.073487 659.808357 154.966859 334.044669 404.995677 96.465418 
873.929395 347.531700 679.923631 660.845821 151.254669 326.619027 412.257925 93.353026 
871.854467 353.756484 673.698847 668.108069 145.629683 315.370317 413.295389 87.128242 
870.817003 354.793948 661.249280 668.108069 144.592219 299.808357 415.370317 73.641210 
869.779539 353.756484 659.174352 662.920749 136.292507 279.059078 413.295389 57.041787 
868.742075 349.606628 652.949568 656.695965 132.142651 257.272334 417.445245 38.367435 
869.779539 347.531700 647.762248 651.508646 127.992795 232.373199 420.557637 17.618156 
865.356666 342.362582 640.031851 642.795668 117.561156 202.465985 422.067478 -2.417898 
863.970866 339.246166 630.965010 637.393445 113.215237 180.843408 422.936523 -26.718501 
864.674200 338.702594 624.195540 635.034363 106.830201 158.299810 428.569444 -44.798087 
864.605206 336.987810 617.897924 632.427394 99.057992 139.991530 432.296651 -61.340160 
863.914795 337.844458 616.437731 636.046634 97.003332 125.437577 435.902104 -68.218864 
868.270133 341.196192 611.875596 643.375468 100.202346 112.801359 439.578114 -83.938217 
867.316466 347.575878 608.685056 645.342303 98.580915 103.766441 443.829378 -97.628496 
874.305655 352.306697 607.858604 652.834185 96.714832 94.527521 457.329345 -98.432877 
880.483638 359.899952 606.254635 661.843588 102.439765 86.734161 468.625049 -107.568235 
886.091408 368.023515 610.502701 672.164205 107.955794 83.755013 472.859052 -115.625117 
892.650328 384.472407 611.088866 691.268151 113.482471 85.331177 488.815843 -111.718843 
902.225942 402.316867 615.926098 714.505526 116.859748 93.143214 497.470078 -105.945266 
913.128853 427.075423 622.526869 744.237804 117.160215 103.437904 506.487448 -91.225712 
918.583430 457.574534 624.568735 785.514001 125.516473 129.578101 515.451937 -74.673808 
922.526388 493.451879 622.854663 826.014402 130.604578 159.295932 526.655865 -41.346790 
924.549304 520.595954 617.061131 863.478450 122.000381 188.253187 531.203767 -12.938478 
922.175278 559.528795 608.819436 909.553938 116.801170 223.136847 532.575488 17.585498 
917.803625 603.542420 601.622405 958.048637 113.042393 265.728782 531.318825 54.050426 
912.625389 640.727943 582.109731 994.851863 104.894525 303.780880 526.159338 88.432822 
911.567414 676.381159 550.293501 997.513525 97.522350 332.438198 524.048884 116.492374 
901.374240 708.920798 509.685173 991.807346 85.216852 365.319342 520.122979 144.104115 
0.000000 0.000000 0.000000 0.000000 0.000000 0.000000 0.000000 0.000000 
0.000000 0.000000 0.000000 0.000000 0.000000 0.000000 0.000000 0.000000 
0.000000 0.000000 0.000000 0.000000 0.000000 0.000000 0.000000 0.000000 
0.000000 0.000000 0.000000 0.000000 0.000000 0.000000 0.000000 0.000000 
0.000000 0.000000 0.000000 0.000000 0.000000 0.000000 0.000000 0.000000 
0.000000 0.000000 0.000000 0.000000 0.000000 0.000000 0.000000 0.000000 
0.000000 0.000000 0.000000 0.000000 0.000000 0.000000 0.000000 0.000000 
0.000000 0.000000 0.000000 0.000000 0.000000 0.000000 0.000000 0.000000 
0.000000 0.000000 0.000000 0.000000 0.000000 0.000000 0.000000 0.000000 
0.000000 0.000000 0.000000 0.000000 0.000000 0.000000 0.000000 0.000000 
0.000000 0.000000 0.000000 0.000000 0.000000 0.000000 0.000000 0.000000 
0.000000 0.000000 0.000000 0.000000 0.000000 0.000000 0.000000 0.000000 
0.000000 0.000000 0.000000 0.000000 0.000000 0.000000 0.000000 0.000000 
0.000000 0.000000 0.000000 0.000000 0.000000 0.000000 0.000000 0.000000 
0.000000 0.000000 0.000000 0.000000 0.000000 0.000000 0.000000 0.000000 
0.000000 0.000000 0.000000 0.000000 0.000000 0.000000 0.000000 0.000000 
0.000000 0.000000 0.000000 0.000000 0.000000 0.000000 0.000000 0.000000 
0.000000 0.000000 0.000000 0.000000 0.000000 0.000000 0.000000 0.000000 
739.837658 709.703710 281.703347 881.504076 29.663543 146.140882 579.802527 30.470634 
732.775588 685.259031 301.469195 926.283192 35.802298 108.966796 589.485709 5.655606 
726.373977 658.302202 296.502370 895.282703 39.811543 72.921350 597.526477 -23.749239 
716.143077 629.409413 295.429061 865.599738 46.469155 44.743365 602.761582 -61.677795 
711.488827 605.344366 287.581849 837.904444 50.017717 16.729005 613.047150 -80.718397 
0.000000 0.000000 0.000000 0.000000 0.000000 0.000000 0.000000 0.000000 
0.000000 0.000000 0.000000 0.000000 0.000000 0.000000 0.000000 0.000000 
0.000000 0.000000 0.000000 0.000000 0.000000 0.000000 0.000000 0.000000 
0.000000 0.000000 0.000000 0.000000 0.000000 0.000000 0.000000 0.000000 
0.000000 0.000000 0.000000 0.000000 0.000000 0.000000 0.000000 0.000000 
695.397306 591.757583 281.358449 800.868117 76.160181 10.995333 627.999600 -63.577561 
692.884758 604.120734 281.299514 801.681651 82.460281 30.185427 629.147945 -59.927924 
697.485131 609.296762 288.378128 817.524878 92.314042 48.350387 634.842550 -38.454174 
699.157378 619.817902 294.986772 826.461520 103.634559 62.502308 640.125957 -24.438986 
712.108773 625.560167 308.504724 827.362191 117.221293 77.475696 650.560479 -15.567900 
715.817196 629.967333 317.834685 840.102099 133.325346 81.233046 663.729400 -10.164263 
727.451987 630.412853 326.613557 845.355200 151.754456 90.021216 675.743327 -4.675567 
733.973790 635.140701 341.060324 848.895830 166.427366 94.030785 688.110608 1.732980 
745.222834 641.683251 349.284939 839.652199 184.401993 100.521753 701.060518 6.849952 
751.744868 642.053358 360.697042 837.577271 197.694168 106.874731 713.041800 10.792969 
759.536825 647.423647 367.810825 851.101641 212.842407 110.864151 722.427309 23.698313 
758.324634 652.513271 369.701531 853.890698 221.691243 118.068125 727.228618 26.705949 
760.044882 659.108736 370.229340 856.112289 229.966136 127.353469 730.356331 30.701084 
760.476222 662.161360 372.796745 853.773055 228.783170 127.827074 736.822746 33.476867 
763.503667 662.644678 370.225886 853.846004 242.200614 129.950023 738.953920 37.272168 
763.209010 663.929843 374.840894 867.987667 244.974569 130.532460 741.148662 44.942429 
761.799476 667.165860 375.254207 857.928460 247.948880 130.873593 744.458851 42.903358 
764.518371 668.566453 376.743392 851.561387 253.179885 127.624607 746.826808 45.570694 
765.130518 666.143118 381.835651 857.122662 254.630826 131.908950 751.072440 45.031667 
762.760631 670.748166 382.865887 845.699693 260.176839 128.650368 748.709470 49.942333 
765.359422 671.299536 389.216714 848.041291 260.138589 129.506398 750.976016 52.813051 
765.380636 671.287148 389.615576 840.839675 262.608480 129.009208 748.277221 59.229216 
764.565022 674.434291 393.399901 843.145709 263.757982 134.342606 746.643288 62.705775 
764.098160 671.987007 399.145985 863.152432 265.174084 138.486237 746.303875 65.710302 
767.667431 678.256268 391.293327 842.161119 268.322393 138.118741 742.857995 67.471587 
766.387950 680.156255 395.222675 858.865462 269.812497 138.813767 741.709630 73.069585 
770.296545 682.958212 397.522901 852.400777 269.369758 141.078833 738.553544 76.314200 
769.549536 684.607358 401.548592 861.247811 267.756041 142.781808 737.903336 79.373785 
774.417039 679.637909 402.045490 847.205106 269.688115 137.420502 736.088938 77.515809 
769.350878 676.031498 402.461000 842.799624 269.011261 132.502625 733.293140 71.703808 
774.115134 665.060003 401.077085 836.571750 270.891515 119.785319 731.019775 61.724970 
777.678462 650.500675 406.720789 823.614256 268.518655 106.957829 728.396172 50.034879 
779.364277 638.843004 410.589206 808.425700 271.677923 90.280575 728.036054 33.433195 
783.365259 624.324214 413.915381 788.524160 274.036509 72.598660 727.164871 20.496792 
788.583930 608.667742 421.255134 767.968496 282.821837 53.353369 728.189790 9.866262 
793.906307 592.769506 432.197071 749.184310 284.843194 37.988737 733.189443 -4.486171 
799.872170 583.947333 438.366656 738.878267 296.141330 22.847319 733.069096 -18.764849 
804.530147 579.803491 446.357120 732.306851 302.092718 18.446795 733.076977 -24.178022 
808.673652 577.244348 453.710406 726.897842 301.757202 14.617199 732.479263 -20.687888 
813.747013 571.420452 459.466416 721.989705 304.889861 10.686208 728.314620 -25.349941 
817.021997 563.793208 470.073151 714.701852 309.916042 5.771121 725.150244 -46.133154 
825.218882 561.551045 482.148615 708.226014 317.038511 4.335574 721.966859 -57.961095 
835.789251 553.722460 495.812102 699.613038 323.118540 5.241008 705.831428 -128.556114 
0.000000 0.000000 0.000000 0.000000 0.000000 0.000000 0.000000 0.000000 
0.000000 0.000000 0.000000 0.000000 0.000000 0.000000 0.000000 0.000000 
0.000000 0.000000 0.000000 0.000000 0.000000 0.000000 0.000000 0.000000 
0.000000 0.000000 0.000000 0.000000 0.000000 0.000000 0.000000 0.000000 
0.000000 0.000000 0.000000 0.000000 0.000000 0.000000 0.000000 0.000000 
0.000000 0.000000 0.000000 0.000000 0.000000 0.000000 0.000000 0.000000 
0.000000 0.000000 0.000000 0.000000 0.000000 0.000000 0.000000 0.000000 
0.000000 0.000000 0.000000 0.000000 0.000000 0.000000 0.000000 0.000000 
0.000000 0.000000 0.000000 0.000000 0.000000 0.000000 0.000000 0.000000 
0.000000 0.000000 0.000000 0.000000 0.000000 0.000000 0.000000 0.000000 
0.000000 0.000000 0.000000 0.000000 0.000000 0.000000 0.000000 0.000000 
0.000000 0.000000 0.000000 0.000000 0.000000 0.000000 0.000000 0.000000 
1076.091322 387.288320 795.987642 564.687318 464.795890 36.504190 772.905688 -72.519277 
1087.861048 398.063737 806.275252 587.592638 460.826788 76.718149 770.099693 -31.120430 
1090.759366 405.629683 821.018732 603.785303 463.093660 128.626801 758.770893 8.280980 
1089.721902 420.154179 827.243516 622.459654 458.943804 169.087896 745.283862 45.629683 
1088.684438 435.716138 835.543228 639.059078 458.943804 199.174352 739.059078 77.791066 
1085.572046 440.903458 837.618156 648.396254 458.943804 224.073487 729.721902 101.652738 
1086.609510 442.978386 838.655620 647.358790 453.756484 243.785303 721.422190 120.327089 
1078.309798 437.791066 841.768012 643.208934 451.681556 259.347262 710.010086 133.814121 
1071.047550 431.566282 837.618156 635.946686 449.606628 271.796830 704.822767 147.301153 
1066.897695 426.378963 838.655620 627.646974 446.494236 279.059078 695.485591 153.525937 
1059.635447 414.966859 835.543228 613.122478 442.344380 283.208934 686.148415 159.750720 
1050.298271 398.367435 830.355908 590.298271 437.157061 280.096542 676.811239 157.675793 
1040.961095 373.468300 824.131124 566.436599 430.932277 266.609510 665.399135 148.338617 
1023.324207 347.531700 811.681556 533.237752 422.632565 253.122478 653.987032 133.814121 
1010.874640 315.370317 805.456772 494.851585 416.407781 232.373199 642.574928 115.139769 
1002.574928 280.096542 797.157061 457.502882 411.220461 212.661383 636.350144 92.315562 
993.237752 256.234870 785.744957 426.378963 408.108069 197.099424 630.125360 79.865994 
982.863112 241.710375 783.670029 405.629683 406.033141 185.687320 623.900576 72.603746 
971.451009 224.073487 777.445245 386.955331 403.958213 177.387608 615.600865 68.453890 
960.038905 212.661383 764.995677 370.355908 399.808357 175.312680 611.451009 66.378963 
949.664265 212.661383 758.770893 368.280980 393.583573 185.687320 605.226225 74.678674 
939.289625 221.998559 753.583573 375.543228 395.658501 201.249280 600.038905 94.390490 
934.102305 237.560519 754.621037 389.030259 396.695965 223.036023 595.889049 119.289625 
928.914986 260.384726 754.621037 405.629683 401.883285 250.010086 591.739193 147.301153 
929.952450 285.283862 764.995677 421.191643 410.182997 285.283862 591.739193 180.500000 
928.914986 302.920749 769.145533 442.978386 415.370317 310.182997 600.038905 208.511527 
933.064841 323.670029 773.295389 461.652738 426.782421 337.157061 603.151297 237.560519 
940.327089 343.381844 784.707493 480.327089 439.231988 366.206052 614.563401 265.572046 
945.514409 353.756484 797.157061 487.589337 452.719020 381.768012 621.825648 283.208934 
947.589337 366.206052 802.344380 496.926513 459.981268 398.367435 627.012968 300.845821 
946.433096 377.507016 806.713312 508.967503 462.575913 413.297306 627.073590 317.627109 
943.439481 392.142651 802.344380 519.750720 459.981268 428.453890 622.863112 331.969741 
930.486744 403.666282 791.912680 531.004611 453.904323 445.800288 614.013545 348.423919 
914.390490 414.966859 780.557637 536.350144 445.456772 456.465418 607.301153 361.018732 
900.903458 421.191643 773.295389 538.425072 436.119597 463.727666 588.626801 373.468300 
879.116715 430.528818 758.770893 543.612392 424.707493 470.989914 575.139769 384.880403 
865.789889 430.090033 746.819398 543.722105 415.074758 473.560020 559.212084 387.382677 
853.899811 425.648672 741.022744 535.772639 408.586016 470.386533 551.747174 385.728733 
849.030259 414.966859 734.909222 523.900576 407.070605 465.802594 547.128242 379.693084 
843.842939 403.554755 736.984150 513.525937 406.033141 459.577810 546.090778 372.430836 
845.917867 392.142651 741.134006 499.001441 414.332853 452.315562 549.203170 363.093660 
852.142651 379.693084 746.321326 485.514409 419.520173 440.903458 556.465418 353.756484 
857.329971 366.206052 758.770893 473.064841 433.007205 429.491354 560.615274 345.456772 
861.873442 357.991515 767.455905 459.863068 440.721534 423.835323 565.576303 339.977643 
859.998657 351.109200 774.786830 449.775526 446.833417 418.381695 567.923908 334.291076 
861.479827 347.531700 775.370317 448.165706 448.569164 414.966859 564.765130 330.932277 
858.503763 339.905572 772.161410 440.534789 446.048206 411.339892 562.827792 329.966884 
846.436848 339.763042 765.908696 436.121514 434.160243 412.720170 550.478684 328.750645 
833.065799 338.956432 753.991111 435.144298 423.529732 411.539914 536.830777 329.514678 
814.296004 337.915752 735.178816 435.341050 405.632842 413.763635 517.443083 332.031002 
789.894813 339.231988 714.159942 435.716138 386.321326 414.966859 498.367435 331.969741 
768.108069 343.381844 693.410663 435.716138 363.497118 419.116715 474.505764 336.119597 
750.889163 344.736992 680.589405 438.470002 348.795854 425.688228 455.843212 342.606696 
733.762049 346.830146 668.539409 441.247683 333.108686 436.899507 439.949583 348.693650 
718.309798 351.681556 662.286744 445.053314 320.961095 445.053314 426.782421 356.868876 
707.364463 354.253432 653.041923 450.649311 311.662041 455.975051 412.851086 368.100354 
698.216031 359.432171 651.007262 456.955548 307.501355 471.242412 405.024732 379.930715 
690.629062 359.696577 644.010404 457.064662 298.796284 479.488827 390.263273 388.021838 
678.886167 358.943804 638.425072 454.390490 283.612392 485.514409 373.871758 394.217579 
664.361671 356.868876 628.050432 452.315562 280.500000 486.551873 369.721902 391.105187 
657.099424 358.943804 622.863112 454.390490 276.350144 487.589337 361.422190 398.367435 
643.698860 361.348884 611.183820 454.409169 261.366846 498.136291 344.896861 402.272985 
630.125360 366.206052 601.076369 459.577810 252.488473 505.226225 338.597983 407.704611 
627.999842 369.229874 601.651448 465.093180 251.834474 511.062718 331.440260 414.078204 
622.845041 377.134578 600.482993 470.930946 250.144238 520.624387 327.169070 423.101010 
617.262098 385.212448 596.926513 478.252161 245.226225 532.200288 324.073487 433.641210 
616.883256 394.729074 598.943924 487.789358 246.884533 541.607354 319.763069 444.622841 
616.289904 403.982392 600.139535 495.915257 246.073772 551.820377 318.129261 456.160504 
613.507762 414.632660 602.295680 508.814153 247.993872 563.192754 316.387576 467.329448 
611.312156 423.720415 601.994636 515.653280 246.686537 575.906576 315.015017 477.762031 
606.160670 434.477987 599.311437 526.257715 239.954988 584.704507 308.447322 491.098317 
600.055064 443.425332 596.442528 532.130788 235.405064 593.341163 300.468595 499.083562 
593.712979 450.697993 591.942650 535.673776 230.205462 597.635284 291.576861 507.938624 
584.823118 457.362945 585.514409 538.425072 224.476945 600.672911 281.537464 514.563401 
576.878192 462.857485 578.475913 542.210999 213.130205 601.859278 275.441353 514.517155 
570.840352 470.624270 572.703856 550.133774 203.730060 602.933055 262.741021 518.454206 
561.741349 476.190968 566.089526 550.731129 194.631058 601.045738 253.020850 518.430393 
555.022290 480.871794 562.943379 553.362159 189.621408 595.601583 251.738208 517.334415 
554.264370 486.019662 560.122683 555.254271 190.516383 587.208707 248.566940 512.115784 
550.565937 488.041656 558.661060 556.850207 186.285376 580.123687 245.480967 509.291356 
549.114914 492.009783 557.615107 559.357473 184.914304 570.473111 242.454077 501.163838 
545.244606 488.280072 554.298362 556.982108 179.898897 556.449534 239.547176 489.345220 
538.299523 486.887607 546.147981 551.357082 173.346238 542.387416 229.406650 477.917941 
526.925978 482.678393 538.138060 547.590450 164.598680 525.166285 222.429421 461.434447 
520.230165 475.066313 529.081810 537.617931 154.952319 506.932232 213.373170 446.150942 
510.520797 469.684089 518.091820 530.940546 151.241352 491.708882 209.056435 432.517250 
503.474870 463.067186 510.928886 525.805155 148.787938 476.111714 202.829555 422.691266 
497.479168 458.825862 504.767022 518.810504 144.859174 464.992508 199.237774 411.174512 
493.613418 454.743220 501.284843 518.475058 143.678422 455.333330 196.788286 402.223466 
489.305448 452.657519 496.386763 515.799247 140.550671 447.936642 192.480316 394.236668 
480.628171 444.449219 491.202426 511.739934 134.080990 437.239499 186.952266 382.926280 
474.676597 437.621476 483.646263 503.212159 129.905060 426.409393 181.480639 370.909585 
467.226747 429.217591 477.345652 494.990470 124.701831 416.568960 172.766627 360.914986 
460.315356 421.786194 470.408963 486.193021 117.613359 407.366755 166.639451 352.092239 
455.008141 418.259364 467.400443 484.351640 116.285227 404.686843 164.084105 346.856101 
446.548221 412.701865 459.702796 479.992580 108.576811 400.559180 155.123772 341.363589 
442.416223 410.852629 453.067701 481.152386 105.296932 400.733724 150.033141 340.552872 
435.668900 410.182117 450.048396 483.144743 99.082183 404.323803 143.285818 341.480081 
429.915860 414.377881 446.693750 489.878386 95.120695 409.802093 137.065419 344.978428 
427.386837 418.909767 442.831481 494.002689 89.967783 417.507542 131.634282 352.031614 
422.585746 425.518927 440.480891 499.852606 87.395919 426.895477 128.004132 357.379722 
420.780121 427.084863 439.663628 503.209003 83.827536 432.395850 122.774770 363.353026 
418.729005 426.206279 440.564536 503.429497 82.142288 436.857757 119.422463 363.895130 
416.555573 422.742862 441.340177 501.227439 81.373317 436.315382 116.189784 363.141791 
414.810287 415.284542 439.841261 493.572908 80.353866 433.392056 112.840875 357.233985 
411.258868 405.002690 440.410283 485.729684 77.138809 427.987459 109.093244 351.745298 
410.090846 391.279603 440.924073 473.127805 77.652599 417.627997 103.440389 339.704023 
409.799961 378.200012 444.585370 462.057693 78.096246 408.016077 102.942966 329.127740 
411.300214 364.150213 448.477119 445.585338 79.068505 397.196351 100.312451 318.121663 
414.332853 347.531700 453.756484 429.491354 84.419308 384.880403 98.943804 301.883285 
411.650903 333.741518 456.375000 415.735695 84.295364 373.496270 96.718724 289.017422 
407.913085 318.572759 456.302072 401.778214 82.762692 362.240870 91.614336 276.674977 
409.442632 307.665566 462.241913 390.280910 87.677605 353.010830 90.783445 267.910813 
411.618199 301.275839 466.680183 383.868815 95.700066 354.272998 95.700066 266.862099 
425.847010 306.080437 482.805476 391.105187 107.243516 361.018732 104.131124 273.871758 
430.282745 311.096728 499.682198 399.561965 127.518097 382.784076 115.315995 285.167262 

