223.128952 610.683028 468.054077 591.514975 504.260399 1087.754576 220.999168 1100.533278 
225.860231 610.067723 473.007205 589.779539 506.206052 1089.606628 225.860231 1096.984150 
224.015850 613.756484 465.629683 597.157061 508.050432 1087.762248 229.548991 1096.984150 
225.860231 611.912104 465.629683 599.001441 504.361671 1085.917867 220.327089 1100.672911 
224.015850 613.756484 467.474063 593.468300 504.361671 1085.917867 224.015850 1098.828530 
225.637513 613.983996 464.563244 593.362430 506.331810 1082.718405 224.192449 1098.334975 
225.601795 612.593180 465.629683 595.312680 508.050432 1087.762248 224.015850 1100.672911 
224.015850 611.912104 463.785303 593.468300 509.894813 1084.073487 225.860231 1098.828530 
225.860231 617.445245 465.629683 593.468300 508.050432 1084.073487 231.393372 1100.672911 
225.860231 613.756484 461.940922 597.157061 511.739193 1080.384726 229.548991 1096.984150 
222.171470 613.756484 465.629683 587.935159 509.894813 1082.229107 235.082133 1100.672911 
222.171470 613.756484 461.940922 589.779539 519.116715 1082.229107 238.770893 1096.984150 
227.704611 617.445245 465.629683 587.935159 524.649856 1074.851585 244.304035 1098.828530 
229.579161 616.687568 467.669384 583.934416 530.182997 1073.007205 249.837176 1096.984150 
229.548991 621.134006 471.162824 582.402017 541.249280 1073.007205 259.059078 1098.828530 
235.082133 621.134006 469.318444 584.246398 544.938040 1063.785303 266.436599 1096.984150 
231.393372 624.822767 467.474063 584.246398 544.938040 1067.474063 271.969741 1098.828530 
229.548991 621.134006 461.940922 580.557637 544.938040 1058.252161 283.036023 1093.295389 
229.548991 624.822767 461.940922 582.402017 557.848703 1054.563401 286.724784 1089.606628 
236.926513 628.511527 463.785303 578.713256 563.381844 1047.185879 294.102305 1089.606628 
239.588945 629.346488 460.096542 584.246398 565.226225 1032.430836 305.168588 1076.695965 
246.148415 634.044669 458.252161 580.557637 568.914986 1017.675793 314.390490 1071.162824 
249.837176 641.422190 458.252161 584.246398 572.603746 1002.920749 327.301153 1061.940922 
249.837176 641.422190 450.874640 584.246398 572.603746 990.010086 338.367435 1050.874640 
251.681556 646.955331 441.652738 586.090778 565.226225 977.099424 351.278098 1037.963977 
255.370317 654.332853 437.963977 584.246398 565.226225 960.500000 354.966859 1026.897695 
251.681556 658.021614 430.586455 587.935159 563.381844 945.744957 362.344380 1015.831412 
251.373671 663.078366 417.658906 591.021430 556.229936 934.677584 364.188761 1006.609510 
242.459654 670.932277 408.453890 591.623919 548.626801 919.923631 369.721902 993.698847 
236.926513 670.932277 388.165706 595.312680 541.249280 912.546110 366.033141 993.698847 
229.548991 680.154179 377.099424 600.845821 530.182997 899.635447 366.033141 978.943804 
218.482709 687.531700 366.033141 606.378963 522.805476 899.635447 362.344380 982.632565 
214.793948 696.753602 353.122478 606.378963 515.427954 886.724784 364.188761 977.099424 
212.949568 704.131124 347.589337 611.912104 508.050432 879.347262 366.033141 967.877522 
205.572046 711.508646 336.523055 617.445245 502.517291 873.814121 369.721902 969.721902 
200.038905 720.730548 325.456772 624.822767 498.828530 873.814121 369.721902 967.877522 
201.883285 724.419308 318.079251 628.511527 500.672911 870.125360 369.721902 966.033141 
198.194524 737.329971 308.857349 637.733429 495.139769 862.747839 373.410663 967.877522 
199.198466 744.196859 305.898159 645.811428 494.354759 866.139365 377.099424 967.877522 
199.869007 754.965483 303.324207 650.644092 489.606628 860.903458 382.530819 964.081764 
203.727666 761.306916 297.791066 661.710375 496.984150 857.214697 388.165706 966.033141 
205.880112 768.511419 297.791066 663.554755 498.139011 859.212457 397.387608 966.033141 
208.628229 777.944450 301.609390 671.244757 504.361671 857.214697 406.784801 970.003897 
212.949568 783.439481 301.479827 674.621037 508.050432 849.837176 415.831412 964.188761 
217.724387 784.209585 293.938454 678.895603 517.037811 849.337969 426.897695 964.188761 
220.327089 796.350144 297.791066 678.309798 517.272334 844.304035 434.275216 962.344380 
220.327089 798.194524 295.946686 683.842939 522.805476 840.615274 436.119597 962.344380 
227.704611 803.727666 299.635447 687.531700 526.494236 840.615274 445.341499 956.811239 
233.237752 807.416427 299.635447 687.531700 532.027378 836.926513 456.407781 960.500000 
233.237752 807.416427 299.635447 691.220461 533.871758 831.393372 458.252161 956.811239 
236.926513 811.105187 297.791066 691.220461 537.560519 824.015850 469.318444 953.122478 
239.445986 811.105187 296.977212 689.355961 538.846646 817.849098 473.340341 948.861708 
242.459654 812.949568 292.257925 687.531700 537.560519 807.416427 474.851585 940.211816 
238.767623 807.082701 292.257925 680.154179 539.646868 797.712759 480.303902 928.891946 
242.459654 800.038905 292.331944 670.329164 541.148835 776.526457 482.229107 916.234870 
245.310636 794.190077 292.633575 658.846472 545.338068 762.010478 488.550542 902.086377 
247.945616 786.425633 294.555871 650.374077 548.626801 744.707493 496.113733 888.464301 
252.896170 776.988040 292.257925 641.422190 548.626801 728.108069 500.262636 872.040894 
256.049320 766.931593 294.102305 630.355908 548.626801 711.508646 505.901639 857.797093 
259.503342 758.875163 292.257925 621.134006 552.905563 694.515966 509.368460 844.056453 
260.664504 749.345872 294.102305 611.912104 554.159942 680.154179 513.583573 827.704611 
266.018568 744.247548 292.257925 606.378963 554.159942 667.243516 515.427954 811.105187 
266.436599 737.329971 290.413545 599.001441 550.471182 654.332853 519.116715 798.194524 
264.968575 729.525967 286.724784 595.312680 548.045791 643.484260 520.512445 788.894745 
264.377245 728.526247 283.036023 589.779539 546.782421 634.044669 519.116715 777.906340 
264.592219 728.108069 281.191643 591.623919 543.093660 624.822767 522.805476 770.528818 
265.078692 726.089607 278.329115 588.853084 540.498197 620.086224 522.805476 761.306916 
263.327358 728.118203 273.814121 589.779539 536.314228 613.917392 523.016874 756.277307 
260.903458 733.641210 266.436599 593.468300 533.871758 608.223343 522.805476 753.929395 
264.592219 737.329971 262.747839 595.312680 530.182997 606.378963 522.805476 750.240634 
261.858899 740.156125 263.244609 598.813675 526.529565 602.970806 523.264146 749.772264 
264.648592 749.718921 259.059078 600.845821 522.805476 600.845821 524.649856 750.240634 
263.792478 752.877358 253.525937 608.223343 520.961095 599.001441 528.338617 746.551873 
267.346093 759.696451 254.439837 618.588051 517.727460 601.379710 530.182997 746.551873 
271.178440 767.524621 253.525937 624.822767 517.399691 600.323213 535.723133 748.055964 
276.251370 778.829657 253.525937 634.044669 520.961095 606.378963 541.249280 750.240634 
282.609559 789.414614 257.214697 645.110951 520.961095 606.378963 546.782421 748.396254 
288.569164 800.038905 260.903458 658.021614 524.649856 606.378963 550.471182 753.929395 
292.937624 807.655547 259.059078 667.243516 520.961095 613.756484 554.159942 757.618156 
297.303914 818.557649 260.903458 678.309798 519.116715 617.445245 558.621182 760.255789 
300.682364 830.467484 259.038178 688.877251 520.961095 621.134006 563.381844 761.306916 
305.225642 835.774142 259.795621 695.698243 521.964702 619.035082 567.394723 761.003898 
311.941606 844.228015 259.059078 704.131124 520.961095 621.134006 572.217770 762.832560 
318.905830 850.983849 262.747839 711.508646 522.605244 623.727361 576.292507 763.151297 
327.301153 864.592219 266.436599 724.419308 524.649856 624.822767 581.825648 761.306916 
334.678674 870.125360 270.125360 733.641210 520.961095 634.044669 583.670029 766.840058 
336.523055 877.502882 273.814121 744.707493 524.649856 630.355908 591.047550 770.528818 
342.056196 881.191643 277.502882 753.929395 526.494236 634.044669 592.891931 770.528818 
343.900576 890.413545 277.502882 761.306916 520.961095 641.422190 594.736311 774.217579 
347.589337 903.324207 277.502882 774.217579 522.805476 641.422190 596.580692 777.906340 
354.966859 910.701729 273.814121 779.750720 522.805476 650.644092 594.736311 779.750720 
351.278098 919.923631 270.125360 794.505764 517.272334 650.644092 592.891931 787.128242 
343.900576 923.612392 268.280980 796.350144 508.050432 654.332853 592.891931 781.595101 
338.367435 927.301153 257.214697 807.416427 502.517291 654.332853 587.358790 787.128242 
334.678674 930.989914 251.681556 807.416427 493.295389 654.332853 579.981268 781.595101 
321.768012 932.834294 238.770893 807.416427 480.384726 654.332853 570.759366 777.906340 
307.012968 936.523055 222.171470 812.949568 465.629683 650.644092 561.537464 777.906340 
292.257925 940.211816 207.416427 814.793948 452.719020 650.644092 543.093660 779.750720 
279.347262 943.900576 185.283862 811.105187 436.119597 650.644092 526.494236 779.750720 
255.370317 945.744957 163.151297 820.327089 415.831412 654.332853 508.050432 781.595101 
235.082133 949.433718 142.863112 820.327089 402.920749 658.021614 489.606628 787.128242 
224.015850 956.811239 133.641210 827.704611 384.476945 658.021614 471.162824 790.817003 
209.260807 962.344380 120.730548 829.548991 369.721902 661.710375 460.096542 794.505764 
200.038905 964.188761 111.508646 831.393372 367.877522 663.554755 456.407781 803.727666 
200.038905 969.721902 107.819885 827.704611 362.344380 667.243516 456.407781 807.416427 
200.038905 969.721902 111.508646 827.704611 366.033141 667.243516 458.252161 811.105187 
194.505764 966.033141 113.353026 824.015850 382.632565 674.621037 463.785303 816.638329 
205.572046 962.344380 131.796830 820.327089 397.387608 674.621037 471.162824 824.015850 
212.949568 956.811239 133.641210 814.793948 404.765130 678.309798 482.229107 824.015850 
220.327089 947.589337 148.396254 800.038905 423.208934 674.621037 495.139769 824.015850 
218.482709 940.211816 155.773775 796.350144 436.119597 670.932277 504.361671 824.015850 
220.327089 936.523055 161.306916 787.128242 447.185879 667.243516 508.050432 824.015850 
220.327089 927.301153 163.151297 766.840058 450.874640 670.932277 504.361671 824.015850 
212.949568 914.390490 166.840058 757.618156 456.407781 667.243516 508.050432 827.704611 
203.727666 907.012968 168.684438 744.707493 456.407781 661.710375 502.517291 827.704611 
192.661383 890.413545 159.462536 728.108069 454.563401 661.710375 495.139769 824.015850 
185.283862 873.814121 155.773775 711.508646 452.719020 654.332853 484.073487 820.327089 
170.528818 853.525937 150.240634 683.842939 449.030259 646.955331 471.162824 812.949568 
159.462536 827.704611 148.396254 663.554755 439.808357 634.044669 460.096542 807.416427 
146.551873 807.416427 144.707493 637.733429 434.275216 624.822767 449.030259 790.817003 
135.485591 787.128242 139.174352 617.445245 432.430836 610.067723 436.119597 781.595101 
129.952450 757.618156 141.018732 595.312680 428.742075 599.001441 426.897695 770.528818 
128.108069 737.329971 141.018732 573.180115 428.742075 589.779539 419.520173 753.929395 
124.419308 711.508646 146.551873 549.203170 428.742075 576.868876 412.142651 737.329971 
120.730548 691.220461 153.929395 534.448127 436.119597 565.802594 408.453890 728.108069 
126.263689 667.243516 155.773775 514.159942 437.963977 558.425072 408.453890 713.353026 
122.574928 650.644092 163.151297 503.093660 441.652738 552.891931 402.920749 707.819885 
126.263689 634.044669 170.528818 482.805476 443.497118 543.670029 404.765130 694.909222 
128.108069 617.445245 177.906340 469.894813 443.497118 539.981268 401.076369 694.909222 
131.796830 606.378963 183.439481 456.984150 447.185879 539.981268 399.231988 687.531700 
128.108069 586.090778 187.128242 449.606628 445.341499 534.448127 391.854467 678.309798 
129.952450 567.646974 187.128242 436.695965 443.497118 534.448127 382.632565 674.621037 
117.041787 552.891931 185.283862 420.096542 437.963977 525.226225 373.410663 661.710375 
102.286744 532.603746 176.061960 403.497118 426.897695 517.848703 356.811239 654.332853 
94.909222 510.471182 163.151297 379.520173 406.609510 504.938040 334.678674 641.422190 
63.554755 473.583573 142.863112 348.165706 393.698847 493.871758 316.234870 628.511527 
19.289625 444.073487 102.286744 320.500000 377.099424 480.961095 292.257925 613.756484 
-7.377954 398.056410 66.733482 288.261689 342.778010 455.698534 250.347680 584.540812 
-33.531025 378.361289 53.371812 267.318775 301.909653 428.762158 210.659685 558.724234 
0.000000 0.000000 0.000000 0.000000 0.000000 0.000000 0.000000 0.000000 
0.000000 0.000000 0.000000 0.000000 0.000000 0.000000 0.000000 0.000000 
0.000000 0.000000 0.000000 0.000000 0.000000 0.000000 0.000000 0.000000 
0.000000 0.000000 0.000000 0.000000 0.000000 0.000000 0.000000 0.000000 
0.000000 0.000000 0.000000 0.000000 0.000000 0.000000 0.000000 0.000000 
0.000000 0.000000 0.000000 0.000000 0.000000 0.000000 0.000000 0.000000 
0.000000 0.000000 0.000000 0.000000 0.000000 0.000000 0.000000 0.000000 
0.000000 0.000000 0.000000 0.000000 0.000000 0.000000 0.000000 0.000000 
0.000000 0.000000 0.000000 0.000000 0.000000 0.000000 0.000000 0.000000 
0.000000 0.000000 0.000000 0.000000 0.000000 0.000000 0.000000 0.000000 
0.000000 0.000000 0.000000 0.000000 0.000000 0.000000 0.000000 0.000000 
0.000000 0.000000 0.000000 0.000000 0.000000 0.000000 0.000000 0.000000 
0.000000 0.000000 0.000000 0.000000 0.000000 0.000000 0.000000 0.000000 
0.000000 0.000000 0.000000 0.000000 0.000000 0.000000 0.000000 0.000000 
0.000000 0.000000 0.000000 0.000000 0.000000 0.000000 0.000000 0.000000 
0.000000 0.000000 0.000000 0.000000 0.000000 0.000000 0.000000 0.000000 
0.000000 0.000000 0.000000 0.000000 0.000000 0.000000 0.000000 0.000000 
0.000000 0.000000 0.000000 0.000000 0.000000 0.000000 0.000000 0.000000 
0.000000 0.000000 0.000000 0.000000 0.000000 0.000000 0.000000 0.000000 
0.000000 0.000000 0.000000 0.000000 0.000000 0.000000 0.000000 0.000000 
0.000000 0.000000 0.000000 0.000000 0.000000 0.000000 0.000000 0.000000 
0.000000 0.000000 0.000000 0.000000 0.000000 0.000000 0.000000 0.000000 
0.000000 0.000000 0.000000 0.000000 0.000000 0.000000 0.000000 0.000000 
0.000000 0.000000 0.000000 0.000000 0.000000 0.000000 0.000000 0.000000 
0.000000 0.000000 0.000000 0.000000 0.000000 0.000000 0.000000 0.000000 
0.000000 0.000000 0.000000 0.000000 0.000000 0.000000 0.000000 0.000000 
0.000000 0.000000 0.000000 0.000000 0.000000 0.000000 0.000000 0.000000 
0.000000 0.000000 0.000000 0.000000 0.000000 0.000000 0.000000 0.000000 
0.000000 0.000000 0.000000 0.000000 0.000000 0.000000 0.000000 0.000000 
0.000000 0.000000 0.000000 0.000000 0.000000 0.000000 0.000000 0.000000 
0.000000 0.000000 0.000000 0.000000 0.000000 0.000000 0.000000 0.000000 
0.000000 0.000000 0.000000 0.000000 0.000000 0.000000 0.000000 0.000000 
0.000000 0.000000 0.000000 0.000000 0.000000 0.000000 0.000000 0.000000 
0.000000 0.000000 0.000000 0.000000 0.000000 0.000000 0.000000 0.000000 
0.000000 0.000000 0.000000 0.000000 0.000000 0.000000 0.000000 0.000000 
0.000000 0.000000 0.000000 0.000000 0.000000 0.000000 0.000000 0.000000 
0.000000 0.000000 0.000000 0.000000 0.000000 0.000000 0.000000 0.000000 
0.000000 0.000000 0.000000 0.000000 0.000000 0.000000 0.000000 0.000000 
0.000000 0.000000 0.000000 0.000000 0.000000 0.000000 0.000000 0.000000 
0.000000 0.000000 0.000000 0.000000 0.000000 0.000000 0.000000 0.000000 
0.000000 0.000000 0.000000 0.000000 0.000000 0.000000 0.000000 0.000000 
0.000000 0.000000 0.000000 0.000000 0.000000 0.000000 0.000000 0.000000 
377.099424 993.698847 354.966859 827.704611 659.289625 796.350144 709.087896 993.698847 
343.900576 956.811239 323.612392 779.750720 633.468300 761.306916 670.355908 953.122478 
314.390490 914.390490 297.791066 741.018732 598.425072 724.419308 631.623919 910.701729 
295.946686 886.724784 279.347262 720.730548 578.136888 694.909222 598.425072 877.502882 
286.724784 870.125360 268.280980 707.819885 563.381844 683.842939 579.981268 847.992795 
277.502882 853.525937 268.280980 694.909222 559.693084 674.621037 574.448127 833.237752 
275.658501 844.304035 270.125360 687.531700 559.693084 667.243516 572.603746 831.393372 
281.191643 844.304035 268.280980 687.531700 563.381844 670.932277 574.448127 833.237752 
281.191643 844.304035 275.658501 687.531700 568.914986 674.621037 579.981268 836.926513 
286.724784 840.615274 286.724784 687.531700 578.136888 678.309798 583.670029 840.615274 
294.102305 844.304035 294.102305 687.531700 585.514409 683.842939 589.203170 846.148415 
297.791066 846.148415 297.791066 691.220461 592.891931 687.531700 592.891931 853.525937 
295.946686 844.304035 301.479827 691.220461 589.203170 694.909222 589.203170 857.214697 
290.413545 844.304035 297.791066 691.220461 591.047550 700.442363 585.514409 866.436599 
273.814121 844.304035 286.724784 687.531700 581.825648 707.819885 572.603746 870.125360 
259.059078 836.926513 275.658501 683.842939 570.759366 707.819885 554.159942 870.125360 
246.148415 827.704611 264.592219 678.309798 559.693084 707.819885 539.404899 873.814121 
227.704611 814.793948 249.837176 667.243516 544.938040 704.131124 526.494236 870.125360 
220.327089 803.727666 247.992795 654.332853 528.338617 696.753602 509.894813 860.903458 
207.416427 790.817003 236.926513 637.733429 520.961095 687.531700 496.984150 849.837176 
200.038905 777.906340 235.082133 621.134006 515.427954 678.309798 485.917867 831.393372 
198.194524 753.929395 235.082133 600.845821 513.583573 658.021614 476.695965 824.015850 
192.661383 741.018732 227.704611 586.090778 508.050432 645.110951 474.851585 811.105187 
192.661383 724.419308 229.548991 576.868876 513.583573 634.044669 476.695965 794.505764 
195.574841 712.987897 235.082133 560.269452 517.272334 621.134006 480.384726 781.595101 
201.883285 704.131124 238.770893 549.203170 522.805476 606.378963 485.917867 770.528818 
201.883285 691.220461 236.926513 534.448127 530.182997 587.935159 493.295389 757.618156 
205.800022 685.858868 239.011260 522.093106 533.871758 573.180115 496.684662 747.700484 
208.205119 674.390509 238.491800 508.760223 541.249280 558.425072 506.206052 737.329971 
212.107197 668.402436 242.340876 502.117201 548.456878 549.987193 510.664779 723.830848 
218.482709 663.554755 238.770893 499.404899 557.848703 543.670029 522.805476 717.041787 
220.236641 661.710379 240.615274 495.716138 557.848703 538.136888 530.182997 711.508646 
220.327089 661.710375 244.304035 493.871758 570.759366 532.603746 541.249280 713.353026 
225.860231 670.932277 244.304035 499.404899 574.448127 532.603746 554.159942 717.041787 
229.548991 678.309798 249.837176 508.626801 585.514409 541.825648 565.226225 724.419308 
242.459654 694.909222 255.370317 514.159942 598.425072 541.825648 581.825648 737.329971 
247.992795 707.819885 262.747839 525.226225 611.335735 551.047550 594.736311 748.396254 
249.837176 724.419308 260.903458 539.981268 616.868876 562.113833 609.491354 763.151297 
257.214697 750.240634 268.280980 558.425072 627.935159 575.024496 622.402017 779.750720 
264.592219 770.528818 268.280980 575.024496 635.312680 587.935159 633.468300 796.350144 
271.969741 794.505764 271.969741 595.312680 642.690202 600.845821 646.378963 814.793948 
273.814121 814.793948 275.658501 610.067723 651.912104 617.445245 651.912104 831.393372 
275.658501 836.926513 271.969741 628.511527 657.445245 630.355908 661.134006 846.148415 
279.347262 853.525937 274.726485 644.353276 651.912104 645.110951 664.822767 860.903458 
275.658501 870.125360 266.436599 663.554755 655.600865 654.332853 661.134006 873.814121 
264.592219 881.191643 259.059078 680.154179 646.378963 670.932277 655.600865 886.724784 
253.525937 890.413545 246.148415 691.220461 637.157061 674.621037 644.534582 886.724784 
236.926513 897.791066 231.393372 694.909222 618.713256 680.154179 629.779539 894.102305 
220.327089 897.791066 211.105187 700.442363 607.646974 683.842939 615.024496 895.946686 
192.661383 895.946686 187.128242 696.753602 587.358790 683.842939 592.891931 897.791066 
177.906340 895.946686 172.373199 691.220461 563.381844 687.531700 574.448127 907.012968 
153.929395 894.102305 152.085014 687.531700 544.938040 687.531700 548.626801 899.635447 
139.174352 890.413545 142.863112 680.154179 522.805476 683.842939 530.182997 895.946686 
126.263689 877.502882 126.263689 678.309798 509.894813 683.842939 508.050432 890.413545 
117.041787 866.436599 118.886167 670.932277 489.606628 680.154179 487.762248 883.036023 
111.508646 862.747839 115.197406 670.932277 478.540346 678.309798 474.851585 873.814121 
111.508646 853.525937 117.041787 661.710375 471.162824 670.932277 465.629683 866.436599 
117.041787 844.304035 120.730548 658.021614 469.318444 670.932277 467.474063 860.903458 
124.419308 836.926513 131.796830 658.021614 469.318444 674.621037 463.785303 860.903458 
134.593887 834.081090 148.396254 654.332853 478.540346 683.842939 473.007205 857.214697 
145.174540 829.514543 161.551117 656.930625 487.762248 687.531700 473.007205 860.903458 
153.929395 831.393372 168.684438 661.710375 485.917867 691.220461 469.318444 862.747839 
155.773775 831.393372 177.906340 661.710375 487.762248 696.753602 467.474063 866.436599 
161.306916 824.015850 181.595101 661.710375 484.073487 700.442363 461.940922 870.125360 
163.151297 824.015850 185.283862 661.710375 484.073487 707.819885 460.096542 873.814121 
159.462536 820.327089 185.283862 661.710375 474.851585 711.508646 449.030259 877.502882 
161.306916 820.327089 192.661383 661.710375 474.851585 720.730548 443.497118 883.036023 
159.462536 816.638329 194.505764 667.243516 473.007205 724.419308 437.963977 881.191643 
163.151297 812.949568 200.038905 667.243516 474.851585 729.952450 436.119597 883.036023 
164.995677 807.416427 205.572046 663.554755 474.851585 737.329971 432.430836 886.724784 
174.217579 800.038905 218.482709 663.554755 478.540346 744.707493 436.119597 883.036023 
177.906340 798.194524 225.860231 661.710375 474.851585 744.707493 432.430836 886.724784 
188.288395 791.301382 238.770893 654.332853 484.326503 747.210600 436.456511 883.262156 
196.350144 783.439481 249.837176 654.332853 491.451009 746.551873 436.119597 883.036023 
201.883285 774.217579 259.059078 646.955331 495.139769 746.551873 439.808357 877.502882 
214.793948 763.151297 273.814121 637.733429 500.672911 744.707493 439.808357 877.502882 
218.482709 750.240634 279.347262 630.355908 506.206052 741.018732 437.963977 870.125360 
218.482709 737.329971 286.724784 621.134006 506.206052 741.018732 434.275216 864.592219 
224.015850 720.730548 295.946686 608.223343 506.206052 733.641210 434.275216 857.214697 
227.704611 707.819885 307.012968 599.001441 509.894813 728.108069 432.430836 849.837176 
229.548991 694.909222 307.012968 587.935159 509.894813 728.108069 430.586455 844.304035 
231.393372 680.154179 314.390490 575.024496 506.206052 720.730548 423.208934 831.393372 
233.237752 663.554755 316.234870 567.646974 504.361671 724.419308 419.520173 824.015850 
238.770893 646.955331 323.612392 558.425072 504.361671 717.041787 415.831412 811.105187 
236.926513 637.733429 325.456772 547.358790 498.828530 711.508646 406.609510 807.416427 
238.770893 624.822767 330.989914 543.670029 498.828530 707.819885 401.076369 798.194524 
240.615274 621.134006 334.678674 536.292507 495.139769 711.508646 397.387608 794.505764 
246.148415 617.445245 345.744957 534.448127 493.295389 713.353026 393.698847 798.194524 
249.837176 613.756484 349.433718 541.825648 495.139769 720.730548 391.854467 798.194524 
255.370317 611.912104 358.655620 541.825648 493.295389 728.108069 386.321326 800.038905 
259.059078 613.756484 360.500000 543.670029 491.451009 733.641210 382.632565 803.727666 
264.592219 611.912104 366.033141 545.514409 495.139769 744.707493 377.099424 812.949568 
266.436599 613.756484 378.943804 547.358790 495.139769 753.929395 377.099424 820.327089 
268.280980 613.756484 382.632565 554.736311 495.139769 766.840058 373.410663 824.015850 
273.814121 617.445245 388.165706 556.580692 495.139769 774.217579 369.721902 827.704611 
277.502882 621.134006 386.321326 565.802594 489.606628 781.595101 362.344380 836.926513 
273.814121 624.822767 390.010086 571.335735 485.917867 790.817003 354.966859 844.304035 
268.280980 624.822767 391.854467 573.180115 476.695965 794.505764 347.589337 846.148415 
266.616691 625.890299 384.476945 575.024496 471.162824 800.038905 336.523055 846.148415 
262.747839 624.822767 380.788184 575.024496 463.785303 803.727666 330.989914 849.837176 
257.214697 617.445245 372.046051 574.040584 452.719020 803.727666 318.079251 844.304035 
251.681556 613.756484 366.033141 569.491354 443.497118 803.727666 314.390490 840.615274 
247.992795 613.756484 362.344380 567.646974 432.430836 800.038905 307.012968 836.926513 
244.736761 608.919409 360.500000 560.269452 432.430836 798.194524 307.723592 840.710950 
242.459654 600.845821 358.655620 556.580692 432.430836 794.505764 308.857349 836.926513 
242.459654 599.001441 349.433718 549.203170 436.119597 783.439481 308.857349 829.548991 
244.304035 597.157061 353.475962 545.793805 437.963977 774.217579 314.390490 820.327089 
246.110753 593.420340 357.508951 538.241794 444.961742 764.161504 319.923631 816.638329 
246.148415 589.779539 362.344380 527.070605 452.719020 753.929395 329.145533 807.416427 
247.992795 586.090778 362.344380 523.381844 452.719020 741.018732 332.834294 798.194524 
247.992795 578.713256 360.500000 514.159942 463.785303 733.641210 340.211816 790.817003 
255.370317 575.024496 358.655620 510.471182 467.474063 720.730548 353.122478 781.595101 
255.370317 573.180115 351.278098 506.782421 471.162824 711.508646 362.344380 777.906340 
255.370317 576.868876 347.589337 503.093660 474.851585 704.131124 369.721902 766.840058 
257.214697 575.024496 345.744957 499.404899 478.540346 700.442363 382.632565 766.840058 
260.903458 576.868876 345.744957 495.716138 487.762248 691.220461 391.854467 761.306916 
255.370317 578.713256 340.211816 499.404899 489.606628 687.531700 401.076369 757.618156 
260.903458 586.090778 332.834294 503.093660 491.451009 670.932277 402.920749 757.618156 
257.214697 595.312680 329.145533 504.938040 498.828530 670.932277 413.987032 753.929395 
262.747839 608.223343 332.834294 508.626801 502.517291 670.932277 426.897695 750.240634 
266.038492 612.427976 329.145533 517.848703 511.739193 667.243516 437.963977 757.618156 
273.814121 617.445245 330.989914 523.381844 513.583573 661.710375 454.563401 750.240634 
281.191643 628.511527 332.834294 532.603746 528.338617 658.021614 467.474063 750.240634 
284.880403 641.422190 330.989914 536.292507 537.560519 658.021614 482.229107 750.240634 
294.102305 658.021614 330.989914 549.203170 543.093660 654.332853 489.606628 753.929395 
295.946686 658.021614 332.834294 560.269452 544.938040 658.021614 504.361671 753.929395 
307.012968 674.621037 334.678674 569.491354 554.159942 658.021614 511.739193 761.306916 
305.168588 691.220461 330.989914 586.090778 556.004323 661.710375 519.116715 764.995677 
312.546110 711.508646 332.834294 599.001441 557.848703 667.243516 522.805476 770.528818 
312.546110 728.108069 327.301153 621.134006 557.848703 674.621037 528.338617 777.906340 
308.857349 741.018732 325.456772 630.355908 557.848703 678.309798 532.027378 783.439481 
308.857349 753.929395 316.234870 645.110951 552.315562 678.309798 530.182997 787.128242 
299.635447 766.840058 303.324207 654.332853 546.782421 683.842939 526.494236 790.817003 
290.413545 777.906340 292.257925 667.243516 535.716138 683.842939 522.805476 794.505764 
281.191643 794.505764 279.347262 680.154179 519.116715 687.531700 508.050432 798.194524 
262.747839 811.105187 257.214697 691.220461 506.206052 694.909222 498.828530 811.105187 
251.681556 836.926513 240.615274 707.819885 489.606628 707.819885 484.073487 827.704611 
229.548991 860.903458 222.171470 720.730548 473.007205 728.108069 467.474063 847.992795 
212.949568 881.191643 201.883285 753.929395 454.563401 741.018732 452.719020 873.814121 
187.128242 912.546110 183.439481 777.906340 443.497118 763.151297 432.430836 907.012968 
166.840058 932.834294 163.151297 796.350144 425.053314 794.505764 419.520173 927.301153 
150.240634 947.589337 144.707493 811.105187 408.453890 824.015850 395.543228 953.122478 
122.574928 953.122478 126.263689 827.704611 391.854467 836.926513 384.476945 966.033141 
113.353026 956.811239 122.574928 820.327089 377.099424 853.525937 364.188761 977.099424 
96.753602 936.523055 115.197406 800.038905 367.877522 853.525937 343.900576 982.632565 
80.154179 903.324207 115.197406 770.528818 362.344380 846.148415 330.989914 977.099424 
80.154179 866.436599 118.886167 737.329971 362.344380 827.704611 321.768012 960.500000 
81.998559 814.793948 126.263689 691.220461 360.500000 803.727666 312.546110 932.834294 
87.531700 800.038905 141.018732 658.021614 367.877522 770.528818 307.012968 907.012968 
96.753602 761.306916 161.306916 621.134006 375.255043 741.018732 305.168588 879.347262 
104.131124 713.353026 181.595101 584.246398 386.321326 711.508646 314.390490 840.615274 
124.419308 670.932277 188.972622 549.203170 390.010086 691.220461 316.234870 811.105187 
133.641210 634.044669 209.260807 516.004323 397.387608 670.932277 323.612392 783.439481 
141.018732 600.845821 218.482709 493.871758 404.765130 654.332853 319.923631 763.151297 
142.863112 571.335735 220.327089 469.894813 401.076369 646.955331 314.390490 741.018732 
146.551873 549.203170 227.704611 455.139769 399.231988 637.733429 308.857349 733.641210 
148.396254 528.914986 227.704611 444.073487 397.387608 634.044669 301.479827 724.419308 
141.018732 516.004323 236.926513 431.162824 382.632565 634.044669 277.502882 717.041787 
135.485591 497.560519 233.237752 421.940922 369.721902 634.044669 259.059078 713.353026 
126.263689 488.338617 229.548991 416.407781 358.655620 634.044669 236.926513 707.819885 
113.353026 482.805476 224.015850 410.874640 340.211816 641.422190 216.638329 707.819885 
104.131124 469.894813 225.860231 407.185879 321.768012 645.110951 194.505764 704.131124 
105.975504 466.206052 225.860231 410.874640 310.701729 654.332853 179.750720 700.442363 
107.819885 464.361671 229.548991 412.719020 299.635447 663.554755 176.061960 704.131124 
120.730548 462.517291 246.148415 414.563401 310.701729 674.621037 179.750720 707.819885 
124.419308 469.894813 268.280980 427.474063 316.234870 683.842939 185.283862 717.041787 
142.863112 469.894813 281.191643 431.162824 325.456772 691.220461 190.817003 720.730548 
166.840058 471.739193 301.479827 444.073487 330.989914 707.819885 198.194524 729.952450 
181.595101 480.961095 318.079251 449.606628 342.056196 724.419308 203.727666 741.018732 
196.350144 482.805476 332.834294 455.139769 349.433718 729.952450 212.949568 744.707493 
212.949568 486.494236 354.966859 464.361671 364.188761 741.018732 220.327089 748.396254 
229.548991 488.338617 373.410663 473.583573 373.410663 753.929395 227.704611 757.618156 
242.459654 493.871758 388.165706 477.272334 382.632565 763.151297 235.082133 761.306916 
257.214697 490.182997 408.453890 473.583573 393.698847 766.840058 249.837176 766.840058 
275.658501 488.338617 425.053314 480.961095 399.231988 774.217579 251.681556 763.151297 
288.569164 480.961095 430.586455 477.272334 402.920749 777.906340 247.992795 764.995677 
288.569164 469.894813 434.275216 471.739193 399.231988 777.906340 249.837176 761.306916 
292.257925 466.206052 441.652738 466.206052 395.543228 777.906340 244.304035 757.618156 
292.257925 453.295389 441.652738 460.672911 395.543228 774.217579 242.459654 750.240634 
294.102305 445.917867 449.030259 453.295389 391.854467 774.217579 235.082133 744.707493 
290.413545 438.540346 445.341499 444.073487 382.632565 770.528818 227.704611 741.018732 
290.413545 433.007205 449.030259 436.695965 382.632565 766.840058 220.327089 737.329971 
284.880403 421.940922 447.185879 431.162824 375.255043 774.217579 218.482709 737.329971 
279.347262 416.407781 452.719020 423.785303 377.099424 774.217579 212.949568 737.329971 
284.880403 412.719020 452.719020 423.785303 377.099424 774.217579 211.105187 737.329971 
288.569164 407.185879 458.252161 416.407781 380.788184 783.439481 212.949568 741.018732 
290.413545 405.341499 465.629683 414.563401 386.321326 790.817003 214.793948 744.707493 
290.413545 399.808357 471.162824 407.185879 397.387608 790.817003 218.482709 750.240634 
290.413545 394.275216 478.540346 403.497118 399.231988 798.194524 218.482709 757.618156 
295.946686 394.275216 484.073487 397.963977 412.142651 800.038905 224.015850 757.618156 
301.479827 390.586455 496.984150 394.275216 419.520173 798.194524 231.393372 763.151297 
303.324207 383.208934 502.517291 386.897695 428.742075 807.416427 235.082133 766.840058 
308.857349 381.364553 508.050432 381.364553 437.963977 807.416427 240.615274 766.840058 
312.546110 373.987032 519.116715 377.675793 449.030259 811.105187 244.304035 770.528818 
312.546110 370.298271 522.805476 372.142651 452.719020 811.105187 249.837176 774.217579 
307.012968 364.765130 526.494236 362.920749 460.096542 814.793948 253.525937 774.217579 
308.857349 359.231988 524.649856 355.543228 463.785303 820.327089 246.148415 783.439481 
303.324207 355.543228 526.494236 353.698847 465.629683 824.015850 242.459654 787.128242 
301.479827 353.698847 526.494236 348.165706 471.162824 824.015850 246.148415 790.817003 
295.946686 353.698847 524.649856 346.321326 469.318444 833.237752 240.615274 794.505764 
292.257925 353.698847 524.649856 340.788184 467.474063 840.615274 235.082133 800.038905 
277.502882 353.698847 517.272334 338.943804 461.940922 844.304035 225.860231 807.416427 
275.658501 355.543228 506.206052 346.321326 456.407781 853.525937 220.327089 820.327089 
264.592219 353.698847 502.517291 346.321326 456.407781 857.214697 214.793948 829.548991 
260.903458 364.765130 495.139769 348.165706 452.719020 870.125360 211.105187 836.926513 
253.525937 366.609510 493.295389 353.698847 458.252161 879.347262 211.105187 849.837176 
251.681556 372.142651 493.295389 361.076369 458.252161 897.791066 209.260807 862.747839 
246.148415 386.897695 491.451009 364.765130 461.940922 910.701729 211.105187 873.814121 
238.770893 388.742075 485.917867 370.298271 461.940922 914.390490 205.572046 886.724784 
231.393372 399.808357 484.073487 377.675793 456.407781 929.145533 203.727666 894.102305 
229.548991 403.497118 474.851585 383.208934 456.407781 930.989914 201.883285 903.324207 
220.327089 410.874640 465.629683 383.208934 452.719020 940.211816 194.505764 910.701729 
211.105187 410.874640 463.785303 386.897695 454.563401 943.900576 192.661383 916.234870 
203.727666 410.874640 456.407781 386.897695 452.719020 945.744957 188.972622 916.234870 
205.572046 407.185879 458.252161 383.208934 454.563401 942.056196 190.817003 912.546110 
203.727666 407.185879 458.252161 377.675793 452.719020 943.900576 188.972622 919.923631 
205.572046 403.497118 461.940922 373.987032 460.096542 943.900576 192.661383 919.923631 
209.260807 397.963977 467.474063 366.609510 467.474063 932.834294 200.038905 914.390490 
211.105187 397.963977 471.162824 362.920749 473.007205 927.301153 207.416427 910.701729 
218.482709 399.808357 476.695965 366.609510 482.229107 927.301153 214.793948 907.012968 
222.171470 394.275216 482.229107 366.609510 485.917867 927.301153 218.482709 907.012968 
227.704611 394.275216 484.073487 361.076369 493.295389 923.612392 231.393372 903.324207 
233.237752 397.963977 493.295389 357.387608 498.828530 919.923631 233.237752 903.324207 
236.926513 399.808357 496.984150 361.076369 509.894813 919.923631 238.770893 907.012968 
242.459654 399.808357 495.139769 361.076369 509.894813 919.923631 244.304035 903.324207 
246.148415 399.808357 500.672911 362.920749 519.116715 914.390490 253.525937 903.324207 
249.837176 405.341499 495.139769 366.609510 522.805476 914.390490 259.059078 903.324207 
249.837176 410.874640 498.828530 370.298271 526.494236 914.390490 268.280980 907.012968 
251.681556 416.407781 498.828530 377.675793 530.182997 910.701729 270.125360 907.012968 
253.525937 423.785303 493.295389 383.208934 532.027378 910.701729 277.502882 907.012968 
249.837176 436.695965 495.139769 396.119597 533.871758 910.701729 284.880403 914.390490 
253.525937 445.917867 487.762248 403.497118 537.560519 912.546110 288.569164 919.923631 
255.370317 462.517291 487.762248 420.096542 535.716138 916.234870 295.946686 923.612392 
251.681556 477.272334 480.384726 431.162824 535.716138 916.234870 295.946686 929.145533 
247.992795 493.871758 469.318444 444.073487 532.027378 919.923631 299.635447 930.989914 
247.992795 504.938040 463.785303 453.295389 532.027378 916.234870 307.012968 936.523055 
251.681556 512.315562 458.252161 464.361671 528.338617 914.390490 308.857349 936.523055 
251.681556 528.914986 454.563401 473.583573 532.027378 910.701729 316.234870 936.523055 
251.681556 539.981268 445.341499 480.961095 530.182997 903.324207 321.768012 932.834294 
255.370317 551.047550 443.497118 495.716138 528.338617 897.791066 330.989914 932.834294 
257.214697 560.269452 436.119597 504.938040 533.871758 894.102305 334.678674 930.989914 
260.903458 571.335735 426.897695 517.848703 530.182997 886.724784 342.056196 927.301153 
262.747839 580.557637 423.208934 523.381844 530.182997 883.036023 347.589337 923.612392 
264.592219 586.090778 423.208934 528.914986 532.027378 873.814121 358.655620 923.612392 
271.969741 595.312680 428.742075 532.603746 535.716138 866.436599 366.033141 916.234870 
275.658501 599.001441 425.053314 536.292507 539.404899 862.747839 373.410663 914.390490 
277.502882 600.845821 423.208934 534.448127 543.093660 849.837176 378.943804 903.324207 
279.347262 600.845821 419.520173 534.448127 546.782421 840.615274 390.010086 895.946686 
284.880403 602.690202 426.897695 530.759366 550.471182 827.704611 393.698847 890.413545 
290.413545 604.534582 423.208934 527.070605 554.159942 820.327089 401.076369 881.191643 
288.569164 597.157061 417.675793 525.226225 556.004323 807.416427 410.298271 873.814121 
294.102305 595.312680 415.831412 519.693084 559.693084 796.350144 415.831412 860.903458 
288.569164 595.312680 410.298271 514.159942 556.004323 783.439481 415.831412 853.525937 
290.413545 593.468300 413.987032 508.626801 557.848703 774.217579 419.520173 846.148415 
286.724784 593.468300 404.765130 510.471182 559.693084 766.840058 423.208934 836.926513 
286.724784 589.779539 399.231988 504.938040 556.004323 761.306916 425.053314 829.548991 
281.191643 593.468300 391.854467 504.938040 552.315562 748.396254 426.897695 827.704611 
281.191643 593.468300 391.854467 504.938040 552.315562 741.018732 428.742075 820.327089 
275.658501 595.312680 384.476945 503.093660 550.471182 737.329971 428.742075 820.327089 
273.814121 599.001441 375.255043 506.782421 543.093660 733.641210 428.742075 816.638329 
268.280980 602.690202 373.410663 512.315562 543.093660 728.108069 425.053314 820.327089 
262.747839 610.067723 366.033141 510.471182 537.560519 729.952450 428.742075 814.793948 
262.747839 617.445245 356.811239 519.693084 535.716138 724.419308 428.742075 814.793948 
257.214697 624.822767 353.122478 523.381844 532.027378 724.419308 428.742075 816.638329 
257.214697 630.355908 349.433718 527.070605 530.182997 728.108069 428.742075 824.015850 
257.214697 634.044669 347.589337 534.448127 530.182997 724.419308 432.430836 824.015850 
259.059078 645.110951 343.900576 541.825648 528.338617 728.108069 434.275216 829.548991 
257.214697 654.332853 340.211816 549.203170 530.182997 728.108069 439.808357 827.704611 
260.903458 658.021614 338.367435 556.580692 532.027378 733.641210 443.497118 831.393372 
262.747839 670.932277 340.211816 562.113833 532.027378 733.641210 447.185879 836.926513 
266.436599 674.621037 338.367435 571.335735 533.871758 737.329971 452.719020 836.926513 
266.436599 683.842939 332.834294 580.557637 533.871758 737.329971 454.563401 840.615274 
264.592219 691.220461 335.564220 590.744224 530.823398 739.393146 454.563401 844.304035 
264.592219 704.131124 325.456772 597.157061 526.494236 741.018732 456.407781 846.148415 
264.592219 717.041787 319.923631 608.223343 522.805476 744.707493 456.407781 847.992795 
264.592219 720.730548 316.234870 617.445245 517.272334 748.396254 455.193203 852.742318 
262.482998 729.094601 318.702649 624.984135 517.272334 753.929395 454.563401 857.214697 
260.903458 744.707493 310.701729 634.044669 513.583573 757.618156 452.719020 860.903458 
262.747839 748.396254 310.701729 645.110951 509.894813 757.618156 454.563401 862.747839 
262.747839 753.929395 310.701729 650.644092 509.894813 761.306916 456.407781 862.747839 
264.819241 755.794201 307.910890 656.128696 508.059146 761.472954 456.003914 865.583419 
270.125360 770.528818 308.857349 661.710375 508.050432 764.995677 458.252161 866.436599 
271.969741 770.528818 307.012968 667.243516 504.361671 763.151297 456.407781 866.436599 
271.969741 774.217579 309.196731 674.312519 500.672911 770.528818 461.940922 866.436599 
273.117047 774.260478 308.857349 678.309798 500.672911 764.995677 461.940922 864.592219 
277.334652 779.528713 308.857349 678.309798 504.361671 763.151297 461.940922 866.436599 
277.671922 784.017394 309.737946 683.238464 502.517291 761.306916 464.341987 866.472883 
279.347262 787.128242 305.168588 683.842939 500.672911 757.618156 463.785303 862.747839 
279.592749 783.815579 305.168588 683.842939 500.672911 753.929395 462.259293 858.585823 
279.347262 783.439481 303.324207 683.842939 493.295389 753.929395 460.096542 853.525937 
279.347262 779.750720 299.635447 687.531700 493.295389 750.240634 465.629683 849.837176 
276.736807 782.949894 301.479827 687.531700 488.601604 748.593440 461.940922 847.992795 
277.502882 783.439481 294.102305 687.531700 489.606628 746.551873 460.751886 840.515566 
279.347262 787.128242 292.257925 687.531700 485.917867 744.707493 456.407781 840.615274 
275.283480 785.550638 292.257925 691.220461 482.229107 741.018732 460.789400 836.659412 
275.959061 785.620458 290.846858 690.567603 482.229107 737.329971 460.096542 833.237752 
278.969048 788.129506 288.924286 692.843649 480.918178 735.508958 463.852054 831.505904 
279.570309 788.919746 292.476565 692.553034 481.768321 732.992636 463.785303 827.704611 
281.791721 789.454362 292.742484 694.026287 482.034239 731.571759 468.736884 827.782032 
288.569164 790.817003 290.413545 694.909222 485.917867 729.952450 473.007205 824.015850 
286.724784 790.817003 294.102305 696.753602 487.762248 724.419308 474.851585 820.327089 
295.946686 790.817003 296.527720 693.807597 491.365966 719.406782 478.540346 816.638329 
295.678589 788.858364 297.791066 691.220461 490.132847 713.141662 484.109927 810.368791 
299.614024 784.777834 298.831827 688.567562 493.598964 705.775903 488.123582 801.986175 
301.130990 780.071548 299.635447 683.842939 495.139769 694.909222 491.451009 794.505764 
303.090160 773.725571 300.956895 676.306448 495.139769 683.842939 492.239698 785.814076 
303.678976 765.661645 300.550186 667.104780 492.970731 668.669175 493.752928 775.830210 
305.509671 756.859539 297.791066 658.021614 494.801426 657.481367 495.139769 764.995677 
303.978181 753.017612 296.234427 649.767563 491.451009 645.110951 496.984150 753.929395 
304.598237 745.520476 295.133649 643.302928 489.157698 632.891882 495.139769 741.018732 
303.871989 739.577874 290.361308 635.047867 488.754996 622.248274 494.443704 730.333724 
303.324207 729.952450 288.569164 630.355908 484.073487 613.756484 494.952942 719.488965 
302.014902 724.744324 282.815513 623.769758 484.053555 603.859281 495.430970 711.944731 
299.788871 723.931276 280.859695 618.960394 481.336873 592.287464 495.139769 704.131124 
299.707443 720.208524 275.658501 617.445245 477.736339 585.906024 495.139769 694.909222 
296.405565 715.150988 271.969741 611.912104 471.930647 580.065508 490.859823 688.478059 
294.844835 713.258056 270.125360 610.067723 470.369917 573.870490 490.159510 682.283041 
294.158098 712.809317 264.592219 610.067723 465.629683 571.335735 489.128607 677.790342 
290.548413 716.246239 262.747839 613.756484 464.696828 568.598670 488.358297 675.548512 

