1.0000 -0.0000 -0.0000 0.0000 1.0000 -0.0000 0.0000 -0.0000 1.0000
0.6994 0.1082 90.3797 -0.0778 0.9564 19.5783 -0.0003 0.0002 1.0000
1.0547 0.2099 -39.3216 0.0027 1.2244 -55.8930 -0.0000 0.0003 1.0000
0.8586 0.0291 53.1883 -0.0060 0.9657 -19.4307 -0.0001 0.0000 1.0000
0.9515 0.1311 2.7721 -0.0138 1.1001 -38.7603 -0.0001 0.0002 1.0000
0.8419 0.0999 49.5757 -0.0247 1.0157 -26.3801 -0.0001 0.0001 1.0000
0.8771 0.1426 31.3053 -0.0198 1.0660 -43.1147 -0.0001 0.0002 1.0000
0.7904 0.0688 77.6046 -0.0397 0.9626 -19.8331 -0.0002 0.0001 1.0000
0.8712 0.1515 37.5945 -0.0233 1.0621 -52.4843 -0.0001 0.0002 1.0000
0.7849 0.0827 87.4381 -0.0404 0.9780 -35.4488 -0.0002 0.0001 1.0000
0.8507 0.0757 69.7490 -0.0254 1.0000 -52.2595 -0.0001 0.0001 1.0000
0.7615 0.1536 93.9595 -0.0462 1.0134 -51.6242 -0.0002 0.0002 1.0000
0.7309 0.0423 128.1191 -0.0483 0.9195 -35.6960 -0.0002 0.0001 1.0000
0.7860 0.1862 93.0890 -0.0450 1.0470 -62.7585 -0.0002 0.0003 1.0000
0.7331 0.1551 117.4701 -0.0594 0.9964 -47.0432 -0.0002 0.0002 1.0000
0.9333 0.2563 43.7993 -0.0209 1.1692 -96.2776 -0.0001 0.0004 1.0000
0.8057 0.1769 100.4194 -0.0301 1.0544 -73.9348 -0.0002 0.0002 1.0000
0.8246 0.0909 111.0873 -0.0135 1.0075 -73.4668 -0.0002 0.0001 1.0000
0.6861 0.1045 151.5865 -0.0490 0.9430 -45.1616 -0.0003 0.0002 1.0000
0.8561 0.0908 95.5529 -0.0016 1.0133 -80.7518 -0.0001 0.0001 1.0000
0.7339 0.1089 133.8137 -0.0458 0.9738 -50.6361 -0.0002 0.0002 1.0000
0.7581 0.1592 119.6168 -0.0443 1.0204 -59.7359 -0.0002 0.0002 1.0000
0.9078 0.1442 72.1551 0.0067 1.0875 -98.6518 -0.0001 0.0002 1.0000
0.7700 0.1633 118.2685 -0.0430 1.0412 -63.5685 -0.0002 0.0003 1.0000
0.8341 0.1546 101.7352 -0.0106 1.0710 -85.6995 -0.0002 0.0002 1.0000
0.7166 0.0891 148.2153 -0.0276 0.9610 -57.7881 -0.0002 0.0002 1.0000
0.7971 0.1535 110.8484 -0.0220 1.0470 -73.9868 -0.0002 0.0003 1.0000
0.7977 0.0646 132.1941 0.0031 0.9949 -76.6314 -0.0002 0.0001 1.0000
0.8671 0.1009 100.8205 0.0078 1.0551 -86.9274 -0.0001 0.0002 1.0000
0.8194 0.0978 122.1567 0.0167 1.0336 -88.6030 -0.0002 0.0002 1.0000
0.8326 0.1047 116.8058 0.0122 1.0480 -85.8662 -0.0002 0.0002 1.0000
0.9555 0.1162 82.4235 0.0538 1.1306 -119.7939 -0.0001 0.0003 1.0000
0.8636 0.1286 109.2015 0.0517 1.0930 -115.0243 -0.0002 0.0003 1.0000
0.7595 0.0255 159.3835 0.0235 0.9744 -78.3434 -0.0002 0.0001 1.0000
0.8672 0.1009 117.6652 0.0606 1.0894 -115.0618 -0.0002 0.0003 1.0000
0.7137 0.0405 179.8505 0.0377 0.9815 -87.7283 -0.0002 0.0002 1.0000
0.8529 0.0561 128.4674 0.0831 1.0662 -124.7128 -0.0002 0.0002 1.0000
0.8666 -0.0835 147.0657 0.0994 0.9721 -112.5625 -0.0001 0.0000 1.0000
0.9068 0.0244 115.2728 0.1140 1.0847 -142.5049 -0.0001 0.0002 1.0000
0.8009 0.0835 126.5872 0.0664 1.0723 -116.8027 -0.0002 0.0003 1.0000
0.8097 0.0385 135.1472 0.0989 1.0620 -133.3156 -0.0002 0.0003 1.0000
0.8278 0.0199 124.8985 0.1294 1.0537 -148.6060 -0.0002 0.0002 1.0000
0.7942 -0.0187 139.9372 0.1159 1.0215 -133.7166 -0.0002 0.0002 1.0000
0.8632 -0.0249 112.5904 0.1613 1.0663 -166.0213 -0.0001 0.0002 1.0000
0.8047 -0.1234 135.1306 0.1497 0.9499 -137.5257 -0.0001 0.0001 1.0000
0.7971 -0.0555 119.4709 0.1504 1.0131 -149.8551 -0.0002 0.0002 1.0000
1.0416 -0.0439 21.3628 0.2640 1.1674 -239.4133 -0.0000 0.0003 1.0000
1.0286 -0.0906 27.1287 0.2283 1.1259 -206.3841 -0.0000 0.0002 1.0000
0.7879 -0.1216 114.0217 0.1716 0.9678 -154.4946 -0.0002 0.0001 1.0000
0.8187 -0.1995 124.8025 0.2128 0.9304 -167.6735 -0.0001 0.0000 1.0000
0.8711 -0.1262 97.7310 0.2280 1.0321 -194.4745 -0.0001 0.0002 1.0000
0.9553 -0.1331 92.7459 0.2716 1.0998 -225.1318 -0.0000 0.0002 1.0000
0.9594 -0.2191 111.3334 0.3132 1.0248 -238.3860 0.0000 0.0001 1.0000
0.7465 -0.1252 174.2460 0.2207 0.9902 -191.1864 -0.0002 0.0002 1.0000
0.7540 -0.1382 194.4726 0.2430 0.9963 -209.8875 -0.0001 0.0002 1.0000
0.8346 -0.1353 188.6241 0.2776 1.0490 -243.6159 -0.0001 0.0002 1.0000
0.8315 -0.1673 216.8897 0.2839 1.0284 -252.1019 -0.0001 0.0002 1.0000
0.9330 -0.1390 192.6312 0.3280 1.0857 -300.0598 -0.0000 0.0002 1.0000
0.8094 -0.0926 230.3318 0.2817 1.0314 -280.7044 -0.0002 0.0003 1.0000
0.8915 -0.0839 221.9311 0.3208 1.0889 -329.0702 -0.0001 0.0003 1.0000
0.8331 -0.1061 259.9493 0.2852 1.0360 -309.8925 -0.0001 0.0002 1.0000
0.9298 0.0988 214.5586 0.3151 1.2196 -380.5056 -0.0001 0.0005 1.0000
0.7044 0.0258 309.6261 0.2310 1.0570 -309.7380 -0.0002 0.0004 1.0000
0.9180 -0.0153 263.8351 0.2809 1.1202 -362.9276 -0.0001 0.0003 1.0000
0.7989 0.0799 293.8295 0.2239 1.1132 -341.9890 -0.0002 0.0004 1.0000
0.9612 0.0908 252.7710 0.2670 1.1813 -397.4513 -0.0001 0.0004 1.0000
0.8812 0.1244 269.0638 0.2044 1.1310 -360.1734 -0.0002 0.0004 1.0000
0.7923 -0.0844 335.3277 0.1973 0.9882 -342.9411 -0.0002 0.0001 1.0000
0.6465 0.1342 341.1937 0.1219 1.0244 -315.4662 -0.0003 0.0003 1.0000
1.3201 0.0648 163.3326 0.2864 1.3152 -504.0794 0.0001 0.0003 1.0000
1.0000 0.0000 0.0000 0.0000 1.0000 0.0000 0.0000 0.0000 1.0000
1.0000 0.0000 0.0000 0.0000 1.0000 0.0000 0.0000 0.0000 1.0000
1.0000 0.0000 0.0000 0.0000 1.0000 0.0000 0.0000 0.0000 1.0000
1.0000 0.0000 0.0000 0.0000 1.0000 0.0000 0.0000 0.0000 1.0000
1.0000 0.0000 0.0000 0.0000 1.0000 0.0000 0.0000 0.0000 1.0000
1.0000 0.0000 0.0000 0.0000 1.0000 0.0000 0.0000 0.0000 1.0000
1.0000 0.0000 0.0000 0.0000 1.0000 0.0000 0.0000 0.0000 1.0000
1.0000 0.0000 0.0000 0.0000 1.0000 0.0000 0.0000 0.0000 1.0000
1.0000 0.0000 0.0000 0.0000 1.0000 0.0000 0.0000 0.0000 1.0000
1.0000 0.0000 0.0000 0.0000 1.0000 0.0000 0.0000 0.0000 1.0000
1.0000 0.0000 0.0000 0.0000 1.0000 0.0000 0.0000 0.0000 1.0000
1.0000 0.0000 0.0000 0.0000 1.0000 0.0000 0.0000 0.0000 1.0000
1.0000 0.0000 0.0000 0.0000 1.0000 0.0000 0.0000 0.0000 1.0000
1.0000 0.0000 0.0000 0.0000 1.0000 0.0000 0.0000 0.0000 1.0000
1.0000 0.0000 0.0000 0.0000 1.0000 0.0000 0.0000 0.0000 1.0000
1.0000 0.0000 0.0000 0.0000 1.0000 0.0000 0.0000 0.0000 1.0000
1.0000 0.0000 0.0000 0.0000 1.0000 0.0000 0.0000 0.0000 1.0000
1.0000 0.0000 0.0000 0.0000 1.0000 0.0000 0.0000 0.0000 1.0000
1.0000 0.0000 0.0000 0.0000 1.0000 0.0000 0.0000 0.0000 1.0000
1.0000 0.0000 0.0000 0.0000 1.0000 0.0000 0.0000 0.0000 1.0000
1.0000 0.0000 0.0000 0.0000 1.0000 0.0000 0.0000 0.0000 1.0000
1.0000 0.0000 0.0000 0.0000 1.0000 0.0000 0.0000 0.0000 1.0000
1.0000 0.0000 0.0000 0.0000 1.0000 0.0000 0.0000 0.0000 1.0000
1.0000 0.0000 0.0000 0.0000 1.0000 0.0000 0.0000 0.0000 1.0000
1.0000 0.0000 0.0000 0.0000 1.0000 0.0000 0.0000 0.0000 1.0000
1.0000 0.0000 0.0000 0.0000 1.0000 0.0000 0.0000 0.0000 1.0000
1.0000 0.0000 0.0000 0.0000 1.0000 0.0000 0.0000 0.0000 1.0000
1.0000 0.0000 0.0000 0.0000 1.0000 0.0000 0.0000 0.0000 1.0000
1.0000 0.0000 0.0000 0.0000 1.0000 0.0000 0.0000 0.0000 1.0000
0.6998 0.2958 228.5769 -0.0488 1.0014 -195.7801 -0.0003 0.0003 1.0000
0.7145 0.2176 240.7396 -0.0492 0.9697 -176.5958 -0.0003 0.0002 1.0000
0.7711 0.2886 216.4227 -0.0518 1.0278 -175.8745 -0.0002 0.0003 1.0000
0.8358 0.2671 210.9599 -0.0521 1.0564 -167.5532 -0.0002 0.0003 1.0000
0.7430 0.3550 217.5914 -0.0685 1.0542 -147.1882 -0.0003 0.0004 1.0000
0.6775 0.2725 248.6214 -0.0718 0.9862 -122.8757 -0.0003 0.0003 1.0000
0.8026 0.3006 217.4695 -0.0575 1.0652 -138.8146 -0.0002 0.0003 1.0000
0.7009 0.2053 266.0660 -0.0599 0.9742 -114.1817 -0.0002 0.0002 1.0000
0.7900 0.2993 224.4485 -0.0645 1.0607 -123.7881 -0.0002 0.0003 1.0000
0.7812 0.2379 242.0389 -0.0496 1.0232 -121.9066 -0.0002 0.0002 1.0000
0.7162 0.2181 262.4786 -0.0483 0.9829 -114.3983 -0.0002 0.0002 1.0000
0.8043 0.3279 224.2056 -0.0525 1.0820 -129.8788 -0.0002 0.0003 1.0000
0.7931 0.2902 236.0283 -0.0510 1.0584 -124.3398 -0.0002 0.0003 1.0000
0.7196 0.2083 272.3193 -0.0681 0.9834 -98.1503 -0.0002 0.0002 1.0000
0.6924 0.2713 271.8972 -0.0460 1.0056 -118.6022 -0.0003 0.0003 1.0000
0.6730 0.3021 269.0165 -0.0674 1.0106 -105.8173 -0.0003 0.0003 1.0000
0.6239 0.2803 294.1734 -0.0821 0.9876 -91.8567 -0.0003 0.0003 1.0000
0.7081 0.2151 280.1787 -0.0630 0.9863 -100.3832 -0.0002 0.0002 1.0000
0.7286 0.3141 254.8525 -0.0644 1.0481 -113.8044 -0.0003 0.0003 1.0000
0.6376 0.2331 295.8540 -0.0769 0.9612 -88.7801 -0.0003 0.0002 1.0000
0.8415 0.4790 202.4092 -0.0547 1.1788 -144.6999 -0.0002 0.0005 1.0000
0.7242 0.3773 246.0149 -0.0805 1.0726 -109.7672 -0.0003 0.0004 1.0000
0.5741 0.1874 326.6679 -0.0697 0.9145 -87.5987 -0.0003 0.0002 1.0000
0.7577 0.2882 247.9032 -0.0538 1.0373 -121.7721 -0.0002 0.0003 1.0000
0.8153 0.3127 234.5639 -0.0477 1.0851 -136.0959 -0.0002 0.0003 1.0000
0.7642 0.2825 254.2623 -0.0367 1.0432 -137.7021 -0.0002 0.0003 1.0000
0.6242 0.3649 285.2302 -0.0674 1.0315 -121.6860 -0.0003 0.0004 1.0000
0.5915 0.2494 310.9764 -0.0555 0.9582 -117.4469 -0.0003 0.0003 1.0000
0.5676 0.2613 311.5896 -0.0796 0.9464 -103.5596 -0.0003 0.0003 1.0000
0.6058 0.2986 305.3538 -0.0665 0.9928 -125.7952 -0.0003 0.0003 1.0000
0.7378 0.4107 243.9610 -0.0496 1.0958 -162.8460 -0.0003 0.0005 1.0000
0.7195 0.2308 282.7113 -0.0348 1.0030 -158.8992 -0.0002 0.0003 1.0000
0.8851 0.3517 213.0863 -0.0183 1.1275 -203.6220 -0.0002 0.0004 1.0000
0.7637 0.2116 273.1272 -0.0336 1.0188 -179.2953 -0.0002 0.0003 1.0000
0.7133 0.3923 263.3277 -0.0311 1.0758 -201.3716 -0.0003 0.0005 1.0000
0.7406 0.3785 257.6131 -0.0186 1.0843 -218.1820 -0.0003 0.0005 1.0000
0.7197 0.3407 273.3525 -0.0188 1.0615 -218.1962 -0.0003 0.0004 1.0000
0.6653 0.3149 298.2213 -0.0049 1.0296 -224.2640 -0.0003 0.0004 1.0000
0.7259 0.3696 276.7985 0.0106 1.0861 -252.0060 -0.0003 0.0005 1.0000
0.7346 0.3611 272.3470 0.0134 1.0802 -255.7457 -0.0003 0.0005 1.0000
0.7056 0.2801 304.1405 0.0109 1.0524 -250.7800 -0.0003 0.0004 1.0000
0.8572 0.3349 245.1771 0.0451 1.1247 -290.3195 -0.0002 0.0005 1.0000
0.7613 0.3514 272.1101 0.0309 1.1004 -278.2007 -0.0003 0.0005 1.0000
0.6800 0.2771 311.8845 0.0398 1.0313 -268.0135 -0.0003 0.0004 1.0000
0.7387 0.2454 304.3692 0.0554 1.0484 -282.8286 -0.0003 0.0004 1.0000
0.7530 0.1344 327.7737 0.0601 1.0187 -278.1427 -0.0002 0.0003 1.0000
0.7850 0.2332 302.0299 0.0524 1.0841 -289.4177 -0.0002 0.0004 1.0000
0.6631 0.0702 363.2721 0.0484 0.9573 -254.9733 -0.0002 0.0002 1.0000
0.6759 0.1845 336.7221 0.0677 0.9982 -276.8357 -0.0003 0.0003 1.0000
0.7288 0.2932 316.4143 0.0765 1.0783 -298.9048 -0.0003 0.0005 1.0000
0.6628 0.2233 341.1538 0.0696 1.0173 -279.7374 -0.0003 0.0004 1.0000
0.8099 0.3837 281.2530 0.0962 1.1512 -325.0826 -0.0002 0.0006 1.0000
0.7537 0.2637 315.4519 0.0877 1.0737 -300.3875 -0.0002 0.0004 1.0000
0.7239 0.2985 316.9868 0.0873 1.0817 -301.1851 -0.0003 0.0005 1.0000
0.7109 0.2952 324.3546 0.0934 1.0759 -302.8169 -0.0003 0.0005 1.0000
0.7186 0.2575 330.9820 0.0849 1.0696 -294.8760 -0.0003 0.0005 1.0000
0.6768 0.2806 340.9266 0.0845 1.0593 -291.6690 -0.0003 0.0005 1.0000
0.6178 0.1477 370.2826 0.1127 0.9673 -288.9869 -0.0003 0.0003 1.0000
0.6774 0.2888 340.4384 0.1069 1.0656 -307.3417 -0.0003 0.0005 1.0000
0.6388 0.3354 347.3840 0.1073 1.0716 -308.5707 -0.0003 0.0005 1.0000
0.6866 0.2692 342.6254 0.0951 1.0599 -296.3927 -0.0003 0.0005 1.0000
0.6469 0.2781 349.5891 0.0907 1.0452 -290.2911 -0.0003 0.0005 1.0000
0.7645 0.1645 338.9437 0.1154 1.0557 -307.7750 -0.0002 0.0004 1.0000
0.6683 0.1767 358.0363 0.0782 1.0091 -271.4975 -0.0003 0.0004 1.0000
0.7354 0.1912 334.6945 0.1032 1.0435 -295.1832 -0.0002 0.0004 1.0000
0.3547 0.0881 457.4280 0.0235 0.8297 -193.0914 -0.0004 0.0002 1.0000
0.5682 0.2446 373.7237 0.0865 0.9965 -271.1897 -0.0004 0.0004 1.0000
0.7107 0.0430 360.2254 0.1076 0.9626 -273.2224 -0.0002 0.0002 1.0000
0.5931 0.2758 365.2437 0.0646 1.0264 -257.3421 -0.0003 0.0005 1.0000
0.6152 0.2217 365.3431 0.0695 1.0119 -253.0691 -0.0003 0.0004 1.0000
0.6032 0.1085 386.5545 0.0790 0.9524 -239.7877 -0.0003 0.0003 1.0000
0.6064 0.2137 374.3364 0.0837 1.0090 -250.8621 -0.0003 0.0004 1.0000
0.5460 0.1946 380.3361 0.0613 0.9614 -220.2972 -0.0004 0.0004 1.0000
0.5503 0.1435 388.3265 0.0502 0.9373 -199.4276 -0.0003 0.0003 1.0000
0.6882 0.2375 333.9116 0.0686 1.0473 -226.4081 -0.0003 0.0004 1.0000
0.7928 0.1308 323.0930 0.0921 1.0440 -228.5060 -0.0002 0.0003 1.0000
0.5577 0.1300 377.1212 0.0380 0.9309 -165.5857 -0.0003 0.0003 1.0000
0.5797 0.1627 370.1675 0.0316 0.9664 -157.7227 -0.0003 0.0003 1.0000
0.5866 0.1372 361.0343 0.0402 0.9496 -149.7133 -0.0003 0.0003 1.0000
0.6556 0.1214 337.5498 0.0547 0.9731 -151.2982 -0.0003 0.0003 1.0000
0.5959 0.0187 364.9492 0.0386 0.8926 -119.4772 -0.0003 0.0001 1.0000
0.7155 0.1436 303.0811 0.0488 1.0173 -138.1741 -0.0002 0.0003 1.0000
0.6725 0.2437 301.5563 0.0276 1.0660 -125.9650 -0.0003 0.0004 1.0000
0.6217 0.0739 332.4120 0.0379 0.9391 -98.2366 -0.0003 0.0002 1.0000
0.4965 0.1283 344.5540 0.0038 0.9109 -69.8975 -0.0004 0.0003 1.0000
0.6005 0.1303 314.2253 0.0284 0.9767 -81.8341 -0.0003 0.0003 1.0000
0.7544 0.2035 248.3062 0.0623 1.1044 -107.7741 -0.0002 0.0004 1.0000
0.6252 0.0537 305.1052 0.0423 0.9575 -59.6315 -0.0002 0.0002 1.0000
0.6054 0.0400 288.6652 0.0240 0.9371 -36.5131 -0.0002 0.0002 1.0000
0.6657 0.0595 244.5619 0.0535 0.9832 -48.9116 -0.0002 0.0002 1.0000
0.6839 -0.0463 242.8545 0.0872 0.9216 -41.4204 -0.0002 0.0001 1.0000
0.7422 0.0765 184.1472 0.0785 1.0716 -45.3350 -0.0002 0.0003 1.0000
0.6840 -0.0392 207.0585 0.0907 0.9572 -24.6570 -0.0002 0.0002 1.0000
0.7509 -0.1405 184.4650 0.1433 0.9023 -32.3526 -0.0001 0.0000 1.0000
0.7553 -0.0973 159.7334 0.1346 0.9479 -32.3803 -0.0002 0.0001 1.0000
0.8501 0.0446 103.0497 0.1857 1.1651 -87.2247 -0.0001 0.0004 1.0000
0.8104 -0.0096 110.4222 0.1645 1.0890 -61.7083 -0.0002 0.0003 1.0000
0.7297 -0.1709 163.5228 0.1470 0.8866 -14.0460 -0.0001 0.0000 1.0000
0.8354 -0.1752 115.4889 0.2002 0.9345 -47.3034 -0.0001 0.0000 1.0000
0.8058 -0.1575 127.9900 0.1935 0.9567 -45.9053 -0.0001 0.0001 1.0000
0.8075 -0.1781 130.1974 0.2004 0.9376 -43.1840 -0.0001 0.0000 1.0000
0.7962 -0.0762 112.2217 0.1782 1.0427 -53.0893 -0.0002 0.0002 1.0000
0.8288 -0.1922 118.8753 0.2148 0.9417 -51.6044 -0.0001 0.0000 1.0000
0.9007 -0.1781 103.0596 0.2651 1.0268 -85.2369 -0.0000 0.0001 1.0000
0.8608 -0.1721 111.0601 0.2646 1.0130 -88.3139 -0.0001 0.0001 1.0000
0.7106 -0.2592 175.7992 0.1935 0.8327 -22.9839 -0.0002 -0.0000 1.0000
0.7204 -0.3122 189.8174 0.2395 0.8064 -40.8348 -0.0001 -0.0001 1.0000
0.5556 -0.2324 231.5184 0.1695 0.8110 -18.4171 -0.0003 0.0000 1.0000
0.7123 -0.3611 208.9752 0.2842 0.7913 -59.5843 -0.0001 -0.0001 1.0000
0.8212 -0.3465 173.9610 0.3866 0.8899 -130.4277 -0.0001 -0.0000 1.0000
0.6833 -0.3757 227.0461 0.3107 0.7868 -80.3001 -0.0001 -0.0001 1.0000
0.7282 -0.3864 227.1023 0.3658 0.8415 -115.6197 -0.0001 -0.0000 1.0000
0.7227 -0.3831 232.1997 0.3865 0.8613 -134.9105 -0.0001 0.0000 1.0000
0.8140 -0.4608 238.4188 0.4918 0.8933 -191.0563 -0.0000 -0.0000 1.0000
0.6863 -0.4404 281.1172 0.4398 0.8482 -168.1768 -0.0001 0.0000 1.0000
0.5821 -0.4514 321.0021 0.4081 0.7848 -154.2376 -0.0002 0.0000 1.0000
0.5969 -0.4599 326.1079 0.4517 0.8229 -195.8349 -0.0002 0.0001 1.0000
0.6355 -0.5497 329.2414 0.4999 0.7572 -221.9201 -0.0001 -0.0000 1.0000
0.5593 -0.5611 356.7038 0.4767 0.6966 -221.0405 -0.0001 -0.0001 1.0000
0.6147 -0.5586 329.5686 0.5563 0.7402 -305.2554 -0.0001 0.0000 1.0000
0.6347 -0.5823 323.8823 0.5774 0.7170 -338.6044 -0.0001 -0.0000 1.0000
0.6972 -0.5978 315.2265 0.6676 0.7554 -427.0111 -0.0000 0.0000 1.0000
0.8273 -0.6508 308.2387 0.7942 0.8367 -545.5994 0.0001 0.0000 1.0000
0.7858 -0.6734 328.6154 0.7434 0.8163 -550.5001 0.0001 -0.0000 1.0000
0.9478 -0.6899 277.4777 0.8474 0.9200 -670.0518 0.0002 0.0001 1.0000
0.7692 -0.6195 334.4369 0.7392 0.8881 -633.9078 0.0001 0.0001 1.0000
0.7301 -0.6858 347.5541 0.6800 0.8283 -616.6064 0.0001 -0.0001 1.0000
0.8985 -0.6806 272.5484 0.7339 0.9253 -702.7353 0.0001 -0.0000 1.0000
1.0000 0.0000 0.0000 0.0000 1.0000 0.0000 0.0000 0.0000 1.0000
1.0000 0.0000 0.0000 0.0000 1.0000 0.0000 0.0000 0.0000 1.0000
1.0000 0.0000 0.0000 0.0000 1.0000 0.0000 0.0000 0.0000 1.0000
1.0000 0.0000 0.0000 0.0000 1.0000 0.0000 0.0000 0.0000 1.0000
1.0000 0.0000 0.0000 0.0000 1.0000 0.0000 0.0000 0.0000 1.0000
1.0000 0.0000 0.0000 0.0000 1.0000 0.0000 0.0000 0.0000 1.0000
1.0000 0.0000 0.0000 0.0000 1.0000 0.0000 0.0000 0.0000 1.0000
1.0000 0.0000 0.0000 0.0000 1.0000 0.0000 0.0000 0.0000 1.0000
1.0000 0.0000 0.0000 0.0000 1.0000 0.0000 0.0000 0.0000 1.0000
1.0000 0.0000 0.0000 0.0000 1.0000 0.0000 0.0000 0.0000 1.0000
1.3575 -0.0471 -303.9740 0.3996 1.3802 -590.8764 0.0002 0.0003 1.0000
1.2485 0.0204 -296.7364 0.3247 1.3034 -504.1784 0.0001 0.0003 1.0000
1.3987 0.0142 -363.7129 0.3308 1.3792 -509.9442 0.0002 0.0003 1.0000
1.5602 0.0516 -449.3198 0.3193 1.4534 -494.1018 0.0003 0.0003 1.0000
1.3105 0.0985 -358.6241 0.2230 1.3023 -374.5169 0.0001 0.0003 1.0000
1.4873 0.1630 -441.5149 0.2441 1.4586 -400.8185 0.0003 0.0003 1.0000
1.3486 0.2155 -402.5942 0.1612 1.4006 -322.9057 0.0001 0.0004 1.0000
1.4901 0.2047 -466.1115 0.1676 1.4468 -318.3927 0.0002 0.0003 1.0000
1.3226 0.2217 -399.1715 0.1114 1.3528 -258.4521 0.0001 0.0003 1.0000
1.1845 0.2043 -343.5622 0.0737 1.2410 -205.0664 0.0000 0.0002 1.0000
1.2411 0.1574 -357.8275 0.0759 1.2005 -179.3048 0.0001 0.0001 1.0000
1.1798 0.1169 -331.6026 0.0472 1.0999 -129.4642 0.0001 -0.0000 1.0000
1.2370 0.2541 -386.9722 0.0345 1.2427 -139.0024 0.0001 0.0002 1.0000
1.5099 0.3204 -528.4928 0.0532 1.3992 -157.0246 0.0003 0.0002 1.0000
1.1459 0.2719 -363.1620 -0.0546 1.1531 -49.6525 0.0000 0.0001 1.0000
1.2781 0.2736 -430.7175 -0.0351 1.1846 -46.6345 0.0002 0.0000 1.0000
1.4768 0.3615 -545.4289 -0.0307 1.3049 -54.9172 0.0003 0.0001 1.0000
1.6445 0.4220 -635.3866 -0.0233 1.3833 -52.4593 0.0005 0.0000 1.0000
1.3705 0.4397 -525.1104 -0.1326 1.2443 34.2946 0.0002 0.0001 1.0000
1.3040 0.4388 -509.3848 -0.1993 1.1397 102.7270 0.0002 0.0000 1.0000
1.2431 0.5584 -508.1583 -0.2830 1.1534 170.5994 0.0001 0.0001 1.0000
1.3274 0.6739 -556.2351 -0.3498 1.2052 251.7975 0.0002 0.0002 1.0000
1.4214 0.7259 -604.2853 -0.3861 1.2042 324.6505 0.0003 0.0001 1.0000
1.0655 0.5812 -397.2205 -0.4171 0.8873 413.0940 0.0001 -0.0001 1.0000
1.2143 0.6653 -479.9651 -0.4461 0.9404 470.5529 0.0002 -0.0001 1.0000
1.3805 0.7914 -568.0389 -0.4630 1.0569 502.7655 0.0004 -0.0000 1.0000
1.1844 0.7935 -472.9498 -0.5402 1.0287 530.3715 0.0002 0.0001 1.0000
1.1474 0.7937 -449.4353 -0.5419 1.0027 534.1635 0.0002 0.0001 1.0000
0.9489 0.6329 -316.7852 -0.5258 0.8132 532.0008 0.0000 -0.0001 1.0000
1.0728 0.6290 -359.4111 -0.4978 0.8034 538.6264 0.0001 -0.0001 1.0000
0.9910 0.6299 -301.8978 -0.5154 0.7865 543.9823 0.0001 -0.0001 1.0000
1.0866 0.7841 -349.0669 -0.5510 0.9290 558.8326 0.0001 0.0000 1.0000
1.1243 0.6919 -323.3068 -0.5169 0.8453 563.4940 0.0002 -0.0001 1.0000
0.9179 0.6271 -210.4381 -0.5304 0.7593 551.9116 0.0000 -0.0001 1.0000
0.9948 0.6258 -225.5167 -0.5361 0.7657 568.0016 0.0001 -0.0001 1.0000
1.0856 0.5877 -228.4984 -0.4925 0.7389 567.4506 0.0002 -0.0002 1.0000
0.9423 0.5884 -164.5643 -0.5019 0.7158 548.0915 0.0000 -0.0002 1.0000
0.9566 0.6085 -154.3321 -0.5002 0.7366 546.4410 0.0001 -0.0002 1.0000
0.9875 0.5103 -139.6669 -0.4647 0.6634 541.8120 0.0001 -0.0003 1.0000
0.9201 0.5682 -121.9094 -0.4982 0.7065 539.2030 0.0000 -0.0002 1.0000
1.0387 0.5430 -155.4442 -0.4764 0.7113 542.9678 0.0001 -0.0003 1.0000
1.0737 0.6018 -183.9060 -0.4708 0.7741 525.8563 0.0001 -0.0002 1.0000
0.9101 0.5345 -105.0176 -0.4717 0.7064 517.7856 0.0000 -0.0002 1.0000
1.1783 0.6865 -239.6508 -0.4628 0.8803 519.0860 0.0001 -0.0001 1.0000
0.9576 0.5715 -135.9312 -0.4726 0.7723 511.9776 0.0000 -0.0001 1.0000
1.1132 0.5306 -190.6749 -0.4281 0.7837 510.0848 0.0001 -0.0002 1.0000
1.1646 0.5884 -220.8249 -0.4246 0.8439 505.4234 0.0001 -0.0002 1.0000
1.2894 0.6045 -269.9871 -0.3989 0.8950 500.5203 0.0002 -0.0002 1.0000
1.0337 0.4387 -140.8690 -0.3818 0.7236 484.8302 0.0001 -0.0003 1.0000
1.1845 0.4568 -211.9502 -0.3447 0.7689 473.8120 0.0002 -0.0003 1.0000
1.1060 0.4864 -186.1598 -0.3804 0.7896 483.5236 0.0001 -0.0002 1.0000
1.1859 0.4564 -220.3721 -0.3534 0.7840 477.1834 0.0002 -0.0003 1.0000
1.3605 0.6020 -317.0950 -0.3476 0.9324 475.0454 0.0003 -0.0002 1.0000
1.1767 0.4703 -213.1441 -0.3377 0.7908 469.0483 0.0002 -0.0002 1.0000
1.1739 0.4619 -216.9186 -0.3416 0.7861 464.6188 0.0001 -0.0002 1.0000
1.1352 0.4261 -199.7490 -0.3539 0.7579 460.5876 0.0001 -0.0003 1.0000
1.2282 0.4168 -244.0945 -0.3217 0.7764 432.1084 0.0002 -0.0003 1.0000
1.1880 0.4654 -245.5160 -0.3296 0.8238 400.3503 0.0001 -0.0002 1.0000
1.0981 0.3724 -195.9533 -0.3115 0.7429 374.0986 0.0001 -0.0003 1.0000
1.2155 0.4978 -291.7312 -0.3336 0.8813 342.1851 0.0001 -0.0001 1.0000
1.2053 0.4636 -286.7086 -0.2817 0.8749 286.8469 0.0001 -0.0002 1.0000
1.2824 0.4717 -337.3707 -0.2727 0.9144 257.7275 0.0001 -0.0002 1.0000
1.4510 0.5279 -418.0084 -0.2372 1.0101 221.5056 0.0003 -0.0001 1.0000
1.3575 0.5145 -382.1303 -0.2617 0.9891 220.2582 0.0002 -0.0001 1.0000
1.3216 0.4743 -361.5498 -0.2347 0.9573 197.4215 0.0002 -0.0002 1.0000
1.4124 0.4270 -392.4276 -0.1968 0.9492 177.9665 0.0003 -0.0003 1.0000
1.5074 0.5018 -450.6788 -0.1872 1.0301 157.1697 0.0003 -0.0002 1.0000
1.3645 0.4755 -381.5338 -0.2290 0.9860 178.8707 0.0002 -0.0002 1.0000
1.4947 0.4735 -441.1083 -0.1744 1.0250 139.5217 0.0003 -0.0002 1.0000
1.3486 0.4928 -391.2374 -0.1985 1.0015 144.5031 0.0002 -0.0001 1.0000
1.1890 0.3812 -301.3563 -0.1799 0.8876 144.5129 0.0001 -0.0002 1.0000
1.4054 0.4049 -406.7680 -0.1718 0.9617 144.4204 0.0003 -0.0003 1.0000
1.5821 0.5518 -528.1888 -0.1741 1.1161 128.4968 0.0003 -0.0001 1.0000
1.3106 0.4763 -408.2423 -0.2071 0.9893 152.7631 0.0001 -0.0001 1.0000
1.6412 0.4954 -552.0930 -0.1184 1.1032 108.9201 0.0004 -0.0002 1.0000
1.3327 0.4009 -404.8956 -0.1489 0.9506 136.2749 0.0002 -0.0002 1.0000
1.3474 0.4139 -425.4391 -0.1501 0.9595 137.1023 0.0002 -0.0002 1.0000
1.5273 0.4012 -498.4808 -0.0922 1.0018 116.4728 0.0003 -0.0003 1.0000
1.4375 0.4280 -480.4869 -0.1435 0.9946 140.0112 0.0002 -0.0002 1.0000
1.6695 0.5489 -613.3633 -0.1043 1.1556 106.1844 0.0004 -0.0001 1.0000
1.6024 0.5823 -600.0739 -0.1207 1.1613 112.4935 0.0003 -0.0000 1.0000
1.5588 0.5228 -570.5446 -0.1264 1.1087 128.3812 0.0003 -0.0001 1.0000
1.7288 0.5091 -649.7299 -0.0979 1.1383 128.6307 0.0004 -0.0002 1.0000
1.6946 0.5649 -654.5650 -0.1052 1.1742 126.5839 0.0004 -0.0001 1.0000
1.5768 0.4671 -583.1507 -0.0858 1.0475 137.2968 0.0003 -0.0002 1.0000
1.5321 0.4474 -570.6835 -0.1128 1.0214 155.4111 0.0003 -0.0002 1.0000
1.5420 0.4938 -586.3029 -0.1008 1.0695 142.0070 0.0002 -0.0001 1.0000
1.4369 0.4410 -527.9165 -0.1357 0.9985 170.5131 0.0002 -0.0002 1.0000
1.5897 0.4081 -587.7003 -0.0904 1.0122 156.6756 0.0003 -0.0003 1.0000
1.6555 0.4435 -621.8201 -0.0624 1.0670 134.9480 0.0004 -0.0003 1.0000
1.6856 0.4636 -647.5007 -0.0745 1.0895 133.1570 0.0004 -0.0002 1.0000
1.4550 0.3418 -512.9613 -0.0914 0.9246 149.3479 0.0003 -0.0003 1.0000
1.3838 0.2931 -469.4728 -0.0682 0.8751 130.2953 0.0002 -0.0004 1.0000
1.6237 0.3499 -592.4134 -0.0255 1.0014 90.7513 0.0004 -0.0003 1.0000
1.5151 0.3095 -535.7412 -0.0283 0.9554 79.5861 0.0003 -0.0004 1.0000
1.5735 0.2284 -541.4078 0.0164 0.9199 53.4811 0.0004 -0.0005 1.0000
1.8356 0.4818 -722.1571 0.0379 1.2433 -26.8928 0.0004 -0.0001 1.0000
1.7454 0.3546 -647.0808 0.0648 1.1380 -39.9694 0.0004 -0.0003 1.0000
1.8385 0.3914 -699.1352 0.0872 1.2093 -71.7649 0.0004 -0.0002 1.0000
1.8821 0.4960 -734.3897 0.1117 1.3430 -123.2505 0.0004 -0.0000 1.0000
1.6104 0.3268 -576.7529 0.0851 1.1333 -90.4472 0.0003 -0.0002 1.0000
1.6909 0.3269 -607.6735 0.1470 1.1778 -139.6611 0.0003 -0.0002 1.0000
1.6636 0.2151 -567.6893 0.1529 1.0971 -133.6588 0.0004 -0.0003 1.0000
1.7227 0.2871 -609.5630 0.1913 1.1986 -184.9658 0.0003 -0.0002 1.0000
1.9049 0.2935 -689.8596 0.2682 1.2946 -248.9020 0.0004 -0.0002 1.0000
1.5369 0.1743 -483.6122 0.2119 1.0981 -192.6696 0.0003 -0.0003 1.0000
1.5168 0.0857 -452.4592 0.2622 1.0359 -215.0924 0.0003 -0.0004 1.0000
1.4130 0.0461 -389.4315 0.2524 1.0000 -208.2552 0.0002 -0.0004 1.0000
1.7917 0.1137 -564.8033 0.4036 1.2324 -334.1517 0.0004 -0.0003 1.0000
1.7331 0.1185 -530.5548 0.4201 1.2491 -350.6717 0.0004 -0.0002 1.0000
1.8386 0.0184 -545.2179 0.4960 1.2329 -393.2349 0.0005 -0.0004 1.0000
1.7620 0.0358 -512.1098 0.4690 1.2366 -384.4135 0.0004 -0.0003 1.0000
1.5521 -0.1073 -376.5471 0.4499 1.0560 -347.3071 0.0003 -0.0005 1.0000
1.4628 -0.1319 -320.3169 0.4491 1.0248 -348.1104 0.0003 -0.0004 1.0000
1.8704 -0.1061 -492.4098 0.6567 1.2545 -515.1719 0.0005 -0.0004 1.0000
1.4597 -0.0795 -315.0369 0.5070 1.1201 -417.0917 0.0002 -0.0003 1.0000
1.7682 -0.0483 -445.6586 0.6858 1.3100 -565.3245 0.0004 -0.0002 1.0000
1.6186 -0.1655 -334.9608 0.6582 1.1916 -531.3675 0.0004 -0.0004 1.0000
1.5813 -0.1392 -317.1764 0.6612 1.2051 -542.1431 0.0003 -0.0003 1.0000
1.6348 -0.2044 -315.1902 0.7161 1.2073 -578.8288 0.0004 -0.0003 1.0000
1.3041 -0.1868 -178.4649 0.6032 1.0752 -497.7257 0.0002 -0.0003 1.0000
1.7961 -0.1746 -368.2006 0.8365 1.3644 -692.3723 0.0005 -0.0002 1.0000
1.4605 -0.2471 -219.6811 0.7037 1.1280 -573.0963 0.0003 -0.0003 1.0000
1.5345 -0.2978 -235.0963 0.7714 1.1371 -618.7319 0.0004 -0.0004 1.0000
1.6609 -0.2863 -280.4843 0.8468 1.2383 -685.4571 0.0004 -0.0004 1.0000
1.6333 -0.3651 -253.4310 0.8828 1.1576 -693.6632 0.0005 -0.0005 1.0000
1.8082 -0.3472 -321.4495 0.9856 1.2851 -783.6190 0.0006 -0.0005 1.0000
1.4294 -0.2627 -199.5178 0.8178 1.1489 -666.4246 0.0003 -0.0003 1.0000
1.5867 -0.3297 -250.5103 0.8861 1.1681 -710.1446 0.0004 -0.0004 1.0000
1.5686 -0.2667 -258.2007 0.9015 1.2090 -731.2926 0.0004 -0.0003 1.0000
1.5361 -0.2863 -245.4680 0.8766 1.1654 -705.9815 0.0004 -0.0004 1.0000
1.5442 -0.2764 -257.3117 0.8997 1.1605 -714.4203 0.0004 -0.0004 1.0000
1.6680 -0.3399 -283.1701 0.9519 1.1822 -736.9814 0.0005 -0.0005 1.0000
1.6454 -0.2142 -303.7858 0.9499 1.2448 -737.2976 0.0004 -0.0003 1.0000
1.7061 -0.2710 -323.0936 0.9865 1.1952 -732.8396 0.0005 -0.0004 1.0000
1.6712 -0.2972 -311.2886 0.9037 1.1144 -646.0768 0.0005 -0.0005 1.0000
1.7120 -0.2164 -340.2827 0.9289 1.1856 -659.5475 0.0005 -0.0004 1.0000
1.6616 -0.2790 -314.5976 0.8917 1.0555 -593.3993 0.0005 -0.0006 1.0000
1.2837 -0.2158 -191.9581 0.6447 0.8894 -418.2763 0.0002 -0.0005 1.0000
1.5163 -0.2119 -290.3978 0.7501 0.9647 -474.8358 0.0004 -0.0005 1.0000
1.7984 -0.2238 -406.7992 0.9293 1.0499 -582.2152 0.0006 -0.0006 1.0000
1.5125 -0.2172 -295.6841 0.7437 0.8968 -456.2498 0.0004 -0.0006 1.0000
1.3449 -0.0637 -269.0574 0.6095 0.9325 -392.3889 0.0002 -0.0004 1.0000
1.6824 -0.0272 -421.3964 0.7509 1.0455 -482.2554 0.0004 -0.0004 1.0000
1.5555 -0.0728 -349.6218 0.6678 0.9362 -415.7047 0.0004 -0.0005 1.0000
1.7908 -0.0205 -477.5438 0.7610 1.0339 -491.8607 0.0005 -0.0005 1.0000
1.6090 0.0386 -420.6942 0.6632 0.9883 -442.1253 0.0003 -0.0004 1.0000
1.8894 -0.0858 -509.2749 0.7819 0.9661 -498.8579 0.0006 -0.0007 1.0000
1.6112 0.0023 -415.7055 0.6323 0.9309 -425.7797 0.0004 -0.0005 1.0000
1.7245 0.0245 -473.2701 0.6822 0.9706 -471.1947 0.0004 -0.0005 1.0000
1.7415 0.0284 -478.7399 0.6734 0.9791 -474.6388 0.0005 -0.0005 1.0000
1.8117 0.0251 -508.5719 0.7211 1.0009 -516.8340 0.0005 -0.0006 1.0000
1.6921 0.0339 -467.2504 0.6693 0.9491 -489.0756 0.0004 -0.0005 1.0000
2.0906 0.0648 -647.2199 0.8316 1.1014 -616.2203 0.0007 -0.0006 1.0000
1.7502 0.0852 -507.4766 0.7062 0.9934 -533.8322 0.0004 -0.0005 1.0000
1.8567 0.0267 -542.7457 0.7253 0.9858 -544.3031 0.0006 -0.0006 1.0000
1.8278 -0.0250 -509.7993 0.7705 0.9493 -565.1056 0.0006 -0.0007 1.0000
1.7394 -0.0198 -485.3157 0.7164 0.9003 -521.7566 0.0005 -0.0007 1.0000
1.5818 0.0259 -444.6948 0.6468 0.8615 -474.6659 0.0004 -0.0006 1.0000
1.9128 0.0185 -589.7625 0.8129 0.9533 -575.6747 0.0007 -0.0007 1.0000
1.7996 0.0632 -573.8858 0.7375 0.9312 -521.7140 0.0006 -0.0006 1.0000
2.3914 0.0870 -850.7995 1.0296 1.1086 -717.5400 0.0010 -0.0008 1.0000
2.1047 0.1855 -760.3501 0.9171 1.0776 -651.8830 0.0007 -0.0006 1.0000
2.3323 0.0157 -838.5874 1.0202 0.9944 -685.7548 0.0010 -0.0009 1.0000
2.4083 0.1341 -906.2918 1.0374 1.0871 -713.7070 0.0010 -0.0008 1.0000
2.1790 0.1198 -818.0012 0.9234 0.9899 -636.1350 0.0008 -0.0008 1.0000
2.3084 0.1232 -875.8469 1.0248 1.0394 -704.7387 0.0010 -0.0009 1.0000
2.1384 0.1726 -842.7921 0.9206 0.9887 -642.5131 0.0008 -0.0007 1.0000
1.8738 0.1941 -728.7411 0.7955 0.9336 -556.7629 0.0007 -0.0007 1.0000
1.7690 0.1314 -691.3238 0.7642 0.8242 -510.9168 0.0006 -0.0008 1.0000
1.5505 0.1460 -609.9406 0.6789 0.7446 -438.3451 0.0005 -0.0007 1.0000
1.6841 0.1619 -704.3736 0.7375 0.7565 -457.8052 0.0006 -0.0008 1.0000
1.8439 0.2646 -847.8386 0.8016 0.8305 -486.7588 0.0006 -0.0007 1.0000
2.5815 0.3857 -1259.8229 1.2696 1.0828 -772.6743 0.0012 -0.0008 1.0000
2.4660 0.3407 -1177.3341 1.2022 1.0152 -725.3291 0.0011 -0.0009 1.0000
1.7827 0.3076 -832.0792 0.8147 0.8140 -483.7687 0.0006 -0.0006 1.0000
1.9619 0.1801 -866.2321 0.9504 0.7378 -525.1831 0.0009 -0.0010 1.0000
1.7905 0.3181 -835.6137 0.8091 0.8070 -484.1411 0.0005 -0.0006 1.0000
2.5001 0.3326 -1186.3665 1.2184 0.9721 -735.1939 0.0011 -0.0009 1.0000
2.1370 0.3482 -994.8890 1.0423 0.9254 -644.8338 0.0008 -0.0007 1.0000
1.7042 0.1288 -707.1891 0.8558 0.6654 -500.1641 0.0007 -0.0009 1.0000
1.3222 -0.0547 -442.8591 0.6737 0.4762 -364.8703 0.0005 -0.0011 1.0000
1.2758 0.0649 -446.8586 0.6628 0.5812 -402.7189 0.0003 -0.0008 1.0000
1.2180 0.0460 -405.0000 0.6638 0.5792 -421.2756 0.0003 -0.0007 1.0000
1.7293 -0.0394 -597.2526 1.0110 0.6996 -655.6730 0.0007 -0.0010 1.0000
1.5214 0.0124 -476.2945 0.9158 0.7282 -623.4200 0.0005 -0.0008 1.0000
1.1697 -0.0547 -266.0050 0.7391 0.6099 -502.9073 0.0003 -0.0008 1.0000
1.2382 -0.1937 -233.9031 0.7914 0.5809 -534.5120 0.0004 -0.0010 1.0000
1.4463 -0.2380 -293.6869 0.9189 0.6379 -630.8595 0.0006 -0.0010 1.0000
1.6301 -0.2061 -365.9920 1.0581 0.7349 -748.6124 0.0006 -0.0010 1.0000
1.7804 -0.1321 -423.9194 1.1877 0.8393 -857.3987 0.0007 -0.0009 1.0000
2.1796 -0.3166 -514.8503 1.4420 0.8935 -1024.4010 0.0010 -0.0012 1.0000
1.5300 -0.1644 -275.5020 1.0823 0.7698 -790.0101 0.0005 -0.0008 1.0000
1.4037 -0.1905 -195.4828 1.0360 0.7299 -754.5762 0.0004 -0.0008 1.0000
1.4200 -0.2749 -161.4406 1.0260 0.7098 -743.2214 0.0005 -0.0009 1.0000
1.2520 -0.1948 -109.6215 0.9492 0.6971 -699.1165 0.0003 -0.0007 1.0000
1.5413 -0.2866 -194.9761 1.1733 0.7463 -851.7721 0.0005 -0.0009 1.0000
1.1002 -0.2123 -3.4385 0.8986 0.6579 -658.9775 0.0002 -0.0007 1.0000
1.1824 -0.5377 66.0024 0.8969 0.5389 -621.9652 0.0004 -0.0011 1.0000
1.1450 -0.3659 37.3925 0.9446 0.6101 -677.9498 0.0003 -0.0008 1.0000
1.8137 -0.2827 -211.4603 1.4117 0.8809 -1028.1488 0.0007 -0.0008 1.0000
1.1567 -0.4712 94.7117 0.9766 0.5972 -696.9720 0.0003 -0.0009 1.0000
1.7387 -0.5656 -88.4563 1.3960 0.7632 -998.1576 0.0007 -0.0011 1.0000
1.4383 -0.5704 59.1482 1.1941 0.6802 -848.3504 0.0006 -0.0010 1.0000
1.9054 -0.5356 -109.5374 1.6054 0.8821 -1160.0929 0.0008 -0.0010 1.0000
1.7335 -0.3877 -52.0386 1.5506 0.9212 -1136.9612 0.0007 -0.0008 1.0000
1.5757 -0.5457 66.0369 1.4638 0.8167 -1057.0955 0.0007 -0.0009 1.0000
1.5405 -0.4573 88.8941 1.4926 0.8824 -1090.3244 0.0007 -0.0008 1.0000
1.5671 -0.6604 143.3018 1.5276 0.8194 -1092.4410 0.0008 -0.0010 1.0000
1.4534 -0.6948 184.4301 1.5425 0.7784 -1097.1519 0.0007 -0.0010 1.0000
1.6636 -0.6371 126.0998 1.8746 0.9237 -1340.7152 0.0008 -0.0010 1.0000
1.1557 -0.5190 281.9340 1.4831 0.7947 -1058.0680 0.0005 -0.0008 1.0000
1.2096 -0.7204 309.2506 1.5351 0.7257 -1070.5040 0.0006 -0.0010 1.0000
1.3253 -0.6965 278.0637 1.6824 0.8323 -1189.8464 0.0007 -0.0010 1.0000
0.9674 -0.5063 329.9223 1.5196 0.7624 -1080.4902 0.0004 -0.0007 1.0000
0.9141 -0.4935 368.7661 1.4276 0.7900 -1022.6402 0.0005 -0.0007 1.0000
0.5730 -0.4852 444.8366 1.1141 0.6233 -793.1964 0.0002 -0.0007 1.0000
0.7173 -0.5297 404.8706 1.3191 0.6608 -929.5415 0.0003 -0.0008 1.0000
0.5405 -0.4802 439.6739 1.1533 0.6142 -818.8865 0.0002 -0.0007 1.0000
