208.220466 504.193844 280.633111 491.415141 291.282030 602.163894 220.999168 612.812812 
214.793948 504.938040 290.413545 493.871758 299.635447 610.067723 229.548991 617.445245 
227.704611 506.782421 301.479827 493.871758 310.701729 608.223343 238.770893 617.445245 
236.926513 508.626801 308.857349 497.560519 316.234870 610.067723 249.837176 621.134006 
244.304035 506.782421 316.234870 497.560519 325.456772 611.912104 257.214697 621.134006 
251.681556 510.471182 325.456772 499.404899 334.678674 611.912104 264.592219 621.134006 
260.903458 510.471182 332.834294 497.560519 340.211816 613.756484 271.969741 621.134006 
268.280980 508.626801 340.211816 497.560519 351.278098 611.912104 279.347262 624.822767 
274.838775 507.602145 342.670989 497.560519 353.737272 611.912104 286.314920 624.003042 
275.658501 508.626801 347.589337 497.560519 360.500000 613.756484 290.413545 621.134006 
281.191643 508.626801 354.966859 497.560519 364.188761 613.756484 295.946686 624.822767 
286.109990 509.446526 359.885207 498.380243 369.107109 614.576209 300.865034 625.642491 
294.307235 507.397207 366.443002 499.199961 374.640248 613.141684 306.603105 627.077002 
297.791066 510.471182 368.082453 499.609826 378.738873 615.190998 310.701729 624.822767 
299.635447 510.471182 373.410663 501.249280 382.632565 617.445245 312.546110 624.822767 
308.857349 510.471182 379.558601 497.765447 388.575572 616.625517 321.768012 624.822767 
310.701729 508.626801 382.632565 497.560519 391.854467 613.756484 323.612392 624.822767 
312.546110 508.626801 384.476945 497.560519 393.698847 613.756484 325.456772 624.822767 
319.923631 504.938040 391.854467 495.716138 399.231988 613.756484 330.989914 624.822767 
321.768012 508.626801 397.387608 497.560519 404.765130 617.445245 336.523055 624.822767 
328.325809 508.626801 403.945405 497.560519 411.322927 617.445245 342.261127 627.281942 
332.834294 508.626801 408.453890 497.560519 415.831412 617.445245 347.589337 624.822767 
340.211816 506.782421 413.987032 495.716138 423.208934 617.445245 353.122478 628.511527 
340.211816 506.782421 413.987032 495.716138 423.208934 617.445245 353.122478 628.511527 
343.900576 506.782421 417.675793 495.716138 426.897695 617.445245 356.811239 628.511527 
343.900576 506.782421 417.675793 495.716138 426.897695 617.445245 356.811239 628.511527 
345.744957 506.782421 419.520173 495.716138 430.586455 621.134006 358.655620 630.355908 
343.900576 512.315562 417.675793 501.249280 428.742075 626.667147 356.811239 635.889049 
342.056196 519.693084 415.831412 508.626801 426.897695 634.044669 354.966859 643.266571 
343.900576 532.603746 417.675793 521.537464 428.742075 646.955331 356.811239 656.177233 
338.162498 545.924268 412.757439 533.628399 424.233584 658.226541 353.737266 670.522411 
334.678674 562.113833 410.298271 549.203170 423.208934 667.243516 351.278098 678.309798 
334.678674 569.491354 410.298271 556.580692 421.364553 678.309798 347.589337 691.220461 
330.989914 576.868876 404.765130 567.646974 417.675793 683.842939 345.744957 694.909222 
329.145533 584.246398 404.765130 573.180115 415.831412 694.909222 342.056196 704.131124 
329.145533 591.623919 402.920749 580.557637 412.142651 700.442363 340.211816 711.508646 
323.612392 597.157061 399.231988 586.090778 410.298271 707.819885 338.367435 720.730548 
321.768012 599.001441 397.387608 589.779539 406.609510 711.508646 336.523055 724.419308 
316.234870 604.534582 391.854467 591.623919 404.765130 717.041787 332.834294 728.108069 
312.546110 606.378963 391.854467 593.468300 404.765130 720.730548 329.145533 733.641210 
310.701729 606.378963 388.165706 593.468300 401.076369 720.730548 327.301153 733.641210 
307.012968 610.067723 384.476945 597.157061 399.231988 724.419308 325.456772 737.329971 
305.168588 608.223343 384.476945 595.312680 399.231988 720.730548 323.612392 733.641210 
305.168588 608.223343 380.788184 593.468300 399.231988 720.730548 323.612392 733.641210 
303.324207 602.690202 382.632565 587.935159 399.231988 717.041787 321.768012 733.641210 
305.168588 599.001441 384.476945 587.935159 401.076369 717.041787 323.612392 729.952450 
305.168588 599.001441 384.476945 584.246398 402.920749 713.353026 325.456772 728.108069 
310.701729 593.468300 386.321326 580.557637 401.076369 707.819885 329.145533 724.419308 
314.390490 589.779539 390.010086 576.868876 406.609510 704.131124 330.989914 717.041787 
314.390490 584.246398 390.010086 571.335735 408.453890 694.909222 330.989914 711.508646 
316.234870 576.868876 393.698847 563.958213 410.298271 691.220461 334.678674 704.131124 
318.079251 565.802594 393.698847 552.891931 408.453890 678.309798 336.523055 696.753602 
314.390490 556.580692 391.854467 541.825648 408.453890 667.243516 330.989914 683.842939 
310.701729 543.670029 388.165706 528.914986 404.765130 654.332853 329.145533 667.243516 
307.012968 525.226225 384.476945 514.159942 399.231988 637.733429 327.301153 650.644092 
301.479827 510.471182 378.943804 499.404899 393.698847 622.978386 321.768012 635.889049 
294.102305 490.182997 369.721902 477.272334 386.321326 608.223343 314.390490 617.445245 
290.413545 477.272334 366.033141 464.361671 382.632565 589.779539 310.701729 602.690202 
286.724784 460.672911 362.344380 447.762248 378.943804 573.180115 307.012968 586.090778 
286.724784 445.917867 362.344380 433.007205 378.943804 556.580692 307.012968 571.335735 
286.724784 431.162824 360.500000 420.096542 377.099424 545.514409 303.324207 554.736311 
286.724784 420.096542 360.500000 405.341499 377.099424 528.914986 305.168588 543.670029 
284.880403 405.341499 360.500000 394.275216 377.099424 516.004323 305.168588 528.914986 
286.724784 394.275216 362.344380 381.364553 378.943804 503.093660 308.857349 517.848703 
292.257925 383.208934 364.188761 370.298271 380.788184 493.871758 308.857349 504.938040 
297.791066 373.987032 369.721902 362.920749 386.321326 486.494236 316.234870 499.404899 
305.168588 366.609510 377.099424 355.543228 393.698847 479.116715 323.612392 492.027378 
309.062280 362.920749 379.558590 351.854466 396.772807 474.813160 327.506084 488.338617 
313.980627 360.051719 382.837496 351.034748 399.231988 469.894813 331.194844 483.010413 
318.489112 354.928431 387.345980 341.812837 404.560197 463.132081 336.523055 477.272334 
319.923631 353.698847 390.010086 340.788184 404.765130 460.672911 336.523055 473.583573 
321.768012 350.010086 393.698847 338.943804 410.298271 455.139769 342.056196 469.894813 
325.456772 346.321326 395.543228 337.099424 412.142651 455.139769 343.900576 469.894813 
329.145533 346.321326 399.231988 333.410663 413.987032 453.295389 349.433718 466.206052 
330.989914 348.165706 401.076369 333.410663 417.675793 453.295389 351.278098 466.206052 
332.834294 348.165706 401.076369 337.099424 417.675793 453.295389 351.278098 466.206052 
332.834294 350.010086 402.920749 337.099424 421.364553 453.295389 354.966859 466.206052 
334.678674 353.698847 401.076369 338.943804 419.520173 453.295389 354.966859 466.206052 
332.834294 353.698847 402.920749 340.788184 421.364553 453.295389 354.966859 466.206052 
332.834294 355.543228 402.920749 340.788184 419.520173 455.139769 355.581659 472.353991 
335.293472 356.362956 402.920749 340.788184 419.520173 455.139769 358.245761 471.944128 
336.523055 357.387608 402.920749 340.788184 423.208934 456.984150 358.655620 471.739193 
334.678674 361.076369 402.920749 340.788184 425.053314 455.139769 358.655620 473.583573 
334.678674 361.076369 401.076369 340.788184 425.053314 456.984150 358.655620 473.583573 
330.989914 361.076369 399.231988 344.476945 421.364553 456.984150 358.655620 477.272334 
330.989914 361.076369 395.543228 344.476945 421.364553 455.139769 356.811239 473.583573 
327.301153 361.076369 395.543228 344.476945 417.675793 455.139769 354.966859 477.272334 
327.096223 362.305959 395.543228 344.476945 419.520173 456.984150 356.811239 477.272334 
328.735672 362.510886 393.698847 348.165706 419.520173 456.984150 359.065483 476.452609 
329.145533 364.765130 395.543228 346.321326 423.208934 456.984150 360.500000 479.116715 
330.989914 364.765130 397.387608 344.476945 425.053314 456.984150 360.500000 477.272334 
330.989914 362.920749 397.387608 344.476945 426.897695 456.984150 362.344380 477.272334 
332.834294 362.920749 399.231988 340.788184 426.897695 453.295389 364.188761 477.272334 
332.834294 361.076369 399.231988 340.788184 430.586455 453.295389 366.033141 473.583573 
334.678674 357.387608 401.076369 337.099424 432.430836 449.606628 369.721902 473.583573 
336.523055 353.698847 404.765130 333.410663 436.119597 447.762248 371.566282 469.894813 
340.211816 351.239674 406.609510 329.721902 439.808357 444.073487 373.820525 466.820846 
341.236464 347.550912 408.453890 324.188761 441.652738 438.540346 377.304347 462.312359 
343.900576 342.632565 412.142651 318.655620 445.341499 433.007205 378.943804 460.672911 
347.179479 336.689563 413.987032 313.122478 447.185879 429.318444 382.427638 454.729909 
347.589337 329.721902 415.831412 307.589337 450.874640 423.785303 384.476945 449.606628 
347.589337 327.877522 413.987032 303.900576 450.874640 420.096542 386.321326 445.917867 
347.589337 320.500000 413.987032 296.523055 450.874640 414.563401 386.321326 440.384726 
343.900576 313.122478 413.987032 287.301153 449.030259 407.185879 384.476945 433.007205 
342.056196 303.900576 413.987032 278.079251 450.874640 397.963977 382.632565 423.785303 
341.236469 294.678672 410.298271 270.701729 449.030259 394.275216 383.862150 419.276814 
340.211816 289.145533 412.142651 263.324207 449.030259 383.208934 380.788184 410.874640 
338.367435 281.768012 408.453890 254.102305 449.030259 377.675793 380.788184 403.497118 
334.678674 276.234870 406.609510 248.569164 449.030259 375.831412 378.943804 397.963977 
334.678674 272.546110 406.609510 243.036023 445.341499 366.609510 377.099424 394.275216 
330.989914 265.168588 404.765130 237.502882 445.341499 362.920749 377.099424 388.742075 
332.834294 261.479827 404.765130 233.814121 443.497118 361.076369 373.410663 386.897695 
329.145533 261.479827 401.076369 231.969741 443.497118 357.387608 373.410663 386.897695 
327.301153 257.791066 401.076369 233.814121 441.652738 355.543228 373.410663 386.897695 
327.301153 257.791066 401.076369 230.125360 441.652738 353.698847 369.721902 383.208934 
325.456772 255.946686 399.231988 230.125360 437.963977 355.543228 369.721902 381.364553 
325.456772 254.102305 397.387608 228.280980 436.119597 353.698847 367.877522 381.364553 
323.612392 254.102305 397.387608 230.125360 434.275216 353.698847 367.877522 381.364553 
321.768012 254.102305 395.543228 228.280980 434.275216 350.010086 366.033141 383.208934 
319.923631 254.102305 391.854467 228.280980 430.586455 353.698847 362.344380 381.364553 
319.513771 253.897372 390.010086 230.125360 428.742075 353.698847 362.344380 383.208934 
318.079251 257.791066 390.010086 230.125360 428.742075 355.543228 361.319723 381.569483 
314.390490 261.479827 388.165706 237.502882 425.053314 361.076369 358.245756 386.692761 
312.546110 263.324207 384.476945 237.502882 423.208934 362.920749 354.966859 390.586455 
312.546110 267.012968 383.452289 240.986713 421.364553 364.765130 352.302753 390.996319 
310.701729 270.701729 380.583255 245.495199 419.520173 370.298271 351.892894 396.324530 
312.546110 279.923631 380.788184 254.102305 415.831412 373.987032 347.589337 397.963977 
310.701729 281.768012 382.632565 259.635447 417.675793 379.520173 349.433718 405.341499 
312.546110 290.989914 382.632565 267.012968 417.675793 390.586455 349.433718 412.719020 
314.390490 300.211816 384.476945 274.390490 419.520173 396.119597 351.278098 420.096542 
314.390490 305.744957 384.476945 283.612392 419.520173 403.497118 351.278098 429.318444 
314.390490 313.122478 386.321326 290.989914 419.520173 412.719020 353.122478 436.695965 
314.390490 316.811239 386.321326 294.678674 419.520173 416.407781 353.122478 444.073487 
314.390490 324.188761 386.321326 303.900576 417.675793 423.785303 353.122478 449.606628 
314.390490 331.566282 384.476945 307.589337 417.675793 429.318444 351.278098 453.295389 
312.546110 337.099424 382.632565 313.122478 413.987032 433.007205 349.433718 460.672911 
310.701729 338.943804 382.632565 316.811239 413.987032 438.540346 349.433718 462.517291 
310.701729 344.476945 382.632565 320.500000 412.142651 440.384726 345.744957 466.206052 
310.701729 346.321326 380.788184 327.877522 412.142651 444.073487 343.900576 469.894813 
308.857349 350.010086 378.943804 327.877522 410.298271 445.917867 343.900576 469.894813 
307.012968 353.698847 377.099424 331.566282 406.609510 449.606628 342.056196 471.739193 
305.168588 353.698847 375.255043 333.410663 404.765130 453.295389 340.211816 477.272334 
305.168588 357.387608 373.410663 337.099424 402.920749 455.139769 338.367435 477.272334 
301.479827 361.076369 369.721902 338.943804 402.920749 456.984150 336.523055 479.116715 
301.479827 361.076369 369.721902 338.943804 401.076369 456.984150 334.678674 480.961095 
299.635447 361.076369 369.721902 338.943804 401.076369 456.984150 334.678674 480.961095 
299.635447 361.076369 369.721902 338.943804 401.076369 460.672911 334.678674 480.961095 
297.791066 362.920749 367.877522 340.788184 399.231988 460.672911 332.834294 480.961095 
297.791066 361.076369 369.721902 338.943804 397.387608 460.672911 332.834294 482.805476 
297.791066 362.920749 367.877522 340.788184 399.231988 460.672911 332.834294 482.805476 
299.635447 361.076369 369.721902 340.788184 401.076369 460.672911 334.678674 482.805476 
301.479827 361.076369 371.566282 340.788184 401.076369 460.672911 334.678674 480.961095 
301.479827 361.076369 373.410663 340.788184 402.920749 456.984150 338.367435 482.805476 
305.168588 361.076369 373.410663 340.788184 404.765130 460.672911 338.367435 482.805476 
305.168588 362.920749 375.255043 340.788184 406.609510 460.672911 340.211816 482.805476 
307.012968 362.920749 377.099424 344.476945 406.609510 462.517291 342.056196 482.805476 
308.857349 366.609510 378.943804 346.321326 412.142651 464.361671 343.900576 488.338617 
310.701729 370.298271 382.632565 350.010086 413.987032 466.206052 347.589337 490.182997 
312.546110 370.298271 384.476945 348.165706 415.831412 468.050432 349.433718 493.871758 
314.390490 373.987032 386.321326 353.698847 417.675793 469.894813 351.278098 493.871758 
316.234870 377.675793 388.165706 357.387608 419.520173 473.583573 353.122478 499.404899 
318.079251 377.675793 388.165706 357.387608 421.364553 477.272334 354.966859 499.404899 
319.923631 379.520173 391.854467 357.387608 425.053314 477.272334 356.811239 501.249280 
323.612392 383.208934 393.698847 361.076369 426.897695 480.961095 360.500000 503.093660 
325.456772 383.208934 397.387608 361.076369 430.586455 479.116715 362.344380 504.938040 
327.301153 383.208934 401.076369 361.076369 434.275216 480.961095 366.033141 504.938040 
329.145533 386.897695 401.076369 362.920749 436.119597 480.961095 367.877522 508.626801 
330.989914 383.208934 402.920749 361.076369 437.963977 482.805476 369.721902 506.782421 
334.678674 383.208934 406.609510 357.387608 441.652738 482.805476 371.566282 506.782421 
330.989914 383.208934 406.609510 357.387608 443.497118 480.961095 373.410663 506.782421 
334.678674 381.364553 408.453890 357.387608 443.497118 480.961095 375.255043 506.782421 
334.678674 381.364553 408.453890 355.543228 447.185879 479.116715 377.099424 506.782421 
336.523055 383.208934 410.298271 355.543228 449.030259 482.805476 378.943804 506.782421 
340.211816 383.208934 415.831412 353.698847 454.563401 482.805476 384.476945 510.471182 
342.056196 381.364553 415.831412 353.698847 456.407781 480.961095 386.321326 510.471182 
342.056196 379.520173 419.520173 350.010086 460.096542 480.961095 390.010086 512.315562 
342.056196 377.675793 419.520173 348.165706 465.629683 480.961095 391.854467 512.315562 
343.900576 377.675793 423.208934 346.321326 467.474063 479.116715 393.698847 510.471182 
347.384410 379.110310 426.897695 346.321326 471.162824 480.961095 396.567887 512.725424 
349.433718 377.675793 428.742075 346.321326 474.851585 482.805476 399.231988 516.004323 
353.737276 378.495518 432.430836 348.165706 482.229107 486.494236 402.920749 521.537464 
354.966859 383.208934 437.963977 346.321326 485.917867 488.338617 408.453890 523.381844 
356.811239 386.897695 441.652738 348.165706 491.451009 493.871758 410.298271 527.070605 
356.811239 386.897695 443.497118 350.010086 493.295389 493.871758 413.987032 534.448127 
358.655620 386.897695 443.497118 353.698847 496.984150 497.560519 415.831412 536.292507 
356.811239 394.275216 443.497118 353.698847 498.828530 503.093660 415.831412 539.981268 
358.655620 396.119597 445.341499 361.076369 498.828530 508.626801 417.675793 547.358790 
358.655620 405.341499 449.030259 366.609510 502.517291 516.004323 419.520173 554.736311 
358.655620 410.874640 449.030259 370.298271 502.517291 521.537464 421.364553 563.958213 
362.344380 420.096542 450.874640 377.675793 506.206052 528.914986 421.364553 569.491354 
360.500000 421.940922 449.030259 381.364553 508.050432 534.448127 423.208934 576.868876 
360.500000 427.474063 450.874640 386.897695 508.050432 538.136888 419.520173 578.713256 
353.122478 427.474063 449.030259 386.897695 504.361671 539.981268 417.675793 582.402017 
353.122478 427.474063 443.497118 386.897695 500.672911 541.825648 417.675793 586.090778 
349.433718 429.318444 441.652738 388.742075 498.828530 543.670029 410.298271 587.935159 
345.335086 432.802265 436.119597 390.586455 495.139769 545.514409 409.273607 589.369668 
336.523055 433.007205 432.430836 390.586455 491.451009 547.358790 402.920749 593.468300 
334.678674 436.695965 430.586455 394.275216 489.606628 549.203170 401.076369 595.312680 
330.989914 438.540346 426.897695 396.119597 484.073487 551.047550 397.387608 597.157061 
327.301153 436.695965 425.053314 392.430836 485.917867 551.047550 395.543228 595.312680 
327.301153 436.695965 423.208934 390.586455 484.073487 549.203170 395.543228 595.312680 
323.612392 433.007205 421.364553 386.897695 480.384726 547.358790 391.854467 591.623919 
323.612392 429.318444 419.520173 383.208934 478.540346 547.358790 388.165706 591.623919 
314.390490 429.318444 412.142651 386.897695 473.007205 545.514409 382.632565 587.935159 
308.857349 427.474063 406.609510 383.208934 465.629683 545.514409 377.099424 589.779539 
305.168588 423.785303 401.076369 383.208934 460.096542 541.825648 369.721902 587.935159 
301.479827 427.474063 395.543228 386.897695 452.719020 545.514409 364.188761 586.090778 
297.791066 427.474063 391.854467 386.897695 449.030259 543.670029 360.500000 582.402017 
297.791066 427.474063 391.854467 386.897695 445.341499 543.670029 356.811239 580.557637 
297.791066 427.474063 388.165706 388.742075 443.497118 543.670029 356.811239 580.557637 
297.791066 429.318444 390.010086 392.430836 437.963977 543.670029 354.966859 580.557637 
297.791066 431.162824 388.165706 396.119597 437.963977 543.670029 353.122478 584.246398 
301.479827 433.007205 388.165706 399.808357 436.119597 545.514409 353.122478 580.557637 
303.324207 436.695965 388.165706 405.341499 436.119597 545.514409 353.122478 582.402017 
305.168588 438.540346 388.165706 407.185879 432.430836 547.358790 353.122478 580.557637 
305.168588 440.384726 388.165706 410.874640 432.430836 549.203170 353.122478 580.557637 
308.857349 444.073487 390.010086 414.563401 430.586455 549.203170 353.122478 582.402017 
307.012968 447.762248 388.165706 420.096542 430.586455 552.891931 353.122478 580.557637 
308.857349 453.295389 391.854467 427.474063 426.897695 558.425072 351.278098 586.090778 
308.857349 456.984150 388.165706 433.007205 425.053314 558.425072 349.433718 587.935159 
308.857349 460.672911 388.165706 436.695965 421.364553 562.113833 347.589337 591.623919 
308.857349 469.894813 384.476945 444.073487 415.831412 569.491354 343.900576 595.312680 
307.012968 473.583573 382.632565 449.606628 413.987032 575.024496 342.056196 597.157061 
307.012968 480.961095 380.788184 456.984150 412.142651 576.868876 342.056196 602.690202 
307.012968 486.494236 380.788184 462.517291 410.298271 582.402017 340.211816 606.378963 
308.857349 490.182997 378.943804 469.894813 410.298271 587.935159 340.211816 611.912104 
308.857349 495.716138 380.788184 473.583573 408.453890 589.779539 340.211816 613.756484 
310.701729 499.404899 382.632565 479.116715 408.453890 595.312680 340.211816 617.445245 
310.701729 503.093660 382.632565 482.805476 406.609510 597.157061 342.056196 621.134006 
312.546110 504.938040 384.476945 486.494236 410.298271 599.001441 342.056196 621.134006 
318.079251 508.626801 388.165706 490.182997 412.142651 600.845821 343.900576 624.822767 
319.923631 512.315562 390.010086 493.871758 413.987032 604.534582 347.589337 624.822767 
323.612392 512.315562 391.854467 493.871758 415.831412 604.534582 349.433718 624.822767 
327.301153 512.315562 393.698847 495.716138 417.675793 608.223343 351.278098 624.822767 
327.301153 514.159942 395.543228 497.560519 415.831412 608.223343 351.278098 626.667147 
327.301153 512.315562 395.543228 497.560519 415.831412 608.223343 351.278098 624.822767 
327.301153 512.315562 395.543228 497.560519 415.831412 608.223343 351.278098 624.822767 
327.301153 512.315562 395.543228 495.716138 415.831412 608.223343 351.278098 624.822767 
329.350457 511.290904 397.387608 495.716138 415.831412 606.378963 351.483022 622.773453 
329.145533 508.626801 399.231988 493.871758 417.675793 606.378963 349.433718 621.134006 
330.989914 504.938040 399.231988 490.182997 417.675793 602.690202 349.433718 621.134006 
330.989914 501.249280 401.076369 488.338617 417.675793 602.690202 351.278098 617.445245 
332.834294 501.249280 402.920749 488.338617 419.520173 600.845821 351.278098 617.445245 
334.678674 499.404899 406.609510 486.494236 421.364553 602.690202 353.122478 617.445245 
336.523055 495.716138 408.453890 486.494236 421.364553 602.690202 353.122478 615.600865 
338.367435 495.716138 412.142651 482.805476 426.897695 602.690202 354.966859 617.445245 
342.056196 493.871758 415.831412 480.961095 426.897695 602.690202 356.811239 615.600865 
342.056196 493.871758 415.831412 480.961095 428.742075 602.690202 356.811239 617.445245 
344.515366 494.281624 419.520173 482.805476 432.430836 606.378963 358.450685 617.240317 
345.744957 492.027378 423.208934 482.805476 434.275216 608.223343 358.655620 621.134006 
349.433718 493.871758 426.897695 482.805476 436.119597 610.067723 360.500000 621.134006 
351.278098 493.871758 428.742075 486.494236 439.808357 613.756484 362.344380 624.822767 
351.278098 499.404899 432.430836 486.494236 439.808357 617.445245 360.500000 630.355908 
351.278098 499.404899 432.430836 490.182997 439.808357 621.134006 360.500000 634.044669 
349.433718 504.938040 430.586455 495.716138 437.963977 628.511527 358.655620 637.733429 
347.589337 506.782421 430.586455 499.404899 437.963977 634.044669 356.811239 645.110951 
347.589337 510.471182 432.430836 503.093660 439.808357 641.422190 354.966859 650.644092 
347.589337 516.004323 432.430836 508.626801 439.808357 646.955331 354.966859 658.021614 
349.843580 520.922677 436.119597 514.159942 439.808357 654.332853 354.761928 663.554762 
349.433718 523.381844 437.963977 516.004323 441.652738 661.710375 354.966859 670.932277 
345.744957 523.381844 437.963977 517.848703 441.652738 667.243516 353.122478 674.621037 
345.744957 525.226225 439.808357 519.693084 441.652738 670.932277 351.278098 678.309798 
343.900576 528.914986 441.652738 523.381844 441.652738 678.309798 349.433718 687.531700 
343.900576 530.759366 445.341499 525.226225 445.341499 683.842939 349.433718 691.220461 
343.900576 528.914986 449.030259 525.226225 449.030259 687.531700 351.278098 696.753602 
349.433718 532.603746 452.719020 528.914986 454.563401 694.909222 354.966859 704.131124 
351.278098 530.759366 460.096542 527.070605 460.096542 700.442363 358.655620 707.819885 
356.811239 536.292507 467.474063 530.759366 467.474063 705.975504 362.344380 717.041787 
366.033141 536.292507 478.540346 528.914986 478.540346 713.353026 369.721902 720.730548 
373.410663 536.292507 489.606628 528.914986 487.762248 717.041787 377.099424 728.108069 
378.943804 538.136888 498.828530 532.603746 498.828530 724.419308 382.632565 733.641210 
384.476945 534.448127 506.206052 527.070605 504.361671 728.108069 386.321326 737.329971 
390.010086 528.914986 517.272334 525.226225 513.583573 733.641210 391.854467 744.707493 
393.698847 528.914986 520.961095 523.381844 522.805476 733.641210 395.543228 744.707493 
397.387608 523.381844 526.494236 516.004323 524.649856 733.641210 397.387608 746.551873 
391.854467 512.315562 528.338617 508.626801 528.338617 731.796830 393.698847 744.707493 
386.321326 503.093660 526.494236 497.560519 522.805476 728.108069 386.321326 741.018732 
373.410663 488.338617 519.116715 486.494236 517.272334 724.419308 375.255043 737.329971 
360.500000 479.116715 508.050432 473.583573 506.206052 720.730548 364.188761 729.952450 
343.900576 460.672911 498.828530 460.672911 495.139769 715.197406 347.589337 728.108069 
327.301153 453.295389 489.606628 447.762248 485.917867 707.819885 330.989914 724.419308 
307.012968 436.695965 474.851585 436.695965 471.162824 702.286744 314.390490 720.730548 
288.569164 423.785303 460.096542 427.474063 456.407781 702.286744 294.102305 717.041787 
266.436599 420.096542 443.497118 423.785303 439.808357 704.131124 270.125360 720.730548 
253.525937 421.940922 430.586455 421.940922 426.897695 711.508646 259.059078 724.419308 
242.459654 427.474063 417.675793 427.474063 415.831412 717.041787 242.459654 729.952450 
236.926513 431.162824 415.831412 429.318444 413.987032 724.419308 238.770893 741.018732 
233.237752 444.073487 412.142651 438.540346 410.298271 737.329971 238.770893 761.306916 
238.770893 445.917867 423.208934 449.606628 419.520173 753.929395 246.148415 774.217579 
242.459654 455.139769 434.275216 453.295389 426.897695 774.217579 246.148415 790.817003 
253.525937 456.984150 452.719020 455.139769 443.497118 781.595101 255.370317 811.105187 
268.280980 462.517291 473.007205 458.828530 469.318444 796.350144 271.969741 824.015850 
302.709415 460.058115 504.361672 464.976463 498.213737 806.801631 299.020654 828.934196 
343.900588 465.386324 548.012019 460.467976 545.552845 807.211492 341.441414 835.082130 
373.410663 453.295389 579.981260 452.680600 578.751673 804.342463 377.099424 836.926513 
402.920749 438.540346 611.335735 438.540346 609.491354 798.194524 410.298271 827.704611 
419.520173 427.474063 627.935159 420.096542 629.779539 783.439481 428.742075 820.327089 
425.053314 414.563401 627.935159 410.874640 633.468300 770.528818 436.119597 803.727666 
421.364553 403.497118 627.935159 396.119597 635.312680 761.306916 437.963977 796.350144 
415.831412 397.963977 618.713256 390.586455 635.312680 753.929395 439.808357 790.817003 
401.076369 403.497118 605.802594 386.897695 633.468300 748.396254 436.119597 787.128242 
380.788184 407.185879 587.358790 386.897695 618.713256 737.329971 423.208934 779.750720 
349.433718 410.874640 563.381844 390.586455 596.580692 733.641210 397.387608 776.061960 
316.234870 423.785303 520.961095 396.119597 567.070605 720.730548 375.255043 770.528818 
277.502882 427.474063 476.081175 398.578778 527.723826 710.893860 338.367435 764.995677 
240.615274 436.695965 436.119597 403.497118 498.828530 704.131124 308.857349 761.306916 
200.038905 444.073487 397.387608 399.808357 471.162824 700.442363 281.191643 757.618156 
200.038905 444.073487 397.387608 399.808357 471.162824 700.442363 281.191643 757.618156 
142.863112 462.517291 321.768012 416.407781 410.298271 700.442363 238.770893 764.995677 
117.041787 469.894813 299.635447 427.474063 386.321326 694.909222 222.171470 766.840058 
102.286744 486.494236 273.814121 433.007205 375.255043 704.131124 216.638329 774.217579 
91.220461 495.716138 257.214697 444.073487 360.500000 711.508646 209.260807 787.128242 
85.687320 512.315562 249.837176 449.606628 360.500000 713.353026 209.260807 790.817003 
81.998559 525.226225 242.459654 460.672911 364.188761 720.730548 211.105187 796.350144 
80.154179 528.914986 244.304035 462.517291 369.721902 717.041787 222.171470 803.727666 
87.531700 534.448127 249.837176 460.672911 378.943804 717.041787 231.393372 807.416427 
100.442363 541.825648 253.525937 464.361671 386.321326 713.353026 246.148415 803.727666 
113.353026 534.448127 268.280980 460.672911 401.076369 707.819885 260.903458 798.194524 
133.641210 534.448127 286.724784 460.672911 419.520173 700.442363 281.191643 794.505764 
159.462536 528.914986 314.390490 460.672911 445.341499 696.753602 308.857349 790.817003 
192.661383 532.603746 340.211816 453.295389 473.007205 696.753602 338.367435 790.817003 
218.482709 536.292507 366.033141 455.139769 496.984150 689.376081 367.877522 787.128242 
242.459654 530.759366 386.321326 453.295389 517.272334 687.531700 386.321326 783.439481 
253.525937 523.381844 395.543228 449.606628 532.027378 687.531700 404.765130 783.439481 
266.436599 527.070605 410.298271 453.295389 537.560519 694.909222 412.142651 781.595101 
271.969741 530.759366 415.831412 456.984150 543.093660 694.909222 419.520173 783.439481 
271.969741 530.759366 408.453890 455.139769 541.249280 691.220461 410.298271 787.128242 
264.592219 534.448127 401.076369 462.517291 530.182997 694.909222 410.298271 787.128242 
264.592219 534.448127 401.076369 462.517291 530.182997 694.909222 410.298271 787.128242 
242.459654 527.070605 377.099424 447.762248 511.739193 683.842939 393.698847 783.439481 
224.015850 519.693084 356.811239 438.540346 502.517291 678.309798 378.943804 774.217579 
209.260807 508.626801 340.211816 431.162824 487.762248 667.243516 367.877522 766.840058 
196.350144 499.404899 332.834294 418.252161 474.851585 658.021614 356.811239 757.618156 
185.283862 493.871758 318.079251 414.563401 465.629683 650.644092 351.278098 753.929395 
181.595101 488.338617 319.923631 403.497118 463.785303 645.110951 347.589337 746.551873 
185.283862 482.805476 321.768012 399.808357 463.785303 637.733429 349.433718 741.018732 
194.505764 475.427954 332.834294 392.430836 473.007205 635.889049 356.811239 733.641210 
216.638329 471.739193 354.966859 383.208934 491.451009 624.822767 369.721902 728.108069 
244.304035 464.361671 377.099424 373.987032 509.894813 621.134006 393.698847 720.730548 
270.125360 449.606628 408.453890 377.675793 526.494236 613.756484 412.142651 717.041787 
294.102305 442.229107 434.275216 362.920749 552.315562 613.756484 434.275216 705.975504 
319.923631 431.162824 458.252161 353.698847 574.448127 606.378963 458.252161 700.442363 
342.056196 427.474063 478.540346 350.010086 589.203170 600.845821 473.007205 691.220461 
356.811239 420.096542 491.451009 346.321326 598.425072 593.468300 482.229107 683.842939 
362.344380 412.719020 496.984150 338.943804 602.113833 587.935159 487.762248 680.154179 
362.344380 407.185879 493.295389 340.788184 598.425072 582.402017 485.917867 667.243516 
360.500000 403.497118 489.606628 337.099424 592.891931 582.402017 482.229107 663.554755 
353.122478 410.874640 478.540346 340.788184 581.825648 573.180115 471.162824 658.021614 
336.523055 410.874640 461.940922 346.321326 565.226225 576.868876 454.563401 656.177233 
330.989914 420.096542 449.030259 355.543228 546.782421 576.868876 443.497118 658.021614 
319.923631 427.474063 434.275216 364.765130 532.027378 580.557637 428.742075 654.332853 
312.546110 438.540346 425.053314 372.142651 517.272334 586.090778 415.831412 658.021614 
312.546110 438.540346 425.053314 372.142651 517.272334 586.090778 415.831412 658.021614 
307.012968 445.917867 413.987032 388.742075 504.361671 593.468300 406.609510 658.021614 
307.012968 445.917867 413.987032 388.742075 504.361671 593.468300 406.609510 658.021614 
316.234870 449.606628 423.208934 397.963977 502.517291 597.157061 404.765130 658.021614 
323.612392 453.295389 426.897695 405.341499 498.828530 597.157061 404.765130 658.021614 
327.301153 460.672911 432.430836 410.874640 500.672911 600.845821 408.453890 654.332853 
338.367435 462.517291 437.963977 416.407781 500.672911 604.534582 410.298271 658.021614 
343.900576 462.517291 439.808357 427.474063 502.517291 610.067723 410.298271 658.021614 
343.900576 462.517291 439.808357 427.474063 502.517291 610.067723 410.298271 658.021614 
362.344380 479.116715 456.407781 444.073487 504.361671 624.822767 417.675793 670.932277 
371.566282 488.338617 463.785303 460.672911 506.206052 635.889049 421.364553 676.465418 
377.099424 501.249280 469.318444 473.583573 509.894813 646.955331 425.053314 683.842939 
388.165706 514.159942 476.695965 490.182997 511.739193 661.710375 428.742075 696.753602 
393.698847 527.070605 484.073487 503.093660 515.427954 674.621037 428.742075 704.131124 
393.698847 527.070605 484.073487 503.093660 515.427954 674.621037 428.742075 704.131124 
410.298271 534.448127 496.984150 521.537464 520.961095 687.531700 436.119597 713.353026 
415.831412 536.292507 500.672911 521.537464 520.961095 691.220461 437.963977 711.508646 
419.520173 528.914986 508.050432 514.159942 524.649856 683.842939 439.808357 705.975504 
423.208934 510.471182 513.583573 497.560519 533.871758 667.243516 445.341499 687.531700 
432.430836 497.560519 522.805476 479.116715 548.626801 643.266571 454.563401 670.932277 
460.096542 471.739193 552.315562 453.295389 574.448127 628.511527 476.695965 654.332853 
473.007205 455.139769 572.603746 431.162824 592.891931 608.223343 498.828530 637.733429 
485.917867 436.695965 579.981268 416.407781 613.180115 593.468300 522.805476 624.822767 
493.295389 438.540346 591.047550 416.407781 626.090778 586.090778 533.871758 621.134006 
498.828530 445.917867 591.047550 423.785303 631.623919 593.468300 541.249280 628.511527 
496.984150 464.361671 589.203170 436.695965 629.779539 608.223343 546.782421 650.644092 
495.139769 493.871758 583.670029 464.361671 631.623919 624.822767 544.938040 670.932277 
489.606628 521.537464 583.670029 486.494236 635.312680 654.332853 548.626801 694.909222 
495.139769 545.514409 583.670029 516.004323 639.001441 683.842939 550.471182 720.730548 
497.659242 568.189668 586.189502 538.679582 641.520914 706.518198 552.990654 743.405806
491.451009 586.090778 589.203170 554.736311 642.690202 724.419308 552.315562 764.995677 
487.762248 599.001441 583.670029 569.491354 637.157061 741.018732 544.938040 781.595101 
485.917867 611.912104 583.670029 578.713256 633.468300 755.773775 541.249280 790.817003 
484.073487 617.445245 579.981268 587.935159 631.623919 764.995677 539.404899 800.038905 
484.073487 621.134006 583.670029 589.779539 633.468300 770.528818 539.404899 807.416427 
485.917867 617.445245 585.514409 591.623919 637.157061 774.217579 539.404899 807.416427 
484.073487 617.445245 583.670029 591.623919 637.157061 774.217579 539.404899 807.416427 
487.762248 611.912104 589.203170 586.090778 637.157061 774.217579 537.560519 807.416427 
487.762248 606.378963 587.358790 584.246398 635.312680 774.217579 535.716138 803.727666 
484.073487 600.845821 587.358790 578.713256 633.468300 770.528818 533.871758 803.727666 
480.384726 600.845821 587.358790 575.024496 631.623919 770.528818 528.338617 798.194524 
478.540346 591.623919 587.358790 571.335735 629.779539 770.528818 522.805476 798.194524 
476.695965 586.090778 581.825648 565.802594 626.090778 764.995677 519.116715 794.505764 
473.007205 580.557637 579.981268 560.269452 618.713256 761.306916 513.583573 790.817003 
469.318444 571.335735 579.981268 552.891931 616.868876 757.618156 509.894813 783.439481 
465.629683 563.958213 579.981268 543.670029 613.180115 748.396254 504.361671 779.750720 
463.785303 551.047550 578.136888 532.603746 613.180115 744.707493 498.828530 770.528818 
458.252161 536.292507 574.448127 519.693084 609.491354 733.641210 495.139769 761.306916 
456.407781 517.848703 579.981268 499.404899 613.180115 722.574928 495.139769 748.396254 
458.252161 503.093660 583.670029 482.805476 620.557637 709.664265 496.984150 737.329971 
460.096542 482.805476 589.203170 466.206052 624.246398 694.909222 498.828530 724.419308 
460.096542 458.828530 589.203170 442.229107 629.779539 680.154179 498.828530 711.508646 
460.096542 433.007205 592.891931 416.407781 627.935159 661.710375 498.828530 694.909222 
460.096542 407.185879 592.891931 390.586455 627.935159 645.110951 498.828530 669.087896 
452.719020 377.675793 600.269452 357.387608 631.623919 617.445245 493.295389 654.332853 
447.185879 340.788184 594.736311 320.500000 635.312680 593.468300 491.451009 628.511527 
439.808357 305.744957 592.891931 289.145533 631.623919 562.113833 480.384726 591.623919 
430.586455 274.390490 583.670029 257.791066 627.935159 539.981268 482.229107 576.868876 
410.298271 237.502882 572.603746 220.903458 618.713256 504.938040 465.629683 543.670029 
391.854467 206.148415 561.537464 184.015850 613.180115 480.961095 452.719020 521.537464 
371.566282 174.793948 550.471182 158.194524 602.113833 466.206052 437.963977 503.093660 
356.811239 156.350144 535.716138 134.217579 591.047550 445.917867 425.053314 490.182997 
349.433718 141.595101 524.649856 121.306916 581.825648 436.695965 419.520173 477.272334 
340.211816 130.528818 519.116715 104.707493 583.670029 427.474063 413.987032 469.894813 
332.834294 123.151297 515.427954 99.174352 579.981268 421.940922 408.453890 466.206052 
330.989914 113.929395 513.583573 89.952450 581.825648 420.096542 410.298271 462.517291 
330.989914 113.929395 517.272334 88.108069 579.981268 416.407781 410.298271 462.517291 
329.145533 112.085014 517.272334 88.108069 581.825648 414.563401 412.142651 462.517291 
327.301153 108.396254 515.427954 80.730548 581.825648 414.563401 412.142651 455.139769 
318.079251 101.018732 511.739193 73.353026 585.514409 407.185879 410.298271 460.672911 
316.234870 97.329971 508.050432 71.508646 583.670029 405.341499 406.609510 460.672911 
307.012968 112.085014 500.672911 78.886167 576.292507 414.563401 399.231988 469.894813 
307.012968 121.306916 496.984150 89.952450 574.448127 421.940922 399.231988 473.583573 
310.701729 137.906340 491.451009 101.018732 574.448127 431.162824 401.495546 484.230678 
316.234870 148.972622 496.984150 112.085014 579.981268 442.229107 406.609510 499.404899 
323.612392 171.105187 506.206052 132.373199 587.358790 456.984150 417.675793 512.315562 
334.678674 187.704611 520.961095 147.128242 598.425072 469.894813 428.742075 527.070605 
340.211816 206.148415 526.494236 165.572046 609.491354 482.805476 441.652738 543.670029 
358.655620 220.903458 535.716138 182.171470 624.246398 499.404899 452.719020 562.113833 
373.410663 239.347262 554.159942 196.926513 635.312680 512.315562 465.629683 571.335735 
386.321326 254.102305 567.070605 213.525937 648.223343 519.693084 482.229107 586.090778 
401.076369 272.546110 576.292507 230.125360 661.134006 538.136888 495.139769 599.001441 
413.987032 287.301153 585.514409 246.724784 670.355908 549.203170 508.050432 610.067723 
421.364553 307.589337 592.891931 263.324207 679.577810 562.113833 519.116715 624.822767 
434.275216 327.877522 598.425072 281.768012 683.266571 576.868876 528.338617 641.422190 
439.808357 346.321326 605.802594 300.211816 688.799712 591.623919 535.716138 654.332853 
449.030259 364.765130 609.491354 314.966859 698.021614 604.534582 543.093660 663.554755 
450.874640 377.675793 611.335735 329.721902 701.710375 613.756484 548.626801 680.154179 
456.407781 394.275216 613.180115 346.321326 703.554755 621.134006 552.315562 687.531700 
454.563401 410.874640 613.180115 353.698847 703.554755 630.355908 554.159942 694.909222 
452.719020 416.407781 605.802594 362.920749 699.865994 634.044669 557.848703 704.131124 
450.874640 420.096542 607.646974 370.298271 699.865994 641.422190 557.848703 707.819885 
447.185879 425.629683 603.958213 375.831412 696.177233 646.955331 552.315562 704.131124 
432.430836 431.162824 585.514409 377.675793 690.644092 637.733429 543.093660 711.508646 
426.897695 436.695965 578.136888 379.520173 681.422190 637.733429 539.404899 707.819885 
421.364553 436.695965 570.759366 377.675793 674.044669 641.422190 535.716138 707.819885 
413.987032 436.695965 563.381844 377.675793 670.355908 637.733429 530.182997 707.819885 
412.142651 438.540346 559.693084 381.364553 670.355908 634.044669 526.494236 707.819885 
410.298271 444.073487 552.315562 383.208934 662.978386 634.044669 528.338617 707.819885 
408.453890 444.073487 554.159942 383.208934 670.355908 637.733429 530.182997 707.819885 
412.142651 447.762248 559.693084 386.897695 672.200288 634.044669 535.716138 711.508646 
413.987032 449.606628 563.381844 386.897695 679.577810 637.733429 539.404899 711.508646 
417.675793 449.606628 563.381844 386.897695 679.577810 637.733429 543.093660 711.508646 
421.364553 449.606628 567.070605 386.897695 683.266571 637.733429 546.782421 711.508646 
434.275216 453.295389 579.981268 390.586455 698.021614 634.044669 563.381844 713.353026 
449.030259 455.139769 592.891931 386.897695 710.932277 637.733429 578.136888 717.041787 
457.392978 457.207017 603.993869 390.570248 726.704292 641.928696 586.650633 713.763877 
471.785232 458.328305 616.331684 394.965477 737.076930 638.734182 604.905887 722.611959 
488.207379 463.197482 630.714148 393.923358 754.325209 646.764165 617.063687 724.814834 
497.736327 460.332885 639.145694 396.408103 768.418412 654.953539 629.019395 722.899020 
509.137121 464.690669 654.782208 401.450039 775.033807 652.885201 641.030259 728.476945 
520.548906 469.216406 658.501614 403.870387 783.428560 652.119220 653.403057 732.911766 
529.239023 474.900297 670.265086 408.304656 789.260405 663.421171 656.136330 734.737639 
537.488392 478.972461 678.121759 415.398474 798.236394 653.501822 669.522962 743.041601 
541.286292 480.865439 679.146660 414.847798 799.449154 666.201464 673.492904 747.312610 
545.028967 484.607506 684.888686 419.467363 806.751793 674.081690 673.751880 746.014038 
546.851749 489.150257 689.058760 420.021848 803.048109 667.702409 682.388945 750.258679 
548.626801 486.494236 690.794375 427.411608 800.255162 669.789066 680.269452 749.779539 
542.149625 486.905739 690.457497 422.258718 789.994247 677.859263 677.999412 752.522486 
536.250996 485.978885 683.038942 417.903316 783.879284 667.084084 671.597650 752.631995 
531.782055 489.340529 673.114596 421.578352 789.058025 667.958138 659.345950 750.355883 
524.585650 484.369212 671.798955 423.030335 776.858295 679.299111 653.805499 744.927269 
519.642880 484.419208 659.167208 423.257859 778.957737 680.051538 641.060940 745.169470 
505.905468 482.937732 647.769319 420.517638 767.901708 675.723250 630.770217 747.234783 
501.495174 486.111264 641.806614 420.760731 752.965712 673.647680 617.805247 746.806254 
485.078874 481.323903 629.033100 419.073427 738.557628 672.067833 602.627657 746.822017 
470.450576 479.819796 618.437407 419.456746 723.680152 663.553168 589.697217 741.325588 
456.407781 477.272334 605.802594 414.563401 710.932277 667.243516 572.603746 737.329971 
443.497118 477.272334 591.047550 416.407781 694.332853 667.243516 556.004323 737.329971 
430.586455 469.894813 574.448127 414.563401 679.577810 667.243516 537.560519 733.641210 
413.987032 469.894813 556.004323 412.719020 657.445245 667.243516 517.272334 728.108069 
399.231988 468.050432 541.249280 410.874640 639.001441 661.710375 498.828530 724.419308 
378.943804 460.672911 526.494236 410.874640 624.246398 661.710375 476.695965 728.108069 
366.033141 462.517291 513.583573 407.185879 603.958213 658.021614 461.940922 724.419308 
349.433718 460.672911 496.984150 405.341499 581.825648 656.177233 445.341499 722.574928 
332.834294 449.606628 484.073487 407.185879 567.070605 658.021614 428.742075 720.730548 
329.145533 444.073487 474.851585 397.963977 554.159942 658.021614 413.987032 717.041787 
321.768012 436.695965 474.851585 396.119597 550.471182 654.332853 412.142651 717.041787 
319.923631 431.162824 473.007205 390.586455 552.315562 654.332853 408.453890 713.353026 
316.234870 423.785303 471.162824 386.897695 543.093660 650.644092 401.076369 713.353026 
310.701729 420.096542 471.162824 379.520173 541.249280 650.644092 395.543228 707.819885 
307.012968 410.874640 469.318444 372.142651 535.716138 650.644092 390.010086 707.819885 
299.635447 405.341499 461.940922 370.298271 535.716138 650.644092 384.476945 707.819885 
301.479827 405.341499 463.785303 372.142651 532.027378 654.332853 380.788184 711.508646 
299.635447 403.497118 461.940922 370.298271 533.871758 658.021614 378.943804 711.508646 
301.479827 410.874640 463.785303 372.142651 530.182997 661.710375 375.255043 717.041787 
299.635447 405.341499 465.629683 370.298271 532.027378 661.710375 375.255043 717.041787 
303.324207 405.341499 473.007205 366.609510 533.871758 667.243516 375.255043 724.419308 

