345.192180 158.037438 795.641431 152.047421 795.641431 483.894343 339.202163 480.300333 
349.546563 157.351441 798.149667 152.562084 798.149667 486.220621 346.353659 479.834812 
351.143016 158.947894 802.939024 152.562084 798.149667 487.817073 346.353659 479.834812 
357.528825 158.947894 804.535477 154.158537 802.939024 487.817073 351.143016 479.834812 
357.528825 157.351441 807.728381 152.562084 806.131929 484.624169 351.143016 478.238359 
360.721729 155.754989 807.728381 150.965632 806.131929 486.220621 357.528825 478.238359 
363.914634 158.947894 814.114191 150.965632 809.324834 486.220621 357.528825 478.238359 
365.511086 158.947894 815.710643 152.562084 814.114191 484.624169 363.914634 478.238359 
368.703991 157.351441 817.307095 152.562084 814.114191 487.817073 362.318182 479.834812 
368.703991 158.947894 818.903548 154.158537 817.307095 484.624169 368.703991 479.834812 
371.896896 158.947894 820.500000 152.562084 817.307095 486.220621 368.703991 478.238359 
376.686253 162.140798 820.500000 157.351441 818.903548 491.009978 371.896896 479.834812 
376.686253 162.140798 823.692905 157.351441 820.500000 491.009978 373.493348 481.431264 
376.686253 162.140798 825.289357 158.947894 820.500000 487.817073 371.896896 481.431264 
379.879157 163.737251 826.885809 158.947894 823.692905 491.009978 375.089800 483.027716 
379.879157 166.930155 830.078714 162.140798 825.289357 494.202882 375.089800 484.624169 
383.072062 165.333703 830.078714 162.140798 826.885809 494.202882 379.879157 486.220621 
384.668514 166.930155 831.675166 162.140798 830.078714 495.799335 379.879157 486.220621 
384.668514 166.930155 831.675166 162.140798 831.675166 497.395787 379.879157 487.817073 
387.861419 168.526608 834.868071 162.140798 831.675166 497.395787 383.072062 487.817073 
389.457871 168.526608 838.060976 162.140798 834.868071 497.395787 384.668514 487.817073 
389.457871 168.526608 839.657428 162.140798 838.060976 500.588692 384.668514 489.413525 
391.054324 168.526608 841.253880 162.140798 838.060976 503.781596 383.072062 491.009978 
389.457871 168.526608 842.850333 163.737251 838.060976 505.378049 386.264967 491.009978 
391.054324 170.123060 846.043237 162.140798 841.253880 503.781596 383.072062 494.202882 
391.054324 170.123060 847.639690 162.140798 841.253880 506.974501 379.879157 495.799335 
387.861419 170.123060 847.639690 163.737251 842.850333 511.763858 379.879157 495.799335 
389.457871 171.719512 850.832594 165.333703 846.043237 511.763858 378.282705 498.992239 
387.861419 170.123060 852.429047 165.333703 846.043237 516.553215 376.686253 500.588692 
384.668514 168.526608 850.832594 163.737251 849.236142 518.149667 376.686253 503.781596 
384.668514 171.719512 854.025499 163.737251 849.236142 518.149667 371.896896 505.378049 
379.879157 170.123060 857.218404 165.333703 852.429047 522.939024 371.896896 506.974501 
383.072062 171.719512 860.411308 165.333703 854.025499 526.131929 371.896896 508.570953 
384.668514 168.526608 863.604213 162.140798 857.218404 527.728381 373.493348 506.974501 
383.072062 168.526608 865.200665 157.351441 858.814856 529.324834 371.896896 508.570953 
384.668514 163.737251 865.200665 154.158537 860.411308 529.324834 375.089800 505.378049 
386.264967 162.140798 869.990022 150.965632 863.604213 527.728381 376.686253 506.974501 
386.264967 162.140798 876.375831 147.772727 865.200665 527.728381 375.089800 506.974501 
386.264967 158.947894 876.375831 144.579823 869.990022 527.728381 376.686253 505.378049 
389.457871 157.351441 881.165188 141.386918 876.375831 527.728381 376.686253 505.378049 
389.457871 152.562084 884.358093 138.194013 876.375831 529.324834 379.879157 505.378049 
389.457871 150.965632 887.550998 133.404656 879.568736 527.728381 379.879157 502.185144 
391.054324 150.965632 890.743902 133.404656 882.761641 527.728381 379.879157 500.588692 
394.247228 146.176275 893.936807 127.018847 884.358093 522.939024 383.072062 498.992239 
394.247228 142.983370 898.726164 123.825942 890.743902 526.131929 383.072062 495.799335 
395.843681 141.386918 898.726164 119.036585 892.340355 524.535477 384.668514 497.395787 
395.843681 139.790466 901.919069 115.843681 893.936807 522.939024 386.264967 495.799335 
395.843681 136.597561 906.708426 112.650776 898.726164 518.149667 389.457871 494.202882 
400.633038 136.597561 908.304878 112.650776 897.129712 519.746120 387.861419 495.799335 
399.036585 136.597561 908.304878 109.457871 901.919069 518.149667 391.054324 492.606430 
400.633038 136.597561 909.901330 109.457871 903.515521 518.149667 394.247228 492.606430 
399.036585 136.597561 909.901330 109.457871 905.111973 518.149667 397.440133 494.202882 
399.036585 136.597561 909.901330 106.264967 905.111973 518.149667 394.247228 494.202882 
400.633038 136.597561 913.094235 106.264967 905.111973 526.131929 394.247228 495.799335 
399.036585 139.790466 909.901330 109.457871 906.708426 524.535477 395.843681 495.799335 
400.633038 136.597561 909.901330 106.264967 906.708426 519.746120 395.843681 498.992239 
397.440133 136.597561 906.708426 103.072062 905.111973 522.939024 389.457871 497.395787 
394.247228 136.597561 906.708426 103.072062 903.515521 524.535477 391.054324 498.992239 
391.054324 136.597561 905.111973 103.072062 901.919069 522.939024 387.861419 500.588692 
389.457871 136.597561 901.919069 103.072062 898.726164 518.149667 384.668514 500.588692 
383.072062 136.597561 897.129712 103.072062 897.129712 516.553215 384.668514 498.992239 
379.879157 136.597561 897.129712 99.879157 893.936807 518.149667 378.282705 498.992239 
373.493348 136.597561 892.340355 99.879157 892.340355 516.553215 373.493348 500.588692 
368.703991 136.597561 887.550998 99.879157 890.743902 516.553215 368.703991 500.588692 
365.511086 136.597561 885.954545 99.879157 887.550998 516.553215 365.511086 502.185144 
363.914634 138.194013 879.568736 99.879157 884.358093 519.746120 363.914634 503.781596 
357.528825 136.597561 876.375831 99.879157 882.761641 518.149667 360.721729 502.185144 
357.528825 133.404656 876.375831 99.879157 879.568736 514.956763 357.528825 505.378049 
351.143016 136.597561 876.375831 103.072062 879.568736 514.956763 352.739468 505.378049 
349.546563 133.404656 874.779379 103.072062 876.375831 514.956763 351.143016 505.378049 
349.546563 136.597561 874.779379 103.072062 879.568736 516.553215 349.546563 506.974501 
344.757206 138.194013 873.182927 106.264967 879.568736 516.553215 346.353659 508.570953 
346.353659 138.194013 874.779379 106.264967 879.568736 518.149667 349.546563 510.167406 
346.353659 139.790466 876.375831 109.457871 882.761641 518.149667 349.546563 511.763858 
346.353659 138.194013 881.165188 109.457871 887.550998 519.746120 351.143016 514.956763 
349.546563 141.386918 882.761641 112.650776 890.743902 519.746120 354.335920 516.553215 
349.546563 144.579823 884.358093 114.247228 895.533259 519.746120 357.528825 519.746120 
357.528825 142.983370 893.936807 112.650776 903.515521 518.149667 362.318182 519.746120 
365.511086 142.983370 898.726164 114.247228 909.901330 516.553215 368.703991 516.553215 
368.703991 144.579823 903.515521 115.843681 914.690687 513.360310 378.282705 518.149667 
373.493348 144.579823 908.304878 115.843681 921.076497 513.360310 383.072062 519.746120 
379.879157 142.983370 916.287140 117.440133 927.462306 511.763858 389.457871 522.939024 
387.861419 142.983370 916.287140 117.440133 932.251663 508.570953 397.440133 519.746120 
389.457871 146.176275 919.480044 119.036585 935.444568 506.974501 405.422395 522.939024 
395.843681 144.579823 921.076497 120.633038 938.637472 506.974501 408.615299 519.746120 
397.440133 146.176275 919.480044 120.633038 938.637472 503.781596 411.808204 522.939024 
399.036585 144.579823 921.076497 119.036585 938.637472 500.588692 411.808204 522.939024 
399.036585 144.579823 921.076497 119.036585 937.041020 498.992239 413.404656 519.746120 
399.036585 142.983370 917.883592 120.633038 938.637472 497.395787 413.404656 518.149667 
397.440133 144.579823 916.287140 120.633038 935.444568 494.202882 411.808204 518.149667 
395.843681 142.983370 913.094235 119.036585 932.251663 492.606430 411.808204 519.746120 
391.054324 142.983370 906.708426 122.229490 930.655211 491.009978 408.615299 516.553215 
386.264967 139.790466 903.515521 122.229490 924.269401 491.009978 407.018847 516.553215 
384.668514 139.790466 898.726164 122.229490 921.076497 489.413525 402.229490 516.553215 
379.879157 138.194013 893.936807 122.229490 913.094235 486.220621 400.633038 514.956763 
378.282705 136.597561 887.550998 122.229490 908.304878 487.817073 394.247228 514.956763 
376.686253 136.597561 887.550998 123.825942 905.111973 486.220621 391.054324 514.956763 
371.896896 136.597561 882.761641 122.229490 905.111973 486.220621 386.264967 516.553215 
368.703991 136.597561 881.165188 123.825942 898.726164 486.220621 383.072062 518.149667 
365.511086 136.597561 879.568736 127.018847 898.726164 489.413525 379.879157 522.939024 
363.914634 136.597561 876.375831 130.211752 897.129712 492.606430 379.879157 524.535477 
360.721729 138.194013 876.375831 130.211752 898.726164 497.395787 376.686253 527.728381 
360.721729 138.194013 876.375831 136.597561 897.129712 498.992239 376.686253 530.921286 
362.318182 141.386918 876.375831 139.790466 898.726164 505.378049 376.686253 535.710643 
360.721729 146.176275 879.568736 142.983370 898.726164 505.378049 376.686253 542.096452 
360.721729 150.965632 879.568736 147.772727 903.515521 514.956763 375.089800 548.482262 
360.721729 150.965632 882.761641 150.965632 905.111973 516.553215 376.686253 553.271619 
360.721729 157.351441 884.358093 154.158537 903.515521 524.535477 375.089800 558.060976 
363.914634 158.947894 882.761641 158.947894 905.111973 529.324834 378.282705 566.043237 
363.914634 163.737251 885.954545 163.737251 908.304878 534.114191 379.879157 572.429047 
362.318182 165.333703 885.954545 168.526608 909.901330 535.710643 379.879157 577.218404 
363.914634 166.930155 887.550998 170.123060 909.901330 540.500000 378.282705 582.007761 
363.914634 168.526608 892.340355 171.719512 913.094235 540.500000 379.879157 585.200665 
365.511086 171.719512 890.743902 174.912417 914.690687 543.692905 383.072062 588.393570 
367.107539 165.333703 892.340355 173.315965 914.690687 542.096452 384.668514 588.393570 
368.703991 166.930155 890.743902 173.315965 916.287140 542.096452 384.668514 589.990022 
367.107539 166.930155 890.743902 171.719512 916.287140 542.096452 386.264967 591.586475 
365.511086 163.737251 892.340355 173.315965 916.287140 542.096452 387.861419 589.990022 
367.107539 165.333703 892.340355 174.912417 916.287140 543.692905 389.457871 593.182927 
367.107539 165.333703 890.743902 173.315965 917.883592 542.096452 391.054324 594.779379 
368.703991 166.930155 892.340355 176.508869 919.480044 545.289357 389.457871 597.972284 
371.896896 168.526608 890.743902 174.912417 919.480044 545.289357 394.247228 601.165188 
371.896896 168.526608 890.743902 178.105322 917.883592 543.692905 397.440133 599.568736 
373.493348 170.123060 887.550998 176.508869 921.076497 545.289357 395.843681 601.165188 
375.089800 170.123060 890.743902 176.508869 917.883592 540.500000 400.633038 602.761641 
375.089800 168.526608 887.550998 174.912417 916.287140 540.500000 402.229490 599.568736 
378.282705 166.930155 887.550998 174.912417 917.883592 540.500000 402.229490 601.165188 
379.879157 170.123060 887.550998 176.508869 917.883592 537.307095 407.018847 601.165188 
379.879157 166.930155 887.550998 174.912417 917.883592 537.307095 410.211752 602.761641 
383.072062 168.526608 885.954545 174.912417 916.287140 534.114191 413.404656 601.165188 
384.668514 166.930155 885.954545 173.315965 917.883592 532.517738 416.597561 599.568736 
387.861419 166.930155 882.761641 173.315965 914.690687 530.921286 416.597561 597.972284 
389.457871 165.333703 885.954545 171.719512 916.287140 526.131929 421.386918 596.375831 
391.054324 163.737251 885.954545 170.123060 916.287140 524.535477 424.579823 594.779379 
394.247228 158.947894 887.550998 166.930155 917.883592 519.746120 427.772727 589.990022 
394.247228 157.351441 882.761641 165.333703 914.690687 519.746120 427.772727 589.990022 
395.413495 155.897924 884.358093 162.140798 914.690687 516.553215 427.772727 588.393570 
394.247228 155.754989 882.761641 162.140798 913.094235 514.956763 427.772727 588.393570 
391.054324 150.965632 879.568736 162.140798 909.901330 511.763858 427.772727 585.200665 
391.054324 150.965632 876.375831 158.947894 909.901330 511.763858 427.772727 585.200665 
386.264967 152.562084 871.586475 158.947894 905.111973 510.167406 422.983370 585.200665 
384.668514 150.965632 871.586475 162.140798 901.919069 511.763858 419.790466 583.604213 
379.879157 150.965632 868.393570 158.947894 898.726164 511.763858 416.597561 585.200665 
376.686253 154.158537 863.604213 158.947894 897.129712 513.360310 416.597561 588.393570 
373.493348 152.562084 860.411308 162.140798 893.936807 510.167406 411.808204 588.393570 
368.703991 152.562084 857.218404 162.140798 887.550998 513.360310 407.018847 588.393570 
365.511086 154.158537 854.025499 162.140798 885.954545 510.167406 402.229490 588.393570 
360.721729 152.562084 850.832594 162.140798 885.954545 511.763858 397.440133 589.990022 
354.335920 152.562084 847.639690 162.140798 882.761641 513.360310 391.054324 591.586475 
349.546563 154.158537 842.850333 162.140798 876.375831 513.360310 387.861419 591.586475 
343.160754 154.158537 839.657428 163.737251 873.182927 514.956763 379.879157 591.586475 
338.371397 155.754989 836.464523 165.333703 869.990022 516.553215 376.686253 596.375831 
335.178492 158.947894 834.868071 163.737251 863.604213 519.746120 368.703991 596.375831 
330.389135 157.351441 831.675166 168.526608 865.200665 519.746120 365.511086 596.375831 
324.003326 158.947894 828.482262 168.526608 858.814856 522.939024 362.318182 601.165188 
324.003326 158.947894 825.289357 168.526608 860.411308 524.535477 357.528825 597.972284 
320.810421 158.947894 823.692905 166.930155 858.814856 522.939024 357.528825 597.972284 
322.406874 157.351441 825.289357 166.930155 857.218404 524.535477 352.739468 599.568736 
317.617517 152.562084 828.482262 166.930155 860.411308 524.535477 352.739468 594.779379 
317.617517 154.158537 826.885809 165.333703 857.218404 524.535477 351.143016 593.182927 
319.213969 154.158537 830.078714 163.737251 858.814856 522.939024 351.143016 593.182927 
321.918685 150.915225 831.675166 163.737251 862.007761 522.939024 346.353659 589.990022 
320.810421 150.965632 831.675166 162.140798 865.200665 526.131929 349.546563 588.393570 
324.003326 150.965632 836.464523 162.140798 863.604213 522.939024 351.143016 588.393570 
324.003326 154.158537 834.868071 165.333703 865.200665 524.535477 351.143016 588.393570 
327.196231 150.965632 839.657428 165.333703 868.393570 524.535477 351.143016 585.200665 
327.196231 154.158537 842.850333 165.333703 869.990022 527.728381 354.335920 583.604213 
330.389135 152.562084 842.850333 163.737251 873.182927 524.535477 352.739468 583.604213 
331.985588 154.158537 846.043237 165.333703 873.182927 529.324834 352.739468 582.007761 
330.389135 155.754989 846.043237 166.930155 874.779379 529.324834 352.739468 582.007761 
331.985588 158.947894 842.850333 171.719512 871.586475 530.921286 349.546563 585.200665 
329.392734 165.863322 846.043237 176.508869 871.586475 537.307095 343.160754 585.200665 
330.638408 162.126298 846.043237 176.508869 871.586475 537.307095 343.160754 585.200665 
330.389135 166.930155 842.850333 181.298226 873.182927 545.289357 341.564302 588.393570 
327.196231 168.526608 841.253880 186.087583 865.200665 545.289357 338.371397 588.393570 
324.003326 173.315965 839.657428 186.087583 865.200665 548.482262 335.178492 593.182927 
324.003326 176.508869 839.657428 189.280488 865.200665 553.271619 335.178492 594.779379 
322.406874 181.298226 838.060976 192.473392 863.604213 554.868071 330.389135 594.779379 
324.003326 186.087583 838.060976 197.262749 865.200665 561.253880 328.792683 599.568736 
320.810421 189.280488 836.464523 203.648559 863.604213 566.043237 330.389135 602.761641 
320.810421 198.859202 834.868071 210.034368 862.007761 572.429047 327.196231 607.550998 
320.810421 203.648559 831.675166 213.227273 860.411308 572.429047 327.196231 609.147450 
320.810421 205.245011 834.868071 218.016630 862.007761 577.218404 324.003326 613.936807 
319.213969 210.034368 831.675166 219.613082 860.411308 580.411308 322.406874 615.533259 
319.213969 216.420177 831.675166 222.805987 862.007761 583.604213 324.003326 620.322616 
322.406874 219.613082 830.078714 225.998891 858.814856 589.990022 324.003326 621.919069 
320.810421 225.998891 831.675166 227.595344 860.411308 589.990022 327.196231 625.111973 
320.810421 227.595344 830.078714 229.191796 862.007761 588.393570 327.196231 625.111973 
322.406874 224.402439 830.078714 229.191796 862.007761 585.200665 327.196231 623.515521 
322.406874 225.998891 826.885809 227.595344 862.007761 583.604213 327.196231 625.111973 
322.406874 227.595344 828.482262 225.998891 862.007761 583.604213 328.792683 623.515521 
322.406874 225.998891 826.885809 224.402439 860.411308 582.007761 328.792683 621.919069 
320.810421 227.595344 823.692905 221.209534 857.218404 577.218404 330.389135 618.726164 
319.213969 225.998891 823.692905 219.613082 858.814856 575.621951 331.985588 617.129712 
320.810421 225.998891 820.500000 218.016630 857.218404 572.429047 331.985588 615.533259 
320.810421 224.402439 818.903548 216.420177 854.025499 566.043237 335.178492 607.550998 
322.406874 224.402439 818.903548 213.227273 852.429047 567.639690 335.178492 605.954545 
322.406874 221.209534 817.307095 213.227273 852.429047 558.060976 338.371397 601.165188 
324.003326 224.402439 818.903548 210.034368 852.429047 559.657428 339.967849 601.165188 
328.792683 221.209534 818.903548 210.034368 850.832594 556.464523 343.160754 597.972284 
333.582040 219.613082 818.903548 205.245011 852.429047 550.078714 346.353659 594.779379 
335.178492 221.209534 820.500000 205.245011 852.429047 548.482262 352.739468 589.990022 
338.371397 219.613082 820.500000 202.052106 849.236142 543.692905 354.335920 578.814856 
344.757206 218.016630 820.500000 200.455654 849.236142 537.307095 357.528825 575.621951 
346.353659 211.630820 820.500000 195.666297 849.236142 534.114191 363.914634 569.236142 
352.739468 205.245011 820.500000 189.280488 847.639690 522.939024 365.511086 558.060976 
354.335920 197.262749 823.692905 181.298226 849.236142 516.553215 371.896896 548.482262 
357.528825 190.876940 825.289357 176.508869 850.832594 506.974501 373.493348 540.500000 
360.721729 182.894678 826.885809 170.123060 849.236142 498.992239 375.089800 530.921286 
362.318182 174.912417 828.482262 162.140798 849.236142 492.606430 378.282705 522.939024 
363.914634 166.930155 826.885809 157.351441 847.639690 481.431264 378.282705 511.763858 
365.517301 162.126298 826.885809 150.965632 846.043237 481.431264 376.686253 503.781596 
363.914634 154.158537 826.885809 144.579823 842.850333 473.449002 379.879157 498.992239 
365.511086 147.772727 826.885809 139.790466 842.850333 467.063193 379.879157 489.413525 
365.511086 141.386918 830.078714 133.404656 846.043237 462.273836 376.686253 484.624169 
363.914634 136.597561 828.482262 130.211752 842.850333 460.677384 378.282705 479.834812 
362.318182 133.404656 826.885809 127.018847 839.657428 454.291574 376.686253 476.641907 
363.914634 133.404656 825.289357 127.018847 839.657428 454.291574 371.896896 476.641907 
360.721729 133.404656 823.692905 127.018847 834.868071 454.291574 373.493348 475.045455 
358.043253 129.738754 825.289357 123.825942 836.464523 454.291574 368.703991 475.045455 
354.335920 130.211752 823.692905 123.825942 836.464523 455.888027 367.107539 475.045455 
352.739468 130.211752 823.692905 123.825942 831.675166 457.484479 360.721729 478.238359 
346.353659 130.211752 823.692905 127.018847 831.675166 460.677384 357.528825 479.834812 
346.353659 130.211752 823.692905 127.018847 831.675166 460.677384 357.528825 479.834812 
346.353659 130.211752 823.692905 127.018847 831.675166 460.677384 357.528825 479.834812 
338.112457 130.984429 823.692905 127.018847 833.891003 471.053633 348.077855 489.738754 
333.582040 133.404656 828.482262 130.211752 838.060976 476.641907 344.757206 494.202882 
331.985588 133.404656 830.078714 130.211752 836.464523 479.834812 341.564302 497.395787 
327.196231 136.597561 831.675166 133.404656 841.253880 486.220621 335.178492 503.781596 
327.196231 133.404656 831.675166 133.404656 838.060976 489.413525 333.582040 506.974501 
322.406874 136.597561 834.868071 133.404656 842.850333 495.799335 333.582040 510.167406 
322.406874 136.597561 839.657428 136.597561 842.850333 502.185144 330.389135 514.956763 
322.406874 138.194013 842.850333 136.597561 846.043237 505.378049 330.389135 518.149667 
320.810421 136.597561 842.850333 136.597561 849.236142 508.570953 324.003326 522.939024 
319.213969 139.790466 847.639690 139.790466 849.236142 513.360310 324.003326 524.535477 
316.021064 141.386918 849.236142 141.386918 852.429047 518.149667 322.406874 529.324834 
316.021064 141.386918 852.429047 142.983370 854.025499 526.131929 322.406874 534.114191 
316.021064 142.983370 854.025499 146.176275 854.025499 527.728381 319.213969 537.307095 
312.828160 147.772727 857.218404 150.965632 854.025499 535.710643 317.617517 545.289357 
312.828160 150.965632 857.218404 154.158537 860.411308 540.500000 320.810421 548.482262 
316.021064 154.158537 860.411308 155.754989 857.218404 542.096452 320.810421 550.078714 
312.828160 154.158537 863.604213 157.351441 860.411308 546.885809 322.406874 553.271619 
317.617517 157.351441 868.393570 158.947894 863.604213 551.675166 320.810421 554.868071 
319.213969 162.140798 869.990022 162.140798 865.200665 551.675166 320.810421 559.657428 
320.810421 162.140798 873.182927 163.737251 869.990022 558.060976 327.196231 559.657428 
319.213969 162.140798 876.375831 166.930155 871.586475 561.253880 328.792683 564.446785 
324.003326 165.333703 879.568736 168.526608 876.375831 561.253880 330.389135 564.446785 
327.196231 166.930155 884.358093 171.719512 876.375831 566.043237 335.178492 569.236142 
330.389135 170.123060 887.550998 171.719512 882.761641 564.446785 338.371397 570.832594 
335.178492 170.123060 892.340355 171.719512 887.550998 567.639690 343.160754 570.832594 
339.967849 173.315965 897.129712 170.123060 887.550998 564.446785 346.353659 567.639690 
343.160754 168.526608 901.919069 168.526608 895.533259 564.446785 351.143016 567.639690 
346.353659 166.930155 906.708426 166.930155 898.726164 561.253880 357.528825 566.043237 
351.143016 165.333703 909.901330 163.737251 901.919069 561.253880 360.721729 566.043237 
351.143016 168.526608 909.901330 163.737251 905.111973 556.464523 365.511086 564.446785 
352.739468 166.930155 909.901330 163.737251 906.708426 556.464523 365.511086 566.043237 
355.932373 166.930155 914.690687 162.140798 908.304878 556.464523 368.703991 566.043237 
352.739468 166.930155 914.690687 158.947894 909.901330 556.464523 368.703991 566.043237 
354.335920 166.930155 917.883592 155.754989 914.690687 553.271619 373.493348 564.446785 
355.932373 163.737251 919.480044 152.562084 916.287140 551.675166 373.493348 564.446785 
355.932373 166.930155 921.076497 150.965632 916.287140 551.675166 373.493348 564.446785 
352.739468 162.140798 924.269401 146.176275 919.480044 546.885809 373.493348 561.253880 
351.143016 157.351441 924.269401 142.983370 919.480044 545.289357 378.282705 559.657428 
351.143016 155.754989 927.462306 139.790466 925.865854 542.096452 373.493348 559.657428 
349.546563 152.562084 927.462306 136.597561 927.462306 542.096452 376.686253 561.253880 
346.353659 154.158537 927.462306 133.404656 927.462306 543.692905 375.089800 561.253880 
346.353659 154.158537 927.462306 136.597561 927.462306 542.096452 375.089800 561.253880 
343.160754 158.947894 927.462306 136.597561 927.462306 545.289357 373.493348 566.043237 
341.564302 165.333703 927.462306 139.790466 927.462306 550.078714 371.896896 569.236142 
339.967849 166.930155 927.462306 142.983370 924.269401 553.271619 368.703991 574.025499 
335.178492 173.315965 925.865854 147.772727 921.076497 556.464523 368.703991 582.007761 
333.582040 178.105322 921.076497 152.562084 921.076497 564.446785 365.511086 588.393570 
330.389135 187.684035 914.690687 162.140798 916.287140 569.236142 363.914634 594.779379 
328.792683 197.262749 909.901330 170.123060 916.287140 575.621951 360.721729 602.761641 
327.196231 205.245011 908.304878 181.298226 913.094235 583.604213 357.528825 610.743902 
322.406874 216.420177 903.515521 189.280488 906.708426 591.586475 355.932373 620.322616 
317.617517 225.998891 898.726164 200.455654 905.111973 602.761641 352.739468 629.901330 
317.617517 237.174058 893.936807 210.034368 901.919069 610.743902 352.739468 641.076497 
316.021064 246.752772 892.340355 219.613082 898.726164 618.726164 346.353659 652.251663 
312.828160 257.927938 887.550998 229.191796 897.129712 631.497783 344.757206 663.426829 
309.635255 265.910200 884.358093 240.366962 892.340355 636.287140 339.967849 671.409091 
304.845898 272.296009 881.165188 243.559867 890.743902 645.865854 335.178492 677.794900 
301.652993 275.488914 876.375831 249.945676 887.550998 652.251663 333.582040 680.987805 
298.460089 281.874723 874.779379 254.735033 884.358093 652.251663 328.792683 687.373614 
298.460089 281.874723 871.586475 257.927938 884.358093 658.637472 324.003326 688.970067 
295.267184 283.471175 869.990022 257.927938 881.165188 658.637472 320.810421 690.566519 
295.267184 283.471175 868.393570 257.927938 879.568736 655.444568 320.810421 690.566519 
295.267184 283.471175 865.200665 257.927938 876.375831 655.444568 322.406874 688.970067 
295.267184 281.874723 860.411308 257.927938 873.182927 657.041020 322.406874 687.373614 
298.460089 281.874723 860.411308 257.927938 871.586475 652.251663 320.810421 682.584257 
301.652993 277.085366 858.814856 257.927938 871.586475 649.058758 324.003326 677.794900 
304.845898 273.892461 857.218404 253.138581 869.990022 642.672949 324.003326 671.409091 
309.635255 267.506652 854.025499 249.945676 868.393570 636.287140 330.389135 663.426829 
316.021064 264.313747 854.025499 246.752772 868.393570 629.901330 331.985588 655.444568 
320.810421 261.120843 854.025499 246.752772 865.200665 623.515521 338.371397 645.865854 
328.792683 257.927938 852.429047 241.963415 865.200665 613.936807 339.967849 637.883592 
333.582040 253.138581 850.832594 238.770510 865.200665 605.954545 346.353659 628.304878 
338.371397 249.945676 849.236142 237.174058 860.411308 596.375831 352.739468 618.726164 
344.757206 246.752772 846.043237 235.577605 857.218404 588.393570 357.528825 609.147450 
352.739468 245.156319 842.850333 230.788248 854.025499 582.007761 365.511086 599.568736 
357.528825 240.366962 842.850333 227.595344 852.429047 567.639690 368.703991 589.990022 
365.511086 240.366962 838.060976 224.402439 847.639690 561.253880 376.686253 580.411308 
373.493348 237.174058 838.060976 221.209534 849.236142 551.675166 383.072062 572.429047 
379.879157 230.788248 834.868071 219.613082 849.236142 543.692905 391.054324 564.446785 
386.264967 227.595344 836.464523 216.420177 842.850333 532.517738 397.440133 553.271619 
391.054324 222.805987 831.675166 213.227273 842.850333 527.728381 402.229490 545.289357 
395.843681 221.209534 831.675166 210.034368 839.657428 518.149667 407.018847 537.307095 
402.229490 221.209534 828.482262 210.034368 839.657428 514.956763 413.404656 530.921286 
407.018847 221.209534 820.500000 210.034368 831.675166 506.974501 416.597561 524.535477 
408.615299 222.805987 820.500000 211.630820 831.675166 502.185144 421.386918 519.746120 
413.404656 221.209534 817.307095 210.034368 831.675166 498.992239 422.983370 514.956763 
416.597561 222.805987 814.114191 210.034368 823.692905 494.202882 427.772727 511.763858 
416.597561 222.805987 812.517738 211.630820 820.500000 491.009978 430.965632 506.974501 
419.790466 222.805987 809.324834 211.630820 815.710643 487.817073 430.965632 503.781596 
422.983370 224.402439 804.535477 211.630820 814.114191 484.624169 430.965632 500.588692 
424.579823 222.805987 801.342572 213.227273 812.517738 481.431264 435.754989 497.395787 
427.772727 222.805987 798.149667 211.630820 809.324834 476.641907 438.947894 491.009978 
430.965632 222.805987 796.553215 213.227273 804.535477 475.045455 438.947894 489.413525 
432.562084 224.402439 793.360310 213.227273 802.939024 470.256098 438.947894 484.624169 
434.158537 224.402439 786.974501 213.227273 798.149667 465.466741 442.140798 479.834812 
435.754989 222.805987 786.974501 211.630820 794.956763 462.273836 442.140798 476.641907 
438.947894 221.209534 785.378049 210.034368 793.360310 459.080931 446.930155 471.852550 
438.947894 219.613082 782.185144 210.034368 790.167406 454.291574 446.930155 465.466741 
442.140798 216.420177 780.588692 210.034368 786.974501 449.502217 450.123060 459.080931 
443.737251 216.420177 775.799335 205.245011 785.378049 444.712860 450.123060 454.291574 
443.737251 214.823725 775.799335 205.245011 782.185144 439.923503 450.123060 451.098670 
445.333703 213.227273 774.202882 205.245011 780.588692 439.923503 453.315965 447.905765 
446.930155 211.630820 772.606430 205.245011 778.992239 435.134146 456.508869 443.116408 
450.123060 213.227273 769.413525 203.648559 775.799335 431.941242 458.105322 439.923503 
450.123060 214.823725 767.817073 205.245011 772.606430 430.344789 456.508869 438.327051 
450.123060 214.823725 761.431264 206.841463 767.817073 428.748337 458.105322 438.327051 
450.123060 216.420177 759.834812 206.841463 767.817073 427.151885 456.508869 435.134146 
450.123060 214.823725 759.834812 206.841463 764.624169 427.151885 458.105322 433.537694 
453.315965 216.420177 758.238359 206.841463 764.624169 423.958980 458.105322 433.537694 
454.912417 218.016630 758.238359 210.034368 761.431264 423.958980 458.105322 433.537694 
453.315965 216.420177 756.641907 210.034368 761.431264 423.958980 458.105322 433.537694 
454.912417 219.613082 753.449002 210.034368 758.238359 423.958980 461.298226 431.941242 
458.105322 221.209534 753.449002 213.227273 759.834812 425.555432 461.298226 433.537694 
458.105322 222.805987 751.852550 213.227273 758.238359 425.555432 464.491131 433.537694 
461.298226 225.998891 750.256098 214.823725 756.641907 425.555432 466.087583 433.537694 
461.298226 227.595344 750.256098 218.016630 758.238359 427.151885 467.684035 433.537694 
466.087583 227.595344 751.852550 221.209534 756.641907 423.958980 469.280488 433.537694 
466.087583 230.788248 750.256098 222.805987 756.641907 423.958980 472.473392 433.537694 
469.280488 233.981153 751.852550 222.805987 758.238359 427.151885 477.262749 433.537694 
472.473392 233.981153 753.449002 225.998891 759.834812 427.151885 477.262749 433.537694 
475.666297 233.981153 753.449002 225.998891 759.834812 427.151885 480.455654 435.134146 
478.859202 233.981153 753.449002 229.191796 761.431264 428.748337 483.648559 436.730599 
480.455654 238.770510 758.238359 229.191796 764.624169 427.151885 483.648559 435.134146 
483.648559 241.963415 759.834812 230.788248 764.624169 427.151885 488.437916 435.134146 
483.648559 240.366962 759.834812 230.788248 764.624169 427.151885 491.630820 435.134146 
488.437916 243.559867 759.834812 233.981153 767.817073 430.344789 491.630820 436.730599 
490.034368 243.559867 761.431264 235.577605 769.413525 428.748337 494.823725 438.327051 
494.823725 245.156319 763.027716 237.174058 769.413525 430.344789 498.016630 436.730599 
494.823725 246.752772 764.624169 238.770510 769.413525 430.344789 499.613082 438.327051 
496.420177 246.752772 764.624169 238.770510 771.009978 430.344789 501.209534 438.327051 
498.016630 249.945676 763.027716 241.963415 767.817073 430.344789 502.805987 439.923503 
501.209534 251.542129 764.624169 240.366962 767.817073 430.344789 502.805987 438.327051 
499.613082 249.945676 764.624169 241.963415 767.817073 431.941242 502.805987 438.327051 
501.209534 251.542129 763.027716 243.559867 767.817073 430.344789 505.998891 436.730599 
501.209534 253.138581 761.431264 243.559867 764.624169 428.748337 502.805987 436.730599 
501.209534 254.735033 758.238359 245.156319 763.027716 428.748337 502.805987 436.730599 
499.613082 253.138581 756.641907 246.752772 764.624169 428.748337 505.998891 435.134146 
499.613082 253.138581 753.449002 246.752772 764.624169 428.748337 502.805987 435.134146 
499.613082 253.138581 753.449002 246.752772 761.431264 427.151885 505.998891 435.134146 
499.613082 253.138581 753.449002 245.156319 758.238359 425.555432 502.805987 433.537694 
498.016630 253.138581 751.852550 245.156319 756.641907 425.555432 502.805987 433.537694 
498.016630 253.138581 751.852550 245.156319 753.449002 428.748337 501.209534 433.537694 
494.823725 254.735033 745.466741 248.349224 753.449002 427.151885 499.613082 433.537694 
494.823725 257.927938 748.659645 249.945676 751.852550 428.748337 499.613082 435.134146 
494.823725 257.927938 747.063193 249.945676 751.852550 428.748337 499.613082 436.730599 
494.823725 257.927938 745.466741 251.542129 748.659645 430.344789 498.016630 438.327051 
491.630820 259.524390 742.273836 253.138581 748.659645 431.941242 498.016630 438.327051 
491.630820 261.120843 742.273836 253.138581 748.659645 430.344789 494.823725 438.327051 
491.630820 259.524390 742.273836 254.735033 745.466741 431.941242 494.823725 438.327051 
491.630820 261.120843 739.080931 254.735033 742.273836 431.941242 494.823725 438.327051 
488.437916 262.717295 737.484479 253.138581 742.273836 435.134146 491.630820 439.923503 
486.841463 261.120843 737.484479 254.735033 742.273836 433.537694 490.034368 441.519956 
486.841463 264.313747 731.098670 257.927938 739.080931 435.134146 488.437916 441.519956 
483.648559 264.313747 734.291574 259.524390 739.080931 439.923503 486.841463 444.712860 
480.455654 265.910200 731.098670 261.120843 735.888027 439.923503 488.437916 446.309313 
480.455654 269.103104 731.098670 261.120843 737.484479 439.923503 483.648559 446.309313 
478.859202 267.506652 729.502217 261.120843 734.291574 439.923503 480.455654 447.905765 
477.262749 269.103104 727.905765 264.313747 734.291574 443.116408 480.455654 449.502217 
472.473392 270.699557 726.309313 264.313747 731.098670 443.116408 477.262749 451.098670 
472.473392 270.699557 726.309313 264.313747 731.098670 446.309313 475.666297 452.695122 
469.280488 272.296009 724.712860 265.910200 727.905765 446.309313 472.473392 454.291574 
466.087583 272.296009 719.923503 265.910200 727.905765 449.502217 469.280488 455.888027 
466.087583 273.892461 723.116408 265.910200 727.905765 451.098670 469.280488 457.484479 
461.298226 272.296009 719.923503 265.910200 726.309313 454.291574 466.087583 459.080931 
458.105322 273.892461 718.327051 265.910200 724.712860 451.098670 461.298226 457.484479 
454.912417 270.699557 716.730599 262.717295 723.116408 451.098670 458.105322 457.484479 
453.315965 269.103104 716.730599 262.717295 719.923503 452.695122 454.912417 459.080931 
446.930155 267.506652 713.537694 259.524390 716.730599 452.695122 450.123060 457.484479 
442.140798 264.313747 711.941242 259.524390 716.730599 449.502217 446.930155 455.888027 
438.947894 262.717295 707.151885 254.735033 713.537694 449.502217 442.140798 455.888027 
435.754989 262.717295 705.555432 254.735033 711.941242 451.098670 438.947894 455.888027 
430.965632 259.524390 702.362528 253.138581 707.151885 449.502217 434.158537 454.291574 
424.579823 257.927938 702.362528 251.542129 707.151885 446.309313 427.772727 455.888027 
421.386918 257.927938 695.976718 249.945676 705.555432 446.309313 424.579823 454.291574 
416.597561 253.138581 695.976718 246.752772 702.362528 446.309313 419.790466 452.695122 
411.808204 249.945676 695.976718 240.366962 700.766075 444.712860 413.404656 451.098670 
407.018847 243.559867 691.187361 237.174058 697.573171 444.712860 410.211752 449.502217 
402.229490 240.366962 691.187361 233.981153 695.976718 441.519956 405.422395 447.905765 
395.843681 235.577605 691.187361 229.191796 695.976718 438.327051 402.229490 446.309313 
395.843681 233.981153 691.187361 225.998891 695.976718 438.327051 397.440133 444.712860 
389.457871 230.788248 689.590909 222.805987 695.976718 438.327051 391.054324 446.309313 
386.264967 229.191796 691.187361 222.805987 694.380266 441.519956 391.054324 447.905765 
383.072062 227.595344 691.187361 221.209534 695.976718 441.519956 387.861419 449.502217 
379.879157 227.595344 691.187361 222.805987 697.573171 443.116408 384.668514 451.098670 
378.282705 227.595344 694.380266 222.805987 700.766075 447.905765 379.879157 454.291574 
375.089800 227.595344 695.976718 221.209534 702.362528 449.502217 379.879157 459.080931 
375.089800 230.788248 695.976718 225.998891 702.362528 457.484479 378.282705 465.466741 
371.896896 233.981153 700.766075 225.998891 705.555432 460.677384 373.493348 468.659645 
368.703991 235.577605 702.362528 227.595344 707.151885 467.063193 371.896896 473.449002 
365.511086 233.981153 702.362528 229.191796 708.748337 471.852550 368.703991 478.238359 
363.914634 238.770510 707.151885 229.191796 713.537694 475.045455 368.703991 483.027716 
362.318182 238.770510 708.748337 230.788248 713.537694 478.238359 365.511086 487.817073 
362.318182 235.577605 711.941242 230.788248 718.327051 483.027716 363.914634 489.413525 
358.043253 238.112457 713.537694 230.788248 719.923503 484.624169 360.721729 494.202882 
355.932373 237.174058 713.537694 230.788248 723.116408 487.817073 362.318182 495.799335 
354.335920 235.577605 719.923503 230.788248 726.309313 491.009978 355.932373 498.992239 
352.739468 233.981153 719.923503 229.191796 726.309313 494.202882 357.528825 502.185144 
354.306228 234.375433 723.116408 230.788248 731.098670 494.202882 355.932373 503.781596 
349.546563 233.981153 726.309313 227.595344 731.098670 498.992239 352.739468 505.378049 
348.077855 234.375433 729.502217 229.191796 734.291574 502.185144 351.143016 508.570953 
346.353659 233.981153 727.905765 229.191796 735.888027 503.781596 346.353659 511.763858 
344.757206 233.981153 731.098670 230.788248 737.484479 506.974501 343.160754 514.956763 
343.160754 233.981153 734.291574 227.595344 740.677384 510.167406 343.160754 518.149667 
338.371397 229.191796 735.888027 225.998891 742.273836 510.167406 339.967849 519.746120 
335.178492 229.191796 735.888027 225.998891 742.273836 516.553215 338.371397 519.746120 
333.582040 229.191796 740.677384 225.998891 742.273836 516.553215 330.389135 522.939024 
328.792683 230.788248 739.080931 225.998891 745.466741 522.939024 327.196231 526.131929 
324.003326 230.788248 735.888027 224.402439 742.273836 526.131929 322.406874 529.324834 
319.213969 230.788248 737.484479 227.595344 742.273836 527.728381 317.617517 534.114191 
316.021064 229.191796 737.484479 224.402439 745.466741 530.921286 312.828160 535.710643 
309.635255 227.595344 740.677384 225.998891 742.273836 535.710643 306.442350 540.500000 
313.198962 226.901384 740.677384 225.998891 742.273836 535.710643 306.442350 540.500000 

