629.118968 256.273710 758.503328 251.481697 765.691348 416.806156 632.712978 423.994176 
622.471831 257.138498 753.476526 252.330986 759.485915 419.392019 629.683099 425.401408 
620.068075 255.936620 749.870892 251.129108 753.476526 422.997653 623.673709 426.603286 
615.260563 254.734742 748.669014 251.129108 751.072770 424.199531 618.866197 425.401408 
611.654930 251.129108 743.861502 249.927230 746.265258 422.997653 612.856808 425.401408 
610.453052 247.523474 742.659624 245.119718 745.063380 420.593897 610.453052 422.997653 
609.251174 242.715962 741.457746 241.514085 742.659624 419.392019 608.049296 416.988263 
608.049296 231.899061 743.861502 231.899061 743.861502 412.180751 608.049296 412.180751 
611.654930 222.284038 747.467136 221.082160 745.063380 403.767606 608.049296 401.363850 
615.260563 210.265258 752.274648 207.861502 748.669014 394.152582 612.856808 392.950704 
620.068075 195.842723 758.284038 195.842723 753.476526 388.143192 616.462441 385.739437 
629.683099 185.025822 767.899061 186.227700 763.091549 373.720657 623.673709 372.518779 
640.500000 173.007042 779.917840 175.410798 775.110329 355.692488 632.086854 355.692488 
651.316901 154.978873 794.340376 157.382629 789.532864 340.068075 641.701878 341.269953 
665.739437 139.354460 809.964789 139.354460 803.955399 325.645540 654.922535 325.645540 
681.363850 123.730047 827.992958 126.133803 819.579812 313.626761 671.748826 311.223005 
698.190141 108.105634 844.819249 106.903756 838.809859 299.204225 689.776995 298.002347 
716.218310 88.875587 864.049296 90.077465 855.636150 285.983568 705.401408 284.781690 
731.842723 75.654930 880.875587 76.856808 873.664319 271.561033 718.622066 267.955399 
741.457746 61.232394 892.894366 62.434272 882.077465 260.744131 730.640845 257.138498 
748.669014 45.607981 900.105634 48.011737 890.490610 249.927230 737.852113 247.523474 
753.476526 34.791080 906.115023 35.992958 894.096244 240.312207 739.053991 235.504695 
745.063380 25.176056 901.307512 26.377934 890.490610 231.899061 735.448357 229.495305 
730.640845 16.762911 891.692488 19.166667 880.875587 229.495305 719.823944 223.485915 
707.805164 15.561033 874.866197 19.166667 862.847418 228.293427 698.190141 223.485915 
678.960094 11.955399 844.819249 13.157277 835.204225 227.091549 669.345070 223.485915 
629.683099 13.157277 815.974178 14.359155 808.762911 228.293427 621.269953 222.284038 
578.002347 16.762911 767.899061 15.561033 759.485915 228.293427 570.791080 224.687793 
516.706573 19.166667 706.603286 17.964789 698.190141 233.100939 515.504695 230.697183 
449.401408 22.772300 635.692488 22.772300 628.481221 236.706573 449.401408 233.100939 
391.711268 23.974178 573.194836 27.579812 568.387324 241.514085 385.701878 240.312207 
328.011737 32.387324 514.302817 29.983568 511.899061 248.725352 324.406103 247.523474 
282.340376 34.791080 451.805164 35.992958 455.410798 249.927230 282.340376 251.129108 
235.467136 38.396714 409.739437 37.194836 413.345070 258.340376 234.265258 258.340376 
194.603286 38.396714 377.288732 38.396714 380.894366 265.551643 198.208920 264.349765 
162.152582 43.204225 348.443662 39.598592 352.049296 267.955399 165.758216 272.762911 
133.307512 46.809859 322.002347 46.809859 324.406103 275.166667 138.115023 279.974178 
112.875587 54.021127 291.955399 49.213615 299.166667 278.772300 115.279343 287.185446 
88.838028 55.223005 272.725352 54.021127 277.532864 289.589202 93.645540 293.194836 
70.809859 60.030516 255.899061 56.424883 261.908451 295.598592 75.617371 299.204225 
52.781690 64.838028 240.274648 60.030516 245.082160 301.607981 57.589202 307.617371 
34.753521 69.645540 227.053991 63.636150 231.861502 307.617371 38.359155 313.626761 
22.734742 72.049296 211.429577 70.847418 215.035211 313.626761 21.532864 320.838028 
7.110329 76.856808 199.410798 75.654930 203.016432 323.241784 7.110329 326.847418 
0.000000 0.000000 0.000000 0.000000 0.000000 0.000000 0.000000 0.000000 
0.000000 0.000000 0.000000 0.000000 0.000000 0.000000 0.000000 0.000000 
0.000000 0.000000 0.000000 0.000000 0.000000 0.000000 0.000000 0.000000 
0.000000 0.000000 0.000000 0.000000 0.000000 0.000000 0.000000 0.000000 
0.000000 0.000000 0.000000 0.000000 0.000000 0.000000 0.000000 0.000000 
0.000000 0.000000 0.000000 0.000000 0.000000 0.000000 0.000000 0.000000 
0.000000 0.000000 0.000000 0.000000 0.000000 0.000000 0.000000 0.000000 
0.000000 0.000000 0.000000 0.000000 0.000000 0.000000 0.000000 0.000000 
0.000000 0.000000 0.000000 0.000000 0.000000 0.000000 0.000000 0.000000 
0.000000 0.000000 0.000000 0.000000 0.000000 0.000000 0.000000 0.000000 
0.000000 0.000000 0.000000 0.000000 0.000000 0.000000 0.000000 0.000000 
0.000000 0.000000 0.000000 0.000000 0.000000 0.000000 0.000000 0.000000 
0.000000 0.000000 0.000000 0.000000 0.000000 0.000000 0.000000 0.000000 
0.000000 0.000000 0.000000 0.000000 0.000000 0.000000 0.000000 0.000000 
0.000000 0.000000 0.000000 0.000000 0.000000 0.000000 0.000000 0.000000 
0.000000 0.000000 0.000000 0.000000 0.000000 0.000000 0.000000 0.000000 
0.000000 0.000000 0.000000 0.000000 0.000000 0.000000 0.000000 0.000000 
0.000000 0.000000 0.000000 0.000000 0.000000 0.000000 0.000000 0.000000 
0.000000 0.000000 0.000000 0.000000 0.000000 0.000000 0.000000 0.000000 
0.000000 0.000000 0.000000 0.000000 0.000000 0.000000 0.000000 0.000000 
0.000000 0.000000 0.000000 0.000000 0.000000 0.000000 0.000000 0.000000 
0.000000 0.000000 0.000000 0.000000 0.000000 0.000000 0.000000 0.000000 
0.000000 0.000000 0.000000 0.000000 0.000000 0.000000 0.000000 0.000000 
0.000000 0.000000 0.000000 0.000000 0.000000 0.000000 0.000000 0.000000 
0.000000 0.000000 0.000000 0.000000 0.000000 0.000000 0.000000 0.000000 
0.000000 0.000000 0.000000 0.000000 0.000000 0.000000 0.000000 0.000000 
0.000000 0.000000 0.000000 0.000000 0.000000 0.000000 0.000000 0.000000 
0.000000 0.000000 0.000000 0.000000 0.000000 0.000000 0.000000 0.000000 
0.000000 0.000000 0.000000 0.000000 0.000000 0.000000 0.000000 0.000000 
0.000000 0.000000 0.000000 0.000000 0.000000 0.000000 0.000000 0.000000 
0.000000 0.000000 0.000000 0.000000 0.000000 0.000000 0.000000 0.000000 
0.000000 0.000000 0.000000 0.000000 0.000000 0.000000 0.000000 0.000000 
0.000000 0.000000 0.000000 0.000000 0.000000 0.000000 0.000000 0.000000 
0.000000 0.000000 0.000000 0.000000 0.000000 0.000000 0.000000 0.000000 
0.000000 0.000000 0.000000 0.000000 0.000000 0.000000 0.000000 0.000000 
0.000000 0.000000 0.000000 0.000000 0.000000 0.000000 0.000000 0.000000 
0.000000 0.000000 0.000000 0.000000 0.000000 0.000000 0.000000 0.000000 
0.000000 0.000000 0.000000 0.000000 0.000000 0.000000 0.000000 0.000000 
0.000000 0.000000 0.000000 0.000000 0.000000 0.000000 0.000000 0.000000 
0.000000 0.000000 0.000000 0.000000 0.000000 0.000000 0.000000 0.000000 
0.000000 0.000000 0.000000 0.000000 0.000000 0.000000 0.000000 0.000000 
0.000000 0.000000 0.000000 0.000000 0.000000 0.000000 0.000000 0.000000 
0.000000 0.000000 0.000000 0.000000 0.000000 0.000000 0.000000 0.000000 
0.000000 0.000000 0.000000 0.000000 0.000000 0.000000 0.000000 0.000000 
0.000000 0.000000 0.000000 0.000000 0.000000 0.000000 0.000000 0.000000 
0.000000 0.000000 0.000000 0.000000 0.000000 0.000000 0.000000 0.000000 
0.000000 0.000000 0.000000 0.000000 0.000000 0.000000 0.000000 0.000000 
0.000000 0.000000 0.000000 0.000000 0.000000 0.000000 0.000000 0.000000 
10.522950 161.983167 296.196009 198.538488 237.132879 613.353961 -51.560985 559.320350 
32.003534 156.692396 318.532866 195.066860 258.078815 614.027495 -22.094265 558.561758 
56.387324 151.373239 346.039906 192.237089 284.744131 616.500000 8.312207 558.809859 
86.434272 148.969484 379.692488 185.025822 318.396714 611.692488 32.349765 552.800469 
117.683099 139.354460 409.739437 182.622066 344.838028 609.288732 72.011737 551.598592 
158.546948 133.345070 442.190141 174.208920 374.884977 606.884977 103.260563 544.387324 
187.392019 126.133803 477.044601 170.603286 409.739437 604.481221 133.307512 541.983568 
213.833333 120.124413 509.495305 159.786385 442.190141 608.086854 159.748826 537.176056 
240.274648 114.115023 534.734742 157.382629 466.227700 610.490610 186.190141 538.377934 
260.706573 111.711268 553.964789 153.776995 483.053991 614.096244 207.823944 540.781690 
275.129108 104.500000 573.194836 151.373239 503.485915 620.105634 221.044601 541.983568 
287.147887 102.096244 590.021127 151.373239 517.908451 628.518779 229.457746 547.992958 
294.359155 102.096244 603.241784 153.776995 526.321596 635.730047 233.063380 554.002347 
299.166667 102.096244 612.856808 154.978873 535.936620 642.941315 239.072770 555.204225 
300.368545 98.490610 618.866197 154.978873 537.138498 656.161972 237.870892 569.626761 
299.166667 98.490610 622.471831 158.584507 539.542254 672.988263 234.265258 579.241784 
291.955399 103.298122 626.077465 164.593897 539.542254 682.603286 229.457746 586.453052 
291.955399 104.500000 628.481221 166.997653 540.744131 693.420188 223.448357 592.462441 
290.753521 103.298122 632.086854 168.199531 540.744131 698.227700 223.448357 597.269953 
290.753521 99.692488 635.692488 166.997653 544.349765 709.044601 217.438967 604.481221 
285.946009 99.692488 640.500000 169.401408 547.955399 720.500000 218.640845 609.288732 
287.203084 99.465541 649.614176 171.192736 552.514307 726.961726 217.990932 615.894677 
292.136315 103.333928 654.499952 175.051732 557.333327 742.294735 220.813918 623.339037 
297.352843 108.686349 663.361636 179.684710 568.980562 750.197170 226.863377 632.702380 
301.352299 108.537102 681.705795 183.623067 582.774902 760.945814 237.375535 645.158527 
314.508711 111.167672 699.057979 187.340371 605.749206 772.621360 247.532851 655.011654 
327.859600 113.114511 720.268679 188.387951 625.105255 787.109694 261.971625 659.597122 
343.632962 116.404077 757.758786 191.364538 654.899645 793.825220 277.337381 671.467079 
362.728809 119.329667 779.781589 194.249328 683.516607 805.386105 301.578388 684.306385 
381.388024 119.218502 803.147123 192.839173 711.329016 818.732600 327.458320 695.345590 
400.494392 120.188615 826.203435 194.061655 738.177723 841.948267 346.578502 702.993704 
414.377734 120.860234 861.881596 191.852348 766.917459 897.471294 365.220733 712.072805 
0.000000 0.000000 0.000000 0.000000 0.000000 0.000000 0.000000 0.000000 
0.000000 0.000000 0.000000 0.000000 0.000000 0.000000 0.000000 0.000000 
0.000000 0.000000 0.000000 0.000000 0.000000 0.000000 0.000000 0.000000 
0.000000 0.000000 0.000000 0.000000 0.000000 0.000000 0.000000 0.000000 
0.000000 0.000000 0.000000 0.000000 0.000000 0.000000 0.000000 0.000000 
0.000000 0.000000 0.000000 0.000000 0.000000 0.000000 0.000000 0.000000 
0.000000 0.000000 0.000000 0.000000 0.000000 0.000000 0.000000 0.000000 
0.000000 0.000000 0.000000 0.000000 0.000000 0.000000 0.000000 0.000000 
0.000000 0.000000 0.000000 0.000000 0.000000 0.000000 0.000000 0.000000 
0.000000 0.000000 0.000000 0.000000 0.000000 0.000000 0.000000 0.000000 
0.000000 0.000000 0.000000 0.000000 0.000000 0.000000 0.000000 0.000000 
0.000000 0.000000 0.000000 0.000000 0.000000 0.000000 0.000000 0.000000 
0.000000 0.000000 0.000000 0.000000 0.000000 0.000000 0.000000 0.000000 
0.000000 0.000000 0.000000 0.000000 0.000000 0.000000 0.000000 0.000000 
0.000000 0.000000 0.000000 0.000000 0.000000 0.000000 0.000000 0.000000 
0.000000 0.000000 0.000000 0.000000 0.000000 0.000000 0.000000 0.000000 
0.000000 0.000000 0.000000 0.000000 0.000000 0.000000 0.000000 0.000000 
0.000000 0.000000 0.000000 0.000000 0.000000 0.000000 0.000000 0.000000 
0.000000 0.000000 0.000000 0.000000 0.000000 0.000000 0.000000 0.000000 
0.000000 0.000000 0.000000 0.000000 0.000000 0.000000 0.000000 0.000000 
0.000000 0.000000 0.000000 0.000000 0.000000 0.000000 0.000000 0.000000 
0.000000 0.000000 0.000000 0.000000 0.000000 0.000000 0.000000 0.000000 
0.000000 0.000000 0.000000 0.000000 0.000000 0.000000 0.000000 0.000000 
0.000000 0.000000 0.000000 0.000000 0.000000 0.000000 0.000000 0.000000 
0.000000 0.000000 0.000000 0.000000 0.000000 0.000000 0.000000 0.000000 
0.000000 0.000000 0.000000 0.000000 0.000000 0.000000 0.000000 0.000000 
0.000000 0.000000 0.000000 0.000000 0.000000 0.000000 0.000000 0.000000 
0.000000 0.000000 0.000000 0.000000 0.000000 0.000000 0.000000 0.000000 
0.000000 0.000000 0.000000 0.000000 0.000000 0.000000 0.000000 0.000000 
0.000000 0.000000 0.000000 0.000000 0.000000 0.000000 0.000000 0.000000 
0.000000 0.000000 0.000000 0.000000 0.000000 0.000000 0.000000 0.000000 
0.000000 0.000000 0.000000 0.000000 0.000000 0.000000 0.000000 0.000000 
0.000000 0.000000 0.000000 0.000000 0.000000 0.000000 0.000000 0.000000 
0.000000 0.000000 0.000000 0.000000 0.000000 0.000000 0.000000 0.000000 
0.000000 0.000000 0.000000 0.000000 0.000000 0.000000 0.000000 0.000000 
0.000000 0.000000 0.000000 0.000000 0.000000 0.000000 0.000000 0.000000 
0.000000 0.000000 0.000000 0.000000 0.000000 0.000000 0.000000 0.000000 
0.000000 0.000000 0.000000 0.000000 0.000000 0.000000 0.000000 0.000000 
0.000000 0.000000 0.000000 0.000000 0.000000 0.000000 0.000000 0.000000 
0.000000 0.000000 0.000000 0.000000 0.000000 0.000000 0.000000 0.000000 
0.000000 0.000000 0.000000 0.000000 0.000000 0.000000 0.000000 0.000000 
0.000000 0.000000 0.000000 0.000000 0.000000 0.000000 0.000000 0.000000 
0.000000 0.000000 0.000000 0.000000 0.000000 0.000000 0.000000 0.000000 
0.000000 0.000000 0.000000 0.000000 0.000000 0.000000 0.000000 0.000000 
0.000000 0.000000 0.000000 0.000000 0.000000 0.000000 0.000000 0.000000 
0.000000 0.000000 0.000000 0.000000 0.000000 0.000000 0.000000 0.000000 
365.235526 75.488826 888.598675 82.047261 870.931076 732.632919 380.187251 717.053750 
366.368586 71.974751 886.231981 78.314549 867.402470 729.227221 391.047402 709.727306 
373.170327 64.746525 885.254453 73.553868 865.032700 725.705415 386.067290 701.856515 
374.087220 64.808765 881.351627 72.232147 861.335317 721.511216 388.443227 692.557820 
379.692488 66.039906 873.664319 74.453052 855.636150 716.255869 391.711268 685.007042 
377.288732 68.443662 868.856808 76.856808 848.424883 709.044601 388.105634 682.603286 
378.490610 68.443662 862.847418 76.856808 843.617371 703.035211 386.903756 677.795775 
379.692488 70.847418 856.838028 76.856808 834.002347 699.429577 383.298122 672.988263 
377.288732 73.251174 846.021127 81.664319 829.194836 694.622066 383.298122 669.382629 
373.683099 73.251174 841.213615 80.462441 824.387324 688.612676 382.096244 663.373239 
374.884977 74.453052 835.204225 82.866197 818.377934 686.208920 379.692488 658.565728 
372.481221 74.453052 827.992958 85.269953 812.368545 681.401408 376.086854 657.363850 
370.077465 75.654930 820.781690 85.269953 803.955399 674.190141 376.086854 652.556338 
368.875587 75.654930 813.570423 84.068075 796.744131 664.575117 373.683099 641.739437 
367.673709 74.453052 806.359155 80.462441 789.532864 658.565728 371.279343 638.133803 
367.673709 74.453052 799.147887 80.462441 784.725352 648.950704 372.481221 627.316901 
368.875587 72.049296 793.138498 74.453052 778.715962 642.941315 372.481221 618.903756 
367.673709 69.645540 784.725352 74.453052 772.706573 632.124413 372.481221 612.894366 
367.673709 63.636150 783.523474 69.645540 769.100939 622.509390 372.481221 600.875587 
368.875587 63.636150 777.514085 66.039906 764.293427 610.490610 374.884977 592.462441 
373.683099 61.232394 771.504695 66.039906 760.687793 602.077465 373.683099 584.049296 
373.683099 66.039906 766.697183 68.443662 753.476526 596.068075 372.481221 578.039906 
373.683099 63.636150 760.687793 68.443662 747.467136 587.654930 376.086854 573.232394 
373.683099 68.443662 753.476526 69.645540 743.861502 584.049296 376.086854 573.232394 
372.481221 73.251174 749.870892 79.260563 739.053991 580.443662 376.086854 568.424883 
371.279343 81.664319 741.457746 82.866197 734.246479 581.645540 376.086854 569.626761 
371.279343 92.481221 734.246479 92.481221 730.640845 582.847418 374.884977 572.030516 
368.875587 99.692488 728.237089 99.692488 723.429577 582.847418 374.884977 575.636150 
370.077465 110.509390 722.227700 108.105634 719.823944 584.049296 373.683099 576.838028 
367.673709 121.326291 717.420188 116.518779 716.218310 590.058685 374.884977 581.645540 
370.077465 127.335681 711.410798 123.730047 711.410798 586.453052 376.086854 580.443662 
371.279343 135.748826 707.805164 130.941315 709.007042 586.453052 380.894366 581.645540 
374.884977 145.363850 706.603286 140.556338 706.603286 592.462441 384.500000 588.856808 
379.692488 151.373239 705.401408 148.969484 707.805164 596.068075 389.307512 588.856808 
385.701878 164.593897 705.401408 157.382629 707.805164 594.866197 395.316901 591.260563 
391.711268 170.603286 706.603286 165.795775 711.410798 598.471831 401.326291 596.068075 
401.326291 182.622066 710.208920 175.410798 716.218310 599.673709 412.143192 597.269953 
416.950704 186.227700 721.025822 181.420188 727.035211 602.077465 425.363850 596.068075 
431.373239 193.438967 731.842723 187.429577 739.053991 602.077465 443.392019 598.471831 
453.007042 199.448357 751.072770 191.035211 754.678404 597.269953 463.823944 591.260563 
478.246479 203.053991 771.504695 194.640845 775.110329 598.471831 485.457746 591.260563 
503.485915 207.861502 795.542254 198.246479 799.147887 592.462441 507.091549 585.251174 
531.129108 205.457746 825.589202 201.852113 827.992958 588.856808 532.330986 580.443662 
561.176056 206.659624 859.241784 201.852113 855.636150 584.049296 567.185446 575.636150 
596.030516 203.053991 891.692488 199.448357 891.692488 576.838028 598.434272 570.828638 
639.298122 200.650235 931.354460 198.246479 927.748826 568.424883 639.298122 556.406103 
689.776995 197.044601 966.208920 194.640845 957.795775 562.415493 681.363850 549.194836 
743.861502 192.237089 1010.678404 191.035211 999.861502 549.194836 730.640845 537.176056 
779.917840 188.631455 1056.349765 187.429577 1040.725352 539.579812 772.706573 525.157277 
836.406103 182.622066 1097.213615 182.622066 1082.791080 531.166667 815.974178 515.542254 
877.269953 176.612676 1150.096244 181.420188 1128.462441 525.157277 858.039906 507.129108 
931.354460 169.401408 1187.354460 175.410798 1171.730047 516.744131 909.720657 499.917840 
972.218310 168.199531 1231.823944 171.805164 1207.786385 508.330986 952.988263 489.100939 
1022.697183 163.392019 1276.293427 170.603286 1243.842723 503.523474 993.852113 483.091549 
1053.628836 163.287368 1302.554980 172.861450 1270.776181 501.242372 1028.901075 477.879436 
0.000000 0.000000 0.000000 0.000000 0.000000 0.000000 0.000000 0.000000 
0.000000 0.000000 0.000000 0.000000 0.000000 0.000000 0.000000 0.000000 
0.000000 0.000000 0.000000 0.000000 0.000000 0.000000 0.000000 0.000000 
0.000000 0.000000 0.000000 0.000000 0.000000 0.000000 0.000000 0.000000 
0.000000 0.000000 0.000000 0.000000 0.000000 0.000000 0.000000 0.000000 
0.000000 0.000000 0.000000 0.000000 0.000000 0.000000 0.000000 0.000000 
0.000000 0.000000 0.000000 0.000000 0.000000 0.000000 0.000000 0.000000 
0.000000 0.000000 0.000000 0.000000 0.000000 0.000000 0.000000 0.000000 
0.000000 0.000000 0.000000 0.000000 0.000000 0.000000 0.000000 0.000000 
0.000000 0.000000 0.000000 0.000000 0.000000 0.000000 0.000000 0.000000 
0.000000 0.000000 0.000000 0.000000 0.000000 0.000000 0.000000 0.000000 
0.000000 0.000000 0.000000 0.000000 0.000000 0.000000 0.000000 0.000000 
0.000000 0.000000 0.000000 0.000000 0.000000 0.000000 0.000000 0.000000 
0.000000 0.000000 0.000000 0.000000 0.000000 0.000000 0.000000 0.000000 
0.000000 0.000000 0.000000 0.000000 0.000000 0.000000 0.000000 0.000000 
0.000000 0.000000 0.000000 0.000000 0.000000 0.000000 0.000000 0.000000 
0.000000 0.000000 0.000000 0.000000 0.000000 0.000000 0.000000 0.000000 
0.000000 0.000000 0.000000 0.000000 0.000000 0.000000 0.000000 0.000000 
0.000000 0.000000 0.000000 0.000000 0.000000 0.000000 0.000000 0.000000 
0.000000 0.000000 0.000000 0.000000 0.000000 0.000000 0.000000 0.000000 
0.000000 0.000000 0.000000 0.000000 0.000000 0.000000 0.000000 0.000000 
1117.575528 15.663930 1300.015739 32.249404 1274.254403 315.624101 1059.772948 281.030318 
1090.296998 -6.612029 1306.952653 21.525069 1238.028510 297.221640 1030.384258 260.142310 
1046.734742 1.138498 1269.082160 25.176056 1204.180751 295.598592 986.640845 259.542254 
995.053991 26.377934 1202.978873 50.415493 1146.490610 311.223005 944.575117 281.176056 
950.584507 85.269953 1130.866197 108.105634 1082.791080 361.701878 892.894366 334.058685 
896.500000 162.190141 1086.396714 187.429577 1025.100939 454.246479 840.011737 425.401408 
842.415493 261.946009 1025.100939 289.589202 978.227700 544.387324 794.340376 513.138498 
795.542254 364.105634 974.622066 390.546948 934.960094 622.509390 759.485915 597.269953 
754.678404 454.246479 924.143192 475.880282 891.692488 713.852113 713.814554 688.612676 
0.000000 0.000000 0.000000 0.000000 0.000000 0.000000 0.000000 0.000000 
0.000000 0.000000 0.000000 0.000000 0.000000 0.000000 0.000000 0.000000 
0.000000 0.000000 0.000000 0.000000 0.000000 0.000000 0.000000 0.000000 
0.000000 0.000000 0.000000 0.000000 0.000000 0.000000 0.000000 0.000000 
0.000000 0.000000 0.000000 0.000000 0.000000 0.000000 0.000000 0.000000 
0.000000 0.000000 0.000000 0.000000 0.000000 0.000000 0.000000 0.000000 
0.000000 0.000000 0.000000 0.000000 0.000000 0.000000 0.000000 0.000000 
571.992958 429.007042 739.053991 441.025822 717.420188 700.631455 545.551643 691.016432 
575.598592 350.884977 745.063380 361.701878 721.025822 606.884977 553.964789 591.260563 
585.213615 251.129108 751.072770 261.946009 729.438967 501.119718 562.377934 487.899061 
588.819249 175.410798 757.082160 188.631455 735.448357 422.997653 568.387324 408.575117 
594.828638 93.683099 763.091549 103.298122 739.053991 359.298122 570.791080 343.673709 
600.838028 33.589202 767.899061 42.002347 742.659624 281.176056 576.800469 267.955399 
0.000000 0.000000 0.000000 0.000000 0.000000 0.000000 0.000000 0.000000 
0.000000 0.000000 0.000000 0.000000 0.000000 0.000000 0.000000 0.000000 
0.000000 0.000000 0.000000 0.000000 0.000000 0.000000 0.000000 0.000000 
0.000000 0.000000 0.000000 0.000000 0.000000 0.000000 0.000000 0.000000 
0.000000 0.000000 0.000000 0.000000 0.000000 0.000000 0.000000 0.000000 
0.000000 0.000000 0.000000 0.000000 0.000000 0.000000 0.000000 0.000000 
578.002347 7.147887 740.255869 15.561033 717.420188 239.110329 557.570423 231.899061 
567.185446 39.598592 728.237089 48.011737 709.007042 271.561033 552.762911 258.340376 
563.579812 76.856808 722.227700 86.471831 700.593897 305.213615 544.349765 290.791080 
552.762911 115.316901 712.612676 124.931925 694.584507 338.866197 535.936620 329.251174 
547.955399 157.382629 705.401408 164.593897 687.373239 376.124413 529.927230 365.307512 
540.744131 191.035211 694.584507 201.852113 680.161972 409.776995 522.715962 400.161972 
531.129108 227.091549 687.373239 231.899061 669.345070 447.035211 513.100939 441.025822 
520.312207 260.744131 672.950704 265.551643 659.730047 472.274648 503.485915 465.063380 
504.687793 289.589202 657.326291 295.598592 644.105634 504.725352 484.255869 499.917840 
485.457746 317.232394 640.500000 320.838028 626.077465 523.955399 463.823944 520.349765 
461.420188 338.866197 616.462441 341.269953 600.838028 549.194836 438.584507 543.185446 
430.171362 349.683099 587.617371 355.692488 573.194836 562.415493 412.143192 556.406103 
397.720657 359.298122 557.570423 364.105634 544.349765 570.828638 378.490610 564.819249 
362.866197 361.701878 521.514085 368.913146 508.293427 575.636150 342.434272 569.626761 
323.204225 365.307512 486.659624 370.115023 478.246479 576.838028 309.983568 572.030516 
290.753521 364.105634 455.410798 368.913146 440.988263 576.838028 277.532864 570.828638 
254.697183 362.903756 419.354460 367.711268 407.335681 575.636150 239.072770 568.424883 
228.255869 360.500000 386.903756 361.701878 378.490610 572.030516 216.237089 566.021127 
198.208920 354.490610 364.068075 355.692488 356.856808 564.819249 187.392019 560.011737 
176.575117 344.875587 340.030516 350.884977 335.223005 558.809859 165.758216 556.406103 
156.143192 337.664319 324.406103 342.471831 314.791080 551.598592 146.528169 550.396714 
141.720657 329.251174 306.377934 330.453052 296.762911 541.983568 132.105634 541.983568 
124.894366 318.434272 288.349765 319.636150 283.542254 529.964789 118.884977 531.166667 
111.673709 308.819249 275.129108 308.819249 270.321596 516.744131 106.866197 519.147887 
103.260563 295.598592 263.110329 295.598592 259.504695 504.725352 97.251174 507.129108 
96.049296 283.579812 254.697183 283.579812 253.495305 491.504695 91.241784 493.908451 
88.838028 265.551643 245.082160 266.753521 243.880282 479.485915 87.636150 484.293427 
82.828638 252.330986 240.274648 251.129108 235.467136 462.659624 80.424883 467.467136 
73.213615 240.312207 230.659624 239.110329 230.659624 449.438967 73.213615 454.246479 
66.002347 230.697183 224.650235 230.697183 224.650235 439.823944 69.607981 442.227700 
62.396714 219.880282 218.640845 217.476526 221.044601 425.401408 62.396714 426.603286 
53.983568 216.274648 212.631455 211.467136 212.631455 414.584507 56.387324 419.392019 
45.570423 211.467136 205.420188 206.659624 204.218310 408.575117 47.974178 415.786385 
37.157277 210.265258 194.603286 204.255869 198.208920 406.171362 39.561033 412.180751 
28.744131 209.063380 183.786385 203.053991 187.392019 403.767606 28.744131 410.978873 
15.523474 207.861502 172.969484 199.448357 176.575117 402.565728 19.129108 408.575117 
1.100939 207.861502 163.354460 200.650235 168.161972 401.363850 5.908451 409.776995 
0.000000 0.000000 0.000000 0.000000 0.000000 0.000000 0.000000 0.000000 
0.000000 0.000000 0.000000 0.000000 0.000000 0.000000 0.000000 0.000000 
0.000000 0.000000 0.000000 0.000000 0.000000 0.000000 0.000000 0.000000 
0.000000 0.000000 0.000000 0.000000 0.000000 0.000000 0.000000 0.000000 
0.000000 0.000000 0.000000 0.000000 0.000000 0.000000 0.000000 0.000000 
0.000000 0.000000 0.000000 0.000000 0.000000 0.000000 0.000000 0.000000 
0.000000 0.000000 0.000000 0.000000 0.000000 0.000000 0.000000 0.000000 
0.000000 0.000000 0.000000 0.000000 0.000000 0.000000 0.000000 0.000000 
0.000000 0.000000 0.000000 0.000000 0.000000 0.000000 0.000000 0.000000 
0.000000 0.000000 0.000000 0.000000 0.000000 0.000000 0.000000 0.000000 
0.000000 0.000000 0.000000 0.000000 0.000000 0.000000 0.000000 0.000000 
0.000000 0.000000 0.000000 0.000000 0.000000 0.000000 0.000000 0.000000 
0.000000 0.000000 0.000000 0.000000 0.000000 0.000000 0.000000 0.000000 
0.000000 0.000000 0.000000 0.000000 0.000000 0.000000 0.000000 0.000000 
0.000000 0.000000 0.000000 0.000000 0.000000 0.000000 0.000000 0.000000 
0.000000 0.000000 0.000000 0.000000 0.000000 0.000000 0.000000 0.000000 
0.500000 217.476526 157.345070 207.861502 171.767606 401.363850 11.917840 413.382629 
14.321596 216.274648 169.363850 205.457746 183.786385 401.363850 22.734742 413.382629 
22.734742 216.274648 181.382629 205.457746 195.805164 397.758216 38.359155 413.382629 
37.157277 215.072770 193.401408 203.053991 207.823944 395.354460 50.377934 410.978873 
49.176056 212.669014 205.420188 199.448357 219.842723 394.152582 62.396714 407.373239 
62.396714 210.265258 216.237089 198.246479 231.861502 389.345070 75.617371 404.969484 
73.213615 207.861502 227.053991 193.438967 245.082160 386.941315 88.838028 401.363850 
85.232394 203.053991 236.669014 191.035211 255.899061 383.335681 99.654930 397.758216 
96.049296 201.852113 246.284038 187.429577 265.514085 378.528169 112.875587 392.950704 
108.068075 194.640845 259.504695 181.420188 275.129108 372.518779 122.490610 388.143192 
115.279343 191.035211 267.917840 179.016432 284.744131 371.316901 134.509390 383.335681 
127.298122 186.227700 277.532864 175.410798 294.359155 365.307512 144.124413 378.528169 
138.115023 183.823944 288.349765 170.603286 305.176056 359.298122 152.537559 374.922535 
150.133803 180.218310 299.166667 166.997653 315.992958 354.490610 163.354460 368.913146 
163.354460 170.603286 309.983568 160.988263 324.406103 350.884977 176.575117 365.307512 
170.565728 166.997653 317.194836 156.180751 334.021127 346.077465 182.584507 358.096244 
178.978873 160.988263 331.617371 150.171362 343.636150 340.068075 193.401408 353.288732 
187.392019 158.584507 337.626761 147.767606 352.049296 338.866197 201.814554 348.481221 
197.007042 151.373239 346.039906 142.960094 360.462441 330.453052 209.025822 344.875587 
206.622066 146.565728 356.856808 139.354460 368.875587 328.049296 219.842723 338.866197 
212.631455 141.758216 362.866197 133.345070 377.288732 323.241784 227.053991 336.462441 
222.246479 135.748826 372.481221 129.739437 386.903756 320.838028 236.669014 331.654930 
233.063380 129.739437 382.096244 121.326291 395.316901 314.828638 243.880282 326.847418 
241.476526 126.133803 390.509390 121.326291 403.730047 313.626761 251.091549 323.241784 
247.485915 122.528169 398.922535 117.720657 409.739437 312.424883 260.706573 318.434272 
255.899061 123.730047 408.537559 115.316901 416.950704 308.819249 266.715962 317.232394 
266.715962 118.922535 414.546948 112.913146 425.363850 308.819249 275.129108 314.828638 
272.725352 117.720657 424.161972 111.711268 432.575117 305.213615 281.138498 314.828638 
279.936620 116.518779 431.373239 110.509390 439.786385 305.213615 289.551643 312.424883 
288.349765 115.316901 438.584507 110.509390 446.997653 304.011737 296.762911 312.424883 
291.955399 115.316901 446.997653 109.307512 457.814554 305.213615 303.974178 312.424883 
302.772300 115.316901 455.410798 109.307512 465.025822 307.617371 309.983568 313.626761 
311.185446 114.115023 463.823944 110.509390 471.035211 312.424883 319.598592 316.030516 
318.396714 115.316901 475.842723 112.913146 481.852113 313.626761 325.607981 319.636150 
328.011737 123.730047 487.861502 117.720657 493.870892 323.241784 337.626761 324.443662 
340.030516 129.739437 498.678404 127.335681 504.687793 330.453052 347.241784 334.058685 
355.654930 135.748826 510.697183 133.345070 519.110329 336.462441 362.866197 340.068075 
366.471831 142.960094 523.917840 139.354460 527.523474 346.077465 370.077465 349.683099 
379.692488 150.171362 534.734742 148.969484 539.542254 356.894366 382.096244 358.096244 
385.701878 157.382629 546.753521 154.978873 550.359155 365.307512 389.307512 365.307512 
395.316901 163.392019 556.368545 162.190141 557.570423 372.518779 394.115023 373.720657 
401.326291 168.199531 564.781690 169.401408 563.579812 383.335681 402.528169 383.335681 
407.335681 175.410798 570.791080 174.208920 571.992958 389.345070 407.335681 388.143192 
414.546948 181.420188 576.800469 177.814554 575.598592 397.758216 414.546948 397.758216 
419.354460 187.429577 580.406103 183.823944 581.607981 401.363850 418.152582 401.363850 
420.556338 191.035211 586.415493 189.833333 585.213615 408.575117 419.354460 409.776995 
424.161972 193.438967 593.626761 194.640845 592.424883 413.382629 425.363850 412.180751 
427.767606 195.842723 596.030516 195.842723 596.030516 416.988263 427.767606 416.988263 
431.373239 194.640845 600.838028 194.640845 600.838028 418.190141 432.575117 419.392019 
434.978873 195.842723 604.443662 194.640845 605.645540 419.392019 434.978873 419.392019 
438.584507 194.640845 610.453052 194.640845 610.453052 420.593897 438.584507 419.392019 
443.392019 193.438967 614.058685 192.237089 614.058685 419.392019 439.786385 420.593897 
444.593897 193.438967 618.866197 191.035211 618.866197 419.392019 443.392019 420.593897 
446.997653 189.833333 622.471831 188.631455 623.673709 422.997653 445.795775 422.997653 
446.997653 186.227700 628.481221 187.429577 626.077465 422.997653 448.199531 425.401408 
448.199531 187.429577 632.086854 186.227700 629.683099 425.401408 450.603286 426.603286 
451.805164 185.025822 636.894366 183.823944 634.490610 426.603286 451.805164 425.401408 
451.805164 185.025822 639.298122 185.025822 639.298122 427.805164 453.007042 430.208920 
454.208920 185.025822 640.500000 183.823944 640.500000 431.410798 455.410798 433.814554 
455.410798 187.429577 641.701878 185.025822 641.701878 435.016432 453.007042 436.218310 
453.007042 186.227700 641.701878 185.025822 642.903756 439.823944 453.007042 443.429577 
450.603286 187.429577 645.307512 186.227700 645.307512 442.227700 450.603286 443.429577 
449.401408 186.227700 645.307512 185.025822 646.509390 444.631455 450.603286 444.631455 
449.401408 185.025822 647.711268 182.622066 647.711268 444.631455 450.603286 444.631455 
446.997653 181.420188 648.913146 181.420188 650.115023 447.035211 450.603286 447.035211 
446.997653 179.016432 650.115023 179.016432 651.316901 448.237089 446.997653 448.237089 
444.593897 174.208920 650.115023 174.208920 652.518779 445.833333 445.795775 445.833333 
443.392019 171.805164 648.913146 170.603286 651.316901 443.429577 443.392019 444.631455 
438.584507 166.997653 650.115023 168.199531 651.316901 443.429577 442.190141 444.631455 
438.584507 163.392019 651.316901 163.392019 650.115023 444.631455 438.584507 443.429577 
438.584507 160.988263 651.316901 159.786385 652.518779 443.429577 437.382629 444.631455 
431.373239 157.382629 651.316901 156.180751 651.316901 445.833333 434.978873 447.035211 
430.171362 154.978873 651.316901 152.575117 651.316901 444.631455 432.575117 445.833333 
428.969484 152.575117 651.316901 150.171362 651.316901 447.035211 430.171362 447.035211 
428.969484 150.171362 654.922535 147.767606 654.922535 447.035211 432.575117 447.035211 
433.776995 146.565728 658.528169 145.363850 657.326291 445.833333 431.373239 445.833333 
431.373239 145.363850 663.335681 142.960094 662.133803 449.438967 433.776995 449.438967 
433.776995 142.960094 666.941315 142.960094 666.941315 453.044601 434.978873 450.640845 
438.584507 144.161972 675.354460 144.161972 674.152582 457.852113 438.584507 455.448357 
443.392019 145.363850 681.363850 142.960094 680.161972 465.063380 443.392019 465.063380 
446.997653 147.767606 687.373239 148.969484 687.373239 473.476526 443.392019 468.669014 
454.208920 153.776995 696.988263 154.978873 693.382629 483.091549 449.401408 478.284038 
455.410798 158.584507 704.199531 159.786385 701.795775 491.504695 455.410798 489.100939 
461.420188 164.593897 713.814554 165.795775 713.814554 502.321596 457.814554 497.514085 
467.429577 170.603286 727.035211 171.805164 721.025822 510.734742 465.025822 504.725352 
479.448357 171.805164 736.650235 173.007042 733.044601 517.946009 475.842723 513.138498 
487.861502 174.208920 753.476526 173.007042 747.467136 526.359155 485.457746 519.147887 
497.476526 174.208920 764.293427 174.208920 759.485915 529.964789 491.467136 525.157277 
505.889671 173.007042 777.514085 171.805164 771.504695 534.772300 503.485915 528.762911 
515.504695 171.805164 788.330986 169.401408 783.523474 534.772300 510.697183 528.762911 
525.119718 165.795775 801.551643 168.199531 793.138498 531.166667 520.312207 529.964789 
533.532864 159.786385 813.570423 158.584507 807.561033 532.368545 527.523474 525.157277 
538.340376 142.960094 821.983568 142.960094 817.176056 526.359155 537.138498 520.349765 
543.147887 132.143192 832.800469 132.143192 826.791080 521.551643 540.744131 514.340376 
541.946009 122.528169 838.809859 120.124413 830.396714 514.340376 538.340376 510.734742 
537.138498 109.307512 836.406103 110.509390 831.598592 511.936620 534.734742 505.927230 
532.330986 103.298122 832.800469 103.298122 827.992958 504.725352 528.725352 501.119718 
511.899061 96.086854 829.194836 96.086854 819.579812 498.715962 515.504695 496.312207 
498.678404 88.875587 811.166667 90.077465 808.762911 499.917840 501.082160 495.110329 
479.448357 78.058685 797.946009 81.664319 795.542254 498.715962 484.255869 491.504695 
466.227700 68.443662 782.321596 69.645540 779.917840 492.706573 466.227700 485.495305 
451.805164 49.213615 773.908451 55.223005 764.293427 479.485915 454.208920 472.274648 
442.190141 31.185446 764.293427 39.598592 757.082160 467.467136 438.584507 459.053991 
430.171362 11.955399 757.082160 22.772300 745.063380 454.246479 424.161972 447.035211 
420.556338 1.138498 748.669014 11.955399 736.650235 445.833333 414.546948 435.016432 
407.489966 -0.367356 745.505275 3.706936 730.764506 439.229658 399.905502 428.154880 
406.208699 -4.735740 744.199897 4.084263 729.995783 435.372825 400.046764 426.022043 
0.000000 0.000000 0.000000 0.000000 0.000000 0.000000 0.000000 0.000000 
0.000000 0.000000 0.000000 0.000000 0.000000 0.000000 0.000000 0.000000 
0.000000 0.000000 0.000000 0.000000 0.000000 0.000000 0.000000 0.000000 
0.000000 0.000000 0.000000 0.000000 0.000000 0.000000 0.000000 0.000000 
0.000000 0.000000 0.000000 0.000000 0.000000 0.000000 0.000000 0.000000 
0.000000 0.000000 0.000000 0.000000 0.000000 0.000000 0.000000 0.000000 
0.000000 0.000000 0.000000 0.000000 0.000000 0.000000 0.000000 0.000000 
0.000000 0.000000 0.000000 0.000000 0.000000 0.000000 0.000000 0.000000 
0.000000 0.000000 0.000000 0.000000 0.000000 0.000000 0.000000 0.000000 
487.951167 -5.458570 844.216630 2.683691 825.884263 470.159031 484.935997 458.877655 
492.158904 -2.581792 855.113702 6.504611 839.057560 476.146769 484.023174 465.222634 
498.862419 0.485094 863.342014 8.657282 846.624209 485.757727 491.268745 473.824148 
507.091549 2.340376 872.462441 13.157277 852.030516 489.100939 496.274648 478.284038 
510.697183 5.946009 878.471831 15.561033 855.636150 496.312207 501.082160 484.293427 
515.504695 8.349765 883.279343 21.570423 861.645540 502.321596 505.889671 486.697183 
520.312207 13.157277 892.894366 23.974178 867.654930 508.330986 507.091549 493.908451 
523.917840 11.955399 896.500000 26.377934 872.462441 514.340376 509.495305 498.715962 
527.523474 16.762911 903.711268 28.781690 876.068075 519.147887 513.100939 503.523474 
531.129108 13.157277 908.518779 28.781690 882.077465 526.359155 515.504695 507.129108 
533.532864 16.762911 915.730047 31.185446 889.288732 531.166667 517.908451 513.138498 
539.542254 17.964789 925.345070 33.589202 896.500000 534.772300 522.715962 519.147887 
544.349765 19.166667 933.758216 34.791080 904.913146 540.781690 527.523474 521.551643 
552.762911 20.368545 944.575117 37.194836 914.528169 544.387324 533.532864 523.955399 
563.579812 22.772300 956.593897 38.396714 925.345070 547.992958 544.349765 527.561033 
573.194836 23.974178 972.218310 38.396714 938.565728 550.396714 556.368545 529.964789 
582.809859 23.974178 985.438967 38.396714 952.988263 555.204225 565.983568 532.368545 
597.232394 26.377934 998.659624 39.598592 962.603286 557.607981 578.002347 534.772300 
610.453052 25.176056 1013.082160 39.598592 975.823944 564.819249 585.213615 537.176056 
620.068075 25.176056 1022.697183 42.002347 986.640845 569.626761 591.223005 543.185446 
626.077465 23.974178 1037.119718 40.800469 996.255869 573.232394 599.636150 545.589202 
630.884977 25.176056 1039.523474 44.406103 1002.265258 576.838028 605.645540 550.396714 
635.692488 26.377934 1049.138498 45.607981 1009.476526 585.251174 606.847418 557.607981 
636.894366 28.781690 1052.744131 49.213615 1013.082160 592.462441 610.453052 562.415493 
639.298122 33.589202 1056.349765 54.021127 1015.485915 597.269953 610.453052 567.223005 
638.096244 39.598592 1057.551643 55.223005 1015.485915 603.279343 611.654930 575.636150 
636.894366 43.204225 1058.753521 61.232394 1016.687793 611.692488 610.453052 582.847418 
635.692488 46.809859 1057.551643 64.838028 1016.687793 618.903756 604.443662 590.058685 
632.086854 51.617371 1056.349765 70.847418 1014.284038 624.913146 602.039906 597.269953 
629.683099 57.626761 1055.147887 78.058685 1010.678404 634.528169 598.434272 603.279343 
626.077465 62.434272 1053.946009 82.866197 1009.476526 641.739437 596.030516 610.490610 
623.673709 69.645540 1052.744131 90.077465 1008.274648 652.556338 592.424883 617.701878 
618.866197 74.453052 1050.340376 96.086854 1004.669014 659.767606 587.617371 624.913146 
616.462441 76.856808 1050.340376 99.692488 1003.467136 662.171362 586.415493 627.316901 
616.462441 75.654930 1050.340376 102.096244 1005.870892 668.180751 582.809859 633.326291 
615.260563 76.856808 1051.542254 99.692488 1004.669014 669.382629 581.607981 634.528169 
614.058685 72.049296 1055.147887 98.490610 1005.870892 668.180751 581.607981 634.528169 
617.664319 68.443662 1058.753521 91.279343 1009.476526 669.382629 580.406103 630.922535 
620.068075 57.626761 1063.561033 82.866197 1011.880282 663.373239 582.809859 623.711268 
622.471831 49.213615 1069.570423 75.654930 1015.485915 659.767606 584.011737 617.701878 
623.673709 34.791080 1074.377934 62.434272 1019.091549 652.556338 586.415493 612.894366 
626.077465 28.781690 1079.185446 52.819249 1021.495305 647.748826 587.617371 608.086854 
630.884977 13.157277 1083.992958 40.800469 1023.899061 641.739437 588.819249 600.875587 
632.086854 0.500000 1088.800469 27.579812 1027.504695 629.720657 588.819249 587.654930 
633.633657 -12.384835 1094.309363 15.721867 1030.049227 618.980287 592.069197 577.074790 
633.969006 -8.597915 1098.951522 5.078041 1034.966523 612.282626 593.823139 565.989801 
0.000000 0.000000 0.000000 0.000000 0.000000 0.000000 0.000000 0.000000 
0.000000 0.000000 0.000000 0.000000 0.000000 0.000000 0.000000 0.000000 
0.000000 0.000000 0.000000 0.000000 0.000000 0.000000 0.000000 0.000000 
0.000000 0.000000 0.000000 0.000000 0.000000 0.000000 0.000000 0.000000 
0.000000 0.000000 0.000000 0.000000 0.000000 0.000000 0.000000 0.000000 
0.000000 0.000000 0.000000 0.000000 0.000000 0.000000 0.000000 0.000000 
0.000000 0.000000 0.000000 0.000000 0.000000 0.000000 0.000000 0.000000 
0.000000 0.000000 0.000000 0.000000 0.000000 0.000000 0.000000 0.000000 
622.060577 -11.240231 1087.657641 2.739092 1036.070571 625.652963 592.320122 590.034198 
618.866197 10.753521 1077.983568 32.387324 1031.110329 634.528169 591.223005 603.279343 
609.251174 34.791080 1068.368545 56.424883 1022.697183 652.556338 579.204225 620.105634 

