528.752912 333.811148 622.463394 717.172213 219.934276 808.752912 147.521631 425.391847 
539.404899 337.099424 629.779539 729.952450 218.482709 807.416427 150.240634 427.474063 
535.343285 336.386709 625.478847 725.471885 219.868818 814.105187 153.769406 426.522271 
541.249280 333.410663 624.246398 729.952450 224.015850 811.105187 155.773775 427.474063 
546.782421 344.476945 633.468300 729.952450 224.015850 814.793948 157.618156 427.474063 
539.404899 346.321326 635.312680 733.641210 227.704611 814.793948 155.773775 429.318444 
545.116484 343.006052 633.670720 738.337464 225.688703 822.147723 159.273026 431.560288 
548.626801 348.165706 635.312680 733.641210 227.704611 820.327089 161.306916 433.007205 
554.159942 346.321326 635.312680 737.329971 229.548991 824.015850 164.995677 431.162824 
554.159942 350.010086 640.845821 741.018732 227.704611 827.704611 163.151297 433.007205 
557.848703 350.010086 639.001441 744.707493 227.704611 827.704611 164.995677 438.540346 
556.004323 350.010086 648.223343 753.929395 233.237752 827.704611 166.840058 436.695965 
563.381844 355.543228 642.690202 748.396254 236.926513 827.704611 168.684438 438.540346 
561.537464 361.076369 646.378963 753.929395 240.615274 827.704611 174.217579 440.384726 
567.070605 357.387608 651.912104 757.618156 236.926513 833.237752 176.061960 444.073487 
567.070605 362.920749 650.067723 761.306916 242.459654 831.393372 177.906340 445.917867 
568.914986 362.920749 653.756484 761.306916 244.304035 833.237752 181.595101 444.073487 
570.759366 366.609510 650.067723 764.995677 242.459654 840.615274 185.283862 449.606628 
570.759366 370.298271 651.912104 770.528818 246.148415 840.615274 183.439481 453.295389 
574.448127 370.298271 653.756484 777.906340 246.148415 840.615274 185.283862 455.139769 
574.448127 370.298271 657.445245 770.528818 246.148415 840.615274 190.817003 455.139769 
572.603746 373.987032 661.134006 777.906340 247.992795 846.148415 187.128242 456.984150 
576.292507 377.675793 661.134006 779.750720 246.148415 847.992795 188.972622 455.139769 
581.825648 381.364553 659.289625 787.128242 249.837176 849.837176 194.505764 460.672911 
583.670029 386.897695 657.445245 783.439481 247.992795 853.525937 192.661383 462.517291 
583.670029 386.897695 657.445245 787.128242 246.148415 853.525937 194.505764 466.206052 
581.825648 394.275216 657.445245 794.505764 244.304035 857.214697 194.505764 469.894813 
579.981268 390.586455 657.445245 794.505764 246.148415 857.214697 196.350144 471.739193 
579.981268 397.963977 646.378963 794.505764 242.459654 853.525937 194.505764 469.894813 
570.759366 399.808357 642.690202 800.038905 238.770893 853.525937 190.817003 471.739193 
565.226225 405.341499 637.157061 798.194524 238.770893 860.903458 187.128242 473.583573 
563.381844 410.874640 627.935159 807.416427 229.548991 860.903458 183.439481 473.583573 
559.693084 410.874640 622.402017 811.105187 218.482709 857.214697 176.061960 479.116715 
554.344380 411.612392 613.917867 811.105187 216.177233 854.909222 174.125360 478.194524 
548.626801 410.874640 602.113833 807.416427 205.572046 849.837176 168.684438 473.583573 
543.093660 405.341499 594.736311 803.727666 192.661383 846.148415 163.151297 460.672911 
537.560519 394.275216 585.514409 798.194524 181.595101 833.237752 153.929395 453.295389 
532.027378 388.742075 572.603746 790.817003 177.906340 820.327089 148.396254 440.384726 
526.494236 373.987032 563.381844 779.750720 164.995677 811.105187 137.329971 423.785303 
522.805476 364.765130 554.159942 774.217579 157.618156 800.038905 131.796830 412.719020 
511.826870 355.365614 544.876576 760.975643 146.777844 788.016311 121.239435 400.433395 
509.894813 346.321326 539.404899 757.618156 137.329971 779.750720 115.197406 390.586455 
507.280818 336.654259 534.321487 749.775585 134.720496 766.300438 112.186605 377.215262 
503.208934 332.055043 526.512680 739.870605 130.348991 758.180692 108.709798 368.675216 
504.361671 327.877522 528.338617 737.329971 129.952450 753.929395 105.975504 362.920749 
504.361671 322.344380 528.338617 737.329971 128.108069 753.929395 105.975504 355.543228 
502.517291 316.811239 524.649856 737.329971 122.574928 746.551873 107.819885 350.010086 
506.206052 320.500000 528.338617 737.329971 124.419308 746.551873 100.442363 350.010086 
502.517291 320.500000 520.961095 741.018732 118.886167 746.551873 98.597983 346.321326 
500.672911 313.122478 520.961095 741.018732 115.197406 744.707493 94.909222 344.476945 
504.361671 320.500000 513.583573 744.707493 117.041787 744.707493 93.064841 338.943804 
500.672911 314.966859 513.583573 748.396254 105.975504 750.240634 91.220461 344.476945 
504.361671 327.877522 513.583573 753.929395 105.975504 757.618156 85.687320 348.165706 
495.139769 329.721902 509.894813 764.995677 102.286744 764.995677 85.687320 353.698847 
493.295389 344.476945 506.206052 774.217579 98.597983 774.217579 81.998559 366.609510 
498.828530 353.698847 504.361671 787.128242 96.753602 787.128242 80.154179 372.142651 
498.828530 366.609510 504.361671 803.727666 96.753602 794.505764 78.309798 383.208934 
500.672911 377.675793 502.517291 811.105187 89.376081 807.416427 80.154179 394.275216 
495.139769 388.742075 498.828530 829.548991 87.531700 816.638329 74.621037 399.808357 
498.828530 403.497118 498.828530 840.615274 87.531700 820.327089 72.776657 407.185879 
498.828530 407.185879 495.139769 846.148415 83.842939 827.704611 72.776657 407.185879 
498.828530 414.563401 491.451009 857.214697 85.687320 833.237752 69.087896 421.940922 
498.828530 421.940922 496.984150 860.903458 83.842939 844.304035 70.932277 421.940922 
496.984150 429.318444 495.139769 870.125360 85.687320 844.304035 70.932277 429.318444 
496.984150 427.474063 491.451009 870.125360 83.842939 840.615274 69.087896 429.318444 
498.828530 429.318444 487.762248 862.747839 91.220461 836.926513 65.399135 421.940922 
497.169696 424.909624 488.606817 863.043568 86.151533 827.364908 66.171484 419.201039 
493.295389 423.785303 484.073487 853.525937 80.154179 820.327089 63.554755 412.719020 
487.762248 420.096542 484.073487 844.304035 81.998559 814.793948 59.865994 405.341499 
484.073487 410.874640 474.851585 836.926513 76.465418 800.038905 61.710375 396.119597 
482.229107 405.341499 467.474063 827.704611 78.309798 794.505764 56.177233 394.275216 
473.007205 399.808357 467.474063 824.015850 72.776657 787.128242 54.332853 386.897695 
469.318444 396.119597 456.407781 820.327089 70.932277 777.906340 46.955331 379.520173 
469.833787 390.037464 456.313452 809.167827 71.735055 774.615862 46.196646 375.014870 
465.629683 394.275216 456.407781 803.727666 69.087896 770.528818 45.110951 370.298271 
463.785303 390.586455 458.252161 803.727666 72.776657 761.306916 46.955331 370.298271 
471.162824 388.742075 456.407781 800.038905 72.776657 761.306916 46.955331 370.298271 
465.629683 388.742075 454.563401 798.194524 72.776657 761.306916 45.110951 370.298271 
465.629683 388.742075 449.030259 796.350144 72.776657 761.306916 45.110951 372.142651 
465.629683 390.586455 447.185879 800.038905 70.932277 757.618156 46.955331 377.675793 
460.096542 399.808357 443.497118 796.350144 72.776657 761.306916 46.955331 372.142651 
457.800332 393.058382 444.956014 798.367959 75.325097 759.835006 46.782169 375.932625 
452.394049 396.960776 442.404024 790.853182 77.054546 758.028814 44.230179 375.553580 
456.774121 389.300000 442.542190 786.212738 77.255965 756.167550 47.210778 378.230720 
456.407781 394.275216 447.185879 781.595101 83.842939 753.929395 50.644092 377.675793 
451.508062 382.525144 450.080915 780.698988 86.158584 747.874621 54.761363 373.962265 
452.208957 386.815147 452.208957 778.904841 87.159931 747.357395 51.105706 373.294813 
456.244996 383.017716 448.110262 773.484971 92.893523 743.657611 60.354586 370.815615 
460.487071 375.826766 457.775493 766.294021 101.202966 739.178239 65.952450 370.403610 
468.808743 373.335443 465.954450 765.800702 112.022144 737.257774 74.916337 364.772564 
481.112696 367.956051 483.966988 757.567018 128.607535 731.878383 90.074583 367.956051 
497.859881 364.435175 497.859881 753.546640 143.998932 727.786648 110.104205 367.146753 
514.660198 365.182175 515.948197 751.582062 166.900299 730.974068 129.548310 370.334174 
533.924987 370.276804 537.788986 757.964691 184.877089 730.916699 147.525100 376.716802 
552.948034 375.721427 557.015402 762.121314 208.577609 743.140267 169.259725 387.923529 
564.913661 388.699321 573.476539 774.028848 226.679965 752.621652 188.147012 400.116492 
573.974789 397.879793 586.176890 786.991259 236.383308 766.654423 198.421214 414.149262 
579.647198 416.640816 593.106794 800.851103 246.828095 783.720708 208.896506 434.994810 
582.988134 435.763698 598.444130 814.435588 253.260231 802.843591 212.044243 455.083693 
578.829746 458.097075 599.493060 833.480611 253.956533 823.148954 216.073790 475.316503 
581.373885 482.200893 598.117880 858.296783 251.645981 846.704786 213.005992 504.096886 
575.765089 508.295165 592.890846 885.061814 251.802857 877.926082 214.697051 533.983800 
569.809568 536.476415 593.845718 915.045775 240.814767 904.529960 207.765061 560.512565 
566.942615 563.506473 591.204104 943.127415 240.126090 937.418829 203.020284 587.767962 
565.579030 584.483515 591.855154 974.871654 229.168361 969.263095 196.296373 615.257070 
563.573270 601.009023 588.536537 998.151909 223.579849 996.270689 189.982089 632.804017 
563.251450 628.721369 595.972479 1018.856715 215.660933 1018.856715 185.302603 646.967175 
564.445611 633.190031 599.974042 1035.845576 213.466525 1038.474879 192.026509 665.418608 
578.464466 635.548550 609.981419 1047.895346 220.388308 1050.475433 187.581925 671.379450 
584.367390 632.786551 616.623997 1055.054857 224.206852 1050.055912 193.169423 669.847411 
595.892503 636.976601 624.497167 1051.744219 228.721915 1060.410831 198.303836 664.975802 
592.461350 633.112738 637.908460 1047.817618 235.544484 1054.055819 210.227360 663.448769 
597.994491 623.890836 643.800729 1041.872759 241.704394 1054.504057 215.760502 654.226867 
613.474517 612.554429 656.400303 1036.088850 250.964692 1050.069388 214.138951 656.317231 
624.861191 598.463497 669.384888 1027.004076 263.187542 1039.165674 232.588473 647.497586 
633.127060 595.602020 687.808784 1022.119464 274.837559 1028.148241 238.452169 633.973190 
649.592486 583.994908 706.791803 1007.789844 285.125144 1027.733537 250.311985 622.634956 
659.766263 573.957735 727.625314 997.268955 299.379434 1023.488091 262.532959 621.247414 
664.054547 571.916160 728.849115 998.798017 306.752293 1027.765446 265.573075 618.546970 
669.091244 572.833816 729.144339 999.526854 304.111108 1032.922322 263.890835 630.719588 
662.786880 575.771189 730.887933 997.349137 306.302924 1037.657841 258.335706 628.525690 
657.725805 582.554117 735.201208 996.749542 301.540788 1041.870279 254.657119 638.149798 
641.389757 580.199389 728.769321 996.708641 299.084992 1044.100295 255.772111 638.042036 
645.261432 575.827059 723.635308 993.821065 300.576762 1035.348284 250.001090 636.362426 
634.942683 574.379803 722.463222 988.643691 293.281002 1036.926691 243.212695 636.380233 
616.985418 571.769185 713.871462 975.922395 282.017474 1029.203082 234.543323 631.607064 
610.938261 562.853288 690.666451 969.467058 274.089753 1020.415287 220.924635 623.075981 
588.434721 554.311295 667.742894 953.495766 256.836888 1012.196624 205.307982 614.278959 
572.603746 547.358790 651.912104 940.211816 240.615274 999.231988 187.128242 604.534582 
546.782421 541.825648 631.623919 929.145533 222.171470 997.387608 161.306916 602.690202 
522.805476 541.825648 611.335735 927.301153 198.194524 995.543228 139.174352 599.001441 
496.984150 545.514409 583.670029 927.301153 176.061960 993.698847 118.886167 602.690202 
480.384726 549.203170 563.381844 927.301153 153.929395 997.387608 98.597983 604.534582 
465.629683 549.203170 550.471182 927.301153 141.018732 993.698847 85.687320 606.378963 
454.563401 554.736311 532.027378 923.612392 133.641210 993.698847 74.621037 608.223343 
441.652738 551.047550 522.805476 919.923631 120.730548 993.698847 65.399135 602.690202 
432.430836 554.736311 515.427954 919.923631 111.508646 990.010086 58.021614 602.690202 
425.053314 552.891931 506.206052 916.234870 107.819885 993.698847 48.799712 600.845821 
413.987032 560.269452 504.361671 916.234870 100.442363 990.010086 41.422190 604.534582 
412.142651 558.425072 495.139769 910.701729 91.220461 978.943804 45.110951 597.157061 
413.987032 554.736311 491.451009 903.324207 94.909222 973.410663 39.577810 591.623919 
408.453890 552.891931 487.762248 894.102305 96.753602 956.811239 43.266571 582.402017 
408.453890 549.203170 487.762248 886.724784 102.286744 949.433718 45.110951 576.868876 
406.609510 543.670029 495.139769 879.347262 100.442363 936.523055 50.644092 567.646974 
412.142651 538.136888 496.984150 870.125360 107.819885 927.301153 54.332853 563.958213 
417.675793 534.448127 500.672911 862.747839 118.886167 916.234870 70.932277 558.425072 
423.208934 532.603746 506.206052 853.525937 126.263689 899.635447 78.309798 554.736311 
432.430836 527.070605 511.739193 847.992795 139.174352 890.413545 91.220461 541.825648 
434.275216 525.226225 517.272334 836.926513 150.240634 881.191643 98.597983 534.448127 
443.497118 517.848703 526.494236 827.704611 153.929395 864.592219 105.975504 527.070605 
445.341499 510.471182 530.182997 820.327089 164.995677 847.992795 117.041787 521.537464 
452.719020 504.938040 535.716138 803.727666 170.528818 833.237752 124.419308 510.471182 
450.874640 501.249280 533.871758 790.817003 176.061960 827.704611 128.108069 503.093660 
450.874640 499.404899 530.182997 790.817003 179.750720 814.793948 128.108069 504.938040 
450.874640 501.249280 530.182997 790.817003 176.061960 814.793948 131.796830 499.404899 
450.874640 503.093660 524.649856 781.595101 177.906340 800.038905 135.485591 493.871758 
449.158841 504.229421 528.692817 780.762941 181.190519 796.669736 138.364531 498.111423 
437.963977 504.938040 519.116715 774.217579 177.906340 794.505764 133.641210 497.560519 
432.741030 510.361899 507.135888 777.718421 170.034186 790.505037 129.349498 498.737702 
422.429936 516.757212 495.662375 784.113734 156.235834 792.250671 119.038405 506.295435 
405.830631 525.004514 483.131538 782.306106 141.903247 796.661988 101.044196 511.752930 
390.758404 532.492693 463.642117 786.481389 133.456812 799.732973 97.014956 518.136810 
384.038024 537.672118 457.473886 795.746719 123.865255 804.139389 86.098240 524.034030 
377.625358 551.111899 449.817737 801.949826 120.669433 810.515023 82.737844 535.205104 
380.093033 557.179896 452.979502 812.282537 120.825451 818.529948 84.382216 540.520132 
379.481030 563.942673 451.551049 812.700481 123.748705 819.674999 85.388856 549.993637 
375.638465 574.923676 452.358162 821.356644 124.555818 824.843903 87.358389 555.162542 
379.444895 578.371933 448.996875 821.803862 120.556971 828.243860 84.492981 557.763939 
374.458968 579.244159 449.027368 825.997771 122.282200 824.641982 84.320106 557.551534 
377.046154 581.795673 444.022134 823.939602 120.734229 827.803601 83.382240 559.899679 
372.927686 580.650819 442.672866 821.271689 119.520200 817.784430 88.134869 557.402426 
375.844508 578.853433 444.311026 814.069051 124.064410 810.756155 92.039748 555.663161 
379.533328 578.423172 448.116088 814.394363 134.262780 805.095006 99.390190 554.012359 
393.693716 576.163602 463.982327 814.305612 147.159036 800.667524 114.637440 548.887425 
411.651986 574.354210 479.915966 806.194142 165.644058 794.602146 136.020066 549.882217 
430.641694 570.515790 495.737194 802.999723 186.533565 789.050687 155.148234 543.780138 
445.484407 569.935179 510.638029 796.316408 209.164490 778.647629 177.139828 541.223413 
464.966360 562.786952 526.807086 790.272480 225.333547 771.499402 199.934677 534.075187 
476.608615 561.505322 540.657939 785.677954 243.601594 764.696279 213.785530 529.480661 
484.492789 560.774277 544.141068 780.431431 251.580462 761.495470 222.229721 527.636344 
488.677807 558.685511 547.426497 774.796762 253.683049 751.716920 229.554123 523.016664 
492.686568 558.700766 553.422995 772.934709 264.096742 750.848735 234.280677 526.676104 
499.250537 558.291548 554.851976 767.059213 266.353946 747.126622 241.175936 519.475449 
497.765180 554.895682 554.573065 766.181148 265.550493 740.268780 241.631384 520.013648 
498.838151 550.710302 554.649406 760.002509 268.616723 737.080029 245.694244 517.821527 
500.037764 549.665233 552.111659 757.014013 271.859427 732.397263 249.136274 518.420897 
496.019176 548.598224 550.571531 756.316806 272.564339 730.089712 250.533580 516.076628 
498.930244 552.879412 546.768463 752.205324 274.688594 725.296326 253.759374 517.997378 
498.614966 553.341680 546.453185 749.677702 276.366575 725.758593 257.430614 519.456275 
496.655338 554.482654 544.314544 748.606738 273.470763 725.358345 254.872048 520.772484 
492.880055 557.188615 542.186991 754.416359 271.523385 727.140182 256.836213 523.617935 
493.748487 559.314267 538.859088 755.492927 273.440901 727.167666 257.704645 527.841755 
491.857915 563.292914 536.357425 755.492924 274.094357 731.822972 257.998790 530.154981 
491.809154 567.949449 530.627875 754.468671 269.311606 731.745517 257.003231 535.758315 
490.555675 569.638439 530.716483 755.916227 271.807447 731.136154 258.990168 538.022484 
488.931111 573.515390 526.803035 758.141015 274.954746 734.471063 260.752774 541.324255 
488.750998 574.951398 526.622921 762.417418 271.934238 737.800668 260.572661 545.600658 
486.509463 578.719493 524.296937 761.487483 273.665728 736.809949 263.640479 547.101402 
488.093784 582.201042 523.127680 761.642947 276.181438 736.862875 263.364159 551.439572 
487.898923 584.221790 521.036855 764.113425 275.816153 740.443473 262.560980 552.977453 
485.717656 586.738389 519.897067 763.032191 275.244443 740.545737 262.652029 556.156811 
482.013166 585.812956 518.756032 764.400377 273.518761 741.329275 263.264938 555.051487 
482.901258 589.259643 515.092393 764.417287 270.818488 740.747335 261.350508 559.908902 
478.506072 591.865552 510.976512 766.180547 271.720638 743.109445 261.466815 560.249598 
473.581411 592.064122 504.476927 768.467553 268.275723 739.565296 258.309427 561.168606 
473.438448 594.021372 499.948794 768.232218 264.196072 739.828276 255.674890 563.723833 
467.632836 593.206812 495.830850 769.230777 261.701887 741.887248 254.866005 565.863283 
468.815556 597.175940 492.485508 764.759200 262.413575 742.036046 258.626382 567.825200 
469.681439 600.401538 495.593807 768.831933 263.379121 741.922935 261.385862 569.506021 
473.943412 601.860231 496.160029 766.775887 265.449007 741.995814 262.031066 571.098761 
471.841647 601.339056 493.428643 769.537735 264.966266 743.453447 266.765183 571.656936 
471.099596 601.839843 493.463611 773.040238 263.654071 743.735666 264.425244 573.306443 
467.867840 605.326447 485.586264 772.010878 256.559232 744.448885 259.840422 573.827028 
460.993680 604.927481 477.183927 771.327243 248.721551 745.242956 255.917216 575.245361 
453.609942 603.964075 463.351074 770.375081 240.116799 744.398729 247.422648 574.740679 
444.108819 606.108508 452.653671 770.169679 227.069561 745.389606 239.886840 576.201524 
431.665361 608.335756 437.347688 771.499718 212.489890 747.958649 226.289827 577.488838 
419.024137 610.614641 418.212376 773.778603 197.413383 750.237534 213.648603 581.391245 
404.948143 615.300138 404.948143 778.017631 182.850333 753.340096 203.672003 584.453220 
393.417887 618.070400 390.854431 783.840542 167.833777 759.060469 191.759364 590.726871 
378.935299 622.728064 376.847348 788.372158 155.524566 766.100683 176.404074 596.280687 
364.951219 631.792320 361.533278 795.853491 143.639535 771.073418 167.565123 601.885336 
357.178197 636.633092 352.049897 798.540853 133.730834 774.364581 158.639721 610.258977 
350.512364 639.745914 344.530967 801.243629 128.346195 776.463557 154.835238 608.984444 
340.336177 642.451561 332.680358 806.007705 116.925445 783.736230 142.676838 616.700168 
330.670906 650.055198 319.309329 814.798064 102.492569 790.181314 132.790108 617.864064 
330.670906 650.055198 319.309329 814.798064 102.492569 790.181314 131.843310 619.757660 
311.784325 650.689693 300.676017 819.023291 87.909186 794.243218 118.670655 627.618591 
308.464383 651.997806 296.501589 816.913462 84.589243 795.551330 115.350713 625.508762 
306.149865 654.849275 292.511776 817.457256 81.645943 796.475581 109.971205 628.622182 
305.657061 657.941056 292.839782 818.584286 86.908833 798.931125 114.252361 631.452013 
309.329336 657.979052 296.341160 820.331252 91.777388 800.848988 120.189023 635.249743 
313.278772 661.445387 303.810791 827.135050 97.408810 806.305493 124.865954 637.775435 
317.461583 667.962873 307.993602 828.918546 107.272409 809.035786 131.889159 644.292921 
323.568813 669.454429 314.169475 832.661115 114.219923 815.571410 136.436540 648.946783 
325.238933 674.171883 316.717750 835.127557 118.836951 820.925585 139.666509 653.342325 
327.861442 676.446462 322.878294 836.903821 122.555754 825.940895 144.481604 658.507130 
327.787230 682.010325 323.289939 841.214422 122.710766 827.722550 146.996136 664.021162 
329.184091 681.601661 323.202694 844.808347 128.380054 828.573127 147.178730 665.366441 
330.132269 684.815556 322.557884 842.930835 129.411076 828.728864 148.347038 665.879594 
329.222005 682.823557 322.727917 838.681670 132.775843 827.317016 152.258107 666.588337 
326.713278 683.623145 322.317592 838.937378 131.837873 827.215549 152.351074 666.040402 
322.535167 682.667180 315.907580 837.942065 128.441560 826.580488 147.377522 667.518410 
314.453492 685.908288 308.284108 841.685225 124.744945 828.575284 142.481923 672.027175 
307.434916 689.357097 301.704561 843.360385 116.184321 833.332264 134.807975 675.031210 
299.743641 688.707667 292.803085 845.255776 110.035095 831.374663 129.314419 677.911246 
289.753924 690.737891 280.667256 843.073207 102.140955 831.313990 121.383311 676.840634 
281.581780 689.591098 274.275931 843.013928 94.064988 830.837513 111.923730 674.979400 
275.492386 688.707665 267.780657 839.086391 89.639705 828.289969 108.919029 676.368898 
268.011346 688.067152 261.175464 837.602074 84.297014 826.493765 103.095690 672.686417 
261.128325 686.860162 254.832117 834.371303 80.337232 823.577805 96.527479 672.468831 
255.221451 684.128066 248.280894 831.422100 73.995807 820.625679 90.961612 668.704607 
249.037596 682.888068 243.910684 829.005049 67.032234 817.896740 84.976425 667.507333 
243.855796 678.270626 236.895960 823.731196 64.292029 812.595459 80.995636 662.958987 
242.412998 671.189076 233.621626 816.246708 64.387722 805.990108 79.772622 658.002019 
238.768504 664.139983 231.808668 809.600553 62.684656 797.768832 80.780229 650.220311 
238.494044 659.083182 230.376434 799.517835 59.906624 792.211986 76.953605 644.471484 
237.238743 653.636100 228.447371 796.495889 62.143924 786.971903 78.994053 638.983814 
236.403866 650.753086 228.692137 791.106564 62.118779 781.081315 79.084584 636.100800 
236.208856 644.818103 226.465085 786.798755 60.820991 776.359002 80.308532 632.290399 
235.243130 643.207512 227.970101 784.700976 62.673999 774.122025 80.525978 629.322640 
235.245604 641.389496 228.409722 784.088535 64.348551 773.834712 81.438256 628.572217 
234.754868 644.089765 227.118188 781.550004 65.359422 771.830593 82.715512 628.816405 
234.755299 643.144312 225.963927 779.410572 65.521394 769.153972 81.638909 629.224640 
233.856468 644.024586 225.922255 778.245021 64.593259 768.988439 81.122869 628.156160 
232.959970 642.971237 226.124088 772.852997 68.044314 763.453659 84.279534 626.736017 
234.517184 638.984813 227.681301 774.847970 68.747042 762.030691 84.982262 625.313048 
235.418377 638.821669 228.824848 771.424858 72.778001 758.237801 87.430287 624.901997 
237.668738 637.197193 228.269401 768.787923 77.025508 756.825130 92.406243 621.816458 
237.749723 635.760770 229.397920 762.429784 80.457432 753.381997 92.985136 619.753148 
243.249288 633.568292 235.537559 764.667694 85.158833 750.786581 98.268773 620.458352 
246.863987 631.382559 237.934616 758.829036 90.194114 748.276143 104.805812 617.582622 
253.865564 630.078003 246.153834 757.321541 97.317455 743.440427 111.198568 613.883371 
262.337229 629.309319 255.031380 752.696991 108.914400 739.708815 122.714337 613.885860 
271.776004 627.736650 262.846633 751.936083 117.541413 737.324385 134.588394 609.066147 
281.854727 626.690509 274.164360 746.318447 132.319806 732.646682 145.137085 609.600804 
292.269927 624.560211 286.409013 744.708957 144.281838 731.521900 158.934124 608.442696 
300.527141 624.245881 293.586584 738.379478 154.775453 728.354230 167.885393 607.280077 
311.140667 620.248409 300.884067 737.466698 163.885192 727.210097 177.072249 605.596123 
321.654920 617.715529 313.110068 738.197952 172.974484 721.108246 190.064189 600.625824 
327.821110 615.983823 320.165290 734.997017 185.144474 721.077345 199.064146 601.368167 
339.488469 613.850253 329.744698 730.775496 193.331915 715.463857 210.035521 595.754680 
348.603184 609.020403 337.910495 725.667915 205.223951 711.086976 220.290921 596.869621 
358.366536 604.661230 348.944659 719.608140 218.294619 705.789386 230.857123 592.098726 
370.829826 600.129318 362.475761 714.699353 231.197597 699.781379 243.131975 585.808064 
384.280582 594.282051 374.559956 707.859891 244.610535 694.557982 256.889220 580.468530 
395.606818 587.843371 384.300564 700.277780 256.791151 687.087151 272.494281 574.024617 
406.944171 582.316218 399.574693 695.125932 271.459138 679.820091 282.796798 569.844792 
418.916331 572.940909 408.712438 689.718804 283.998181 675.546729 295.335841 563.303899 
430.285818 570.597753 421.076804 683.663982 294.197055 671.385296 306.475740 559.342292 
440.266642 564.855149 431.763397 677.664863 305.915375 664.626554 317.253035 552.383723 
447.085146 559.380506 439.922579 671.423510 314.066054 659.656437 326.344739 547.613432 
451.943791 551.714592 442.993007 662.704313 320.068907 651.963372 331.406567 542.763808 
459.272589 546.091606 447.934929 656.066904 325.488205 643.595479 335.692099 533.620180 
458.693645 538.252745 452.081801 647.348173 327.117948 636.769222 338.358083 525.029057 
461.432801 527.190971 452.223787 637.187528 328.413708 627.978514 339.157558 517.981957 
461.171094 519.583767 453.687020 628.851247 329.077190 617.625136 340.303300 507.235046 
461.993021 508.908498 453.807231 619.416667 329.997152 609.184429 341.764226 498.164648 
461.981412 500.690094 454.045050 608.397861 331.031443 599.894616 340.101570 490.486200 
462.333099 494.611643 454.396737 601.185644 331.950013 593.249282 342.153907 482.707100 
458.905694 488.082556 451.448759 595.550152 329.505936 586.338644 340.472017 476.239189 
457.005666 481.053703 451.038477 589.059829 328.711096 582.495921 337.661880 473.893076 
452.497830 476.595450 446.356825 585.817619 323.975359 579.676613 331.870937 467.383942 
447.281505 472.147447 439.741962 583.624985 317.493646 574.469825 326.110268 464.607903 
439.264071 468.034100 433.595241 577.442516 310.581634 570.639920 319.651761 460.664622 
431.997824 463.493316 425.433916 573.886318 301.316379 567.322410 309.670444 457.526127 
421.488372 457.589431 416.102984 566.912814 295.470285 560.988887 302.471290 450.588426 
413.039389 448.867864 408.731078 560.883941 285.944224 554.960014 292.406690 444.021014 
407.955004 437.150433 402.838885 551.239885 279.540419 546.635378 286.191374 432.034314 
402.770748 424.026257 398.166241 534.022814 274.867775 532.999590 278.960670 420.956585 
399.274211 407.585953 396.581517 520.679108 271.101969 519.063492 274.871740 405.970337 
395.250945 392.267432 394.227721 506.868496 269.394419 505.845273 272.464091 388.174537 
395.777715 376.529607 395.777715 496.238785 268.412718 492.758867 269.108702 376.529607 
395.055989 365.218932 395.055989 481.996826 266.373551 481.996826 268.641083 364.085166 
393.763881 352.881728 395.379497 470.821733 265.053099 470.821733 266.668716 352.881728 
393.133097 343.486911 394.266863 462.532337 265.017543 464.232986 266.718192 344.620677 
392.017915 339.648711 393.808072 459.589216 264.916783 460.185935 263.723345 339.648711 
389.044101 339.977568 390.659718 458.994650 264.103092 462.764422 263.026014 340.516107 
388.147872 344.888041 390.131425 464.562419 263.184018 471.835448 261.861650 348.193963 
386.949927 357.506316 389.642621 478.677554 263.624534 483.524404 260.393301 359.660472 
385.548066 373.390248 390.083130 491.868792 262.534458 497.537621 257.999394 374.524014 
382.107698 385.621219 387.223817 505.850014 261.878903 513.012580 257.786008 390.225726 
381.586075 400.956250 387.510002 522.666027 261.491915 528.589954 255.567987 408.495794 
380.010218 415.222503 387.379697 535.401695 259.264143 545.605589 254.729079 422.591981 
380.714230 429.539137 387.379697 552.824890 260.411218 561.457612 252.944135 437.006220 
380.391144 444.824158 391.526882 562.445385 263.465901 574.973090 255.810082 452.479978 
384.671052 454.628470 393.204725 579.220096 264.177363 588.809967 256.578564 462.163322 
385.298263 461.489807 397.397584 585.075729 268.790351 597.755315 256.826295 471.278148 
385.566988 462.093064 396.989267 586.786273 268.376375 600.324472 255.377211 472.332709 
383.618009 461.676673 397.006975 586.405460 268.000858 599.234798 254.392077 472.753182 
381.201882 466.606503 394.618943 590.235139 266.593970 605.349198 254.143326 475.309144 
379.262550 473.717388 392.679611 597.346024 264.654637 612.460083 252.203994 482.420029 
375.539862 481.893778 392.000471 607.592978 264.458958 622.539249 251.138158 495.547623 
374.740292 493.927891 392.259800 619.749814 262.566191 635.849710 248.663865 503.777611 
372.603942 504.441693 389.574012 630.505069 260.206349 648.986164 244.761871 522.704846 
238.897882 534.834201 369.647132 518.932265 382.393235 645.596668 258.228553 664.876898 
235.342440 550.478147 366.091689 534.576212 378.837793 661.240615 254.673111 680.520845 
359.450195 544.334045 380.889473 671.540425 252.970612 694.674687 232.067618 569.256723 
355.706404 559.168524 377.482623 684.381785 250.412461 707.417896 226.648755 580.678132 
352.908653 569.559191 376.843444 696.181955 249.120108 721.256475 226.795208 596.237036 
353.388538 580.548243 381.109184 707.164171 252.292644 733.071408 226.837434 606.813566 
358.947456 592.963214 388.045832 721.177936 257.740825 749.323817 229.967379 620.116915 
371.760967 605.344880 400.459242 732.798986 271.695417 762.366975 240.906881 631.515697 
383.901551 615.540352 418.121533 742.005501 288.638381 776.080015 256.371959 646.036559 
402.373593 625.926300 438.416108 753.135178 310.207791 786.345767 276.567693 659.474540 
424.136402 637.837075 464.797144 765.627979 334.655992 799.414624 298.094194 671.448331 
447.231718 651.158714 488.189097 778.482740 359.017566 814.966302 322.192783 689.049301 
467.541046 664.572519 511.341196 791.761418 378.437437 829.083706 343.652917 698.641754 
480.162651 675.314165 522.709876 805.458618 392.005518 842.689557 356.991483 715.533322 
493.634890 695.504737 537.080792 824.918061 404.772457 863.777851 367.194772 732.862045 
505.427976 716.744343 548.776469 848.674538 416.854763 884.835818 379.562991 758.043792 
513.580218 742.174724 564.698037 874.414297 428.898141 912.716832 391.872194 783.811680 
532.293739 766.419283 577.070116 901.766060 442.771491 941.265655 405.579496 810.493802 
550.993930 794.404859 594.645248 930.002569 461.344904 967.551962 421.033094 830.885094 
571.108116 818.840839 615.228934 953.609885 478.898776 995.489084 438.047987 855.129965 
588.083192 844.246963 637.456820 984.468068 499.195428 1021.518506 455.318217 879.185115 
610.698650 866.425397 659.076063 1009.765880 518.298913 1047.738663 477.247965 907.139165 
624.165699 890.346915 679.610254 1034.289509 533.014562 1072.811005 491.691704 928.807107 
641.813721 914.009812 694.256775 1058.713793 546.979118 1099.342112 504.290516 953.302156 
647.346176 936.210570 704.731405 1083.325429 555.369185 1123.231366 514.296030 974.838032 
659.323745 956.127512 709.659894 1104.054152 563.253664 1144.479753 520.070979 994.689816 
662.610579 975.073788 715.398737 1125.040144 570.417603 1167.603413 524.872073 1016.584023 
662.852875 991.084545 720.311576 1143.181108 574.381733 1188.581504 526.225516 1033.866849 
668.284425 1006.474004 722.934811 1160.709538 573.463718 1207.543813 527.078468 1052.519425 
666.988064 1021.669095 723.977401 1175.751376 573.999569 1222.235734 525.612239 1067.586030 
664.926368 1035.246250 724.280807 1186.105448 570.561550 1235.475136 522.460536 1078.345158 
658.710884 1038.600973 719.630693 1194.180794 566.165654 1244.711965 518.004477 1086.112227 
653.791623 1044.526757 713.133382 1198.375761 560.749607 1249.658762 510.931834 1094.344530 
642.717992 1046.299497 701.180614 1198.023920 550.152175 1253.006623 501.433324 1095.018348 
632.167556 1047.433630 689.690599 1200.167229 535.634632 1255.045535 486.706986 1095.038908 
613.955071 1038.999274 671.721709 1194.203615 515.821385 1247.794351 467.798517 1087.718126 
596.072914 1029.127556 652.484216 1184.441789 494.239526 1237.922633 446.619596 1075.282258 
575.026259 1012.860962 631.321885 1170.180245 470.146738 1219.535314 426.961052 1060.673685 
555.149466 994.845762 605.956268 1154.921987 445.880042 1200.160921 404.817011 1039.388711 
526.853638 975.309450 572.312254 1134.414606 408.336532 1181.496744 373.430809 1017.521022 
512.818135 960.572800 556.665101 1116.473124 389.629040 1161.712057 358.309778 998.851897 
504.393845 945.179556 546.037184 1103.270012 379.463827 1141.828659 347.845736 979.882339 
489.620599 924.872413 527.716543 1086.047560 359.947867 1121.945661 333.573752 959.305285 
476.633235 910.770224 511.066107 1067.549686 338.901745 1101.249944 318.388545 940.807411 
459.414852 896.145602 488.719424 1051.922539 317.519029 1081.227111 300.553224 920.051964 
441.517614 884.198056 465.058683 1044.926734 288.906546 1066.844282 279.165414 904.492081 
420.661656 871.903118 440.449736 1032.006673 269.552682 1052.694211 257.859726 896.188488 
405.381981 862.012278 426.069519 1015.819626 249.775716 1035.607706 245.278426 880.001442 
395.796550 855.827849 413.655292 1008.438917 235.879632 1023.862376 234.256110 866.380742 
389.809125 844.758423 402.147892 1000.535359 223.235767 1011.331781 224.778113 856.326017 
385.479196 836.077295 397.201025 992.856756 215.512677 999.450285 220.640977 846.333895 
385.105309 824.750349 390.232221 979.412182 211.644800 986.248064 218.480682 830.731746 
382.929080 819.808548 389.423168 967.549050 205.965181 974.854899 213.271030 822.243831 
382.653512 810.755581 384.967031 963.447826 200.656695 964.218999 212.224289 810.755581 
384.213681 807.913102 384.213681 958.453997 198.641258 956.560400 211.896431 805.072708 
383.233292 801.423567 380.798009 952.411113 196.528262 946.728786 211.951721 795.741240 
383.089230 793.207342 376.919846 944.357241 191.838337 934.331993 211.888834 786.266786 
383.777162 788.001020 375.842949 936.767512 188.066576 924.205009 211.869215 774.777332 
385.392024 784.189136 377.274414 932.741399 184.887056 915.694418 212.486930 766.330394 
384.575028 776.386528 374.321205 927.630420 182.916505 904.559318 210.260034 758.442338 
384.392378 772.373986 372.670549 924.025147 177.062530 897.651032 207.099716 751.128171 
380.946957 773.645575 364.711737 920.617041 172.452552 894.127998 203.214021 748.011017 
382.234529 769.987166 364.290338 916.958631 166.904242 888.760618 202.792623 745.207093 
379.355772 767.128827 360.307800 916.582145 163.234552 882.149273 200.597882 736.359026 
378.238759 762.841244 360.380017 908.958224 163.122094 877.299545 202.086622 729.559043 
387.537007 759.873193 369.678264 906.801935 168.361536 868.649168 204.890781 726.590992 
390.124980 761.923726 370.642716 906.417185 171.761270 869.076179 209.102276 725.394481 
393.284707 762.929046 373.449174 909.050801 174.432667 868.718552 211.458994 726.563904 
391.482956 767.556185 374.517152 913.307873 174.012184 870.122188 212.570831 729.768710 
392.741860 771.917678 374.233709 915.355847 172.957568 876.026027 210.745043 732.587857 
390.349595 777.881308 374.964695 919.275869 170.565304 878.249468 208.661248 738.320136 
389.849147 785.818486 369.341501 926.808555 165.974008 883.229806 206.134815 743.094222 
387.529571 788.581253 368.859068 927.392385 163.483534 883.557290 204.071584 747.181442 
385.944403 788.639088 367.629045 929.301034 160.299197 883.146333 203.523441 747.612687 
386.962922 793.229168 369.225944 932.040300 159.466901 883.456404 201.110241 748.501137 
385.687255 796.268422 367.743065 929.568123 160.957630 879.153492 202.827408 748.417247 
390.827693 794.847783 370.320046 929.856455 160.116671 877.732854 205.404390 746.996608 
388.826896 789.295311 370.318746 924.250578 165.957913 871.039644 204.516561 740.711415 
390.532362 791.277690 371.922978 918.441811 166.599446 863.854286 208.780716 739.171416 
390.925667 791.288448 372.986335 913.873884 162.697498 857.065999 206.549199 737.470452 
388.253990 787.968036 370.264826 913.892181 158.892155 853.628483 205.663980 734.000546 
383.750930 782.483271 365.435572 904.829860 158.838338 843.290258 202.062582 731.200270 
383.382532 776.489075 362.560863 892.936191 155.115338 836.640565 202.156889 723.278141 
378.358595 770.445465 362.123375 885.715527 155.124319 825.645213 200.582936 716.057477 
378.172927 760.716014 361.937707 872.739032 157.373935 810.233435 201.209029 702.269222 
378.584649 750.311218 361.618844 855.190739 158.800357 795.039249 198.901351 694.015592 
375.472895 740.200380 358.383190 841.839154 156.904559 780.675998 199.179093 681.735599 
370.488122 728.420166 355.835836 828.055712 153.634288 767.981339 197.591146 669.811022 
365.579348 723.540197 350.927062 820.707989 151.193267 757.471807 188.980742 665.702226 
356.676272 718.226774 344.844551 814.272509 145.793244 752.329970 184.768325 660.460136 
353.706624 715.818535 339.090969 808.384352 139.343679 744.353862 179.014743 658.747880 
348.318065 713.735865 335.094377 805.640498 136.077870 740.183241 177.071303 655.551637 
342.543890 713.111100 332.104136 802.197000 133.748813 737.470526 172.723894 655.344462 
344.931963 714.936633 329.620324 801.238598 133.352951 733.728190 170.240082 655.778028 
341.878140 713.710113 331.084641 796.460265 132.304385 734.397651 168.282712 657.044248 
338.687234 717.369758 324.806120 799.114091 132.012882 732.793217 165.944492 661.845305 
337.025101 720.926829 331.896801 800.049174 132.625710 734.113887 170.721654 660.119842 
341.878378 723.965175 331.325485 798.647187 138.126367 732.894546 169.785046 663.894861 
342.102914 727.046038 332.361782 800.104528 138.350903 735.163648 173.256626 666.975724 
342.756311 726.874835 333.232325 803.066723 139.822148 737.131435 170.591949 669.730919 
340.502381 729.093544 334.332997 800.041456 139.997413 737.576447 171.615504 672.026746 
340.991990 730.195542 335.424122 801.881852 144.028634 737.155378 171.171994 673.820871 
339.785178 733.735070 334.217309 801.245478 142.125838 738.606955 171.357149 675.968432 
338.164172 736.324788 334.501101 802.260076 142.556153 740.720474 170.395497 679.913487 
339.021668 738.227622 336.708150 802.234977 139.287874 739.769967 171.677138 681.931996 
339.550626 741.950772 333.381242 805.958127 142.130350 741.950772 172.206095 684.883974 
341.127994 743.314367 334.864142 801.081005 144.164638 741.922399 171.307998 685.547729 
339.481177 742.640681 336.001259 801.799286 144.605772 737.768796 172.445116 687.657978 
342.221683 740.438288 337.349798 794.029024 148.042262 732.782468 174.489638 684.063617 
344.882059 737.569876 341.218988 788.120263 152.937111 724.382819 180.043841 679.693346 
347.961007 736.013064 347.961007 778.990051 158.862265 716.177532 185.309642 671.878177 
353.311578 724.553944 353.311578 769.514484 165.535206 704.057227 190.660213 668.353269 
359.557593 723.730550 357.469642 765.489565 171.642024 701.459075 195.305466 665.267928 
367.963362 719.443217 366.769924 758.229948 182.383775 693.784303 206.252532 662.754919 
381.639133 713.351437 380.382883 748.526448 195.085952 683.829553 224.607836 655.563920 
400.215626 704.962412 396.635312 738.378672 213.442601 676.319903 239.698234 648.274114 
423.402007 699.758804 418.350888 727.820572 237.633097 664.400975 265.133631 640.267854 
445.571919 692.436054 441.394886 718.094968 261.185769 656.632919 289.231559 632.167442 
469.040425 686.549828 465.073319 716.303127 281.925237 650.845870 309.033798 630.349153 
493.323855 687.161775 480.136797 712.803275 302.111521 647.600602 331.416093 629.285245 
505.358619 685.585010 489.367741 705.721671 312.283581 648.865218 343.080826 629.320812 
512.926105 684.029496 498.380048 705.848582 321.843811 644.358432 351.597109 627.167637 
517.019230 682.091914 506.579477 708.539290 328.407678 645.900767 359.030956 627.109210 
514.782201 684.935092 503.542066 710.060100 323.699907 648.569949 353.453205 630.056786 
509.056582 686.483680 495.832894 712.931056 314.877161 653.076467 346.892406 633.588927 
496.453786 694.909222 481.838131 723.444549 300.882398 662.197993 335.681577 637.838568 
483.662372 697.496634 471.190947 728.108315 288.087743 665.184304 327.202669 641.375219 
475.509595 702.768689 454.147463 731.821188 277.269013 670.298249 314.866365 642.100235 
467.682255 694.625154 448.199991 730.342638 267.177287 667.025280 306.953576 637.801884 
458.276014 696.789305 439.228042 729.756949 256.807080 665.286890 296.368253 636.714932 
445.921680 691.768414 428.062938 733.168226 243.793190 665.792062 285.193001 634.945144 
441.308226 691.471707 417.401864 733.115047 232.320355 666.023000 276.277214 632.862563 
431.570537 690.309154 406.661651 734.266013 223.508074 669.063340 271.128004 630.234781 
426.502909 689.062601 402.039085 737.329063 212.940344 673.194176 260.545622 632.861927 
423.255817 692.775152 396.264764 748.299604 205.785045 678.894038 254.368941 636.479526 
416.566278 696.322547 389.459549 750.536006 197.514601 681.670261 251.728059 635.515560 
416.140548 697.988602 388.864370 752.540957 194.783878 680.154179 246.188981 632.945410 
411.835874 695.655463 379.600845 756.462451 183.992825 684.666249 238.938898 634.115862 
402.301008 699.189306 373.069697 761.827829 174.714374 692.925454 233.176995 637.942750 
398.517594 704.866270 366.901639 769.807150 168.661057 696.321418 224.202599 638.216420 
394.004784 710.506698 359.825374 776.302063 161.584792 704.525301 217.980819 645.565818 
391.228563 717.548868 356.322840 788.983836 152.570828 711.054780 214.264664 646.925661 

