308.781690 200.650235 1045.532864 185.025822 1081.589202 685.007042 279.936620 688.612676 
308.667461 199.095738 1044.693535 185.189713 1081.445174 685.806637 281.222025 687.575590 
308.781690 198.246479 1045.532864 185.025822 1081.589202 685.007042 279.936620 687.410798 
308.781690 197.044601 1045.532864 185.025822 1083.992958 685.007042 278.734742 687.410798 
308.263826 198.242416 1045.102589 185.597355 1082.508002 686.362880 281.138498 688.612676 
309.983568 198.246479 1044.330986 186.227700 1083.992958 685.007042 282.340376 688.612676 
307.579812 199.448357 1046.734742 186.227700 1083.734249 685.706717 281.880301 688.415683 
307.723839 199.870503 1044.743200 185.964478 1084.474702 687.193827 282.340376 688.612676 
307.579812 198.246479 1045.532864 185.025822 1087.325438 685.607981 282.340376 689.814554 
308.945583 198.738157 1047.936620 183.823944 1086.396714 688.612676 281.138498 691.016432 
310.038199 200.158557 1048.646820 183.769313 1087.598592 687.410798 281.138498 689.814554 
309.198418 197.760220 1048.746148 183.278918 1088.477650 684.437636 281.138498 689.814554 
309.213771 197.625675 1048.987256 182.032701 1089.316446 684.096996 284.381582 689.303012 
309.983568 197.044601 1050.340376 180.218310 1091.199253 682.826772 284.744131 688.612676 
309.452166 194.895985 1051.437965 180.989960 1091.204225 681.401408 283.542254 688.612676 
311.185446 194.640845 1052.744131 179.016432 1094.809859 682.603286 283.179703 688.399115 
309.049433 193.580692 1053.112106 177.339130 1092.798458 679.807181 284.744131 686.208920 
309.983568 193.438967 1053.275530 174.929054 1094.000319 677.508825 284.470967 684.461838 
310.182189 191.905469 1052.748481 173.794477 1093.974552 676.567076 284.744131 682.603286 
309.983568 189.833333 1051.542254 171.805164 1093.607981 674.190141 284.744131 682.603286 
307.579812 188.631455 1052.744131 169.401408 1094.809859 671.786385 284.744131 681.401408 
308.781690 188.631455 1051.542254 169.401408 1094.073525 669.961696 285.848434 680.452178 
308.781690 188.631455 1051.542254 169.401408 1092.911316 669.452921 283.542254 680.199531 
308.781690 188.631455 1050.340376 168.199531 1092.406103 670.584507 283.542254 680.199531 
306.377934 188.631455 1047.936620 169.401408 1091.199260 671.970139 280.676620 679.916440 
305.176056 188.631455 1046.734742 168.199531 1091.204225 670.584507 279.936620 681.401408 
303.974178 189.833333 1044.330986 168.199531 1090.002347 669.382629 277.532864 681.401408 
300.368545 191.035211 1043.402264 168.869648 1088.100204 671.473502 274.597701 684.385886 
297.964789 194.640845 1040.725352 171.805164 1088.800469 672.988263 275.129108 686.208920 
296.847341 196.950239 1039.523474 171.805164 1085.194836 671.786385 272.725352 688.612676 
295.307742 198.420709 1036.300254 174.611202 1083.992958 674.190141 270.321596 691.016432 
289.551643 201.852113 1031.110329 177.814554 1082.791080 676.593897 269.119718 695.823944 
287.222373 208.790227 1025.235022 182.964751 1077.879262 680.601813 267.356622 702.454139 
283.542254 216.274648 1020.293427 188.631455 1074.377934 685.007042 263.110329 707.842723 
279.936620 222.284038 1014.284038 194.640845 1073.176056 688.612676 259.504695 713.852113 
277.011384 224.762289 1011.050883 198.936813 1069.570423 691.016432 258.302817 719.861502 
276.799487 230.761618 1007.924036 205.596099 1070.183181 695.179375 254.553237 726.111449 
274.364734 232.425626 1007.599512 207.693501 1074.550330 698.464331 255.310919 729.185809 
275.967229 236.137965 1010.279850 208.991472 1077.308537 700.049459 254.133794 731.029154 
274.736101 232.724473 1012.513918 208.478743 1080.753564 698.563476 255.327809 735.194796 
276.250733 229.761730 1014.305183 205.312721 1083.898856 696.729273 255.960242 731.226715 
274.689240 225.898391 1014.872252 202.815761 1083.269689 693.757365 255.898705 731.797410 
273.219278 224.149860 1015.210284 198.316518 1084.610338 691.346065 255.690028 726.655044 
271.723108 219.313652 1014.317595 192.180392 1083.926554 685.125473 253.539084 725.668804 
273.060244 214.089190 1013.115970 190.595357 1084.671773 679.869612 254.467958 720.371438 
271.339717 212.227002 1013.082160 188.631455 1084.842220 677.056534 255.447116 716.992453 
271.523474 210.265258 1012.209427 183.369287 1082.642544 673.064876 253.495305 715.053991 
271.523474 205.457746 1009.476526 182.622066 1081.643832 667.470553 253.440674 711.175205 
269.119718 205.457746 1009.476526 180.218310 1078.644115 662.057138 253.495305 706.640845 
270.321596 201.852113 1005.870892 175.410798 1075.862894 658.640224 253.495305 703.035211 
270.321596 197.044601 1003.467136 171.805164 1076.781690 652.556338 254.697183 695.823944 
269.119718 194.640845 1002.101370 167.489329 1070.936197 647.147886 252.293427 694.622066 
265.514085 192.237089 999.861502 164.593897 1070.772300 642.941315 252.293427 688.612676 
262.891805 188.303670 997.457746 160.988263 1068.150021 641.728139 247.485915 686.208920 
259.504695 182.622066 995.053991 158.584507 1068.368545 638.133803 246.284038 686.208920 
257.100939 181.420188 992.650235 156.180751 1065.964789 634.528169 243.880282 685.007042 
257.100939 181.420188 993.852113 154.978873 1064.390428 633.241858 241.476526 681.401408 
255.961339 180.014688 990.246479 156.180751 1065.490691 634.549587 242.055313 682.227389 
255.377582 181.196697 991.403656 157.357795 1062.920359 636.122394 241.471556 683.800196 
255.899061 182.622066 991.448357 160.988263 1064.762911 638.133803 242.678404 687.410798 
257.100939 186.227700 989.044601 163.392019 1060.665603 640.959705 243.880282 687.410798 
259.504695 188.631455 989.044601 169.401408 1058.753521 646.546948 242.678404 689.814554 
257.100939 197.044601 985.438967 175.410798 1056.349765 651.354460 240.274648 695.823944 
257.100939 205.457746 978.227700 185.025822 1046.734742 657.363850 239.072770 703.035211 
252.293427 213.870892 971.016432 193.438967 1039.523474 663.373239 234.265258 711.448357 
247.485915 222.284038 965.118555 200.635335 1028.706573 672.988263 227.053991 716.255869 
241.203371 229.659200 954.681818 209.992106 1018.053564 675.122279 218.258429 719.919548 
234.265258 234.302817 945.156194 214.074517 1003.467136 677.795775 208.136833 719.972316 
224.650235 235.504695 931.354460 217.476526 989.044601 678.997653 197.007042 720.500000 
216.237089 239.110329 919.335681 222.284038 975.823944 681.401408 183.786385 720.500000 
206.622066 240.312207 909.720657 222.284038 961.401408 681.401408 176.575117 719.861502 
200.612676 240.312207 898.789528 224.729269 949.382629 681.401408 163.354460 718.659624 
193.401408 236.706573 891.692488 222.284038 938.565728 677.795775 156.143192 713.852113 
188.593897 233.100939 884.481221 219.880282 928.950704 671.786385 150.133803 707.842723 
184.854169 227.980545 880.155454 216.061095 923.860106 669.000217 146.115955 696.812269 
186.190141 219.880282 877.269953 209.063380 921.158359 661.368351 147.387358 688.187114 
187.392019 217.476526 879.946865 207.151301 918.188436 658.401834 147.730047 685.007042 
193.401408 213.870892 880.875587 205.457746 918.133803 657.363850 148.931925 677.795775 
194.603286 210.265258 884.481221 199.448357 921.739437 651.354460 153.739437 669.382629 
199.410798 203.053991 885.683099 197.044601 924.143192 648.950704 156.143192 663.373239 
204.596679 199.502763 889.674042 194.278861 926.546948 644.143192 159.918136 658.365720 
209.025822 194.640845 894.096244 189.833333 931.354460 641.739437 163.354460 651.354460 
213.068502 192.018565 899.231540 188.740716 934.960094 640.537559 167.178617 648.732180 
218.640845 189.833333 903.656635 186.500854 939.767606 635.730047 174.171362 646.546948 
224.650235 189.833333 907.316901 188.631455 945.776995 638.133803 178.978873 642.941315 
230.659624 192.237089 914.455891 193.992290 953.243360 640.766461 183.035059 647.003904 
237.870892 198.246479 919.335681 197.044601 958.997653 646.546948 186.190141 648.950704 
242.678404 201.852113 926.546948 203.053991 965.607979 650.892586 192.830266 654.865736 
250.874380 205.872669 930.152582 207.861502 973.265324 655.908091 198.208920 657.363850 
254.697183 207.861502 937.363850 211.467136 980.631455 659.767606 204.218310 657.363850 
260.706573 209.063380 942.171362 213.870892 986.178969 660.330338 210.421393 658.341992 
269.119718 205.457746 946.978873 213.870892 991.448357 657.363850 213.545725 654.102114 
275.129108 203.053991 951.467633 209.374910 995.053991 651.354460 217.438967 646.546948 
277.532864 197.044601 955.392019 205.457746 999.131438 644.344337 222.246479 638.133803 
281.138498 189.833333 957.105442 199.185134 1001.063380 638.133803 224.650235 629.720657 
284.798763 184.534144 960.199531 193.438967 1004.178232 630.244840 227.053991 621.307512 
284.744131 177.814554 961.401408 188.631455 1008.274648 623.711268 224.650235 616.500000 
285.126549 174.263550 962.603286 186.009176 1011.716392 621.143618 225.032653 612.402688 
287.147887 171.805164 962.677789 183.346452 1011.348879 620.388724 219.698703 610.460098 
284.744131 169.401408 962.603286 180.218310 1011.880282 616.500000 219.842723 604.481221 
282.340376 168.199531 961.346780 180.491464 1011.880282 614.096244 216.237089 602.077465 
278.734742 166.997653 958.997653 176.612676 1010.678404 612.894366 209.025822 600.875587 
275.129108 163.392019 957.795775 176.612676 1008.274648 606.884977 204.218310 597.269953 
270.644415 160.099270 954.026248 174.005295 1007.072770 605.683099 198.208920 593.664319 
266.681195 154.824910 950.063029 168.730936 1002.707269 600.811020 192.184629 589.884856 
260.706573 152.575117 948.180751 166.997653 1002.265258 599.673709 181.382629 588.856808 
254.697183 150.171362 942.171362 166.997653 1002.538414 596.341228 174.171362 585.251174 
247.485915 150.171362 938.565728 166.997653 993.852113 597.269953 168.161972 587.654930 
242.678404 152.575117 932.556338 168.199531 989.973325 600.346252 159.748826 590.058685 
237.243768 154.749062 928.933098 173.702809 985.438967 604.481221 153.265821 593.567111 
231.861502 159.786385 921.739437 180.218310 979.429577 610.490610 144.124413 599.673709 
223.448357 168.199531 915.730047 189.833333 972.898707 618.074362 135.711268 608.086854 
220.006617 176.230260 910.540121 196.989970 970.634018 627.480794 127.298122 615.298122 
215.035211 183.823944 906.115023 206.659624 968.612676 638.133803 120.086854 626.115023 
212.056368 198.131939 904.894956 219.469747 969.745961 651.262809 114.369411 640.576197 
207.823944 206.659624 904.913146 228.293427 971.016432 659.767606 108.068075 651.354460 
203.508110 213.379215 902.782545 237.416774 968.612676 668.180751 99.709561 657.640418 
200.612676 219.880282 901.307512 240.312207 973.420188 671.786385 94.847418 665.776995 
194.843933 226.085479 903.690047 245.048241 975.929142 677.579819 90.097246 671.258898 
194.603286 230.697183 902.509390 247.523474 981.833333 678.997653 85.232394 676.593897 
194.603286 230.697183 906.934485 248.333003 990.246479 681.401408 84.030516 678.997653 
197.007042 233.100939 912.124413 247.523474 999.861502 682.603286 90.039906 686.208920 
201.814554 235.504695 916.931925 249.927230 1013.082160 681.401408 96.049296 686.208920 
205.420188 235.504695 925.345070 247.523474 1025.100939 681.401408 100.856808 689.814554 
211.429577 236.706573 932.556338 247.523474 1038.321596 680.199531 105.664319 688.612676 
216.237089 230.697183 939.767606 241.514085 1053.946009 674.190141 115.279343 685.007042 
221.044601 225.889671 949.382629 233.100939 1065.964789 665.776995 122.490610 677.795775 
228.255869 218.678404 955.392019 224.687793 1079.185446 657.363850 130.903756 670.584507 
231.861502 211.467136 963.805164 215.072770 1091.204225 642.941315 141.720657 663.373239 
239.072770 201.852113 968.612676 206.659624 1102.021127 632.124413 153.739437 651.354460 
246.819727 195.906838 977.025822 197.044601 1112.838028 617.701878 167.058736 643.879522 
255.899061 192.237089 980.775486 194.139235 1121.822318 610.311843 179.192434 635.542874 
263.110329 189.833333 985.438967 188.631455 1132.068075 600.875587 194.603286 629.720657 
271.523474 188.631455 988.466643 185.592806 1135.400553 590.475281 206.622066 624.913146 
277.532864 192.237089 991.448357 185.025822 1137.148740 586.835468 217.438967 623.711268 
284.744131 200.650235 987.842723 192.237089 1138.077465 585.251174 228.255869 623.711268 
288.349765 206.659624 985.821383 195.966883 1135.807803 583.891922 234.895996 625.609999 
294.359155 219.880282 983.035211 206.659624 1134.471831 590.058685 241.476526 634.528169 
297.964789 235.504695 980.631455 219.880282 1130.866197 597.269953 247.485915 644.143192 
302.772300 248.725352 974.622066 231.899061 1133.106061 602.896929 252.457320 653.157279 
306.576140 261.696334 974.787764 243.636560 1133.269953 608.086854 260.706573 660.969484 
311.185446 272.762911 974.678011 254.161138 1135.673709 609.288732 267.917840 668.180751 
314.492427 283.144393 973.674165 259.666687 1134.406150 614.370612 271.148971 673.064876 
317.954702 289.564371 972.531197 265.725470 1135.430355 615.362687 275.129108 677.795775 
318.396714 295.598592 972.218310 269.157277 1134.471831 617.701878 277.532864 680.199531 
319.598592 301.607981 966.591339 275.002773 1130.483784 618.071047 279.335683 683.628025 
319.598592 306.415493 963.805164 276.368545 1128.462441 617.701878 277.532864 682.603286 
317.467991 307.453477 962.603286 281.176056 1124.911439 621.034356 275.129108 685.007042 
319.325436 310.622065 957.413358 282.214041 1117.700171 620.491464 275.293000 682.770593 
317.587186 314.128369 956.271080 285.323030 1116.629559 619.777724 274.875821 682.638050 
319.598592 314.828638 955.392019 283.579812 1112.838028 617.701878 275.129108 681.401408 
319.981008 312.698037 953.698464 283.197397 1107.757363 618.306231 271.523474 681.401408 
322.002347 307.617371 955.392019 278.772300 1108.030516 612.894366 273.927230 677.795775 
324.406103 306.415493 957.795775 275.166667 1102.021127 610.490610 273.927230 677.795775 
325.607981 306.415493 956.593897 273.964789 1102.021127 612.894366 270.321596 680.199531 
324.406103 312.424883 955.392019 276.368545 1097.213615 617.701878 270.321596 686.208920 
325.607981 317.232394 955.392019 281.176056 1093.607981 624.913146 269.119718 695.823944 
326.809859 328.049296 954.190141 287.185446 1091.204225 638.133803 265.514085 710.246479 
326.972965 342.870655 950.477820 298.630843 1082.743839 649.819929 263.120661 724.464183 
322.548317 353.816245 946.418507 310.514201 1071.074474 662.936627 258.255641 736.510746 
316.448818 362.040014 938.674132 318.808478 1062.151581 672.993791 249.328760 740.895452 
309.071775 363.182526 930.512104 319.898125 1048.629303 671.013634 238.162644 738.850050 
298.124184 357.477864 917.769052 312.358092 1032.725381 658.846183 223.798441 727.558124 
290.753521 342.471831 910.922535 298.002347 1022.622687 639.618766 210.227700 703.035211 
283.542254 323.241784 904.913146 281.176056 1009.476526 609.288732 201.814554 676.593897 
282.340376 301.607981 897.701878 259.542254 1004.669014 582.847418 199.410798 644.143192 
283.542254 281.176056 897.756507 242.157195 1001.063380 554.002347 199.410798 615.298122 
286.363067 259.402987 898.753572 221.629349 1000.545023 530.287298 200.612676 587.654930 
292.894053 242.124957 899.792746 207.359892 1001.108076 507.332732 205.420188 558.809859 
299.166667 223.485915 903.740621 191.870024 1002.265258 484.293427 213.833333 531.166667 
307.579812 209.063380 911.175824 177.521534 1005.538141 461.601773 223.448357 505.927230 
323.308523 194.576282 918.743359 165.520568 1012.325822 443.805262 236.669014 480.687793 
337.626761 182.622066 927.187620 156.434040 1019.563362 426.608253 252.745374 461.373318 
352.153591 174.849590 936.206670 152.003977 1025.602549 420.191615 265.514085 447.035211 
362.619403 174.035165 942.171362 152.575117 1027.504695 413.382629 278.734742 439.823944 
373.814354 171.411134 946.950972 152.757270 1030.787508 408.631054 289.551643 429.753314 
381.200431 170.651562 950.256806 154.704554 1032.509792 403.981462 299.786761 423.285734 
390.970400 176.243393 952.174425 159.619461 1029.437677 402.771459 306.799030 420.193564 
399.044342 184.152854 951.442714 168.146372 1027.491007 407.512028 317.193672 422.074715 
407.729284 197.950063 951.914408 181.769285 1023.684676 417.229418 326.063192 431.655860 
416.750689 215.672806 949.382629 199.448357 1019.044140 429.681124 336.384697 443.225954 
424.037887 236.128886 947.458542 220.979228 1016.389483 445.194154 346.774636 457.313880 
431.391177 256.672184 944.343257 243.391432 1009.586594 463.077980 355.868488 475.031265 
439.476420 276.735545 941.043695 262.343371 1002.930045 480.384812 363.197896 491.898551 
442.438230 298.036030 935.731322 284.057487 993.724703 497.852201 368.297887 508.487370 
444.208211 318.526157 929.394303 305.941891 984.156124 517.687601 370.093564 527.909808 
443.021652 338.358853 922.281056 326.845113 971.934058 535.531641 367.462736 544.886554 
440.866034 356.101482 912.027621 344.240071 958.814296 552.473723 363.440678 562.953401 
440.908349 369.043629 905.624924 358.778662 949.000279 563.721286 362.881915 572.463645 
440.928119 377.728369 901.307512 365.307512 941.608545 569.045280 363.587240 576.507996 
443.061145 382.013620 897.608415 369.821496 934.921997 567.903101 365.720266 576.722675 
445.655933 382.313458 894.909918 369.307803 929.986225 565.373890 367.165231 573.028493 
446.431502 379.180441 891.589419 367.922384 923.299079 559.011683 368.623297 567.195855 
448.360927 377.891399 887.304336 367.035330 918.512059 554.281668 371.020048 563.102451 
451.335714 377.770046 885.270899 366.224779 914.443336 552.792688 375.092471 558.898547 
456.380257 381.403774 883.920733 371.944914 911.421111 556.118071 381.339966 560.491526 
460.578281 388.915158 883.980932 378.954166 912.272357 562.283773 388.550208 566.930231 
466.893112 396.443802 884.121016 388.360251 912.238892 571.489061 395.079235 574.981081 
472.290564 406.713571 885.369970 399.552911 913.721489 581.805557 403.045029 584.797802 
479.590352 418.539502 888.682744 411.135107 915.174725 592.253755 411.947132 594.124029 
484.959858 426.928512 890.051988 419.013324 917.736108 598.677616 419.944552 601.137900 
490.560409 431.452855 891.724697 423.363692 919.838636 600.677144 429.598302 604.261484 
497.039788 432.469452 894.004716 424.059178 923.160332 599.553560 437.607186 604.039040 
501.986424 432.849971 895.587242 421.636273 925.864228 594.887915 445.357246 601.616134 
506.657766 430.566823 896.643032 417.774928 926.144996 588.407909 452.627600 598.493402 
508.790382 430.160171 895.652028 415.048388 926.631183 583.544769 456.654731 595.634196 
509.504042 430.022010 892.028246 413.363698 922.259998 580.563794 459.529106 594.754208 
509.460063 432.981729 886.004160 414.878647 916.971400 580.779564 460.554314 597.236911 
506.447148 437.962834 880.629857 418.084378 911.032202 583.543295 461.428291 602.252430 
506.200601 445.558589 875.570998 423.658100 904.661625 588.881586 461.795987 609.317149 
504.627076 451.079035 868.969199 428.112005 898.243871 591.972366 460.643273 614.521667 
501.133424 456.574012 863.052733 431.897695 891.625310 593.805415 459.465082 618.420343 
499.934879 458.027450 857.922136 433.191350 887.437308 593.215641 459.857982 619.330594 
500.818603 457.490781 853.721260 431.225063 882.211222 588.323598 461.534510 616.884112 
500.680690 457.605742 850.492569 428.399437 878.371314 583.723877 463.509029 613.593961 
501.652154 455.921127 845.653696 425.575384 874.316909 577.490410 466.969667 609.911369 
502.421489 452.786642 843.029283 422.191718 869.737271 571.338296 466.791210 604.377282 
502.802545 451.008023 838.007206 419.109515 865.653754 566.330591 469.149352 599.432592 
501.004892 449.122005 833.040091 416.533896 859.461990 560.533247 468.858248 594.002085 
499.766018 445.322324 828.417127 413.772489 853.656993 555.115743 467.767474 589.329785 
499.164479 442.633933 822.566379 410.505311 846.247860 549.460401 466.184665 583.203629 
497.210612 438.779157 816.803415 407.313456 840.248447 543.664826 465.127937 577.598425 
494.818017 435.979561 811.037933 404.222056 834.034643 538.083504 463.281164 572.603887 
494.002439 434.322474 808.764524 402.396021 830.458139 535.832223 463.713240 568.986617 
495.370253 434.616688 806.493869 403.322913 827.809918 534.847474 464.983544 567.955381 
495.642037 435.401180 803.125559 404.182653 824.951275 534.312176 465.979261 567.054948 
496.643317 436.949397 802.979318 406.446223 823.996741 535.359383 467.265642 568.076877 
497.808744 438.908315 802.358300 408.951079 822.905400 537.042575 469.670149 569.393328 
499.174921 441.063644 801.691594 410.194596 822.468837 538.301145 471.938921 569.645102 
501.214799 443.509549 802.219459 413.982855 823.341787 540.389846 473.603915 572.360344 
504.230522 446.020678 802.621836 417.780071 824.091468 543.289825 478.121282 573.902670 
502.754719 452.092239 798.579676 423.028437 820.224209 548.497525 476.127398 579.383825 
505.933783 459.905995 799.477522 431.498536 820.388568 556.570264 481.077257 586.555915 
508.587036 468.174998 799.799011 439.794170 821.393119 565.039998 482.674106 595.271749 
509.083930 477.578378 798.602563 450.229396 820.036990 574.646776 483.623513 603.871884 
509.125201 487.462801 797.096805 458.839363 817.913989 583.312583 483.537122 613.535220 
508.691988 494.929742 795.734850 466.374077 815.972609 590.898346 484.899919 620.335991 
509.416835 502.762403 795.293084 474.116411 815.196164 598.717158 485.276693 628.599314 
509.680455 509.114408 794.105710 480.733580 813.231920 605.362433 483.767525 636.211159 
510.729517 517.541625 793.798723 487.962796 813.700385 611.605944 486.922366 644.543169 
512.968642 524.311013 794.027437 493.126602 812.724897 618.011955 487.827726 650.674975 
512.710389 530.729314 794.295394 498.489976 813.051419 623.920897 488.923854 659.088445 
513.191726 537.708901 792.965025 502.939971 812.616394 628.637388 489.285703 665.838145 
510.992898 543.125486 790.083720 505.620169 809.897706 630.592113 488.555151 671.221631 
508.976681 544.780303 787.665428 503.744724 808.775422 628.997353 485.557965 672.624673 
506.759677 543.500673 785.414621 499.574243 806.473739 623.582618 485.408330 672.201845 
504.819855 540.303920 782.502178 493.398204 804.166022 617.479103 483.187417 670.098547 
504.445952 536.447809 780.837234 485.692319 802.948537 609.817131 483.339708 666.602977 
503.821327 533.041514 778.550984 479.164890 801.798048 602.864274 484.676790 662.685647 
504.246066 527.938674 777.491929 470.273150 801.250856 593.496502 486.502828 658.795053 
505.553214 525.617928 777.794808 462.969864 801.954332 588.116199 488.363710 656.246056 
504.850762 527.042142 776.911545 462.018817 800.703500 586.600912 487.969630 658.280152 
504.729713 529.165341 775.723500 460.111250 799.225322 585.966273 487.321119 660.890372 
503.679017 530.015498 773.884186 457.846232 796.651871 584.142448 486.495859 663.614556 
502.144196 531.975899 770.341181 454.860884 792.567107 581.820812 483.263880 665.869890 
496.784132 531.556418 764.107622 450.494194 785.878351 578.094854 478.197007 666.618595 
489.707144 530.154068 755.365372 443.749950 776.255890 572.345294 470.955487 665.517586 
481.756520 525.049749 745.595028 435.301405 766.186596 564.090007 462.833677 661.820227 
473.405475 518.830933 735.572130 425.542390 754.577356 555.324259 453.738539 656.839977 
463.950871 511.953057 724.535614 415.017814 742.782248 545.025081 443.993615 650.513435 
454.795664 504.105854 713.924964 404.155981 732.434199 536.805503 434.435505 644.159070 
448.811945 496.719448 705.358622 395.222038 722.116361 528.850551 428.416093 636.940931 
448.731729 486.741145 705.092334 383.513275 719.844016 517.515717 428.313279 628.817181 
455.697995 475.285413 708.928108 371.485540 724.933422 507.347208 436.340975 616.924768 
467.531900 463.392271 717.642955 359.720890 733.073464 496.726212 446.926156 605.827071 
478.715965 453.488768 729.207621 348.603099 743.398035 486.805392 460.206729 595.392908 
497.078516 441.716216 743.801865 338.384085 757.370164 478.087315 477.461174 586.131180 
510.105246 435.062113 756.362682 331.702562 770.230423 473.461694 491.848359 579.258633 
527.569605 432.942584 771.274542 329.290864 785.464956 473.662902 509.677344 577.314622 
545.537033 433.866104 787.536748 330.802421 801.584391 476.601223 526.194882 580.983678 
562.873772 433.687659 804.545520 333.126260 817.521184 479.643136 545.642364 580.558391 
581.906190 432.472583 823.275442 331.915232 837.332412 481.135371 565.355190 580.711978 
601.584330 431.610183 843.650889 331.777855 858.142679 482.599813 583.872143 579.748477 
619.136227 429.580949 860.937498 332.065248 874.291619 485.124021 602.045520 579.295542 
637.160151 430.931537 879.961297 333.599487 893.185761 488.590197 620.232838 580.632461 
655.005242 431.702865 897.048626 336.222240 911.848123 491.378256 639.250939 582.562252 
671.138785 434.340200 914.843951 338.426534 926.908563 496.472523 655.454789 584.544192 
687.516508 434.448666 930.758713 340.668539 942.481229 501.267007 670.518859 586.841373 
699.365342 436.055920 941.708069 344.438548 953.037099 506.000365 681.632948 589.736673 
710.708331 437.096485 953.609344 345.322796 964.083515 508.919372 691.256299 591.715199 
718.191874 436.637516 961.864658 345.159026 971.166008 510.839322 700.895976 590.378837 
721.701395 432.302177 964.945946 341.032151 971.988442 508.009771 701.927023 587.107258 
725.364424 425.381040 964.595162 337.513450 972.932962 504.269460 704.199238 581.875142 
719.151129 421.893390 961.201452 332.964926 965.353411 502.429598 698.450232 576.929272 
722.342480 410.759078 962.503637 324.076707 966.508874 491.345640 701.436731 565.767553 
713.340466 405.758140 954.261592 318.655136 954.910887 488.121281 689.771037 562.173444 
709.323923 398.364674 947.792250 313.644466 950.165507 482.731666 684.155684 556.009622 
701.400451 392.846419 940.670349 308.760140 939.986721 479.667210 676.106205 550.080923 
693.898338 387.609357 934.535492 304.206707 933.168236 475.797405 669.287720 545.527490 
688.960727 382.285544 929.760541 300.158455 925.124709 473.074757 661.053464 540.160918 
683.057793 375.393736 919.934992 296.434670 917.781563 469.426806 654.345405 533.311869 
675.849564 369.043624 915.701310 288.908824 909.069464 464.652730 648.216874 527.655262 
669.672336 361.616755 910.316553 282.153442 902.426578 459.114295 642.057426 518.852672 
665.904161 352.699687 905.913808 276.907167 897.492417 452.703707 635.902955 512.706118 
664.605585 341.444971 905.595834 266.297474 896.781066 445.768319 634.805716 502.752959 
658.813100 333.871599 899.530581 262.270568 892.029469 440.932914 628.126735 496.168857 
656.896131 329.144697 898.340087 257.773601 889.967908 439.678217 625.521220 492.841553 
655.641168 322.724459 898.736842 253.180633 888.274496 435.348530 623.638699 487.044826 
652.026204 321.364706 897.945847 253.380094 883.939825 437.848934 620.132189 485.870678 
650.424004 316.723539 896.034425 251.345225 884.549045 436.878277 619.012958 483.500502 
649.710678 314.781367 893.416417 250.523018 883.896662 437.586212 614.489967 482.614847 
646.057309 312.076953 895.552718 248.354822 881.679723 439.108501 611.849974 481.421135 
644.460986 310.446880 896.143403 246.969457 880.552457 438.515367 609.381357 479.720010 
642.958087 308.246370 897.541259 245.899471 881.954534 439.434637 607.887957 479.050895 
640.864140 305.179025 897.650830 246.095362 882.501172 440.768457 604.504963 478.642600 
638.566059 305.007939 898.312333 245.778385 880.420072 443.827207 602.164562 478.994755 
635.087993 302.250390 895.451242 244.871759 878.175955 444.771504 594.984649 478.705103 
632.564592 297.849217 895.590573 240.697893 876.756614 443.974762 591.649440 475.148211 
628.928337 296.745701 893.258910 241.467445 875.167844 445.996994 588.725969 474.138652 
627.175548 296.629907 894.838685 243.203075 872.621586 450.033681 584.857265 476.482607 
626.227975 293.029880 896.431967 241.450810 874.745313 450.111593 582.854666 474.142751 
624.831160 291.872297 896.299950 242.514335 874.705842 454.753571 580.408994 475.113730 
623.172605 295.621451 897.292211 246.768452 873.544225 461.857350 579.069203 479.498711 
620.795582 300.467210 896.519343 255.018238 871.522408 470.900853 575.346610 486.807993 
617.743104 304.520145 897.452672 261.184780 871.983909 481.424698 569.486501 493.935669 
612.531159 311.075897 895.116362 270.145898 868.899548 493.465947 564.312256 502.830142 
605.637574 319.786359 891.154790 279.035206 864.278984 506.067954 556.914054 512.213426 
600.804817 325.202785 887.595157 288.766614 860.458006 516.965379 549.614283 520.665900 
593.626761 331.654930 885.490935 295.700057 857.737032 528.216096 541.959281 529.449603 
589.916921 336.848794 881.837275 303.991841 855.485083 536.676085 537.379398 537.148101 
585.922687 342.576305 883.197835 309.860226 855.443931 545.460033 533.532864 543.185446 
584.011737 344.875587 884.569639 313.706979 857.432489 551.737515 533.020191 546.803488 
581.397460 346.374626 884.652624 316.003980 858.874823 556.687542 530.897930 549.808969 
579.042144 346.812328 885.155307 317.013701 858.968635 559.917656 527.571789 551.790758 
575.467284 346.208772 886.035256 317.424423 860.280839 563.606353 524.715933 553.759075 
571.334766 346.422250 886.316496 318.496035 860.338622 566.584737 520.677911 555.544141 
568.547681 346.408012 887.016720 320.600112 862.907268 571.226274 519.768093 558.330521 
566.966951 347.396180 889.288732 323.241784 864.797177 573.312958 519.110329 560.011737 
566.391807 346.431462 893.353388 323.584215 870.224266 575.564781 519.413119 560.686308 
568.570150 344.886078 897.131517 323.575652 875.264804 576.977251 520.911931 561.278074 
568.872356 339.958164 899.881495 320.168898 879.041653 573.581824 521.828684 557.634817 
565.984600 332.106296 904.386641 313.418702 882.541610 569.064605 520.523319 551.619336 
562.771723 326.101743 902.881526 307.164672 882.429489 563.193878 517.322751 545.014290 
558.272973 318.074249 903.877257 300.120780 884.425916 558.401132 514.885422 540.497785 
554.135317 311.835242 901.308272 296.463659 883.274045 553.440343 510.492487 534.822823 
548.101718 308.812709 898.585494 293.000511 883.306379 551.534726 508.634072 532.611882 
544.365677 309.121798 898.402782 293.269392 884.675835 552.014926 506.048312 533.830414 
541.608427 307.425993 898.154756 292.488715 887.095378 549.672357 504.404787 533.570369 
537.901677 306.155941 898.326812 291.059600 892.036670 549.584435 503.986797 533.495189 
537.948610 306.443352 902.222116 292.922283 897.449974 550.617952 503.748258 534.710812 
537.271420 304.159558 906.916701 290.676533 903.920070 548.886488 508.116226 534.750637 
538.499507 302.499793 909.341299 288.579306 911.568577 548.057196 511.215352 535.250347 
538.602174 302.055621 912.550433 287.402476 917.239439 545.883952 513.424524 536.597310 
536.722901 301.480458 912.752637 285.893733 921.844893 544.373586 513.992261 537.879117 
531.741287 302.135578 911.154983 286.412127 922.248404 541.809440 513.314396 538.702039 
524.614840 304.272876 903.873102 286.290338 920.634618 540.329546 511.840009 543.106683 
517.853357 307.334175 896.852747 286.406722 918.727298 539.366276 508.158797 546.657794 
512.409173 309.568776 892.458470 287.497751 919.761231 537.821524 507.324334 549.121165 
511.380220 312.603676 891.269662 289.105360 921.901398 537.711950 509.561900 554.328616 
511.086112 317.076597 891.358359 289.868021 925.310188 539.073844 513.059030 558.508542 
515.778115 319.699464 894.868106 289.654027 932.325192 535.206035 520.990895 559.483776 
520.288794 319.903950 898.878727 288.885027 937.851220 533.059627 529.037721 562.487836 
522.128561 320.119911 899.584594 287.026087 943.927210 530.677421 534.433870 562.807951 
523.949947 321.494381 902.580198 286.832041 948.595577 528.016098 539.030507 563.439023 
524.123782 320.546972 900.705793 287.043235 950.907780 528.050398 540.875651 566.464407 
520.944484 324.651561 898.769847 287.297675 950.820342 531.016467 541.764682 570.207428 
518.379093 325.389399 896.893278 289.408964 949.424714 530.477883 539.967355 572.934798 
514.597673 327.740450 890.890435 291.400650 946.572385 533.470604 538.042705 576.843913 
509.338139 330.592631 887.282218 294.711864 942.717833 533.307433 536.794005 581.412043 
503.035595 335.511692 881.153160 297.551070 937.721929 538.712666 533.131580 586.457177 
498.215753 339.673170 875.290720 304.412343 932.859418 543.322436 527.000102 593.695046 
486.964294 346.349448 864.663782 309.566581 924.099923 550.629177 517.101826 603.388189 
473.399507 353.049514 852.087196 316.339807 911.410311 557.570221 505.530036 613.511889 
459.460830 361.047386 838.694623 323.627733 899.861364 566.135870 491.843222 622.984959 
450.012592 371.114254 830.595252 331.270696 893.702590 576.090121 486.297140 636.564368 
445.635222 383.335406 827.123690 341.750584 893.202987 587.768080 484.927330 652.663182 
444.467278 397.207485 827.753604 352.515997 896.684544 600.212892 486.128835 669.143832 
445.923366 407.880024 829.490863 363.396266 904.190004 612.673174 492.925072 684.015050 
449.638840 422.643733 833.667027 372.397054 910.472664 623.630447 497.014280 701.871704 
452.410266 432.212999 838.148067 382.618139 919.887744 633.347710 503.841972 716.924233 
452.447822 436.572902 841.756137 384.761075 923.791531 638.063342 509.296910 719.761419 
448.608802 442.962380 837.718344 388.953484 923.429430 644.399239 506.453073 732.183735 
445.322180 445.917059 836.811761 391.723156 925.620977 648.816448 506.776509 740.705796 
440.756535 449.914162 834.650820 394.522778 926.685833 654.106177 505.206855 745.311464 
435.433764 451.504052 832.887470 395.361488 926.180934 656.403775 505.145728 752.366215 
437.605213 451.193817 834.689196 393.062153 930.539270 655.965213 509.472742 753.037436 
433.391235 452.546282 833.170609 393.621884 931.001492 659.162853 510.226603 758.962026 
437.968817 454.525563 834.005032 393.991530 937.353695 658.213110 516.835211 764.589328 
444.951760 454.436725 839.975944 390.752920 947.641197 657.993458 528.123865 765.562005 
450.604354 452.440865 846.762796 389.093334 955.739648 654.173308 541.040995 767.412055 
461.234996 449.997587 855.017143 384.198514 968.564131 649.141486 557.549143 769.585439 
475.389507 447.599870 865.074180 378.385804 981.514024 642.842400 575.392532 761.739810 
481.644948 441.327735 868.875195 373.153396 985.674775 634.182760 584.826687 759.295951 
489.094088 438.485558 871.263235 368.454563 993.194309 628.574187 596.600287 756.380234 
493.786322 437.182350 872.620647 362.832966 998.044131 623.067065 608.043344 752.631085 
496.099251 431.460661 871.035970 357.943658 995.635803 614.017799 616.237031 746.952918 
506.390771 425.281455 874.057473 349.212482 1004.244752 603.287655 631.158955 739.171939 
520.035376 416.438249 881.586335 338.992239 1011.160066 589.456921 649.156029 726.913527 
536.965334 406.122187 886.749212 329.125736 1020.046841 575.891594 665.978805 712.154141 
546.201614 392.968083 891.857816 315.715408 1023.661821 557.195737 681.192931 695.980506 
555.248418 381.845719 891.677590 302.685914 1027.604358 538.822167 694.956855 677.624722 
564.970311 369.583053 893.275263 289.358159 1027.613364 520.465231 705.748023 660.650484 
570.973912 355.983311 888.681191 276.556491 1025.685796 504.591001 712.141431 641.490654 
573.743977 345.646153 883.907414 267.875006 1020.537143 488.830896 718.278327 627.006354 
573.223369 338.599869 877.610522 257.255460 1015.805162 474.291913 723.603711 610.119931 
576.702231 332.724673 870.275822 251.591608 1009.662103 464.471870 724.807898 599.641540 
576.099031 331.639329 864.623057 251.570460 1003.744205 458.206283 728.845799 593.490932 
580.807617 329.467782 862.704999 247.376786 1005.104868 451.293398 734.501831 584.221205 
584.617879 321.731266 861.663123 241.975817 1002.703007 441.782319 741.088627 572.084462 
585.656307 314.131358 862.041271 232.531988 1003.139272 429.090476 748.865988 555.318999 
594.833108 302.190288 861.000660 223.325829 1003.465392 413.872408 753.526200 539.296439 
602.713903 294.082259 859.201291 214.436175 1003.422009 400.359269 758.701585 524.064098 
605.876867 279.084688 858.879831 203.037554 1003.481354 385.275090 760.003393 508.072670 
609.329201 267.966678 859.093288 193.677873 1002.174198 371.129890 765.108557 491.786955 
611.038049 261.234591 858.811016 183.283546 1001.640415 358.808831 769.221582 478.736949 
601.521580 250.519918 857.856072 172.398930 1002.516203 346.283330 772.694442 461.194210 
611.685722 236.484650 855.713514 163.680779 999.701015 332.493711 771.578090 447.009601 
614.431387 223.429271 852.592052 152.818823 1000.053040 320.874921 765.457053 434.295295 
600.472335 210.103281 847.890712 144.364099 992.360991 309.472989 763.563173 419.403190 
600.172372 198.724431 839.799970 132.826842 983.038151 298.773515 748.617233 407.646828 
587.446230 195.385610 826.609161 124.229697 970.844064 287.442877 741.200625 395.510378 
573.666289 184.378661 813.435602 117.704841 960.755644 277.784887 720.147487 388.303466 
546.423301 178.969964 800.830375 110.181785 943.557375 269.642295 711.652306 374.884355 
535.704401 174.616736 788.089172 106.512909 935.521849 265.003036 696.113181 371.406888 
526.778252 174.966532 783.864994 109.222976 928.701199 264.696868 687.735479 371.882289 
516.047377 175.516755 775.842356 111.276542 919.733285 265.384578 678.198951 372.642197 
508.582340 181.314945 770.560432 115.380861 913.552982 267.906248 667.624169 374.659913 
499.975358 185.824782 767.329684 119.694737 907.777212 272.319796 659.836429 377.060456 
498.023560 191.182985 762.348434 125.588852 907.175085 276.909972 649.994126 382.120364 
488.860503 199.104155 757.526417 132.108584 901.771984 283.190434 640.625981 389.836445 
483.428683 209.631531 755.325162 141.856749 894.861478 291.758620 631.735853 398.603570 
472.395236 221.378329 750.164201 153.735110 889.768292 301.254897 621.354241 409.915813 
462.971103 234.252734 743.258698 163.155393 882.718867 313.553614 605.165785 422.934139 
452.438938 249.373956 737.890373 178.409772 875.034638 328.311643 595.962006 437.548645 
451.093221 261.147725 738.248086 188.842543 878.038105 338.273252 591.571860 449.141198 
442.842852 277.177094 733.078389 203.023509 869.316575 353.904652 581.581817 465.351783 
429.043343 294.131129 724.370760 218.248390 856.994646 370.013868 563.718114 482.812534 
417.231427 310.421466 715.469665 234.345908 848.326255 384.291935 551.190562 500.059088 
413.050006 323.387018 710.142700 247.162288 839.330235 399.114146 538.206831 515.615507 
404.171136 337.422855 708.003596 258.527133 836.418973 410.443363 529.229248 531.304894 
386.809682 353.151314 695.862688 273.615614 820.089877 430.414566 511.036870 549.339375 
374.338771 367.539180 687.179191 287.245997 810.648897 443.287466 491.748614 565.999689 
364.768796 380.270562 677.833733 298.017575 800.373897 456.648335 479.755113 580.027814 
349.764273 390.737731 670.362146 306.300469 789.861814 468.000983 462.629219 591.470689 
336.696567 394.896367 660.141748 311.573252 777.551591 472.917101 445.016616 599.416738 
317.313058 399.168535 643.403748 315.765885 759.620555 477.102159 426.009955 604.940647 
290.738221 402.386825 621.322425 318.040723 736.278661 480.611967 398.212098 608.491791 
263.201163 404.726408 596.864232 318.804588 709.278614 484.204092 368.455393 611.654792 
234.581430 403.823961 569.388854 321.258329 682.253800 484.117144 339.114065 612.889230 
204.705723 404.221915 542.692376 319.873221 651.921146 484.746836 309.808394 613.554347 
179.944144 402.281952 514.740628 319.512821 625.409466 484.121093 281.313079 611.529755 
164.556338 400.161972 498.678404 319.636150 608.049296 484.293427 266.715962 608.086854 
150.974692 395.985789 483.433919 317.548439 592.094835 482.338835 255.317956 603.233100 
145.662219 390.185347 473.851634 314.835737 581.015525 479.767662 249.477238 596.978168 
140.917999 384.977323 464.894048 312.796131 572.326519 473.944839 245.832523 588.931157 
150.462370 377.936849 465.615007 306.155880 573.013010 468.537445 252.869886 579.080138 
162.952508 368.621919 472.205840 300.830222 579.876552 461.401093 271.164413 568.622791 
180.620984 358.456610 483.263224 294.161370 592.370297 452.626405 290.377504 555.888457 
201.411189 344.328638 498.484033 283.103643 605.808988 440.052302 311.316524 541.613029 
226.705411 330.313894 512.462032 269.470977 619.108044 424.654596 332.667795 522.413440 
242.706322 311.973804 525.805082 253.361224 633.652229 408.098435 351.139595 501.878562 
254.414400 288.557325 535.061800 230.988628 642.283498 384.984893 367.392969 478.534026 
274.383459 263.590053 548.518399 206.848906 655.848039 358.614384 385.131241 448.853317 
297.477407 233.511694 562.451728 180.257051 670.909355 328.980384 406.584481 418.604051 
306.082740 211.169730 574.469743 155.487779 683.606366 306.385866 422.458017 394.363348 
328.068305 194.450290 588.659901 139.935726 699.740744 289.485648 444.286166 377.762999 
347.408959 185.236555 604.132058 130.140730 713.151456 278.430556 464.634118 364.004923 
360.542063 183.130311 613.673697 127.735854 724.778764 276.647506 478.975385 362.318390 
371.112986 188.169523 621.070018 134.100803 730.780105 282.058443 487.571442 366.282455 
374.673821 198.936578 621.254570 145.372220 730.714634 291.893567 490.592319 376.381048 
374.582618 212.253735 616.142276 159.856603 726.918719 304.347617 489.581646 389.175316 
363.587294 236.759704 607.596231 182.429590 717.056122 325.284023 486.902107 411.717408 
361.770837 247.578050 601.544394 192.032052 712.205017 334.024296 483.554655 420.781703 
362.586031 255.780427 599.874728 200.413064 711.524753 341.232916 482.922208 427.840048 
359.521895 267.287095 594.969653 211.548443 708.611298 350.904620 481.499564 437.469443 
357.394627 277.360215 594.308288 222.241526 703.653799 360.267827 480.553619 447.939257 
359.125365 291.260175 593.578320 235.600259 702.674590 372.955224 482.306248 458.975686 
363.578233 309.118349 593.728325 252.081152 703.725182 389.111135 483.199443 475.984911 
371.372199 325.910466 593.060678 269.879312 704.646755 405.487392 485.202430 493.945569 
369.293741 347.036854 594.181800 290.814840 703.258327 425.456178 485.888506 512.923716 
368.555273 366.521152 593.365358 310.940799 701.018407 446.788694 485.459120 534.516310 
364.211575 380.745062 587.521209 322.753801 697.918022 459.126335 481.451400 546.596522 
358.640753 389.497664 583.685047 332.652565 695.731807 469.254138 478.337521 556.828861 
358.231860 395.176060 582.770970 339.538050 693.171469 475.967936 476.659988 562.005249 
355.105102 400.418127 580.968817 343.977464 689.101229 479.142979 474.966093 566.135378 
355.284524 404.186291 579.011050 346.890473 688.922172 482.614056 473.050688 570.129523 
355.848216 406.719168 579.220107 351.090153 687.826818 486.430823 471.751925 572.693280 
356.618657 408.526041 580.202770 353.700818 688.217634 487.780555 473.941234 575.710712 
357.903045 411.283718 581.126089 356.677227 689.719874 491.753890 474.696112 578.130957 
356.056714 413.794872 580.937551 358.084726 689.817829 492.964291 474.866733 579.577414 
356.865982 414.494355 580.873663 359.925174 690.222084 494.007165 475.667065 581.856464 
358.049321 415.534299 581.558128 360.649864 690.580352 495.592300 476.765501 582.567833 
358.826085 415.913527 582.535284 360.934148 692.534754 496.192755 477.752331 583.491418 
361.218897 415.932796 583.326189 362.248095 692.744491 496.082051 478.417745 583.582420 
361.151210 417.055110 582.733054 361.864390 694.821260 496.211247 479.263822 583.046238 
360.750177 417.035175 585.422077 363.261245 693.464177 496.491074 480.700500 584.985700 
361.928511 417.285633 585.349111 362.776390 694.198472 496.497653 480.767071 584.681884 
362.493510 417.162355 586.834656 362.206302 695.128172 497.877393 482.125028 583.765757 
366.223092 417.007870 586.831726 363.097079 697.106887 497.094222 482.816399 584.788483 
365.856695 417.260178 587.667433 362.728634 696.688231 497.942741 485.034213 583.821528 
367.047807 416.859648 588.076127 363.001147 696.643521 496.947931 486.609487 584.089711 
367.699445 417.836187 588.390426 362.904371 698.909871 497.137393 487.366091 582.873198 
368.222123 418.771987 588.781856 363.301874 698.411025 497.758772 486.863246 583.452949 
370.446338 418.350261 589.495160 363.515093 697.593944 497.320296 488.247337 583.832616 
370.692477 418.715500 589.698136 362.904380 699.374420 496.592632 489.066189 584.169666 
370.560567 418.439979 591.633802 362.684591 699.190665 496.573642 488.732614 581.633770 
371.459004 416.138453 590.731386 360.766639 698.153699 493.117278 488.992866 581.038867 
372.586272 412.325394 589.815662 355.610332 699.647570 489.625411 490.451616 576.563989 
372.734630 408.491763 590.719354 351.031354 699.373345 484.093125 491.406217 573.719126 
375.542050 403.967614 591.030004 345.543063 699.926593 478.731968 490.860377 568.208867 
372.917046 398.844007 589.259477 339.130608 697.965889 472.543023 493.053717 561.820110 
371.332772 393.481307 586.999905 333.860017 694.421758 465.855497 489.827391 557.669930 
368.030619 391.163338 585.237313 331.244250 692.164153 462.781236 488.248480 554.249583 
368.657355 390.605936 582.319962 329.285726 687.939621 462.972147 484.231115 554.172190 
365.844256 392.603996 577.089479 330.565437 683.618276 461.944351 482.674320 555.045798 
362.805157 397.972010 573.361806 334.435618 679.570626 465.052676 478.847899 558.004811 
359.373653 403.194125 571.326156 341.139590 678.075304 470.001631 478.112948 564.402219 
359.121892 409.376660 569.707188 346.250631 675.246696 475.805116 475.924205 570.483299 
359.748634 415.690394 569.295894 351.040070 673.749896 481.682164 475.738069 574.545490 
360.547538 419.368515 569.832302 355.391004 673.074939 485.729190 477.417736 578.102665 
361.551867 422.334671 569.010195 357.641600 671.401746 486.778607 477.234460 580.266559 
364.667008 423.850570 569.800871 360.537649 672.347445 489.053810 478.735814 582.926116 
365.535634 425.707098 569.516216 362.669367 672.555170 490.523984 478.633192 583.653688 
363.538663 426.871927 568.554202 363.411286 673.204627 490.727716 480.893966 581.780927 
366.378494 427.520025 569.527616 363.932698 671.780179 491.388358 481.947975 583.497805 
370.767798 429.711085 569.877146 365.932883 673.255050 493.643397 481.064777 584.632034 
369.093161 430.208944 570.991667 367.679180 672.734228 495.105573 482.350626 585.829889 
369.932027 432.024935 570.209320 370.218293 672.537540 496.816668 483.215843 585.952564 
370.246375 435.384547 571.308744 372.024557 671.849943 499.918876 483.560959 588.874302 
373.468118 436.769134 571.359671 373.871804 672.538139 500.734037 483.946776 590.978927 
375.904444 437.456309 571.838646 375.901759 674.125543 502.020646 486.172896 592.267524 
377.201222 438.749183 572.700340 376.811521 672.759866 502.550041 487.267762 591.702000 
378.368015 440.210434 574.235108 378.067863 674.223503 502.889977 488.450095 592.780336 
378.055486 440.703975 575.452913 378.544786 675.008290 504.137722 490.011920 593.745339 
379.358507 442.571975 575.441767 379.171721 676.979500 504.858968 492.279261 593.413877 
383.136318 442.260536 576.666225 380.204751 676.709831 505.361497 491.802102 595.507154 
384.842998 442.590945 578.735436 380.341268 677.766251 504.764600 495.625833 595.394856 
388.683043 444.422067 579.106121 381.478874 679.398371 506.395823 497.064382 595.381789 
390.150347 444.822770 580.039374 381.743195 681.646102 506.922684 499.888430 596.185643 
392.801451 443.330975 581.674341 381.473816 681.523576 505.738337 501.314752 596.135419 

