1.0000 -0.0000 0.0000 0.0000 1.0000 0.0000 0.0000 -0.0000 1.0000
1.0148 0.0195 -12.5565 -0.0048 1.0138 2.2355 0.0000 0.0000 1.0000
0.9978 -0.0008 -5.8706 -0.0142 0.9891 12.9639 0.0000 -0.0000 1.0000
1.0429 0.0217 -32.2501 -0.0170 1.0173 13.9246 0.0000 -0.0000 1.0000
1.0023 0.0333 -23.3034 -0.0353 0.9991 27.7639 0.0000 -0.0000 1.0000
1.0337 0.0217 -37.0104 -0.0374 1.0018 32.4150 0.0000 -0.0000 1.0000
1.0016 0.0575 -36.8282 -0.0594 0.9986 47.1962 0.0000 -0.0000 1.0000
1.0634 0.0765 -71.0789 -0.0656 1.0313 51.4049 0.0000 -0.0000 1.0000
1.0502 0.0988 -78.4079 -0.0855 1.0265 66.4096 0.0000 0.0000 1.0000
1.0583 0.1117 -91.7852 -0.1022 1.0274 80.3592 0.0000 -0.0000 1.0000
1.0139 0.1425 -88.2362 -0.1307 1.0068 103.3439 0.0000 0.0000 1.0000
1.0585 0.1717 -119.3374 -0.1476 1.0301 116.9234 0.0000 0.0000 1.0000
1.0014 0.1571 -102.9073 -0.1688 0.9706 142.2760 0.0000 -0.0000 1.0000
1.0262 0.1809 -127.2397 -0.1907 0.9748 162.5785 0.0001 -0.0001 1.0000
0.9771 0.2000 -119.9761 -0.2243 0.9446 191.5937 0.0000 -0.0001 1.0000
0.9683 0.2282 -131.8073 -0.2539 0.9328 218.5538 0.0000 -0.0001 1.0000
0.9743 0.2729 -153.9832 -0.2819 0.9296 245.5732 0.0000 -0.0001 1.0000
0.9844 0.3126 -172.7674 -0.3150 0.9326 274.1857 0.0001 -0.0001 1.0000
0.9170 0.3374 -159.2201 -0.3505 0.8861 307.7797 0.0000 -0.0001 1.0000
0.9052 0.3847 -167.9919 -0.3905 0.8873 341.1997 0.0000 -0.0001 1.0000
0.9063 0.4099 -182.2534 -0.4191 0.8585 375.0425 0.0000 -0.0001 1.0000
0.8671 0.4608 -184.1681 -0.4618 0.8357 414.4384 0.0000 -0.0001 1.0000
0.8386 0.4698 -180.1680 -0.4921 0.8027 446.4629 0.0000 -0.0001 1.0000
0.8828 0.5730 -222.4302 -0.5420 0.8363 491.3756 0.0001 -0.0000 1.0000
0.8241 0.5856 -203.4953 -0.5706 0.7877 523.8743 0.0000 -0.0001 1.0000
0.8078 0.6397 -207.1908 -0.6092 0.7797 562.6499 0.0000 -0.0000 1.0000
0.8176 0.6754 -217.1776 -0.6493 0.7690 606.2958 0.0001 -0.0000 1.0000
0.7785 0.7040 -203.0070 -0.6850 0.7239 652.1674 0.0001 -0.0000 1.0000
0.7115 0.7158 -175.8862 -0.7131 0.6679 688.6025 0.0000 -0.0000 1.0000
0.7234 0.7874 -191.8803 -0.7563 0.6606 739.5292 0.0001 -0.0000 1.0000
0.7159 0.8514 -195.1337 -0.8041 0.6531 792.1938 0.0001 0.0000 1.0000
0.6372 0.8225 -151.5689 -0.8047 0.5692 810.7557 0.0001 -0.0000 1.0000
0.6437 0.8447 -153.2017 -0.8257 0.5308 851.1708 0.0001 -0.0001 1.0000
0.6387 0.9796 -165.8410 -0.8964 0.5644 916.8179 0.0002 0.0000 1.0000
0.5318 0.8868 -100.4054 -0.8686 0.4454 912.9091 0.0001 -0.0001 1.0000
0.5741 1.0444 -139.4661 -0.9473 0.4892 991.7975 0.0002 0.0000 1.0000
0.4764 0.9715 -80.6841 -0.9236 0.3851 989.8986 0.0001 -0.0000 1.0000
0.4486 1.0671 -81.5742 -0.9694 0.4003 1031.5204 0.0001 0.0001 1.0000
0.4052 1.0773 -59.1960 -0.9808 0.3589 1054.2977 0.0001 0.0001 1.0000
0.3452 1.0543 -25.7583 -0.9776 0.3045 1061.9284 0.0001 0.0000 1.0000
0.3258 1.1114 -18.7040 -1.0028 0.2807 1102.2132 0.0001 0.0001 1.0000
0.2750 1.1183 7.4425 -1.0109 0.2449 1120.1848 0.0001 0.0001 1.0000
0.1939 1.0660 47.6047 -0.9818 0.1938 1095.1234 0.0000 0.0001 1.0000
0.1631 1.1129 49.4255 -0.9864 0.1647 1110.9302 0.0000 0.0001 1.0000
0.1170 1.1196 70.0158 -0.9911 0.1356 1123.3726 0.0000 0.0001 1.0000
0.0820 1.1046 89.9797 -0.9903 0.1052 1131.5615 0.0000 0.0001 1.0000
0.0834 1.1571 87.6184 -1.0216 0.0791 1183.4658 0.0001 0.0001 1.0000
0.0653 1.2231 83.3317 -1.0379 0.0493 1219.1866 0.0001 0.0001 1.0000
0.0137 1.1607 115.3490 -1.0129 0.0169 1195.5263 0.0000 0.0001 1.0000
-0.0101 1.1734 129.6700 -1.0233 -0.0077 1220.6291 0.0001 0.0001 1.0000
-0.0294 1.1832 141.9998 -1.0354 -0.0356 1246.6442 0.0001 0.0001 1.0000
-0.0586 1.1739 165.5707 -1.0324 -0.0678 1261.5155 0.0001 0.0001 1.0000
-0.0698 1.1888 178.9531 -1.0412 -0.1005 1293.3573 0.0001 0.0001 1.0000
-0.1128 1.1821 201.5227 -1.0345 -0.1103 1285.9806 0.0001 0.0002 1.0000
-0.1378 1.1778 222.2347 -1.0299 -0.1533 1302.2313 0.0001 0.0001 1.0000
-0.1674 1.1408 246.2277 -1.0091 -0.1840 1292.3192 0.0001 0.0001 1.0000
-0.2018 1.1526 266.7516 -1.0060 -0.2087 1300.5321 0.0001 0.0001 1.0000
-0.2311 1.1556 286.8650 -1.0092 -0.2334 1315.7004 0.0001 0.0002 1.0000
-0.2608 1.1639 307.3270 -1.0023 -0.2627 1325.1134 0.0001 0.0002 1.0000
-0.2904 1.1373 332.7095 -0.9887 -0.2919 1323.7123 0.0001 0.0001 1.0000
-0.3248 1.0993 355.8155 -0.9646 -0.3129 1301.7162 0.0001 0.0001 1.0000
-0.3378 1.1513 376.5462 -0.9799 -0.3703 1363.6964 0.0002 0.0001 1.0000
-0.3754 1.0860 402.0022 -0.9447 -0.3903 1323.2984 0.0001 0.0001 1.0000
-0.4139 1.0635 428.7423 -0.9272 -0.4086 1310.9670 0.0001 0.0001 1.0000
-0.4464 1.1078 461.0277 -0.9412 -0.4616 1365.1693 0.0002 0.0001 1.0000
-0.4776 1.0815 484.8857 -0.9200 -0.4920 1356.1075 0.0002 0.0001 1.0000
-0.5117 1.0562 510.3674 -0.8989 -0.5152 1343.3196 0.0001 0.0001 1.0000
-0.5394 0.9960 533.4782 -0.8649 -0.5416 1312.8368 0.0001 0.0001 1.0000
-0.5690 0.9684 551.4735 -0.8482 -0.5486 1290.4588 0.0000 0.0001 1.0000
-0.5969 0.9509 583.6452 -0.8229 -0.5859 1293.0579 0.0001 0.0001 1.0000
-0.5965 0.8446 602.1655 -0.7693 -0.6413 1255.7691 0.0000 0.0000 1.0000
-0.6246 0.8492 637.2057 -0.7564 -0.6728 1270.9902 0.0001 0.0000 1.0000
-0.6944 0.9081 688.8417 -0.7778 -0.6526 1291.3167 0.0001 0.0001 1.0000
-0.6956 0.8881 704.6263 -0.7515 -0.6623 1275.8888 0.0001 0.0001 1.0000
-0.6970 0.9264 726.8669 -0.7445 -0.7557 1325.2597 0.0002 0.0001 1.0000
-0.7769 1.0903 746.0524 -0.8191 -0.7192 1357.7322 0.0000 0.0004 1.0000
-0.6824 0.8726 717.5347 -0.7334 -0.7333 1248.4330 0.0001 0.0001 1.0000
-0.6323 0.7353 679.7589 -0.6986 -0.6802 1144.8985 -0.0000 -0.0000 1.0000
-0.6086 0.6783 668.9501 -0.7084 -0.6591 1116.7842 -0.0000 -0.0001 1.0000
-0.6069 0.8290 652.7134 -0.7660 -0.6100 1155.1661 0.0000 0.0000 1.0000
-0.5657 0.8050 607.2397 -0.7652 -0.5993 1120.5351 -0.0000 0.0000 1.0000
-0.4988 0.7474 569.7232 -0.7588 -0.5653 1093.1469 0.0000 -0.0001 1.0000
-0.4757 0.9719 540.2874 -0.8782 -0.5149 1208.1674 0.0001 0.0000 1.0000
-0.4193 0.8925 498.9386 -0.9027 -0.4529 1194.5658 0.0001 -0.0001 1.0000
-0.3444 0.9490 460.7150 -0.9254 -0.4283 1238.8792 0.0002 -0.0001 1.0000
-0.2922 1.2717 411.8687 -1.0340 -0.3633 1375.7696 0.0003 0.0002 1.0000
-0.2189 1.1007 378.6441 -0.9663 -0.3118 1288.9781 0.0002 0.0000 1.0000
-0.1703 1.0506 339.4918 -0.9263 -0.1846 1209.8123 0.0001 0.0001 1.0000
-0.0268 1.2097 295.7285 -1.0277 -0.2133 1384.7272 0.0004 -0.0000 1.0000
0.0723 1.3132 235.9186 -1.0474 -0.1267 1399.4677 0.0004 0.0000 1.0000
0.1493 1.2472 218.1824 -1.0311 -0.1024 1379.5721 0.0005 -0.0000 1.0000
0.0477 1.0637 244.6637 -0.9319 -0.0128 1181.7078 0.0001 0.0000 1.0000
0.0680 0.9461 249.0258 -0.8881 -0.0116 1121.6595 0.0001 -0.0001 1.0000
0.2006 1.0120 201.8613 -0.9159 0.0139 1169.5597 0.0002 -0.0001 1.0000
0.2467 0.9818 186.0881 -0.9129 0.0547 1141.8412 0.0002 -0.0001 1.0000
0.2306 0.8372 202.8831 -0.8567 0.0516 1055.9639 0.0002 -0.0002 1.0000
0.3138 0.9078 170.6746 -0.8851 0.1114 1071.5225 0.0002 -0.0001 1.0000
0.3775 0.8817 151.6913 -0.8716 0.1360 1045.5905 0.0003 -0.0002 1.0000
0.3858 0.8856 148.3795 -0.8606 0.1958 1002.2152 0.0002 -0.0001 1.0000
0.3544 0.8140 165.3724 -0.8239 0.2095 939.6227 0.0001 -0.0002 1.0000
0.4450 0.8486 128.6766 -0.8302 0.2834 926.0564 0.0002 -0.0001 1.0000
0.3867 0.7285 164.6906 -0.7675 0.2853 842.8589 0.0001 -0.0002 1.0000
0.4481 0.7802 131.4251 -0.7706 0.3434 831.4168 0.0001 -0.0001 1.0000
0.5303 0.7603 109.9916 -0.7596 0.3990 811.7584 0.0002 -0.0001 1.0000
0.5213 0.6630 127.2062 -0.7079 0.4033 752.9123 0.0001 -0.0002 1.0000
0.5615 0.7073 106.9098 -0.7063 0.4894 728.4406 0.0001 -0.0001 1.0000
0.5174 0.6361 132.2986 -0.6585 0.5022 670.4718 0.0000 -0.0001 1.0000
0.5501 0.5393 142.3311 -0.6144 0.4996 636.3635 0.0000 -0.0002 1.0000
0.5678 0.5144 140.8614 -0.5792 0.5575 590.9390 0.0000 -0.0002 1.0000
0.6289 0.4901 131.4662 -0.5548 0.6113 567.0349 0.0000 -0.0001 1.0000
0.6728 0.4605 122.2273 -0.5137 0.6482 531.5307 0.0000 -0.0001 1.0000
0.6766 0.4247 129.6191 -0.4777 0.6809 495.0800 0.0000 -0.0001 1.0000
0.7333 0.4281 110.2782 -0.4427 0.7412 461.5047 0.0000 -0.0001 1.0000
0.9805 0.3302 47.7263 -0.3903 0.7856 445.6351 0.0002 -0.0002 1.0000
1.1446 0.3080 -2.9007 -0.3223 0.8742 394.5964 0.0003 -0.0001 1.0000
0.9276 0.2486 84.0455 -0.3029 0.8152 358.1988 0.0001 -0.0001 1.0000
0.9676 0.2143 79.2166 -0.2551 0.8543 311.7246 0.0001 -0.0001 1.0000
0.8970 0.1489 115.2885 -0.2185 0.8317 270.2335 0.0001 -0.0001 1.0000
1.3174 0.1351 -22.0250 -0.1060 1.0908 166.9574 0.0004 -0.0001 1.0000
1.0775 0.0494 70.8517 -0.0844 0.9105 153.4631 0.0002 -0.0001 1.0000
1.2797 0.0007 16.1447 -0.0104 1.0289 87.6346 0.0003 -0.0001 1.0000
1.0720 0.0124 88.0656 -0.0167 0.9545 82.3885 0.0002 -0.0000 1.0000
1.0500 -0.1077 112.0745 0.0303 0.8805 54.1571 0.0002 -0.0001 1.0000
1.1080 -0.1357 103.2515 0.0699 0.9142 23.5602 0.0002 -0.0001 1.0000
1.1375 -0.1485 99.8767 0.1126 0.9521 -13.5403 0.0002 -0.0001 1.0000
1.0488 -0.1982 139.5138 0.1268 0.8940 -20.2536 0.0002 -0.0001 1.0000
0.9432 -0.1913 180.6648 0.1395 0.8851 -37.1912 0.0001 -0.0001 1.0000
0.9851 -0.2338 181.8797 0.1920 0.9048 -71.5357 0.0001 -0.0001 1.0000
0.9242 -0.2471 210.3017 0.2109 0.8916 -86.8547 0.0001 -0.0000 1.0000
0.9612 -0.3012 216.9032 0.2664 0.8967 -120.2504 0.0001 -0.0000 1.0000
1.0157 -0.4903 247.9692 0.3396 0.8229 -146.4962 0.0002 -0.0002 1.0000
1.0082 -0.4631 261.0412 0.3799 0.8565 -178.2011 0.0002 -0.0001 1.0000
0.9364 -0.5477 310.9652 0.3978 0.7802 -180.4784 0.0002 -0.0002 1.0000
1.0228 -0.6082 312.8601 0.4832 0.8001 -230.3183 0.0002 -0.0002 1.0000
0.9621 -0.6240 354.0849 0.5033 0.7805 -243.7678 0.0002 -0.0002 1.0000
1.0904 -0.7017 357.6834 0.6231 0.8245 -316.6841 0.0003 -0.0001 1.0000
0.9876 -0.7226 415.7260 0.6283 0.7607 -314.2243 0.0002 -0.0001 1.0000
0.9530 -0.6604 437.2514 0.6538 0.7870 -335.0130 0.0002 -0.0000 1.0000
0.8550 -0.6504 484.5784 0.6467 0.7456 -329.6092 0.0001 0.0000 1.0000
0.9164 -0.7335 517.8270 0.7363 0.7504 -378.6096 0.0002 0.0000 1.0000
0.8729 -0.7475 565.3507 0.7639 0.7325 -390.9006 0.0002 0.0001 1.0000
0.7844 -0.8403 643.3105 0.7925 0.6433 -399.0267 0.0002 -0.0000 1.0000
0.8723 -0.9137 669.7397 0.9120 0.6533 -462.2028 0.0003 -0.0000 1.0000
0.7473 -0.8806 713.7407 0.8821 0.5980 -438.2459 0.0002 0.0000 1.0000
0.7868 -0.9404 752.3658 0.9761 0.6010 -490.8762 0.0002 0.0000 1.0000
0.6855 -0.9320 788.2916 0.9417 0.5515 -465.9751 0.0002 0.0000 1.0000
0.6570 -0.9203 815.2545 0.9684 0.5500 -481.4223 0.0002 0.0001 1.0000
0.6369 -0.9145 836.0391 0.9975 0.5446 -498.6693 0.0002 0.0001 1.0000
0.6894 -0.9716 843.8887 1.0762 0.5359 -543.1102 0.0002 0.0001 1.0000
0.7114 -1.0471 856.0714 1.1153 0.5000 -560.8680 0.0002 0.0001 1.0000
0.7109 -1.0454 868.3623 1.1486 0.5110 -586.9105 0.0003 0.0001 1.0000
0.7699 -1.1211 882.3005 1.2226 0.5094 -631.0494 0.0003 0.0001 1.0000
0.6818 -1.0672 881.9019 1.1558 0.4867 -599.0095 0.0002 0.0001 1.0000
0.6832 -1.0964 889.3543 1.1719 0.4692 -609.9151 0.0003 0.0001 1.0000
0.6629 -1.0765 895.4881 1.1736 0.4829 -622.2478 0.0002 0.0001 1.0000
0.6734 -1.0974 902.6225 1.1902 0.4809 -636.0211 0.0003 0.0001 1.0000
0.6956 -1.1144 908.1374 1.2243 0.4969 -666.8284 0.0003 0.0001 1.0000
0.7080 -1.1375 915.2848 1.2445 0.4996 -687.1805 0.0003 0.0001 1.0000
0.6977 -1.1162 916.8310 1.2480 0.5160 -701.7980 0.0003 0.0001 1.0000
0.6606 -1.1253 928.6335 1.2146 0.5029 -687.7757 0.0002 0.0001 1.0000
0.7448 -1.1661 931.4588 1.2946 0.5349 -744.6476 0.0003 0.0001 1.0000
0.7124 -1.1450 959.0618 1.2918 0.5813 -762.9617 0.0003 0.0002 1.0000
0.7573 -1.1499 945.7249 1.3310 0.5775 -788.9412 0.0003 0.0002 1.0000
0.7362 -1.1751 951.8103 1.3086 0.5568 -779.4507 0.0003 0.0002 1.0000
0.7918 -1.2363 965.3410 1.3636 0.5743 -819.3578 0.0003 0.0001 1.0000
0.8807 -1.2343 977.2306 1.4615 0.6433 -892.1203 0.0003 0.0003 1.0000
0.8715 -1.2483 982.8751 1.4562 0.6533 -898.4697 0.0003 0.0002 1.0000
0.8275 -1.2369 978.4843 1.4064 0.6263 -867.6137 0.0003 0.0002 1.0000
0.8454 -1.2488 994.0344 1.4372 0.6533 -893.5730 0.0003 0.0002 1.0000
0.7289 -1.1868 989.9204 1.3279 0.6136 -825.3332 0.0002 0.0002 1.0000
0.7837 -1.2092 994.0584 1.3761 0.6429 -855.7211 0.0002 0.0002 1.0000
0.7876 -1.1813 993.8365 1.3877 0.6595 -860.2165 0.0002 0.0003 1.0000
0.8143 -1.1870 980.5192 1.4167 0.6630 -870.4995 0.0002 0.0002 1.0000
0.8043 -1.1994 977.1229 1.4153 0.6599 -863.5660 0.0002 0.0002 1.0000
0.7898 -1.1803 984.2635 1.3843 0.6616 -833.7423 0.0002 0.0002 1.0000
0.8164 -1.2323 988.4438 1.4024 0.6652 -829.1938 0.0002 0.0002 1.0000
0.6942 -1.1198 986.3782 1.3209 0.6470 -767.2985 0.0001 0.0002 1.0000
0.8319 -1.1318 972.6943 1.4602 0.7266 -841.8195 0.0002 0.0003 1.0000
0.7117 -1.1166 985.0760 1.3470 0.6638 -749.7885 0.0001 0.0003 1.0000
0.6095 -1.1115 988.9979 1.2601 0.6117 -683.9863 0.0001 0.0002 1.0000
0.6029 -1.1374 998.0590 1.2654 0.5985 -672.9575 0.0001 0.0002 1.0000
0.5755 -1.1111 1006.1847 1.2523 0.6009 -655.3323 0.0000 0.0002 1.0000
0.4576 -1.0558 1012.2661 1.1670 0.5530 -598.9590 -0.0000 0.0002 1.0000
0.5434 -1.1296 1023.4184 1.2774 0.5744 -665.8110 0.0000 0.0002 1.0000
0.4412 -1.1099 1031.4193 1.1906 0.5029 -614.1427 -0.0000 0.0001 1.0000
0.3936 -1.0972 1040.4128 1.1392 0.4957 -595.3836 -0.0001 0.0001 1.0000
0.3963 -1.0728 1046.0096 1.1663 0.5133 -624.8978 -0.0001 0.0002 1.0000
0.4838 -1.0917 1030.7770 1.2773 0.5701 -713.0458 -0.0000 0.0002 1.0000
0.4607 -1.0815 1023.5388 1.2310 0.5508 -691.8757 -0.0000 0.0002 1.0000
0.5096 -1.0915 1012.4706 1.2611 0.5785 -723.0993 -0.0000 0.0002 1.0000
0.5293 -1.0662 996.6460 1.2537 0.6287 -738.8435 -0.0000 0.0003 1.0000
0.5260 -1.0464 970.5437 1.2053 0.6244 -715.9969 -0.0000 0.0002 1.0000
0.5136 -1.0285 944.6518 1.1447 0.6332 -690.9965 -0.0000 0.0002 1.0000
0.5589 -1.0427 915.1543 1.1447 0.6527 -700.0655 -0.0000 0.0002 1.0000
0.6726 -1.0241 872.7725 1.2016 0.7517 -753.9852 0.0000 0.0002 1.0000
0.6851 -0.9911 827.7458 1.1449 0.7653 -721.5332 0.0000 0.0002 1.0000
0.7308 -0.9828 788.0675 1.1290 0.7959 -717.1392 0.0000 0.0002 1.0000
0.5836 -0.9186 766.0155 0.9339 0.7097 -584.7261 -0.0001 0.0001 1.0000
0.6790 -0.8820 724.3026 0.9797 0.7967 -626.0891 -0.0000 0.0002 1.0000
0.6802 -0.8330 689.0154 0.9336 0.8155 -600.5193 -0.0001 0.0002 1.0000
0.6127 -0.8044 675.5962 0.8403 0.7655 -533.7222 -0.0001 0.0001 1.0000
0.6098 -0.7640 652.4552 0.8044 0.7750 -512.4187 -0.0001 0.0001 1.0000
0.5961 -0.7264 637.0209 0.7687 0.7797 -490.6533 -0.0001 0.0001 1.0000
0.6331 -0.7403 617.8701 0.7647 0.7857 -485.6883 -0.0001 0.0001 1.0000
0.5782 -0.6901 614.9526 0.7123 0.7739 -452.9673 -0.0002 0.0001 1.0000
0.5753 -0.6816 604.5948 0.6904 0.7691 -438.4121 -0.0002 0.0001 1.0000
0.5890 -0.6784 593.9786 0.6850 0.7739 -435.7200 -0.0002 0.0001 1.0000
0.5895 -0.6577 583.0184 0.6703 0.7804 -428.4616 -0.0002 0.0001 1.0000
0.5898 -0.6439 575.2787 0.6560 0.7858 -421.7685 -0.0002 0.0001 1.0000
0.5845 -0.6448 571.2988 0.6340 0.7776 -407.8598 -0.0002 0.0001 1.0000
0.5645 -0.6272 569.2339 0.6094 0.7689 -393.9959 -0.0002 0.0001 1.0000
0.5595 -0.6044 562.0471 0.5916 0.7763 -387.6963 -0.0002 0.0001 1.0000
0.5474 -0.6170 560.1520 0.5645 0.7612 -372.8342 -0.0002 0.0000 1.0000
0.6018 -0.5964 536.6633 0.5779 0.7998 -390.5249 -0.0002 0.0001 1.0000
0.5978 -0.5850 529.2314 0.5642 0.7981 -385.9737 -0.0002 0.0001 1.0000
0.5859 -0.5517 521.5858 0.5432 0.8067 -379.6720 -0.0002 0.0001 1.0000
0.6134 -0.5301 504.4544 0.5399 0.8305 -386.7418 -0.0002 0.0001 1.0000
0.5929 -0.5068 498.4637 0.5169 0.8235 -375.0679 -0.0002 0.0001 1.0000
0.6399 -0.5247 482.6425 0.5252 0.8381 -384.8222 -0.0002 0.0001 1.0000
0.5782 -0.5444 498.8218 0.4805 0.7804 -344.6027 -0.0002 0.0000 1.0000
0.5750 -0.5032 487.8089 0.4724 0.8012 -345.3770 -0.0002 0.0001 1.0000
0.5708 -0.4844 486.6081 0.4664 0.8078 -339.7204 -0.0002 0.0001 1.0000
0.5471 -0.4885 496.5816 0.4471 0.7850 -314.1827 -0.0002 0.0001 1.0000
0.5794 -0.5018 494.3484 0.4715 0.7953 -328.2301 -0.0002 0.0001 1.0000
0.5490 -0.4849 499.3090 0.4594 0.7856 -316.6040 -0.0002 0.0001 1.0000
0.5319 -0.4587 511.6961 0.4539 0.7945 -307.8704 -0.0002 0.0001 1.0000
0.5206 -0.4854 523.1047 0.4504 0.7738 -298.2459 -0.0002 0.0001 1.0000
0.5004 -0.5129 536.9472 0.4476 0.7421 -286.5079 -0.0002 0.0000 1.0000
0.4982 -0.4984 540.9254 0.4529 0.7501 -287.8166 -0.0002 0.0001 1.0000
0.4916 -0.4933 546.0002 0.4531 0.7513 -285.3342 -0.0002 0.0001 1.0000
0.4885 -0.4830 547.9801 0.4563 0.7588 -287.4943 -0.0002 0.0001 1.0000
0.4712 -0.4965 558.5079 0.4499 0.7350 -276.4378 -0.0002 0.0001 1.0000
0.4739 -0.4915 558.5365 0.4548 0.7398 -278.4807 -0.0002 0.0001 1.0000
0.4709 -0.4944 561.4154 0.4571 0.7378 -278.4190 -0.0002 0.0001 1.0000
0.4199 -0.4661 570.8878 0.4302 0.7242 -261.1473 -0.0003 0.0001 1.0000
0.4599 -0.5061 567.9335 0.4573 0.7221 -273.9072 -0.0002 0.0001 1.0000
0.4569 -0.4912 567.1525 0.4589 0.7285 -274.9445 -0.0002 0.0001 1.0000
0.4445 -0.4979 568.3023 0.4540 0.7130 -269.4862 -0.0002 0.0001 1.0000
0.4483 -0.4920 564.6167 0.4598 0.7188 -273.7170 -0.0002 0.0001 1.0000
0.4423 -0.4912 562.7952 0.4564 0.7118 -269.9834 -0.0002 0.0001 1.0000
0.4469 -0.4868 557.9352 0.4599 0.7181 -272.8973 -0.0002 0.0001 1.0000
0.4362 -0.4895 558.5801 0.4517 0.7066 -264.6890 -0.0002 0.0001 1.0000
0.4337 -0.4918 556.1386 0.4489 0.7045 -262.1742 -0.0002 0.0001 1.0000
0.4701 -0.5059 548.5803 0.4696 0.7264 -275.7049 -0.0002 0.0001 1.0000
0.4478 -0.5093 548.4805 0.4515 0.6930 -256.7308 -0.0002 0.0000 1.0000
0.4767 -0.5165 537.7885 0.4648 0.7072 -265.9671 -0.0002 0.0000 1.0000
0.4619 -0.4971 536.6807 0.4571 0.7100 -262.3002 -0.0002 0.0001 1.0000
0.4751 -0.5054 531.8120 0.4607 0.7084 -261.1901 -0.0002 0.0000 1.0000
0.2591 -0.4647 575.7102 0.3012 0.6191 -160.7038 -0.0004 0.0000 1.0000
1.0000 0.0000 0.0000 0.0000 1.0000 0.0000 0.0000 0.0000 1.0000
1.0000 0.0000 0.0000 0.0000 1.0000 0.0000 0.0000 0.0000 1.0000
1.0000 0.0000 0.0000 0.0000 1.0000 0.0000 0.0000 0.0000 1.0000
1.0000 0.0000 0.0000 0.0000 1.0000 0.0000 0.0000 0.0000 1.0000
1.0000 0.0000 0.0000 0.0000 1.0000 0.0000 0.0000 0.0000 1.0000
0.4819 -0.5408 518.6243 0.4432 0.6728 -229.9026 -0.0002 -0.0000 1.0000
0.5486 -0.4927 492.7862 0.4786 0.7493 -260.4685 -0.0002 0.0001 1.0000
0.4763 -0.4875 507.6634 0.4313 0.7056 -226.1507 -0.0002 0.0000 1.0000
0.4948 -0.4977 501.0617 0.4344 0.7104 -226.6249 -0.0002 0.0000 1.0000
0.4831 -0.4990 498.3416 0.4177 0.6962 -213.6142 -0.0002 0.0000 1.0000
0.4833 -0.4740 488.9104 0.4097 0.7111 -212.0338 -0.0002 0.0000 1.0000
0.5027 -0.4709 476.4429 0.4071 0.7194 -210.3183 -0.0002 0.0000 1.0000
0.5184 -0.4638 463.7246 0.4001 0.7295 -207.0162 -0.0002 0.0000 1.0000
0.5217 -0.4435 450.5660 0.3836 0.7347 -198.5198 -0.0002 0.0000 1.0000
0.5190 -0.4195 438.8902 0.3627 0.7442 -188.1665 -0.0002 0.0000 1.0000
0.5196 -0.3967 426.9979 0.3451 0.7551 -181.2176 -0.0002 0.0000 1.0000
0.5283 -0.3878 411.5780 0.3215 0.7533 -166.2730 -0.0002 0.0000 1.0000
0.5141 -0.3668 401.6684 0.2879 0.7527 -149.3955 -0.0002 0.0000 1.0000
0.4999 -0.3500 392.2072 0.2505 0.7452 -127.4894 -0.0003 -0.0000 1.0000
0.4789 -0.3117 380.7983 0.2108 0.7481 -107.3911 -0.0003 -0.0000 1.0000
0.4788 -0.3141 370.2081 0.1810 0.7354 -88.9638 -0.0003 -0.0000 1.0000
0.5402 -0.2770 330.4404 0.1729 0.7603 -84.2657 -0.0002 -0.0000 1.0000
0.5554 -0.2267 305.6007 0.1441 0.7811 -70.4090 -0.0002 -0.0000 1.0000
0.5635 -0.1766 286.3986 0.1141 0.8090 -58.8606 -0.0003 0.0000 1.0000
0.5905 -0.1618 265.4446 0.0986 0.8144 -49.9224 -0.0002 0.0000 1.0000
0.6193 -0.1409 244.1860 0.0844 0.8317 -45.2415 -0.0002 -0.0000 1.0000
0.5406 -0.0965 256.5790 0.0404 0.8121 -22.4368 -0.0003 0.0000 1.0000
0.7160 -0.0942 188.0011 0.0905 0.8941 -63.0348 -0.0002 0.0000 1.0000
0.6881 -0.1225 200.0908 0.0939 0.8664 -68.2190 -0.0002 0.0000 1.0000
0.6803 -0.1482 210.6617 0.1417 0.8735 -120.3886 -0.0002 0.0000 1.0000
0.6684 -0.1610 207.3965 0.1712 0.8755 -148.9024 -0.0002 0.0001 1.0000
0.7825 -0.1853 159.5616 0.2404 0.9520 -211.0196 -0.0001 0.0001 1.0000
0.8305 -0.2192 149.2037 0.2744 1.0060 -248.4556 -0.0001 0.0001 1.0000
0.7666 -0.2436 156.3383 0.2557 0.8922 -192.1649 -0.0001 0.0001 1.0000
0.7071 -0.2717 146.5398 0.2198 0.8376 -134.8792 -0.0001 -0.0000 1.0000
0.7587 -0.2687 98.5152 0.2476 0.8792 -141.2076 -0.0001 0.0000 1.0000
0.6711 -0.3164 87.4587 0.2181 0.7631 -108.4301 -0.0001 -0.0001 1.0000
0.8341 -0.3986 8.8881 0.3360 0.8391 -209.5144 -0.0000 -0.0001 1.0000
0.9508 -0.3979 -60.3551 0.3952 0.9060 -279.3719 0.0001 -0.0001 1.0000
0.7387 -0.3367 9.1739 0.2681 0.8558 -203.3390 -0.0001 -0.0000 1.0000
0.8496 -0.3753 -30.5120 0.3308 0.8491 -235.2010 0.0000 -0.0002 1.0000
0.8330 -0.2849 -19.8513 0.2876 0.9068 -206.9499 -0.0000 0.0000 1.0000
0.8514 -0.2990 -19.8524 0.2497 0.8737 -149.3747 -0.0000 -0.0001 1.0000
0.8762 -0.2570 -37.6380 0.2293 0.9107 -116.3913 -0.0000 -0.0001 1.0000
0.8252 -0.2464 -8.4555 0.1932 0.8745 -78.8458 -0.0001 -0.0001 1.0000
0.7959 -0.2164 7.0071 0.1670 0.8805 -64.9187 -0.0001 -0.0001 1.0000
0.8151 -0.1795 -0.8449 0.1572 0.9108 -62.9534 -0.0001 0.0000 1.0000
0.8148 -0.1780 5.9953 0.1502 0.9041 -58.6033 -0.0001 -0.0000 1.0000
0.8134 -0.1815 11.5238 0.1444 0.8943 -55.5159 -0.0001 -0.0000 1.0000
0.7957 -0.1509 14.3365 0.1260 0.9011 -49.2628 -0.0001 -0.0000 1.0000
0.7613 -0.1464 26.8836 0.1077 0.8768 -39.9614 -0.0001 -0.0000 1.0000
0.7895 -0.1410 13.7233 0.1021 0.8941 -41.0569 -0.0001 -0.0000 1.0000
0.7335 -0.0924 24.9622 0.0674 0.9006 -30.4126 -0.0002 0.0000 1.0000
0.7027 -0.1464 47.8855 0.0588 0.8230 -14.1765 -0.0002 -0.0000 1.0000
0.7521 -0.0769 1.4267 0.0575 0.8621 -17.6958 -0.0001 -0.0000 1.0000
0.8361 -0.0897 -46.6411 0.0842 0.9291 -42.2089 -0.0001 -0.0000 1.0000
0.8547 -0.1342 -58.7524 0.0956 0.9237 -48.1692 -0.0001 -0.0000 1.0000
0.8446 -0.1350 -41.7747 0.0996 0.9169 -51.7111 -0.0001 -0.0000 1.0000
0.8144 -0.1009 10.8122 0.0948 0.9356 -53.1555 -0.0001 0.0000 1.0000
0.7081 0.0425 54.4728 0.0618 0.9715 -41.1388 -0.0002 0.0002 1.0000
0.6673 -0.0965 194.6648 0.0647 0.8311 -15.5448 -0.0002 0.0000 1.0000
0.6271 -0.0288 234.5277 0.0365 0.8616 -4.2910 -0.0002 0.0001 1.0000
0.6600 0.0211 171.4961 0.0375 0.9258 -7.5528 -0.0002 0.0002 1.0000
0.6039 -0.0402 159.7321 0.0272 0.8453 0.9647 -0.0003 0.0000 1.0000
0.6796 -0.0948 170.4110 0.0587 0.8792 -17.3457 -0.0002 0.0000 1.0000
0.6857 0.0204 141.4157 0.0519 0.9548 -27.2807 -0.0002 0.0002 1.0000
0.5358 -0.0969 266.5390 0.0191 0.7208 25.3332 -0.0003 -0.0000 1.0000
0.6233 -0.0418 250.3814 0.0466 0.8733 -32.4126 -0.0002 0.0000 1.0000
0.6534 -0.0467 169.0061 0.0470 0.8769 -30.8703 -0.0002 0.0001 1.0000
0.7060 -0.0551 95.2388 0.0651 0.8773 -42.9445 -0.0002 0.0000 1.0000
0.7999 -0.1155 62.4363 0.1085 0.9219 -89.2275 -0.0001 -0.0000 1.0000
0.6666 -0.0966 86.5176 0.0550 0.8777 -62.7004 -0.0002 0.0000 1.0000
0.6755 0.0505 87.1256 0.0506 0.9405 -92.1365 -0.0002 0.0002 1.0000
0.7068 -0.0106 97.0559 0.0877 0.9562 -179.2516 -0.0002 0.0001 1.0000
0.6658 -0.1412 112.3356 0.0895 0.8335 -201.4342 -0.0002 -0.0001 1.0000
1.0000 0.0000 0.0000 0.0000 1.0000 0.0000 0.0000 0.0000 1.0000
1.0000 0.0000 0.0000 0.0000 1.0000 0.0000 0.0000 0.0000 1.0000
1.0000 0.0000 0.0000 0.0000 1.0000 0.0000 0.0000 0.0000 1.0000
1.0000 0.0000 0.0000 0.0000 1.0000 0.0000 0.0000 0.0000 1.0000
1.0000 0.0000 0.0000 0.0000 1.0000 0.0000 0.0000 0.0000 1.0000
1.0000 0.0000 0.0000 0.0000 1.0000 0.0000 0.0000 0.0000 1.0000
1.0000 0.0000 0.0000 0.0000 1.0000 0.0000 0.0000 0.0000 1.0000
1.0000 0.0000 0.0000 0.0000 1.0000 0.0000 0.0000 0.0000 1.0000
1.0000 0.0000 0.0000 0.0000 1.0000 0.0000 0.0000 0.0000 1.0000
1.0000 0.0000 0.0000 0.0000 1.0000 0.0000 0.0000 0.0000 1.0000
1.0000 0.0000 0.0000 0.0000 1.0000 0.0000 0.0000 0.0000 1.0000
1.0000 0.0000 0.0000 0.0000 1.0000 0.0000 0.0000 0.0000 1.0000
1.0000 0.0000 0.0000 0.0000 1.0000 0.0000 0.0000 0.0000 1.0000
1.0000 0.0000 0.0000 0.0000 1.0000 0.0000 0.0000 0.0000 1.0000
1.0000 0.0000 0.0000 0.0000 1.0000 0.0000 0.0000 0.0000 1.0000
1.0000 0.0000 0.0000 0.0000 1.0000 0.0000 0.0000 0.0000 1.0000
1.0000 0.0000 0.0000 0.0000 1.0000 0.0000 0.0000 0.0000 1.0000
1.0000 0.0000 0.0000 0.0000 1.0000 0.0000 0.0000 0.0000 1.0000
1.0000 0.0000 0.0000 0.0000 1.0000 0.0000 0.0000 0.0000 1.0000
1.0000 0.0000 0.0000 0.0000 1.0000 0.0000 0.0000 0.0000 1.0000
1.0000 0.0000 0.0000 0.0000 1.0000 0.0000 0.0000 0.0000 1.0000
1.0000 0.0000 0.0000 0.0000 1.0000 0.0000 0.0000 0.0000 1.0000
1.0000 0.0000 0.0000 0.0000 1.0000 0.0000 0.0000 0.0000 1.0000
1.0000 0.0000 0.0000 0.0000 1.0000 0.0000 0.0000 0.0000 1.0000
1.0000 0.0000 0.0000 0.0000 1.0000 0.0000 0.0000 0.0000 1.0000
1.0000 0.0000 0.0000 0.0000 1.0000 0.0000 0.0000 0.0000 1.0000
1.0000 0.0000 0.0000 0.0000 1.0000 0.0000 0.0000 0.0000 1.0000
1.0000 0.0000 0.0000 0.0000 1.0000 0.0000 0.0000 0.0000 1.0000
1.0000 0.0000 0.0000 0.0000 1.0000 0.0000 0.0000 0.0000 1.0000
1.0000 0.0000 0.0000 0.0000 1.0000 0.0000 0.0000 0.0000 1.0000
1.0000 0.0000 0.0000 0.0000 1.0000 0.0000 0.0000 0.0000 1.0000
1.0000 0.0000 0.0000 0.0000 1.0000 0.0000 0.0000 0.0000 1.0000
1.0000 0.0000 0.0000 0.0000 1.0000 0.0000 0.0000 0.0000 1.0000
1.0000 0.0000 0.0000 0.0000 1.0000 0.0000 0.0000 0.0000 1.0000
1.0000 0.0000 0.0000 0.0000 1.0000 0.0000 0.0000 0.0000 1.0000
1.0000 0.0000 0.0000 0.0000 1.0000 0.0000 0.0000 0.0000 1.0000
1.0000 0.0000 0.0000 0.0000 1.0000 0.0000 0.0000 0.0000 1.0000
1.0000 0.0000 0.0000 0.0000 1.0000 0.0000 0.0000 0.0000 1.0000
1.0000 0.0000 0.0000 0.0000 1.0000 0.0000 0.0000 0.0000 1.0000
1.0000 0.0000 0.0000 0.0000 1.0000 0.0000 0.0000 0.0000 1.0000
1.0000 0.0000 0.0000 0.0000 1.0000 0.0000 0.0000 0.0000 1.0000
1.0000 0.0000 0.0000 0.0000 1.0000 0.0000 0.0000 0.0000 1.0000
1.0000 0.0000 0.0000 0.0000 1.0000 0.0000 0.0000 0.0000 1.0000
1.0000 0.0000 0.0000 0.0000 1.0000 0.0000 0.0000 0.0000 1.0000
1.0000 0.0000 0.0000 0.0000 1.0000 0.0000 0.0000 0.0000 1.0000
1.0000 0.0000 0.0000 0.0000 1.0000 0.0000 0.0000 0.0000 1.0000
1.0000 0.0000 0.0000 0.0000 1.0000 0.0000 0.0000 0.0000 1.0000
1.0000 0.0000 0.0000 0.0000 1.0000 0.0000 0.0000 0.0000 1.0000
1.0000 0.0000 0.0000 0.0000 1.0000 0.0000 0.0000 0.0000 1.0000
1.0000 0.0000 0.0000 0.0000 1.0000 0.0000 0.0000 0.0000 1.0000
1.0000 0.0000 0.0000 0.0000 1.0000 0.0000 0.0000 0.0000 1.0000
1.0000 0.0000 0.0000 0.0000 1.0000 0.0000 0.0000 0.0000 1.0000
1.0000 0.0000 0.0000 0.0000 1.0000 0.0000 0.0000 0.0000 1.0000
1.0000 0.0000 0.0000 0.0000 1.0000 0.0000 0.0000 0.0000 1.0000
1.0000 0.0000 0.0000 0.0000 1.0000 0.0000 0.0000 0.0000 1.0000
1.0000 0.0000 0.0000 0.0000 1.0000 0.0000 0.0000 0.0000 1.0000
1.0000 0.0000 0.0000 0.0000 1.0000 0.0000 0.0000 0.0000 1.0000
1.0000 0.0000 0.0000 0.0000 1.0000 0.0000 0.0000 0.0000 1.0000
1.4089 0.0032 -886.2460 0.1593 1.3352 -164.0225 0.0002 0.0001 1.0000
1.4402 0.0008 -879.4763 0.1709 1.3478 -166.2998 0.0002 0.0001 1.0000
1.3858 -0.0197 -810.7084 0.1616 1.2917 -149.3226 0.0002 0.0000 1.0000
1.3750 -0.0305 -773.4030 0.1657 1.2655 -144.9893 0.0002 -0.0000 1.0000
1.3272 -0.0104 -724.8195 0.1443 1.2487 -128.2855 0.0002 0.0000 1.0000
1.3222 -0.0172 -686.8841 0.1579 1.2588 -134.3461 0.0002 0.0001 1.0000
1.2980 -0.0242 -651.8483 0.1507 1.2079 -121.5834 0.0002 0.0000 1.0000
1.2212 -0.0353 -577.8969 0.1331 1.1555 -101.9387 0.0001 0.0000 1.0000
1.2288 -0.0555 -553.1116 0.1490 1.1627 -111.7050 0.0001 -0.0000 1.0000
1.2100 -0.0469 -525.3113 0.1475 1.1584 -109.6940 0.0001 0.0000 1.0000
1.1590 -0.0597 -472.6200 0.1412 1.1251 -100.3191 0.0001 -0.0000 1.0000
1.1558 -0.0641 -454.4629 0.1439 1.1220 -100.2051 0.0001 -0.0000 1.0000
1.1218 -0.0618 -421.6901 0.1353 1.1083 -92.6042 0.0001 0.0000 1.0000
1.1263 -0.0763 -404.3899 0.1443 1.1016 -95.1135 0.0001 -0.0000 1.0000
1.1231 -0.0728 -387.1970 0.1491 1.1091 -99.6440 0.0001 0.0000 1.0000
1.0844 -0.0851 -348.6733 0.1463 1.0785 -95.6519 0.0001 -0.0000 1.0000
1.0414 -0.1053 -305.2563 0.1441 1.0409 -90.8041 0.0000 -0.0000 1.0000
1.0141 -0.0868 -280.2935 0.1377 1.0537 -91.6621 0.0000 0.0000 1.0000
0.9891 -0.0850 -246.4591 0.1411 1.0626 -99.8769 -0.0000 0.0001 1.0000
0.9728 -0.1180 -212.9101 0.1579 1.0178 -107.3202 -0.0000 0.0000 1.0000
0.9338 -0.1243 -162.5799 0.1653 1.0065 -113.4194 -0.0000 0.0000 1.0000
0.9021 -0.1911 -111.5466 0.1854 0.9429 -121.5455 -0.0000 -0.0001 1.0000
0.8379 -0.1745 -66.9896 0.1814 0.9289 -122.5349 -0.0001 0.0000 1.0000
0.8220 -0.2049 -32.9570 0.1974 0.9130 -132.1403 -0.0001 -0.0000 1.0000
0.9192 -0.2557 -37.3293 0.2794 0.9460 -185.3798 0.0000 -0.0000 1.0000
0.7601 -0.2587 40.6082 0.2263 0.8563 -149.0803 -0.0001 -0.0000 1.0000
0.7633 -0.2766 62.1125 0.2498 0.8775 -168.7550 -0.0001 -0.0000 1.0000
0.7597 -0.2981 85.1527 0.2790 0.8757 -190.9151 -0.0001 0.0000 1.0000
0.7252 -0.3391 120.5615 0.2876 0.8337 -191.5829 -0.0001 -0.0000 1.0000
0.7273 -0.3460 137.7890 0.3141 0.8464 -211.4676 -0.0001 -0.0000 1.0000
0.7203 -0.3849 163.3860 0.3346 0.8269 -221.5313 -0.0001 -0.0000 1.0000
0.7025 -0.3603 180.6313 0.3521 0.8460 -238.0161 -0.0001 0.0000 1.0000
0.6712 -0.3864 212.5097 0.3583 0.8171 -237.7656 -0.0001 0.0000 1.0000
0.6649 -0.3904 230.7333 0.3827 0.8222 -254.6762 -0.0002 0.0001 1.0000
0.6336 -0.4232 263.5836 0.3886 0.7848 -250.7102 -0.0002 0.0000 1.0000
0.6103 -0.4421 294.3532 0.4079 0.7740 -261.5875 -0.0002 0.0000 1.0000
0.6143 -0.4576 314.5385 0.4399 0.7810 -281.0932 -0.0002 0.0001 1.0000
0.5538 -0.5138 359.2547 0.4331 0.7052 -262.7436 -0.0002 -0.0000 1.0000
0.5071 -0.5037 389.0036 0.4366 0.6963 -263.4629 -0.0002 -0.0000 1.0000
0.5172 -0.5409 413.9364 0.4762 0.6919 -281.2038 -0.0002 0.0000 1.0000
0.4905 -0.5629 442.8326 0.4854 0.6659 -277.8046 -0.0002 -0.0000 1.0000
0.4863 -0.6024 472.8000 0.5193 0.6580 -291.8170 -0.0002 -0.0000 1.0000
0.4433 -0.6215 504.4640 0.5230 0.6187 -280.8850 -0.0002 -0.0000 1.0000
0.4179 -0.6127 530.9111 0.5413 0.6191 -286.8460 -0.0002 0.0000 1.0000
0.4551 -0.6447 545.7299 0.5990 0.6301 -309.4684 -0.0002 0.0000 1.0000
0.4158 -0.6691 575.5440 0.6025 0.5905 -295.2294 -0.0002 0.0000 1.0000
0.3369 -0.6964 607.1427 0.5654 0.5156 -256.7134 -0.0002 -0.0000 1.0000
0.3149 -0.7145 626.9602 0.5714 0.4929 -251.3286 -0.0002 -0.0001 1.0000
0.3145 -0.7270 645.8512 0.6025 0.4881 -260.9929 -0.0002 -0.0000 1.0000
0.2877 -0.7221 663.2386 0.6002 0.4742 -253.2594 -0.0002 -0.0000 1.0000
0.3123 -0.7369 673.4898 0.6458 0.4873 -276.7693 -0.0002 0.0000 1.0000
0.3249 -0.7668 686.2805 0.6725 0.4819 -289.9672 -0.0002 -0.0000 1.0000
0.3209 -0.7642 694.0435 0.6795 0.4814 -295.9987 -0.0002 0.0000 1.0000
0.3170 -0.7533 700.1808 0.6808 0.4946 -304.4521 -0.0002 0.0000 1.0000
0.3137 -0.7365 698.5478 0.6922 0.4806 -318.7785 -0.0002 0.0000 1.0000
0.3924 -0.6941 679.0892 0.7632 0.5893 -385.2142 -0.0001 0.0002 1.0000
0.3265 -0.7282 672.8105 0.6475 0.5142 -317.7308 -0.0002 0.0000 1.0000
0.3450 -0.7527 662.2058 0.6237 0.5009 -305.7656 -0.0002 -0.0000 1.0000
0.3768 -0.6581 619.5241 0.6296 0.6026 -343.4743 -0.0002 0.0001 1.0000
0.4153 -0.7059 590.6397 0.6141 0.5764 -334.3612 -0.0001 -0.0000 1.0000
0.3770 -0.6379 560.4914 0.5454 0.5712 -298.4975 -0.0002 -0.0000 1.0000
0.4246 -0.6147 517.5107 0.5362 0.6061 -300.6222 -0.0002 0.0000 1.0000
0.4426 -0.5820 482.6349 0.5138 0.6301 -292.8749 -0.0002 0.0000 1.0000
0.4618 -0.5542 443.0407 0.4823 0.6401 -272.6679 -0.0002 0.0000 1.0000
0.5441 -0.5576 386.6953 0.4866 0.6790 -271.4169 -0.0001 -0.0000 1.0000
0.5532 -0.5504 350.5427 0.4522 0.6819 -247.0173 -0.0001 -0.0000 1.0000
0.6089 -0.5523 302.6653 0.4530 0.7079 -245.2258 -0.0001 -0.0001 1.0000
0.6348 -0.5178 264.1996 0.4440 0.7419 -237.7732 -0.0001 -0.0001 1.0000
0.6380 -0.5012 229.9506 0.4171 0.7309 -212.8003 -0.0001 -0.0001 1.0000
0.6438 -0.4929 198.1642 0.3854 0.7235 -179.5450 -0.0001 -0.0001 1.0000
0.6681 -0.4460 157.8041 0.3856 0.7825 -187.0842 -0.0001 -0.0000 1.0000
0.6666 -0.4709 141.5856 0.3567 0.7531 -162.2911 -0.0001 -0.0001 1.0000
0.7070 -0.4630 103.1179 0.3669 0.7660 -164.4529 -0.0001 -0.0001 1.0000
0.7363 -0.4546 70.8308 0.3668 0.7694 -159.5932 -0.0001 -0.0001 1.0000
0.8053 -0.4379 26.4145 0.3925 0.8542 -187.8580 -0.0000 -0.0001 1.0000
0.8051 -0.4316 8.2467 0.3722 0.8449 -173.2732 -0.0000 -0.0001 1.0000
0.8244 -0.4292 -15.7668 0.3632 0.8439 -166.5234 -0.0000 -0.0001 1.0000
0.8312 -0.3986 -37.4014 0.3494 0.8688 -163.5732 -0.0000 -0.0001 1.0000
0.8400 -0.3873 -56.9349 0.3361 0.8710 -157.5889 -0.0000 -0.0001 1.0000
0.8668 -0.3564 -88.0749 0.3365 0.9057 -167.0904 -0.0000 -0.0001 1.0000
0.8848 -0.3677 -100.6197 0.3323 0.9032 -164.1069 -0.0000 -0.0001 1.0000
0.9102 -0.3585 -125.9793 0.3285 0.9173 -167.3649 0.0000 -0.0001 1.0000
0.9222 -0.3456 -146.1075 0.3141 0.9125 -159.8740 0.0000 -0.0001 1.0000
0.8765 -0.3151 -142.4456 0.2764 0.8995 -143.8466 -0.0000 -0.0001 1.0000
0.9108 -0.2945 -172.1479 0.2746 0.9392 -152.1939 -0.0000 -0.0001 1.0000
0.9106 -0.2869 -182.9248 0.2557 0.9204 -137.5004 -0.0000 -0.0001 1.0000
0.9472 -0.2587 -215.3603 0.2544 0.9641 -144.2095 0.0000 -0.0001 1.0000
0.9854 -0.2334 -246.9325 0.2488 1.0056 -144.5913 0.0000 -0.0000 1.0000
0.9532 -0.2243 -241.6740 0.2136 0.9647 -115.3143 0.0000 -0.0001 1.0000
0.9625 -0.1964 -260.1466 0.2038 0.9882 -113.0647 -0.0000 -0.0000 1.0000
1.0292 -0.1923 -297.8916 0.2181 1.0391 -124.9285 0.0001 -0.0000 1.0000
1.0108 -0.1750 -301.8412 0.1916 1.0167 -101.7926 0.0000 -0.0001 1.0000
1.0148 -0.1621 -313.6573 0.1800 1.0246 -94.1465 0.0000 -0.0001 1.0000
1.0487 -0.1512 -339.6366 0.1838 1.0457 -94.6175 0.0001 -0.0001 1.0000
1.0454 -0.1284 -350.1808 0.1672 1.0529 -82.7538 0.0000 -0.0000 1.0000
1.0538 -0.1167 -364.5029 0.1553 1.0622 -73.2588 0.0001 -0.0000 1.0000
1.0733 -0.0989 -386.7584 0.1490 1.0767 -66.0513 0.0001 -0.0000 1.0000
1.0538 -0.0987 -383.4201 0.1294 1.0591 -47.9665 0.0000 -0.0000 1.0000
1.0866 -0.0887 -408.1954 0.1298 1.0920 -47.0714 0.0001 -0.0000 1.0000
1.0638 -0.0628 -411.5234 0.1027 1.0745 -22.6109 0.0000 -0.0000 1.0000
1.1103 -0.0390 -448.8213 0.1078 1.1230 -26.8597 0.0001 0.0000 1.0000
1.1128 -0.0359 -456.6192 0.0994 1.1135 -15.5567 0.0001 -0.0000 1.0000
1.0913 -0.0343 -452.0883 0.0817 1.0881 2.4734 0.0001 -0.0000 1.0000
1.0791 -0.0168 -457.4984 0.0548 1.0781 26.2790 0.0000 -0.0000 1.0000
1.0496 -0.0087 -449.8478 0.0390 1.0449 43.0575 0.0000 -0.0001 1.0000
1.0663 0.0019 -466.6347 0.0313 1.0613 49.4373 0.0000 -0.0000 1.0000
1.0459 0.0123 -464.6109 0.0100 1.0401 69.5451 0.0000 -0.0000 1.0000
1.0913 0.0244 -495.8786 0.0197 1.0743 63.5992 0.0001 -0.0000 1.0000
1.0934 0.0385 -504.6989 0.0075 1.0738 75.7916 0.0001 -0.0000 1.0000
1.1154 0.0542 -524.6530 0.0010 1.0938 82.1018 0.0001 -0.0001 1.0000
1.1130 0.0666 -529.1420 -0.0102 1.0926 94.0080 0.0001 -0.0000 1.0000
1.1247 0.0753 -541.3823 -0.0183 1.0950 104.4687 0.0001 -0.0001 1.0000
1.1530 0.0947 -566.6608 -0.0232 1.1141 112.9381 0.0001 -0.0001 1.0000
1.1388 0.1132 -566.2113 -0.0474 1.1163 131.2500 0.0001 -0.0000 1.0000
1.1306 0.1278 -569.4458 -0.0628 1.1113 146.2014 0.0001 -0.0000 1.0000
1.1003 0.1420 -559.7972 -0.0895 1.0890 169.6496 0.0001 -0.0000 1.0000
1.1458 0.1638 -593.6583 -0.0847 1.1210 171.6367 0.0001 -0.0000 1.0000
1.1794 0.1822 -620.6842 -0.0865 1.1353 180.1759 0.0001 -0.0000 1.0000
1.1553 0.1905 -612.5930 -0.1088 1.1180 200.2134 0.0001 -0.0001 1.0000
1.1725 0.2138 -631.5627 -0.1248 1.1390 215.0399 0.0001 -0.0000 1.0000
1.1766 0.2270 -641.3857 -0.1370 1.1366 228.8868 0.0001 -0.0000 1.0000
1.1805 0.2475 -651.2726 -0.1508 1.1378 244.1361 0.0001 -0.0000 1.0000
1.1733 0.2690 -655.8327 -0.1710 1.1338 261.9919 0.0001 -0.0000 1.0000
1.1565 0.2808 -653.3753 -0.1893 1.1162 278.0550 0.0001 -0.0000 1.0000
1.1573 0.2935 -659.9853 -0.2020 1.1083 293.6234 0.0001 -0.0000 1.0000
1.1699 0.3189 -676.6806 -0.2156 1.1221 307.1241 0.0001 -0.0000 1.0000
1.1394 0.3304 -664.9421 -0.2382 1.0961 326.0736 0.0001 -0.0000 1.0000
1.1679 0.3715 -694.2361 -0.2532 1.1344 338.5343 0.0001 0.0000 1.0000
1.1749 0.3793 -700.0038 -0.2604 1.1242 352.3139 0.0001 -0.0000 1.0000
1.1421 0.3898 -687.0915 -0.2848 1.1063 369.1342 0.0001 -0.0000 1.0000
1.1284 0.3901 -682.0003 -0.2980 1.0736 386.0522 0.0001 -0.0000 1.0000
1.1447 0.4150 -699.4431 -0.3107 1.0935 397.9227 0.0001 -0.0000 1.0000
1.1082 0.4186 -682.2173 -0.3294 1.0613 412.7425 0.0001 -0.0000 1.0000
1.1134 0.4472 -693.6965 -0.3446 1.0759 425.0670 0.0001 -0.0000 1.0000
1.1325 0.4709 -712.2845 -0.3559 1.0971 435.6735 0.0001 0.0000 1.0000
1.0977 0.4688 -695.0586 -0.3698 1.0554 447.9530 0.0001 -0.0000 1.0000
1.1529 0.5186 -739.6289 -0.3807 1.1254 457.2279 0.0001 0.0000 1.0000
1.1456 0.5282 -741.3104 -0.3874 1.1042 466.2985 0.0001 0.0000 1.0000
1.1048 0.5231 -718.2015 -0.4042 1.0638 478.9942 0.0001 0.0000 1.0000
1.1302 0.5395 -739.0613 -0.4115 1.0848 487.1924 0.0001 0.0000 1.0000
1.1041 0.5506 -727.7881 -0.4247 1.0736 493.7129 0.0001 0.0000 1.0000
1.0938 0.5509 -724.8037 -0.4314 1.0523 501.0224 0.0001 0.0000 1.0000
1.1307 0.5822 -755.6699 -0.4356 1.0865 506.3757 0.0001 0.0000 1.0000
1.0792 0.5534 -720.1445 -0.4411 1.0232 511.6422 0.0001 -0.0000 1.0000
1.1117 0.5870 -748.9801 -0.4483 1.0626 516.3501 0.0001 0.0000 1.0000
1.1150 0.5963 -755.7022 -0.4537 1.0654 518.5212 0.0001 0.0000 1.0000
1.0992 0.6075 -750.3405 -0.4657 1.0694 522.4243 0.0001 0.0000 1.0000
1.1200 0.6148 -765.1519 -0.4660 1.0774 524.4120 0.0001 0.0000 1.0000
