288.886023 158.037438 494.942596 164.027454 497.338602 233.511647 291.282030 232.313644 
289.792019 158.824883 495.793897 164.834272 496.515023 232.620188 290.753521 231.418310 
288.590141 157.623005 496.034272 163.632394 496.515023 232.620188 290.272770 230.697183 
289.551643 157.382629 496.515023 163.872770 496.995775 232.620188 290.513146 230.216432 
288.349765 157.623005 497.476526 162.670892 496.755399 232.139437 289.311268 230.697183 
287.869014 157.142254 496.755399 162.670892 497.236150 231.418310 289.311268 230.937559 
286.907512 157.382629 497.236150 161.949765 497.236150 231.658685 288.590141 231.177934 
286.667136 156.421127 497.476526 161.709390 498.678404 231.177934 288.109390 230.697183 
286.546948 157.983568 498.678404 161.889671 498.978873 232.199531 288.349765 231.598592 
286.847418 157.382629 498.978873 161.589202 499.880282 232.500000 287.748826 233.100939 
285.645540 158.584507 500.481221 161.589202 501.082160 232.800469 288.349765 233.701878 
285.645540 159.185446 501.683099 161.288732 502.884977 233.401408 288.650235 234.603286 
285.345070 159.786385 502.884977 161.889671 504.988263 234.002347 288.650235 236.406103 
284.744131 160.086854 504.988263 160.988263 507.392019 234.002347 288.349765 237.307512 
285.044601 161.288732 506.791080 160.387324 508.894366 234.002347 289.251174 239.410798 
285.645540 162.791080 509.194836 160.387324 512.199531 234.903756 289.852113 241.213615 
285.645540 163.692488 511.598592 160.988263 514.603286 236.105634 290.753521 243.917840 
284.744131 168.500000 512.800469 162.190141 516.706573 237.908451 289.852113 247.223005 
283.542254 173.007042 513.701878 164.894366 518.509390 241.814554 289.251174 253.532864 
281.138498 177.814554 514.002347 167.598592 519.410798 245.119718 287.748826 260.143192 
278.734742 184.124413 514.002347 171.805164 520.011737 249.025822 286.246479 265.852113 
275.730047 189.232394 513.401408 174.509390 519.711268 252.030516 284.143192 272.762911 
272.124413 193.438967 512.500000 176.011737 519.410798 255.035211 280.537559 278.471831 
267.617371 196.744131 510.396714 176.913146 518.809859 256.838028 278.434272 282.678404 
263.110329 200.049296 508.293427 178.115023 517.607981 258.640845 274.528169 287.786385 
258.903756 202.753521 506.490610 177.814554 517.007042 259.842723 270.622066 290.791080 
254.096244 204.255869 503.786385 177.213615 514.903756 259.842723 266.415493 293.795775 
248.687793 205.157277 502.284038 175.711268 513.701878 259.842723 262.809859 295.598592 
244.481221 205.758216 499.579812 174.509390 512.500000 258.340376 259.504695 297.100939 
239.373239 205.758216 496.875587 173.307512 510.396714 258.640845 255.598592 298.603286 
234.265258 206.659624 495.072770 170.603286 508.894366 256.537559 250.190141 299.204225 
227.654930 206.359155 492.068075 169.100939 507.392019 255.936620 246.284038 300.706573 
223.027700 206.779812 490.565728 167.238028 506.130047 255.576056 241.957277 302.269014 
218.340376 207.440845 489.664319 165.375117 506.069953 254.554460 237.690610 303.350704 
212.751643 206.118779 488.282160 162.791080 504.687793 253.653052 233.363850 303.711268 
208.965728 205.337559 487.861502 161.168545 504.687793 252.451174 228.736620 304.612676 
204.038028 204.315962 487.140376 159.305634 504.387324 252.270892 224.650235 305.273709 
198.689671 203.414554 487.260563 156.721596 504.928169 251.369484 221.405164 305.634272 
194.603286 202.873709 487.380751 155.339437 505.469014 251.249296 216.898122 306.355399 
189.014554 202.332864 487.681221 153.536620 505.769484 250.287793 212.571362 307.497183 
185.649296 201.191080 489.363850 152.394836 507.031455 250.407981 209.626761 308.038028 
181.743192 201.010798 490.505634 152.214554 509.014554 252.330986 205.720657 310.381690 
178.978873 200.229577 492.368545 150.592019 511.298122 252.811737 203.376995 310.441784 
176.214554 196.744131 495.914085 148.789202 515.264319 252.270892 200.612676 309.900939 
175.974178 195.962911 500.721596 148.007981 519.230516 253.172300 200.792958 311.223005 
179.159155 197.164789 508.533803 148.789202 527.884038 255.636150 203.557277 313.266197 
181.803286 196.924413 515.805164 149.810798 534.314085 257.919718 206.622066 314.287793 
186.430516 195.962911 523.797653 149.690610 541.885915 259.061502 210.828638 316.270892 
189.435211 195.181690 534.374178 149.750704 551.200469 259.542254 215.515962 316.751643 
197.427700 194.100000 542.667136 149.690610 558.231455 260.323474 221.825822 316.871831 
204.638967 192.116901 552.402347 148.849296 568.086854 261.345070 227.354460 315.970423 
208.965728 188.931925 559.974178 146.205164 576.199531 260.323474 231.140376 315.489671 
211.489671 185.085915 568.988263 143.440845 583.050235 259.722535 233.664319 312.725352 
214.253991 182.501878 577.161033 141.397653 592.304695 258.761033 236.969484 313.386385 
219.542254 178.956338 585.694366 138.933803 600.838028 258.460563 242.257746 312.004225 
226.453052 177.273709 596.931925 137.251174 610.453052 257.859624 247.546009 311.403286 
233.604225 174.088732 607.869014 135.688732 621.930986 257.919718 255.238028 309.840845 
241.115962 171.684977 618.084977 133.825822 632.146948 257.138498 262.208920 307.977934 
249.348826 169.521596 630.644601 132.203286 644.165728 257.679343 270.982629 307.437089 
257.040845 167.478404 643.204225 131.241784 655.643662 257.799531 278.674648 307.557277 
266.715962 166.997653 655.042723 130.761033 668.023005 258.400469 287.808920 308.158216 
278.374178 166.456808 667.782629 130.761033 680.762911 259.482160 298.385446 308.158216 
287.748826 166.036150 682.024883 130.340376 692.841784 260.143192 307.760094 311.523474 
298.625822 166.516901 693.983568 130.280282 706.423005 261.705634 317.555399 311.463380 
308.240845 166.276526 707.925352 131.121596 719.283099 263.087793 328.792958 313.386385 
320.500000 169.761972 721.266197 134.066197 731.542254 267.654930 339.970423 317.412676 
331.136620 171.504695 732.984507 135.808920 743.801408 269.938498 350.066197 319.696244 
338.047418 172.285915 743.681221 136.590141 754.498122 272.342254 358.058685 323.181690 
346.881221 175.651174 753.596714 137.792019 763.872770 274.084977 364.729108 326.546948 
352.890610 177.874648 762.310329 139.474648 772.045540 278.471831 372.361033 328.229577 
357.037089 179.857746 770.242723 141.457746 779.977934 279.914085 377.048357 331.294366 
361.784507 181.420188 777.153521 143.020188 786.888732 282.017371 381.254930 333.938498 
362.986385 182.321596 783.763850 143.380751 793.499061 282.377934 382.997653 335.380751 
366.051174 183.884038 788.992019 144.402347 798.727230 285.022066 383.899061 339.106573 
365.870892 186.167606 792.056808 145.604225 803.414554 288.387324 385.341315 339.767606 
367.192958 188.150704 796.623944 146.505634 806.900000 289.829577 386.122535 342.832394 
367.974178 190.854930 799.568545 148.128169 810.385446 291.992958 385.822066 344.995775 
367.793897 191.576056 801.551643 149.390141 812.909390 293.795775 385.100939 345.716901 
367.253052 193.919718 803.174178 149.029577 813.991080 293.435211 387.264319 346.978873 
367.072770 194.821127 804.075587 151.012676 814.892488 295.418310 387.084038 347.339437 
366.171362 197.645540 803.174178 151.673709 814.531925 297.701878 384.560094 350.163850 
365.029577 201.731925 802.573239 153.596714 812.308451 300.165728 383.418310 352.086854 
363.767606 204.376056 799.448357 156.721596 810.265258 304.913146 382.516901 353.889671 
359.681221 206.779812 795.602347 159.726291 806.960094 306.295305 379.151643 356.053052 
357.457746 210.926291 790.674648 163.331925 802.032394 309.360094 376.387324 357.495305 
353.852113 215.433333 783.823944 168.379812 795.181690 314.948826 372.781690 361.461502 
350.006103 221.262441 775.651174 174.208920 787.008920 320.777934 367.313146 364.586385 
342.975117 225.288732 765.375117 179.857746 776.732864 325.885915 361.363850 367.530986 
336.304695 227.632394 755.459624 184.905634 765.735681 330.933803 352.530047 369.333803 
331.016432 230.757277 744.762911 190.193897 755.038967 334.599531 347.241784 370.295305 
325.788263 233.040845 732.503756 196.804225 742.238967 339.046479 340.931925 370.415493 
317.735681 235.324413 720.124413 201.792019 727.696244 341.870892 333.420188 369.994836 
311.906573 235.925352 705.100939 206.719718 712.672770 345.176056 324.886854 369.514085 
303.613615 236.826761 691.940376 212.488732 696.807981 348.240845 316.593897 367.170423 
299.467136 234.903756 678.058685 216.515023 682.385446 349.562911 309.202347 364.165728 
293.097183 233.581690 666.280282 218.978873 668.984507 352.026761 302.832394 360.139437 
289.912207 230.216432 655.523474 222.103756 656.605164 351.906573 296.402347 354.610798 
287.748826 227.091549 644.165728 224.387324 644.165728 350.945070 292.075587 348.781690 
287.869014 221.863380 635.632394 224.567606 634.550704 348.961972 289.491549 340.849296 
287.929108 214.832394 629.743192 224.026761 626.498122 347.880282 288.469953 333.277465 
288.650235 209.363850 625.055869 223.966667 619.106573 346.197653 287.027700 324.563850 
293.097183 203.474648 622.471831 225.649296 614.900000 345.716901 287.688732 317.052113 
298.866197 199.027700 622.832394 226.610798 612.015493 346.678404 290.212676 310.982629 
306.558216 196.864319 623.493427 230.937559 610.513146 349.382629 295.741315 307.737559 
317.194836 196.503756 625.476526 236.526291 610.332864 351.726291 304.214554 303.591080 
328.192019 197.345070 628.901878 243.316901 609.972300 357.435211 310.344131 303.891549 
342.494366 201.431455 634.550704 253.352582 614.539437 363.684977 324.105634 305.273709 
356.075587 206.779812 640.560094 261.946009 617.844601 372.819249 336.064319 308.458685 
370.918779 214.592019 647.290610 271.921596 624.034272 380.631455 350.366667 314.648357 
386.603286 224.747887 654.321596 283.700000 630.524413 388.623944 364.428638 321.018310 
401.506573 236.165728 661.653052 295.658685 637.315023 397.878404 380.413615 329.191080 
416.289671 249.085915 667.782629 308.038028 643.444601 409.716901 393.033333 339.947887 
428.488732 261.645540 673.491549 318.975117 648.071831 420.113146 403.609859 352.507512 
435.940376 273.063380 676.616432 329.311268 651.737559 429.908451 413.765728 361.221127 
441.108451 281.957277 677.998592 337.664319 652.578873 435.557277 418.933803 371.196714 
445.435211 288.507512 676.376056 339.887793 652.038028 437.780751 424.342254 376.665258 
448.680282 292.653991 674.212676 339.707512 651.497183 437.059624 428.669014 379.730047 
450.603286 293.976056 671.268075 337.243662 649.634272 434.054930 430.592019 381.052113 
451.144131 293.615493 667.482160 333.097183 646.930047 429.908451 432.755399 379.069014 
451.985446 291.331925 662.915023 329.191080 644.526291 423.298122 434.678404 375.703756 
451.204225 289.348826 659.429577 323.962911 639.959155 416.988263 436.601408 372.638967 
449.281221 286.945070 652.638967 316.691549 636.413615 410.798592 436.841784 369.153521 
448.800469 283.880282 646.208920 311.463380 631.065258 403.947887 435.820188 366.088732 
445.074648 280.334742 637.615493 305.754460 624.094366 396.616432 433.716901 362.002347 
439.846479 277.750704 628.060563 301.007042 616.161972 391.328169 429.029577 359.418310 
431.853991 275.887793 616.943192 296.560094 605.885915 384.537559 422.238967 354.730986 
423.440845 273.484038 604.203286 293.194836 593.626761 381.172300 412.864319 351.846479 
411.902817 270.359155 591.703756 289.108451 581.127230 375.643662 402.287793 348.240845 
399.403286 266.272770 577.761972 285.022066 565.743192 369.634272 391.230516 344.154460 
386.663380 264.349765 560.695305 281.656808 551.561033 366.269014 380.413615 341.269953 
376.567606 262.907512 548.676526 277.810798 538.580751 361.461502 368.394836 338.866197 
366.712207 260.503756 535.455869 274.445540 525.840845 358.096244 358.058685 335.500939 
357.337559 257.859624 524.158216 270.839906 516.466197 354.009859 350.126291 333.337559 
350.607042 254.494366 515.023944 266.993897 507.812676 350.163850 344.357277 330.933803 
346.460563 252.931925 509.254930 264.289671 501.683099 347.159155 340.571362 327.808920 
344.176995 251.609859 504.868075 261.705634 498.137559 343.733803 339.549765 325.224883 
342.253991 249.626761 500.841784 260.143192 495.373239 341.330047 337.626761 322.821127 
340.992019 248.244601 498.317840 257.078404 492.849296 338.265258 336.785446 321.018310 
342.915023 245.239906 497.716901 254.494366 492.669014 336.522535 338.287793 318.854930 
344.898122 244.218310 499.279343 252.210798 493.810798 332.135681 341.112207 316.571362 
348.804225 242.235211 499.820188 249.386385 496.034272 329.311268 345.859624 315.008920 
352.710329 241.213615 502.464319 247.523474 498.257746 326.607042 350.186385 312.725352 
358.779812 240.011737 506.851174 245.480282 502.644601 324.143192 355.835211 310.682160 
364.368545 238.990141 510.757277 244.458685 507.392019 323.121596 362.265258 309.239906 
372.901878 237.187324 515.925352 242.655869 513.401408 321.739437 370.377934 307.857746 
377.949765 235.084038 520.973239 240.973239 517.607981 318.374178 376.267136 306.175117 
384.259624 233.581690 525.600469 239.891549 521.814554 318.554460 380.473709 303.831455 
389.487793 233.100939 529.566667 238.569484 525.360094 318.073709 386.543192 303.350704 
394.054930 230.937559 532.451174 236.406103 528.244601 315.489671 390.269014 301.607981 
397.540376 229.915962 534.253991 235.805164 530.047418 315.309390 394.595775 300.586385 
400.304695 228.954460 535.756338 234.843662 531.549765 314.768545 396.939437 299.624883 
403.249296 227.512207 536.597653 234.663380 531.129108 314.588263 398.622066 298.182629 
404.511268 227.271831 537.438967 234.423005 531.129108 313.085915 400.304695 297.942254 
407.816432 227.091549 536.958216 235.504695 531.489671 314.588263 402.347887 296.920657 
408.717840 226.911268 537.018310 235.745070 529.867136 313.987324 402.828638 296.740376 
411.241784 225.589202 537.018310 234.843662 529.025822 314.768545 403.669953 296.259624 
412.203286 226.791080 537.138498 236.045540 529.146009 315.549765 405.893427 296.199531 
414.607042 226.190141 537.859624 236.285915 529.025822 316.210798 407.035211 297.701878 
416.950704 226.009859 538.941315 238.208920 529.266197 318.554460 409.799531 297.521596 
419.414554 228.053052 540.563850 239.410798 530.888732 319.335681 411.842723 298.723474 
423.260563 229.375117 542.727230 241.153521 532.631455 321.919718 415.268075 300.466197 
428.188263 230.637089 545.972300 242.836150 535.876526 322.761033 419.775117 300.886854 
431.853991 231.057746 549.638028 243.677465 538.700939 324.864319 423.440845 302.569484 
437.502817 232.500000 554.024883 245.119718 543.929108 326.727230 427.827700 303.591080 
442.971362 234.182629 559.914085 246.802347 548.556338 328.409859 434.137559 305.273709 
448.680282 234.663380 565.202347 247.703756 553.003286 330.152582 439.425822 306.595775 
454.809859 235.684977 570.069953 248.304695 557.450235 330.753521 445.134742 307.617371 
460.939437 235.985446 576.199531 248.184507 563.579812 331.474648 450.843662 307.917840 
466.347887 234.843662 581.607981 247.463380 568.988263 331.594836 456.252113 308.458685 
471.155399 234.663380 586.836150 247.703756 575.478404 333.097183 461.900939 308.278404 
476.323474 235.865258 591.583568 247.643662 580.225822 332.616432 466.648357 309.059624 
481.311268 236.406103 597.412676 247.763850 584.372300 333.157277 470.794836 310.021127 
484.015493 235.985446 601.378873 247.343192 588.338498 335.260563 474.761033 310.862441 
487.981690 236.586385 604.503756 247.102817 593.146009 337.123474 477.885915 312.304695 
491.346948 237.307512 608.289671 249.085915 595.669953 337.423944 479.989202 314.287793 
492.308451 237.487793 610.933803 248.004225 598.734742 339.286854 482.212676 315.309390 
492.849296 238.269014 613.577934 248.785446 599.275587 341.330047 482.332864 316.511268 
493.330047 237.908451 614.900000 248.424883 602.700939 343.493427 482.813615 317.833333 
492.428638 238.028638 616.522535 248.965728 603.902817 345.716901 482.753521 319.636150 
492.007981 239.170423 616.943192 249.686854 604.744131 348.120657 481.070892 321.198592 
489.724413 237.908451 616.762911 248.004225 604.563850 348.961972 480.890610 321.619249 
489.003286 237.427700 618.145070 247.102817 605.946009 350.163850 478.907512 322.400469 
487.140376 237.187324 618.385446 246.862441 605.765728 349.923474 478.306573 323.842723 
486.419249 235.745070 617.664319 244.999531 606.306573 351.425822 478.006103 323.662441 
485.457746 235.264319 617.964789 243.677465 605.765728 350.945070 476.203286 324.023005 
484.135681 234.483099 617.484038 242.054930 606.967606 349.743192 475.722535 323.662441 
484.075587 233.221127 617.423944 239.951643 607.748826 351.005164 475.241784 323.662441 
482.152582 232.740376 618.445540 238.208920 608.770423 349.683099 475.422066 324.443662 
480.770423 230.697183 618.325352 236.165728 609.912207 350.163850 474.039906 324.503756 
479.941127 230.393709 618.505634 235.084038 609.671831 349.082160 473.799531 324.263380 
478.907512 229.254930 619.407042 233.040845 611.414554 349.142254 474.280282 325.164789 
477.465258 228.293427 618.806103 229.555399 611.654930 347.339437 473.258685 324.623944 
475.782629 226.430516 617.964789 226.009859 612.496244 345.897183 471.996714 323.602347 
472.297183 224.327230 617.003286 222.223944 611.534742 343.793897 470.614554 322.340376 
468.691549 221.863380 614.238967 217.236150 610.453052 341.330047 467.850235 321.138498 
464.665258 218.738498 612.736620 213.269953 610.212676 338.625822 464.244601 320.116901 
460.218310 216.935681 609.972300 208.943192 609.130986 337.664319 461.480282 319.576056 
457.213615 215.853991 608.229577 205.337559 607.808920 336.161972 458.896244 320.176995 
452.766667 214.712207 604.623944 203.354460 605.885915 336.282160 456.131925 320.717840 
448.680282 216.154460 603.061502 201.852113 605.585446 336.462441 453.728169 323.001408 
443.331925 214.832394 598.975117 198.847418 604.443662 337.243662 451.324413 324.623944 
438.043662 215.072770 596.210798 195.722535 602.520657 337.904695 446.036150 324.864319 
432.094366 214.171362 591.944131 194.400469 601.619249 337.844601 443.031455 327.748826 
428.669014 214.832394 590.201408 191.275587 600.717840 338.505634 440.447418 328.409859 
424.402347 216.515023 587.196714 191.275587 601.078404 339.767606 438.704695 330.933803 
422.058685 218.438028 585.273709 190.674648 601.258685 341.269953 437.623005 333.277465 
418.873709 219.459624 583.771362 189.592958 602.280282 343.132864 437.382629 336.402347 
416.710329 221.743192 582.028638 188.511268 603.061502 344.575117 436.481221 338.685915 
413.946009 222.103756 580.526291 187.609859 604.503756 342.832394 435.820188 341.570423 
410.400469 223.245540 578.663380 186.227700 605.164789 343.974178 433.536620 343.132864 
406.013615 224.627700 577.221127 184.244601 605.825822 344.094366 431.673709 345.776995 
401.085915 226.250235 574.817371 182.501878 606.366667 345.296244 429.690610 347.399531 
396.338498 226.851174 572.593897 180.578873 607.508451 346.317840 427.467136 350.103756 
391.050235 228.653991 569.408920 178.595775 607.688732 346.017371 424.282160 353.168545 
385.641784 229.555399 566.524413 176.552582 608.590141 346.918779 420.556338 355.752582 
379.392019 231.959155 564.060563 174.749765 609.491549 347.639906 417.671831 358.576995 
373.863380 233.581690 561.897183 173.427700 611.534742 348.421127 414.246479 361.882160 
368.515023 237.067136 561.416432 173.427700 614.419249 350.524413 412.503756 365.668075 
362.866197 240.312207 559.493427 172.526291 617.664319 352.807981 409.499061 370.115023 
357.577934 244.398592 558.051174 172.285915 620.548826 354.971362 406.614554 375.162911 
352.770423 248.004225 558.051174 171.084038 622.952582 354.730986 405.172300 379.249296 
346.761033 251.609859 556.849296 171.324413 625.596714 356.413615 401.085915 382.854930 
341.472770 253.292488 556.849296 169.161033 628.961972 357.134742 400.124413 386.941315 
334.021127 257.378873 555.887793 167.238028 629.923474 357.134742 395.316901 390.787324 
327.050235 259.542254 551.561033 167.718779 631.365728 358.576995 390.028638 395.594836 
315.752582 266.032394 549.397653 166.276526 632.086854 359.057746 384.500000 400.402347 
307.820188 267.955399 543.869014 166.516901 630.404225 359.298122 378.490610 403.527230 
299.887793 271.561033 538.821127 164.834272 628.721596 359.057746 371.038967 408.094366 
287.628638 273.964789 528.965728 164.353521 622.231455 360.019249 360.222066 412.901878 
270.561972 279.974178 519.110329 163.632394 615.260563 362.182629 345.559155 419.872770 
255.177934 286.945070 508.053052 164.834272 607.087793 363.865258 334.261502 423.718779 
240.875587 290.190141 495.673709 165.194836 596.631455 366.509390 320.199531 430.208920 
225.251174 293.795775 484.255869 164.593897 588.218310 368.312207 306.377934 435.617371 
210.828638 296.199531 474.640845 163.992958 582.809859 370.715962 295.561033 439.823944 
203.617371 299.805164 472.838028 163.392019 580.406103 371.316901 288.349765 443.429577 
200.011737 301.607981 475.842723 164.593897 583.410798 375.523474 284.744131 447.636150 
201.213615 304.612676 487.260563 168.800469 591.223005 380.931925 284.143192 451.842723 
203.617371 305.814554 505.288732 177.814554 602.640845 388.143192 284.744131 455.448357 
207.223005 307.617371 517.908451 185.626761 612.856808 400.762911 284.143192 462.058685 
208.424883 310.021127 536.537559 195.842723 621.870892 415.185446 279.936620 468.068075 
213.833333 311.823944 553.964789 210.265258 630.284038 431.410798 275.730047 471.072770 
216.237089 310.021127 570.190141 222.884977 635.692488 448.838028 273.326291 473.476526 
213.232394 304.011737 588.218310 229.495305 639.899061 459.654930 263.711268 472.875587 
213.232394 293.795775 602.039906 236.706573 644.706573 466.866197 255.899061 465.664319 
212.631455 277.570423 617.664319 237.307512 647.110329 472.875587 243.279343 453.645540 
215.636150 256.537559 632.687793 238.509390 648.913146 474.077465 226.453052 436.218310 
219.842723 234.903756 648.312207 236.706573 651.917840 471.673709 223.448357 413.983568 
228.856808 210.866197 663.936620 234.302817 656.124413 463.861502 224.049296 386.941315 
246.884977 186.227700 684.368545 230.096244 662.133803 457.251174 234.265258 362.903756 
267.316901 163.992958 707.204225 227.091549 672.950704 449.438967 244.481221 334.058685 
293.758216 144.762911 729.438967 227.692488 686.171362 442.227700 257.100939 309.420188 
322.002347 129.739437 752.875587 230.096244 699.992958 436.819249 276.330986 291.392019 
352.049296 119.523474 775.711268 236.706573 713.814554 436.218310 303.974178 276.969484 
379.692488 114.715962 798.546948 249.326291 730.640845 441.025822 326.809859 270.359155 
408.537559 116.518779 817.176056 264.950704 743.861502 448.838028 351.448357 265.551643 
433.776995 118.321596 835.204225 283.579812 755.880282 459.974178 374.884977 263.147887 
459.977934 127.576056 848.665258 307.136620 764.293427 474.438028 396.518779 266.032394 
483.534742 136.469953 859.962911 331.174178 771.985446 491.985446 414.306573 269.878404 
507.572300 148.969484 867.414554 357.375117 773.668075 508.811737 429.690610 274.445540 
523.917840 159.305634 872.222066 381.412676 774.148826 525.638028 443.151643 281.176056 
542.426761 174.449296 870.539437 407.373239 768.860563 542.945070 455.170423 284.781690 
556.128169 185.746948 868.376056 433.093427 759.485915 562.175117 463.823944 292.473709 
566.704695 199.207981 861.645540 455.929108 747.707512 576.357277 471.515962 298.002347 
575.598592 208.823005 853.232394 478.524413 734.967606 588.856808 476.804225 301.848357 
584.732864 219.639906 840.732864 495.831455 722.468075 598.952582 482.332864 302.569484 
590.742254 231.899061 832.319718 510.975117 710.449296 606.163850 487.621127 309.059624 
594.828638 242.235211 820.541315 524.195775 697.228638 614.336620 490.986385 315.069014 
598.674648 249.927230 811.407042 532.608920 689.536620 616.259624 493.390141 319.155399 
599.636150 257.138498 805.878404 535.493427 684.729108 617.701878 495.072770 321.318779 
602.280282 259.061502 803.474648 533.089671 684.488732 611.692488 500.601408 324.684038 
607.087793 258.821127 806.118779 523.474648 690.017371 603.519718 508.293427 324.443662 
613.577934 259.301878 814.772300 510.975117 698.670892 591.020188 516.946948 324.203286 
624.635211 255.936620 830.156338 492.466197 727.035211 571.069014 534.494366 323.001408 
633.529108 251.850235 849.867136 468.188263 751.793897 554.723474 546.993897 327.568545 
641.461502 248.244601 867.895305 444.391080 774.869953 538.137559 566.464319 327.568545 
646.028638 245.119718 880.394836 417.469014 801.792019 511.936620 578.963850 326.607042 
643.624883 237.187324 888.807981 385.018310 820.300939 488.139437 587.376995 327.328169 
638.576995 233.822066 890.971362 353.529108 833.281221 461.698122 589.540376 326.847418 
627.519718 229.735681 887.125352 325.645540 840.252113 431.651174 590.021127 327.087793 
610.693427 227.331925 873.183568 292.954460 840.011737 404.729108 584.732864 326.126291 
586.655869 228.053052 847.703756 263.388263 828.954460 375.884038 572.954460 326.847418 
558.291549 232.139437 820.781690 239.350704 809.964789 354.009859 554.685915 329.491549 
520.071831 233.341315 779.677465 216.755399 779.677465 332.135681 524.398592 331.414554 
473.679343 240.792958 724.631455 202.573239 735.448357 315.790141 483.775117 338.866197 
429.930986 250.888732 672.229577 195.361972 695.305634 307.857746 449.401408 345.356338 
384.019249 256.898122 625.596714 191.275587 652.999531 300.886854 407.095305 352.086854 
336.184507 264.349765 576.319718 185.746948 608.770423 292.473709 364.308451 357.375117 
306.618310 261.705634 529.446479 178.776056 569.108451 287.666197 339.790141 354.009859 
277.532864 257.859624 501.082160 173.487793 540.023005 280.214554 313.589202 352.327230 
253.976056 254.975117 476.083099 166.276526 518.629577 272.282160 294.359155 347.279343 
242.678404 246.081221 461.900939 156.661502 504.447418 262.667136 282.340376 336.943192 
237.149765 238.389202 455.651174 149.690610 499.639906 254.253991 278.253991 327.808920 
240.034272 227.091549 455.651174 141.277465 500.361033 245.840845 281.859624 316.511268 
249.408920 214.832394 463.583568 129.739437 504.687793 234.302817 286.907512 304.973239 
255.899061 203.053991 472.958216 119.403286 513.341315 224.687793 293.397653 292.473709 
265.994836 188.150704 485.217371 109.547887 524.158216 213.390141 303.493427 277.570423 
284.263380 173.728169 505.649296 100.894366 538.821127 209.063380 315.992958 265.311268 
302.291549 166.757277 525.119718 102.576995 554.685915 210.024883 328.252113 256.176995 
315.271831 165.555399 543.869014 113.634272 566.223944 221.803286 336.905634 260.023005 
322.963850 175.410798 558.051174 145.844601 570.310329 242.475587 340.992019 264.830516 
328.732864 186.948826 565.983568 173.968545 569.589202 273.484038 328.732864 278.531925 
326.088732 196.804225 564.781690 199.688732 564.781690 304.973239 327.530986 293.435211 
322.242723 203.534742 563.820188 221.562911 555.166667 326.126291 317.915962 298.002347 
316.954460 202.813615 558.531925 238.869953 544.830516 341.269953 304.695305 298.723474 
316.653991 201.611737 557.930986 249.206103 537.438967 352.988263 294.178873 295.478404 
313.589202 201.371362 556.188263 260.203286 530.407981 362.002347 291.114085 293.915962 
314.009859 203.594836 557.269953 273.003286 528.845540 372.819249 289.551643 294.817371 
321.641784 208.282160 562.918779 285.623005 530.528169 384.777934 292.556338 300.165728 
332.819249 219.880282 572.593897 302.809859 537.739437 401.363850 299.767606 309.420188 
356.856808 239.711268 587.617371 323.241784 551.561033 415.786385 316.593897 321.438967 
382.096244 257.138498 610.453052 342.471831 574.997653 434.415493 343.636150 344.274648 
418.753521 270.960094 646.509390 353.889671 612.856808 447.636150 383.899061 353.288732 
463.223005 278.772300 698.190141 360.500000 663.335681 448.237089 430.772300 356.894366 
517.908451 284.781690 745.063380 360.500000 716.218310 448.237089 486.659624 362.903756 
582.809859 267.955399 819.579812 335.260563 790.734742 430.208920 558.772300 353.288732 
645.307512 253.532864 890.490610 308.819249 862.847418 401.363850 620.068075 335.260563 
690.978873 231.899061 943.373239 276.368545 920.537559 376.124413 671.748826 318.434272 
733.044601 203.053991 993.852113 231.899061 974.622066 336.462441 716.218310 295.598592 
749.870892 180.218310 1020.293427 195.842723 1008.274648 298.002347 742.659624 269.157277 
742.659624 163.392019 1017.889671 162.190141 1011.880282 265.551643 741.457746 255.936620 
717.420188 153.776995 989.044601 139.354460 987.842723 245.119718 717.420188 247.523474 
663.335681 148.969484 938.565728 124.931925 944.575117 233.100939 670.546948 245.119718 
604.443662 148.969484 884.481221 120.124413 891.692488 227.091549 616.462441 243.917840 
543.147887 152.575117 826.791080 117.720657 837.607981 227.091549 553.964789 246.321596 
493.870892 157.382629 769.100939 128.537559 777.514085 231.899061 501.082160 255.936620 
457.814554 168.199531 733.044601 136.950704 740.255869 246.321596 467.429577 261.946009 
443.392019 182.622066 717.420188 159.786385 723.429577 265.551643 451.805164 277.570423 
442.190141 186.227700 721.025822 173.007042 723.429577 277.570423 449.401408 283.579812 
457.814554 189.833333 735.448357 182.622066 736.650235 285.983568 461.420188 285.983568 
481.852113 187.429577 764.293427 182.622066 763.091549 289.589202 480.650235 285.983568 
509.495305 183.823944 789.532864 185.025822 788.330986 290.791080 508.293427 283.579812 
526.321596 183.823944 814.772300 186.227700 812.368545 295.598592 526.321596 284.781690 
539.542254 191.636150 831.598592 197.044601 826.791080 305.213615 538.941315 290.791080 
549.157277 209.063380 838.809859 216.875587 831.598592 325.645540 543.748826 307.617371 
547.955399 241.514085 838.809859 255.936620 829.194836 358.096244 544.349765 338.866197 
547.955399 282.377934 838.809859 295.598592 831.598592 400.161972 539.542254 378.528169 
556.368545 314.828638 848.424883 334.058685 841.213615 441.025822 546.753521 413.382629 
570.791080 344.875587 867.654930 359.298122 860.443662 467.467136 564.781690 441.025822 
587.617371 354.490610 892.894366 366.509390 889.288732 477.082160 581.607981 456.650235 
602.039906 362.903756 913.927230 362.903756 910.321596 478.284038 601.438967 467.467136 
608.650235 367.711268 926.546948 359.298122 928.950704 474.077465 611.053991 472.274648 
605.044601 369.514085 928.349765 355.692488 932.556338 472.875587 611.053991 476.481221 
598.434272 370.715962 919.335681 352.687793 925.345070 467.467136 602.640845 476.481221 
591.223005 371.917840 913.326291 350.284038 922.941315 465.063380 596.631455 477.683099 
587.016432 364.105634 913.326291 342.471831 922.340376 457.852113 593.626761 473.476526 
587.617371 358.697183 910.922535 336.462441 919.936620 456.049296 592.424883 467.467136 
582.208920 335.861502 914.528169 320.237089 919.936620 437.420188 584.612676 445.232394 
564.781690 328.650235 901.908451 315.429577 907.316901 433.213615 570.190141 439.223005 
537.138498 328.650235 874.866197 320.237089 876.068075 433.814554 540.744131 436.819249 
521.514085 335.861502 855.636150 331.654930 856.838028 445.232394 523.316901 443.429577 
513.100939 337.063380 841.814554 335.260563 846.021127 452.443662 510.697183 451.842723 
508.293427 334.058685 841.213615 331.654930 841.213615 448.838028 504.687793 445.232394 
507.692488 328.049296 847.223005 322.640845 846.622066 436.218310 508.293427 435.016432 
499.880282 317.833333 841.814554 316.030516 842.415493 435.617371 499.880282 432.612676 
487.260563 317.833333 824.387324 318.434272 821.983568 432.612676 484.255869 427.805164 
457.213615 328.650235 790.133803 335.861502 785.927230 452.443662 451.204225 442.227700 
432.575117 331.053991 769.100939 337.063380 765.495305 451.842723 424.762911 439.223005 
415.748826 319.035211 761.288732 329.852113 758.284038 448.237089 413.946009 437.420188 
422.359155 307.016432 760.086854 316.030516 752.875587 436.218310 416.349765 424.800469 
434.377934 277.570423 774.509390 279.373239 769.100939 395.354460 431.373239 390.546948 
438.584507 261.345070 785.326291 260.744131 783.523474 381.532864 436.180751 378.528169 
436.180751 248.725352 779.316901 245.720657 780.518779 365.908451 437.983568 367.110329 
428.368545 257.138498 765.495305 248.725352 767.298122 364.105634 431.974178 371.316901 
407.335681 275.767606 748.068075 259.542254 754.678404 376.124413 415.748826 391.748826 
401.927230 293.194836 744.462441 264.950704 753.476526 380.330986 409.138498 410.377934 
404.931925 301.007042 745.664319 263.748826 757.082160 377.927230 418.753521 419.392019 
416.950704 305.814554 754.077465 252.931925 772.105634 365.908451 439.185446 420.593897 
427.166667 303.410798 763.091549 232.500000 784.124413 348.481221 452.406103 418.190141 
429.570423 302.208920 763.091549 217.476526 790.133803 331.654930 460.819249 415.185446 
423.561033 299.805164 750.471831 207.260563 781.720657 319.035211 456.612676 413.382629 
402.528169 299.204225 726.434272 201.251174 759.485915 312.424883 436.781690 411.579812 
373.082160 298.002347 697.589202 201.251174 728.838028 312.424883 408.537559 410.377934 
333.420188 294.396714 664.537559 204.856808 694.584507 314.828638 366.471831 406.171362 
304.575117 289.589202 638.096244 210.866197 665.138498 321.438967 334.622066 405.570423 
290.753521 291.992958 626.077465 223.485915 647.110329 333.457746 315.392019 403.767606 
284.143192 285.983568 622.471831 234.302817 641.100939 343.673709 306.978873 404.368545 
291.955399 285.382629 623.072770 245.119718 634.490610 353.288732 304.575117 401.964789 
277.532864 285.983568 614.659624 250.528169 626.678404 362.302817 291.955399 400.762911 
265.514085 286.584507 608.049296 268.556338 612.856808 376.725352 276.931925 403.767606 
249.889671 307.617371 584.011737 301.607981 585.213615 412.180751 255.899061 424.199531 
239.072770 314.227700 569.589202 309.420188 570.791080 415.185446 242.077465 424.800469 
240.274648 307.617371 567.786385 312.424883 568.387324 418.791080 239.072770 424.199531 
249.889671 305.213615 569.589202 312.424883 565.983568 419.392019 245.082160 419.392019 
249.889671 288.387324 574.396714 296.800469 570.190141 398.359155 247.485915 400.161972 
252.894366 276.368545 574.396714 287.185446 571.992958 391.748826 251.692488 388.744131 
252.894366 274.565728 564.781690 285.983568 562.978873 386.941315 251.091549 382.734742 
240.875587 274.565728 553.363850 287.185446 550.960094 388.143192 238.471831 381.532864 
230.659624 273.363850 544.349765 286.584507 540.744131 386.340376 228.255869 381.532864 
226.453052 271.561033 537.138498 284.781690 534.133803 382.133803 222.847418 377.927230 
225.251174 267.955399 532.330986 277.570423 531.129108 374.922535 223.448357 372.518779 
224.650235 261.946009 529.927230 268.556338 528.725352 367.711268 224.650235 368.312207 
224.650235 257.739437 527.523474 261.946009 528.725352 359.298122 225.852113 362.302817 
224.049296 257.138498 526.321596 257.739437 526.321596 355.091549 227.053991 361.701878 
225.251174 260.143192 522.715962 256.537559 524.518779 352.086854 228.255869 361.100939 
223.448357 263.147887 518.509390 257.138498 521.514085 351.485915 229.457746 363.504695 
224.650235 265.551643 517.307512 257.739437 520.913146 350.884977 230.058685 365.908451 
227.053991 267.354460 515.504695 257.739437 520.312207 349.683099 233.063380 366.509390 
232.462441 265.551643 516.706573 255.936620 520.913146 346.678404 237.870892 362.903756 
233.063380 260.744131 516.706573 251.129108 520.913146 343.072770 239.673709 357.495305 
234.265258 251.730047 515.504695 243.917840 520.312207 334.058685 239.673709 347.880282 
233.664319 239.110329 513.701878 233.100939 517.908451 324.443662 239.673709 335.260563 
233.063380 225.889671 510.096244 219.880282 514.903756 310.622066 237.870892 320.838028 
230.058685 206.659624 508.293427 205.457746 510.096244 295.598592 234.265258 304.612676 
226.453052 191.636150 504.086854 193.438967 505.288732 284.781690 231.260563 287.185446 
224.650235 174.809859 500.481221 180.819249 501.082160 272.762911 227.654930 269.758216 
224.049296 159.786385 499.279343 170.002347 498.077465 260.744131 225.852113 253.532864 
226.453052 146.565728 500.481221 162.791080 496.875587 251.129108 225.852113 241.514085 
228.255869 133.345070 501.683099 154.978873 496.274648 243.917840 226.453052 227.091549 
233.664319 122.528169 504.086854 149.570423 497.476526 236.706573 231.260563 215.072770 
243.880282 115.316901 509.495305 145.964789 502.284038 233.100939 237.269953 207.861502 
252.293427 108.706573 515.504695 144.762911 508.293427 229.495305 245.082160 201.852113 
264.312207 107.504695 525.119718 144.762911 516.706573 230.096244 256.500000 199.448357 
279.335681 109.307512 536.537559 147.166667 524.518779 231.298122 271.523474 198.246479 
293.758216 108.706573 546.753521 148.969484 536.537559 231.899061 283.542254 198.246479 
309.983568 109.908451 559.373239 150.171362 547.955399 231.899061 299.166667 198.246479 
325.607981 110.509390 570.190141 151.974178 559.974178 231.298122 313.589202 197.044601 
342.434272 111.110329 584.011737 152.575117 571.992958 232.500000 331.016432 196.443662 
357.457746 109.908451 595.429577 152.575117 584.011737 232.500000 346.039906 195.842723 
371.880282 110.509390 608.049296 152.575117 595.429577 231.298122 361.063380 194.640845 
385.100939 109.908451 620.068075 151.974178 607.448357 229.495305 374.884977 193.438967 
400.725352 108.105634 630.884977 151.974178 617.063380 230.096244 387.504695 191.035211 
413.946009 107.504695 642.903756 151.974178 628.481221 229.495305 400.124413 188.631455 
425.964789 105.701878 652.518779 151.373239 638.697183 227.091549 412.744131 187.429577 
439.185446 105.100939 664.537559 150.772300 649.514085 228.293427 425.363850 186.828638 
453.007042 105.701878 676.556338 153.176056 662.734742 230.096244 439.185446 186.227700 
470.434272 108.706573 689.776995 156.180751 674.753521 230.697183 454.809859 188.030516 
484.856808 112.913146 704.199531 159.185446 686.171362 233.100939 470.434272 190.434272 
498.678404 116.518779 716.819249 162.190141 699.992958 237.307512 486.058685 194.640845 
514.302817 120.725352 728.237089 165.194836 712.612676 239.110329 501.082160 198.847418 
528.124413 125.532864 739.654930 168.199531 724.631455 242.115023 514.302817 202.453052 
537.138498 129.739437 749.870892 171.805164 735.448357 245.720657 524.518779 207.260563 
544.950704 135.748826 757.082160 174.208920 743.260563 246.922535 533.532864 210.866197 
552.161972 139.955399 763.091549 174.809859 749.269953 247.523474 540.143192 213.870892 
554.565728 141.758216 766.096244 174.809859 752.875587 248.124413 543.147887 217.476526 
553.964789 141.758216 764.894366 173.007042 752.875587 245.720657 543.147887 218.077465 
550.960094 144.161972 763.091549 170.603286 752.274648 243.917840 541.946009 218.077465 
546.152582 144.161972 757.683099 167.598592 748.068075 240.913146 538.941315 218.077465 
539.542254 145.363850 749.870892 164.593897 742.058685 237.908451 532.931925 219.880282 
529.326291 145.964789 740.255869 162.190141 733.645540 233.701878 524.518779 221.082160 
517.908451 148.368545 728.838028 157.983568 722.828638 231.899061 514.302817 222.284038 
502.884977 151.373239 713.814554 156.180751 711.410798 227.692488 502.284038 225.288732 
488.462441 155.579812 699.392019 154.978873 698.190141 227.091549 490.265258 228.894366 
471.035211 162.190141 681.964789 154.978873 681.964789 226.490610 473.438967 234.903756 
456.011737 170.002347 664.537559 156.180751 666.941315 227.692488 462.021127 240.913146 
439.185446 177.213615 645.908451 157.983568 652.518779 229.495305 446.396714 249.927230 
419.955399 188.631455 626.077465 162.190141 636.293427 233.701878 429.570423 258.941315 
401.927230 201.852113 609.251174 166.997653 620.669014 236.105634 415.748826 269.157277 
383.298122 210.265258 590.622066 171.805164 602.640845 240.913146 398.922535 281.176056 
366.471831 222.284038 574.396714 175.410798 588.819249 245.720657 382.697183 291.992958 
350.847418 233.100939 558.171362 180.218310 574.396714 249.326291 368.274648 302.208920 
336.424883 242.115023 541.345070 185.025822 561.176056 254.133803 358.659624 311.823944 
322.002347 253.532864 529.326291 188.631455 550.359155 256.537559 346.640845 320.838028 
312.387324 261.345070 517.307512 191.636150 539.542254 259.542254 336.424883 329.251174 
301.570423 268.556338 505.288732 194.640845 529.927230 261.946009 329.213615 335.861502 
293.157277 275.767606 496.274648 197.645540 523.316901 265.551643 322.002347 341.870892 
285.345070 280.575117 488.462441 200.049296 516.105634 266.753521 316.593897 348.481221 
281.138498 285.983568 481.852113 201.852113 511.298122 267.955399 313.589202 353.889671 
275.129108 290.190141 476.443662 202.453052 507.692488 269.157277 308.781690 358.096244 
270.922535 293.194836 471.035211 202.453052 504.086854 269.758216 305.176056 361.701878 
266.715962 297.401408 468.030516 203.654930 501.683099 270.359155 302.171362 364.706573 
263.110329 299.204225 464.424883 202.453052 499.279343 268.556338 299.767606 366.509390 
258.302817 300.406103 462.021127 201.251174 497.476526 268.556338 296.161972 368.913146 
256.500000 302.208920 460.819249 201.852113 496.875587 269.758216 294.359155 372.518779 
255.298122 306.415493 460.819249 203.053991 496.274648 269.157277 294.960094 374.922535 
253.495305 306.415493 460.218310 201.251174 498.077465 270.359155 293.157277 376.124413 
251.091549 305.213615 460.819249 200.049296 498.077465 267.955399 290.152582 376.124413 
250.490610 304.011737 463.223005 197.044601 501.082160 266.753521 290.152582 374.922535 
250.490610 300.406103 468.030516 194.039906 504.086854 266.152582 291.354460 374.922535 
251.692488 296.800469 472.237089 190.434272 508.894366 263.748826 292.556338 371.917840 
254.697183 292.593897 480.049296 186.828638 516.105634 261.345070 294.960094 368.913146 
257.100939 287.185446 486.659624 183.223005 523.917840 257.138498 298.565728 365.307512 
260.706573 282.377934 495.072770 177.814554 531.129108 254.734742 299.767606 361.701878 
263.711268 275.767606 503.485915 173.007042 540.143192 252.931925 302.772300 356.894366 
265.514085 268.556338 514.903756 168.199531 549.157277 249.927230 305.176056 353.288732 
271.523474 261.946009 526.321596 165.795775 558.171362 249.326291 309.382629 349.683099 
274.528169 255.936620 537.739437 160.387324 570.190141 248.124413 312.387324 345.476526 
284.143192 251.129108 552.161972 160.988263 582.809859 248.725352 318.997653 343.673709 
290.152582 243.917840 564.781690 158.584507 595.429577 249.927230 324.406103 338.866197 
294.359155 236.105634 578.002347 156.180751 605.645540 250.528169 327.410798 335.260563 
300.368545 229.495305 590.622066 151.974178 616.462441 249.927230 328.612676 331.053991 
303.974178 225.889671 602.640845 152.575117 627.880282 252.330986 333.420188 328.049296 
308.781690 218.678404 613.457746 150.772300 636.894366 254.133803 334.622066 325.044601 
308.781690 213.269953 623.072770 150.772300 643.504695 254.133803 335.823944 321.438967 
310.584507 206.058685 630.284038 150.171362 649.514085 255.936620 335.223005 318.434272 
309.983568 201.852113 638.096244 149.570423 654.922535 257.739437 333.420188 316.030516 
308.180751 196.443662 643.504695 147.166667 660.330986 258.941315 330.415493 313.025822 
305.176056 189.833333 648.913146 146.565728 665.138498 259.542254 326.208920 311.223005 
303.373239 185.025822 655.523474 144.762911 669.345070 261.946009 322.002347 309.420188 
297.964789 180.218310 660.330986 143.561033 672.950704 263.147887 317.795775 307.016432 
295.561033 176.612676 666.340376 142.359155 677.157277 264.950704 314.190141 306.415493 
293.157277 173.007042 671.147887 141.758216 681.363850 266.753521 309.983568 305.213615 
287.147887 168.199531 675.354460 139.955399 685.570423 267.354460 302.772300 305.213615 
281.739437 165.795775 680.161972 138.152582 689.776995 269.758216 296.161972 304.612676 
273.927230 162.190141 685.570423 135.748826 692.781690 270.359155 289.551643 305.213615 
266.715962 158.584507 686.171362 134.546948 693.983568 273.363850 279.335681 306.415493 
252.894366 156.781690 686.772300 133.946009 693.382629 275.767606 266.115023 308.819249 
237.870892 154.377934 683.767606 133.345070 692.180751 279.373239 252.894366 311.223005 
223.448357 153.176056 685.570423 132.744131 690.377934 284.180751 237.870892 313.626761 
207.223005 152.575117 681.363850 133.946009 687.373239 288.988263 221.645540 318.434272 
192.800469 151.974178 680.161972 134.546948 685.570423 293.795775 207.823944 321.438967 
175.373239 151.373239 677.758216 134.546948 683.166667 296.800469 188.593897 325.044601 
157.946009 150.772300 672.950704 134.546948 678.960094 301.607981 174.171362 328.650235 
143.523474 149.570423 669.946009 135.147887 675.955399 305.213615 157.345070 332.856808 

