510.516639 337.737937 557.238769 331.747920 558.436772 380.866057 512.912646 389.252080 
510.216432 336.101878 556.729108 331.053991 557.810798 381.172300 512.740376 386.941315 
510.456808 335.861502 556.248357 329.731925 558.051174 380.571362 511.899061 387.422066 
510.697183 335.500939 556.128169 329.371362 557.930986 379.489671 512.139437 387.061502 
510.576995 334.659624 557.089671 327.808920 559.253052 378.287793 513.461502 386.580751 
512.019249 333.577934 557.810798 326.366667 561.055869 376.845540 514.903756 385.859624 
513.341315 333.337559 559.493427 325.405164 562.738498 375.884038 517.307512 385.258685 
515.023944 332.616432 561.176056 323.602347 565.502817 374.441784 519.350704 384.898122 
516.706573 331.895305 563.579812 322.160094 568.627700 374.081221 523.196714 384.176995 
519.591080 330.933803 566.824883 320.477465 572.593897 372.038028 526.441784 384.657746 
522.475587 330.693427 569.709390 319.155399 576.199531 371.437089 530.407981 384.056808 
526.081221 330.212676 572.954460 317.953521 580.886854 369.874648 534.374178 384.297183 
529.927230 330.453052 577.161033 317.472770 585.814554 369.033333 539.662441 383.455869 
532.811737 329.611737 581.487793 314.828638 590.862441 368.192019 542.907512 384.417371 
536.537559 329.852113 584.492488 313.987324 595.309390 368.071831 548.075587 384.297183 
541.104695 328.530047 589.059624 314.828638 602.400469 368.552582 554.445540 384.417371 
545.671831 331.174178 592.545070 314.588263 606.607042 368.312207 560.094366 385.979812 
548.916901 331.895305 595.429577 314.588263 611.294366 368.312207 563.700000 387.782629 
551.320657 334.058685 598.915023 314.588263 613.698122 369.754460 567.546009 388.864319 
554.084977 335.260563 601.318779 313.987324 618.265258 369.874648 571.752582 391.508451 
555.166667 335.741315 601.679343 313.746948 619.707512 369.634272 574.997653 393.431455 
554.205164 335.981690 602.160094 312.545070 620.909390 368.792958 574.396714 394.032394 
552.041784 335.861502 599.636150 311.703756 620.909390 367.951643 575.117840 394.272770 
547.835211 335.260563 596.871831 309.300000 618.866197 366.629577 572.714085 394.392958 
544.469953 334.539437 592.785446 308.218310 615.861502 364.826761 569.348826 394.753521 
537.499061 333.818310 587.617371 306.415493 612.135681 363.745070 563.099061 394.392958 
529.206103 334.419249 581.848357 303.410798 609.611737 363.985446 559.853991 396.436150 
521.754460 334.419249 574.396714 303.050235 603.602347 363.624883 553.484038 397.517840 
514.182629 334.659624 566.824883 300.406103 598.554460 363.504695 547.354460 398.479343 
506.851174 337.664319 559.493427 303.410798 590.501878 363.264319 541.465258 400.041784 
500.481221 340.428638 550.238967 303.651174 583.410798 363.865258 535.816432 403.166667 
492.068075 341.750704 543.628638 303.530986 576.800469 365.187324 529.566667 405.209859 
484.135681 346.317840 534.614554 305.213615 569.949765 367.591080 523.076526 410.498122 
477.164789 349.803286 527.283099 306.535681 565.142254 369.994836 518.269014 415.065258 
471.636150 353.769484 521.393897 308.699061 559.974178 373.961033 514.543192 420.113146 
467.309390 359.418310 515.264319 312.545070 556.007981 377.085915 511.298122 425.040845 
462.862441 362.783568 510.456808 315.189202 553.003286 379.730047 508.293427 429.848357 
459.256808 367.110329 507.932864 318.434272 552.282160 384.417371 507.572300 434.896244 
458.054930 372.278404 506.730986 321.438967 553.243662 386.700939 508.894366 440.785446 
457.694366 378.167606 506.009859 324.443662 554.325352 390.066197 509.615493 446.314085 
457.213615 382.494366 505.168545 326.246479 558.171362 394.392958 513.100939 452.083099 
458.175117 388.263380 505.048357 328.409859 558.772300 395.835211 514.062441 456.409859 
457.453991 392.590141 505.408920 330.933803 562.377934 397.638028 518.389202 462.539437 
459.256808 397.037089 506.130047 332.135681 565.262441 399.921596 522.355399 466.986385 
459.617371 403.166667 506.851174 331.775117 569.228638 399.561033 525.961033 472.755399 
460.578873 405.690610 507.091549 333.217371 572.714085 402.806103 530.888732 476.721596 
462.021127 409.656808 507.812676 332.496244 575.238028 402.084977 535.576056 479.606103 
462.021127 412.060563 507.091549 330.212676 578.122535 400.161972 539.181690 481.288732 
462.021127 413.983568 508.173239 329.251174 582.088732 397.758216 541.705634 483.572300 
462.622066 414.223944 506.971362 325.885915 583.410798 395.114085 545.912207 483.812676 
462.742254 413.983568 505.649296 322.761033 585.694366 392.349765 549.638028 484.484977 
462.141315 414.344131 503.606103 319.515962 586.175117 389.825822 551.921596 484.653991 
460.939437 414.464319 500.240845 316.751643 587.136620 387.061502 553.964789 485.855869 
459.136620 417.469014 498.798592 316.150704 587.497183 385.739437 555.767606 486.697183 
457.213615 420.714085 494.712207 315.429577 586.655869 386.460563 556.729108 488.139437 
456.131925 424.079343 492.188263 315.189202 585.934742 385.859624 558.531925 492.225822 
455.290610 427.805164 490.265258 315.669953 585.814554 384.898122 561.296244 494.509390 
455.530986 432.011737 488.342254 315.910329 587.136620 383.335681 564.060563 497.634272 
456.973239 434.896244 487.260563 315.910329 587.857746 385.138498 568.026761 502.321596 
459.136620 439.583568 486.900000 316.992019 590.381690 385.859624 572.714085 505.446479 
460.819249 445.472770 487.140376 318.915023 592.785446 388.503756 577.281221 511.816432 
465.386385 451.842723 488.462441 321.679343 595.189202 391.989202 583.290610 516.744131 
469.833333 459.414554 490.385446 325.284977 598.554460 394.152582 589.179812 523.234272 
475.121596 465.183568 492.428638 329.251174 603.121596 398.118779 595.910329 529.363850 
479.328169 470.712207 495.192958 330.092488 607.328169 400.402347 603.722535 534.892488 
484.376056 473.236150 497.716901 330.813615 612.376056 400.762911 610.573239 538.137559 
489.544131 475.038967 501.082160 328.650235 616.823005 400.041784 617.544131 539.339437 
495.313146 475.639906 504.447418 326.607042 620.789202 399.200469 623.673709 541.022066 
500.601408 476.120657 507.331925 325.164789 626.077465 398.238967 630.884977 541.983568 
506.851174 476.601408 511.658685 322.761033 632.327230 396.796714 639.538498 543.425822 
512.860563 477.562911 516.706573 321.799531 638.817371 395.835211 646.028638 543.906573 
522.235211 480.207042 521.754460 319.636150 644.826761 395.594836 655.403286 546.069953 
527.763850 482.610798 526.321596 318.674648 650.836150 395.594836 664.297183 549.915962 
532.811737 483.572300 528.965728 317.713146 654.441784 393.671831 669.345070 551.358216 
536.657746 486.216432 530.888732 316.030516 658.768545 394.392958 677.517840 554.963850 
540.984507 491.745070 531.850235 315.790141 660.691549 395.114085 682.806103 559.530986 
541.946009 496.792958 531.369484 316.030516 663.576056 397.277465 687.132864 565.540376 
543.628638 504.244601 531.609859 318.193897 665.258685 399.440845 691.219249 572.511268 
546.032394 510.975117 531.609859 319.876526 667.181690 402.806103 695.305634 578.039906 
547.955399 518.546948 532.330986 322.039906 668.744131 404.368545 699.392019 585.852113 
549.157277 526.960094 531.730047 324.443662 671.147887 407.974178 702.997653 591.861502 
550.359155 537.176056 530.528169 327.448357 672.950704 410.978873 706.603286 602.077465 
550.960094 546.791080 530.528169 331.053991 674.152582 414.584507 710.208920 610.490610 
550.960094 555.805164 528.725352 334.659624 675.354460 418.190141 712.011737 617.701878 
552.161972 563.016432 527.523474 337.664319 674.152582 419.392019 715.617371 623.110329 
550.359155 569.626761 524.518779 338.866197 675.354460 421.194836 715.617371 627.917840 
550.359155 575.636150 521.514085 338.265258 674.152582 419.992958 717.420188 630.922535 
548.556338 578.640845 517.307512 337.063380 672.950704 418.791080 718.021127 633.326291 
547.354460 581.044601 514.302817 334.058685 671.147887 415.185446 718.021127 633.927230 
549.157277 578.039906 514.302817 328.049296 672.349765 408.575117 719.223005 627.917840 
550.960094 571.429577 516.706573 319.636150 675.955399 401.363850 721.626761 620.706573 
558.772300 556.406103 526.321596 310.622066 682.565728 391.748826 727.636150 608.687793 
571.992958 538.377934 539.542254 296.800469 692.781690 377.927230 737.251174 591.260563 
587.016432 517.946009 561.176056 284.781690 707.805164 369.514085 748.068075 575.035211 
602.039906 502.321596 578.002347 278.171362 722.227700 361.100939 760.086854 561.213615 
617.063380 486.096244 597.833333 271.561033 736.049296 357.495305 769.100939 550.396714 
629.683099 474.077465 614.058685 267.955399 747.467136 355.692488 776.913146 545.589202 
639.899061 463.260563 632.086854 269.157277 757.082160 359.298122 781.720657 542.584507 
643.504695 459.053991 640.500000 269.758216 761.889671 364.105634 779.917840 542.584507 
645.908451 457.852113 647.110329 276.969484 764.293427 375.523474 774.509390 545.589202 
645.307512 458.453052 652.518779 284.180751 761.288732 386.941315 766.697183 552.800469 
640.500000 460.856808 655.523474 293.795775 755.880282 401.363850 755.279343 563.617371 
633.288732 464.462441 654.922535 303.410798 748.669014 417.589202 741.457746 572.631455 
627.279343 466.866197 654.922535 316.030516 739.053991 432.011737 725.833333 584.049296 
620.669014 465.664319 653.720657 322.640845 727.636150 446.434272 704.800469 590.058685 
611.053991 459.053991 650.715962 325.645540 716.218310 453.645540 686.772300 590.659624 
600.838028 441.626761 649.514085 323.842723 705.401408 456.049296 660.931925 576.237089 
596.030516 430.208920 647.711268 313.626761 690.978873 456.650235 644.105634 558.809859 
591.823944 408.575117 648.913146 299.805164 678.359155 443.429577 629.082160 547.392019 
591.223005 394.152582 651.917840 295.598592 669.345070 435.617371 616.462441 534.772300 
590.622066 383.335681 654.321596 293.795775 663.335681 434.415493 603.842723 529.964789 
590.622066 378.528169 656.725352 297.401408 654.922535 434.415493 590.021127 525.157277 
588.819249 376.124413 657.927230 305.213615 645.908451 437.420188 577.401408 522.152582 
585.213615 374.922535 658.528169 309.420188 635.692488 443.429577 562.978873 519.748826 
580.406103 371.316901 656.725352 315.429577 622.471831 447.636150 545.551643 513.739437 
570.791080 370.115023 651.316901 320.237089 608.049296 450.640845 530.528169 507.129108 
562.978873 366.509390 644.706573 323.842723 596.030516 451.842723 512.500000 504.725352 
552.762911 364.706573 638.096244 327.448357 581.607981 453.044601 495.673709 498.715962 
543.147887 361.701878 629.082160 329.852113 568.988263 451.842723 477.645540 493.908451 
534.734742 358.096244 621.269953 331.654930 553.363850 452.443662 463.223005 487.298122 
524.518779 353.889671 614.058685 332.856808 540.143192 450.640845 448.199531 483.692488 
515.504695 350.284038 606.246479 335.260563 529.326291 451.241784 434.377934 478.284038 
510.096244 348.481221 601.438967 337.664319 519.110329 450.640845 421.758216 475.880282 
504.687793 347.880282 594.227700 343.673709 508.894366 453.645540 411.542254 471.673709 
498.678404 350.284038 591.823944 349.683099 502.884977 457.251174 401.927230 471.673709 
498.678404 351.485915 591.223005 356.293427 498.077465 462.058685 395.917840 471.072770 
501.683099 354.490610 595.429577 365.908451 499.279343 468.068075 397.720657 471.072770 
508.293427 358.096244 607.448357 375.523474 506.490610 477.082160 398.321596 472.875587 
522.715962 365.307512 622.471831 391.748826 517.908451 488.500000 411.542254 477.683099 
540.744131 373.119718 638.697183 405.570423 533.532864 501.119718 428.368545 481.288732 
564.180751 380.330986 661.532864 420.593897 554.565728 513.739437 452.406103 486.096244 
588.218310 385.138498 684.969484 431.410798 574.396714 520.950704 472.237089 487.899061 
605.645540 385.138498 710.208920 436.819249 597.833333 525.157277 489.664319 485.495305 
627.279343 381.532864 723.429577 436.218310 608.650235 523.955399 507.091549 478.284038 
641.701878 367.711268 737.852113 427.204225 623.673709 516.744131 522.115023 463.861502 
654.922535 346.678404 750.471831 415.786385 634.490610 502.321596 536.537559 441.626761 
657.326291 323.842723 758.884977 394.152582 641.100939 483.692488 538.941315 421.795775 
655.523474 298.603286 759.485915 374.321596 642.903756 464.462441 537.138498 400.161972 
647.110329 275.166667 749.870892 351.485915 640.500000 443.429577 532.330986 374.321596 
628.481221 246.321596 740.856808 323.842723 627.279343 418.791080 514.903756 352.086854 
608.049296 219.279343 722.227700 296.199531 618.866197 394.152582 500.481221 329.251174 
584.612676 192.237089 700.593897 267.955399 602.640845 369.514085 484.856808 305.814554 
558.772300 170.002347 683.166667 247.523474 585.814554 351.485915 463.823944 287.185446 
529.326291 154.978873 659.129108 228.894366 567.786385 335.260563 439.786385 273.964789 
501.082160 148.969484 634.490610 213.870892 548.556338 324.443662 419.955399 269.157277 
472.838028 147.767606 607.448357 207.260563 529.326291 320.838028 397.720657 270.960094 
447.598592 157.382629 582.208920 210.866197 510.697183 322.640845 379.091549 279.974178 
424.161972 170.603286 556.368545 219.279343 493.269953 335.861502 361.063380 293.795775 
404.931925 192.237089 538.941315 232.500000 480.650235 352.086854 348.443662 317.232394 
391.110329 216.875587 525.119718 250.528169 474.039906 371.316901 342.434272 344.875587 
382.096244 240.913146 515.504695 271.561033 471.636150 391.748826 343.035211 368.913146 
380.293427 267.354460 512.500000 289.589202 474.640845 410.978873 346.039906 392.950704 
383.298122 290.190141 513.701878 304.011737 486.659624 421.795775 357.457746 410.377934 
392.312207 305.814554 520.913146 314.828638 499.880282 431.410798 373.683099 426.002347 
404.931925 319.636150 532.330986 325.645540 517.307512 438.622066 392.312207 437.420188 
424.161972 334.659624 550.960094 332.856808 541.345070 444.030516 419.955399 448.237089 
450.002347 343.673709 575.598592 339.467136 570.190141 448.237089 447.598592 456.650235 
477.645540 353.889671 599.035211 345.476526 600.237089 451.842723 481.852113 462.659624 
505.889671 363.504695 624.875587 352.086854 630.284038 454.847418 513.701878 469.870892 
534.734742 372.518779 648.312207 355.692488 658.528169 458.453052 546.753521 475.880282 
562.377934 380.931925 669.345070 361.100939 683.166667 461.457746 576.199531 481.288732 
585.814554 388.143192 690.978873 364.706573 706.603286 463.861502 602.039906 487.298122 
606.847418 394.152582 709.607981 368.913146 727.636150 466.866197 626.077465 492.105634 
623.072770 398.960094 727.035211 374.321596 746.866197 469.870892 644.105634 495.110329 
638.697183 403.767606 742.058685 378.528169 761.889671 472.274648 662.734742 498.115023 
653.720657 408.575117 754.077465 382.133803 775.110329 475.880282 677.758216 501.119718 
665.138498 412.180751 766.096244 385.739437 787.730047 478.884977 687.974178 504.725352 
675.354460 413.983568 774.509390 389.946009 797.345070 481.288732 699.392019 507.129108 
686.171362 415.786385 784.725352 392.950704 806.359155 484.293427 708.406103 507.730047 
696.988263 416.988263 794.340376 394.753521 813.570423 486.096244 717.420188 507.129108 
707.204225 415.185446 805.758216 395.955399 823.185446 487.298122 725.833333 504.725352 
715.016432 412.781690 818.978873 395.354460 832.800469 487.298122 733.645540 502.922535 
728.838028 407.373239 829.194836 393.551643 843.016432 485.495305 745.063380 498.115023 
741.457746 402.565728 841.213615 391.147887 850.828638 483.091549 753.476526 493.908451 
753.476526 396.556338 852.631455 389.345070 860.443662 480.687793 763.091549 488.500000 
763.692488 392.349765 862.246479 386.941315 867.053991 478.884977 770.302817 482.490610 
769.701878 386.941315 867.053991 385.138498 870.659624 477.082160 772.706573 477.683099 
772.706573 381.532864 870.058685 382.734742 869.457746 474.077465 773.908451 472.274648 
770.903756 375.523474 867.053991 378.528169 866.453052 470.321596 770.302817 464.462441 
764.293427 368.312207 862.246479 376.124413 858.640845 467.467136 761.288732 458.453052 
753.837089 362.903756 850.468075 373.360094 845.420188 464.582629 748.789202 451.602347 
739.174178 357.855869 836.165728 369.393897 826.791080 459.895305 731.602347 444.751643 
722.468075 350.764789 817.656808 366.629577 805.758216 455.328169 712.372300 436.578873 
703.358216 344.154460 796.023005 362.543192 783.403286 450.160094 692.901878 429.607981 
684.488732 335.621127 776.071831 356.533803 761.288732 443.429577 670.426761 420.353521 
667.061502 325.525352 756.120657 348.961972 739.174178 435.136620 651.917840 409.897183 
650.715962 318.073709 737.972300 341.870892 720.304695 427.324413 632.687793 400.642723 
637.495305 310.381690 722.948826 335.981690 700.954460 419.271831 618.385446 392.590141 
627.159155 303.530986 708.285915 331.294366 685.209859 412.060563 605.164789 384.297183 
617.784507 297.281221 697.469014 327.568545 672.950704 406.892488 595.069014 376.965728 
611.534742 292.714085 688.334742 323.722535 662.734742 403.046479 586.655869 370.956338 
607.688732 288.146948 683.046479 320.958216 654.201408 398.839906 579.564789 364.586385 
606.607042 283.579812 678.719718 318.915023 648.071831 394.633333 576.680282 358.576995 
607.087793 278.772300 676.676526 316.270892 643.504695 390.186385 574.997653 351.966667 
608.530047 273.724413 677.037089 312.665258 640.259624 384.056808 574.637089 345.115962 
612.255869 267.474648 678.238967 308.218310 641.100939 379.249296 575.838967 335.621127 
616.943192 260.383568 681.123474 304.011737 640.740376 371.437089 578.723474 327.087793 
621.870892 253.052113 682.806103 298.122535 640.980751 363.023944 581.127230 317.232394 
626.077465 245.360094 685.209859 291.151643 640.500000 356.774178 582.088732 307.737559 
629.803286 236.706573 686.051174 287.185446 639.538498 348.841784 584.372300 296.920657 
631.245540 230.817371 686.051174 280.575117 637.735681 340.428638 584.372300 288.146948 
631.125352 221.082160 683.767606 272.282160 634.730986 330.693427 582.809859 276.608920 
629.202347 210.746009 681.844601 263.869014 631.125352 321.559155 580.406103 267.474648 
628.481221 204.255869 678.238967 255.936620 626.798592 313.386385 578.483099 258.821127 
629.202347 199.688732 677.277465 252.571362 625.837089 307.136620 578.002347 253.052113 
632.327230 201.852113 679.200469 254.975117 627.038967 306.415493 581.127230 253.532864 
644.346009 214.111268 689.055869 265.311268 636.173239 316.511268 591.223005 262.426761 
666.220188 231.658685 712.853052 290.310329 657.326291 335.500939 612.376056 275.166667 
686.892488 257.859624 736.169484 315.549765 681.844601 361.221127 633.529108 302.569484 
719.102817 278.051174 759.966667 334.539437 704.680282 377.085915 663.095305 319.876526 
743.380751 302.809859 781.600469 360.259624 723.669953 402.325352 686.411737 342.471831 
765.495305 321.799531 801.792019 384.777934 742.419249 423.718779 706.362911 359.778873 
782.561972 343.433333 823.185446 408.334742 762.130047 446.314085 722.948826 379.970423 
802.513146 367.470892 838.809859 427.805164 775.110329 462.659624 740.976995 400.402347 
818.377934 383.335681 852.992019 444.150704 788.330986 479.245540 756.841784 415.786385 
834.242723 396.796714 865.251174 457.852113 801.070892 491.504695 773.668075 425.882160 
845.300000 405.209859 875.827700 466.024883 809.964789 497.273709 783.523474 435.256808 
855.876526 406.171362 882.077465 467.947887 813.810798 498.715962 789.292488 436.458685 
859.241784 401.363850 885.442723 464.101878 815.253052 495.110329 791.455869 431.170423 
858.039906 389.825822 885.442723 457.130986 815.253052 489.100939 789.532864 419.872770 
854.674648 376.845540 881.115962 442.708451 809.724413 472.995775 784.965728 406.892488 
846.261502 358.336620 874.625822 426.603286 802.513146 458.092488 777.033333 390.066197 
836.165728 341.269953 865.972300 408.334742 794.340376 441.746948 767.177934 372.518779 
823.185446 322.039906 854.674648 386.941315 785.686854 424.439906 755.159155 356.894366 
807.801408 304.011737 841.453991 368.192019 772.946948 408.094366 740.015493 342.712207 
787.850235 283.099061 827.031455 348.000469 759.966667 390.787324 724.150704 327.568545 
767.418310 266.993897 810.205164 327.328169 744.582629 375.643662 704.199531 315.549765 
746.024883 251.850235 791.455869 310.261502 727.756338 363.624883 685.209859 303.530986 
724.150704 243.196714 769.581690 295.358216 712.372300 352.327230 669.345070 295.838967 
700.353521 236.706573 749.390141 285.022066 695.786385 346.077465 647.711268 294.396714 
676.075587 235.504695 731.121596 281.176056 679.921596 346.558216 629.442723 297.040845 
657.085915 239.591080 711.891549 283.579812 664.056808 349.683099 611.654930 304.492488 
633.288732 251.609859 691.459624 288.868075 647.470892 360.500000 590.982629 318.915023 
609.852113 262.186385 670.426761 304.011737 634.009859 372.158216 572.353521 332.135681 
589.780751 275.527230 654.682160 309.059624 618.986385 384.056808 556.969484 350.524413 
571.752582 289.228638 638.817371 320.237089 606.727230 399.200469 540.744131 367.470892 
553.243662 299.324413 623.914085 330.693427 593.987324 414.704695 526.201408 383.335681 
536.537559 313.386385 609.010798 337.904695 584.131925 425.882160 513.461502 397.758216 
521.393897 324.684038 594.948826 349.562911 572.954460 441.506573 501.202347 411.940376 
504.207042 333.217371 579.925352 357.014554 562.978873 451.121596 488.702817 422.997653 
489.664319 338.024883 566.824883 361.100939 551.681221 457.731925 475.602347 431.771362 
471.636150 340.068075 552.402347 362.783568 541.585446 463.020188 462.261502 437.420188 
456.492488 340.428638 543.027700 363.504695 533.292488 467.346948 447.838967 440.665258 
441.228638 339.827700 529.927230 360.740376 523.076526 468.188263 436.180751 443.309390 
429.450235 336.222066 519.951643 356.774178 514.543192 466.385446 427.286854 442.948826 
418.753521 331.053991 511.778873 351.245540 509.976056 463.741315 418.753521 440.665258 
409.378873 326.727230 506.009859 343.673709 505.288732 461.217371 411.542254 437.420188 
400.725352 318.193897 500.601408 335.861502 501.683099 457.010798 404.330986 434.295305 
393.273709 310.381690 496.034272 328.770423 498.918779 452.083099 399.763850 429.007042 
387.384507 302.449296 492.669014 318.674648 497.716901 446.314085 394.595775 423.238028 
380.293427 289.228638 489.544131 306.535681 496.755399 438.862441 388.946948 416.868075 
372.481221 281.656808 486.419249 297.882160 495.072770 433.453991 383.658685 411.099061 
366.712207 274.325352 485.337559 290.190141 494.712207 429.367606 380.774178 407.373239 
362.505634 268.916901 484.736620 284.781690 495.553521 425.401408 377.288732 404.128169 
358.419249 265.191080 484.255869 281.055869 495.433333 424.560094 375.005164 403.286854 
354.212676 262.426761 483.654930 277.570423 495.914085 424.319718 372.601408 402.685915 
350.366667 260.864319 483.414554 276.368545 496.394836 426.002347 369.115962 405.089671 
347.482160 260.263380 482.693427 275.407042 496.755399 427.564789 367.673709 408.094366 
343.155399 260.744131 481.611737 276.128169 496.515023 431.891549 361.904695 410.257746 
334.501878 259.301878 478.246479 274.205164 494.592019 433.333803 357.097183 411.700000 
329.213615 257.138498 476.323474 272.041784 494.111268 435.977934 352.770423 413.382629 
322.723474 254.253991 475.121596 269.638028 492.428638 437.420188 347.722535 414.824883 
316.473709 251.129108 472.237089 266.513146 490.986385 438.622066 341.953521 415.065258 
310.704695 248.725352 469.833333 263.147887 490.505634 440.545070 338.588263 416.988263 
305.176056 243.677465 470.073709 259.061502 490.265258 439.583568 333.540376 415.546009 
299.407042 236.466197 469.112207 253.292488 491.226761 438.862441 330.415493 414.344131 
293.758216 228.293427 468.631455 245.720657 492.669014 437.420188 326.809859 410.978873 
288.950704 222.584507 469.232394 239.711268 493.269953 435.617371 323.204225 408.575117 
284.744131 215.673709 469.232394 233.401408 494.471831 435.016432 319.598592 407.974178 
279.936620 212.068075 469.833333 230.096244 495.673709 435.016432 317.194836 406.772300 
277.532864 209.063380 471.636150 227.692488 499.279343 438.622066 316.593897 409.176056 
277.532864 207.260563 475.842723 226.490610 504.086854 441.626761 316.593897 410.377934 
277.532864 204.856808 481.852113 224.687793 508.293427 444.030516 316.593897 412.781690 
275.730047 204.255869 486.058685 222.884977 513.701878 448.838028 317.194836 415.185446 
275.129108 200.049296 489.664319 219.880282 519.110329 450.640845 318.396714 415.786385 
272.124413 194.640845 494.471831 215.673709 523.316901 451.842723 317.194836 416.387324 
273.326291 191.035211 498.678404 210.866197 527.523474 452.443662 318.396714 416.387324 
268.518779 185.025822 502.284038 207.861502 531.129108 454.246479 317.194836 416.988263 
264.913146 180.218310 504.086854 204.255869 534.734742 458.453052 312.988263 419.392019 
262.509390 177.814554 508.293427 201.852113 537.739437 461.457746 312.988263 421.795775 
261.908451 177.213615 512.500000 201.852113 541.946009 466.265258 311.786385 424.800469 
261.307512 177.213615 517.908451 203.053991 546.753521 472.875587 311.786385 427.805164 
257.822066 174.930047 521.754460 203.053991 549.878404 477.803286 309.743192 433.093427 
255.177934 174.930047 524.879343 203.053991 553.724413 485.014554 307.820188 438.141315 
250.370423 174.930047 528.004225 205.217371 555.407042 491.504695 305.176056 443.910329 
246.524413 174.930047 529.927230 205.217371 559.493427 499.437089 302.051174 448.237089 
241.716901 174.208920 533.773239 206.659624 561.897183 506.648357 298.685915 454.006103 
238.592019 174.208920 537.859624 206.659624 565.262441 513.138498 296.282160 460.496244 
236.669014 174.930047 541.705634 208.823005 568.387324 519.628638 294.359155 466.265258 
231.140376 178.295305 544.109390 210.746009 571.752582 529.243662 290.513146 472.995775 
225.491549 177.934742 546.032394 213.269953 572.954460 538.858685 287.748826 479.966667 
219.241784 182.141315 544.830516 218.317840 572.593897 548.954460 282.340376 490.903756 
213.232394 185.025822 546.392958 222.884977 572.473709 557.728169 275.489671 495.470892 
205.059624 183.944131 545.792019 222.644601 572.714085 563.376995 271.523474 499.437089 
199.410798 181.420188 546.873709 219.279343 573.194836 567.102817 266.115023 501.480282 
197.848357 178.896244 548.676526 218.438028 574.877465 569.386385 263.591080 503.763850 
196.045540 176.612676 551.801408 216.995775 577.761972 570.828638 265.273709 505.446479 
196.285915 172.766667 556.849296 213.149765 582.809859 571.790141 263.591080 505.446479 
195.805164 167.959155 563.099061 208.342254 588.098122 570.828638 265.994836 504.484977 
197.007042 161.469014 568.146948 199.929108 593.146009 569.146009 266.235211 501.840845 
198.208920 154.017371 575.117840 192.477465 599.155399 566.501878 268.398592 500.158216 
201.574178 146.084977 582.329108 186.468075 604.443662 562.415493 270.802347 495.110329 
201.333803 143.440845 584.973239 179.977934 608.049296 559.771362 271.523474 492.466197 
205.179812 135.027700 590.742254 174.449296 611.895305 556.165728 275.369484 487.899061 
203.977934 132.143192 594.347887 169.641784 612.616432 555.204225 274.167606 485.976056 
201.093427 130.700939 594.347887 171.084038 612.616432 556.646479 272.244601 490.302817 
196.045540 133.104695 592.184507 173.487793 610.453052 564.819249 267.196714 495.591080 
191.718779 141.517840 585.934742 183.823944 605.164789 574.193897 261.908451 501.119718 
185.709390 147.767606 581.848357 191.996714 599.155399 582.366667 255.899061 508.330986 
181.142254 151.373239 577.281221 197.525352 594.588263 586.933803 250.370423 510.975117 
177.536620 148.969484 573.675587 197.044601 591.944131 584.530047 246.764789 508.571362 
177.296244 140.796714 572.473709 188.871831 587.857746 580.203286 242.678404 504.244601 
182.584507 137.191080 572.954460 184.304695 585.453991 569.867136 245.082160 493.908451 
191.238028 135.508451 571.992958 184.545070 580.646479 555.684977 251.812676 484.533803 
206.862441 140.796714 572.233333 192.717840 578.002347 546.550704 261.668075 475.399531 
233.544131 155.459624 572.954460 204.496244 575.838967 536.214554 277.773239 469.870892 
263.110329 170.843662 575.598592 220.841784 575.598592 528.522535 294.839906 464.101878 
290.753521 186.708451 581.127230 235.745070 576.319718 519.388263 315.752582 457.852113 
313.348826 200.409859 584.492488 250.407981 575.838967 510.975117 333.540376 453.284977 
336.665258 209.784507 587.617371 258.821127 576.079343 501.119718 348.203286 446.314085 
356.856808 216.274648 590.501878 266.272770 576.079343 487.418310 364.548826 438.381690 
381.134742 224.687793 594.588263 270.839906 579.204225 476.601408 384.019249 427.564789 
402.287793 229.254930 599.395775 271.561033 582.088732 463.861502 400.364789 418.670892 
418.633333 231.418310 603.241784 272.762911 584.973239 450.640845 412.864319 408.334742 
436.661502 235.264319 606.847418 273.724413 587.617371 441.025822 426.084977 399.681221 
450.122535 235.504695 609.731925 272.041784 590.501878 428.766667 437.623005 391.268075 
461.179812 235.023944 613.097183 269.638028 592.905634 417.709390 447.718779 382.133803 
472.237089 233.100939 614.058685 266.753521 592.424883 406.171362 456.612676 373.119718 
480.049296 225.889671 614.659624 257.739437 593.025822 394.152582 462.622066 361.701878 
487.861502 221.082160 616.462441 252.330986 593.025822 380.931925 468.631455 350.884977 
495.673709 213.269953 618.265258 245.119718 592.424883 370.115023 473.438967 338.265258 
503.485915 209.063380 621.269953 242.115023 593.626761 358.697183 480.650235 325.645540 
516.105634 205.457746 625.476526 242.715962 593.626761 352.687793 487.861502 315.429577 
529.927230 209.664319 632.086854 249.326291 597.232394 352.687793 493.870892 316.631455 
544.950704 224.687793 642.302817 270.359155 600.237089 365.908451 505.288732 319.636150 
564.781690 244.518779 651.316901 296.199531 606.246479 383.335681 519.110329 335.260563 
583.410798 262.546948 661.532864 322.039906 614.058685 403.166667 533.532864 345.476526 
603.241784 284.180751 675.354460 339.467136 621.269953 415.786385 550.359155 358.096244 
619.467136 300.406103 684.969484 363.504695 626.678404 432.011737 561.176056 366.509390 
631.485915 317.232394 693.382629 380.330986 633.288732 445.833333 571.992958 382.734742 
644.105634 333.457746 701.795775 397.758216 639.298122 458.453052 582.809859 393.551643 
650.115023 345.476526 707.204225 409.776995 645.908451 468.669014 591.223005 403.767606 
659.129108 356.894366 713.814554 416.387324 653.720657 473.476526 600.838028 412.781690 
666.340376 362.302817 719.223005 421.194836 662.734742 475.279343 611.053991 416.988263 
673.551643 361.701878 725.833333 416.988263 670.546948 472.274648 618.866197 417.589202 
678.960094 357.495305 731.241784 408.575117 680.161972 463.861502 627.880282 413.382629 
683.767606 346.678404 736.650235 394.753521 687.373239 451.241784 633.889671 404.969484 
683.166667 334.058685 737.852113 378.528169 693.983568 433.814554 640.500000 389.345070 
681.964789 316.030516 735.448357 356.293427 697.589202 412.781690 642.302817 371.917840 
675.955399 295.598592 734.847418 333.457746 695.185446 392.950704 639.899061 355.091549 
663.936620 286.584507 721.025822 323.842723 690.377934 378.528169 632.086854 341.870892 
660.330986 254.133803 718.021127 286.584507 691.579812 339.467136 635.091549 307.617371 
653.720657 233.100939 709.607981 261.345070 683.767606 319.035211 627.880282 290.791080 
642.302817 213.870892 698.791080 241.514085 675.354460 297.401408 618.866197 270.960094 
630.884977 199.448357 686.772300 224.687793 664.537559 282.377934 609.251174 254.734742 
618.265258 190.434272 674.753521 212.669014 653.119718 269.758216 597.833333 246.922535 
605.044601 185.025822 661.532864 207.260563 642.302817 262.546948 585.814554 239.711268 
590.622066 182.021127 646.509390 201.852113 629.683099 257.138498 575.598592 237.307512 
579.805164 181.420188 634.490610 200.650235 618.866197 255.335681 565.382629 237.307512 
568.387324 183.823944 623.072770 200.049296 609.251174 254.133803 555.767606 237.908451 
557.570423 186.708451 611.895305 201.852113 599.395775 255.696244 546.513146 240.552582 
548.436150 191.035211 600.357277 203.294366 590.021127 256.417371 538.100000 243.677465 
537.378873 198.727230 591.703756 208.582629 581.607981 261.224883 528.244601 251.609859 
528.244601 204.736620 580.646479 213.630516 573.675587 266.513146 521.514085 256.898122 
517.427700 214.832394 571.031455 221.082160 565.983568 271.561033 512.620188 266.272770 
506.130047 223.726291 559.493427 226.851174 555.887793 278.291549 502.764789 275.166667 
497.236150 229.495305 549.638028 232.860563 546.753521 282.858685 494.351643 281.656808 
487.621127 235.504695 539.782629 237.908451 538.340376 288.387324 486.900000 286.464319 
480.169484 240.792958 531.369484 242.956338 530.407981 292.233333 479.929108 289.589202 
473.679343 245.119718 524.158216 246.561972 523.677465 295.358216 474.400469 293.915962 
468.391080 248.725352 518.148826 250.167606 518.629577 297.761972 469.833333 297.281221 
464.785446 253.052113 514.062441 252.811737 515.023944 300.406103 466.948826 300.406103 
462.381690 255.215493 511.418310 254.734742 512.620188 301.848357 465.025822 302.088732 
461.420188 257.859624 509.254930 257.138498 511.418310 303.290610 464.545070 304.252113 
461.900939 260.263380 509.014554 259.061502 512.139437 304.252113 465.746948 305.934742 
462.862441 262.907512 510.697183 260.744131 513.822066 306.175117 467.429577 308.098122 
465.025822 265.311268 511.899061 263.147887 515.745070 307.376995 470.314085 310.261502 
468.150704 267.955399 514.302817 264.590141 518.629577 309.059624 473.198592 311.703756 
471.275587 270.599531 516.466197 266.753521 521.273709 310.021127 476.323474 313.867136 
474.881221 272.041784 519.591080 269.157277 525.119718 311.463380 480.890610 314.347887 
478.967606 274.445540 523.437089 268.916901 528.725352 311.944131 484.736620 316.270892 
481.611737 275.647418 525.360094 269.638028 531.850235 312.184507 488.582629 317.472770 
484.736620 276.368545 527.763850 269.878404 534.734742 312.184507 491.947887 318.434272 
486.419249 277.089671 529.686854 270.118779 537.138498 311.463380 494.592019 318.193897 
489.063380 277.330047 530.407981 269.397653 538.580751 310.261502 497.476526 317.953521 
488.582629 276.128169 530.648357 267.715023 540.023005 308.578873 499.159155 317.232394 
487.861502 275.407042 529.686854 266.032394 539.542254 306.175117 499.399531 315.790141 
486.419249 273.964789 526.802347 262.667136 538.580751 304.011737 498.678404 314.107512 
483.294366 271.561033 523.677465 260.023005 536.417371 299.925352 496.755399 311.944131 
479.448357 269.878404 519.591080 255.936620 533.773239 295.117840 494.111268 308.338498 
475.361972 266.753521 514.062441 250.407981 530.167606 288.627700 491.947887 304.732864 
470.314085 263.388263 509.495305 246.802347 526.802347 285.022066 488.823005 301.848357 
466.948826 260.263380 503.966667 241.273709 523.437089 279.733803 487.621127 299.204225 
464.304695 260.263380 501.082160 240.312207 521.273709 276.368545 485.217371 296.079343 
460.699061 259.301878 497.476526 238.148826 519.350704 274.445540 484.015493 294.877465 
459.256808 259.061502 495.072770 237.668075 518.148826 272.282160 483.534742 294.637089 
460.699061 263.628638 496.274648 240.792958 520.071831 275.647418 484.255869 297.521596 
458.776056 268.195775 494.351643 244.879343 518.148826 279.493427 483.294366 302.569484 
454.689671 276.368545 490.024883 253.532864 512.860563 287.906573 477.765728 311.463380 
0.000000 0.000000 0.000000 0.000000 0.000000 0.000000 0.000000 0.000000 
437.623005 309.780751 475.361972 285.022066 497.957277 318.674648 460.699061 343.914085 
422.719718 324.924413 460.699061 302.088732 482.573239 337.183568 443.632394 360.980751 
406.854930 338.866197 445.795775 317.713146 466.708451 354.490610 426.806103 377.085915 
391.951643 352.327230 431.613615 332.376056 451.324413 368.913146 411.902817 391.027700 
0.000000 0.000000 0.000000 0.000000 0.000000 0.000000 0.000000 0.000000 
0.000000 0.000000 0.000000 0.000000 0.000000 0.000000 0.000000 0.000000 
364.068075 389.585446 404.931925 368.192019 425.363850 405.690610 385.221127 428.045540 
364.789202 399.681221 405.172300 378.047418 425.604225 414.824883 386.663380 437.660563 
368.394836 406.892488 408.297183 384.297183 428.729108 419.151643 389.067136 442.468075 
373.442723 409.296244 414.306573 386.460563 435.700000 424.920657 394.355399 447.515962 
379.452113 408.575117 420.796714 386.220188 442.430516 424.439906 401.326291 446.794836 
385.461502 406.411737 426.325352 383.816432 447.959155 422.276526 407.095305 445.592958 
390.749765 403.046479 431.132864 380.451174 452.045540 417.949765 412.383568 441.025822 
392.192019 398.719718 433.296244 375.643662 454.689671 414.103756 413.825822 437.179812 
390.509390 391.748826 431.853991 370.115023 453.968545 409.296244 413.345070 432.372300 
388.105634 387.181690 429.930986 365.547887 451.324413 405.209859 410.700939 428.526291 
382.096244 382.614554 424.402347 360.019249 446.757277 400.883099 404.210798 424.680282 
374.644601 378.047418 419.114085 356.894366 438.344131 396.075587 394.836150 418.911268 
364.789202 371.557277 410.941315 349.442723 431.853991 392.710329 386.663380 413.382629 
358.299061 364.346009 403.008920 343.914085 423.921596 387.181690 380.653991 409.055869 
353.491549 360.019249 397.720657 339.587324 417.671831 382.854930 373.683099 404.248357 
350.607042 356.894366 395.557277 338.145070 415.268075 381.893427 370.317840 401.363850 
347.962911 354.250235 395.076526 335.020188 413.585446 379.970423 368.154460 398.960094 
348.443662 352.086854 396.278404 332.856808 414.546948 378.287793 368.394836 397.277465 
351.808920 349.923474 400.845540 331.414554 418.633333 377.326291 370.317840 396.315962 
355.654930 347.279343 404.931925 329.972300 422.719718 375.884038 373.923474 394.392958 
359.260563 345.115962 411.181690 327.568545 428.248357 374.922535 377.769484 393.191080 
366.952582 342.952582 417.912207 326.607042 434.257746 374.201408 384.500000 391.989202 
376.327230 342.471831 428.969484 324.684038 445.795775 373.961033 393.153521 391.508451 
389.788263 340.789202 442.430516 325.164789 458.295305 373.961033 405.893427 389.825822 
402.528169 340.789202 456.372300 325.164789 472.237089 374.682160 417.671831 390.546948 
414.787324 338.145070 473.438967 324.684038 487.621127 375.162911 430.411737 390.066197 
431.613615 338.385446 488.823005 325.645540 501.322535 376.364789 444.353521 390.306573 
446.997653 336.222066 502.764789 323.482160 515.504695 375.884038 459.737559 389.585446 
460.458685 333.097183 516.946948 321.078404 527.523474 375.162911 471.756338 387.902817 
472.958216 329.251174 529.927230 317.953521 540.263380 373.480282 483.775117 385.739437 
485.938498 325.164789 544.109390 314.828638 552.762911 371.076526 496.274648 382.374178 
497.236150 318.915023 558.051174 309.540376 564.541315 367.711268 504.687793 377.085915 
510.216432 312.184507 572.473709 304.492488 577.281221 363.865258 515.504695 372.278404 
523.917840 307.136620 587.617371 300.886854 590.021127 360.259624 528.004225 366.990141 
539.301878 300.886854 603.001408 296.800469 604.203286 357.134742 540.984507 362.182629 
553.243662 296.079343 618.385446 294.877465 617.904695 355.692488 553.003286 358.096244 
566.945070 293.194836 634.009859 293.675587 631.606103 355.692488 565.743192 355.932864 
581.367606 290.791080 650.115023 293.915962 644.586385 356.894366 578.002347 354.730986 
595.790141 290.550704 664.297183 295.117840 656.605164 358.336620 590.261502 354.971362 
609.491549 290.310329 676.315962 298.242723 667.422066 362.423005 601.559155 354.490610 
623.433333 293.194836 690.017371 303.530986 677.758216 367.470892 613.097183 358.336620 
634.971362 297.281221 702.516901 310.021127 687.613615 374.201408 621.991080 361.942254 
647.711268 301.607981 714.054930 316.511268 697.469014 381.653052 632.807981 367.470892 
658.528169 305.453991 725.833333 323.001408 707.324413 388.383568 641.701878 371.797653 
669.345070 311.223005 736.890610 330.212676 715.977934 394.633333 650.115023 376.845540 
681.604225 316.992019 746.986385 338.145070 723.910329 401.604225 660.210798 381.893427 
690.738498 323.241784 756.361033 345.356338 731.361972 409.055869 667.181690 388.623944 
701.795775 330.212676 764.774178 353.288732 739.053991 416.507512 675.354460 395.354460 
710.930047 336.943192 773.668075 361.221127 746.024883 426.122535 682.084977 403.286854 
717.179812 343.673709 781.360094 371.076526 751.793897 434.295305 688.094366 409.296244 
725.833333 351.846479 788.330986 378.528169 757.562911 442.468075 693.142254 416.507512 
732.323474 358.817371 795.782629 387.902817 762.610798 452.083099 699.872770 423.959155 
740.976995 365.547887 803.474648 394.633333 768.139437 457.852113 705.641784 430.689671 
746.505634 370.595775 809.243662 400.642723 773.668075 463.861502 710.449296 435.256808 
752.515023 372.278404 815.733803 404.248357 778.235211 467.226761 714.295305 437.900939 
757.803286 374.201408 821.743192 406.652113 783.042723 469.390141 719.343192 439.823944 
764.293427 375.403286 826.791080 406.171362 788.571362 470.592019 724.391080 440.304695 
770.783568 374.682160 832.800469 404.969484 791.936620 470.832394 729.679343 440.304695 
774.629577 374.441784 837.607981 405.209859 797.224883 468.428638 734.967606 438.141315 
779.917840 372.759155 843.376995 403.527230 800.349765 468.909390 739.053991 438.381690 
786.648357 368.192019 847.463380 400.402347 804.195775 466.505634 743.380751 435.737559 
789.292488 366.990141 850.588263 398.238967 808.762911 462.659624 747.226761 433.333803 
792.657746 363.144131 854.193897 393.191080 811.407042 458.813615 750.111268 430.449296 
795.061502 359.298122 856.838028 388.864319 814.531925 455.448357 752.034272 426.362911 
796.984507 355.692488 858.761033 385.499061 816.695305 451.121596 754.438028 422.276526 
797.224883 351.846479 859.241784 382.133803 817.416432 447.515962 755.399531 419.392019 
796.503756 349.683099 859.001408 378.768545 817.656808 444.391080 755.159155 416.747887 
794.340376 346.798592 858.520657 375.884038 817.897183 441.746948 753.716901 414.824883 
793.859624 343.433333 857.318779 372.518779 816.454930 439.343192 752.274648 411.459624 
791.215493 340.789202 855.395775 370.115023 814.291549 437.660563 750.592019 410.498122 
790.975117 339.346948 854.193897 367.951643 814.291549 436.218310 749.630516 409.055869 
789.532864 337.183568 853.713146 366.269014 813.089671 435.016432 748.669014 408.094366 
787.129108 336.702817 852.030516 364.586385 811.166667 433.333803 746.265258 406.892488 

