1.0000 -0.0000 0.0000 -0.0000 1.0000 0.0000 -0.0000 -0.0000 1.0000
0.9979 -0.0088 5.1906 0.0004 0.9995 -0.6619 -0.0000 -0.0000 1.0000
1.0287 -0.0021 -8.2063 0.0082 1.0202 -5.7821 0.0000 0.0000 1.0000
1.0151 -0.0030 -6.2874 0.0026 1.0139 -1.2219 0.0000 0.0000 1.0000
1.0265 -0.0031 -13.2118 0.0036 1.0171 0.5447 0.0000 0.0000 1.0000
1.0300 -0.0012 -16.7755 0.0052 1.0179 0.4852 0.0000 0.0000 1.0000
1.0117 -0.0121 -13.8790 0.0005 0.9970 9.0050 0.0000 -0.0000 1.0000
1.0238 -0.0141 -20.3218 0.0057 0.9967 10.2602 0.0000 -0.0000 1.0000
1.0007 -0.0039 -17.9036 -0.0009 0.9903 13.8500 -0.0000 -0.0000 1.0000
1.0087 0.0045 -22.5622 0.0039 0.9979 10.8714 0.0000 0.0000 1.0000
0.9928 -0.0059 -19.6866 0.0054 0.9728 13.8055 -0.0000 -0.0000 1.0000
0.9552 -0.0167 -11.1112 0.0073 0.9378 15.2475 -0.0000 -0.0000 1.0000
0.9458 -0.0191 -11.8817 0.0201 0.9291 6.0878 -0.0000 -0.0000 1.0000
0.9593 -0.0123 -15.7231 0.0264 0.9367 1.7806 -0.0000 -0.0000 1.0000
0.9290 -0.0211 -6.9145 0.0220 0.9051 7.4314 -0.0000 -0.0000 1.0000
0.8831 -0.0234 0.0239 0.0256 0.8846 1.6774 -0.0001 -0.0000 1.0000
0.9260 -0.0403 -12.3400 0.0565 0.9012 -19.9703 -0.0000 -0.0000 1.0000
0.8906 -0.0598 -2.9444 0.0604 0.8567 -22.1335 -0.0000 -0.0000 1.0000
0.8677 -0.0768 3.6256 0.0782 0.8541 -46.0059 -0.0001 -0.0000 1.0000
0.8479 -0.0913 10.2653 0.0980 0.8358 -67.0134 -0.0001 -0.0000 1.0000
0.6979 -0.1330 56.1043 0.0930 0.7521 -78.3884 -0.0002 -0.0001 1.0000
0.5332 -0.2952 139.3206 0.0508 0.5238 -25.8136 -0.0003 -0.0004 1.0000
0.6495 -0.3540 105.9440 0.0467 0.4093 1.9815 -0.0002 -0.0006 1.0000
0.6574 -0.2181 69.3348 -0.0146 0.4472 25.1816 -0.0002 -0.0005 1.0000
0.7630 -0.1601 35.7974 0.0222 0.6623 -41.9829 -0.0001 -0.0004 1.0000
0.8511 -0.0760 4.6725 0.0691 0.8836 -107.4523 -0.0001 -0.0001 1.0000
0.7829 -0.0884 17.4773 0.0947 0.8330 -102.1165 -0.0001 -0.0001 1.0000
0.7270 -0.1344 29.9102 0.1546 0.7554 -119.3149 -0.0001 -0.0000 1.0000
0.8623 -0.1549 -2.5514 0.2546 0.7856 -170.0093 0.0000 0.0001 1.0000
0.9163 -0.0899 -24.7967 0.1429 0.7759 -76.5184 0.0001 0.0002 1.0000
0.9167 -0.1059 -17.5227 0.1539 0.7413 -60.8073 0.0001 0.0001 1.0000
0.7733 -0.1467 29.3126 0.2013 0.7036 -90.8545 -0.0000 -0.0000 1.0000
0.6971 -0.1718 57.9389 0.1855 0.6974 -81.3515 -0.0001 -0.0001 1.0000
0.7174 -0.1387 51.3591 0.1479 0.7179 -48.1388 -0.0001 -0.0001 1.0000
0.7392 -0.1257 50.8141 0.1276 0.7212 -24.3128 -0.0001 -0.0001 1.0000
0.7120 -0.1497 66.8966 0.1213 0.6993 -13.7926 -0.0001 -0.0001 1.0000
0.6778 -0.1717 81.4948 0.1310 0.6780 -17.7264 -0.0001 -0.0001 1.0000
0.6888 -0.1628 80.9972 0.1361 0.6820 -15.1834 -0.0001 -0.0001 1.0000
0.7520 -0.1412 64.7041 0.1353 0.7131 -7.6206 -0.0000 -0.0001 1.0000
0.7215 -0.1319 73.9141 0.1214 0.7012 1.2548 -0.0001 -0.0000 1.0000
0.7102 -0.1440 79.2519 0.1360 0.6942 -6.9474 -0.0001 -0.0000 1.0000
0.7057 -0.1532 81.7994 0.1405 0.6862 -6.4861 -0.0001 -0.0001 1.0000
0.5479 -0.1407 106.2969 0.0286 0.5754 52.0960 -0.0002 -0.0002 1.0000
0.3369 -0.2823 190.9715 -0.0976 0.2413 181.3646 -0.0004 -0.0005 1.0000
0.7231 -0.3394 105.7305 0.0486 0.2229 143.7743 -0.0000 -0.0006 1.0000
0.6233 -0.2232 112.9059 -0.1239 0.2172 228.9448 -0.0001 -0.0007 1.0000
0.7170 -0.0832 67.9131 -0.0947 0.4878 157.4724 -0.0001 -0.0005 1.0000
0.6959 -0.1259 82.3581 -0.0099 0.6037 86.1409 -0.0001 -0.0004 1.0000
0.5946 -0.0988 98.6637 -0.0105 0.6363 80.7004 -0.0002 -0.0002 1.0000
0.6144 -0.1015 92.3222 0.0664 0.6685 34.8562 -0.0002 -0.0000 1.0000
1.1015 -0.1337 -22.5968 0.2919 0.8480 -67.9430 0.0003 0.0001 1.0000
0.8097 -0.0977 61.2775 0.0253 0.6964 90.7077 0.0001 0.0001 1.0000
0.7359 -0.0973 70.0079 0.0631 0.6219 69.2988 -0.0000 0.0000 1.0000
0.6388 -0.1379 100.1549 0.1319 0.6386 -3.5845 -0.0001 -0.0001 1.0000
0.6310 -0.1713 106.7037 0.1313 0.6318 -7.4335 -0.0001 -0.0002 1.0000
0.6792 -0.1327 90.6445 0.1079 0.6682 5.9221 -0.0001 -0.0001 1.0000
0.6829 -0.1083 92.8802 0.0842 0.6709 20.5645 -0.0001 -0.0001 1.0000
0.6536 -0.1148 100.4994 0.0731 0.6569 22.7369 -0.0001 -0.0001 1.0000
0.6003 -0.1417 113.3263 0.0810 0.6180 13.5715 -0.0001 -0.0002 1.0000
0.6496 -0.1380 97.2868 0.1097 0.6416 -5.6873 -0.0001 -0.0001 1.0000
0.6805 -0.1085 81.1275 0.0990 0.6601 -0.8580 -0.0001 -0.0001 1.0000
0.6466 -0.1014 86.6504 0.0816 0.6405 5.8521 -0.0001 -0.0001 1.0000
0.6371 -0.1138 88.6487 0.0961 0.6311 -6.0758 -0.0001 -0.0001 1.0000
0.6313 -0.1218 89.9387 0.1055 0.6329 -15.6106 -0.0001 -0.0001 1.0000
0.6462 -0.1096 84.1749 0.1004 0.6466 -12.7615 -0.0001 -0.0001 1.0000
0.6521 -0.1196 83.8353 0.0984 0.6419 -10.9804 -0.0001 -0.0001 1.0000
0.6235 -0.1192 89.8304 0.0905 0.6257 -8.8880 -0.0001 -0.0001 1.0000
0.6362 -0.1284 86.2985 0.1018 0.6110 -15.3810 -0.0001 -0.0001 1.0000
0.6593 -0.1239 79.2016 0.1084 0.6351 -28.6688 -0.0001 -0.0001 1.0000
0.6415 -0.1166 80.1744 0.1038 0.6479 -42.6674 -0.0001 -0.0001 1.0000
0.6858 -0.1233 66.0963 0.1310 0.6861 -76.6863 -0.0001 -0.0001 1.0000
0.6629 -0.1097 69.4660 0.1149 0.6534 -52.8706 -0.0001 -0.0001 1.0000
0.6882 -0.1107 67.9956 0.1200 0.6714 -51.8562 -0.0001 -0.0001 1.0000
0.6663 -0.1141 74.8416 0.1077 0.6708 -42.7529 -0.0001 -0.0001 1.0000
0.6547 -0.1188 83.9146 0.0947 0.6635 -24.7664 -0.0001 -0.0001 1.0000
0.6586 -0.1047 90.1968 0.0819 0.6793 -4.0553 -0.0001 -0.0001 1.0000
0.6674 -0.0976 102.1114 0.0650 0.6843 25.4297 -0.0001 -0.0001 1.0000
0.6417 -0.0929 126.4290 0.0366 0.6587 66.5682 -0.0001 -0.0001 1.0000
0.6352 -0.0881 148.3820 0.0129 0.6373 108.3961 -0.0001 -0.0001 1.0000
0.6538 -0.0687 155.9125 -0.0093 0.6672 132.7971 -0.0001 -0.0001 1.0000
0.6740 -0.0544 154.6071 -0.0119 0.6924 137.6424 -0.0001 -0.0001 1.0000
0.6664 -0.0525 166.2541 -0.0315 0.6837 159.9775 -0.0001 -0.0001 1.0000
0.6806 -0.0355 168.4598 -0.0396 0.7067 166.0002 -0.0001 -0.0001 1.0000
0.6772 -0.0550 180.5850 -0.0491 0.6808 176.6721 -0.0001 -0.0001 1.0000
0.6860 -0.0324 181.5735 -0.0553 0.7079 173.1038 -0.0001 -0.0001 1.0000
0.7068 -0.0351 182.9165 -0.0540 0.7162 167.7166 -0.0001 -0.0001 1.0000
0.7018 -0.0206 184.6280 -0.0600 0.7320 157.7654 -0.0001 -0.0001 1.0000
0.7316 -0.0236 174.6238 -0.0470 0.7540 135.7081 -0.0001 -0.0001 1.0000
0.7578 -0.0191 157.4230 -0.0308 0.7807 105.9695 -0.0001 -0.0001 1.0000
0.7546 -0.0314 142.9116 -0.0228 0.7712 82.9869 -0.0001 -0.0000 1.0000
0.8192 -0.0200 97.1461 0.0094 0.8276 30.9341 -0.0001 -0.0000 1.0000
0.8587 -0.0232 63.4025 0.0364 0.8598 -21.3217 -0.0000 0.0000 1.0000
0.8860 -0.0448 34.2855 0.0573 0.8667 -66.8833 -0.0000 -0.0000 1.0000
0.9359 -0.0568 -4.6099 0.0913 0.9071 -134.2996 0.0000 0.0000 1.0000
0.9962 -0.0619 -40.4063 0.1258 0.9707 -208.0039 0.0001 0.0000 1.0000
1.0119 -0.0722 -49.1758 0.1467 1.0159 -259.7628 0.0001 0.0001 1.0000
1.0062 -0.0794 -39.1483 0.1527 1.0201 -273.0391 0.0001 0.0001 1.0000
1.0077 -0.0878 -27.9431 0.1591 1.0231 -280.6919 0.0001 0.0001 1.0000
1.0097 -0.1033 -15.9093 0.1682 1.0277 -286.5482 0.0001 0.0001 1.0000
1.0256 -0.1133 -12.3695 0.1789 1.0364 -290.5045 0.0001 0.0001 1.0000
0.9769 -0.1258 8.5471 0.1644 1.0065 -272.3287 0.0001 0.0000 1.0000
1.0258 -0.1148 -2.2251 0.1774 1.0491 -284.8512 0.0001 0.0001 1.0000
0.9954 -0.1262 12.0131 0.1692 1.0201 -269.2717 0.0001 0.0001 1.0000
1.0163 -0.1323 14.2161 0.1733 1.0314 -268.7121 0.0001 0.0001 1.0000
0.9958 -0.1272 22.4258 0.1653 1.0222 -257.2561 0.0001 0.0001 1.0000
0.9889 -0.1234 25.8138 0.1595 1.0155 -246.8458 0.0001 0.0001 1.0000
0.9884 -0.1242 29.6523 0.1556 1.0154 -236.8792 0.0001 0.0001 1.0000
0.9857 -0.1313 34.4516 0.1545 1.0011 -221.4130 0.0001 0.0000 1.0000
0.9648 -0.1198 41.6487 0.1423 0.9841 -195.1932 0.0001 0.0000 1.0000
0.9457 -0.1261 51.7934 0.1320 0.9622 -167.2340 0.0001 0.0000 1.0000
0.9568 -0.1286 51.5667 0.1321 0.9605 -148.2400 0.0001 0.0000 1.0000
0.9539 -0.1221 52.0889 0.1257 0.9640 -131.9229 0.0001 0.0000 1.0000
0.9627 -0.1173 49.9509 0.1227 0.9568 -112.9570 0.0001 0.0000 1.0000
0.9272 -0.1151 61.9699 0.1087 0.9316 -91.5401 0.0001 0.0000 1.0000
0.9023 -0.1200 76.8480 0.0968 0.9103 -71.3104 0.0001 -0.0000 1.0000
0.9184 -0.1038 77.4538 0.0969 0.9162 -59.0470 0.0001 0.0000 1.0000
0.8914 -0.1136 93.8687 0.0856 0.8862 -37.6622 0.0001 -0.0000 1.0000
0.8884 -0.1053 99.3655 0.0799 0.8879 -25.0865 0.0001 -0.0000 1.0000
0.8688 -0.1029 106.8855 0.0679 0.8689 -4.2395 0.0000 -0.0000 1.0000
0.8613 -0.1104 109.7950 0.0617 0.8483 13.0692 0.0000 -0.0000 1.0000
0.8542 -0.1020 110.9556 0.0545 0.8481 26.1795 0.0000 -0.0000 1.0000
0.8445 -0.1071 115.8921 0.0454 0.8280 42.2816 0.0000 -0.0000 1.0000
0.8362 -0.0999 121.2102 0.0379 0.8252 51.0810 0.0000 -0.0000 1.0000
0.8396 -0.0932 126.1337 0.0379 0.8271 55.2567 0.0000 -0.0000 1.0000
0.8348 -0.0857 136.5889 0.0325 0.8363 59.4478 0.0000 -0.0000 1.0000
0.8326 -0.0920 146.1327 0.0315 0.8243 65.2054 0.0000 -0.0000 1.0000
0.8333 -0.0898 151.1951 0.0270 0.8243 71.0081 0.0000 -0.0000 1.0000
0.8205 -0.0870 156.5854 0.0211 0.8161 76.7908 0.0000 -0.0000 1.0000
0.8305 -0.0739 154.5286 0.0208 0.8338 76.8070 0.0000 -0.0000 1.0000
0.8378 -0.0842 154.8364 0.0231 0.8201 80.9219 0.0000 -0.0000 1.0000
0.8123 -0.0793 158.8404 0.0129 0.8117 86.2133 -0.0000 -0.0000 1.0000
0.8197 -0.0698 157.7426 0.0139 0.8194 84.8152 -0.0000 -0.0000 1.0000
0.8241 -0.0655 155.8940 0.0155 0.8248 83.3830 -0.0000 -0.0000 1.0000
0.8136 -0.0744 161.3048 0.0112 0.8076 89.2889 -0.0000 -0.0001 1.0000
0.8104 -0.0722 161.8832 0.0112 0.8048 89.3222 -0.0000 -0.0001 1.0000
0.8265 -0.0549 153.7529 0.0134 0.8286 83.8702 -0.0000 -0.0000 1.0000
0.8219 -0.0557 154.9520 0.0126 0.8238 83.8256 -0.0000 -0.0000 1.0000
0.8363 -0.0529 150.1227 0.0161 0.8321 80.3125 -0.0000 -0.0000 1.0000
0.8261 -0.0472 149.1996 0.0123 0.8268 81.2851 -0.0000 -0.0000 1.0000
0.8160 -0.0515 148.5648 0.0096 0.8226 79.0872 -0.0000 -0.0000 1.0000
0.8116 -0.0563 144.8601 0.0110 0.8122 77.1845 -0.0000 -0.0000 1.0000
0.8200 -0.0514 135.9925 0.0128 0.8194 72.6324 -0.0000 -0.0000 1.0000
0.8304 -0.0506 127.0900 0.0171 0.8213 69.3774 -0.0000 -0.0000 1.0000
0.8264 -0.0545 123.2786 0.0168 0.8140 68.5701 -0.0000 -0.0000 1.0000
0.8304 -0.0487 114.3467 0.0165 0.8137 68.5705 -0.0000 -0.0000 1.0000
0.8318 -0.0442 106.9155 0.0175 0.8156 66.6947 -0.0000 -0.0000 1.0000
0.8116 -0.0447 106.9506 0.0116 0.8043 68.4763 -0.0000 -0.0000 1.0000
0.8365 -0.0413 95.0770 0.0205 0.8179 61.6560 -0.0000 -0.0000 1.0000
0.8189 -0.0422 96.3187 0.0164 0.8063 63.4713 -0.0000 -0.0000 1.0000
0.8315 -0.0349 87.4333 0.0176 0.8128 62.0426 -0.0000 -0.0000 1.0000
0.8264 -0.0422 88.3324 0.0179 0.8108 59.3069 -0.0000 -0.0000 1.0000
0.8376 -0.0339 81.7886 0.0194 0.8204 56.6548 -0.0000 -0.0000 1.0000
0.8308 -0.0416 82.0335 0.0166 0.8069 58.6605 -0.0000 -0.0000 1.0000
0.8382 -0.0405 71.1863 0.0119 0.8121 59.6283 -0.0000 -0.0000 1.0000
0.8176 -0.0311 55.2932 0.0116 0.8061 55.2925 -0.0000 -0.0000 1.0000
0.8143 -0.0463 45.0430 0.0304 0.7961 41.0407 -0.0001 -0.0001 1.0000
0.8545 -0.0254 28.7694 0.0352 0.8279 36.4046 -0.0000 -0.0000 1.0000
0.8633 -0.0219 28.4869 0.0173 0.8234 52.5176 -0.0000 -0.0000 1.0000
0.8360 -0.0246 34.3259 0.0121 0.8155 54.5953 -0.0000 -0.0000 1.0000
0.8463 -0.0269 26.9033 0.0271 0.8141 48.2654 -0.0000 -0.0000 1.0000
0.8025 0.1230 13.2731 -0.0367 0.8235 79.5571 -0.0001 0.0001 1.0000
0.7854 0.1589 21.9566 -0.1126 0.7826 135.7890 -0.0001 0.0001 1.0000
0.8285 0.0871 22.1042 -0.0975 0.8273 124.2485 -0.0001 -0.0000 1.0000
0.7004 0.0286 61.4873 -0.0933 0.7228 123.8279 -0.0002 -0.0001 1.0000
0.6720 0.0650 76.9161 -0.0944 0.7304 116.6054 -0.0002 -0.0001 1.0000
0.8141 0.1528 41.1967 -0.1064 0.8082 122.6161 -0.0001 -0.0000 1.0000
0.6589 0.3169 106.2955 -0.1765 0.7433 146.9634 -0.0002 0.0001 1.0000
0.6063 0.5289 134.6378 -0.3153 0.6411 216.5111 -0.0003 0.0002 1.0000
0.6925 0.4847 115.8929 -0.3713 0.8393 195.5966 -0.0002 0.0003 1.0000
0.7166 0.0003 173.4546 -0.0897 0.7245 91.9007 -0.0000 -0.0003 1.0000
0.5703 -0.1894 188.1561 0.0073 0.3933 87.9178 -0.0002 -0.0005 1.0000
0.5048 -0.2451 201.2886 -0.0095 0.4582 63.1145 -0.0002 -0.0004 1.0000
0.7548 -0.0627 124.6541 0.0737 0.7370 -10.7124 -0.0000 -0.0001 1.0000
1.0047 0.0632 85.8123 -0.0303 0.7523 94.8721 0.0002 0.0002 1.0000
0.9064 0.0454 121.6573 -0.0633 0.7492 104.2649 0.0001 0.0003 1.0000
0.7341 -0.0407 142.6692 0.0117 0.6921 45.0713 -0.0000 0.0000 1.0000
0.6386 -0.1048 163.2107 0.0931 0.6644 -18.0439 -0.0001 -0.0001 1.0000
0.7337 -0.0389 135.6826 0.0653 0.7122 6.0044 -0.0000 -0.0000 1.0000
0.7372 -0.0110 137.6822 0.0132 0.7263 36.6381 -0.0000 0.0000 1.0000
0.6628 -0.0405 156.1788 0.0069 0.6971 33.9265 -0.0001 -0.0001 1.0000
0.6181 -0.0862 167.4693 0.0332 0.6628 13.1426 -0.0001 -0.0001 1.0000
0.6513 -0.0776 154.2675 0.0393 0.6745 3.3347 -0.0001 -0.0001 1.0000
0.7049 -0.0520 139.1155 0.0390 0.7008 -6.1631 -0.0001 -0.0001 1.0000
0.6697 -0.0317 145.6907 0.0211 0.6902 -9.8761 -0.0001 -0.0000 1.0000
0.6769 -0.0448 138.9595 0.0403 0.6950 -41.8435 -0.0001 -0.0000 1.0000
0.6768 -0.0418 130.2196 0.0567 0.6957 -70.4433 -0.0001 -0.0000 1.0000
0.7233 -0.0345 110.8886 0.0698 0.7271 -101.0198 -0.0001 0.0000 1.0000
0.7323 -0.0088 97.0337 0.0631 0.7530 -116.5070 -0.0001 0.0000 1.0000
0.7275 -0.0074 89.8159 0.0681 0.7600 -129.3272 -0.0001 0.0000 1.0000
0.7130 -0.0382 88.6733 0.0778 0.7472 -138.5935 -0.0001 -0.0000 1.0000
0.7373 -0.0313 72.7295 0.0793 0.7698 -146.1326 -0.0001 -0.0000 1.0000
0.7447 -0.0238 62.7008 0.0742 0.7703 -141.9709 -0.0001 -0.0000 1.0000
0.7524 -0.0272 55.0382 0.0752 0.7690 -141.9264 -0.0001 -0.0000 1.0000
0.7378 -0.0242 52.9521 0.0763 0.7658 -142.6505 -0.0001 -0.0000 1.0000
0.7520 -0.0133 44.0030 0.0780 0.7698 -141.1297 -0.0001 0.0000 1.0000
0.7457 -0.0080 43.1183 0.0696 0.7601 -130.1694 -0.0001 0.0000 1.0000
0.7501 -0.0132 40.8076 0.0711 0.7480 -121.3168 -0.0001 0.0000 1.0000
0.7595 -0.0169 40.2661 0.0766 0.7460 -113.3896 -0.0001 0.0000 1.0000
0.6930 -0.0204 61.3159 0.0542 0.7063 -80.1412 -0.0001 -0.0000 1.0000
0.6878 -0.0262 68.6824 0.0518 0.6934 -58.1930 -0.0001 -0.0000 1.0000
0.6608 -0.0430 86.1791 0.0449 0.6648 -28.1935 -0.0001 -0.0001 1.0000
0.6475 -0.0104 92.0993 0.0288 0.6692 0.9215 -0.0001 -0.0000 1.0000
0.5437 0.2644 110.8817 -0.0330 0.6546 49.5674 -0.0003 0.0002 1.0000
0.4382 0.3718 180.0037 -0.2103 0.4823 199.7886 -0.0003 0.0002 1.0000
0.4045 0.3075 227.2721 -0.3850 0.4793 282.2302 -0.0003 -0.0000 1.0000
0.6841 0.1433 177.3833 -0.2461 0.6328 193.6725 -0.0001 -0.0002 1.0000
0.4076 -0.2412 286.6933 -0.0993 0.0337 263.8598 -0.0002 -0.0006 1.0000
0.1939 -0.3562 370.4443 -0.2234 -0.0953 372.8172 -0.0004 -0.0005 1.0000
0.4551 -0.3874 323.8930 -0.1038 0.0891 313.3559 -0.0001 -0.0005 1.0000
0.3395 -0.2365 335.2209 -0.0478 0.3490 211.6692 -0.0003 -0.0003 1.0000
0.7814 0.0423 235.4237 -0.0323 0.5617 278.8495 0.0001 -0.0000 1.0000
0.6064 0.0921 302.5530 -0.1848 0.5009 374.2576 -0.0001 0.0002 1.0000
0.6841 -0.0375 301.8260 -0.0847 0.5050 341.7921 0.0001 -0.0000 1.0000
0.4221 -0.1208 345.3072 -0.0515 0.4365 272.6333 -0.0002 -0.0002 1.0000
0.3779 -0.0543 358.0916 -0.0848 0.4725 293.7657 -0.0002 -0.0001 1.0000
0.4170 -0.0089 351.0720 -0.1477 0.4654 357.4744 -0.0002 -0.0001 1.0000
0.4379 -0.0307 355.2821 -0.1496 0.4537 374.5488 -0.0002 -0.0002 1.0000
0.3674 -0.0779 374.4068 -0.1541 0.4075 372.9034 -0.0002 -0.0002 1.0000
0.3551 -0.1041 378.7296 -0.1511 0.3806 381.0172 -0.0002 -0.0003 1.0000
0.3859 -0.0677 367.9271 -0.1581 0.3987 397.7310 -0.0002 -0.0002 1.0000
0.3883 -0.0186 359.9533 -0.1851 0.4131 421.2638 -0.0002 -0.0002 1.0000
0.3995 0.0017 348.9196 -0.1847 0.4280 424.9441 -0.0002 -0.0001 1.0000
0.3683 -0.0047 348.2724 -0.1890 0.4098 422.9787 -0.0002 -0.0001 1.0000
0.3750 -0.0139 342.4518 -0.1810 0.3827 422.4781 -0.0002 -0.0002 1.0000
0.4136 -0.0084 327.5827 -0.1766 0.3761 420.2993 -0.0002 -0.0002 1.0000
0.3333 0.0014 335.9253 -0.2159 0.3654 409.0734 -0.0003 -0.0002 1.0000
0.3489 -0.0019 324.5391 -0.1957 0.3816 374.9022 -0.0002 -0.0002 1.0000
0.3638 -0.0035 314.9785 -0.1789 0.4050 340.1561 -0.0002 -0.0002 1.0000
0.3884 0.0087 304.3001 -0.1697 0.4264 316.6503 -0.0002 -0.0002 1.0000
0.3608 0.0043 308.1909 -0.1763 0.4174 300.1568 -0.0002 -0.0002 1.0000
0.3812 0.0170 298.0361 -0.1632 0.4452 276.5630 -0.0002 -0.0002 1.0000
0.3809 0.0047 298.5460 -0.1530 0.4441 258.5493 -0.0002 -0.0002 1.0000
0.3948 0.0102 293.8710 -0.1410 0.4579 238.5041 -0.0002 -0.0001 1.0000
0.4002 0.0145 291.1469 -0.1304 0.4731 215.6710 -0.0002 -0.0001 1.0000
0.3985 0.0015 294.2948 -0.1123 0.4826 186.4400 -0.0002 -0.0001 1.0000
0.4000 -0.0058 295.6469 -0.0925 0.4974 154.3517 -0.0003 -0.0001 1.0000
0.4157 -0.0381 297.4691 -0.0632 0.5045 117.1849 -0.0002 -0.0001 1.0000
0.4325 -0.0350 291.3408 -0.0370 0.5359 78.1993 -0.0002 -0.0001 1.0000
0.4158 -0.0575 294.7413 -0.0205 0.5369 49.8124 -0.0003 -0.0001 1.0000
0.4527 -0.0626 281.5383 0.0077 0.5623 18.7629 -0.0002 -0.0001 1.0000
0.4646 -0.0700 272.6840 0.0218 0.5703 1.0028 -0.0002 -0.0001 1.0000
0.4929 -0.0661 258.7157 0.0364 0.5910 -14.8524 -0.0002 -0.0001 1.0000
0.4912 -0.0732 257.7549 0.0419 0.5930 -20.1057 -0.0002 -0.0001 1.0000
0.4977 -0.0800 252.8349 0.0466 0.5971 -24.7803 -0.0002 -0.0001 1.0000
0.5188 -0.0916 248.1038 0.0556 0.6004 -27.6686 -0.0002 -0.0001 1.0000
0.5054 -0.0978 251.7843 0.0547 0.5929 -22.8215 -0.0002 -0.0001 1.0000
0.5218 -0.0944 247.6877 0.0594 0.6074 -22.9465 -0.0002 -0.0001 1.0000
0.5118 -0.0966 252.0001 0.0542 0.6033 -15.3283 -0.0002 -0.0001 1.0000
0.5166 -0.0875 250.5171 0.0515 0.6075 -8.1698 -0.0002 -0.0001 1.0000
0.5322 -0.0872 247.2922 0.0533 0.6144 -3.3879 -0.0002 -0.0001 1.0000
0.5244 -0.0913 248.9158 0.0457 0.6037 8.6796 -0.0002 -0.0001 1.0000
0.5317 -0.0970 245.9557 0.0466 0.6081 11.2103 -0.0002 -0.0001 1.0000
0.5301 -0.1024 246.3486 0.0427 0.6041 19.2317 -0.0002 -0.0001 1.0000
0.5434 -0.0914 241.3618 0.0427 0.6212 21.2327 -0.0002 -0.0001 1.0000
0.5626 -0.0917 235.6777 0.0466 0.6243 24.2869 -0.0002 -0.0001 1.0000
0.5364 -0.0969 243.9359 0.0322 0.6141 36.4223 -0.0002 -0.0001 1.0000
0.5613 -0.0859 236.2440 0.0363 0.6302 37.5795 -0.0002 -0.0001 1.0000
0.5705 -0.0822 233.8130 0.0335 0.6345 43.5309 -0.0002 -0.0001 1.0000
0.5735 -0.0858 233.0988 0.0311 0.6352 48.3836 -0.0002 -0.0001 1.0000
0.5813 -0.0784 229.2661 0.0299 0.6446 50.5056 -0.0002 -0.0001 1.0000
0.5785 -0.0859 230.7015 0.0256 0.6409 55.8097 -0.0002 -0.0001 1.0000
0.5845 -0.0417 217.8913 0.0024 0.6454 72.3912 -0.0002 -0.0000 1.0000
0.5916 -0.0176 214.8012 -0.0189 0.6571 85.2748 -0.0002 -0.0000 1.0000
0.5940 -0.0409 214.2039 -0.0255 0.6571 88.0861 -0.0002 -0.0001 1.0000
0.4599 0.0674 238.0809 -0.0688 0.6208 104.8326 -0.0003 -0.0000 1.0000
0.6642 0.1600 223.2084 -0.0382 0.7060 68.5077 -0.0002 0.0000 1.0000
0.6834 0.2012 210.2978 -0.2452 0.7122 163.3778 -0.0002 -0.0000 1.0000
0.4576 0.0148 261.0334 -0.2550 0.5310 201.2307 -0.0003 -0.0003 1.0000
0.4728 -0.2827 272.9624 -0.0575 0.1691 184.7311 -0.0002 -0.0006 1.0000
0.3954 -0.3581 299.8145 -0.1158 0.1429 227.3846 -0.0003 -0.0005 1.0000
0.3311 -0.3082 295.1833 -0.0809 0.3146 159.2857 -0.0004 -0.0004 1.0000
0.7304 -0.0707 160.8830 0.0524 0.7026 54.4225 -0.0001 -0.0001 1.0000
1.0546 0.0250 108.5348 -0.0638 0.6691 200.1040 0.0002 0.0001 1.0000
0.8730 -0.0192 170.7560 -0.1365 0.6926 213.5660 0.0001 0.0001 1.0000
0.6909 -0.0629 162.2093 -0.0094 0.6587 102.6498 -0.0001 -0.0000 1.0000
0.6291 -0.1103 169.7601 0.0640 0.6716 34.4807 -0.0002 -0.0001 1.0000
0.7153 -0.0400 137.7424 0.0229 0.7115 69.4257 -0.0001 -0.0001 1.0000
0.7239 -0.0141 133.7340 -0.0260 0.7326 97.1087 -0.0001 -0.0000 1.0000
0.7013 -0.0453 134.6386 -0.0203 0.7158 94.1296 -0.0001 -0.0001 1.0000
0.6467 -0.0890 145.0586 -0.0065 0.6713 87.8989 -0.0002 -0.0002 1.0000
0.6674 -0.0617 130.1992 -0.0190 0.6854 99.7131 -0.0001 -0.0002 1.0000
0.7297 -0.0222 108.2336 -0.0284 0.7329 109.8573 -0.0001 -0.0001 1.0000
0.7288 0.0028 103.1709 -0.0472 0.7434 122.5210 -0.0001 -0.0000 1.0000
0.7134 -0.0051 95.8780 -0.0430 0.7276 122.2885 -0.0001 -0.0001 1.0000
0.7373 -0.0049 72.2678 -0.0248 0.7288 114.2569 -0.0001 -0.0000 1.0000
0.8082 0.0072 35.1302 -0.0132 0.7601 108.9741 -0.0000 -0.0000 1.0000
0.8515 0.0160 0.4136 -0.0124 0.7841 104.9417 0.0000 -0.0000 1.0000
0.7186 0.0125 10.3777 -0.0572 0.6896 122.4821 -0.0001 -0.0001 1.0000
0.9190 0.3852 -80.3065 0.0051 0.8686 52.0512 -0.0001 0.0004 1.0000
1.0612 0.4546 -86.7475 -0.2465 0.7645 199.8829 0.0001 0.0002 1.0000
0.8877 0.4715 -13.3432 -0.4002 0.9055 184.3763 0.0000 0.0001 1.0000
0.9184 0.5224 -37.1890 -0.3672 0.8839 149.5978 0.0001 -0.0001 1.0000
0.4260 0.0570 164.2725 -0.3589 0.2751 279.2551 -0.0003 -0.0005 1.0000
0.4743 -0.1706 159.3295 -0.2552 -0.0311 325.5992 -0.0003 -0.0006 1.0000
0.7317 -0.3244 97.6423 -0.1635 0.0093 310.6742 -0.0000 -0.0007 1.0000
0.6139 -0.1330 71.6334 -0.0807 0.4230 157.2556 -0.0002 -0.0005 1.0000
1.2408 -0.0096 -6.5585 0.0703 0.9628 85.7331 0.0004 0.0001 1.0000
2.9663 0.0959 -184.7699 0.1644 1.6442 238.9515 0.0023 0.0011 1.0000
1.0633 -0.2500 207.2830 -0.1159 0.7975 253.0402 0.0005 0.0001 1.0000
0.8286 -0.1506 131.1809 0.0545 0.7666 76.6908 0.0001 -0.0001 1.0000
0.8638 -0.0843 101.5198 0.0866 0.8680 40.0830 0.0001 -0.0000 1.0000
0.8930 -0.0019 101.9569 0.0122 0.9072 96.2267 0.0002 -0.0001 1.0000
0.8147 -0.0546 146.6509 -0.0364 0.8489 129.2694 0.0001 -0.0001 1.0000
0.8073 -0.1070 151.1909 -0.0019 0.8114 112.3692 0.0001 -0.0001 1.0000
0.9133 -0.0320 94.0131 0.0313 0.9453 75.2773 0.0002 0.0000 1.0000
0.9150 -0.1156 100.8573 0.0460 0.8858 76.3788 0.0002 -0.0001 1.0000
0.7700 -0.1578 139.0442 0.0209 0.7499 92.6601 0.0000 -0.0000 1.0000
0.9699 -0.1322 73.3353 0.0675 0.9015 57.6070 0.0002 0.0000 1.0000
0.9694 -0.1086 43.4873 0.0804 0.9410 33.8912 0.0002 -0.0000 1.0000
0.9047 -0.1060 33.3599 0.0771 0.8775 31.5852 0.0001 -0.0001 1.0000
0.9576 -0.0752 9.2461 0.0727 0.9210 33.8054 0.0002 -0.0001 1.0000
0.9527 -0.0683 10.1509 0.0434 0.9277 53.5370 0.0002 -0.0001 1.0000
0.9005 -0.0794 13.1392 0.0272 0.8839 63.4780 0.0001 -0.0001 1.0000
0.9561 -0.0919 -16.7787 0.0609 0.9223 39.6822 0.0002 -0.0001 1.0000
1.0188 -0.0792 -52.4801 0.0663 0.9601 36.2443 0.0002 -0.0000 1.0000
1.0345 -0.0846 -61.5983 0.0512 0.9585 50.7067 0.0002 -0.0000 1.0000
1.0080 -0.0830 -69.0217 0.0326 0.9279 64.6185 0.0002 -0.0000 1.0000
1.0139 -0.0678 -92.9832 0.0416 0.9347 53.6139 0.0002 -0.0000 1.0000
1.0298 -0.0496 -116.2035 0.0455 0.9416 47.5256 0.0002 -0.0001 1.0000
1.0529 -0.0316 -139.5647 0.0448 0.9573 45.6835 0.0002 -0.0001 1.0000
1.0439 -0.0224 -157.0420 0.0393 0.9513 43.2227 0.0002 -0.0001 1.0000
1.0548 -0.0196 -178.3258 0.0400 0.9501 40.8931 0.0002 -0.0001 1.0000
1.0887 -0.0078 -209.0533 0.0443 0.9702 35.8365 0.0002 -0.0001 1.0000
1.0542 0.0104 -213.6358 0.0213 0.9327 46.3046 0.0001 -0.0001 1.0000
1.0945 0.0877 -242.6195 -0.0055 0.9741 51.3819 0.0001 0.0001 1.0000
1.1008 0.1022 -244.6293 -0.0405 0.9866 66.7344 0.0001 0.0001 1.0000
1.0802 0.0993 -245.4238 -0.0418 0.9808 63.2881 0.0001 -0.0000 1.0000
0.9893 0.0689 -219.9162 -0.0324 0.8917 58.4037 0.0001 -0.0001 1.0000
0.9755 0.0681 -214.9971 -0.0273 0.8718 55.7748 0.0000 -0.0002 1.0000
0.9809 0.0791 -209.8172 -0.0357 0.8880 58.6423 0.0001 -0.0001 1.0000
0.9759 0.0951 -197.7734 -0.0517 0.8914 70.1272 0.0000 -0.0001 1.0000
0.9199 0.1399 -169.3562 -0.0650 0.8710 74.9889 -0.0000 0.0000 1.0000
0.8782 0.3041 -133.8672 -0.0835 0.8528 73.1272 -0.0001 0.0002 1.0000
0.9037 0.3643 -89.1689 -0.2058 0.7685 149.7993 -0.0000 0.0002 1.0000
0.9137 0.3672 -61.5146 -0.3457 0.8773 200.4026 -0.0000 0.0002 1.0000
0.8006 0.0052 20.1787 -0.0773 0.6921 101.0381 0.0000 -0.0003 1.0000
0.6813 -0.1482 45.7299 -0.0034 0.3187 127.7846 -0.0001 -0.0006 1.0000
0.4947 -0.2413 126.1400 -0.0588 0.3060 133.9415 -0.0002 -0.0005 1.0000
0.5815 -0.1622 121.3306 0.0304 0.5587 38.7981 -0.0002 -0.0003 1.0000
1.1772 0.0219 -1.9250 0.0875 0.8642 33.1557 0.0003 0.0000 1.0000
0.7794 0.0400 140.4906 -0.1242 0.7225 148.1682 0.0000 0.0002 1.0000
0.8537 -0.0302 119.5853 -0.0030 0.7248 80.0345 0.0001 0.0001 1.0000
0.6447 -0.1000 161.5704 0.0695 0.6542 10.8494 -0.0001 -0.0000 1.0000
0.6731 -0.0658 158.4239 0.0720 0.6849 10.1011 -0.0001 0.0000 1.0000
0.7000 -0.0438 155.1665 0.0329 0.6944 37.4843 -0.0001 -0.0000 1.0000
0.6780 -0.0603 160.2542 0.0258 0.6768 43.6504 -0.0001 -0.0001 1.0000
0.6259 -0.1020 170.3124 0.0389 0.6444 34.3609 -0.0001 -0.0001 1.0000
0.6090 -0.1076 159.9178 0.0387 0.6260 36.8447 -0.0001 -0.0002 1.0000
0.6181 -0.0963 139.4435 0.0346 0.6288 43.1125 -0.0001 -0.0002 1.0000
0.5944 -0.0601 124.9638 0.0216 0.6175 66.3930 -0.0001 -0.0001 1.0000
0.5971 -0.0542 99.7870 0.0299 0.6328 57.1196 -0.0001 -0.0001 1.0000
0.6347 -0.0667 58.5065 0.0435 0.6062 58.9719 -0.0001 -0.0001 1.0000
0.6218 -0.0350 55.3045 0.0469 0.6344 50.9449 -0.0001 -0.0000 1.0000
0.5791 -0.0388 77.5213 0.0321 0.5942 74.2435 -0.0001 -0.0000 1.0000
0.6067 -0.0432 81.8829 0.0425 0.6094 72.6497 -0.0001 -0.0000 1.0000
0.5748 -0.0714 104.5451 0.0334 0.5788 78.4885 -0.0001 -0.0001 1.0000
0.5607 -0.0846 121.9223 0.0299 0.5606 85.4662 -0.0001 -0.0001 1.0000
0.5516 -0.0728 136.1053 0.0186 0.5645 94.8290 -0.0001 -0.0001 1.0000
0.5418 -0.0745 152.5293 0.0083 0.5525 108.2812 -0.0001 -0.0001 1.0000
0.5315 -0.0691 167.9018 0.0041 0.5517 116.6885 -0.0002 -0.0001 1.0000
0.5169 -0.0657 182.3119 -0.0027 0.5414 125.9218 -0.0002 -0.0001 1.0000
0.5201 -0.0538 189.3996 -0.0113 0.5421 138.1183 -0.0002 -0.0001 1.0000
0.5090 -0.0523 200.1825 -0.0206 0.5321 149.0078 -0.0002 -0.0001 1.0000
0.5074 -0.0454 204.6152 -0.0240 0.5371 154.3505 -0.0002 -0.0001 1.0000
0.4897 -0.0539 214.5835 -0.0319 0.5188 164.1240 -0.0002 -0.0001 1.0000
0.4846 -0.0513 215.9001 -0.0389 0.5167 171.2728 -0.0002 -0.0001 1.0000
0.4817 -0.0462 215.9836 -0.0434 0.5164 176.8488 -0.0002 -0.0001 1.0000
0.4830 -0.0459 216.3823 -0.0463 0.5103 183.9328 -0.0002 -0.0001 1.0000
0.4755 -0.0405 217.5360 -0.0539 0.5085 191.3469 -0.0002 -0.0001 1.0000
0.4818 -0.0335 215.0442 -0.0567 0.5075 197.7004 -0.0002 -0.0001 1.0000
0.4771 -0.0282 213.9695 -0.0616 0.5049 202.8194 -0.0002 -0.0001 1.0000
0.4852 -0.0176 209.8542 -0.0631 0.5120 206.4350 -0.0002 -0.0001 1.0000
0.4661 -0.0311 215.3629 -0.0704 0.4910 212.6360 -0.0002 -0.0001 1.0000
0.4825 -0.0245 207.7451 -0.0686 0.5013 212.3784 -0.0002 -0.0001 1.0000
0.4720 -0.0201 208.1917 -0.0740 0.5037 213.3043 -0.0002 -0.0001 1.0000
0.4627 -0.0284 210.5253 -0.0786 0.4896 216.0296 -0.0002 -0.0001 1.0000
0.4739 -0.0183 204.3853 -0.0777 0.5007 213.6064 -0.0002 -0.0001 1.0000
0.4705 -0.0217 205.2595 -0.0796 0.4970 212.6207 -0.0002 -0.0001 1.0000
0.4808 -0.0082 198.6098 -0.0782 0.5100 208.0476 -0.0002 -0.0001 1.0000
0.4695 -0.0077 200.9311 -0.0843 0.5045 208.0631 -0.0002 -0.0001 1.0000
0.4770 -0.0064 197.8853 -0.0807 0.5132 201.4897 -0.0002 -0.0001 1.0000
0.4856 -0.0019 194.7009 -0.0791 0.5211 197.3692 -0.0002 -0.0001 1.0000
0.4757 -0.0139 198.9263 -0.0809 0.5108 195.7941 -0.0002 -0.0001 1.0000
0.4746 -0.0101 197.8340 -0.0826 0.5145 192.8029 -0.0002 -0.0001 1.0000
0.4831 -0.0059 194.0564 -0.0793 0.5211 187.6135 -0.0002 -0.0001 1.0000
0.4812 -0.0020 193.6203 -0.0806 0.5248 184.7328 -0.0002 -0.0001 1.0000
0.4913 0.0052 188.5460 -0.0791 0.5326 182.0250 -0.0002 -0.0001 1.0000
0.4830 -0.0011 191.2806 -0.0815 0.5253 181.7206 -0.0002 -0.0001 1.0000
0.4813 0.0021 189.4981 -0.0823 0.5282 179.0730 -0.0002 -0.0001 1.0000
0.4984 0.0069 183.4486 -0.0776 0.5405 175.1526 -0.0002 -0.0001 1.0000
0.4915 0.0007 184.4123 -0.0793 0.5358 173.8971 -0.0002 -0.0001 1.0000
0.4931 0.0040 181.8676 -0.0782 0.5399 171.1941 -0.0002 -0.0001 1.0000
0.4967 0.0012 180.2209 -0.0774 0.5405 170.0217 -0.0002 -0.0001 1.0000
0.4969 0.0066 178.4851 -0.0788 0.5417 169.8428 -0.0002 -0.0001 1.0000
0.5005 0.0133 176.2653 -0.0792 0.5471 168.6576 -0.0002 -0.0001 1.0000
0.5089 0.0141 173.2948 -0.0760 0.5505 166.4421 -0.0002 -0.0001 1.0000
