383.477905 421.490372 494.186815 405.475875 503.132132 515.615171 391.833295 532.895564 
384.544311 420.108053 494.895874 403.438633 507.231245 514.790361 394.545963 533.126723 
387.282101 419.852474 495.998686 400.748254 509.651491 512.638570 397.504482 531.369358 
387.778793 418.110762 497.533158 399.944523 511.662456 510.708123 399.484107 530.598938 
389.560334 417.469483 498.366922 397.087845 514.985796 508.089379 402.730007 530.665962 
391.589103 417.282491 500.729939 394.120770 517.223892 505.718152 406.328380 528.528938 
394.183496 416.068115 501.867952 391.680753 520.871091 503.165837 408.752570 527.236480 
395.150332 414.214829 502.508188 389.247886 524.226505 500.462123 412.086645 526.374920 
396.610218 413.902271 505.049184 386.880263 527.158099 497.073905 417.315393 524.446848 
398.697221 412.465268 506.474202 383.952839 531.565139 493.155441 421.222039 524.233989 
401.296238 412.059894 507.713817 380.904747 535.718444 489.072616 426.500401 522.328109 
404.066421 411.141560 509.083769 377.469331 540.755668 486.487340 430.737493 521.826511 
406.233067 411.582811 510.850099 374.995434 544.864927 483.328372 435.960311 520.201588 
408.763017 410.864617 513.547274 371.570521 549.976176 478.810659 442.326724 518.104755 
412.751511 411.031952 516.196196 368.984292 555.267031 474.289493 449.087388 518.104644 
415.522625 409.980759 517.400756 365.652106 560.951713 470.641020 455.962799 516.525064 
418.197516 410.083589 520.464495 362.644154 567.903930 465.299981 462.137321 515.850199 
422.068032 410.670692 522.663597 359.083223 573.514103 461.521197 471.076128 514.582594 
427.296588 411.080702 525.941142 354.595438 580.379838 455.286560 478.870090 512.590451 
433.343186 409.725450 529.192050 350.902315 587.655583 450.912788 488.207620 510.687362 
437.876815 409.824383 533.331095 347.285372 595.504382 444.202553 496.758574 508.570191 
444.177609 409.188909 535.556848 344.251321 601.272131 439.130192 506.004413 507.567409 
449.954638 410.456524 538.961906 340.230606 608.371244 434.953938 516.914234 505.179855 
457.173299 408.907712 544.818152 336.277714 617.797333 428.461942 526.660652 502.837853 
464.451348 409.001306 548.115169 333.388815 625.127891 422.653561 536.563261 500.716457 
470.066495 407.722478 553.243380 330.156732 632.789528 415.974153 544.991705 497.500703 
475.587246 408.291276 556.597629 325.884163 639.353924 410.735555 554.153350 494.539399 
481.361132 404.989243 561.152707 320.395398 645.746552 405.728054 562.999734 492.168926 
487.394027 403.518807 566.718984 316.805741 653.820898 400.019176 572.551701 487.509938 
496.202476 401.127551 571.238160 313.175889 661.034961 392.504399 581.693952 483.531294 
502.844953 399.414801 576.326292 309.379555 666.116822 387.622943 590.376816 479.690136 
507.782411 395.526592 580.331852 303.976746 673.231238 380.446620 598.262238 475.665867 
514.355023 393.687243 584.322924 299.653949 679.543679 375.164083 604.823074 472.122597 
519.996847 390.640611 588.761516 294.370074 685.891610 369.151652 612.829150 467.141304 
524.021879 386.753782 594.721484 290.023868 692.094122 362.962464 620.024533 462.186612 
529.650808 383.105397 596.368909 284.870156 696.241404 357.727960 625.839481 458.419082 
533.900822 380.697085 600.139652 280.485154 700.195078 352.351590 629.596278 453.715893 
535.665334 376.726945 601.769465 274.848814 702.869900 349.118749 632.877291 450.219185 
536.978053 373.617426 602.403861 271.803107 706.055984 344.947690 635.484326 449.334934 
538.344578 370.384859 607.555592 266.568339 709.799135 340.891530 639.801632 447.067517 
541.271961 367.893974 608.407480 263.689763 713.847314 337.827146 641.769303 445.326351 
541.850585 365.380867 610.647713 262.407543 716.460778 335.447691 643.359332 443.332144 
542.518257 363.609260 612.064343 260.071548 718.532369 334.618699 644.102427 440.578804 
540.867862 363.594015 611.152772 256.015072 719.807504 333.830508 644.502244 441.394236 
540.901396 361.238549 613.944074 257.164667 719.450165 334.503974 644.020471 442.874483 
539.823610 362.776787 613.821095 257.270696 721.236798 335.564809 642.465282 443.935318 
537.285606 359.918843 614.236545 256.362527 720.248743 337.815914 640.023296 444.646738 
534.632724 361.038057 612.926837 257.441579 719.387733 340.509723 637.274396 448.402829 
531.999620 363.776354 612.776616 260.435950 717.019556 346.176897 630.827342 453.578714 
528.088963 366.086538 611.179605 265.804729 714.735921 353.397819 625.505577 458.591390 
523.680964 370.626603 609.718638 268.252662 711.480134 360.766762 622.061595 464.634328 
520.179229 373.777022 609.629499 274.778690 709.130360 369.254255 615.157324 469.760176 
515.404483 377.672680 607.860901 279.317776 706.365733 378.067228 608.338304 476.962669 
510.292109 379.969305 606.873161 284.551881 703.454212 387.338944 602.606528 484.307871 
505.532524 383.210633 605.542443 291.500293 700.157636 396.074980 593.923033 493.180046 
499.923758 388.106214 604.449916 297.148356 695.407774 405.192221 585.856320 499.165257 
494.787318 391.254308 602.820911 302.126594 689.697924 414.211446 576.712793 505.139719 
490.912378 392.178104 599.760291 307.367439 684.570956 422.111280 568.920049 509.643143 
485.111560 394.723941 599.210907 312.610603 678.459826 430.051772 560.063851 513.597319 
477.107662 394.058503 595.026234 316.957898 672.126839 439.865333 549.219404 520.140668 
468.601363 395.858549 590.986100 321.363491 665.481158 447.841364 536.547404 525.201616 
460.721030 394.740813 588.187664 324.085150 657.411118 454.893607 524.215646 528.413688 
452.856885 393.523809 584.620148 327.642178 649.546973 460.360247 512.532276 531.493312 
445.584548 392.944334 580.784943 330.272166 641.222206 467.259783 500.649609 531.278513 
439.177625 388.957608 574.783982 333.173053 632.382669 472.407674 487.705652 531.820493 
430.904762 385.765588 572.656491 334.493686 622.635825 474.521990 475.713819 530.533311 
425.741622 379.859984 568.962560 333.124731 613.185165 476.848198 464.436402 527.101158 
419.045005 372.906274 565.235436 331.790215 604.274926 479.641901 452.685417 523.249841 
414.998165 365.705334 562.396379 328.969163 596.864885 477.274444 442.210143 517.638878 
412.879313 357.720005 562.235755 326.052659 590.121926 476.354394 432.730486 509.912328 
406.798992 348.389012 561.000201 322.991166 584.130383 475.831776 423.579712 503.497288 
404.372868 337.081782 561.162105 318.990717 577.745582 473.267305 414.423460 494.373549 
404.318409 326.860019 563.620294 314.296779 571.660767 470.583486 405.825998 484.654315 
403.589265 315.523016 563.201880 310.142816 565.658836 467.122129 398.926424 474.760582 
404.234234 303.816818 563.661843 304.594514 560.551061 464.022124 393.735342 464.022124 
406.745466 291.952468 567.930060 298.985977 557.965921 459.584446 388.096007 451.378685 
409.543790 279.629036 570.547994 294.142091 555.127873 454.239229 384.145944 440.179707 
410.000415 268.750367 575.570696 288.851551 551.766662 450.718981 378.790682 429.559840 
415.622473 257.664229 578.440808 285.783273 549.868231 447.241009 375.711571 417.761366 
420.767661 246.328454 584.123455 281.394357 547.347020 443.039620 374.155667 405.835551 
427.065879 235.950683 588.377882 277.158111 546.165396 439.475173 371.787623 392.739920 
433.302254 225.137226 597.436969 273.436220 546.272781 435.524367 371.086601 381.494985 
442.085389 212.919272 604.949078 269.361450 546.352619 429.640001 374.440947 368.458403 
453.475905 203.859584 614.482376 267.862157 549.979784 422.368367 378.972910 355.865694 
465.137410 190.347114 623.536695 263.491738 549.895557 416.845983 382.304756 342.933582 
474.098413 180.924839 631.329732 258.352951 552.951582 412.734156 384.319804 328.655776 
484.950484 170.459362 641.396630 256.481110 555.374882 405.837551 389.003150 313.671393 
495.530706 160.623855 647.923413 253.231731 556.487789 400.349306 394.130943 302.466298 
506.170480 151.609111 656.519021 251.350136 558.252001 395.802656 397.585423 290.165609 
517.579727 145.398536 665.480408 250.665925 560.213019 392.776900 402.311936 279.614457 
525.030994 139.184831 670.611454 249.101002 561.864604 388.834857 406.929576 272.487421 
532.504991 138.094540 677.997752 249.823158 568.194526 388.535187 414.721150 268.546911 
536.437833 139.655032 683.810930 251.755224 571.227548 390.430892 418.539356 272.049224 
536.829125 142.025101 683.838484 252.793352 575.867942 396.548416 417.235266 276.915849 
534.782817 146.657876 685.858951 255.479000 580.510842 399.030270 420.173335 285.578460 
530.557521 154.452441 684.184177 256.253237 584.234304 406.178046 418.268158 295.739606 
521.805042 157.456553 683.107276 255.913760 585.697485 415.121160 413.921081 307.760907 
513.633487 164.668780 678.592991 256.240788 587.380593 419.268052 410.795454 318.362258 
504.260177 170.300635 678.977159 255.921768 591.214080 423.768656 406.911615 331.617423 
496.097388 175.649213 673.219261 254.548957 593.409757 427.513834 405.389520 343.109893 
487.476063 185.169675 668.915700 254.465863 596.445641 430.615714 402.310520 354.442805 
477.959964 190.757278 662.573472 252.118788 600.682984 434.087402 399.671142 366.378150 
468.433827 196.923677 659.040503 250.984217 600.675900 437.622674 397.361841 377.975332 
459.421656 203.647505 651.779519 249.379644 602.275657 440.323110 394.830904 388.933387 
451.145548 209.151315 647.960421 250.488608 604.772204 442.367685 394.383892 400.413417 
444.164190 219.395425 642.391934 248.906859 607.869125 444.907326 395.164073 410.384516 
439.281802 227.702666 640.397919 249.310182 612.141936 444.885910 396.066769 419.400121 
433.812251 233.521094 633.711996 249.562431 614.585786 448.228227 396.176805 430.952941 
428.337242 240.317005 631.019543 248.112479 617.655875 449.681140 397.155350 439.101569 
422.623778 246.098033 631.161167 248.565931 618.821676 451.550549 397.327823 447.231727 
418.369801 251.961033 625.783829 247.537511 623.708390 452.829549 398.218202 454.951539 
412.373537 256.180725 622.906992 246.659111 623.435971 455.076653 397.562138 463.011331 
408.390185 263.351496 617.197500 245.533272 626.663432 454.340587 397.253795 470.488353 
404.050229 266.777618 616.170620 243.502563 627.808147 454.564997 398.231465 476.782095 
402.413039 270.731643 614.380026 241.132650 630.134330 454.531846 400.026024 481.266421 
397.770258 274.406361 611.588376 240.119269 632.065389 453.461177 401.103725 486.795850 
394.590464 276.894185 608.596488 236.426266 632.714583 451.806463 400.760209 490.984344 
390.946755 276.619547 606.435904 231.517167 635.947337 449.790413 402.083145 494.335974 
388.122070 277.688080 602.480310 228.008712 637.903608 446.904658 404.587913 496.422763 
387.881162 280.304373 602.143486 225.105887 643.844811 441.816052 407.993054 499.240827 
388.903383 281.655459 603.278893 220.962133 647.267634 439.235379 413.403441 499.928705 
390.346869 282.436530 602.100533 215.536335 653.293726 437.179592 419.433911 500.589343 
392.071519 281.399338 605.075699 209.438466 657.607135 431.797559 424.453911 501.599605 
393.361505 281.718708 606.380077 205.083978 661.583061 425.895913 430.379976 501.881196 
396.109039 281.086302 607.114326 200.879614 670.045728 421.756493 437.446333 503.197130 
399.347484 282.893720 611.067162 195.218393 678.609636 418.628115 442.860424 503.705654 
402.332871 283.445346 613.630721 191.750053 683.000204 412.616107 450.173894 505.906101 
404.237244 285.128558 615.307475 187.062081 691.292758 411.121250 455.543546 507.239386 
405.283109 285.554213 614.008622 184.659705 695.985410 407.888804 461.632371 507.771528 
408.436467 287.795688 617.626721 181.149677 703.080256 404.012496 467.912128 511.342136 
408.940988 290.047106 617.447614 178.615697 704.952033 401.478516 471.834790 515.644439 
407.983191 294.319554 618.551917 176.148960 708.430825 403.319161 476.263411 518.385367 
409.184391 294.888675 617.325078 173.327214 715.904043 399.314841 480.453364 522.669904 
410.473511 299.808936 617.001212 173.157802 718.466041 399.114938 486.032426 525.766072 
412.131079 302.692935 617.042269 169.704215 722.890434 396.327849 491.517202 529.316569 
413.224266 303.712430 618.312750 167.670402 728.376903 395.318619 497.310544 533.411532 
415.866347 307.532657 617.536690 162.603462 733.753498 389.568051 504.738024 536.548131 
420.008304 309.848578 617.751197 161.541408 740.543155 387.988915 511.703597 537.890786 
425.475826 310.546582 623.459033 156.059686 745.698664 383.290412 521.467684 538.527244 
431.242138 311.620643 623.377665 151.147899 752.907234 377.824645 529.828532 537.577779 
434.596495 310.950655 626.732022 147.599477 759.859635 372.837005 538.939759 536.907792 
439.330095 311.844552 624.315383 142.008922 766.243750 362.874976 549.364447 535.102658 
443.801822 309.929653 626.950965 134.317511 770.907699 356.659064 557.610549 531.517506 
449.259786 310.767155 627.321453 130.331332 775.310483 350.336414 565.593408 529.980852 
452.597907 309.714004 627.534587 125.986537 779.615218 342.239919 572.152623 528.604623 
456.716750 309.066685 623.284490 116.119439 782.315227 337.707292 581.830980 527.639737 
458.590157 307.964361 623.935446 108.207109 785.923470 329.786582 588.684166 524.507937 
461.433739 308.581811 620.420253 105.350387 787.656068 323.580539 595.672352 521.563745 
464.488875 309.549427 613.287313 102.993701 789.495989 319.338798 598.603256 521.978776 
463.734793 308.297784 613.261690 94.162498 791.531286 313.650498 605.906051 518.732372 
465.298783 309.026700 607.244661 92.681604 790.305897 306.089889 612.139346 517.540300 
464.908624 308.478092 603.477169 87.140416 790.405206 304.758131 614.637052 518.655885 
464.621141 310.622790 597.229120 87.972356 788.773979 300.799977 617.693315 518.539005 
464.564788 313.632683 590.131126 88.479248 784.109470 298.911112 621.306217 518.868698 
466.313649 314.874700 585.165509 86.201261 782.510329 298.232770 623.999377 517.397369 
466.302519 318.417865 579.420180 87.823149 779.349069 295.618956 626.771759 516.592992 
467.745279 318.272734 574.850041 90.575944 777.159036 296.058413 629.592475 518.201624 
468.169866 322.556057 569.263927 93.995571 772.331128 297.941850 631.678522 519.469706 
466.157019 324.675721 561.574017 96.735114 770.077827 296.404018 632.253275 519.043680 
465.433609 328.933631 558.200135 100.109534 764.936964 298.011456 633.296846 519.767627 
466.397511 330.598052 553.816593 104.610425 760.274426 300.838364 634.725744 517.526089 
464.473219 332.594659 549.716501 103.415999 757.153639 300.709828 633.464938 520.187524 
464.565202 335.817033 545.971549 109.115812 756.185408 301.811850 636.652038 519.238930 
466.474390 335.308477 544.141001 112.330141 752.922214 301.068358 637.674984 519.035944 
465.708009 339.460723 541.246466 112.845352 750.655857 306.918144 636.623305 520.295210 
464.387113 342.091257 536.830968 117.672793 746.288202 308.231629 636.834986 520.838595 
464.968116 345.512832 534.482318 123.369622 743.024924 310.000142 635.731264 522.320694 
464.798890 346.853469 530.844617 124.372858 740.076000 314.303811 635.917093 524.481604 
464.600758 350.298692 529.228105 131.237168 737.378519 317.565361 637.499893 524.876459 
466.101771 353.803571 528.608219 134.162858 736.094901 322.550347 636.258213 529.168883 
464.268795 355.629098 524.346164 139.173871 732.849975 325.590414 634.782505 532.327243 
463.738581 357.830502 522.327966 144.862738 728.785798 329.000805 634.856784 533.598656 
463.869931 359.858272 519.669345 147.428924 726.225070 333.426971 633.226047 538.024823 
462.723827 362.532692 517.985865 151.671452 725.694906 335.858770 634.226705 536.571144 
463.411932 363.454161 516.823526 155.306035 721.829793 339.890222 633.072291 537.827308 
460.971124 365.256970 511.957694 158.673454 716.783052 344.159079 628.944196 539.659665 
458.846241 368.473120 508.281964 161.162021 713.201011 348.539360 626.289820 541.498152 
457.154764 368.651011 505.610679 164.882963 707.399694 350.741267 623.645638 542.758451 
455.996903 369.863443 501.492312 168.450980 702.490814 354.844101 621.209668 541.260644 
450.990820 370.309371 496.932337 169.756977 697.524891 358.382247 618.813899 546.324819 
450.404463 371.042145 493.461384 175.691303 691.204277 361.473941 613.063940 542.472476 
448.834413 370.834065 489.562953 176.045393 685.971916 363.122226 611.748575 540.801146 
445.548540 371.919621 486.566237 178.344876 683.019416 364.723534 608.180110 542.466886 
445.518579 370.586483 484.588747 178.425042 677.095659 369.037877 602.812078 541.554883 
442.903164 369.675508 480.378632 181.500819 672.540073 369.675508 600.778539 540.308489 
441.546008 367.288750 476.806835 183.788528 667.137389 369.700333 599.140316 538.555624 
438.043078 367.899408 475.361341 182.665120 663.988198 371.283026 596.815325 538.884904 
436.932146 365.274257 472.271775 180.624695 663.119381 371.601074 594.193494 535.787966 
436.076194 364.922124 468.548537 180.479214 658.187022 371.416593 591.848127 535.872488 
431.723512 365.279299 465.752283 184.031857 653.857481 373.934238 587.206835 534.317579 
428.138641 366.086226 461.543636 184.744830 647.657174 376.425867 584.823971 533.906553 
425.283887 364.167232 457.415348 183.363183 643.668902 376.151950 580.477610 534.595629 
420.872196 363.735756 453.564112 184.680221 637.927728 375.194419 577.500628 530.591598 
418.211985 362.303881 448.390423 185.197531 633.375710 374.966921 572.777081 531.247595 
415.494696 361.358616 445.492151 186.373459 630.057098 376.008817 568.347188 529.995964 
412.949893 359.829291 441.957064 186.416856 624.197769 374.313766 566.183427 527.535383 
408.178457 357.313026 438.477771 185.882695 620.323680 373.414787 563.661780 523.959255 
407.647298 356.941383 434.964486 185.643502 616.431711 370.903368 559.599157 520.832336 
405.435898 354.038316 432.061420 187.089094 612.683208 370.589317 556.553728 517.389495 
401.416621 354.026148 428.042143 183.478882 609.383540 369.137931 553.778301 517.075964 
399.780885 351.094116 427.050268 182.932921 607.331189 365.486290 552.792423 515.467896 
400.441911 347.579020 425.957123 182.527492 605.360958 365.120729 550.343782 509.441147 
398.495424 345.952863 424.473298 181.198448 602.900280 363.043570 546.842761 506.605509 
396.898726 345.851890 423.524249 179.622277 600.547993 358.804847 546.577339 502.726590 
396.323707 342.043723 423.668839 180.131762 599.253365 358.594724 544.563103 499.638032 
395.804713 340.927429 422.466216 178.907527 598.158684 358.018136 542.784793 498.161933 
395.721785 340.841604 420.332403 175.403560 596.024871 355.197798 542.701865 496.708852 
395.631094 338.485340 422.135816 178.573519 596.183488 355.271663 541.407063 493.979707 
395.633922 338.156322 424.029131 177.900113 596.611841 353.976401 541.413322 491.623340 
395.749369 338.152692 423.416273 175.434732 598.075544 355.102154 541.943561 491.164230 
396.846062 337.095062 425.630411 176.508696 599.093985 353.759685 541.525288 491.621565 
398.150653 335.735933 427.692484 178.179499 598.883610 351.643073 543.587362 488.747471 
401.413731 332.133259 432.792406 177.066976 600.547628 350.856559 544.428076 487.216325 
403.866509 331.930462 433.676250 176.002587 603.568355 349.034078 547.182571 486.115040 
404.205380 329.211740 436.099395 176.456194 605.641264 349.355328 547.728448 481.127970 
408.428474 326.464687 440.210468 172.609013 609.248748 347.228745 550.106434 480.004057 
411.758510 325.411873 445.845239 171.642852 611.424106 343.419306 552.891340 479.766221 
416.797975 324.959040 449.547248 169.129903 614.979078 342.109328 555.566134 476.956671 
420.335867 321.376597 453.332517 166.617861 618.189790 341.257906 558.239244 475.246683 
423.953733 318.347446 456.336125 167.949225 620.406912 339.216099 561.398997 471.624103 
427.790001 316.521521 460.375548 165.672406 623.906718 335.841372 566.580293 466.777098 
430.956259 311.615620 464.777869 162.656615 626.689830 333.203881 565.523089 465.611885 
432.795762 308.501650 467.778218 157.558833 628.438383 330.527640 568.838644 460.092290 
434.844829 304.020956 471.077128 155.673619 631.729774 327.264317 572.254113 452.368292 
438.995688 298.446072 474.455487 151.833442 634.706501 322.995164 574.015691 451.195975 
442.781752 295.109557 477.625963 146.642917 636.697363 319.349009 576.098735 445.848646 
446.144205 290.101642 482.822322 143.389173 639.900347 314.022154 577.707017 439.206163 
449.298694 283.772362 485.948776 136.540325 640.492643 307.909804 580.812674 433.207211 
451.203759 276.672435 489.771916 132.398958 643.330319 302.384539 581.192733 427.373937 
455.466203 271.498992 494.786082 125.177475 647.553481 299.216284 584.383840 421.043450 
458.792535 263.505122 498.181644 119.583379 650.435698 293.046953 586.807138 414.244211 
461.762089 256.047979 503.423646 112.126236 654.920218 285.589811 589.019209 409.059516 
467.039207 250.018591 508.938097 104.769105 659.774101 278.649499 592.735877 402.251224 
471.409327 241.073526 514.585850 94.992956 665.129779 272.269456 595.901635 397.228617 
474.352117 232.639270 519.163950 88.462066 666.588389 267.059954 597.747021 389.155965 
477.780055 224.716387 524.306720 81.259167 669.056347 259.611386 599.912552 381.743883 
479.578409 216.318735 530.235265 73.440425 672.464128 253.337207 600.375526 373.484877 
484.483968 205.977277 534.717042 64.048909 675.748311 247.294824 602.063790 364.116873 
488.911185 199.863705 543.568913 61.480352 678.549670 244.675538 602.564387 362.874868 
494.359288 194.466649 552.647594 57.740993 683.616381 244.839259 603.739813 357.817827 
499.496368 190.394733 562.427769 54.660338 688.290571 244.688491 605.615985 358.211803 
506.765099 190.376466 574.307573 55.940964 693.805796 250.125577 606.130470 358.583204 
513.878458 189.513418 585.839329 59.264240 699.537507 254.278202 608.866808 359.341075 
521.617463 189.612447 599.582161 61.742886 706.228172 259.995087 609.836585 363.906585 
529.476249 191.165191 614.040079 65.194244 712.017483 267.564238 611.707284 367.291238 
536.378138 195.905892 625.222469 74.361911 718.385622 276.112580 612.882979 373.594555 
542.571939 200.221882 636.392858 80.906147 723.075229 286.384175 614.378087 380.385752 
548.818860 205.814661 648.806597 89.162301 726.827331 296.712604 614.719868 388.368030 
553.932476 212.838434 657.500904 100.360893 731.557899 309.168208 615.182622 396.588871 
558.226793 220.414041 665.873924 112.911176 734.232377 321.881741 613.505049 406.494261 
561.441154 228.402754 672.458707 125.283986 736.399703 335.210861 613.020224 413.032380 
564.183350 237.981634 678.850793 138.416733 735.904838 347.055544 609.468267 425.093728 
566.264495 246.534619 684.629202 147.501658 737.254327 360.394209 606.488865 434.547794 
567.395020 252.821508 688.289284 159.991984 735.783459 371.556946 602.655847 443.517818 
568.687497 261.643752 692.301428 169.768533 735.733349 381.916765 598.755751 451.519204 
568.192032 268.696206 694.971042 180.689417 734.974127 392.398055 596.501908 460.711017 
567.668565 276.847349 697.202366 189.514605 734.128291 403.450521 591.699722 469.096610 
565.000393 284.940293 698.137000 199.862754 731.258791 413.530773 585.782693 477.176566 
564.232493 290.292387 697.073897 211.768357 726.594209 423.724198 581.944680 485.716853 
559.971310 295.698835 697.843887 217.745563 722.858743 431.826190 573.933090 491.745496 
557.732954 302.304608 696.325329 227.189657 718.542428 440.368005 566.725589 498.026665 
554.477567 307.458139 694.108643 234.070643 712.942602 448.388109 560.322588 502.292198 
550.127309 310.210479 693.329444 241.128042 708.441227 457.010657 553.005744 507.383267 
545.695253 315.457996 690.321794 247.145034 701.399571 462.546265 546.310686 511.780832 
539.608872 319.810847 687.107997 254.653467 695.700179 470.890048 536.028797 515.999004 
535.952327 322.025231 684.191722 261.578098 688.509375 478.180322 528.036631 517.758801 
531.314661 324.942069 682.163302 266.593978 682.920785 482.476593 519.304487 521.865701 
526.635368 326.911940 679.255381 271.059509 676.155750 488.004283 509.749749 524.343787 
521.338657 328.799315 677.615669 275.069523 669.699973 493.110964 501.311534 526.932573 
518.043883 328.438982 675.918247 279.029098 663.179589 497.770233 492.318822 527.223546 
514.872213 329.501866 675.902563 282.611802 657.393327 501.637758 483.406512 527.550688 
512.435895 327.503174 676.428519 284.830643 652.567809 504.349175 477.589268 525.823815 
510.210131 327.939647 676.006269 289.253882 647.820925 508.657437 470.419058 525.789705 
508.343118 326.187560 677.147347 291.606138 644.324303 510.817186 464.383683 523.711954 
509.804423 323.119826 680.232438 293.073269 641.812250 511.772802 459.562639 521.624133 
510.434613 321.652118 684.344505 294.708332 639.642314 513.320414 455.322324 519.444002 
513.187115 318.166500 689.055717 296.732071 639.048308 514.296771 451.358164 515.595665 
517.777951 315.173430 695.403373 296.798387 641.391881 514.514814 451.516429 511.730716 
525.595009 311.133484 705.535628 297.066465 644.578545 514.519135 453.501536 507.485626 
536.261950 304.995467 717.960947 296.789706 653.487110 513.070125 462.410100 500.761483 
553.051789 297.558979 737.050306 293.187803 666.017122 511.030232 474.142182 491.925801 
572.565249 294.533592 757.144885 292.482707 682.629402 507.141987 491.897112 483.214997 
598.970754 288.463296 785.297059 288.463296 706.941295 501.319506 515.679193 476.023551 
629.138554 278.765946 819.028014 282.879743 735.704899 498.762358 541.031805 469.220526 
663.231388 271.797541 855.779573 275.500391 773.787901 493.439546 574.362995 462.758791 
699.472369 262.254093 900.230412 263.899651 814.112891 484.404386 613.354848 453.138789 
741.248594 252.490086 944.233212 251.256137 860.941651 474.600914 654.872161 445.603112 
775.817604 242.691418 984.125390 232.844140 911.407036 462.361447 698.554352 441.909409 
808.904315 231.520619 1017.565098 209.833964 955.435764 446.628786 740.913722 433.734018 
835.264470 217.976851 1045.683631 185.153807 995.276813 427.223760 776.065765 425.465383 
852.327694 203.392156 1064.120954 155.508463 1030.970704 404.749226 806.899575 416.413203 
859.075227 188.507155 1072.337099 127.813829 1056.189333 381.166704 830.120613 406.223582 
857.994909 178.089095 1067.401046 101.090963 1068.120654 356.552057 844.322344 398.289362 
848.803719 169.134213 1057.005701 76.313514 1072.475818 334.148787 849.448307 392.806311 
833.127269 165.789075 1032.009006 62.137355 1069.582754 317.379715 848.675027 386.696803 
812.149850 163.507317 1004.072346 47.836856 1057.061048 300.502499 840.582812 387.093794 
787.369186 166.968728 975.224935 42.741539 1041.125943 289.680951 830.545709 387.396240 
762.412903 172.590378 939.155074 39.830130 1021.417559 283.359665 816.983067 393.314471 
736.242445 179.988581 908.470126 33.276111 999.368069 278.860028 800.827825 395.273183 
709.262219 184.680001 874.661723 31.452755 977.767908 270.601822 785.875842 396.620492 
684.056721 184.004953 839.551089 24.093132 953.521392 258.218173 767.988340 391.625273 
655.342345 179.056238 805.328680 14.749599 926.674409 243.874454 747.293766 387.077487 
625.805111 165.110174 774.612846 -6.381667 899.137170 226.541528 723.779740 371.729937 
595.693076 150.212398 737.593417 -25.245456 870.150748 205.130043 697.557103 358.331143 
559.725560 129.996985 703.996174 -52.115102 835.330739 180.502898 669.251682 337.789534 
525.120809 102.133301 663.207195 -78.660214 799.531865 152.135061 633.599087 313.380472 
483.302533 71.837447 627.124618 -115.567088 762.847378 124.775301 596.334748 283.977621 
440.744494 33.565881 596.184624 -139.638835 719.951820 90.490797 554.385380 255.245637 
0.000000 0.000000 0.000000 0.000000 0.000000 0.000000 0.000000 0.000000 
0.000000 0.000000 0.000000 0.000000 0.000000 0.000000 0.000000 0.000000 
0.000000 0.000000 0.000000 0.000000 0.000000 0.000000 0.000000 0.000000 
0.000000 0.000000 0.000000 0.000000 0.000000 0.000000 0.000000 0.000000 
0.000000 0.000000 0.000000 0.000000 0.000000 0.000000 0.000000 0.000000 
0.000000 0.000000 0.000000 0.000000 0.000000 0.000000 0.000000 0.000000 
0.000000 0.000000 0.000000 0.000000 0.000000 0.000000 0.000000 0.000000 
0.000000 0.000000 0.000000 0.000000 0.000000 0.000000 0.000000 0.000000 
0.000000 0.000000 0.000000 0.000000 0.000000 0.000000 0.000000 0.000000 
0.000000 0.000000 0.000000 0.000000 0.000000 0.000000 0.000000 0.000000 
0.000000 0.000000 0.000000 0.000000 0.000000 0.000000 0.000000 0.000000 
0.000000 0.000000 0.000000 0.000000 0.000000 0.000000 0.000000 0.000000 
0.000000 0.000000 0.000000 0.000000 0.000000 0.000000 0.000000 0.000000 
0.000000 0.000000 0.000000 0.000000 0.000000 0.000000 0.000000 0.000000 
0.000000 0.000000 0.000000 0.000000 0.000000 0.000000 0.000000 0.000000 
0.000000 0.000000 0.000000 0.000000 0.000000 0.000000 0.000000 0.000000 
0.000000 0.000000 0.000000 0.000000 0.000000 0.000000 0.000000 0.000000 
0.000000 0.000000 0.000000 0.000000 0.000000 0.000000 0.000000 0.000000 
0.000000 0.000000 0.000000 0.000000 0.000000 0.000000 0.000000 0.000000 
0.000000 0.000000 0.000000 0.000000 0.000000 0.000000 0.000000 0.000000 
0.000000 0.000000 0.000000 0.000000 0.000000 0.000000 0.000000 0.000000 
0.000000 0.000000 0.000000 0.000000 0.000000 0.000000 0.000000 0.000000 
0.000000 0.000000 0.000000 0.000000 0.000000 0.000000 0.000000 0.000000 
0.000000 0.000000 0.000000 0.000000 0.000000 0.000000 0.000000 0.000000 
0.000000 0.000000 0.000000 0.000000 0.000000 0.000000 0.000000 0.000000 
0.000000 0.000000 0.000000 0.000000 0.000000 0.000000 0.000000 0.000000 
0.000000 0.000000 0.000000 0.000000 0.000000 0.000000 0.000000 0.000000 
0.000000 0.000000 0.000000 0.000000 0.000000 0.000000 0.000000 0.000000 
0.000000 0.000000 0.000000 0.000000 0.000000 0.000000 0.000000 0.000000 
17.976064 93.493386 -17.294462 -202.236409 287.111930 46.823366 269.627669 296.924324 
53.088899 85.523576 18.763814 -204.919450 315.880305 41.374484 299.510231 288.235212 
89.786111 76.399436 68.461879 -183.045386 349.008046 36.290708 332.702296 281.692238 
134.431576 68.373484 102.959900 -186.260981 384.823959 31.318293 367.962895 271.771730 
180.322472 61.375244 147.121539 -191.781865 422.267216 22.220328 406.631539 261.967372 
218.756076 43.204821 212.190379 -160.331783 460.679608 20.387657 445.559762 252.855287 
268.043464 32.598214 270.497654 -17.712686 501.472711 3.285046 485.307379 239.151936 
0.000000 0.000000 0.000000 0.000000 0.000000 0.000000 0.000000 0.000000 
0.000000 0.000000 0.000000 0.000000 0.000000 0.000000 0.000000 0.000000 
0.000000 0.000000 0.000000 0.000000 0.000000 0.000000 0.000000 0.000000 
0.000000 0.000000 0.000000 0.000000 0.000000 0.000000 0.000000 0.000000 
0.000000 0.000000 0.000000 0.000000 0.000000 0.000000 0.000000 0.000000 
0.000000 0.000000 0.000000 0.000000 0.000000 0.000000 0.000000 0.000000 
0.000000 0.000000 0.000000 0.000000 0.000000 0.000000 0.000000 0.000000 
0.000000 0.000000 0.000000 0.000000 0.000000 0.000000 0.000000 0.000000 
0.000000 0.000000 0.000000 0.000000 0.000000 0.000000 0.000000 0.000000 
0.000000 0.000000 0.000000 0.000000 0.000000 0.000000 0.000000 0.000000 
0.000000 0.000000 0.000000 0.000000 0.000000 0.000000 0.000000 0.000000 
0.000000 0.000000 0.000000 0.000000 0.000000 0.000000 0.000000 0.000000 
0.000000 0.000000 0.000000 0.000000 0.000000 0.000000 0.000000 0.000000 
0.000000 0.000000 0.000000 0.000000 0.000000 0.000000 0.000000 0.000000 
0.000000 0.000000 0.000000 0.000000 0.000000 0.000000 0.000000 0.000000 
0.000000 0.000000 0.000000 0.000000 0.000000 0.000000 0.000000 0.000000 
690.430509 13.768478 690.430509 -138.878047 886.160806 7.919675 884.625233 189.117300 
680.784800 24.648025 668.500233 -153.478198 877.382738 17.425669 882.637499 199.840933 
667.541428 41.127659 632.367334 -160.859448 865.780835 33.651803 873.945386 211.229413 
660.401596 72.270448 594.308445 -123.135388 849.102997 50.870647 862.434667 222.277836 
643.388986 95.977780 574.190297 -95.637109 828.741708 74.449472 848.870103 239.949616 
628.361101 127.376029 551.716051 -58.340824 808.904097 100.170992 833.913465 256.847323 
606.329841 152.399326 530.162391 -18.788904 788.252006 124.340440 818.092264 278.897670 
589.488694 182.085795 509.282006 19.204521 768.411305 151.237069 804.812802 299.927929 
575.956360 216.614923 490.229374 56.850994 749.358673 175.050324 790.923273 321.175869 
566.611192 246.632211 469.703350 93.436580 733.153413 199.048719 780.736904 342.379480 
555.121838 275.895188 456.679366 130.282364 720.559882 223.939438 769.097490 359.297838 
543.159792 302.491741 442.414571 160.009215 706.510970 243.483826 762.640450 377.331047 
531.593133 327.695516 428.980528 189.363333 695.903190 264.049723 756.951195 395.237990 
526.164696 352.632054 417.577180 216.897659 686.578072 282.296959 750.126447 410.010685 
520.039607 373.476209 410.275126 243.738435 680.587993 299.192628 745.959635 423.939621 
516.075003 394.026532 403.720695 267.384393 674.540038 312.845674 742.731959 438.188919 
508.185474 411.135375 397.592976 288.423152 668.014357 327.054777 739.217746 450.524483 
504.308395 426.358779 389.171000 304.744906 662.622312 337.846907 736.742010 463.058824 
497.120613 438.642328 379.527907 318.763004 653.816437 345.075566 728.767372 470.259576 
491.746280 450.312224 374.336437 327.600001 647.030266 351.839453 723.536035 476.824124 
483.953005 459.015543 365.685312 336.646081 639.820253 353.736788 719.804761 480.208019 
477.852293 464.269868 360.268229 339.165892 635.770425 355.572971 715.754934 484.095088 
476.191460 467.356971 355.175599 341.772659 629.114344 354.828810 707.499345 484.188106 
474.638735 468.557253 356.041748 341.919792 628.412794 353.980503 706.807412 483.633141 
475.237266 467.835338 354.630161 339.690289 627.001207 348.233292 704.893295 478.890990 
472.574291 465.776210 351.832377 335.070157 626.139250 342.103667 704.680107 478.084852 
470.319775 460.755143 351.368454 328.131257 623.452509 333.600283 704.120647 470.325939 
471.809146 454.768759 348.339440 318.421844 622.548235 322.966742 702.841418 463.858553 
471.576640 448.988543 348.831182 310.656360 622.897759 311.305807 704.078618 456.781905 
464.769307 439.947872 341.080606 300.449337 620.077676 300.449337 700.986827 447.387794 
464.704519 431.394721 340.792199 289.225301 617.443575 288.639175 700.087312 440.445756 
463.967180 422.896043 336.596437 277.535082 613.645793 274.656648 694.241969 425.774478 
456.848235 414.713928 332.621046 268.519737 608.344807 263.974840 690.152956 417.743860 
449.609205 407.710330 324.324816 255.141785 599.950472 249.573590 685.700676 411.608066 
440.446466 399.017380 314.005096 242.645444 593.153435 237.758821 677.447682 401.460691 
427.760383 389.299961 302.514555 230.737509 585.088887 224.567763 669.614396 394.235757 
417.045502 382.541063 290.565724 219.042815 575.607954 212.256095 660.133463 386.859885 
408.487589 375.347693 279.897110 206.491508 565.004284 199.997040 652.679611 381.192715 
400.147820 368.143816 270.772851 196.212816 556.260630 190.208784 641.031565 372.340397 
390.245634 361.767077 260.571467 187.503470 547.324278 180.865673 631.383010 365.374845 
384.584813 357.315000 255.637138 177.960507 541.666526 170.926997 627.240893 361.417881 
377.143511 351.315393 249.627602 169.068674 536.031870 162.592195 620.226090 356.166940 
374.444062 347.788527 247.840890 163.745026 533.284153 154.953140 616.514016 351.891407 
371.036994 344.074297 246.544687 156.256422 532.229347 149.060335 613.545132 350.550776 
368.324844 343.359248 245.579387 149.824082 530.037114 142.680167 611.867419 346.606483 
368.743005 340.044737 244.205127 146.237270 531.600231 138.131254 611.186567 346.676932 
369.970776 341.235133 251.019455 142.299304 536.092448 134.779393 611.975187 346.020531 
368.308386 335.194025 252.998839 136.148189 536.331857 129.985033 611.391522 343.457475 
368.515637 333.803657 254.817460 129.434782 540.502120 123.677912 613.182601 342.438961 
374.154207 330.779766 264.054074 122.093238 546.860299 118.495195 616.662344 340.134679 
375.965100 327.257382 267.827536 117.818536 552.465492 113.468174 621.170133 338.785840 
376.222088 326.163235 271.537090 110.331203 557.159122 107.100184 624.364306 337.794902 
378.028839 326.558252 274.377119 105.064399 561.887247 101.362551 626.052597 339.514717 
377.116501 328.034428 277.123911 103.057319 565.820760 102.787439 626.363377 340.667731 
381.996916 331.647180 284.281628 105.159805 569.095182 105.159805 627.421363 345.281872 
382.116896 336.771867 287.540631 107.606302 572.481942 107.606302 629.470205 351.928320 
385.332962 343.683451 292.604348 110.403918 576.038980 113.319912 631.442869 358.846620 
388.234267 349.929281 298.586326 118.849185 579.223357 119.962824 631.564391 366.633866 
387.813884 356.559330 301.086314 127.015599 581.964316 127.543856 631.869180 374.333665 
386.146321 367.911578 304.088709 134.695209 581.727244 135.312183 631.702181 385.186865 
385.753740 379.559691 306.521223 141.212691 585.783375 145.109373 631.244656 397.094757 
387.270428 390.098248 312.279625 151.491147 587.245903 153.763596 631.937391 409.035319 
388.182966 402.299613 315.624082 162.297149 592.304663 166.283901 632.969532 423.030723 
384.214343 415.661491 316.535143 172.289823 594.088225 178.442478 633.055037 436.853968 
383.645940 429.108675 320.017380 182.169263 599.528555 189.744092 635.130249 453.348127 
386.864329 440.269688 329.455102 194.685772 603.743632 204.253976 635.637647 468.974301 
386.769894 454.671902 336.684914 203.572456 610.301991 218.680147 636.320793 483.904062 
387.774365 464.286911 342.239784 212.278153 617.130313 229.548762 635.120531 497.962813 
388.592449 472.751178 350.551315 220.201228 621.385868 243.097869 635.418238 511.610048 
386.602178 479.508565 358.694915 225.153794 628.199342 253.858408 636.172846 525.754887 
384.933790 484.175466 367.843083 229.182117 633.774484 264.047160 630.356343 535.447587 
383.908338 486.627392 375.316156 231.009977 641.839483 273.810054 627.519180 545.179803 
383.383017 486.449526 388.203362 233.037079 647.747945 281.249068 624.296998 553.211311 
381.179335 482.939292 399.756446 229.354690 654.690091 288.658728 620.183958 558.102251 
382.255942 476.424047 413.721643 226.549365 662.979350 295.650512 614.855337 560.949556 
382.527915 469.964992 428.774237 222.786375 671.168752 301.724063 611.367474 564.849687 
382.880528 457.243110 443.007269 216.917077 679.395052 306.675916 606.080580 564.978285 
384.159277 449.163192 458.019102 208.279447 689.685637 313.653874 599.024221 564.988826 
386.173172 438.062310 475.961474 206.789410 700.092123 320.045109 593.731325 567.395804 
390.167586 425.107672 496.186473 201.584519 710.874719 327.040201 587.574958 566.430327 
391.582169 414.738425 511.599949 200.615793 718.221470 336.317716 579.791870 565.442570 
395.202193 403.810585 531.134104 198.038385 728.044815 344.122105 573.057030 565.785525 
404.583946 390.545426 552.365097 195.543669 736.414652 357.682562 569.893626 561.733026 
406.502134 379.271755 571.154988 196.859733 742.114157 369.123660 560.789433 562.843557 
410.824236 366.957427 587.693934 198.383027 747.556503 382.772641 551.813167 559.582748 
419.585118 354.514325 606.215638 199.330706 751.828462 393.481137 543.321836 556.184668 
424.514524 342.378947 623.299937 205.437885 752.289583 405.106788 534.067374 551.766248 
431.647589 327.857274 640.192937 207.860888 752.745236 415.783445 525.261278 542.417186 
440.092111 313.923633 654.535509 213.178413 750.243468 426.902202 512.772592 535.563118 
447.732606 297.916745 669.079499 216.309396 747.521180 439.603798 500.731371 523.382444 
459.518658 277.876594 684.050208 221.889506 740.037296 444.088261 491.011395 504.740939 
474.097205 256.738082 705.300289 223.616292 736.473739 450.273248 481.890568 483.395038 
492.649921 235.275311 724.363928 226.640007 730.120797 455.475578 477.538138 459.073622 
519.031756 211.462910 748.935946 232.894656 724.906412 454.356038 476.817710 429.027610 
551.504792 187.505042 773.000355 236.726278 723.095490 456.170956 481.091079 396.011668 
584.855316 169.572577 797.463712 248.873457 719.530088 458.063711 488.463729 364.406636 
608.409879 155.799762 810.390961 260.829925 706.448387 455.197875 490.421850 337.613810 
615.896100 147.451217 805.800040 268.998693 685.400133 451.591929 482.221300 318.032864 
600.607777 138.272602 784.537062 267.935150 658.870569 443.857023 459.876398 301.949314 
566.165696 143.494551 751.428960 263.129500 634.528524 440.872853 432.174554 310.299851 
528.505678 159.907350 723.469628 261.708146 624.136729 451.736299 410.046570 338.829961 
501.014542 181.999511 706.058597 263.036171 628.124973 463.339257 403.894897 375.151209 
480.170370 208.704578 690.121949 260.914759 638.467196 466.978346 407.409373 409.213890 
442.157994 226.325519 656.851173 255.704585 627.472107 465.312926 394.134520 435.368877 
370.885952 253.747568 591.805828 264.541699 580.292089 477.545879 338.503560 466.032139 
279.667958 291.628872 502.971151 291.618466 502.971151 508.162042 257.471166 509.434891 
218.744537 358.784596 444.102599 347.743999 451.895962 565.308699 204.456706 579.596530 
228.359541 439.728208 448.787053 423.821068 460.149296 639.703683 216.997298 659.398237 
303.240086 494.195807 518.944346 476.570167 530.694773 687.238530 294.007608 709.060751 
416.263295 494.303830 621.351779 474.154786 635.024344 683.560922 408.347599 703.709966 
509.446058 429.453239 710.378354 407.924779 729.514763 615.235877 507.851358 635.169637 
538.667646 340.248159 740.836166 313.083396 762.776936 520.998309 543.369239 541.894280 
480.192038 281.647922 683.176656 255.734992 703.536816 458.102636 483.893885 484.015566 
367.118179 269.057669 577.243924 253.226278 588.757663 459.753979 362.800526 476.304979 
269.641769 306.798472 486.258478 302.910480 485.147623 510.640349 253.534373 515.639196 
257.061161 360.869811 470.065341 371.663941 454.953558 578.911252 221.800334 567.397512 
339.488654 381.480253 543.090247 405.542259 511.007571 604.208055 288.279769 580.763023 
453.130324 359.634298 646.736467 388.728117 612.352862 584.450173 399.174514 548.479633 
539.074449 313.065729 731.187434 344.119609 698.554544 539.390615 486.967092 500.968018 
559.432001 289.420059 754.942467 313.303440 726.060239 509.369333 514.442377 476.043685 
517.889100 306.801331 714.342279 326.950375 689.155974 521.964337 476.871403 498.936858 
460.053332 351.747668 655.914594 362.856217 640.128761 559.302139 424.389043 545.854948 
460.403552 384.989611 655.774345 394.650804 641.819288 591.631796 428.459887 579.960539 
523.958511 385.363292 714.769504 400.488554 693.245093 596.535215 487.308838 573.265581 
595.236926 351.671432 786.652845 380.383820 753.355628 572.186751 544.312270 533.767971 
638.496667 310.390705 832.681280 357.800326 775.529956 548.737704 572.253087 490.287486 
648.330525 293.674151 832.226532 355.884325 763.180076 541.831217 566.978759 463.897593 
646.647946 293.939134 826.710585 367.072267 746.374946 547.134906 554.123452 459.596762 
655.717718 295.728271 832.482507 375.404340 743.836285 551.113816 556.518374 454.552753 
670.911536 284.932093 844.760331 371.023349 749.782235 542.095006 567.046602 439.896354 
675.929230 258.973066 847.754318 351.090405 750.864060 518.120451 569.015841 415.025398 
662.143735 229.981880 837.395348 319.659126 737.753963 489.635607 554.882714 385.891341 
632.142658 207.257603 806.324973 295.023886 709.106937 463.794928 528.623453 368.377226 
598.065985 198.971657 775.125796 279.747118 686.823093 454.760121 499.196820 362.461190 
570.170886 198.060755 751.785108 273.644341 666.796867 453.584961 475.719858 365.666091 
547.399151 198.878254 731.442651 269.213350 655.832423 449.153969 458.894155 369.440861 
528.035738 202.413787 711.062310 263.775297 642.295101 447.859825 444.986108 375.389767 
505.446344 205.329274 693.874970 260.594654 631.767211 445.338921 429.127487 382.704825 
484.021173 209.258990 675.987482 256.999303 620.206695 443.437786 415.174617 389.667119 
466.206577 214.069034 658.995344 254.914112 611.615054 443.890672 404.850656 399.628415 
449.275382 222.421649 643.906280 251.220825 609.688758 443.915502 398.066497 411.215853 
438.297706 233.697999 633.741353 252.073043 609.241294 446.959871 396.536243 425.800729 
426.411889 246.997207 623.226762 252.549978 611.504246 449.364850 398.031061 439.493258 
415.208182 260.944568 612.199787 253.909153 614.209905 451.403288 398.624705 456.931114 
404.376502 273.579782 602.498799 253.528851 616.343489 451.651147 400.557277 472.179482 
391.725804 287.206172 590.475733 256.301358 615.439364 453.159698 400.917323 485.396617 
380.725687 297.609465 576.447743 258.465053 612.418283 452.600174 400.826871 496.505392 
369.181200 307.657988 564.387735 257.631422 608.347169 451.639061 397.341883 505.562634 
357.326763 314.890391 551.461884 257.760709 603.830759 450.308895 393.826282 511.670404 
344.698877 319.336021 540.279800 257.021595 598.275405 446.432773 389.121042 515.533920 
334.869726 322.077730 527.755445 254.535256 589.619600 445.258004 382.279347 519.509577 
324.860871 324.286544 515.849961 252.456828 583.781941 442.889099 376.645085 520.287011 
312.457438 327.592324 505.356433 250.379051 575.979189 438.518073 371.249470 522.426384 
299.964210 330.291386 492.213472 248.233774 566.651448 436.966281 363.265796 525.471276 
289.395057 332.847633 478.760091 246.710470 561.484152 430.232993 357.757885 526.314436 
279.013844 336.551819 468.378877 244.262001 554.516041 428.158009 352.845698 528.651366 
265.734462 339.459048 455.568430 241.152171 545.965558 423.641373 347.055154 531.397575 
251.065105 343.064939 438.625360 238.795805 540.426156 418.952805 340.526410 533.093092 
236.663313 348.753517 419.157882 238.347550 528.914403 415.646544 331.482556 536.443661 
218.137010 357.374593 398.910545 237.064561 516.135704 413.519274 321.788730 541.849975 
198.774512 367.723578 377.412732 239.699521 502.136796 409.986555 313.400703 547.106124 
182.968082 379.882143 355.742543 243.839261 486.343710 409.131363 306.086891 556.057676 
167.398562 393.860768 336.514526 247.248138 476.307963 409.544910 300.372807 565.704409 
154.995716 406.883075 316.026066 252.639444 469.652722 406.266100 298.750779 572.232247 
148.565228 422.710211 300.922577 258.658831 465.193063 403.773139 302.334248 579.509162 
145.189060 436.170941 286.445377 262.677705 460.524739 396.314387 312.234912 582.702390 
149.733966 447.379931 279.623339 262.116667 459.417577 385.169758 326.110062 579.320189 
159.163387 452.173718 272.208847 258.432387 464.061600 368.087440 345.793907 571.808667 
172.535196 449.917357 271.251120 250.017612 473.001789 347.499586 369.350069 554.803026 
193.424440 440.759448 277.949950 234.072983 481.551542 319.832441 392.707211 532.071677 
214.899184 426.544864 284.701229 217.138728 494.826974 292.697643 419.268059 507.141041 
239.149094 407.233885 297.599312 198.761441 508.020097 264.355575 442.425963 479.971934 
262.143213 388.701512 314.261532 178.431052 525.316710 237.193018 470.017428 455.793583 
284.173980 373.413738 328.609818 162.172599 539.850957 218.230118 488.578836 434.940283 
299.642034 360.524339 341.960316 146.705649 552.994909 201.273960 503.437973 418.990387 

