1.0000 0.0000 -0.0000 0.0000 1.0000 -0.0000 0.0000 0.0000 1.0000
1.0484 0.0198 -10.9678 0.0110 1.0593 -14.8797 0.0000 0.0000 1.0000
1.0437 0.0296 -10.7534 -0.0006 1.0624 -14.3616 0.0000 0.0000 1.0000
1.1031 0.0401 -20.7656 0.0225 1.1004 -27.4702 0.0001 0.0001 1.0000
1.0162 0.0432 -6.8944 -0.0271 1.0416 -8.0960 0.0000 0.0000 1.0000
1.0712 0.0629 -22.2863 -0.0275 1.0807 -15.5908 0.0001 0.0001 1.0000
1.0261 0.0685 -14.3939 -0.0447 1.0418 -6.5858 0.0000 0.0000 1.0000
1.0214 0.0780 -13.0130 -0.0586 1.0340 -2.5217 0.0000 0.0000 1.0000
1.0864 0.1241 -30.6387 -0.0585 1.0970 -11.8006 0.0001 0.0001 1.0000
1.0674 0.1376 -27.7033 -0.0841 1.0786 -1.9093 0.0001 0.0000 1.0000
1.0209 0.1488 -23.1092 -0.1200 1.0445 10.2166 -0.0000 0.0000 1.0000
1.0590 0.1836 -32.5347 -0.1288 1.0723 9.6217 0.0001 0.0000 1.0000
1.0590 0.1836 -32.5347 -0.1288 1.0723 9.6217 0.0001 0.0000 1.0000
1.0451 0.2517 -41.7785 -0.1952 1.0854 23.7771 0.0000 0.0001 1.0000
1.0923 0.3076 -62.5943 -0.2277 1.1210 27.9803 0.0001 0.0001 1.0000
1.0348 0.3405 -54.9461 -0.2669 1.0994 42.3705 0.0000 0.0001 1.0000
1.0704 0.3887 -72.2676 -0.3039 1.1081 54.7116 0.0001 0.0001 1.0000
1.0005 0.3872 -58.1792 -0.3384 1.0366 77.8201 0.0000 0.0000 1.0000
1.0015 0.4651 -75.1878 -0.3900 1.0558 92.6155 0.0000 0.0001 1.0000
0.9992 0.5255 -84.7751 -0.4318 1.0613 107.7376 0.0000 0.0001 1.0000
1.0067 0.6421 -109.6377 -0.4989 1.0929 128.9461 0.0000 0.0002 1.0000
1.0920 1.1048 -199.3350 -0.6380 1.4599 120.5016 -0.0000 0.0008 1.0000
0.9406 0.8809 -131.9933 -0.6566 1.1453 183.5651 -0.0000 0.0004 1.0000
0.8615 0.9658 -130.6502 -0.7316 1.1085 219.0642 -0.0001 0.0004 1.0000
0.8463 1.0221 -137.9242 -0.7867 1.0732 249.0257 -0.0001 0.0004 1.0000
0.7558 1.1138 -135.4217 -0.8728 1.0428 283.7107 -0.0001 0.0005 1.0000
0.6860 0.9947 -101.0904 -0.8543 0.8812 306.0813 -0.0001 0.0003 1.0000
0.7294 1.0401 -115.6662 -0.8731 0.8372 333.5020 -0.0000 0.0002 1.0000
0.6315 1.1023 -103.7939 -0.9365 0.8252 358.8063 -0.0001 0.0003 1.0000
0.6408 1.1509 -111.8350 -0.9835 0.8099 387.0485 -0.0001 0.0003 1.0000
0.6220 1.0969 -94.1123 -0.9649 0.7473 399.5175 -0.0001 0.0002 1.0000
0.6161 1.1280 -94.6951 -0.9826 0.7371 416.1401 -0.0000 0.0002 1.0000
0.6057 1.0674 -79.6477 -0.9729 0.6893 426.7260 -0.0000 0.0001 1.0000
0.5541 1.0884 -71.1596 -0.9890 0.6790 437.8486 -0.0001 0.0001 1.0000
0.5053 1.0539 -55.6938 -0.9940 0.6563 443.6197 -0.0001 0.0001 1.0000
0.5254 1.0754 -68.3975 -1.0040 0.6570 451.9828 -0.0001 0.0001 1.0000
0.5557 1.1315 -89.2716 -1.0321 0.6909 458.4039 -0.0001 0.0001 1.0000
0.5089 1.1317 -84.4649 -1.0438 0.6833 460.3189 -0.0002 0.0002 1.0000
0.5543 1.1673 -102.1739 -1.0558 0.6965 468.0964 -0.0001 0.0002 1.0000
0.5347 1.1390 -96.6788 -1.0650 0.6817 469.9059 -0.0001 0.0001 1.0000
0.5486 1.1858 -112.5305 -1.0749 0.6906 474.4638 -0.0001 0.0002 1.0000
0.5239 1.1427 -100.6325 -1.0765 0.6653 475.8092 -0.0001 0.0001 1.0000
0.5353 1.2016 -120.2556 -1.1059 0.6842 484.2547 -0.0001 0.0002 1.0000
0.4926 1.1897 -113.9357 -1.1111 0.6626 485.0714 -0.0002 0.0001 1.0000
0.4867 1.1575 -106.4418 -1.1095 0.6399 488.7053 -0.0002 0.0001 1.0000
0.5852 1.2916 -149.7281 -1.1359 0.7189 494.0117 -0.0001 0.0002 1.0000
0.5592 1.2078 -126.3861 -1.1189 0.6721 497.2363 -0.0001 0.0001 1.0000
0.5771 1.2180 -129.8926 -1.1327 0.7067 499.4896 -0.0001 0.0001 1.0000
0.7205 1.4799 -206.9782 -1.3059 0.9137 545.6729 -0.0000 0.0004 1.0000
0.6366 1.1113 -126.0043 -1.1113 0.7411 496.4435 -0.0001 0.0000 1.0000
0.6976 0.9921 -120.9570 -1.0438 0.7359 475.0066 -0.0001 -0.0001 1.0000
0.8004 1.0897 -157.2673 -1.0436 0.9119 443.6890 -0.0001 0.0001 1.0000
0.9029 1.0721 -169.3856 -1.0125 1.0061 408.9793 -0.0001 0.0001 1.0000
0.9120 0.9885 -149.8076 -0.9732 1.0610 359.9391 -0.0001 0.0001 1.0000
1.0470 1.0494 -185.1697 -0.9907 1.2286 322.0424 -0.0002 0.0003 1.0000
1.0480 0.8588 -125.6843 -0.8243 1.1946 254.3265 -0.0001 0.0001 1.0000
1.0875 0.6798 -88.2375 -0.6906 1.1836 190.6316 -0.0001 -0.0000 1.0000
1.2292 0.6721 -102.2667 -0.6119 1.3476 115.6332 -0.0001 0.0001 1.0000
1.2942 0.5716 -87.2720 -0.5285 1.4194 51.9033 -0.0001 0.0001 1.0000
1.4160 0.4428 -73.0723 -0.3874 1.4996 -37.5232 0.0000 0.0000 1.0000
1.6375 0.4796 -112.5753 -0.2915 1.7328 -138.6147 0.0001 0.0002 1.0000
1.3189 0.1950 12.1849 -0.2401 1.4349 -120.4512 -0.0001 -0.0000 1.0000
1.3730 0.1687 19.0929 -0.1747 1.5523 -193.0128 -0.0001 0.0001 1.0000
1.2117 0.1013 64.6217 -0.1346 1.4366 -200.7476 -0.0003 0.0001 1.0000
1.3755 0.0149 64.1220 -0.0248 1.5095 -267.5742 -0.0001 0.0000 1.0000
1.4189 -0.0515 81.6472 0.0383 1.5497 -309.3302 -0.0001 0.0000 1.0000
1.3438 -0.0754 101.0012 0.0455 1.5272 -318.3174 -0.0002 0.0000 1.0000
1.3937 -0.1195 108.1042 0.0896 1.5497 -345.3375 -0.0001 0.0000 1.0000
1.3508 -0.1644 126.9453 0.0944 1.5041 -341.5754 -0.0001 -0.0000 1.0000
1.3161 -0.1724 142.7924 0.1135 1.5144 -356.7917 -0.0002 0.0000 1.0000
1.4716 -0.1111 109.7989 0.1589 1.6762 -416.6583 -0.0002 0.0002 1.0000
1.3638 -0.1838 150.0487 0.1349 1.5520 -382.3820 -0.0002 0.0001 1.0000
1.2998 -0.1724 173.3745 0.1437 1.5647 -391.6082 -0.0003 0.0001 1.0000
1.2516 -0.2691 214.0608 0.1652 1.4975 -387.6991 -0.0003 0.0000 1.0000
1.2969 -0.2966 223.4255 0.2007 1.5360 -414.0560 -0.0002 0.0000 1.0000
1.3580 -0.3492 235.1375 0.2542 1.5687 -445.8529 -0.0002 0.0000 1.0000
1.3032 -0.3048 247.2536 0.2667 1.6129 -467.0527 -0.0003 0.0001 1.0000
1.2517 -0.3367 270.0602 0.2818 1.5825 -470.3554 -0.0003 0.0001 1.0000
1.2523 -0.3708 284.1023 0.2807 1.5869 -477.6412 -0.0003 0.0001 1.0000
1.2758 -0.4230 294.0617 0.3147 1.5802 -492.6512 -0.0003 0.0000 1.0000
1.1588 -0.3843 293.9015 0.2604 1.5250 -461.7338 -0.0004 0.0001 1.0000
1.3156 -0.3236 248.4041 0.2981 1.6569 -505.8426 -0.0004 0.0002 1.0000
1.1664 -0.3424 253.5855 0.1781 1.5426 -429.9267 -0.0004 0.0001 1.0000
1.3321 -0.3155 201.0906 0.1933 1.6199 -446.2890 -0.0003 0.0001 1.0000
1.2614 -0.3673 205.5613 0.1386 1.5597 -406.3542 -0.0003 -0.0001 1.0000
1.3220 -0.3531 169.9041 0.1047 1.5769 -390.9694 -0.0003 -0.0001 1.0000
1.3168 -0.2364 115.4355 0.0455 1.5863 -358.6073 -0.0003 -0.0000 1.0000
1.4144 -0.1922 74.8931 0.0017 1.7063 -366.7393 -0.0003 -0.0000 1.0000
1.4894 -0.1334 25.3860 -0.0359 1.7453 -351.8952 -0.0002 0.0000 1.0000
1.4300 -0.1235 12.1062 -0.0939 1.6636 -304.9857 -0.0003 -0.0001 1.0000
1.4835 -0.0126 -48.4856 -0.1545 1.7405 -297.1333 -0.0003 0.0000 1.0000
1.3802 0.0389 -54.6323 -0.2295 1.7023 -259.5103 -0.0004 0.0000 1.0000
1.3384 0.0598 -64.9232 -0.2665 1.6471 -232.6935 -0.0004 -0.0000 1.0000
1.2816 0.0987 -73.0574 -0.3182 1.6200 -209.8048 -0.0004 -0.0001 1.0000
1.2763 0.1207 -89.2540 -0.3615 1.6009 -194.0710 -0.0004 -0.0001 1.0000
1.2137 0.1669 -93.0103 -0.4139 1.5633 -166.1613 -0.0004 -0.0001 1.0000
1.2445 0.2290 -115.8270 -0.4683 1.6218 -160.4650 -0.0004 -0.0001 1.0000
1.1809 0.2465 -111.0339 -0.4917 1.5631 -138.6466 -0.0004 -0.0001 1.0000
1.1844 0.2827 -122.6360 -0.5365 1.5687 -120.0857 -0.0004 -0.0001 1.0000
1.1312 0.2984 -119.2837 -0.5579 1.5386 -104.0060 -0.0005 -0.0001 1.0000
1.0975 0.3122 -123.2154 -0.5854 1.4939 -80.4485 -0.0005 -0.0001 1.0000
1.1117 0.3732 -145.2187 -0.6184 1.5448 -75.1465 -0.0005 -0.0001 1.0000
1.0792 0.3848 -148.9295 -0.6492 1.5222 -55.5104 -0.0005 -0.0001 1.0000
1.0284 0.3471 -136.2056 -0.6432 1.4626 -44.2645 -0.0005 -0.0001 1.0000
1.0974 0.4477 -191.1546 -0.6899 1.5640 -49.5408 -0.0005 -0.0000 1.0000
1.0020 0.3991 -164.7538 -0.6819 1.4621 -31.6412 -0.0005 -0.0001 1.0000
1.0251 0.4507 -194.6447 -0.6914 1.5135 -44.9381 -0.0005 -0.0001 1.0000
1.0327 0.4819 -213.3120 -0.7160 1.5353 -41.2666 -0.0005 -0.0000 1.0000
1.0056 0.4882 -215.1720 -0.7318 1.5164 -31.7580 -0.0005 -0.0001 1.0000
0.9551 0.4728 -207.9399 -0.7210 1.4528 -24.1681 -0.0005 -0.0001 1.0000
0.9943 0.5123 -233.5292 -0.7332 1.5190 -38.3957 -0.0005 -0.0001 1.0000
0.9473 0.5085 -227.2949 -0.7521 1.4909 -27.2599 -0.0006 -0.0001 1.0000
0.9705 0.5302 -242.2043 -0.7542 1.5118 -31.2503 -0.0005 -0.0001 1.0000
0.9245 0.5549 -236.4100 -0.7743 1.5112 -22.4802 -0.0006 -0.0000 1.0000
0.9090 0.5352 -226.0285 -0.7644 1.4802 -18.3560 -0.0006 -0.0001 1.0000
0.8745 0.5541 -218.2883 -0.7742 1.4736 -11.4547 -0.0006 -0.0000 1.0000
0.8853 0.5619 -215.4491 -0.7649 1.4914 -18.1972 -0.0006 -0.0001 1.0000
0.8413 0.5965 -203.3734 -0.8049 1.4937 0.4979 -0.0006 0.0000 1.0000
0.7665 0.5165 -155.5352 -0.7651 1.4068 3.0288 -0.0006 -0.0001 1.0000
0.7684 0.5158 -144.5633 -0.7670 1.4099 7.6879 -0.0006 -0.0001 1.0000
0.7004 0.5052 -117.1468 -0.7991 1.3748 30.9001 -0.0007 -0.0001 1.0000
0.6774 0.5128 -102.0417 -0.7957 1.3936 26.2205 -0.0007 -0.0001 1.0000
0.6552 0.4925 -80.1673 -0.7872 1.3756 28.4461 -0.0007 -0.0001 1.0000
0.6206 0.4759 -59.6601 -0.7855 1.3515 35.3972 -0.0007 -0.0001 1.0000
0.6296 0.5051 -58.8334 -0.7995 1.3994 33.2074 -0.0007 -0.0001 1.0000
0.5436 0.4232 -13.1209 -0.7825 1.2912 52.6065 -0.0007 -0.0002 1.0000
0.5372 0.4285 -8.2052 -0.7822 1.2895 56.2245 -0.0007 -0.0002 1.0000
0.5104 0.4336 1.6586 -0.7962 1.2816 67.2488 -0.0007 -0.0002 1.0000
0.4927 0.4456 6.1493 -0.8028 1.2908 70.2932 -0.0007 -0.0001 1.0000
0.4596 0.4444 15.6701 -0.8109 1.2651 82.0239 -0.0007 -0.0001 1.0000
0.4409 0.4412 21.3893 -0.8069 1.2430 88.5044 -0.0007 -0.0002 1.0000
0.4100 0.4546 23.7936 -0.8179 1.2256 98.0591 -0.0008 -0.0002 1.0000
0.4086 0.4765 18.6445 -0.8306 1.2493 95.7407 -0.0008 -0.0001 1.0000
0.4092 0.4519 19.2962 -0.8071 1.2056 93.2766 -0.0007 -0.0002 1.0000
0.4191 0.4878 6.0273 -0.7980 1.2540 69.8964 -0.0007 -0.0002 1.0000
0.3956 0.4972 3.7782 -0.7753 1.2276 55.8865 -0.0007 -0.0002 1.0000
0.3558 0.4875 13.4465 -0.7759 1.2001 52.0944 -0.0007 -0.0002 1.0000
0.3619 0.7199 -27.2737 -0.8549 1.4100 23.3989 -0.0008 0.0001 1.0000
0.3244 0.5881 5.1767 -0.7931 1.2463 23.6051 -0.0007 -0.0001 1.0000
0.2537 0.6807 3.5233 -0.8207 1.2831 11.2145 -0.0009 0.0000 1.0000
0.1654 0.6213 42.6413 -0.7819 1.1843 6.1569 -0.0009 -0.0001 1.0000
0.1829 0.6850 28.5595 -0.8061 1.2005 4.8269 -0.0009 -0.0000 1.0000
0.1514 0.6914 43.6206 -0.7802 1.2006 -16.5523 -0.0009 -0.0000 1.0000
0.1169 0.7941 36.9559 -0.8237 1.2622 -22.2495 -0.0010 0.0001 1.0000
0.1454 0.8417 30.3278 -0.8115 1.2913 -39.0303 -0.0009 0.0001 1.0000
0.3199 0.9080 -11.0160 -0.7723 1.3932 -83.5138 -0.0007 0.0001 1.0000
0.2515 0.9369 2.8136 -0.7941 1.3653 -69.2916 -0.0008 0.0002 1.0000
0.2122 0.9170 23.1548 -0.7921 1.3346 -63.1407 -0.0008 0.0001 1.0000
0.1607 0.8316 55.0713 -0.7763 1.2597 -50.3013 -0.0008 0.0000 1.0000
0.0311 0.8401 81.9580 -0.8047 1.2118 -26.7362 -0.0009 0.0001 1.0000
-0.0877 0.7375 127.9622 -0.7919 1.1036 -1.6737 -0.0010 0.0000 1.0000
0.0024 0.8427 93.2155 -0.8093 1.2040 -18.8552 -0.0010 0.0001 1.0000
0.0224 0.8295 93.1004 -0.7966 1.2087 -22.1574 -0.0009 0.0001 1.0000
0.0310 0.8128 95.6231 -0.7939 1.2185 -24.1031 -0.0009 0.0001 1.0000
0.0166 0.7727 107.6227 -0.7837 1.2067 -22.8864 -0.0009 0.0001 1.0000
0.0220 0.7018 122.9042 -0.7620 1.1827 -21.9389 -0.0009 0.0000 1.0000
0.0564 0.7329 115.6183 -0.7580 1.2429 -35.2528 -0.0009 0.0001 1.0000
0.0538 0.7350 119.3799 -0.7734 1.2795 -36.7168 -0.0010 0.0001 1.0000
0.0749 0.6361 134.7885 -0.7441 1.2528 -38.1374 -0.0009 0.0001 1.0000
0.1402 0.5849 133.2833 -0.7026 1.2756 -56.0565 -0.0009 0.0000 1.0000
0.1540 0.5840 133.0238 -0.7005 1.3188 -65.9115 -0.0009 0.0001 1.0000
0.1717 0.5444 137.2001 -0.6866 1.3369 -74.2307 -0.0009 0.0001 1.0000
0.1967 0.6217 123.9383 -0.7108 1.4614 -92.5183 -0.0010 0.0002 1.0000
0.2036 0.4749 148.0061 -0.6698 1.3731 -82.1045 -0.0009 0.0001 1.0000
0.2568 0.3556 160.0204 -0.6274 1.3261 -81.2086 -0.0009 -0.0000 1.0000
0.2583 0.2822 175.8338 -0.5984 1.2993 -80.9234 -0.0009 -0.0001 1.0000
0.3115 0.2458 175.0820 -0.5788 1.3197 -85.7786 -0.0008 -0.0001 1.0000
0.3091 0.1995 185.6076 -0.5655 1.3068 -80.2755 -0.0008 -0.0001 1.0000
0.3474 0.1887 178.8900 -0.5559 1.3232 -78.9032 -0.0008 -0.0001 1.0000
0.3652 0.1555 183.7575 -0.5404 1.3229 -76.3442 -0.0008 -0.0001 1.0000
0.3543 0.1117 199.2578 -0.5377 1.3160 -66.7846 -0.0008 -0.0001 1.0000
0.3924 0.0271 207.6281 -0.4932 1.2675 -62.1862 -0.0007 -0.0002 1.0000
0.4136 0.0450 199.7825 -0.5102 1.3072 -54.9581 -0.0008 -0.0001 1.0000
0.4230 0.0085 203.8687 -0.4966 1.2958 -49.7000 -0.0008 -0.0001 1.0000
0.4508 -0.0210 202.3592 -0.4882 1.2877 -41.6502 -0.0007 -0.0002 1.0000
0.4540 -0.0543 209.1917 -0.4784 1.2676 -34.0189 -0.0007 -0.0002 1.0000
0.4426 -0.0802 213.3012 -0.4818 1.2279 -17.9823 -0.0007 -0.0002 1.0000
0.4533 -0.0936 213.3985 -0.4769 1.2328 -16.7233 -0.0007 -0.0002 1.0000
0.4671 -0.0996 212.8200 -0.4665 1.2513 -20.4559 -0.0007 -0.0002 1.0000
0.4789 -0.1043 211.2118 -0.4562 1.2664 -24.7634 -0.0007 -0.0002 1.0000
0.4682 -0.1336 216.5742 -0.4449 1.2204 -17.2871 -0.0007 -0.0002 1.0000
0.4809 -0.1559 218.1241 -0.4350 1.2045 -15.4182 -0.0007 -0.0002 1.0000
0.4695 -0.1548 219.0714 -0.4319 1.2046 -16.4611 -0.0007 -0.0002 1.0000
0.4824 -0.1640 219.1104 -0.4241 1.2140 -20.6280 -0.0007 -0.0002 1.0000
0.4866 -0.1644 219.5943 -0.4163 1.2325 -27.6072 -0.0007 -0.0002 1.0000
0.4909 -0.1644 218.7713 -0.4125 1.2366 -29.9034 -0.0007 -0.0002 1.0000
0.4896 -0.1770 221.4939 -0.4038 1.2157 -29.2516 -0.0007 -0.0002 1.0000
0.4870 -0.1681 222.4039 -0.3983 1.2267 -33.7407 -0.0007 -0.0002 1.0000
0.4707 -0.1862 232.4972 -0.3885 1.2090 -34.7486 -0.0007 -0.0002 1.0000
0.4716 -0.1864 233.6705 -0.3836 1.2118 -38.4727 -0.0007 -0.0002 1.0000
0.4805 -0.1788 232.5081 -0.3783 1.2345 -46.7197 -0.0007 -0.0001 1.0000
0.4524 -0.2085 245.7458 -0.3660 1.1826 -42.3235 -0.0007 -0.0002 1.0000
0.4620 -0.2327 253.4611 -0.3403 1.1763 -52.4008 -0.0007 -0.0002 1.0000
0.4680 -0.2274 253.8451 -0.3479 1.1977 -56.0816 -0.0007 -0.0002 1.0000
0.4428 -0.2320 259.4267 -0.3391 1.1664 -55.5103 -0.0007 -0.0002 1.0000
0.4551 -0.2089 260.5753 -0.3362 1.2357 -73.8978 -0.0007 -0.0001 1.0000
0.4394 -0.2505 272.8073 -0.3182 1.1692 -67.8844 -0.0007 -0.0002 1.0000
0.4336 -0.2567 278.5325 -0.3122 1.1677 -71.4119 -0.0007 -0.0002 1.0000
0.4618 -0.2721 281.0013 -0.2833 1.1836 -87.0170 -0.0007 -0.0002 1.0000
0.4431 -0.2724 288.9225 -0.2868 1.1852 -87.9574 -0.0007 -0.0001 1.0000
0.4433 -0.2969 297.9383 -0.2694 1.1688 -91.6640 -0.0007 -0.0002 1.0000
0.4671 -0.2926 299.1085 -0.2523 1.2136 -108.3100 -0.0007 -0.0001 1.0000
0.4402 -0.3423 315.2222 -0.2429 1.1341 -94.7975 -0.0007 -0.0002 1.0000
0.4556 -0.3322 316.5231 -0.2347 1.1777 -106.8500 -0.0007 -0.0001 1.0000
0.4327 -0.3454 329.4702 -0.2296 1.1638 -104.9116 -0.0007 -0.0001 1.0000
0.4408 -0.3616 337.5222 -0.2110 1.1709 -112.0744 -0.0007 -0.0001 1.0000
0.4437 -0.3832 345.5258 -0.1945 1.1622 -115.7697 -0.0007 -0.0001 1.0000
0.4437 -0.4167 359.6546 -0.1798 1.1470 -115.5845 -0.0007 -0.0002 1.0000
0.4257 -0.4506 375.7762 -0.1710 1.1130 -109.0143 -0.0007 -0.0002 1.0000
0.4334 -0.4723 385.8281 -0.1484 1.1070 -112.0643 -0.0007 -0.0002 1.0000
0.4419 -0.4845 395.9720 -0.1254 1.1248 -120.5070 -0.0007 -0.0002 1.0000
0.4132 -0.5236 413.1536 -0.1183 1.0657 -106.6540 -0.0007 -0.0002 1.0000
0.4384 -0.5899 435.7753 -0.0721 1.0509 -114.5968 -0.0006 -0.0002 1.0000
0.4254 -0.6219 448.9312 -0.0621 1.0033 -104.6566 -0.0006 -0.0003 1.0000
0.4166 -0.6739 474.2494 -0.0358 0.9842 -105.0261 -0.0006 -0.0003 1.0000
0.4130 -0.6572 481.2579 -0.0209 1.0167 -112.2400 -0.0007 -0.0002 1.0000
0.4182 -0.7191 509.4607 0.0218 1.0015 -119.3911 -0.0006 -0.0002 1.0000
0.4286 -0.7437 526.3470 0.0526 0.9912 -120.0237 -0.0007 -0.0002 1.0000
0.3900 -0.7496 543.5961 0.0579 0.9743 -115.6973 -0.0007 -0.0002 1.0000
0.3554 -0.7555 564.5150 0.0829 0.9657 -119.0932 -0.0007 -0.0001 1.0000
0.3394 -0.8189 591.0964 0.1041 0.8864 -104.4665 -0.0007 -0.0002 1.0000
0.3521 -0.8729 619.5910 0.1400 0.8883 -112.9393 -0.0007 -0.0002 1.0000
0.3359 -0.8814 638.1649 0.1756 0.8780 -120.8110 -0.0007 -0.0002 1.0000
0.3381 -0.8671 648.7889 0.1944 0.9110 -129.3134 -0.0007 -0.0001 1.0000
0.2846 -0.9045 676.8394 0.1960 0.8513 -116.0699 -0.0007 -0.0001 1.0000
0.2418 -0.9033 693.3618 0.2014 0.8163 -108.2429 -0.0008 -0.0001 1.0000
0.2583 -0.9399 713.5457 0.2348 0.8016 -111.7219 -0.0007 -0.0002 1.0000
0.2291 -0.9719 736.4372 0.2452 0.7622 -104.7006 -0.0007 -0.0002 1.0000
0.2491 -0.9500 751.6075 0.2837 0.8315 -126.7769 -0.0007 -0.0001 1.0000
0.2243 -0.9625 766.7634 0.2909 0.8085 -122.7519 -0.0007 -0.0001 1.0000
0.2321 -0.9792 782.3791 0.3207 0.8070 -128.3735 -0.0007 -0.0001 1.0000
0.2205 -0.9776 800.8004 0.3330 0.8255 -131.8206 -0.0007 -0.0000 1.0000
0.1970 -1.0146 814.7594 0.3376 0.7675 -120.0264 -0.0007 -0.0001 1.0000
0.2136 -1.0305 822.7239 0.3572 0.7521 -118.3669 -0.0007 -0.0001 1.0000
0.1883 -1.0076 838.2108 0.3608 0.7880 -124.7792 -0.0008 -0.0001 1.0000
0.1784 -1.0345 850.3792 0.3619 0.7540 -116.0272 -0.0007 -0.0001 1.0000
0.1737 -1.0433 860.4655 0.3763 0.7519 -119.3392 -0.0007 -0.0001 1.0000
0.2019 -1.0676 870.7524 0.4003 0.7549 -124.6677 -0.0007 -0.0001 1.0000
0.1781 -1.0469 881.8316 0.4054 0.7792 -131.4783 -0.0007 -0.0001 1.0000
0.1724 -1.0778 888.2978 0.4019 0.7383 -123.0744 -0.0007 -0.0001 1.0000
0.1820 -1.0758 900.5647 0.4206 0.7663 -134.3608 -0.0007 -0.0001 1.0000
0.1813 -1.0730 908.1067 0.4309 0.7786 -142.9413 -0.0007 -0.0001 1.0000
0.1983 -1.0735 914.1417 0.4521 0.8023 -159.5120 -0.0007 -0.0001 1.0000
0.1719 -1.0772 927.0110 0.4603 0.8125 -169.7413 -0.0007 -0.0000 1.0000
0.2440 -1.1332 934.6095 0.5098 0.8078 -185.5349 -0.0007 -0.0001 1.0000
0.2114 -1.0977 937.2652 0.5082 0.8245 -194.4317 -0.0007 -0.0000 1.0000
0.2386 -1.1075 946.4569 0.5417 0.8461 -213.6331 -0.0007 -0.0000 1.0000
0.2917 -1.1370 951.4720 0.5860 0.8542 -235.0056 -0.0007 -0.0000 1.0000
0.2928 -1.1335 967.4072 0.6232 0.9071 -266.2668 -0.0007 0.0000 1.0000
0.2897 -1.1361 958.0007 0.6120 0.8677 -259.7575 -0.0007 -0.0000 1.0000
0.2460 -1.1315 965.5427 0.6065 0.8532 -260.5583 -0.0007 -0.0000 1.0000
0.2775 -1.1252 966.4226 0.6309 0.8825 -277.1303 -0.0007 0.0000 1.0000
0.3020 -1.1318 969.0667 0.6574 0.8947 -289.3438 -0.0007 0.0000 1.0000
0.3086 -1.1253 966.4036 0.6628 0.8856 -288.1992 -0.0007 0.0000 1.0000
0.3009 -1.1296 966.9987 0.6691 0.8960 -291.9520 -0.0007 0.0000 1.0000
0.3200 -1.1324 960.0973 0.6741 0.8935 -289.4108 -0.0007 0.0000 1.0000
0.3191 -1.1428 955.9747 0.6632 0.8609 -273.7209 -0.0006 -0.0000 1.0000
0.3135 -1.1334 941.5667 0.6484 0.8573 -266.6246 -0.0007 -0.0000 1.0000
0.3819 -1.1273 938.2228 0.6982 0.9120 -289.3965 -0.0006 0.0000 1.0000
0.3467 -1.1208 930.6374 0.6606 0.8812 -272.6727 -0.0006 -0.0000 1.0000
0.4173 -1.1359 928.1334 0.7037 0.9136 -296.4970 -0.0006 -0.0000 1.0000
0.4204 -1.1646 931.5192 0.6765 0.8866 -290.4774 -0.0006 -0.0001 1.0000
0.5357 -1.1313 931.2702 0.7767 1.0025 -356.7228 -0.0005 0.0000 1.0000
0.4934 -1.1164 940.2899 0.7810 1.0072 -376.8504 -0.0006 0.0000 1.0000
0.4701 -1.0853 944.3166 0.7769 1.0374 -395.4410 -0.0006 0.0001 1.0000
0.5449 -1.1001 947.4362 0.8044 1.0746 -426.1095 -0.0005 0.0001 1.0000
0.7152 -1.0903 940.0984 0.8786 1.1821 -481.2031 -0.0005 0.0001 1.0000
0.5760 -1.0649 937.6499 0.7831 1.1018 -443.7660 -0.0005 0.0001 1.0000
0.6132 -1.0536 934.5538 0.7816 1.1428 -460.2883 -0.0005 0.0001 1.0000
0.6620 -1.0446 923.8419 0.7818 1.1591 -468.4274 -0.0005 0.0001 1.0000
0.6017 -0.9409 920.6849 0.7503 1.2087 -471.4712 -0.0006 0.0002 1.0000
0.6469 -0.9662 916.0577 0.7432 1.2066 -469.1853 -0.0006 0.0001 1.0000
0.6591 -0.9197 913.0136 0.7455 1.2560 -479.5492 -0.0006 0.0002 1.0000
0.6847 -0.9559 906.7644 0.7315 1.2240 -463.8916 -0.0005 0.0001 1.0000
0.7141 -0.9244 900.7843 0.7296 1.2637 -466.4429 -0.0005 0.0001 1.0000
0.6865 -0.9119 893.2191 0.7047 1.2419 -448.7013 -0.0005 0.0001 1.0000
0.8018 -0.9505 884.9385 0.7300 1.2868 -461.2419 -0.0005 0.0001 1.0000
0.7331 -0.9321 870.5573 0.6861 1.2360 -430.4228 -0.0005 0.0000 1.0000
0.7439 -0.8899 855.5014 0.6779 1.2690 -430.0983 -0.0005 0.0001 1.0000
0.7309 -0.8715 836.6707 0.6479 1.2532 -412.2510 -0.0005 0.0000 1.0000
0.7735 -0.8877 814.0394 0.6386 1.2406 -402.4256 -0.0005 0.0000 1.0000
0.8720 -0.8891 791.3792 0.6531 1.2851 -413.2500 -0.0005 0.0000 1.0000
0.8786 -0.8705 773.4874 0.6333 1.2930 -404.4081 -0.0005 -0.0000 1.0000
0.9282 -0.8617 755.9571 0.6340 1.3270 -409.5434 -0.0004 -0.0000 1.0000
0.9642 -0.8145 725.6032 0.6344 1.3536 -409.8707 -0.0004 0.0000 1.0000
0.9323 -0.8249 711.8756 0.5859 1.3042 -380.5965 -0.0004 -0.0000 1.0000
0.9526 -0.7887 691.8787 0.5831 1.3293 -381.8141 -0.0004 -0.0000 1.0000
0.9409 -0.7660 674.1312 0.5554 1.3117 -364.9673 -0.0004 -0.0000 1.0000
1.0235 -0.7515 645.5759 0.5501 1.3450 -366.7705 -0.0004 -0.0000 1.0000
0.9991 -0.7100 629.6727 0.5147 1.3393 -353.7717 -0.0004 -0.0000 1.0000
1.0576 -0.7023 614.3373 0.5018 1.3645 -352.7220 -0.0004 -0.0001 1.0000
1.1256 -0.6835 591.1928 0.4944 1.3852 -354.4422 -0.0003 -0.0001 1.0000
1.1319 -0.6143 569.1995 0.4607 1.4090 -349.9913 -0.0003 -0.0000 1.0000
1.1421 -0.5670 548.3239 0.4131 1.4221 -341.7778 -0.0003 -0.0000 1.0000
1.1991 -0.4886 515.5794 0.3810 1.4749 -347.9619 -0.0003 -0.0000 1.0000
1.1563 -0.4456 495.5778 0.3050 1.4474 -327.1428 -0.0003 -0.0000 1.0000
1.2733 -0.3043 445.4872 0.2793 1.5946 -365.5171 -0.0003 0.0001 1.0000
1.3496 -0.2657 408.5357 0.2583 1.6576 -394.5099 -0.0003 0.0001 1.0000
1.3926 -0.2422 380.6818 0.2001 1.5929 -366.7126 -0.0002 0.0000 1.0000
1.4434 -0.1792 348.1821 0.1787 1.6327 -376.8276 -0.0002 0.0000 1.0000
1.4607 -0.0869 310.3298 0.1277 1.6815 -380.3146 -0.0002 0.0001 1.0000
1.4760 -0.0936 285.0710 0.0931 1.6401 -358.7741 -0.0002 0.0000 1.0000
1.3768 -0.0314 290.0882 0.0545 1.6692 -352.9981 -0.0002 0.0001 1.0000
1.4336 -0.0010 251.5628 0.0485 1.7060 -356.1536 -0.0001 0.0001 1.0000
1.6020 0.0404 161.5531 0.0216 1.7236 -347.0793 -0.0001 0.0001 1.0000
1.7456 0.1725 93.8018 0.0266 1.8612 -374.1029 -0.0000 0.0002 1.0000
1.7556 0.1428 64.5590 -0.0171 1.7913 -340.4623 0.0001 0.0001 1.0000
1.6924 0.1441 51.8310 -0.0492 1.7157 -305.2308 0.0000 0.0000 1.0000
1.8219 0.2282 -24.7860 -0.1049 1.7861 -297.4073 0.0001 0.0001 1.0000
1.9392 0.3039 -83.3360 -0.1014 1.8457 -301.1926 0.0002 0.0001 1.0000
2.0903 0.2901 -132.4574 -0.0817 1.8736 -308.4250 0.0004 0.0000 1.0000
1.9669 0.3868 -147.7247 -0.1613 1.8597 -274.2509 0.0002 0.0001 1.0000
1.8350 0.3209 -119.7719 -0.1830 1.7383 -235.3225 0.0002 -0.0000 1.0000
1.8127 0.3602 -129.2061 -0.1954 1.7445 -229.2682 0.0002 0.0000 1.0000
1.9345 0.4651 -184.2613 -0.2260 1.8537 -237.3206 0.0003 0.0001 1.0000
1.9494 0.5173 -208.6519 -0.2563 1.8683 -225.2636 0.0003 0.0001 1.0000
2.1219 0.6413 -280.2721 -0.2916 2.0089 -233.6643 0.0004 0.0002 1.0000
2.0209 0.5816 -267.1663 -0.3054 1.8536 -187.0353 0.0004 0.0001 1.0000
2.1399 0.7776 -351.8837 -0.3780 2.0037 -182.3209 0.0005 0.0002 1.0000
2.3040 0.9733 -455.1465 -0.4612 2.1270 -159.3123 0.0006 0.0004 1.0000
1.9604 0.8292 -381.1581 -0.5072 1.8104 -74.0506 0.0004 0.0001 1.0000
2.1412 1.0504 -488.2425 -0.6056 2.0027 -66.4224 0.0005 0.0003 1.0000
2.1752 1.0472 -514.1360 -0.5857 1.9663 -52.2250 0.0006 0.0002 1.0000
2.0495 0.9467 -478.9572 -0.5456 1.8134 -21.8119 0.0006 0.0001 1.0000
2.1504 1.0056 -529.6739 -0.5586 1.9615 -34.9617 0.0007 0.0002 1.0000
2.2243 0.9661 -546.5361 -0.4530 1.9501 -39.7916 0.0008 0.0001 1.0000
2.4413 1.0380 -616.9612 -0.4269 2.2048 -67.3072 0.0009 0.0003 1.0000
2.2368 0.8611 -537.2030 -0.3709 2.0757 -61.6197 0.0008 0.0002 1.0000
2.1077 0.6944 -459.9826 -0.2303 1.9048 -63.1128 0.0007 0.0000 1.0000
2.1195 0.5864 -416.5382 -0.1405 1.8970 -91.0828 0.0007 -0.0000 1.0000
1.9477 0.5068 -288.7462 -0.0832 1.9276 -127.7411 0.0006 0.0001 1.0000
1.6053 0.3636 -130.5779 -0.1054 1.7438 -106.5569 0.0004 0.0000 1.0000
1.9985 0.3350 -216.4959 -0.0167 1.8065 -158.4765 0.0006 -0.0001 1.0000
1.9689 0.2340 -181.2813 0.0597 1.7428 -187.4519 0.0007 -0.0002 1.0000
2.2229 0.5388 -285.5447 0.0793 2.1523 -260.1256 0.0007 0.0003 1.0000
1.7743 0.2462 -186.5425 0.0438 1.7840 -178.9059 0.0004 0.0000 1.0000
2.0449 0.2294 -232.3908 0.1571 1.9010 -237.2054 0.0007 -0.0000 1.0000
2.1116 0.2665 -259.6090 0.1643 2.1183 -297.6546 0.0006 0.0002 1.0000
2.1729 0.2625 -232.6890 0.2359 2.1367 -359.8000 0.0008 0.0001 1.0000
2.2873 0.2388 -254.8502 0.2400 2.1216 -371.3359 0.0009 0.0001 1.0000
2.2196 0.2313 -224.4273 0.2147 2.0410 -356.7125 0.0008 0.0000 1.0000
2.1628 0.1740 -201.0235 0.2131 2.0415 -357.9441 0.0008 -0.0001 1.0000
2.2148 0.3137 -238.0825 0.1967 2.1447 -357.8904 0.0008 0.0002 1.0000
1.8132 0.1742 -116.2087 0.0760 1.8276 -297.9933 0.0004 -0.0000 1.0000
2.3176 0.2511 -222.0394 0.2124 2.0981 -390.4648 0.0009 -0.0000 1.0000
1.9893 0.1992 -150.9424 0.1479 1.8629 -322.2861 0.0007 -0.0001 1.0000
2.0538 0.2854 -229.4452 0.1508 2.0054 -297.9468 0.0007 0.0001 1.0000
2.0217 0.2228 -208.8596 0.1415 1.8798 -265.2979 0.0007 -0.0001 1.0000
1.0000 0.0000 0.0000 0.0000 1.0000 0.0000 0.0000 0.0000 1.0000
1.7777 0.4343 -192.3155 -0.0977 1.9503 -324.5767 0.0004 0.0000 1.0000
2.3928 0.6803 -365.4265 -0.0902 2.2108 -382.7744 0.0010 0.0001 1.0000
1.7172 0.4979 -200.7463 -0.1784 1.7597 -270.2954 0.0006 -0.0002 1.0000
2.1466 0.8570 -419.4774 -0.2577 1.9278 -175.3417 0.0009 0.0000 1.0000
2.5235 1.7424 -661.6826 -0.3593 2.6287 -256.3355 0.0011 0.0008 1.0000
1.7306 0.9139 -290.5745 -0.4734 1.6526 -40.5973 0.0008 -0.0001 1.0000
2.0431 1.2455 -450.8719 -0.5785 1.8000 -41.6021 0.0010 0.0000 1.0000
2.1346 1.3574 -486.2290 -0.6410 1.8876 -22.3993 0.0010 0.0001 1.0000
2.2780 1.8860 -661.7091 -0.6455 2.4497 -88.7365 0.0012 0.0007 1.0000
2.1426 1.2662 -539.8073 -0.5608 1.8250 33.7796 0.0010 0.0001 1.0000
1.6109 1.0359 -375.0551 -0.5739 1.5850 -9.4166 0.0006 -0.0001 1.0000
2.3119 1.4904 -662.9981 -0.6175 2.0551 -66.5395 0.0013 0.0001 1.0000
1.8799 1.3622 -593.2658 -0.7916 1.9876 6.9906 0.0007 0.0003 1.0000
2.0931 1.3652 -676.9805 -0.5079 2.0260 -58.4425 0.0012 0.0002 1.0000
2.4331 1.7039 -920.2979 -0.6066 2.4048 -59.9656 0.0013 0.0007 1.0000
1.9281 1.2896 -755.9788 -0.6064 1.8780 -77.2473 0.0009 -0.0001 1.0000
2.4966 1.8376 -1044.3008 -0.5897 2.5894 -185.4309 0.0017 0.0005 1.0000
1.4219 0.9126 -579.8943 -0.4856 1.5179 -18.9963 0.0002 0.0001 1.0000
2.9887 1.8548 -1311.0866 -0.4168 3.1215 -314.5708 0.0020 0.0006 1.0000
2.2536 1.4850 -978.7041 -0.6758 2.4004 -184.6343 0.0011 0.0006 1.0000
1.0000 0.0000 0.0000 0.0000 1.0000 0.0000 0.0000 0.0000 1.0000
1.0000 0.0000 0.0000 0.0000 1.0000 0.0000 0.0000 0.0000 1.0000
1.0000 0.0000 0.0000 0.0000 1.0000 0.0000 0.0000 0.0000 1.0000
1.0000 0.0000 0.0000 0.0000 1.0000 0.0000 0.0000 0.0000 1.0000
1.0000 0.0000 0.0000 0.0000 1.0000 0.0000 0.0000 0.0000 1.0000
1.0000 0.0000 0.0000 0.0000 1.0000 0.0000 0.0000 0.0000 1.0000
1.0000 0.0000 0.0000 0.0000 1.0000 0.0000 0.0000 0.0000 1.0000
1.0000 0.0000 0.0000 0.0000 1.0000 0.0000 0.0000 0.0000 1.0000
1.0000 0.0000 0.0000 0.0000 1.0000 0.0000 0.0000 0.0000 1.0000
1.0000 0.0000 0.0000 0.0000 1.0000 0.0000 0.0000 0.0000 1.0000
1.0000 0.0000 0.0000 0.0000 1.0000 0.0000 0.0000 0.0000 1.0000
1.0000 0.0000 0.0000 0.0000 1.0000 0.0000 0.0000 0.0000 1.0000
1.0000 0.0000 0.0000 0.0000 1.0000 0.0000 0.0000 0.0000 1.0000
1.0000 0.0000 0.0000 0.0000 1.0000 0.0000 0.0000 0.0000 1.0000
1.0000 0.0000 0.0000 0.0000 1.0000 0.0000 0.0000 0.0000 1.0000
1.0000 0.0000 0.0000 0.0000 1.0000 0.0000 0.0000 0.0000 1.0000
1.0000 0.0000 0.0000 0.0000 1.0000 0.0000 0.0000 0.0000 1.0000
1.0000 0.0000 0.0000 0.0000 1.0000 0.0000 0.0000 0.0000 1.0000
2.3049 1.0932 -1003.2362 0.0179 2.9974 -519.4451 0.0017 0.0004 1.0000
3.0998 1.5575 -1270.3104 0.1042 3.9864 -715.2253 0.0021 0.0012 1.0000
2.4441 0.9332 -845.2472 0.0437 2.8001 -464.4355 0.0016 0.0002 1.0000
2.7633 1.2044 -839.9602 0.2066 3.7786 -757.0933 0.0019 0.0011 1.0000
2.7916 1.0894 -777.3009 0.2064 3.3280 -681.2464 0.0018 0.0007 1.0000
2.1522 0.4882 -416.2184 0.2407 2.4774 -550.4335 0.0014 0.0000 1.0000
2.4351 0.4173 -425.5748 0.3202 2.5201 -595.8009 0.0016 -0.0000 1.0000
2.7064 0.3924 -449.8334 0.4162 2.7278 -703.3507 0.0019 0.0000 1.0000
2.5520 0.3414 -387.7428 0.3843 2.6357 -698.5295 0.0016 0.0001 1.0000
2.8837 0.4564 -460.6225 0.4273 3.0365 -831.7849 0.0019 0.0003 1.0000
2.9300 0.5153 -464.5079 0.5076 3.1787 -920.3201 0.0018 0.0006 1.0000
2.9828 0.3965 -423.8096 0.5135 3.1072 -913.7947 0.0019 0.0005 1.0000
2.8453 0.4223 -379.0505 0.4888 3.0908 -911.1913 0.0017 0.0006 1.0000
3.1843 0.4954 -424.8248 0.5941 3.4236 -1032.0322 0.0019 0.0009 1.0000
3.1970 0.4117 -355.2231 0.6594 3.4328 -1048.5949 0.0020 0.0009 1.0000
2.7488 0.2326 -175.2160 0.5948 3.1019 -924.7267 0.0016 0.0008 1.0000
2.0567 -0.1071 -16.6756 0.4573 2.1616 -638.6120 0.0011 -0.0001 1.0000
2.6698 -0.0251 -81.2530 0.7374 2.7478 -833.7490 0.0016 0.0003 1.0000
2.8296 -0.0942 -47.4576 0.8871 2.7876 -847.0057 0.0018 0.0003 1.0000
2.7823 -0.0988 -16.7431 0.8963 2.7523 -809.1879 0.0017 0.0004 1.0000
2.8143 -0.0695 23.4376 0.9621 2.8678 -816.7698 0.0017 0.0006 1.0000
2.5002 -0.2191 98.5917 0.8997 2.4910 -702.5797 0.0014 0.0002 1.0000
2.9525 -0.1146 61.1992 1.0884 2.9137 -815.3223 0.0017 0.0006 1.0000
2.5902 -0.2136 152.9184 0.9858 2.6236 -712.3960 0.0015 0.0004 1.0000
2.4240 -0.2845 195.4970 0.9238 2.3924 -635.5023 0.0013 0.0002 1.0000
2.3179 -0.3279 242.9488 0.8979 2.3208 -610.5670 0.0012 0.0002 1.0000
2.3081 -0.3167 263.2641 0.8947 2.3312 -614.8881 0.0012 0.0002 1.0000
2.3579 -0.3798 279.1112 0.9209 2.2531 -607.5308 0.0012 0.0001 1.0000
2.5930 -0.1739 270.1954 0.9713 2.6893 -709.8735 0.0013 0.0007 1.0000
2.3923 -0.3869 324.6614 0.9138 2.2466 -602.8362 0.0012 0.0002 1.0000
2.0575 -0.3649 371.9406 0.7674 2.0690 -532.9316 0.0009 0.0002 1.0000
2.2048 -0.4158 372.4209 0.8230 2.0561 -542.9257 0.0011 0.0001 1.0000
1.9923 -0.4681 397.1603 0.7171 1.8513 -475.6610 0.0009 -0.0001 1.0000
2.0833 -0.4583 386.5773 0.7395 1.8916 -490.6069 0.0009 -0.0001 1.0000
2.1219 -0.3741 372.9001 0.7378 1.9856 -508.0377 0.0009 0.0000 1.0000
2.1851 -0.4005 360.6299 0.7490 1.9630 -503.1732 0.0010 -0.0000 1.0000
2.1169 -0.3191 353.2497 0.7120 2.0019 -497.4107 0.0009 0.0001 1.0000
2.2564 -0.2518 315.2257 0.7529 2.0960 -520.4011 0.0010 0.0002 1.0000
2.1610 -0.2972 318.0023 0.7071 1.9924 -481.4389 0.0009 0.0001 1.0000
2.1664 -0.2078 291.8789 0.7112 2.0851 -497.1758 0.0009 0.0002 1.0000
2.0610 -0.2774 293.5113 0.6632 1.9273 -448.6827 0.0009 0.0000 1.0000
2.0625 -0.2806 275.2927 0.6616 1.8915 -435.8151 0.0009 -0.0000 1.0000
1.9139 -0.2090 271.0493 0.5765 1.8829 -405.7995 0.0007 0.0001 1.0000
2.0162 -0.2407 246.5180 0.6100 1.8749 -407.9523 0.0009 -0.0000 1.0000
2.0152 -0.1701 221.0768 0.5838 1.9149 -401.4714 0.0009 0.0000 1.0000
2.0468 -0.1198 202.1091 0.5724 1.9756 -402.4740 0.0009 0.0001 1.0000
2.2158 -0.1257 161.1067 0.6324 2.0264 -423.7518 0.0010 0.0001 1.0000
2.0132 -0.0455 158.7323 0.5286 2.0016 -388.8489 0.0008 0.0002 1.0000
2.1920 -0.0590 117.7510 0.5957 2.0191 -401.3522 0.0010 0.0001 1.0000
2.0293 -0.0457 129.9410 0.4948 1.9568 -358.2666 0.0009 0.0001 1.0000
2.1235 -0.0226 102.5925 0.5383 2.0040 -374.4109 0.0010 0.0001 1.0000
2.0589 -0.0496 98.6848 0.4968 1.8983 -341.8207 0.0009 0.0000 1.0000
2.0385 -0.0653 91.4069 0.4947 1.8502 -333.5925 0.0010 -0.0000 1.0000
2.0705 -0.0026 68.0993 0.4877 1.9081 -343.0566 0.0010 0.0000 1.0000
1.9961 -0.0162 68.7628 0.4534 1.8281 -322.2992 0.0009 0.0000 1.0000
2.1529 0.0403 29.2750 0.4797 1.9529 -352.4993 0.0010 0.0001 1.0000
2.0500 0.0622 33.5132 0.4287 1.9192 -338.7055 0.0009 0.0001 1.0000
2.0382 -0.0035 35.6234 0.4333 1.8221 -325.1794 0.0010 -0.0000 1.0000
2.0824 0.0477 17.0023 0.4439 1.9220 -353.4584 0.0010 0.0001 1.0000
2.0541 0.0654 8.1185 0.4635 1.9250 -364.7540 0.0010 0.0001 1.0000
1.9590 0.0346 16.4655 0.4044 1.8378 -335.8723 0.0009 0.0001 1.0000
1.9411 0.0380 8.1712 0.4036 1.8282 -336.5355 0.0009 0.0001 1.0000
2.0583 0.0281 -18.7209 0.4365 1.8681 -352.8683 0.0010 0.0000 1.0000
2.0404 0.0427 -31.9281 0.4342 1.8543 -351.2992 0.0010 0.0000 1.0000
1.9705 0.0904 -42.7156 0.3885 1.8701 -343.8617 0.0009 0.0001 1.0000
1.8664 0.0597 -35.8599 0.3358 1.7510 -303.7763 0.0009 -0.0000 1.0000
1.9021 0.1064 -60.2739 0.3360 1.8149 -312.6653 0.0009 0.0001 1.0000
2.0588 0.2071 -115.7408 0.3414 1.9735 -338.0660 0.0010 0.0002 1.0000
1.9713 0.1939 -115.7754 0.3102 1.8438 -297.6172 0.0010 0.0000 1.0000
2.0796 0.3027 -166.0829 0.3037 1.9692 -308.3026 0.0011 0.0002 1.0000
1.8830 0.3340 -153.0058 0.1891 1.8117 -234.0148 0.0009 0.0001 1.0000
1.8657 0.3576 -170.8470 0.1507 1.7491 -198.2238 0.0009 0.0000 1.0000
2.0354 0.5173 -241.4956 0.1205 1.8900 -190.1161 0.0010 0.0001 1.0000
1.9503 0.5490 -250.1780 0.0515 1.7442 -126.3865 0.0010 0.0000 1.0000
1.8310 0.6532 -259.0126 -0.0513 1.7172 -76.3550 0.0009 0.0001 1.0000
1.9395 0.7282 -303.7462 -0.0715 1.7008 -33.4448 0.0010 0.0000 1.0000
1.6156 0.5835 -216.4249 -0.1535 1.3773 51.2374 0.0008 -0.0002 1.0000
1.8550 0.8197 -318.2239 -0.2060 1.5930 66.8424 0.0010 -0.0000 1.0000
1.8475 0.9191 -345.1034 -0.2658 1.5765 114.3211 0.0011 -0.0000 1.0000
1.8190 0.8962 -342.6369 -0.2576 1.4363 157.8341 0.0011 -0.0002 1.0000
1.6686 0.8963 -325.8175 -0.3234 1.3041 209.5112 0.0010 -0.0002 1.0000
1.5774 1.0526 -349.4771 -0.4778 1.3520 263.0349 0.0008 0.0000 1.0000
1.8398 1.3397 -473.6562 -0.5123 1.5554 281.6991 0.0011 0.0002 1.0000
1.6770 1.3195 -445.7483 -0.5936 1.4541 312.8790 0.0009 0.0002 1.0000
1.6250 1.3469 -454.5119 -0.6049 1.4185 311.7783 0.0009 0.0002 1.0000
1.7311 1.4634 -501.3918 -0.6610 1.4832 330.4866 0.0011 0.0002 1.0000
1.4187 1.2670 -404.4304 -0.6764 1.2161 342.4221 0.0007 0.0001 1.0000
1.5291 1.4313 -463.2303 -0.7251 1.3412 342.4542 0.0008 0.0002 1.0000
1.5456 1.4696 -477.3815 -0.7549 1.3467 346.1028 0.0008 0.0002 1.0000
1.5668 1.5354 -490.4157 -0.7890 1.4047 344.2954 0.0009 0.0003 1.0000
1.5672 1.4774 -482.0066 -0.7661 1.3498 338.1685 0.0009 0.0002 1.0000
1.5114 1.4411 -461.8451 -0.7782 1.3104 341.7416 0.0008 0.0002 1.0000
1.4518 1.3943 -440.7492 -0.7750 1.2713 339.6767 0.0008 0.0002 1.0000
1.4728 1.3871 -445.8747 -0.7602 1.2554 341.2027 0.0008 0.0001 1.0000
1.4547 1.4102 -447.3271 -0.7876 1.2611 349.5332 0.0008 0.0002 1.0000
1.4838 1.4626 -464.0472 -0.8040 1.3039 352.1481 0.0008 0.0002 1.0000
1.5413 1.5452 -493.6588 -0.8207 1.3584 358.6405 0.0009 0.0003 1.0000
1.4623 1.4568 -459.8243 -0.8081 1.2530 369.4024 0.0008 0.0002 1.0000
1.5076 1.4866 -474.8962 -0.8168 1.2628 379.7922 0.0009 0.0002 1.0000
1.4310 1.5123 -463.7514 -0.8535 1.2518 393.7631 0.0008 0.0002 1.0000
1.4163 1.4661 -453.9585 -0.8263 1.1836 399.2301 0.0008 0.0002 1.0000
1.4460 1.6131 -488.3782 -0.9026 1.2777 421.5670 0.0008 0.0003 1.0000
1.4230 1.6028 -480.1157 -0.9118 1.2232 442.6392 0.0008 0.0003 1.0000
1.4296 1.6274 -489.6004 -0.9204 1.1883 463.3687 0.0009 0.0003 1.0000
1.2516 1.5552 -434.6650 -0.9503 1.0835 483.1197 0.0007 0.0002 1.0000
1.3069 1.6831 -470.8784 -1.0022 1.1223 518.7087 0.0008 0.0003 1.0000
1.2795 1.7083 -463.7609 -0.9959 1.0718 541.7161 0.0008 0.0003 1.0000
1.1107 1.5893 -401.3697 -1.0052 0.9314 561.2654 0.0006 0.0002 1.0000
1.2555 1.8718 -483.3567 -1.0754 1.0498 610.8091 0.0009 0.0004 1.0000
1.1396 1.7018 -418.8679 -1.0364 0.8601 627.7530 0.0008 0.0002 1.0000
1.1134 1.8050 -427.0202 -1.0955 0.8691 664.1813 0.0008 0.0003 1.0000
1.0726 1.8390 -421.1510 -1.1179 0.8238 689.9061 0.0008 0.0003 1.0000
1.0280 1.8225 -396.1293 -1.1184 0.7489 715.9697 0.0008 0.0003 1.0000
1.0583 1.9606 -420.9258 -1.1758 0.7651 758.9140 0.0009 0.0003 1.0000
0.8793 1.8321 -351.3724 -1.1646 0.6467 757.3457 0.0007 0.0003 1.0000
0.9256 1.9529 -373.4571 -1.2025 0.6605 792.9843 0.0008 0.0004 1.0000
0.8272 1.9057 -337.1780 -1.2080 0.5951 797.6822 0.0007 0.0003 1.0000
0.7916 1.8810 -317.0771 -1.2155 0.5236 815.3976 0.0007 0.0003 1.0000
0.7350 1.8652 -296.8451 -1.2213 0.4832 819.0323 0.0007 0.0003 1.0000
0.7192 2.0027 -310.3222 -1.2641 0.5056 841.5769 0.0007 0.0004 1.0000
0.6789 1.8560 -269.4764 -1.2232 0.3781 840.8778 0.0007 0.0002 1.0000
0.5843 1.8703 -246.1280 -1.2759 0.3700 847.2147 0.0006 0.0003 1.0000
0.5944 1.9713 -256.6767 -1.2857 0.3615 865.2964 0.0006 0.0004 1.0000
0.4848 1.8961 -215.4547 -1.2853 0.3116 854.7657 0.0005 0.0004 1.0000
0.5492 2.3099 -289.8798 -1.4278 0.4381 924.2753 0.0007 0.0007 1.0000
0.4686 1.9120 -200.4421 -1.3067 0.2114 890.6140 0.0006 0.0003 1.0000
0.3559 1.7632 -148.4928 -1.2601 0.1148 865.3895 0.0005 0.0002 1.0000
0.3444 1.7385 -135.0229 -1.2534 0.0762 869.5284 0.0005 0.0002 1.0000
0.3052 1.9164 -148.8991 -1.3385 0.1117 902.5857 0.0005 0.0004 1.0000
0.2750 1.8911 -130.4277 -1.3246 0.0592 907.0566 0.0005 0.0003 1.0000
0.2020 1.8003 -94.2416 -1.2957 0.0069 893.8899 0.0004 0.0003 1.0000
0.1867 1.7648 -80.2736 -1.2953 -0.0424 903.2668 0.0004 0.0003 1.0000
0.1719 1.7397 -62.1725 -1.2833 -0.0827 910.0078 0.0005 0.0002 1.0000
0.1082 1.6508 -30.4003 -1.2593 -0.1192 895.4233 0.0004 0.0002 1.0000
0.0961 1.7246 -33.4292 -1.2908 -0.1230 917.4317 0.0004 0.0002 1.0000
0.0974 1.6928 -23.0058 -1.2796 -0.1556 921.2320 0.0004 0.0002 1.0000
0.0833 1.6761 -9.3166 -1.2717 -0.1790 926.4430 0.0004 0.0002 1.0000
0.0544 1.6751 0.8813 -1.2595 -0.1912 924.3102 0.0004 0.0002 1.0000
0.0518 1.6366 17.7245 -1.2367 -0.2137 923.2268 0.0004 0.0001 1.0000
0.0302 1.6538 28.1504 -1.2566 -0.2166 935.2950 0.0004 0.0002 1.0000
0.0256 1.6202 40.0674 -1.2512 -0.2385 939.5846 0.0004 0.0002 1.0000
0.0337 1.6281 42.1487 -1.2454 -0.2524 948.4786 0.0004 0.0001 1.0000
0.0621 1.6697 34.6261 -1.2499 -0.2599 964.3596 0.0005 0.0002 1.0000
