320.800469 124.931925 716.218310 106.903756 724.631455 652.556338 342.434272 633.326291 
326.148415 126.551873 721.422190 106.840058 726.609510 650.471182 343.785303 632.834294 
329.260807 125.514409 722.459654 106.840058 732.834294 650.471182 347.935159 631.796830 
332.373199 129.664265 724.534582 105.802594 731.796830 650.471182 348.972622 632.834294 
333.410663 124.476945 725.572046 105.802594 734.909222 650.471182 352.085014 630.759366 
335.485591 124.476945 727.646974 105.802594 736.984150 648.396254 355.197406 631.796830 
336.523055 124.476945 730.759366 105.802594 736.984150 652.546110 356.234870 629.721902 
340.672911 122.402017 731.796830 102.690202 738.021614 649.433718 361.422190 628.684438 
341.710375 124.476945 735.946686 101.652738 743.208934 650.471182 361.422190 629.721902 
347.935159 121.364553 736.984150 103.727666 745.283862 648.396254 363.497118 624.534582 
345.860231 119.289625 742.171470 100.615274 745.283862 647.358790 363.497118 627.646974 
346.897695 117.214697 742.171470 98.540346 747.358790 646.321326 364.534582 621.422190 
351.047550 116.177233 747.358790 101.652738 750.471182 646.321326 364.534582 623.497118 
353.122478 112.027378 747.358790 98.540346 747.358790 645.283862 367.646974 620.384726 
356.234870 110.989914 750.471182 97.502882 750.471182 639.059078 371.796830 615.197406 
360.384726 109.952450 749.433718 94.390490 751.508646 636.984150 369.721902 612.085014 
363.497118 101.652738 755.658501 91.278098 752.546110 631.796830 373.871758 605.860231 
363.497118 100.615274 758.770893 88.165706 755.658501 629.721902 375.946686 602.747839 
365.572046 94.390490 764.995677 87.128242 755.658501 628.684438 374.909222 600.672911 
370.759366 91.278098 767.070605 78.828530 760.845821 625.572046 380.096542 597.560519 
374.909222 88.165706 769.145533 78.828530 758.770893 620.384726 380.096542 593.410663 
375.946686 87.128242 774.332853 77.791066 764.995677 619.347262 380.096542 591.335735 
382.171470 84.015850 777.445245 73.641210 762.920749 617.272334 384.246398 585.110951 
383.208934 81.940922 780.557637 74.678674 766.033141 614.159942 389.433718 585.110951 
387.358790 82.978386 780.557637 77.791066 768.108069 615.197406 389.433718 585.110951 
388.396254 82.978386 785.744957 74.678674 772.257925 614.159942 390.471182 583.036023 
391.508646 82.978386 786.782421 73.641210 775.370317 612.085014 395.658501 579.923631 
395.658501 82.978386 790.932277 75.716138 777.445245 612.085014 395.658501 580.961095 
397.733429 81.940922 796.119597 74.678674 779.520173 610.010086 398.770893 580.961095 
401.883285 84.015850 795.082133 73.641210 781.595101 610.010086 404.995677 580.961095 
407.070605 79.865994 801.306916 77.791066 787.819885 610.010086 409.145533 581.998559 
411.220461 82.978386 805.456772 73.641210 793.007205 608.972622 411.220461 578.886167 
413.295389 82.978386 810.644092 77.791066 798.194524 608.972622 419.520173 579.923631 
413.295389 82.978386 810.644092 77.791066 798.194524 608.972622 419.520173 579.923631 
415.370317 81.940922 810.644092 73.641210 803.381844 605.860231 421.595101 579.923631 
415.370317 82.978386 808.569164 75.716138 797.157061 607.935159 418.482709 581.998559 
412.257925 81.940922 809.606628 75.716138 793.007205 604.822767 418.482709 585.110951 
408.108069 82.978386 801.306916 78.828530 789.894813 610.010086 409.145533 588.223343 
402.920749 87.128242 796.119597 84.015850 783.670029 607.935159 404.995677 587.185879 
400.845821 89.203170 796.119597 88.165706 778.482709 613.122478 398.770893 589.260807 
400.845821 87.128242 795.082133 93.353026 778.482709 610.010086 395.658501 588.223343 
407.070605 91.278098 800.269452 94.390490 780.557637 615.197406 400.845821 592.373199 
413.295389 91.278098 805.456772 100.615274 780.557637 618.309798 402.920749 590.298271 
420.557637 88.165706 812.719020 101.652738 779.520173 618.309798 401.883285 585.110951 
426.782421 92.315562 817.906340 109.952450 783.670029 620.384726 409.145533 585.110951 
434.044669 92.315562 823.093660 115.139769 783.670029 626.609510 411.220461 586.148415 
442.344380 94.390490 826.206052 122.402017 781.595101 627.646974 410.182997 585.110951 
444.419308 96.465418 829.318444 129.664265 777.445245 628.684438 411.220461 585.110951 
449.606628 96.465418 830.355908 135.889049 775.370317 629.721902 408.108069 577.848703 
457.906340 94.390490 833.468300 141.076369 775.370317 629.721902 406.033141 575.773775 
464.131124 93.353026 838.655620 139.001441 774.332853 626.609510 413.295389 571.623919 
469.318444 91.278098 836.580692 140.038905 774.332853 614.159942 412.257925 562.286744 
473.468300 84.015850 840.730548 135.889049 774.332853 612.085014 417.445245 559.174352 
473.468300 81.940922 841.768012 133.814121 774.332853 607.935159 420.557637 552.949568 
476.580692 77.791066 843.842939 135.889049 768.108069 602.747839 416.407781 549.837176 
480.730548 82.978386 836.580692 135.889049 763.958213 596.523055 419.520173 543.612392 
478.655620 79.865994 831.393372 133.814121 756.695965 594.448127 418.482709 538.425072 
471.393372 81.940922 822.056196 134.851585 755.658501 589.260807 412.257925 538.425072 
469.318444 84.015850 818.943804 139.001441 747.358790 585.110951 408.108069 538.425072 
459.981268 82.978386 812.719020 137.963977 746.321326 584.073487 407.070605 538.425072 
458.943804 87.128242 807.531700 141.076369 740.096542 579.923631 404.995677 538.425072 
457.906340 88.165706 802.344380 140.038905 736.984150 575.773775 407.070605 536.350144 
454.793948 89.203170 796.119597 140.038905 738.021614 568.511527 407.070605 533.237752 
452.719020 89.203170 796.119597 133.814121 740.096542 568.511527 409.145533 534.275216 
451.681556 89.203170 790.932277 134.851585 741.134006 563.324207 419.520173 531.162824 
457.906340 88.165706 795.082133 129.664265 748.396254 559.174352 420.557637 532.200288 
463.093660 92.315562 797.157061 125.514409 751.508646 550.874640 435.082133 529.087896 
471.393372 92.315562 801.306916 121.364553 761.883285 547.762248 443.381844 523.900576 
473.468300 92.315562 807.531700 120.327089 769.145533 542.574928 449.606628 524.938040 
481.768012 89.203170 808.569164 116.177233 781.595101 538.425072 465.168588 521.825648 
491.105187 89.203170 821.018732 112.027378 791.969741 536.350144 474.505764 521.825648 
498.367435 89.203170 829.318444 110.989914 801.306916 529.087896 486.955331 517.675793 
511.854467 88.165706 834.505764 103.727666 810.644092 527.012968 500.442363 517.675793 
521.191643 84.015850 844.880403 102.690202 823.093660 517.675793 512.891931 512.488473 
537.791066 85.053314 861.479827 97.502882 840.730548 515.600865 529.491354 512.488473 
559.577810 78.828530 878.079251 94.390490 857.329971 512.488473 546.090778 508.338617 
578.252161 78.828530 898.828530 94.390490 882.229107 508.338617 572.027378 503.151297 
595.889049 75.716138 917.502882 89.203170 901.940922 504.188761 592.776657 501.076369 
621.825648 75.716138 940.327089 84.015850 925.802594 501.076369 611.451009 503.151297 
638.425072 74.678674 964.188761 82.978386 948.626801 499.001441 637.387608 496.926513 
660.211816 73.641210 982.863112 77.791066 966.263689 493.814121 658.136888 489.664265 
675.773775 70.528818 996.350144 77.791066 981.825648 489.664265 671.623919 489.664265 
691.335735 69.491354 1010.874640 73.641210 998.425072 486.551873 688.223343 486.551873 
701.710375 70.528818 1022.286744 73.641210 1009.837176 485.514409 700.672911 482.402017 
716.234870 68.453890 1032.661383 69.491354 1023.324207 480.327089 714.159942 484.476945 
725.572046 65.341499 1040.961095 66.378963 1032.661383 477.214697 725.572046 482.402017 
739.059078 64.304035 1056.523055 60.154179 1044.073487 473.064841 735.946686 480.327089 
749.433718 63.266571 1064.822767 59.116715 1055.485591 470.989914 749.433718 475.139769 
758.770893 60.154179 1075.197406 59.116715 1062.747839 466.840058 758.770893 473.064841 
767.070605 61.191643 1085.572046 59.116715 1074.159942 467.877522 766.033141 470.989914 
776.407781 61.191643 1091.796830 57.041787 1080.384726 463.727666 778.482709 468.914986 
785.744957 61.191643 1101.134006 57.041787 1087.646974 461.652738 785.744957 465.802594 
797.157061 63.266571 1106.321326 56.004323 1092.834294 461.652738 797.157061 461.652738 
806.494236 64.304035 1112.546110 60.154179 1101.134006 459.577810 806.494236 461.652738 
813.756484 60.154179 1114.621037 56.004323 1105.283862 456.465418 809.606628 461.652738 
813.756484 59.116715 1118.770893 57.041787 1109.433718 452.315562 817.906340 456.465418 
816.868876 60.154179 1116.695965 56.004323 1111.508646 447.128242 817.906340 454.390490 
819.981268 56.004323 1109.433718 51.854467 1103.208934 438.828530 817.906340 447.128242 
814.793948 54.966859 1110.471182 49.779539 1099.059078 435.716138 813.756484 445.053314 
804.419308 50.817003 1100.096542 47.704611 1091.796830 426.378963 809.606628 437.791066 
805.456772 47.704611 1090.759366 44.592219 1086.609510 426.378963 808.569164 435.716138 
803.381844 49.779539 1084.534582 45.629683 1081.422190 419.116715 807.531700 428.453890 
804.419308 45.629683 1082.459654 40.442363 1077.272334 414.966859 809.606628 426.378963 
803.381844 44.592219 1077.272334 41.479827 1076.252487 409.840798 810.644092 421.191643 
804.419308 45.629683 1081.422190 42.517291 1080.384726 405.629683 813.756484 417.041787 
808.569164 42.517291 1079.347262 40.442363 1077.272334 400.442363 811.681556 412.891931 
805.456772 45.629683 1073.122478 40.442363 1067.935159 400.442363 810.644092 414.966859 
800.269452 46.667147 1054.448127 40.442363 1060.672911 400.442363 807.531700 414.966859 
791.969741 49.779539 1051.335735 45.629683 1055.485591 396.292507 803.381844 410.817003 
783.670029 50.817003 1039.923631 54.966859 1043.036023 401.479827 795.082133 410.817003 
773.295389 56.004323 1024.361671 51.854467 1027.474063 403.554755 782.632565 414.966859 
766.033141 64.304035 1010.874640 64.304035 1011.912104 409.779539 771.220461 419.116715 
752.546110 73.641210 999.462536 77.791066 1000.500000 410.817003 760.845821 428.453890 
740.096542 81.940922 979.750720 87.128242 984.938040 419.116715 749.433718 428.453890 
732.834294 92.315562 972.488473 92.315562 971.451009 426.378963 736.984150 433.641210 
722.459654 92.315562 959.001441 101.652738 962.113833 426.378963 725.572046 435.716138 
719.347262 96.465418 951.739193 101.652738 953.814121 428.453890 725.572046 440.903458 
715.197406 101.652738 944.476945 105.802594 945.514409 429.491354 721.422190 440.903458 
707.935159 98.540346 928.914986 106.840058 938.252161 428.453890 713.122478 442.978386 
701.710375 100.615274 920.615274 109.952450 927.877522 426.378963 708.972622 438.828530 
693.410663 101.652738 915.427954 110.989914 918.540346 426.378963 701.710375 438.828530 
685.156688 100.353214 899.624700 111.567227 903.815284 425.860994 696.618450 439.111954 
671.839045 104.956648 887.806140 113.425946 893.650557 437.791066 679.878524 437.791066 
663.929248 104.566751 880.850621 117.874810 883.963014 433.782629 676.559687 436.115774 
658.930330 104.829859 871.864914 119.194493 874.730180 426.733044 663.555547 443.627014 
654.629319 109.296799 863.228053 121.729836 866.352295 435.716138 659.677040 435.716138 
651.268882 111.323036 859.187857 124.202972 860.123876 432.153346 653.559998 440.098111 
648.584662 113.169307 856.292507 130.933793 856.292507 438.828530 651.976945 438.828530 
646.346475 118.440713 851.105187 133.721214 851.105187 433.329971 649.956994 443.387381 
646.842594 122.393900 849.239695 136.966491 847.675643 438.828530 645.132136 438.828530 
641.020769 122.175730 839.693084 141.763141 839.693084 435.162824 646.575229 448.037348 
634.909436 128.154742 828.468971 141.322057 833.551297 437.791066 638.617655 437.791066 
624.439287 127.112692 817.906340 142.227305 817.906340 433.641210 628.270893 433.641210 
607.043963 121.545375 802.344380 141.798751 802.344380 433.641210 620.324637 433.641210 
0.000000 0.000000 0.000000 0.000000 0.000000 0.000000 0.000000 0.000000 
0.000000 0.000000 0.000000 0.000000 0.000000 0.000000 0.000000 0.000000 
0.000000 0.000000 0.000000 0.000000 0.000000 0.000000 0.000000 0.000000 
0.000000 0.000000 0.000000 0.000000 0.000000 0.000000 0.000000 0.000000 
0.000000 0.000000 0.000000 0.000000 0.000000 0.000000 0.000000 0.000000 
0.000000 0.000000 0.000000 0.000000 0.000000 0.000000 0.000000 0.000000 
0.000000 0.000000 0.000000 0.000000 0.000000 0.000000 0.000000 0.000000 
0.000000 0.000000 0.000000 0.000000 0.000000 0.000000 0.000000 0.000000 
0.000000 0.000000 0.000000 0.000000 0.000000 0.000000 0.000000 0.000000 
0.000000 0.000000 0.000000 0.000000 0.000000 0.000000 0.000000 0.000000 
0.000000 0.000000 0.000000 0.000000 0.000000 0.000000 0.000000 0.000000 
528.815797 61.577676 700.201336 80.620513 705.923749 361.018732 541.292507 361.018732 
525.682954 57.357195 698.597983 70.889675 698.597983 351.681556 540.277550 351.681556 
523.326135 44.798936 694.228599 65.571611 699.982526 332.170240 536.194986 346.412635 
520.075308 42.960130 691.038671 62.436969 700.764477 321.791798 533.640320 342.682318 
519.767530 36.723346 691.461558 59.155731 693.787268 324.286655 532.315444 336.397042 
518.528332 28.519999 687.769861 53.110648 696.311046 316.179140 531.577525 326.694045 
521.154878 20.401300 686.805301 40.567439 690.328960 308.365517 530.145523 318.376982 
514.418895 8.847770 682.581158 33.532139 689.608833 300.583769 527.205848 305.505071 
509.495559 -4.593134 675.773775 16.191643 675.773775 290.303229 521.095117 290.551156 
0.000000 0.000000 0.000000 0.000000 0.000000 0.000000 0.000000 0.000000 
0.000000 0.000000 0.000000 0.000000 0.000000 0.000000 0.000000 0.000000 
0.000000 0.000000 0.000000 0.000000 0.000000 0.000000 0.000000 0.000000 
0.000000 0.000000 0.000000 0.000000 0.000000 0.000000 0.000000 0.000000 
0.000000 0.000000 0.000000 0.000000 0.000000 0.000000 0.000000 0.000000 
0.000000 0.000000 0.000000 0.000000 0.000000 0.000000 0.000000 0.000000 
0.000000 0.000000 0.000000 0.000000 0.000000 0.000000 0.000000 0.000000 
0.000000 0.000000 0.000000 0.000000 0.000000 0.000000 0.000000 0.000000 
0.000000 0.000000 0.000000 0.000000 0.000000 0.000000 0.000000 0.000000 
0.000000 0.000000 0.000000 0.000000 0.000000 0.000000 0.000000 0.000000 
0.000000 0.000000 0.000000 0.000000 0.000000 0.000000 0.000000 0.000000 
0.000000 0.000000 0.000000 0.000000 0.000000 0.000000 0.000000 0.000000 
0.000000 0.000000 0.000000 0.000000 0.000000 0.000000 0.000000 0.000000 
0.000000 0.000000 0.000000 0.000000 0.000000 0.000000 0.000000 0.000000 
0.000000 0.000000 0.000000 0.000000 0.000000 0.000000 0.000000 0.000000 
0.000000 0.000000 0.000000 0.000000 0.000000 0.000000 0.000000 0.000000 
0.000000 0.000000 0.000000 0.000000 0.000000 0.000000 0.000000 0.000000 
0.000000 0.000000 0.000000 0.000000 0.000000 0.000000 0.000000 0.000000 
0.000000 0.000000 0.000000 0.000000 0.000000 0.000000 0.000000 0.000000 
0.000000 0.000000 0.000000 0.000000 0.000000 0.000000 0.000000 0.000000 
0.000000 0.000000 0.000000 0.000000 0.000000 0.000000 0.000000 0.000000 
0.000000 0.000000 0.000000 0.000000 0.000000 0.000000 0.000000 0.000000 
0.000000 0.000000 0.000000 0.000000 0.000000 0.000000 0.000000 0.000000 
0.000000 0.000000 0.000000 0.000000 0.000000 0.000000 0.000000 0.000000 
0.000000 0.000000 0.000000 0.000000 0.000000 0.000000 0.000000 0.000000 
0.000000 0.000000 0.000000 0.000000 0.000000 0.000000 0.000000 0.000000 
0.000000 0.000000 0.000000 0.000000 0.000000 0.000000 0.000000 0.000000 
0.000000 0.000000 0.000000 0.000000 0.000000 0.000000 0.000000 0.000000 
0.000000 0.000000 0.000000 0.000000 0.000000 0.000000 0.000000 0.000000 
0.000000 0.000000 0.000000 0.000000 0.000000 0.000000 0.000000 0.000000 
0.000000 0.000000 0.000000 0.000000 0.000000 0.000000 0.000000 0.000000 
114.505764 8.280980 278.425072 14.505764 319.923631 268.684438 168.453890 297.733429 
108.280980 14.505764 271.162824 22.805476 317.848703 275.946686 163.266571 308.108069 
102.056196 25.917867 262.863112 35.255043 308.511527 284.246398 154.966859 318.482709 
94.793948 36.292507 254.563401 41.479827 301.249280 292.546110 146.667147 322.632565 
85.456772 41.479827 250.413545 49.779539 292.949568 297.733429 141.479827 328.857349 
81.306916 46.667147 248.338617 56.004323 287.762248 306.033141 133.180115 338.194524 
76.785861 53.742629 240.751603 62.894205 283.458959 312.274658 125.594268 344.305175 
73.166130 59.780234 239.132347 68.944013 278.572884 316.104710 123.028623 350.503922 
66.381772 67.835706 234.617367 73.953364 274.037535 323.017149 117.420072 355.261921 
66.489108 70.292539 231.997570 80.223047 269.074444 326.372297 113.695493 359.431648 
63.474091 72.594840 228.774296 80.108486 268.239523 330.054924 109.496174 362.673421 
61.257758 78.278092 225.816444 84.372858 269.234431 334.543168 109.416072 363.426004 
59.317678 77.633215 221.513786 85.356839 257.453860 334.823232 103.535734 363.822299 
56.958624 76.786005 221.270549 86.451412 255.019039 329.440539 101.735728 363.088095 
57.247979 78.466299 222.390627 86.769561 252.266037 330.752079 100.555499 364.156234 
56.418725 71.982144 222.831939 85.295201 255.914389 330.801810 95.267636 360.216004 
56.603688 71.251665 220.642955 83.254538 258.097538 329.666271 98.253429 360.112768 
59.000908 70.996776 220.790867 79.789708 252.046939 327.433974 100.862921 355.151044 
65.960742 66.398579 222.997033 80.674606 252.485571 326.412416 102.153220 353.257479 
71.451812 66.033372 229.141476 81.178707 256.158822 327.711996 105.578011 348.793309 
79.073073 64.702445 239.818822 80.878118 257.271347 325.213475 108.281482 352.613910 
87.962952 64.680760 246.260604 81.742782 264.880112 327.082178 115.495979 351.306632 
96.832129 67.906844 254.642434 82.538263 275.851104 331.151010 122.454066 350.733611 
114.017438 69.087792 268.678351 87.886356 279.136186 329.462352 136.477784 349.842124 
126.035203 70.133699 278.524985 89.321155 294.602229 329.243103 146.607269 354.402246 
137.290017 70.455407 293.273851 89.585499 306.544385 333.431566 159.799095 352.480910 
154.402547 71.875566 308.929152 93.246267 315.712052 333.554703 170.706664 351.172180 
167.215201 73.168497 317.405024 90.568537 326.685293 333.181280 182.909795 347.039159 
179.862610 65.148858 326.945046 88.055139 333.606676 329.206159 190.479679 347.948980 
188.379170 66.580074 340.323365 83.562072 340.323365 324.356490 195.760941 341.920149 
197.171472 58.030942 349.883083 78.855252 348.854421 319.562042 200.986359 334.991753 
207.774919 53.783051 354.581348 76.224798 355.563207 320.707548 211.693055 329.619858 
214.321283 48.286654 361.407207 75.497550 357.920908 318.666896 213.605275 326.813746 
220.605995 42.203080 366.837716 69.442322 363.756532 308.234043 218.050765 320.723109 
227.657654 34.570285 374.115701 64.459682 361.040322 306.354181 219.645518 317.665765 
229.358044 32.275605 378.151771 59.329009 366.675447 301.971272 222.955737 312.696623 
239.180053 27.720851 381.779141 59.092650 374.327232 299.044112 227.541705 308.334336 
244.527372 24.013630 387.662487 58.297490 374.549361 297.612028 234.896230 306.280153 
252.932787 20.885740 392.376227 54.086559 378.752333 297.802883 240.259755 303.494359 
255.044674 25.224087 399.776819 55.661319 386.732291 297.916841 245.727153 304.749689 
260.988666 27.242951 402.222655 57.974420 389.799295 299.903012 249.873028 307.095484 
266.531998 29.129444 406.978084 59.225034 395.766002 300.579863 258.270463 308.251288 
273.714612 32.754467 411.623227 60.224069 400.411144 304.086864 262.502530 310.253509 
279.454991 39.075348 418.083982 65.890445 403.917516 307.732261 269.336086 315.321440 
286.414089 44.264052 419.557569 71.425322 408.906091 313.213881 276.295185 320.669916 
289.274975 50.903941 425.931936 75.129493 415.993248 318.627351 283.063295 328.566039 
295.159693 59.085809 429.900894 82.519061 421.379712 326.437916 285.040788 340.284838 
299.486088 71.074769 433.470474 94.620142 425.061412 336.801124 292.758839 348.573811 
304.610826 83.771143 438.286880 105.074100 431.363419 345.264937 296.622217 360.177007 
311.623919 94.390490 444.419308 116.177233 437.157061 353.756484 306.436599 370.355908 
315.522418 109.559889 446.982905 128.143309 440.100157 368.351213 311.392770 384.181534 
320.030638 122.844955 447.022889 141.058983 443.987218 381.888909 314.465241 400.102937 
322.094772 133.122024 450.445086 150.164390 445.119347 393.018097 316.236459 410.593036 
321.198727 146.019505 449.159336 162.791041 446.674664 405.667732 316.850551 425.545108 
322.027605 153.705201 449.845345 171.812714 444.519606 412.536126 317.234439 433.306508 
321.998559 161.825648 449.606628 176.350144 443.381844 419.116715 316.811239 438.828530 
321.728301 167.039290 446.350598 183.549082 440.492285 423.739920 315.337414 444.510302 
320.839479 170.875139 446.313894 187.065386 439.230661 429.413148 312.744355 450.662847 
319.819053 172.048398 447.872838 188.571467 439.021194 431.106515 310.967409 452.350461 
321.579838 173.181715 447.155162 190.560443 438.746100 434.983842 313.731380 455.165591 
324.458921 175.491262 446.543504 193.755884 438.372488 436.483105 314.845962 457.631616 
329.414248 178.483798 447.299485 194.674045 438.192471 440.057478 318.283453 461.307178 
334.523236 181.425367 454.352368 197.935158 443.168316 441.854013 320.143740 461.559248 
337.008952 182.326771 457.929860 199.022964 446.293120 444.912342 324.360321 466.162042 
340.958407 182.411271 463.787994 201.132509 450.546142 444.965220 326.346709 467.795998 
346.668354 188.441333 468.119306 204.965272 453.247761 449.519569 330.144415 471.826886 
351.363310 190.984813 471.859064 207.000071 458.131699 452.567368 336.110682 474.683677 
356.416734 190.084096 476.176549 210.732340 463.099328 455.758169 342.651238 477.782962 
363.031122 199.057544 477.973013 216.264414 466.272341 462.666792 350.642175 484.003311 
367.494517 204.227107 481.789430 220.998643 469.366070 466.981174 352.586485 489.964390 
370.060988 212.058372 489.132528 227.888693 474.678757 472.914521 356.983766 499.068963 
373.701488 215.436377 492.704201 231.129043 480.280841 479.596245 361.278128 507.712271 
378.335394 221.041423 495.501657 234.355771 485.382752 486.795809 365.553620 512.359357 
382.171470 227.185879 497.329971 237.560519 487.992795 489.664265 372.834294 513.525937 
387.358790 228.223343 501.479827 238.597983 493.180115 493.814121 373.871758 519.750720 
389.124943 229.650410 503.378559 241.351082 497.184086 496.701032 378.800821 523.543750 
389.433718 231.335735 504.592219 238.597983 499.404899 494.851585 381.134006 527.012968 
392.546110 231.335735 504.592219 240.672911 499.404899 496.926513 385.283862 527.012968 
391.844556 230.494828 506.760637 241.675852 500.548957 496.354735 385.011708 528.655471 
391.052988 232.111314 507.894690 241.553068 500.813375 501.201295 385.151892 530.116665 
390.238693 233.888913 507.404955 243.475243 501.546642 501.773594 385.978101 532.662881 
390.375685 233.535968 507.541948 242.505634 501.375302 501.504740 385.330248 534.580384 
389.054456 231.293552 506.220718 239.142010 501.735885 495.898699 387.933248 530.656155 
386.321326 224.073487 503.554755 234.448127 501.479827 491.739193 388.396254 527.012968 
384.087649 221.477782 500.474917 230.631836 503.090361 487.599233 391.933981 524.869313 
389.433718 214.736311 504.592219 225.110951 504.592219 482.402017 394.621037 519.750720 
387.358790 214.736311 498.367435 217.848703 506.667147 477.214697 393.583573 517.675793 
387.116018 209.590055 502.187391 214.901041 508.088487 473.959158 395.967662 512.906392 
386.714441 205.091866 502.198891 207.334282 510.047349 469.136409 396.244711 507.818094 
386.109552 198.597170 499.351586 201.960795 510.563668 464.323526 397.321635 504.126419 
385.414900 193.551346 500.494446 199.436095 509.648501 457.711214 398.492121 498.904460 
382.512909 187.285163 500.493834 190.755190 509.168902 453.609750 398.128032 493.515062 
382.327089 184.442363 493.698847 186.413545 511.439481 446.609510 398.096542 487.018732 
382.171470 180.500000 496.292507 180.500000 510.817003 442.978386 397.733429 480.327089 
375.946686 172.200288 496.292507 175.312680 507.704611 437.791066 394.621037 477.214697 
371.796830 167.012968 492.142651 172.200288 506.667147 435.716138 395.658501 473.064841 
371.796830 167.012968 492.142651 171.162824 508.742075 428.453890 393.583573 470.989914 
374.909222 167.012968 494.217579 169.087896 510.817003 426.378963 396.695965 467.877522 
380.096542 167.012968 501.479827 165.975504 519.116715 426.378963 404.995677 466.840058 
390.471182 162.863112 507.704611 169.087896 530.528818 426.378963 417.445245 465.802594 
399.808357 163.900576 522.229107 169.087896 545.053314 424.304035 431.969741 463.727666 
413.295389 165.975504 536.753602 169.087896 558.540346 424.304035 446.494236 463.727666 
427.819885 168.050432 553.353026 167.012968 577.214697 428.453890 459.981268 467.877522 
439.231988 169.087896 569.952450 171.162824 596.926513 428.453890 472.430836 473.064841 
455.831412 176.350144 585.514409 171.162824 613.525937 433.641210 489.030259 470.989914 
463.093660 175.312680 594.851585 175.312680 622.863112 428.453890 500.442363 470.989914 
466.206052 173.237752 594.851585 176.350144 630.125360 428.453890 505.629683 467.877522 
465.168588 172.200288 605.226225 172.200288 635.312680 431.566282 506.667147 473.064841 
463.093660 171.162824 602.113833 172.200288 631.162824 426.378963 504.592219 470.989914 
462.056196 171.162824 602.113833 171.162824 636.350144 426.378963 504.592219 466.840058 
449.606628 169.087896 585.514409 168.050432 623.900576 422.229107 494.217579 461.652738 
441.306916 158.713256 577.214697 162.863112 613.525937 419.116715 483.842939 458.540346 
425.744957 153.525937 568.914986 152.488473 604.188761 410.817003 473.468300 452.315562 
418.482709 147.301153 555.427954 147.301153 592.776657 407.704611 462.056196 442.978386 
400.845821 137.963977 545.053314 139.001441 582.402017 400.442363 447.531700 440.903458 
390.471182 130.701729 533.641210 129.664265 575.139769 394.217579 435.082133 433.641210 
376.984150 124.476945 532.603746 128.626801 567.877522 389.030259 423.670029 428.453890 
366.609510 120.327089 520.154179 122.402017 558.540346 379.693084 418.482709 420.154179 
360.384726 116.177233 516.004323 119.289625 556.465418 377.618156 408.108069 417.041787 
354.159942 115.139769 506.667147 119.289625 549.203170 375.543228 402.920749 412.891931 
345.860231 113.064841 497.329971 113.064841 542.978386 372.430836 395.658501 412.891931 
333.410663 109.952450 491.105187 110.989914 533.641210 370.355908 387.358790 409.779539 
325.110951 105.802594 486.955331 105.802594 529.491354 368.280980 382.171470 407.704611 
320.961095 102.690202 479.693084 100.615274 526.378963 366.206052 374.909222 405.629683 
315.773775 102.690202 475.543228 100.615274 526.378963 363.093660 372.834294 403.554755 
319.923631 100.615274 476.580692 100.615274 528.453890 361.018732 375.946686 400.442363 
330.298271 101.652738 485.917867 98.540346 537.791066 356.868876 395.658501 400.442363 
343.785303 101.652738 501.479827 100.615274 552.315562 356.868876 406.033141 398.367435 
362.459654 101.652738 518.079251 96.465418 567.877522 356.868876 426.782421 396.292507 
378.021614 101.652738 537.791066 100.615274 586.551873 353.756484 445.456772 396.292507 
397.792941 106.498476 555.388345 100.607059 607.282352 358.504548 460.093778 400.558426 
408.808202 105.279900 570.512373 97.029687 629.813448 356.197345 472.296607 398.913776 
420.159265 105.207158 582.903377 96.064231 634.733965 353.366082 481.393245 396.068561 
427.809922 106.748005 589.304361 100.352186 633.263921 358.375689 488.060161 396.461921 
430.337483 109.887751 592.637775 98.053355 642.851027 355.669172 485.925754 396.606200 
428.504058 103.610269 593.979820 94.518194 642.521450 354.029220 488.407781 392.557637 
425.775586 103.052343 594.133341 92.714587 652.040372 353.296227 492.959658 391.695020 
423.705818 98.261368 597.303957 83.927577 642.154422 345.948715 489.745416 387.514808 
423.779150 86.206414 592.717762 76.268848 639.929363 346.049429 485.793588 373.023190 
414.836116 76.889160 582.053914 63.452015 642.086609 327.073849 481.753931 363.148701 
407.938191 64.704212 580.781731 45.303406 632.430614 308.243174 476.904818 357.122710 
397.561841 46.533133 576.739256 40.076289 627.111580 303.931319 468.016622 347.320853 
395.072090 43.969652 567.603068 33.720287 630.845067 291.747642 459.574776 340.682011 
389.907520 34.037861 573.283902 22.301773 626.885366 297.966443 464.032318 330.537052 
393.145695 29.604771 574.837126 15.069456 628.620570 266.873762 465.929678 326.034086 
389.576715 26.624876 573.795798 14.288777 631.347987 287.292749 462.837934 322.629802 
0.000000 0.000000 0.000000 0.000000 0.000000 0.000000 0.000000 0.000000 
0.000000 0.000000 0.000000 0.000000 0.000000 0.000000 0.000000 0.000000 
0.000000 0.000000 0.000000 0.000000 0.000000 0.000000 0.000000 0.000000 
0.000000 0.000000 0.000000 0.000000 0.000000 0.000000 0.000000 0.000000 
0.000000 0.000000 0.000000 0.000000 0.000000 0.000000 0.000000 0.000000 
0.000000 0.000000 0.000000 0.000000 0.000000 0.000000 0.000000 0.000000 
0.000000 0.000000 0.000000 0.000000 0.000000 0.000000 0.000000 0.000000 
0.000000 0.000000 0.000000 0.000000 0.000000 0.000000 0.000000 0.000000 
0.000000 0.000000 0.000000 0.000000 0.000000 0.000000 0.000000 0.000000 
0.000000 0.000000 0.000000 0.000000 0.000000 0.000000 0.000000 0.000000 
0.000000 0.000000 0.000000 0.000000 0.000000 0.000000 0.000000 0.000000 
0.000000 0.000000 0.000000 0.000000 0.000000 0.000000 0.000000 0.000000 
0.000000 0.000000 0.000000 0.000000 0.000000 0.000000 0.000000 0.000000 
0.000000 0.000000 0.000000 0.000000 0.000000 0.000000 0.000000 0.000000 
0.000000 0.000000 0.000000 0.000000 0.000000 0.000000 0.000000 0.000000 
0.000000 0.000000 0.000000 0.000000 0.000000 0.000000 0.000000 0.000000 
0.000000 0.000000 0.000000 0.000000 0.000000 0.000000 0.000000 0.000000 
0.000000 0.000000 0.000000 0.000000 0.000000 0.000000 0.000000 0.000000 
0.000000 0.000000 0.000000 0.000000 0.000000 0.000000 0.000000 0.000000 
0.000000 0.000000 0.000000 0.000000 0.000000 0.000000 0.000000 0.000000 
0.000000 0.000000 0.000000 0.000000 0.000000 0.000000 0.000000 0.000000 
0.000000 0.000000 0.000000 0.000000 0.000000 0.000000 0.000000 0.000000 
0.000000 0.000000 0.000000 0.000000 0.000000 0.000000 0.000000 0.000000 
0.000000 0.000000 0.000000 0.000000 0.000000 0.000000 0.000000 0.000000 
0.000000 0.000000 0.000000 0.000000 0.000000 0.000000 0.000000 0.000000 
0.000000 0.000000 0.000000 0.000000 0.000000 0.000000 0.000000 0.000000 
0.000000 0.000000 0.000000 0.000000 0.000000 0.000000 0.000000 0.000000 
0.000000 0.000000 0.000000 0.000000 0.000000 0.000000 0.000000 0.000000 
0.000000 0.000000 0.000000 0.000000 0.000000 0.000000 0.000000 0.000000 
0.000000 0.000000 0.000000 0.000000 0.000000 0.000000 0.000000 0.000000 
0.000000 0.000000 0.000000 0.000000 0.000000 0.000000 0.000000 0.000000 
0.000000 0.000000 0.000000 0.000000 0.000000 0.000000 0.000000 0.000000 
0.000000 0.000000 0.000000 0.000000 0.000000 0.000000 0.000000 0.000000 
424.809820 15.663365 666.479786 -27.300185 743.585711 283.877298 511.338556 348.115873 
444.419308 59.116715 678.886167 5.168588 751.508646 326.782421 524.304035 377.618156 
451.681556 79.865994 691.335735 38.367435 755.658501 356.868876 525.341499 412.891931 
449.606628 103.727666 694.448127 65.341499 755.658501 386.955331 521.191643 438.828530 
456.868876 126.551873 702.747839 88.165706 756.695965 409.779539 516.004323 461.652738 
454.793948 143.151297 699.635447 110.989914 752.546110 433.641210 519.116715 482.402017 
455.831412 161.825648 702.747839 131.739193 751.508646 458.540346 510.817003 503.151297 
449.606628 182.574928 696.523055 153.525937 739.059078 482.402017 497.329971 521.825648 
441.306916 195.024496 694.448127 171.162824 732.834294 499.001441 481.768012 538.425072 
435.082133 203.324207 691.335735 189.837176 724.534582 515.600865 472.430836 553.987032 
435.082133 217.848703 684.073487 203.324207 712.085014 534.275216 462.056196 568.511527 
424.707493 225.110951 680.961095 208.511527 710.010086 545.687320 449.606628 575.773775 
419.520173 225.110951 674.736311 215.773775 701.710375 550.874640 441.306916 581.998559 
418.482709 227.185879 679.923631 221.998559 698.597983 559.174352 436.119597 588.223343 
416.407781 229.260807 678.886167 221.998559 696.523055 566.436599 430.932277 593.410663 
412.257925 231.335735 678.886167 227.185879 694.448127 569.548991 428.857349 592.373199 
415.370317 231.335735 678.886167 228.223343 693.410663 573.698847 425.744957 594.448127 
413.295389 229.260807 683.036023 232.373199 694.448127 577.848703 418.482709 598.597983 
413.295389 229.260807 680.961095 233.410663 692.373199 584.073487 416.407781 601.710375 
410.182997 229.260807 683.036023 233.410663 693.410663 586.148415 415.370317 602.747839 
410.182997 228.223343 684.073487 232.373199 692.373199 589.260807 412.257925 602.747839 
410.182997 227.185879 687.185879 233.410663 692.373199 591.335735 407.070605 604.822767 
410.182997 229.260807 685.110951 234.448127 692.373199 592.373199 406.033141 603.785303 
410.182997 219.923631 686.148415 227.185879 691.335735 596.523055 403.958213 607.935159 
408.108069 217.848703 694.448127 227.185879 691.335735 594.448127 402.920749 599.635447 
413.295389 208.511527 696.523055 217.848703 698.597983 589.260807 410.182997 595.485591 
416.407781 201.249280 704.822767 208.511527 704.822767 590.298271 411.220461 595.485591 
421.595101 199.174352 713.122478 205.399135 713.122478 585.110951 416.407781 592.373199 
425.744957 190.874640 719.347262 199.174352 717.272334 579.923631 422.632565 584.073487 
437.157061 184.649856 730.759366 193.987032 724.534582 577.848703 430.932277 579.923631 
447.531700 177.387608 740.096542 189.837176 734.909222 572.661383 438.194524 578.886167 
449.606628 178.425072 749.433718 186.724784 741.134006 573.698847 447.531700 573.698847 
453.756484 176.350144 759.808357 184.649856 752.546110 575.773775 448.569164 575.773775 
458.943804 176.350144 763.958213 182.574928 753.583573 577.848703 453.756484 577.848703 
462.056196 178.425072 762.920749 184.649856 758.770893 579.923631 453.756484 583.036023 
461.018732 181.537464 767.070605 185.687320 760.845821 584.073487 453.756484 583.036023 
456.868876 180.500000 767.070605 187.762248 760.845821 589.260807 450.644092 591.335735 
454.793948 182.574928 764.995677 189.837176 758.770893 593.410663 447.531700 594.448127 
449.606628 186.724784 760.845821 190.874640 757.733429 597.560519 445.456772 598.597983 
443.381844 189.837176 757.733429 189.837176 757.733429 600.672911 443.381844 602.747839 
436.119597 191.912104 751.508646 193.987032 752.546110 605.860231 436.119597 608.972622 
434.044669 193.987032 750.471182 191.912104 753.583573 612.085014 431.969741 614.159942 
426.782421 197.099424 745.283862 195.024496 749.433718 612.085014 431.969741 614.159942 
421.595101 199.174352 742.171470 196.061960 744.246398 613.122478 423.670029 621.422190 
415.370317 201.249280 733.871758 196.061960 738.021614 618.309798 417.445245 622.459654 
408.108069 197.099424 723.497118 195.024496 731.796830 614.159942 406.033141 621.422190 
392.546110 193.987032 719.347262 189.837176 722.459654 617.272334 397.733429 618.309798 
383.208934 196.061960 711.047550 189.837176 715.197406 620.384726 386.321326 620.384726 
366.609510 185.687320 697.560519 180.500000 703.785303 613.122478 371.796830 618.309798 
357.272334 184.649856 689.260807 175.312680 689.260807 603.785303 363.497118 610.010086 
341.710375 176.350144 674.736311 168.050432 680.961095 601.710375 355.197406 607.935159 
334.448127 168.050432 670.586455 161.825648 673.698847 601.710375 344.822767 603.785303 
323.036023 167.012968 662.286744 157.675793 664.361671 600.672911 339.635447 602.747839 
320.961095 161.825648 661.249280 153.525937 662.286744 596.523055 331.335735 600.672911 
314.736311 158.713256 650.874640 153.525937 659.174352 596.523055 329.260807 598.597983 
308.511527 157.675793 650.874640 152.488473 658.136888 597.560519 326.148415 598.597983 
310.586455 156.638329 653.987032 148.338617 659.174352 595.485591 327.185879 595.485591 
315.773775 156.638329 653.987032 148.338617 665.399135 597.560519 335.485591 599.635447 
323.036023 158.713256 662.286744 149.376081 674.736311 597.560519 341.710375 597.560519 
333.410663 156.638329 675.773775 145.226225 689.260807 601.710375 356.234870 599.635447 
344.822767 158.713256 687.185879 140.038905 700.672911 600.672911 371.796830 600.672911 
357.272334 157.675793 699.635447 137.963977 713.122478 600.672911 389.433718 599.635447 
367.646974 157.675793 707.935159 135.889049 731.796830 600.672911 397.733429 599.635447 
376.984150 149.376081 718.309798 125.514409 741.134006 593.410663 410.182997 596.523055 
380.096542 145.226225 725.572046 120.327089 753.583573 591.335735 421.595101 591.335735 
390.471182 143.151297 732.834294 102.690202 770.182997 580.961095 437.157061 585.110951 
393.583573 140.038905 740.096542 100.615274 777.445245 583.036023 444.419308 586.148415 
389.433718 143.151297 736.984150 100.615274 779.520173 585.110951 446.494236 587.185879 
387.358790 144.188761 740.096542 96.465418 782.632565 588.223343 447.531700 593.410663 
385.283862 147.301153 735.946686 94.390490 779.520173 588.223343 446.494236 596.523055 
379.059078 147.301153 729.721902 96.465418 781.595101 593.410663 442.344380 597.560519 
368.684438 149.376081 721.422190 94.390490 777.445245 595.485591 437.157061 602.747839 
360.384726 150.413545 707.935159 97.502882 773.295389 597.560519 433.007205 608.972622 
353.122478 152.488473 700.672911 99.577810 766.033141 599.635447 425.744957 611.047550 
342.747839 158.713256 693.410663 101.652738 761.883285 610.010086 420.557637 620.384726 
338.597983 161.825648 688.223343 101.652738 759.808357 608.972622 419.520173 623.497118 
336.523055 165.975504 687.185879 101.652738 760.845821 618.309798 420.557637 629.721902 
336.523055 171.162824 690.298271 101.652738 764.995677 623.497118 421.595101 633.871758 
341.710375 176.350144 691.335735 105.802594 770.182997 623.497118 427.819885 636.984150 
350.010086 177.387608 697.560519 106.840058 778.482709 627.646974 437.157061 639.059078 
360.384726 182.574928 703.785303 110.989914 785.744957 632.834294 447.531700 645.283862 
371.796830 184.649856 712.085014 115.139769 796.119597 638.021614 456.868876 645.283862 
379.059078 187.762248 720.384726 110.989914 806.494236 639.059078 466.206052 648.396254 
389.433718 186.724784 726.609510 115.139769 813.756484 641.134006 475.543228 646.321326 
401.883285 189.837176 732.834294 115.139769 828.280980 645.283862 492.142651 648.396254 
415.370317 186.724784 743.208934 109.952450 837.618156 639.059078 506.667147 642.171470 
429.894813 184.649856 755.658501 100.615274 850.067723 629.721902 514.966859 638.021614 
441.306916 180.500000 763.958213 96.465418 865.629683 630.759366 531.566282 635.946686 
445.456772 169.087896 775.370317 87.128242 867.704611 620.384726 535.716138 622.459654 
450.644092 161.825648 776.407781 82.978386 869.779539 608.972622 544.015850 610.010086 
453.756484 148.338617 777.445245 64.304035 873.929395 594.448127 552.315562 593.410663 
450.644092 133.814121 771.220461 54.966859 864.592219 587.185879 545.053314 587.185879 
443.381844 125.514409 763.958213 45.629683 859.404899 575.773775 537.791066 577.848703 
440.269452 119.289625 750.471182 36.292507 852.142651 569.548991 534.678674 568.511527 
429.894813 115.139769 750.471182 31.105187 844.880403 560.211816 534.678674 562.286744 
423.670029 110.989914 741.134006 27.992795 839.693084 557.099424 527.416427 557.099424 
419.520173 106.840058 730.759366 25.917867 831.393372 551.912104 523.266571 557.099424 
412.257925 103.727666 724.534582 22.805476 826.206052 550.874640 518.079251 552.949568 
408.108069 105.802594 718.309798 22.805476 819.981268 549.837176 513.929395 550.874640 
402.920749 103.727666 710.010086 18.655620 812.719020 549.837176 507.704611 551.912104 
395.658501 101.652738 704.822767 18.655620 807.531700 545.687320 502.517291 551.912104 
390.471182 103.727666 696.523055 19.693084 802.344380 547.762248 498.367435 551.912104 
388.396254 107.877522 690.298271 21.768012 800.269452 547.762248 497.329971 549.837176 
383.208934 107.877522 688.223343 21.768012 796.119597 545.687320 492.142651 550.874640 
381.134006 110.989914 681.998559 23.842939 795.082133 547.762248 493.180115 551.912104 
381.134006 107.877522 677.848703 21.768012 787.819885 544.649856 494.217579 547.762248 
378.021614 109.952450 677.848703 21.768012 794.044669 551.912104 490.067723 555.024496 
375.946686 112.027378 672.661383 25.917867 791.969741 549.837176 490.067723 553.987032 
376.984150 110.989914 674.736311 21.768012 786.782421 549.837176 489.030259 553.987032 

