1.0000 -0.0000 0.0000 -0.0000 1.0000 0.0000 -0.0000 -0.0000 1.0000
-0.0684 0.0401 312.4366 -0.2999 0.5061 170.3080 -0.0009 0.0001 1.0000
0.8165 0.1664 23.8493 -0.1908 1.0421 83.1592 -0.0003 0.0003 1.0000
0.4442 -0.4855 248.0923 -0.0682 0.3614 110.4764 -0.0003 -0.0008 1.0000
-0.0127 -0.0529 311.6254 -0.3026 0.4382 190.1327 -0.0009 -0.0001 1.0000
2.2276 0.3843 -417.3859 0.1935 1.9227 -193.1874 0.0008 0.0007 1.0000
0.2716 -0.3172 265.6798 -0.1900 0.3763 159.5061 -0.0005 -0.0005 1.0000
0.0848 0.0803 273.5970 -0.2618 0.6153 140.0995 -0.0008 0.0002 1.0000
0.5616 -0.3431 177.0710 -0.0955 0.4712 110.5710 -0.0004 -0.0005 1.0000
1.2137 -0.2744 -47.9427 0.0249 0.8082 25.8351 -0.0000 -0.0003 1.0000
3.8042 -1.6323 -597.1310 0.7977 1.0533 -242.4094 0.0024 -0.0022 1.0000
1.9734 0.0128 -332.3983 0.0715 1.3410 -46.9157 0.0004 0.0002 1.0000
0.4732 -0.0647 164.2015 -0.1513 0.6311 96.5580 -0.0006 0.0000 1.0000
0.9975 -0.3307 73.8217 0.0172 0.7435 21.3222 -0.0001 -0.0003 1.0000
4.9566 -0.5452 -1174.6856 1.1045 2.3216 -643.9956 0.0024 -0.0003 1.0000
0.7804 -0.4096 135.7455 0.0759 0.5585 -6.5359 -0.0003 -0.0004 1.0000
1.5430 0.3127 -268.4131 0.1108 1.3435 -144.5319 -0.0002 0.0007 1.0000
0.3795 -0.5658 295.0394 0.0010 0.2979 57.3261 -0.0005 -0.0007 1.0000
0.8799 -0.5189 123.2737 0.1816 0.5576 -68.6912 -0.0002 -0.0006 1.0000
0.4110 -0.0550 179.7330 -0.0349 0.6415 1.7665 -0.0007 0.0001 1.0000
1.3023 -0.1511 -162.5034 -0.0154 0.8615 -4.8056 -0.0003 -0.0000 1.0000
-9.3192 0.8107 3523.7148 -2.4109 -2.6518 1465.7628 -0.0065 0.0007 1.0000
0.1905 -0.4963 303.1196 -0.0358 0.2121 69.2290 -0.0007 -0.0006 1.0000
1.1186 -0.2456 -94.3045 0.1921 0.7379 -123.4630 -0.0003 -0.0002 1.0000
1.5313 -0.5077 -214.8967 0.2949 0.7153 -158.5450 0.0000 -0.0006 1.0000
0.8880 -0.4395 14.6204 0.1447 0.5134 -65.5861 -0.0003 -0.0005 1.0000
3.8539 -1.1538 -989.6874 0.9822 1.1545 -525.5257 0.0016 -0.0014 1.0000
21.7238 -0.6741 -8046.9846 5.6952 8.2128 -3857.4427 0.0104 0.0007 1.0000
0.6977 -0.3007 34.8753 0.0389 0.4943 -19.9068 -0.0006 -0.0003 1.0000
1.6843 -0.7474 -252.4332 0.4345 0.5813 -217.3775 0.0002 -0.0010 1.0000
32.6813 -13.1194 -9767.4148 9.9753 3.9921 -4807.0477 0.0221 -0.0179 1.0000
0.8649 0.1430 -161.3662 0.0154 0.7472 -65.9807 -0.0008 0.0003 1.0000
2.7979 -0.8469 -677.5950 0.6959 0.8610 -369.6864 0.0006 -0.0010 1.0000
8.5641 -1.7771 -2753.1592 2.4929 2.2025 -1390.2553 0.0037 -0.0019 1.0000
0.7576 -0.5693 80.6665 0.1449 0.3329 -36.1658 -0.0005 -0.0007 1.0000
1.3564 -0.6068 -160.9018 0.3881 0.4710 -175.8029 -0.0002 -0.0007 1.0000
1.6630 -0.8495 -233.7089 0.5012 0.4458 -220.1648 0.0000 -0.0010 1.0000
2.6598 -1.0023 -629.5417 0.8376 0.6387 -413.0443 0.0005 -0.0012 1.0000
2.1397 -0.8498 -454.4421 0.7381 0.5683 -369.7323 0.0002 -0.0010 1.0000
2.0331 -0.7701 -442.4953 0.5723 0.5609 -278.8411 0.0001 -0.0009 1.0000
0.7480 -0.3967 -2.7115 0.1808 0.3819 -83.1757 -0.0007 -0.0004 1.0000
1.3595 -0.4749 -254.5577 0.4121 0.4925 -214.2486 -0.0004 -0.0005 1.0000
0.3108 -0.3586 156.2167 0.0193 0.2480 15.9732 -0.0009 -0.0004 1.0000
2.3065 -0.6344 -632.2996 0.8074 0.7094 -449.5964 0.0001 -0.0007 1.0000
1.6237 -0.5851 -363.9168 0.5344 0.5101 -280.0146 -0.0002 -0.0007 1.0000
1.0825 -0.5876 -146.1742 0.3375 0.3194 -151.4790 -0.0005 -0.0007 1.0000
0.5905 -0.2794 -12.6403 0.0949 0.3440 -42.1267 -0.0008 -0.0003 1.0000
0.7729 -0.4388 -71.2927 0.1589 0.2624 -54.1491 -0.0007 -0.0006 1.0000
1.3821 -0.5161 -318.2248 0.3543 0.4085 -169.8808 -0.0004 -0.0006 1.0000
0.6330 -0.4173 -7.2557 0.1169 0.2551 -32.3639 -0.0008 -0.0005 1.0000
2.3678 -0.6539 -733.6381 0.6090 0.5895 -314.3345 0.0000 -0.0008 1.0000
0.7300 -0.3948 -73.9398 0.0414 0.2604 9.8425 -0.0008 -0.0005 1.0000
0.4466 -0.3147 41.2669 -0.0502 0.2433 54.8895 -0.0009 -0.0004 1.0000
1.0686 -0.3370 -241.6107 0.1455 0.3821 -66.6169 -0.0007 -0.0004 1.0000
1.6629 -0.2989 -522.8370 0.2253 0.5544 -128.1608 -0.0005 -0.0004 1.0000
0.8416 -0.3985 -122.4550 0.0070 0.2703 30.7352 -0.0008 -0.0005 1.0000
1.3238 -0.4534 -335.0022 0.0756 0.3416 -7.3406 -0.0006 -0.0006 1.0000
1.9759 -0.4790 -631.2030 0.2466 0.4924 -119.4221 -0.0004 -0.0007 1.0000
1.3877 -0.3025 -395.2886 0.0741 0.4473 -29.8059 -0.0006 -0.0004 1.0000
0.6276 -0.2753 -55.3639 -0.1147 0.2798 86.8310 -0.0009 -0.0004 1.0000
1.3407 -0.4480 -352.0751 0.0173 0.3195 31.1888 -0.0006 -0.0007 1.0000
0.9272 -0.2636 -202.6375 -0.1163 0.3301 93.2330 -0.0008 -0.0004 1.0000
0.9053 -0.1885 -220.2170 -0.2005 0.3469 139.0485 -0.0009 -0.0003 1.0000
0.6302 -0.2432 -79.4886 -0.2951 0.2355 213.9184 -0.0009 -0.0004 1.0000
1.1542 -0.1670 -350.9572 -0.2893 0.3803 203.3276 -0.0008 -0.0003 1.0000
1.1298 -0.1944 -340.0716 -0.3223 0.3330 232.9504 -0.0008 -0.0004 1.0000
0.9798 -0.2147 -269.5733 -0.3572 0.2835 257.9081 -0.0008 -0.0004 1.0000
2.0028 -0.3282 -758.5124 -0.2968 0.3648 244.6020 -0.0005 -0.0007 1.0000
1.4372 -0.2761 -489.6398 -0.3508 0.3150 264.1368 -0.0007 -0.0006 1.0000
1.0041 -0.2250 -296.7273 -0.4048 0.2471 291.3745 -0.0008 -0.0005 1.0000
2.1969 -0.2710 -874.9796 -0.3911 0.4073 298.2062 -0.0004 -0.0007 1.0000
1.1338 -0.1742 -390.8434 -0.4903 0.2657 334.7445 -0.0008 -0.0005 1.0000
0.8320 -0.0943 -267.2473 -0.5627 0.2474 365.4641 -0.0010 -0.0003 1.0000
1.3736 -0.1136 -532.1120 -0.6436 0.3057 418.5151 -0.0008 -0.0005 1.0000
1.6692 -0.1611 -668.9101 -0.7393 0.3209 479.8217 -0.0007 -0.0006 1.0000
1.7283 -0.0924 -720.7478 -0.7955 0.3532 501.1919 -0.0007 -0.0005 1.0000
1.2722 -0.0442 -507.0320 -0.8210 0.3084 508.9701 -0.0009 -0.0004 1.0000
2.0200 -0.0104 -894.8899 -0.9739 0.4070 601.6726 -0.0006 -0.0005 1.0000
1.0324 -0.0229 -393.6533 -0.8287 0.2688 512.7730 -0.0009 -0.0004 1.0000
1.6625 -0.0081 -722.6568 -0.9731 0.3397 603.9363 -0.0007 -0.0004 1.0000
1.1752 -0.0121 -474.9662 -0.9305 0.2696 580.3978 -0.0009 -0.0004 1.0000
1.5206 -0.0019 -649.5000 -1.0913 0.3002 685.8996 -0.0008 -0.0004 1.0000
1.2107 0.0938 -525.1132 -1.0601 0.3084 651.7523 -0.0009 -0.0003 1.0000
1.2968 0.0643 -563.6338 -1.0985 0.2911 683.3400 -0.0009 -0.0003 1.0000
1.5199 0.0186 -661.8686 -1.2085 0.2746 766.4549 -0.0008 -0.0004 1.0000
1.2972 0.0478 -560.4257 -1.2106 0.2597 763.7927 -0.0009 -0.0004 1.0000
1.4298 -0.0475 -606.4865 -1.2336 0.2045 799.3730 -0.0008 -0.0006 1.0000
1.7623 0.0499 -816.9005 -1.3713 0.2687 875.8272 -0.0007 -0.0005 1.0000
1.8912 0.1472 -904.1899 -1.5700 0.3131 996.4917 -0.0007 -0.0004 1.0000
6.2766 0.3818 -3202.5211 -3.1452 0.7864 2025.4330 0.0007 -0.0010 1.0000
0.9629 0.1008 -419.7196 -1.3004 0.2061 825.6269 -0.0010 -0.0003 1.0000
1.7750 0.0733 -833.9994 -1.6205 0.2237 1053.0121 -0.0007 -0.0005 1.0000
4.6657 0.4130 -2403.6461 -3.1168 0.5944 2003.1832 0.0001 -0.0007 1.0000
1.4465 0.0989 -672.6703 -1.5624 0.1963 1017.0323 -0.0008 -0.0004 1.0000
2.0656 0.0246 -971.4378 -1.9465 0.1612 1293.2845 -0.0006 -0.0007 1.0000
3.1927 0.3014 -1620.8143 -2.4892 0.3657 1632.4383 -0.0003 -0.0006 1.0000
1.8805 0.1062 -898.6928 -1.9912 0.1747 1316.5419 -0.0007 -0.0005 1.0000
1.2394 0.0641 -556.2348 -1.6886 0.1112 1120.1046 -0.0009 -0.0005 1.0000
1.3092 0.0804 -588.9397 -1.8220 0.1135 1211.2302 -0.0008 -0.0005 1.0000
1.4797 0.1435 -690.8975 -1.9154 0.1489 1268.9399 -0.0008 -0.0004 1.0000
0.5486 0.0341 -179.7330 -1.5398 0.0382 1021.3469 -0.0011 -0.0004 1.0000
5.2350 0.3812 -2669.7295 -4.2646 0.3078 2858.2998 0.0004 -0.0010 1.0000
3.5454 0.3076 -1761.4787 -3.3831 0.2340 2256.8426 -0.0001 -0.0008 1.0000
1.7121 0.0923 -777.0452 -2.2897 0.0800 1521.9602 -0.0007 -0.0006 1.0000
1.2036 0.3034 -565.8401 -2.1600 0.2105 1377.7922 -0.0010 -0.0002 1.0000
0.6480 0.0990 -229.1737 -1.7670 0.0934 1137.4749 -0.0010 -0.0003 1.0000
0.0589 0.0816 72.5669 -1.3731 0.0715 872.1196 -0.0012 -0.0002 1.0000
1.7703 0.0680 -787.2841 -2.3464 0.1295 1511.8167 -0.0006 -0.0006 1.0000
1.5282 0.1418 -679.9227 -2.2260 0.1505 1418.8054 -0.0007 -0.0005 1.0000
0.9061 0.1583 -371.2364 -1.9223 0.1361 1210.7358 -0.0010 -0.0003 1.0000
0.6231 0.0357 -201.9820 -1.6393 0.0783 1038.9716 -0.0010 -0.0004 1.0000
1.2603 0.1974 -558.9033 -2.1861 0.1603 1370.2162 -0.0009 -0.0003 1.0000
1.0935 0.1878 -465.9082 -2.0990 0.1473 1313.1042 -0.0009 -0.0003 1.0000
0.4888 0.0840 -129.7547 -1.6071 0.1008 1003.9092 -0.0011 -0.0003 1.0000
0.3591 0.0374 -47.2521 -1.5994 0.0763 1001.3313 -0.0011 -0.0003 1.0000
0.7747 0.0719 -254.5942 -1.9487 0.1058 1219.7901 -0.0010 -0.0004 1.0000
0.5273 0.2260 -176.5700 -1.8588 0.1364 1151.8347 -0.0011 -0.0002 1.0000
0.5814 -0.0475 -126.6649 -1.7992 0.0415 1146.9432 -0.0009 -0.0005 1.0000
1.0187 0.2038 -424.6744 -2.2460 0.1281 1410.4209 -0.0009 -0.0003 1.0000
0.3154 0.0605 -34.9070 -1.6536 0.0549 1049.4904 -0.0011 -0.0003 1.0000
1.0137 0.0675 -396.2800 -2.1815 0.0613 1395.5998 -0.0009 -0.0005 1.0000
0.1261 -0.0538 82.4756 -1.4268 -0.0029 924.2834 -0.0011 -0.0004 1.0000
0.1775 0.0127 38.2490 -1.5638 0.0208 1006.3423 -0.0011 -0.0003 1.0000
0.4812 0.0628 -135.1700 -1.7226 0.0420 1111.0285 -0.0011 -0.0004 1.0000
0.1822 0.0658 13.2855 -1.6375 0.0300 1052.4114 -0.0012 -0.0003 1.0000
0.7435 0.0971 -277.9625 -2.0680 0.0435 1341.6922 -0.0010 -0.0004 1.0000
0.0520 0.0866 63.7042 -1.5169 0.0381 972.8225 -0.0012 -0.0002 1.0000
0.8321 0.1355 -344.1606 -2.1281 0.0443 1388.5558 -0.0010 -0.0004 1.0000
0.4816 0.0170 -141.4845 -1.8133 -0.0192 1196.3167 -0.0010 -0.0004 1.0000
0.2747 0.0803 -56.0785 -1.6687 0.0163 1089.3671 -0.0012 -0.0003 1.0000
0.2709 0.0384 -42.1069 -1.7229 -0.0168 1134.9288 -0.0011 -0.0003 1.0000
0.2871 0.0551 -55.6057 -1.6999 -0.0142 1123.7325 -0.0011 -0.0003 1.0000
0.3210 0.0537 -71.5221 -1.7627 -0.0266 1170.1772 -0.0011 -0.0003 1.0000
0.6333 0.1432 -254.0479 -2.0692 0.0244 1361.9867 -0.0010 -0.0003 1.0000
0.4286 0.1164 -142.9190 -1.9253 0.0146 1262.3137 -0.0011 -0.0003 1.0000
0.4286 0.1164 -142.9190 -1.9253 0.0146 1262.3137 -0.0011 -0.0003 1.0000
0.5898 0.1149 -214.9951 -1.9897 0.0208 1309.5035 -0.0010 -0.0003 1.0000
0.1051 0.0015 63.5068 -1.5672 -0.0289 1035.0541 -0.0012 -0.0003 1.0000
0.0339 0.0147 93.4920 -1.4809 -0.0054 966.8990 -0.0012 -0.0003 1.0000
0.9325 0.2110 -392.0066 -2.3083 0.1024 1497.1028 -0.0009 -0.0003 1.0000
0.0401 -0.0207 107.0580 -1.4264 -0.0114 932.0823 -0.0012 -0.0003 1.0000
0.3088 0.0289 -34.3819 -1.6467 0.0279 1066.9347 -0.0011 -0.0003 1.0000
0.3994 0.0646 -86.3416 -1.6509 0.0552 1062.4451 -0.0011 -0.0003 1.0000
-0.0908 0.0430 163.0211 -1.2854 0.0552 812.6742 -0.0013 -0.0002 1.0000
0.8924 0.0222 -320.5605 -1.9196 0.0891 1221.7792 -0.0009 -0.0004 1.0000
0.3554 0.0742 -62.5691 -1.5098 0.0961 949.9714 -0.0011 -0.0002 1.0000
-0.0398 0.0201 141.1638 -1.2058 0.0565 758.8543 -0.0013 -0.0002 1.0000
0.1272 0.0434 54.6767 -1.3252 0.0765 832.9605 -0.0012 -0.0002 1.0000
-0.2134 0.0399 222.8677 -1.0831 0.0684 676.1771 -0.0013 -0.0002 1.0000
0.7032 0.0218 -239.4126 -1.5478 0.1180 977.7010 -0.0011 -0.0003 1.0000
0.0663 0.0141 83.1162 -1.1919 0.0760 751.6542 -0.0013 -0.0002 1.0000
0.3721 -0.0047 -71.4428 -1.2994 0.0868 825.9411 -0.0012 -0.0003 1.0000
0.1242 -0.0223 57.6815 -1.1260 0.0653 718.5694 -0.0012 -0.0003 1.0000
0.2345 0.0028 -9.1440 -1.1433 0.0810 730.2964 -0.0012 -0.0003 1.0000
0.5372 0.0414 -189.3830 -1.2400 0.1189 786.7667 -0.0012 -0.0002 1.0000
0.4012 0.0018 -100.6837 -1.2089 0.1002 772.6773 -0.0012 -0.0003 1.0000
0.0787 0.0232 50.8785 -1.0423 0.0916 657.7072 -0.0013 -0.0002 1.0000
0.1259 -0.0271 38.6695 -0.9720 0.0702 622.0381 -0.0013 -0.0003 1.0000
-0.0133 -0.0289 109.6710 -0.9095 0.0613 580.1462 -0.0013 -0.0002 1.0000
0.4584 0.0317 -154.7265 -1.1020 0.1278 697.0020 -0.0012 -0.0002 1.0000
0.3676 -0.0203 -94.4893 -1.0201 0.0933 652.2463 -0.0012 -0.0003 1.0000
0.8605 -0.0173 -348.0155 -1.1303 0.1575 722.7826 -0.0010 -0.0003 1.0000
0.2599 -0.0267 -38.4175 -0.9289 0.0870 593.0514 -0.0012 -0.0002 1.0000
0.2282 -0.0202 -20.3507 -0.9280 0.0974 590.3040 -0.0012 -0.0002 1.0000
0.4519 -0.0222 -137.1014 -0.9949 0.1193 634.2050 -0.0012 -0.0003 1.0000
0.4151 -0.0187 -121.9337 -0.9356 0.1141 597.4543 -0.0012 -0.0002 1.0000
0.3330 -0.0066 -81.4854 -0.9260 0.1210 587.1778 -0.0012 -0.0002 1.0000
0.3217 -0.0489 -64.7059 -0.8745 0.0996 561.0674 -0.0012 -0.0003 1.0000
0.1176 -0.0264 36.4566 -0.8234 0.0963 523.0542 -0.0013 -0.0002 1.0000
0.2647 -0.0596 -29.4062 -0.8212 0.0974 527.9632 -0.0012 -0.0003 1.0000
0.2368 -0.0340 -21.1377 -0.7860 0.1135 499.8756 -0.0013 -0.0002 1.0000
0.4366 -0.0594 -115.4389 -0.8020 0.1331 510.7992 -0.0012 -0.0003 1.0000
0.2345 -0.0578 -11.5029 -0.7335 0.1182 462.9553 -0.0013 -0.0002 1.0000
0.1809 -0.0369 14.6332 -0.6697 0.1386 415.2406 -0.0013 -0.0002 1.0000
0.4987 -0.1207 -126.6711 -0.6138 0.1362 389.3900 -0.0011 -0.0003 1.0000
0.3571 -0.0730 -69.3884 -0.5647 0.1545 346.2754 -0.0012 -0.0002 1.0000
0.4876 -0.0413 -146.1096 -0.5789 0.1937 345.5956 -0.0012 -0.0002 1.0000
0.1574 -0.0540 25.5139 -0.4728 0.1445 282.8121 -0.0013 -0.0002 1.0000
0.2126 -0.0662 0.6445 -0.4904 0.1480 294.2431 -0.0013 -0.0002 1.0000
0.4810 -0.0496 -150.2888 -0.4819 0.1921 282.8232 -0.0012 -0.0002 1.0000
0.2548 -0.0694 -24.1705 -0.4264 0.1576 252.5390 -0.0013 -0.0002 1.0000
0.1880 -0.1032 17.0583 -0.3992 0.1322 239.5992 -0.0013 -0.0002 1.0000
0.2129 -0.0598 -6.6220 -0.4046 0.1615 235.6925 -0.0013 -0.0002 1.0000
0.2653 -0.0559 -30.7701 -0.3810 0.1839 217.0909 -0.0013 -0.0002 1.0000
0.2522 -0.0525 -23.9267 -0.3455 0.1831 194.9962 -0.0013 -0.0001 1.0000
0.3693 -0.1061 -67.2723 -0.3155 0.1817 179.7322 -0.0012 -0.0002 1.0000
0.1727 -0.1087 37.8421 -0.2827 0.1585 161.0057 -0.0013 -0.0002 1.0000
0.2201 -0.0684 3.1181 -0.2694 0.1898 145.0186 -0.0013 -0.0001 1.0000
0.0401 -0.1118 111.6930 -0.2639 0.1432 150.4022 -0.0013 -0.0002 1.0000
0.0964 -0.1141 87.0879 -0.2617 0.1588 146.7388 -0.0013 -0.0002 1.0000
0.0715 -0.0863 95.2625 -0.2137 0.1752 112.8658 -0.0013 -0.0001 1.0000
0.0855 -0.1293 100.0152 -0.2048 0.1669 109.1609 -0.0013 -0.0002 1.0000
0.1341 -0.1277 78.3513 -0.1685 0.1773 86.5062 -0.0013 -0.0002 1.0000
0.0640 -0.1350 117.4316 -0.1824 0.1644 97.0683 -0.0013 -0.0002 1.0000
-0.0672 -0.1479 187.4654 -0.1744 0.1338 96.8944 -0.0013 -0.0002 1.0000
-0.0737 -0.1518 191.2431 -0.1781 0.1327 98.6475 -0.0013 -0.0002 1.0000
-0.1255 -0.1364 215.9189 -0.1667 0.1380 89.7525 -0.0013 -0.0002 1.0000
-0.1544 -0.1660 239.7227 -0.1805 0.1212 102.2291 -0.0013 -0.0002 1.0000
0.0087 -0.1592 156.6377 -0.1502 0.1609 77.4429 -0.0013 -0.0002 1.0000
-0.0799 -0.1589 199.6771 -0.1585 0.1427 84.7376 -0.0013 -0.0002 1.0000
0.2260 -0.1299 38.8371 -0.0967 0.2137 35.7513 -0.0012 -0.0002 1.0000
-0.0406 -0.1195 173.2633 -0.1216 0.1762 54.2285 -0.0013 -0.0001 1.0000
0.1171 -0.1529 105.6304 -0.0532 0.1963 10.3847 -0.0012 -0.0002 1.0000
-0.1311 -0.1162 224.2259 -0.0855 0.1726 30.4341 -0.0013 -0.0001 1.0000
-0.2293 -0.1121 275.0971 -0.1299 0.1558 59.2197 -0.0014 -0.0001 1.0000
-0.2489 -0.1138 289.5196 -0.1169 0.1569 49.6045 -0.0014 -0.0001 1.0000
0.0285 -0.2526 199.2476 -0.0576 0.1841 11.8347 -0.0012 -0.0003 1.0000
-0.1991 -0.1307 278.4818 -0.1023 0.1766 34.9607 -0.0013 -0.0001 1.0000
-0.3233 -0.1339 347.5764 -0.0780 0.1654 20.3406 -0.0013 -0.0001 1.0000
-0.2563 -0.2093 339.0379 -0.0152 0.1597 -16.1671 -0.0013 -0.0002 1.0000
-0.2643 -0.2107 345.2626 -0.0112 0.1604 -19.2795 -0.0013 -0.0002 1.0000
-0.2969 -0.1438 351.1399 0.0356 0.1891 -55.6131 -0.0013 -0.0001 1.0000
-0.3063 -0.2444 383.8918 0.0129 0.1541 -32.7765 -0.0013 -0.0002 1.0000
-0.3557 -0.1512 384.8341 -0.0049 0.1756 -28.0242 -0.0013 -0.0001 1.0000
-0.4716 -0.1983 453.2936 -0.0263 0.1365 -6.2273 -0.0013 -0.0002 1.0000
-0.3703 -0.1837 409.9766 0.0103 0.1773 -36.1017 -0.0013 -0.0002 1.0000
-0.5438 -0.2025 493.3701 -0.0410 0.1242 6.1641 -0.0013 -0.0002 1.0000
-0.5909 -0.1395 501.5465 -0.0415 0.1397 2.5570 -0.0014 -0.0001 1.0000
-0.4587 -0.1590 446.5826 -0.0079 0.1711 -22.7579 -0.0013 -0.0001 1.0000
-0.3781 -0.2087 421.2542 -0.0252 0.1673 -8.2716 -0.0013 -0.0002 1.0000
-0.4920 -0.1392 453.8342 -0.0602 0.1570 14.5527 -0.0014 -0.0001 1.0000
-0.4806 -0.1382 445.4211 -0.0716 0.1561 22.9659 -0.0014 -0.0001 1.0000
-0.5083 -0.2050 475.7644 -0.0853 0.1248 40.4507 -0.0013 -0.0002 1.0000
-0.4953 -0.2173 468.0375 -0.1313 0.1164 72.0414 -0.0013 -0.0002 1.0000
-0.4627 -0.2556 462.1113 -0.1193 0.1042 70.9314 -0.0013 -0.0003 1.0000
-0.4572 -0.1958 442.1792 -0.1301 0.1254 73.9084 -0.0013 -0.0002 1.0000
-0.5607 -0.1707 481.4309 -0.1442 0.1093 82.9950 -0.0014 -0.0002 1.0000
-0.5455 -0.1694 470.6528 -0.1686 0.1087 98.7654 -0.0014 -0.0002 1.0000
-0.4728 -0.2200 450.2525 -0.1297 0.1031 80.1217 -0.0013 -0.0002 1.0000
-0.4740 -0.2464 452.9195 -0.1209 0.0843 78.8666 -0.0013 -0.0003 1.0000
-0.4959 -0.1677 439.9535 -0.1370 0.1154 79.2775 -0.0013 -0.0002 1.0000
-0.4862 -0.1665 432.7715 -0.1386 0.1152 80.4495 -0.0013 -0.0002 1.0000
-0.5146 -0.1311 438.5032 -0.1552 0.1307 86.3300 -0.0014 -0.0001 1.0000
-0.5090 -0.1307 434.4214 -0.1558 0.1306 86.7836 -0.0014 -0.0001 1.0000
-0.5789 -0.1286 468.1287 -0.1792 0.1147 102.6496 -0.0014 -0.0001 1.0000
-0.5019 -0.2670 472.4470 -0.1593 0.0722 105.5034 -0.0013 -0.0003 1.0000
-0.5253 -0.2359 476.3446 -0.1665 0.0882 104.2012 -0.0013 -0.0003 1.0000
-0.5416 -0.2263 484.6952 -0.1539 0.0899 96.2628 -0.0013 -0.0003 1.0000
-0.5200 -0.2117 482.5608 -0.1307 0.1294 74.8899 -0.0013 -0.0002 1.0000
-0.6072 -0.1767 514.2582 -0.1394 0.1288 75.7108 -0.0013 -0.0002 1.0000
-0.5599 -0.1929 499.2106 -0.1316 0.1344 71.6524 -0.0013 -0.0002 1.0000
-0.6148 -0.1175 505.0990 -0.1412 0.1497 70.5816 -0.0014 -0.0001 1.0000
-0.6239 -0.1740 522.5821 -0.1481 0.1193 82.5395 -0.0013 -0.0002 1.0000
-0.5885 -0.2200 519.5775 -0.1428 0.1140 81.8654 -0.0013 -0.0002 1.0000
-0.5948 -0.2213 524.4676 -0.1478 0.1131 85.6597 -0.0013 -0.0002 1.0000
-0.4332 -0.2189 470.0721 -0.0162 0.1985 -4.3818 -0.0012 -0.0002 1.0000
-0.5999 -0.1843 530.1686 -0.1612 0.1406 92.9924 -0.0013 -0.0002 1.0000
-0.7952 -0.0195 577.9572 -0.2575 0.1672 139.4907 -0.0015 0.0000 1.0000
1.0000 0.0000 0.0000 0.0000 1.0000 0.0000 0.0000 0.0000 1.0000
-0.8108 -0.1526 626.0108 -0.3681 0.0887 235.5124 -0.0014 -0.0002 1.0000
-0.8263 -0.1308 636.7601 -0.4109 0.1155 261.0231 -0.0014 -0.0001 1.0000
-0.8122 -0.1843 646.4373 -0.4535 0.0778 303.2038 -0.0013 -0.0002 1.0000
-0.8580 -0.1054 651.6879 -0.5337 0.1226 343.9864 -0.0014 -0.0001 1.0000
-0.8386 -0.1039 637.7379 -0.5496 0.1213 355.4657 -0.0014 -0.0001 1.0000
-0.8193 -0.1692 639.2145 -0.5639 0.0509 384.0477 -0.0013 -0.0002 1.0000
-0.8147 -0.1685 635.7893 -0.5885 0.0470 402.3165 -0.0013 -0.0002 1.0000
-0.7526 -0.0703 593.7993 -0.6306 0.1652 413.2958 -0.0014 -0.0001 1.0000
-0.7989 -0.0838 611.3246 -0.6490 0.1250 427.0391 -0.0014 -0.0001 1.0000
-0.8592 0.0021 617.2880 -0.6904 0.1809 433.2789 -0.0014 -0.0000 1.0000
-0.8102 -0.0582 603.9107 -0.6592 0.1365 426.4937 -0.0014 -0.0001 1.0000
-0.6862 -0.2971 600.0811 -0.5547 -0.0518 418.5568 -0.0012 -0.0004 1.0000
-0.8030 0.0184 581.5552 -0.6489 0.2099 403.6071 -0.0014 0.0000 1.0000
-0.8047 0.0398 576.7520 -0.6800 0.2330 416.5412 -0.0014 0.0000 1.0000
-0.7257 -0.0908 571.4908 -0.6253 0.1324 415.5047 -0.0013 -0.0001 1.0000
-0.7487 -0.1493 594.2016 -0.6285 0.0688 430.1682 -0.0013 -0.0002 1.0000
-0.8320 -0.0590 606.7765 -0.6851 0.1193 441.9300 -0.0014 -0.0001 1.0000
-0.7933 -0.1098 601.9440 -0.6468 0.0878 429.5685 -0.0014 -0.0002 1.0000
-0.7704 -0.1423 602.6913 -0.6350 0.0760 427.3172 -0.0013 -0.0002 1.0000
-0.8013 -0.1125 609.3239 -0.6045 0.1009 397.3409 -0.0014 -0.0002 1.0000
-0.8286 -0.0777 609.7885 -0.5942 0.1172 380.6074 -0.0014 -0.0001 1.0000
-0.8043 -0.1608 620.5242 -0.5401 0.0599 362.8440 -0.0013 -0.0002 1.0000
-0.8585 0.0012 616.9896 -0.5804 0.1950 353.8350 -0.0014 -0.0000 1.0000
-0.8138 -0.0122 604.4194 -0.5504 0.2132 334.9947 -0.0014 -0.0000 1.0000
-0.7721 -0.0892 591.1918 -0.5400 0.1415 341.5868 -0.0014 -0.0001 1.0000
-0.7706 -0.0332 591.0278 -0.5353 0.2122 327.9422 -0.0014 -0.0001 1.0000
-0.8098 -0.1604 626.5572 -0.4876 0.0825 321.5885 -0.0013 -0.0002 1.0000
-0.7867 0.0022 578.9159 -0.5430 0.2253 322.4776 -0.0014 0.0000 1.0000
-0.8607 0.0449 593.6892 -0.5343 0.2185 309.6595 -0.0015 0.0001 1.0000
-0.8938 0.1214 586.8340 -0.5920 0.2710 328.1534 -0.0015 0.0002 1.0000
-0.8719 0.1186 572.6979 -0.5892 0.2706 326.3863 -0.0015 0.0002 1.0000
-0.7817 -0.0284 558.9880 -0.5597 0.1701 336.9288 -0.0014 -0.0000 1.0000
-0.7608 -0.0021 537.3672 -0.5598 0.1963 329.9449 -0.0015 0.0000 1.0000
-0.7502 -0.0023 530.1562 -0.5598 0.1963 329.9449 -0.0015 0.0000 1.0000
-0.7112 0.0020 507.7448 -0.5654 0.2051 333.4101 -0.0015 0.0000 1.0000
-0.6032 -0.0524 470.1275 -0.5401 0.1929 329.7421 -0.0014 -0.0001 1.0000
-0.7042 0.0197 497.9944 -0.5863 0.2182 343.2661 -0.0015 0.0001 1.0000
-0.7212 0.0357 500.3147 -0.6162 0.2237 358.3763 -0.0015 0.0001 1.0000
-0.6678 -0.0819 499.7855 -0.5757 0.1214 361.6878 -0.0014 -0.0001 1.0000
-0.7106 -0.0032 504.7579 -0.6323 0.1918 378.1367 -0.0015 0.0000 1.0000
-0.6126 -0.0901 476.3752 -0.5863 0.1341 371.2687 -0.0014 -0.0001 1.0000
-0.6578 -0.0816 493.0626 -0.6205 0.1214 390.1863 -0.0014 -0.0001 1.0000
-0.6191 -0.1276 481.3987 -0.6069 0.0775 394.5398 -0.0014 -0.0002 1.0000
-0.5456 -0.1324 438.7291 -0.5929 0.0764 388.3334 -0.0014 -0.0002 1.0000
-0.4801 -0.1194 396.8297 -0.5951 0.1033 385.3514 -0.0014 -0.0002 1.0000
-0.4797 -0.0850 376.0254 -0.6146 0.1047 391.1451 -0.0014 -0.0001 1.0000
-0.4409 -0.0818 348.6152 -0.6187 0.1044 394.0818 -0.0014 -0.0001 1.0000
-0.3872 -0.0811 317.5051 -0.6205 0.1180 395.0218 -0.0014 -0.0001 1.0000
-0.3247 -0.1096 289.4431 -0.5911 0.0982 385.3381 -0.0014 -0.0002 1.0000
-0.3105 -0.1606 294.0430 -0.5805 0.0320 396.8573 -0.0013 -0.0003 1.0000
-0.3159 -0.1263 283.8953 -0.5791 0.0585 385.1394 -0.0014 -0.0002 1.0000
-0.2981 -0.1194 275.8189 -0.5813 0.0799 384.3134 -0.0014 -0.0002 1.0000
-0.3228 -0.0786 276.7251 -0.5986 0.1220 380.0453 -0.0014 -0.0001 1.0000
-0.2723 -0.1434 272.0062 -0.5554 0.0691 373.9659 -0.0013 -0.0002 1.0000
-0.2261 -0.1388 251.2103 -0.5407 0.1047 360.5108 -0.0013 -0.0002 1.0000
-0.2371 -0.1405 259.6232 -0.5344 0.1057 355.7035 -0.0013 -0.0002 1.0000
-0.1910 -0.1519 233.2856 -0.5418 0.0813 362.5940 -0.0013 -0.0002 1.0000
-0.2052 -0.1545 244.1030 -0.5183 0.0857 344.5658 -0.0013 -0.0002 1.0000
-0.1361 -0.1756 218.9827 -0.4021 0.0995 272.7379 -0.0013 -0.0003 1.0000
-0.0497 -0.1650 178.9591 -0.3394 0.1485 226.0226 -0.0012 -0.0002 1.0000
-0.2181 -0.1692 266.5117 -0.3874 0.0996 254.3105 -0.0013 -0.0002 1.0000
-0.2238 -0.1770 269.5798 -0.3108 0.0905 204.2168 -0.0013 -0.0003 1.0000
-0.2548 -0.1858 290.9242 -0.3032 0.0912 194.8444 -0.0013 -0.0003 1.0000
-0.2657 -0.1881 299.3374 -0.2799 0.0962 176.8163 -0.0013 -0.0003 1.0000
-0.1629 -0.1231 237.3638 -0.2807 0.1695 161.4006 -0.0013 -0.0002 1.0000
-0.4076 -0.0968 352.0340 -0.3083 0.1276 178.0787 -0.0014 -0.0001 1.0000
-0.3497 -0.1810 349.7288 -0.2270 0.1053 136.3467 -0.0013 -0.0003 1.0000
-0.3978 -0.1425 360.8350 -0.2642 0.1049 155.9004 -0.0014 -0.0002 1.0000
-0.4747 -0.0948 389.5097 -0.2509 0.1167 142.3820 -0.0014 -0.0001 1.0000
-0.3946 -0.1050 358.1362 -0.2667 0.1384 150.0027 -0.0014 -0.0001 1.0000
-0.4386 -0.1168 383.3368 -0.2807 0.1218 161.1196 -0.0014 -0.0002 1.0000
-0.4968 -0.0551 396.3155 -0.2862 0.1382 158.5069 -0.0014 -0.0001 1.0000
-0.4626 -0.1298 397.8686 -0.2701 0.1043 158.2884 -0.0014 -0.0002 1.0000
-0.4377 -0.0816 370.0174 -0.3034 0.1247 172.9554 -0.0014 -0.0001 1.0000
-0.2646 -0.0808 285.9193 -0.2667 0.1674 144.9636 -0.0013 -0.0001 1.0000
-0.3990 -0.0642 341.7189 -0.3215 0.1364 181.4835 -0.0014 -0.0001 1.0000
-0.2938 -0.1006 296.7201 -0.3041 0.1337 173.8226 -0.0014 -0.0002 1.0000
-0.1824 -0.0820 237.6509 -0.2929 0.1704 159.6138 -0.0013 -0.0001 1.0000
-0.1840 -0.0821 238.8529 -0.2737 0.1723 145.1913 -0.0013 -0.0001 1.0000
-0.1652 -0.0541 224.7291 -0.2867 0.1909 146.9695 -0.0013 -0.0001 1.0000
0.1414 -0.1441 105.1623 -0.2187 0.2347 98.6793 -0.0012 -0.0002 1.0000
0.7607 -0.2142 -179.1565 -0.2133 0.3314 75.9902 -0.0010 -0.0003 1.0000
0.0256 -0.0331 125.1712 -0.1847 0.2323 64.9555 -0.0013 -0.0001 1.0000
-0.1504 -0.1236 246.2288 -0.1765 0.1920 64.6562 -0.0013 -0.0002 1.0000
-0.2164 -0.1153 275.2208 -0.1622 0.1803 54.3089 -0.0013 -0.0002 1.0000
1.0000 0.0000 0.0000 0.0000 1.0000 0.0000 0.0000 0.0000 1.0000
1.0000 0.0000 0.0000 0.0000 1.0000 0.0000 0.0000 0.0000 1.0000
1.0000 0.0000 0.0000 0.0000 1.0000 0.0000 0.0000 0.0000 1.0000
1.0000 0.0000 0.0000 0.0000 1.0000 0.0000 0.0000 0.0000 1.0000
1.0000 0.0000 0.0000 0.0000 1.0000 0.0000 0.0000 0.0000 1.0000
1.0000 0.0000 0.0000 0.0000 1.0000 0.0000 0.0000 0.0000 1.0000
1.0000 0.0000 0.0000 0.0000 1.0000 0.0000 0.0000 0.0000 1.0000
1.0000 0.0000 0.0000 0.0000 1.0000 0.0000 0.0000 0.0000 1.0000
1.0000 0.0000 0.0000 0.0000 1.0000 0.0000 0.0000 0.0000 1.0000
1.0000 0.0000 0.0000 0.0000 1.0000 0.0000 0.0000 0.0000 1.0000
1.0000 0.0000 0.0000 0.0000 1.0000 0.0000 0.0000 0.0000 1.0000
1.0000 0.0000 0.0000 0.0000 1.0000 0.0000 0.0000 0.0000 1.0000
1.0000 0.0000 0.0000 0.0000 1.0000 0.0000 0.0000 0.0000 1.0000
1.0000 0.0000 0.0000 0.0000 1.0000 0.0000 0.0000 0.0000 1.0000
1.0000 0.0000 0.0000 0.0000 1.0000 0.0000 0.0000 0.0000 1.0000
1.0000 0.0000 0.0000 0.0000 1.0000 0.0000 0.0000 0.0000 1.0000
1.0000 0.0000 0.0000 0.0000 1.0000 0.0000 0.0000 0.0000 1.0000
1.0000 0.0000 0.0000 0.0000 1.0000 0.0000 0.0000 0.0000 1.0000
1.0000 0.0000 0.0000 0.0000 1.0000 0.0000 0.0000 0.0000 1.0000
1.0000 0.0000 0.0000 0.0000 1.0000 0.0000 0.0000 0.0000 1.0000
1.0000 0.0000 0.0000 0.0000 1.0000 0.0000 0.0000 0.0000 1.0000
1.0000 0.0000 0.0000 0.0000 1.0000 0.0000 0.0000 0.0000 1.0000
1.0000 0.0000 0.0000 0.0000 1.0000 0.0000 0.0000 0.0000 1.0000
1.0000 0.0000 0.0000 0.0000 1.0000 0.0000 0.0000 0.0000 1.0000
0.2520 -0.0814 -43.4770 -0.2130 0.1782 88.2047 -0.0012 -0.0003 1.0000
0.6855 -0.0496 -279.3665 -0.3152 0.2358 148.8351 -0.0012 -0.0002 1.0000
0.1823 0.0039 -27.6707 -0.3239 0.1725 171.5933 -0.0014 -0.0001 1.0000
0.7029 -0.0369 -281.1567 -0.3776 0.2229 213.9890 -0.0012 -0.0002 1.0000
0.3806 -0.0596 -93.7477 -0.4836 0.1976 287.3016 -0.0012 -0.0002 1.0000
0.9396 -0.1093 -368.5203 -0.4297 0.1948 290.5365 -0.0011 -0.0003 1.0000
0.1727 -0.0909 35.0482 -0.5362 0.1086 352.0233 -0.0013 -0.0002 1.0000
0.4278 -0.0653 -97.1585 -0.4607 0.1899 290.1306 -0.0012 -0.0002 1.0000
0.2106 -0.1057 36.7346 -0.4516 0.1607 282.8427 -0.0012 -0.0002 1.0000
-0.0015 -0.1269 156.4502 -0.4966 0.1218 311.6086 -0.0013 -0.0002 1.0000
-0.2120 -0.1094 265.6246 -0.4581 0.1003 285.3668 -0.0013 -0.0002 1.0000
0.2901 -0.0765 2.7504 -0.4675 0.1886 280.1810 -0.0012 -0.0002 1.0000
0.2504 -0.1740 50.9271 -0.4478 0.1415 277.9737 -0.0012 -0.0003 1.0000
0.2085 -0.0962 51.8638 -0.4454 0.1711 266.8411 -0.0012 -0.0002 1.0000
0.4847 -0.0829 -86.7852 -0.4420 0.2114 263.2481 -0.0012 -0.0002 1.0000
0.1137 -0.0890 98.0524 -0.4193 0.1670 249.1914 -0.0013 -0.0002 1.0000
0.3392 -0.1287 -10.2258 -0.4466 0.1829 264.7640 -0.0012 -0.0002 1.0000
0.2245 -0.1266 39.7617 -0.4040 0.1562 241.2855 -0.0012 -0.0002 1.0000
0.4940 -0.1219 -104.8970 -0.4150 0.1868 244.7018 -0.0012 -0.0003 1.0000
0.3370 -0.1431 -28.0535 -0.3658 0.1519 217.9033 -0.0012 -0.0003 1.0000
0.2688 -0.0802 -20.4822 -0.3460 0.1650 196.7802 -0.0013 -0.0002 1.0000
0.3075 -0.0839 -42.8854 -0.3856 0.1882 220.9746 -0.0013 -0.0002 1.0000
-0.0092 -0.1034 133.9839 -0.4846 0.1030 305.7501 -0.0013 -0.0002 1.0000
0.1508 -0.0871 41.5309 -0.5257 0.1218 340.0394 -0.0013 -0.0002 1.0000
0.2582 -0.1100 -6.1532 -0.5861 0.0937 399.4437 -0.0012 -0.0003 1.0000
0.6794 -0.1466 -210.7784 -0.5732 0.1215 411.8611 -0.0011 -0.0003 1.0000
0.0612 -0.1102 98.6351 -0.6182 0.0713 417.7204 -0.0013 -0.0002 1.0000
0.9235 -0.1038 -338.4464 -0.6042 0.1951 424.4588 -0.0011 -0.0003 1.0000
0.9157 -0.0836 -337.4199 -0.5396 0.2199 375.4635 -0.0011 -0.0002 1.0000
-0.1532 -0.0865 216.2367 -0.6185 0.0800 406.5613 -0.0013 -0.0002 1.0000
0.3322 -0.1814 -10.8156 -0.5723 0.0751 396.6560 -0.0012 -0.0003 1.0000
0.2393 -0.1274 23.5479 -0.5698 0.1020 380.4900 -0.0012 -0.0003 1.0000
0.4942 -0.1094 -118.0214 -0.5254 0.1401 348.1288 -0.0012 -0.0003 1.0000
0.6064 -0.1233 -173.7609 -0.4656 0.1611 305.8287 -0.0011 -0.0003 1.0000
0.6216 -0.1196 -186.9813 -0.4504 0.1647 292.6084 -0.0011 -0.0003 1.0000
0.6672 -0.1047 -220.0021 -0.3907 0.1741 252.2706 -0.0012 -0.0003 1.0000
0.4414 -0.0972 -107.6998 -0.4021 0.1508 255.8559 -0.0012 -0.0002 1.0000
0.8530 -0.0538 -329.0997 -0.3741 0.2425 230.1813 -0.0011 -0.0002 1.0000
0.5606 -0.1370 -157.6241 -0.3969 0.1534 257.9243 -0.0012 -0.0003 1.0000
0.5866 -0.0366 -204.3345 -0.3497 0.2001 216.4180 -0.0012 -0.0001 1.0000
0.6684 -0.1132 -227.1534 -0.3391 0.1771 221.3510 -0.0012 -0.0003 1.0000
0.7197 -0.0895 -270.3841 -0.3666 0.1882 236.9861 -0.0012 -0.0002 1.0000
0.9562 0.0391 -443.4967 -0.4149 0.2753 251.5544 -0.0012 -0.0001 1.0000
1.0098 -0.0927 -437.0750 -0.3166 0.2337 211.8328 -0.0011 -0.0003 1.0000
1.0497 -0.1267 -470.8965 -0.3614 0.1425 263.2438 -0.0011 -0.0004 1.0000
0.7989 -0.0744 -357.6509 -0.4209 0.1471 291.9624 -0.0012 -0.0002 1.0000
1.3966 -0.0787 -689.9056 -0.3949 0.1927 298.1906 -0.0010 -0.0003 1.0000
1.1416 -0.1126 -541.8429 -0.4037 0.1225 310.7310 -0.0011 -0.0004 1.0000
1.0221 -0.0620 -489.8709 -0.4399 0.1560 317.3182 -0.0011 -0.0003 1.0000
1.0023 -0.0451 -481.0161 -0.4397 0.1822 312.1582 -0.0012 -0.0002 1.0000
1.1130 -0.0971 -525.3103 -0.4457 0.1506 330.8905 -0.0011 -0.0003 1.0000
1.5000 -0.1245 -725.0689 -0.3711 0.1566 306.8484 -0.0009 -0.0004 1.0000
0.8980 -0.0598 -421.0433 -0.4572 0.1450 327.7853 -0.0012 -0.0003 1.0000
1.1099 -0.0849 -531.5577 -0.4029 0.1414 305.1099 -0.0011 -0.0003 1.0000
1.2612 -0.0840 -612.9338 -0.3341 0.1848 259.6372 -0.0010 -0.0003 1.0000
1.0167 -0.1093 -477.6641 -0.3115 0.1431 239.3794 -0.0011 -0.0003 1.0000
1.0259 -0.1065 -486.0772 -0.2957 0.1479 224.9569 -0.0011 -0.0003 1.0000
1.7979 -0.0744 -917.9904 -0.1658 0.2498 152.4113 -0.0010 -0.0003 1.0000
2.0005 -0.0894 -1015.3302 -0.0185 0.3001 59.0022 -0.0009 -0.0003 1.0000
2.8379 -0.1340 -1443.4525 0.1759 0.4236 -54.2703 -0.0006 -0.0004 1.0000
0.7516 -0.0411 -346.1911 -0.2498 0.1815 164.8008 -0.0012 -0.0002 1.0000
0.9623 -0.1140 -428.3448 -0.1517 0.1734 115.3130 -0.0011 -0.0003 1.0000
1.2695 -0.1547 -570.8221 -0.0377 0.2342 35.3502 -0.0010 -0.0004 1.0000
1.4794 -0.2000 -663.9852 0.0448 0.2354 -16.0275 -0.0009 -0.0005 1.0000
0.6705 -0.1227 -248.0396 -0.0698 0.1729 40.8526 -0.0011 -0.0003 1.0000
0.7726 -0.1049 -303.0393 -0.0051 0.2172 -14.5896 -0.0011 -0.0002 1.0000
0.5530 -0.1409 -174.5516 -0.0305 0.1664 7.8424 -0.0012 -0.0003 1.0000
0.6337 -0.0681 -232.1328 -0.0336 0.2179 -3.0953 -0.0012 -0.0002 1.0000
0.3785 -0.0952 -87.4424 -0.0532 0.1669 17.3644 -0.0012 -0.0002 1.0000
1.8269 -0.0880 -844.6312 0.1832 0.3833 -153.5390 -0.0009 -0.0002 1.0000
1.8470 -0.1399 -830.2173 0.0856 0.3496 -80.0888 -0.0008 -0.0003 1.0000
7.7959 -0.1636 -3887.9717 0.8633 1.1397 -619.7664 0.0007 -0.0006 1.0000
0.7295 -0.1284 -237.9127 -0.0540 0.2039 23.9846 -0.0011 -0.0003 1.0000
0.4942 -0.1560 -101.2906 -0.1381 0.1605 85.2394 -0.0011 -0.0003 1.0000
0.6569 -0.1310 -179.9390 -0.1769 0.1984 108.4111 -0.0011 -0.0003 1.0000
0.9581 -0.1536 -312.8193 -0.1306 0.2243 90.1130 -0.0010 -0.0003 1.0000
1.0401 -0.1364 -353.4533 -0.1532 0.2408 104.9374 -0.0010 -0.0003 1.0000
0.6785 0.0040 -205.6136 -0.2692 0.2545 162.2090 -0.0012 -0.0001 1.0000
0.5258 -0.1766 -77.2530 -0.2846 0.1474 195.7206 -0.0011 -0.0003 1.0000
0.0151 -0.1469 175.8408 -0.3391 0.1044 224.0146 -0.0012 -0.0002 1.0000
0.3099 -0.1287 29.8338 -0.3353 0.1464 222.1579 -0.0012 -0.0002 1.0000
-0.0014 -0.1781 204.0047 -0.3622 0.0921 243.8575 -0.0012 -0.0003 1.0000
0.3178 -0.1226 42.7639 -0.3873 0.1637 255.1797 -0.0011 -0.0002 1.0000
0.2359 -0.2118 109.8068 -0.4164 0.1065 287.5067 -0.0011 -0.0003 1.0000
0.9903 -0.2431 -237.1733 -0.4462 0.1784 320.4934 -0.0009 -0.0004 1.0000
0.2009 -0.1856 129.0698 -0.4901 0.1012 336.4953 -0.0011 -0.0003 1.0000
-0.0800 -0.1705 265.5043 -0.5304 0.0800 357.2338 -0.0012 -0.0003 1.0000
0.0623 -0.0954 177.6841 -0.5425 0.1251 359.1079 -0.0012 -0.0002 1.0000
0.4448 -0.1335 8.2662 -0.5358 0.1580 363.2046 -0.0011 -0.0002 1.0000
0.3690 -0.1466 47.1218 -0.5735 0.1389 387.2851 -0.0011 -0.0003 1.0000
0.0177 -0.2042 233.4282 -0.5472 0.0769 373.4947 -0.0012 -0.0003 1.0000
0.2088 -0.2485 152.7391 -0.5586 0.0829 384.3478 -0.0011 -0.0004 1.0000
-0.1654 -0.1050 296.8020 -0.5901 0.1008 383.7428 -0.0012 -0.0002 1.0000
-0.3128 -0.1345 371.6398 -0.5646 0.0671 369.3574 -0.0013 -0.0002 1.0000
0.0182 -0.1900 232.8138 -0.5927 0.0809 395.2366 -0.0012 -0.0003 1.0000
-0.2368 -0.1039 332.0525 -0.5842 0.0896 375.9036 -0.0013 -0.0002 1.0000
0.1508 -0.0987 145.9992 -0.6328 0.1298 406.2796 -0.0012 -0.0002 1.0000
1.4957 -0.2224 -469.7668 -0.8176 0.2132 538.5314 -0.0007 -0.0005 1.0000
1.4972 -0.2215 -471.8353 -0.8129 0.2161 532.3053 -0.0007 -0.0005 1.0000
0.1105 -0.1147 168.4823 -0.6915 0.1116 441.9194 -0.0012 -0.0003 1.0000
0.1129 -0.1142 166.4054 -0.6855 0.1129 436.7327 -0.0012 -0.0003 1.0000
1.1094 -0.2713 -267.2120 -0.7993 0.1544 526.4520 -0.0008 -0.0005 1.0000
1.1094 -0.2713 -267.2120 -0.7993 0.1544 526.4520 -0.0008 -0.0005 1.0000
0.0876 -0.0394 157.8748 -0.6713 0.1341 421.6593 -0.0012 -0.0002 1.0000
0.0494 -0.1363 199.9170 -0.6674 0.1003 426.8173 -0.0012 -0.0003 1.0000
0.0599 -0.1317 190.1816 -0.6675 0.1003 426.8398 -0.0012 -0.0003 1.0000
-0.2216 -0.0973 309.8139 -0.6017 0.0837 381.2695 -0.0013 -0.0002 1.0000
