254.697183 146.565728 586.415493 163.392019 641.701878 463.861502 330.415493 398.960094 
252.277778 147.581432 586.266917 163.598673 642.030645 463.773636 330.584290 398.518209 
252.564614 146.852442 585.611461 162.551620 640.500000 462.659624 330.569905 398.389716 
252.436454 147.492298 587.243877 163.399438 641.782643 465.635098 329.352473 399.453339 
252.128909 148.506848 587.224009 162.827151 643.073192 464.269538 330.941951 400.144219 
252.259272 147.879020 586.966533 164.114820 642.883251 464.330372 330.069342 399.349705 
252.373534 149.432964 587.896596 164.340016 643.408910 466.636486 330.990786 402.375428 
253.023336 149.874430 588.249861 165.231662 643.725021 467.219880 330.366323 401.837149 
253.796774 150.452075 589.009632 165.548731 645.243816 468.541875 332.178879 401.396580 
253.536423 149.813555 589.593694 165.644947 645.003565 467.160998 331.254165 402.396214 
253.645252 150.464731 589.039141 166.392264 645.993699 468.064684 332.208318 403.119998 
253.250799 150.764119 589.732658 165.913776 646.344535 468.109569 332.188487 403.524189 
252.778170 151.541548 590.375301 167.459332 646.887994 470.469779 330.333919 402.410653 
253.368747 151.276055 591.013164 167.053117 647.247349 467.528312 332.503779 404.579598 
254.269362 152.099274 591.531545 167.588256 648.039251 467.935539 332.153422 404.340176 
254.910840 153.087301 592.636295 168.326949 649.256416 470.434745 332.628581 403.511134 
254.923249 153.522210 593.319248 168.562033 648.009510 468.674847 333.540501 405.781046 
256.160116 153.951145 595.212641 168.125878 651.698116 469.908602 334.511007 405.588353 
256.945544 154.813191 595.488256 169.811919 651.912042 469.786475 334.796083 404.791988 
258.080132 155.214169 597.740843 170.151447 652.943827 471.494793 337.962097 406.550106 
261.032467 156.471344 598.567611 170.152830 656.183422 471.677645 338.788865 406.904097 
261.172362 156.599388 600.453355 171.047655 656.002661 472.212028 339.026072 408.656270 
262.245493 156.224513 601.436897 170.836659 657.340752 472.269953 340.571492 409.124562 
263.795646 157.904502 602.923382 172.842096 657.007659 471.100971 342.046286 409.063125 
265.261460 158.804162 603.657458 173.160356 659.714977 473.273171 343.280087 408.273630 
265.387194 159.808000 605.127035 174.090097 660.890012 473.724941 343.974243 410.116870 
267.310576 159.275049 606.215292 175.354345 660.754057 476.075039 343.368740 410.174031 
268.641963 161.858761 606.321997 177.140896 661.695888 473.835569 346.543251 410.941768 
269.657524 162.837990 607.616684 177.158293 662.749852 475.736619 348.419192 410.579239 
270.877342 163.704186 607.679771 178.962828 665.159687 476.021623 350.413042 412.158564 
272.220721 164.914092 609.213486 180.280352 665.127080 477.728001 350.689595 413.191839 
272.926719 166.703429 609.724882 182.353902 666.692601 479.701492 350.553061 413.969508 
273.428153 168.107408 610.019365 183.500659 668.116589 479.074056 353.163190 416.083376 
275.495280 169.703683 612.038162 185.309502 668.354814 481.141552 352.167348 415.325706 
276.511149 171.328401 611.925481 185.166713 668.481347 480.024907 354.269285 417.123187 
277.523875 173.390628 613.458812 187.746822 672.319207 481.330987 356.482942 417.445924 
278.608586 174.109933 615.028444 187.750955 672.437671 483.567945 358.283717 419.104366 
279.193049 175.979443 616.066430 187.910375 673.615633 481.270944 359.200477 419.510824 
280.716527 177.518708 617.193978 188.353402 675.580942 482.094003 360.170952 420.697402 
281.413238 178.896582 617.303674 189.413700 677.793532 482.404157 360.446088 421.957025 
282.613962 179.339907 618.595686 189.914544 678.181662 480.494041 362.530901 422.739101 
283.538094 179.363828 619.724991 189.527824 680.094843 482.967697 364.447244 423.021269 
285.897482 180.750703 620.823367 190.619420 682.365130 483.113880 365.990173 423.502483 
286.693089 182.588128 622.195109 191.671093 682.506845 484.739485 367.426169 425.803531 
288.988574 183.508323 624.117310 193.122672 684.451040 484.290450 369.459087 425.264930 
289.957460 184.684710 625.216387 193.515329 685.572868 484.770440 371.157712 427.221237 
291.737772 185.195609 626.612950 194.181526 689.514369 485.306231 373.809148 427.796361 
294.465488 186.770314 629.741219 195.528038 690.672483 484.489422 375.661609 428.103227 
297.095495 188.147399 631.921699 196.473451 694.961802 486.088580 379.761290 427.818732 
301.263910 189.493378 635.313851 197.068207 697.427445 487.941624 382.314576 428.857962 
305.084853 190.700106 638.837925 197.632255 701.718571 487.289254 386.905295 429.907643 
308.879906 191.548795 642.046149 198.952489 704.360575 488.313540 390.937518 430.934909 
311.142111 192.291017 643.634047 199.127300 707.646513 488.105425 393.177504 432.182395 
313.686118 193.595602 645.801162 200.298189 711.665533 489.003004 394.571477 432.148801 
315.030435 195.884308 647.805601 200.388348 712.110923 490.106597 397.954874 434.292071 
315.624256 196.255453 648.285724 201.874804 713.735185 489.805437 399.402902 434.602453 
318.532336 197.985370 650.399684 202.531498 715.344371 489.587013 400.362641 434.384029 
318.896701 197.999651 649.664843 204.155869 714.965674 490.946838 401.606976 435.132312 
319.535605 199.323649 649.925462 205.154058 715.355610 491.491934 403.104804 437.074781 
319.616634 201.976174 649.809099 205.284307 716.289038 493.394348 404.106424 437.545165 
320.584247 202.239075 650.129801 207.490583 716.232701 491.669705 405.492573 437.438277 
319.731225 203.550598 649.429969 208.208820 716.845943 493.779857 406.277971 438.483609 
321.241131 203.892119 650.446184 208.348677 718.220966 494.597462 406.456968 437.188235 
321.293778 204.738232 649.382757 209.632863 717.178566 493.149142 406.631558 439.096627 
321.919915 206.123179 649.813723 211.148389 717.419068 493.500124 408.025194 440.211205 
321.947804 207.801182 648.926872 212.970811 717.424463 494.715620 407.246692 440.434510 
323.448143 209.201380 649.352388 213.334223 718.105196 495.696008 408.968488 440.493025 
323.356451 209.483352 648.616617 214.850682 717.855167 495.004229 410.846604 442.251434 
322.907013 212.096959 648.577260 216.484355 717.780803 495.447258 411.517013 444.497865 
325.157941 212.857177 647.796887 217.831786 718.152075 495.699248 411.147616 444.531838 
324.914058 214.531441 647.586107 219.912073 717.274530 496.393317 412.008938 445.641965 
323.855701 216.850879 646.782604 222.432331 716.949437 498.315562 412.361593 445.690437 
326.402394 219.015559 646.937246 223.799661 718.029927 499.053578 412.928088 448.313099 
325.156139 219.740616 646.974304 225.581931 716.259100 498.820979 413.099265 447.879285 
325.024045 221.475495 644.509655 227.087755 715.713044 502.054032 411.204935 449.030232 
321.513028 222.454636 643.103651 229.522562 714.666399 501.637705 410.745591 448.628262 
320.149100 222.408710 641.094587 229.604797 710.177024 501.616892 408.660972 448.365847 
318.021931 222.888127 638.488111 229.824625 708.555330 500.585160 405.298542 448.418113 
316.548910 221.695933 635.188872 229.881180 705.348130 499.409662 401.324680 446.790219 
311.890790 220.396419 633.549181 229.131030 702.918664 497.040757 399.925521 446.807683 
309.999797 218.210999 630.909602 226.120748 700.021738 495.474889 396.710418 444.082348 
306.986050 215.513102 628.651146 224.868016 698.453192 494.721284 394.058705 442.189848 
306.306392 213.165366 628.615348 221.755768 696.410064 488.889127 392.659437 438.137775 
305.333088 208.511019 627.703163 218.214313 694.680595 486.124040 392.484802 434.296265 
304.968565 204.374815 627.263458 215.157916 694.358306 482.938246 390.634308 431.418987 
305.126128 202.161129 629.425825 213.465605 693.833778 481.262262 390.187134 426.939119 
306.835617 199.286909 630.567789 211.489674 694.420222 477.960208 391.537161 425.396963 
308.312470 196.082015 632.841069 209.038480 695.155495 476.805423 392.221005 422.511665 
310.525430 193.011756 635.800893 206.650140 698.124257 473.960166 393.719573 418.727014 
312.633769 188.255054 638.899979 203.749509 699.365203 471.982683 396.979106 415.356073 
316.228072 185.012405 642.318761 200.052227 702.478050 470.085398 396.896209 411.293366 
319.106307 181.211244 645.509981 196.833984 704.438398 465.971945 398.606525 406.560897 
321.514372 176.012096 650.412589 192.726827 707.348152 462.040554 400.452060 403.256954 
325.282710 171.827728 652.447473 188.345818 709.994370 459.562210 403.477218 400.123724 
327.524108 167.396527 657.412445 186.457998 712.241172 455.905918 405.992083 395.231924 
331.593716 163.922176 660.960694 182.798939 714.759470 453.485219 408.304977 391.907915 
333.860289 160.451534 665.086378 180.334941 717.812203 451.602321 411.509849 389.489304 
337.813468 158.429264 669.031370 178.503076 719.806307 448.895452 414.241557 386.414635 
342.499813 156.079622 672.838600 179.331736 722.578647 448.032069 416.069396 386.529034 
345.625652 155.820466 676.789646 179.609184 726.871157 450.049345 421.373938 385.569399 
350.410430 156.983168 681.430440 181.449864 729.230898 448.945077 424.530128 385.099131 
354.107063 158.024969 685.149820 183.790975 731.515072 450.111623 425.371074 385.461318 
356.676733 160.077396 688.684962 185.275359 734.344162 453.105542 428.093433 386.844020 
360.296227 162.373779 690.864682 187.702207 736.325962 453.325975 431.735382 388.381288 
363.248278 163.378035 693.548679 190.003558 736.725202 452.660739 433.769933 389.335172 
364.020038 164.307903 695.104253 191.329436 739.503596 454.976351 434.699296 389.598037 
366.514912 164.561553 695.899447 192.245674 739.704244 454.278211 436.572686 388.859427 
367.476591 165.259670 696.132490 191.628733 740.277431 454.267097 434.892236 388.087015 
366.361424 163.827660 696.470588 191.446133 739.997448 453.780594 434.031114 386.817742 
363.880285 162.143888 695.064749 189.175521 737.856084 450.689106 432.273075 386.256099 
360.817224 158.688896 693.150551 185.897472 735.259062 447.618065 429.486489 384.779210 
355.785257 155.332842 688.596837 181.958427 731.460330 444.334961 422.973068 380.689168 
348.100148 149.781479 683.761634 176.442982 724.779331 440.323498 413.728463 377.429697 
338.124900 142.962271 676.998811 170.072184 717.663680 436.387210 405.899682 370.207129 
328.717920 135.545769 670.152818 161.898783 711.264886 429.237590 397.108837 367.841611 
321.230547 128.219390 667.011474 153.548009 705.637361 422.819371 390.054474 362.388606 
319.100961 122.513770 667.754544 148.872460 706.693519 420.846218 387.327734 358.625632 
320.427255 121.618966 669.761306 149.647726 705.309977 421.731781 384.004685 358.154351 
318.684522 121.768669 671.292793 149.833409 702.955576 423.284721 382.010089 357.080719 
313.948651 120.372063 671.342320 151.351218 700.810297 424.118902 377.418140 358.382646 
314.504392 120.075451 675.190457 150.484318 702.459840 423.178147 374.469762 357.277139 
314.515731 118.952020 677.271766 151.420490 702.938541 425.609622 374.356877 357.559120 
317.263942 120.360383 681.326875 154.615709 702.855335 427.309538 374.346980 360.332107 
320.195200 123.701631 687.104872 158.966263 705.443931 432.457442 374.543524 363.885310 
325.609372 128.479377 695.515672 165.895639 709.394701 437.441862 377.371907 364.883474 
333.862923 132.301701 703.669356 171.850444 716.898411 445.545373 381.629588 372.675882 
341.891297 137.856412 715.036514 180.238541 723.240054 453.689853 388.262196 377.123486 
353.744923 140.933911 729.695716 187.606906 731.286430 461.209714 395.645776 381.674014 
369.124807 141.873494 747.021094 193.229940 744.182288 468.066226 405.948444 383.954814 
384.901173 141.696753 765.842656 199.864760 758.011718 473.188313 417.747312 383.630830 
403.976897 141.282770 785.222402 205.136697 772.855401 481.815137 431.988115 384.857331 
424.931047 142.710345 807.762883 214.491314 785.886778 489.309883 445.439895 387.449269 
439.720624 146.848774 824.096223 224.475117 796.980575 500.709726 453.264542 392.301391 
451.031042 155.115949 838.151194 240.100758 802.756630 515.978368 458.648318 401.013120 
461.471823 166.720852 850.028849 258.753568 810.387598 534.671175 465.710385 412.480954 
469.863403 179.370889 861.144043 277.191049 816.475902 552.964834 469.932173 427.660886 
478.261753 192.744387 870.489152 294.882539 823.825442 566.667120 474.478209 439.305341 
481.904176 205.307991 876.552176 310.471402 825.541599 583.025879 476.342001 449.708896 
482.118284 214.065018 879.566742 322.727035 826.133774 594.886601 473.834100 459.575598 
485.409436 220.318269 881.965726 331.790280 825.236322 600.557458 472.770023 464.778884 
485.783378 225.021578 884.949955 338.799988 825.592573 604.332398 470.526639 467.742431 
485.409057 228.332046 886.440055 343.144858 827.285351 608.690464 470.223158 470.720918 
486.251288 233.202390 887.115417 348.394754 826.200358 611.908681 471.469786 474.313132 
480.315505 233.641085 881.902197 350.466304 820.170689 611.314669 464.522528 474.217735 
473.930851 235.678364 873.922147 355.286501 812.588907 614.492457 455.377546 477.754823 
458.451138 236.335686 856.498285 355.264406 793.720913 611.660977 438.366749 475.588721 
443.792854 234.951962 838.441424 353.876771 775.570346 609.905977 421.825851 472.801580 
420.771885 227.827725 815.352904 347.800308 756.644391 601.360992 401.507250 464.979078 
399.743410 213.882298 794.538741 335.192136 734.960537 582.836481 384.669406 452.912926 
380.368601 196.301472 773.879431 317.686870 716.756891 564.424507 366.881335 435.105424 
360.264932 173.959839 752.641053 295.157096 698.102287 539.824059 348.902689 413.324422 
340.391504 148.918410 735.079941 268.520966 680.860115 510.915481 331.620650 386.528822 
321.657651 124.925603 717.442444 245.100258 666.350226 485.449569 314.461564 363.835696 
301.683186 103.571613 700.358375 223.593827 650.838720 461.120308 303.129446 345.693525 
286.775962 87.441863 686.440652 206.876423 639.288761 441.721643 292.155536 324.431800 
280.345798 79.102538 679.539265 198.784830 634.847776 429.817101 285.648178 316.194673 
277.614124 74.251526 674.839585 190.229763 632.797474 417.112188 285.587628 307.657727 
273.714733 74.318703 667.312926 189.765172 626.130268 412.556602 284.516741 303.186263 
278.440747 80.960451 668.888729 194.147962 626.629159 411.824615 287.863979 302.768829 
281.890617 92.779457 668.320497 206.477634 628.742018 420.921031 292.684747 312.979724 
288.039919 107.376361 670.140347 220.611213 631.320240 429.673777 298.951030 324.759253 
293.296181 124.614526 671.430211 235.934358 633.987701 440.046328 305.115053 335.651891 
296.746565 140.823426 670.199700 250.994926 634.925045 450.379916 308.834356 346.468418 
299.931058 154.508082 671.097659 264.343097 637.155462 460.985641 312.808266 357.513489 
302.331908 166.072768 671.688333 274.226859 639.718256 468.087966 315.936196 364.695376 
304.429707 175.429538 671.574137 282.063606 640.772584 472.491782 320.102091 372.204066 
304.414105 180.267965 672.782246 286.846388 641.153416 476.075154 323.010615 374.572451 
304.488896 181.627068 672.240339 287.450616 642.422654 472.787988 323.198031 373.980367 
304.379289 179.415270 671.000993 283.190422 642.216644 467.258756 324.697527 371.958756 
301.952665 171.725904 670.903429 274.143675 643.139576 458.619057 324.163748 363.604981 
298.810596 158.613791 670.537744 260.554808 643.082379 445.506944 324.106551 349.258919 
296.221910 142.148953 668.874522 242.715801 642.961592 425.957234 322.134840 332.794081 
292.812962 120.765317 667.543804 221.429581 642.215376 404.573597 320.739178 311.702695 
289.420281 96.311729 666.885294 195.366988 642.854136 380.582740 321.071074 290.319368 
287.993054 71.217021 666.531027 169.523898 641.437351 352.620153 320.815687 261.697591 
287.185670 44.627418 665.391053 143.343342 643.796944 325.967801 321.736244 238.974393 
289.153515 22.274919 669.934467 122.768276 648.058362 305.980655 326.069442 215.058094 
295.733351 3.904109 674.839516 103.604107 654.530258 284.316177 335.736437 200.226944 
306.551327 -6.727549 684.573598 90.431523 663.189627 269.394557 348.156986 183.618343 
318.089579 -16.373077 694.130905 80.505288 674.354130 257.397553 357.883233 170.947396 
332.920255 -18.853700 705.140415 73.149410 687.240873 249.907382 372.459560 164.950635 
341.919379 -19.116046 711.580678 70.758294 697.519527 245.981868 385.037615 162.938729 
349.017274 -14.424362 717.525262 72.786346 702.436183 244.091769 392.328313 165.483030 
353.270026 -6.305260 721.279383 79.889319 708.613646 247.710215 399.311007 170.208976 
355.920353 5.987096 723.215183 89.886930 711.375983 255.666788 401.008744 179.784049 
357.670451 22.295451 724.095209 102.279960 711.789900 267.034375 402.789917 193.202521 
359.672513 39.572613 724.061635 116.118249 712.898730 278.777726 405.121484 207.016192 
359.692744 54.874075 724.077357 129.354716 714.005563 289.664107 406.815839 219.161548 
360.580632 69.667954 723.245699 142.080280 712.987286 297.163346 407.045208 228.975072 
361.844382 85.001787 721.432858 153.364615 712.545690 307.180978 407.605108 243.389564 
363.995468 102.511717 720.511713 168.609241 709.941503 317.904188 409.321730 256.908872 
365.578318 119.587828 717.953678 183.087573 706.658837 328.804356 405.897284 268.589936 
364.208976 137.471592 714.974640 200.287792 700.401281 343.006200 400.391107 284.712766 
362.828816 159.277034 710.802447 219.740537 695.995058 361.027703 399.847287 303.649072 
361.275568 180.113468 705.765680 240.512446 690.630695 377.253407 395.541865 319.155559 
360.917130 199.879182 699.172452 258.199066 685.666795 393.255637 392.839593 335.549647 
363.137306 221.697304 697.636623 279.122080 683.998239 407.610015 393.285313 350.903049 
366.194554 244.108670 695.464115 300.610547 681.176284 424.005451 397.368003 372.699149 
368.561945 263.803033 695.883165 319.655464 679.646993 440.452581 398.436500 387.197938 
371.600719 279.561358 694.956895 334.935249 679.917073 452.519313 399.629478 401.247192 
374.980979 293.497292 695.926466 347.467946 681.534292 462.605340 403.765328 412.232730 
379.721301 307.673842 697.066751 359.501617 684.309145 473.522721 407.012431 424.848105 
382.815997 319.854807 698.616180 370.107768 685.391717 480.664281 410.851859 435.172127 
390.157804 329.817933 704.513190 378.296836 690.121016 488.131850 418.184669 441.925396 
397.689589 335.173482 708.560555 381.948049 697.091418 492.586401 424.315112 446.712833 
404.414142 340.242573 714.565499 386.297531 702.626537 494.467804 432.478882 448.903489 
411.350830 342.287801 718.098729 387.136169 707.826328 496.397161 438.572692 452.202490 
415.064035 344.206611 721.962624 388.776946 712.068926 495.571527 444.777591 452.448852 
418.944333 344.375890 724.984862 388.598495 714.431741 493.627182 447.588521 452.419755 
421.280145 344.877174 725.976852 388.531859 716.884596 493.092804 448.663041 452.177652 
423.696180 346.297149 727.297905 388.451751 717.702681 492.867734 451.977993 451.737668 
425.044619 346.835976 727.391556 386.937839 717.702470 492.526339 453.538048 452.367193 
424.783061 346.183270 726.930729 385.302005 716.125799 489.106507 452.128192 452.145653 
425.493039 345.995052 725.744772 384.834389 716.214960 487.757969 452.838170 452.497142 
423.846401 344.147735 724.051518 381.819188 713.197657 485.913982 449.766349 449.414463 
422.668643 344.241012 721.254534 379.925935 711.713508 484.170482 449.478860 448.659873 
423.436041 342.997884 721.627553 376.956673 711.346816 481.421948 449.502443 448.096300 
425.142565 340.933096 723.260192 372.368330 711.537677 475.526470 451.297823 445.634055 
427.906341 337.792743 724.650347 367.656212 714.627596 471.781460 454.014983 441.976639 
430.385489 335.531014 728.447419 363.559773 717.509367 468.838528 456.363364 440.126141 
431.978352 330.472585 730.314901 357.650559 719.516951 461.982823 457.986028 435.670261 
432.596245 327.880155 730.843440 353.101059 717.632491 457.587660 457.449905 433.646198 
432.978022 326.639621 729.370980 349.389561 715.890652 454.848465 457.526401 432.018865 
431.484277 326.364525 728.028280 347.168157 715.465040 453.201904 454.652175 431.090601 
429.770959 326.874311 725.145315 347.180957 710.038577 451.703254 450.365997 431.697033 
425.444871 329.488935 719.831666 348.069811 702.760267 452.395029 446.706063 435.213912 
420.861737 333.791867 713.238699 350.989312 698.270270 455.500320 441.307560 437.404355 
417.438800 338.028896 708.939457 354.699621 691.809828 456.841350 434.178699 441.326322 
414.042635 345.598198 705.249994 359.857274 686.339710 462.144719 431.050878 448.391785 
409.459894 353.084425 699.139037 367.479509 680.520315 469.643778 424.632241 455.321684 
406.591284 361.951641 696.047261 375.106245 676.475056 477.728080 421.693601 464.885856 
408.019411 369.924927 694.725775 383.149390 674.095612 483.655311 420.714896 472.546762 
405.247083 377.289875 692.469773 389.468606 671.190316 489.029244 417.280621 479.563312 
402.698311 384.595843 689.140186 395.098712 666.702239 495.353368 415.588196 485.805306 
398.883730 388.093517 684.609500 397.164176 662.386384 497.848495 409.314988 488.777835 
393.368243 392.368329 678.711614 400.743129 654.087663 499.238931 403.827920 492.203517 
386.967264 392.279094 671.499527 400.394947 648.100862 499.033340 397.470133 491.578944 
381.220889 393.489503 665.177904 401.241088 641.028407 499.885643 388.072662 494.155254 
375.680965 393.853800 658.135346 400.614534 635.615414 498.831243 383.723677 494.548738 
371.842010 394.539258 655.884929 401.196165 629.494089 498.806488 379.166567 494.928781 
369.684875 395.026421 652.235914 400.922349 625.931002 497.524872 376.034337 494.350141 
368.329030 392.915283 650.551881 398.639287 624.516824 495.494656 374.946085 492.471878 
369.720751 393.257948 651.383202 399.032932 623.138923 495.444732 373.717109 492.125016 
373.295407 392.950903 653.839955 398.358133 626.891793 494.219258 377.050535 492.582032 
375.857941 393.182719 655.754763 397.712235 625.677242 494.276908 376.256107 490.791934 
383.116737 395.230631 662.848646 398.626466 634.653343 495.848816 385.239134 492.860887 
392.427993 397.405383 672.341990 401.706948 641.916773 496.185255 393.583290 495.392537 
402.125240 400.116947 681.653597 404.656674 648.395348 500.467669 402.420331 498.351755 
415.743755 407.820013 694.534383 411.963470 662.640546 506.178597 415.921556 506.545192 
428.910672 416.689475 707.834677 418.645161 673.759862 514.750646 427.587028 514.750646 
444.568778 426.768331 723.151403 427.244540 688.864311 522.010254 440.282891 524.391302 
462.184264 437.588245 740.679024 438.363996 704.606583 531.842042 457.917632 534.169297 
476.632954 448.911497 754.858423 448.006699 717.309295 541.653320 469.846967 544.367714 
489.537002 460.011681 770.027868 456.123688 729.481664 549.435501 481.205590 555.545203 
500.953098 468.786864 776.812479 464.327950 738.544762 556.848633 492.747336 562.566991 
511.115186 476.552011 785.149235 469.389968 743.794226 563.337540 502.202077 571.312427 
514.869293 482.818925 788.208851 473.793562 745.660712 565.766306 503.695034 576.081007 
517.038835 487.257127 787.851796 477.374846 747.144496 566.603907 503.406467 580.724402 
512.821195 489.341320 783.553832 476.755238 739.964577 567.735938 498.648618 582.244924 
506.290743 492.981731 775.322484 476.570209 733.707552 566.833582 493.982101 584.417355 
499.741677 495.873676 765.005294 476.589046 724.328801 567.243262 484.622180 586.841917 
494.066097 495.681920 759.024831 473.243973 717.968162 563.950567 479.266600 589.252932 
490.954525 497.751813 753.357287 472.077874 712.562342 563.270005 477.378487 589.401545 
489.519017 498.759826 750.251719 468.879940 708.092428 560.156852 473.146477 590.446051 
488.268130 497.312733 745.468512 464.886324 703.830055 557.375287 471.686443 589.801696 
487.475957 496.091597 743.085813 458.440391 701.251139 550.058326 471.862829 587.763711 
488.787715 491.334408 741.461034 448.169382 700.050685 541.518136 471.591892 583.981291 
492.123277 484.048672 740.487443 437.391456 700.285075 531.020656 473.882263 577.041789 
491.908741 474.711532 737.883758 426.045507 698.739346 518.087771 474.981428 567.811753 
490.120503 465.722940 734.007447 412.268267 692.802803 506.370764 472.302279 559.825436 
486.602814 454.083845 726.140866 399.247170 684.525934 494.785675 468.831641 547.536997 
489.142125 442.608984 724.621507 385.593307 684.756887 479.692351 469.209815 537.635113 
487.298075 429.015181 720.627186 370.248571 681.651900 463.479086 469.051979 524.064934 
489.700092 417.997495 720.334732 353.991092 681.109445 448.916649 472.243801 510.039759 
487.275922 406.375162 714.939521 342.826787 673.602228 437.840863 468.766686 502.006213 
482.581474 397.984479 708.322812 331.569878 668.706553 425.739673 464.130790 491.983253 
475.372382 392.639146 697.404492 324.590776 657.742014 420.247342 457.096534 486.351473 
478.246212 384.350722 696.474695 316.389083 657.566786 411.349428 458.062533 480.698514 
480.043981 378.923663 695.925532 309.273049 657.866286 404.421162 461.210021 475.041799 
479.574566 377.092784 691.359551 304.630814 653.203248 400.546659 458.571096 471.958455 
475.639853 374.621531 688.166140 300.043104 648.861813 398.055159 454.827796 471.688581 
480.336696 373.581637 688.338149 298.166100 651.357129 393.975287 459.281323 471.030191 
483.777630 370.918162 688.714439 294.010309 652.522508 390.371325 463.872068 469.088774 
490.700347 370.464175 694.743562 289.325426 655.562397 386.905356 471.903724 467.580062 
498.895827 370.537683 697.951447 288.244126 660.036091 387.341079 478.568303 467.736928 
507.720067 370.333698 704.566563 286.114257 666.468386 385.169516 487.700019 468.985505 
516.901544 373.327417 709.494319 285.863584 673.733244 385.391394 496.651297 472.424371 
524.742899 376.807434 714.773213 286.554374 681.211774 384.971028 506.601581 475.224088 
535.376494 381.276881 720.543805 288.725776 688.145494 387.352921 516.215268 482.074041 
545.115718 383.994429 726.662044 290.236282 695.384718 389.446365 526.654005 484.348392 
554.035199 386.066344 733.036416 288.948444 702.649707 388.725697 537.543091 485.843597 
565.672663 385.680425 742.694828 286.297408 711.401053 387.435260 549.036250 485.398382 
579.172711 385.032899 749.605627 286.687856 722.393648 385.510303 562.941005 487.197168 
589.859505 384.376167 758.905982 281.638477 730.254036 385.194794 574.714905 485.476602 
597.426893 383.412302 765.271781 278.886144 734.114945 380.397124 579.838357 483.918222 
598.977434 381.164695 763.304615 275.633478 734.660428 377.144459 582.896487 484.685794 
599.331215 380.268986 760.306546 275.604417 738.271900 374.142576 586.070646 483.400757 
596.897006 372.771174 753.363287 267.532287 732.204146 370.543896 583.533338 478.010060 
590.302726 366.858645 745.897724 259.804286 722.777184 363.359320 578.729955 473.163149 
580.098942 359.935053 732.491649 250.113588 711.514516 354.999257 567.142477 466.671646 
564.212149 357.488911 712.807027 247.846088 691.647886 351.718236 550.627020 462.010261 
549.669510 352.465128 692.356198 245.879891 671.726797 348.167336 536.346356 457.331248 
533.515326 350.299204 676.116057 240.641046 654.455187 342.176378 522.684890 457.701021 
524.816415 348.332166 662.703286 237.286379 645.002427 339.348782 511.783310 455.604648 
517.964144 345.999940 653.863382 234.660804 633.123739 338.904799 508.685882 450.243934 
514.577344 346.566041 645.320694 232.109059 629.939123 335.256062 506.886558 452.879838 
511.167052 346.930820 638.750400 229.127380 622.746914 336.261829 506.277098 451.398021 
507.572704 344.618148 630.625160 227.223276 616.952665 332.360049 503.329515 449.754921 
501.429661 342.976361 620.765523 226.368177 609.172896 329.337977 498.020065 449.355758 
496.797901 338.963790 610.771615 223.934764 600.746150 329.465981 494.159621 446.605632 
491.133138 334.988231 599.441492 218.348465 594.998073 323.879682 492.243993 443.852012 
487.905388 330.449416 593.567515 210.352572 588.371017 318.324254 489.637554 437.266321 
484.802309 324.921317 586.757172 204.522358 584.284897 311.645412 489.498127 432.345112 
484.916753 319.315156 583.968354 199.786543 580.634886 305.981287 489.202640 426.462320 
484.344897 314.482574 581.249205 197.479593 579.095776 305.151048 492.240803 422.871837 
486.109866 312.749158 579.158504 193.762916 579.570711 299.287818 494.588957 417.989638 
488.991996 311.946046 578.367287 194.774612 579.280867 297.348212 496.261757 418.854288 
491.959872 313.137935 578.109170 195.838609 580.542766 299.509798 500.472018 418.771957 
493.517274 319.060778 578.234886 202.953185 580.973412 306.752136 502.586799 425.303791 
495.508686 329.934755 577.945814 214.756640 583.207758 319.995527 505.447914 435.758303 
497.039518 344.677725 576.553344 231.253592 582.399948 334.153837 507.563407 449.331952 
497.198701 360.616124 575.291802 246.642409 579.513051 350.590658 509.334791 464.564372 
498.771145 375.814004 573.121231 264.736768 578.943828 366.408271 508.624771 481.964428 
496.264061 391.559215 572.246538 279.168469 577.523098 381.006094 507.872495 494.979808 
496.666012 399.137599 569.600059 290.763770 575.898323 389.122778 508.902752 506.706842 
499.011936 406.046691 569.171194 298.346075 576.556379 396.823986 508.243418 511.901009 
498.790920 415.205292 569.898267 306.569068 575.823879 402.860267 510.642145 515.446899 
503.088053 420.497910 574.005031 314.122444 581.761575 406.646938 517.493064 518.562794 
509.830607 427.076165 582.386811 316.946213 588.865044 408.937114 526.674012 523.601829 
520.062420 426.637534 587.602399 329.021159 602.376770 410.280196 538.530383 516.339069 
532.959185 427.145729 599.361619 321.683039 605.806563 419.789380 547.085979 519.342851 
542.815290 423.396102 605.586454 320.225853 613.150385 417.534844 555.123931 528.312620 
551.075040 422.712179 612.886182 318.688550 622.936774 416.179294 565.145869 525.228218 
559.226412 417.226464 618.975523 315.263306 628.717226 414.628677 572.215349 521.787410 
560.786731 414.581282 622.477439 311.147760 632.451386 407.193173 575.932354 517.275994 
564.768010 412.281931 624.344763 311.672181 634.280438 409.671993 577.946870 516.610293 
567.094962 408.230678 626.173784 309.020895 635.483149 405.517583 580.753768 514.748648 
570.881198 400.736304 629.068837 302.875276 638.300836 401.864996 584.634640 505.474053 
572.810411 392.501559 630.545158 296.851456 640.023997 393.363272 586.166957 497.630501 
574.903004 384.255827 632.669368 285.713207 641.730758 385.010942 588.117532 490.334528 
575.202386 376.934407 633.792703 277.618433 642.038823 380.452114 589.273215 482.465624 
575.304395 364.102369 634.039859 272.859226 645.122022 365.949396 590.080612 469.752324 
573.477392 357.913983 631.529612 266.753856 641.507338 366.077576 587.536914 464.494230 
569.484917 349.220596 627.084080 255.735575 636.904432 358.901347 584.006043 458.129044 
562.373731 338.970822 623.003928 255.902678 633.029394 347.564078 579.082841 448.773540 
557.041886 328.107550 613.279974 240.575687 624.164765 343.527671 572.915540 441.490792 
547.987241 322.563669 603.366004 230.902269 615.301082 333.066538 564.218948 429.501969 
540.495153 314.692735 594.485937 221.813484 605.435117 324.886799 555.219912 419.276282 
532.655556 305.663001 586.783634 212.743659 597.494160 313.297721 548.321638 410.687958 
526.022723 294.666427 580.034996 202.803600 591.189705 304.957247 541.580606 403.278063 
520.826461 284.147180 574.302393 191.885099 585.714940 295.250163 536.151881 392.729408 
516.352749 270.161495 569.686387 181.165002 581.623328 283.848803 532.095811 379.386696 
513.313273 260.455721 566.253601 170.839865 580.604895 268.419111 529.259155 370.153837 
511.087262 254.784117 564.082589 165.596859 577.008279 268.571519 526.598089 365.083335 
510.187936 249.546256 564.169359 159.068847 577.586707 261.715478 527.199125 358.587568 
509.728407 245.507995 563.204340 155.844614 577.551541 256.920542 527.010263 355.708496 
509.770043 243.639705 562.931417 154.726669 576.405497 258.093719 526.993128 353.522042 
509.009741 242.224546 562.945354 155.101856 576.799839 258.256080 527.242903 351.801757 
506.936990 239.079839 561.489933 150.635479 574.759568 254.715985 525.514479 350.839653 
504.502915 236.340191 559.872878 148.862203 573.219486 253.218351 522.522726 346.085068 
500.561645 233.819890 556.478605 148.980363 569.975802 250.530705 519.843355 343.395799 
495.384461 231.906421 551.015735 145.894949 566.797656 248.477439 513.806518 340.557079 
488.289806 231.047147 545.682829 145.659449 560.549697 248.339133 507.447449 339.086664 
480.501752 231.585747 538.801755 146.432410 553.995089 250.305359 499.935087 339.345363 
473.084857 231.767255 533.006173 147.318561 548.840303 251.637536 493.124256 342.351604 
466.022183 233.798762 527.226311 149.543729 543.520916 254.465091 487.880800 344.681565 
461.660315 237.441350 523.406995 155.773804 540.640305 259.504586 483.555675 346.905378 
458.499918 241.890651 521.719696 158.544129 537.212251 263.536543 480.289459 349.980394 
455.490435 242.809314 519.792297 162.766892 536.537573 263.898809 476.254578 351.978964 
453.208286 243.965671 518.462370 163.498978 534.599407 266.057897 475.598548 353.332498 
454.153732 243.520590 518.710603 162.938967 536.461360 267.684297 476.807208 353.767505 
456.089434 240.299750 522.282204 161.542990 539.237987 265.234126 478.914527 351.636315 
460.487459 237.165519 527.761418 157.878353 545.266376 262.221636 483.484169 348.716725 
468.197524 231.836627 536.483120 153.575159 554.053683 259.397868 490.959389 344.455366 
478.274289 229.571830 547.216367 151.077536 565.490171 256.982536 500.701230 343.783104 
491.073688 226.252700 560.804483 151.448544 576.701659 260.560980 514.111430 343.144364 
503.372372 227.345597 574.249299 149.899590 590.854435 258.506567 525.845544 345.919880 
515.477658 228.877334 585.130865 152.910673 601.794312 262.558885 538.473215 345.854729 
526.771304 229.584369 597.215952 157.361373 614.827114 265.525516 549.773639 349.627800 
537.737404 230.886282 608.856349 158.246075 626.350849 268.537488 559.665458 349.832799 
546.282796 231.142979 619.493474 160.024034 634.619847 271.457590 568.915146 350.525960 
554.687641 229.183380 627.933880 160.834895 643.413755 272.214484 576.208443 351.124091 
559.082825 227.490887 633.893209 161.402424 648.793981 274.126449 581.510614 351.367314 
563.420911 231.496400 638.932497 165.378599 653.384475 279.549227 584.737579 355.060813 
565.147824 233.239801 641.295595 169.323019 656.349577 285.570680 586.171318 359.090761 
564.998380 236.929717 642.287704 175.515580 655.989841 292.053175 585.501859 363.964182 
565.852542 237.494435 643.673202 179.640918 657.883159 295.819558 585.261969 367.352856 
565.732306 240.304641 643.535700 182.797785 657.066725 301.870804 584.675741 371.207779 
565.973906 241.213916 645.604306 185.266696 658.586867 303.990116 584.715015 373.841731 
564.830493 240.816279 645.105829 186.845856 657.351219 306.578560 583.425345 373.701439 
564.095670 237.956926 645.746559 185.300435 658.077509 305.943788 582.092193 372.917654 
563.810580 234.128416 645.589628 182.335019 657.174993 304.322098 580.834456 369.823431 
563.099274 230.239284 645.784461 180.401637 657.385112 304.444708 579.493024 367.763438 
562.341400 227.017913 644.566404 179.954535 656.816433 301.898007 578.861703 363.148153 
560.931070 224.111091 644.000675 178.358234 655.226576 301.843143 576.900217 363.589305 
560.098332 222.473691 644.115315 178.526346 654.500463 303.631086 576.901729 361.640282 
561.944682 226.513600 645.881772 183.233538 656.373908 307.390482 577.682887 365.971576 
563.623070 231.928543 649.558440 189.544130 658.890788 315.141978 579.954679 372.302609 
567.043016 240.762272 652.994255 199.307913 662.121820 325.572565 583.016255 382.239532 
572.277276 250.132745 657.382763 209.757118 667.682007 336.668421 586.545207 392.305083 
578.093714 260.235480 663.143605 222.479687 671.829226 347.998422 591.953468 401.425254 
584.335311 268.746541 668.699248 232.690584 679.200983 356.961113 597.987567 410.169903 
590.867532 277.028215 675.636359 241.643062 683.802163 367.240911 604.477206 417.791129 
596.608143 284.142509 681.085955 249.588974 690.179155 375.326506 609.498027 427.363447 
602.792118 292.406071 686.839992 258.137602 695.885727 384.067471 615.682002 433.239993 
607.654299 301.580305 691.591388 269.229552 701.646352 393.823669 620.332297 445.410005 
612.307965 313.402960 696.579282 281.017702 705.284997 406.719406 624.861608 456.812088 
615.466615 326.071510 698.969393 293.983106 708.814698 419.784234 627.499767 468.646121 
616.228207 339.179064 701.076456 308.458146 709.853861 433.170443 627.931413 483.274928 
618.454033 352.159163 701.953988 321.460650 711.368198 447.119896 628.686871 498.284084 
616.906847 362.841163 701.005359 333.272280 709.069600 458.844032 628.427191 506.461454 
614.498536 369.536429 698.402136 340.963852 707.019262 465.685419 627.650992 515.120512 
612.425943 375.953379 696.674407 347.558526 705.411285 472.677200 623.971103 521.354090 
611.373165 377.819605 694.435909 350.257877 702.772576 476.216300 621.944787 522.801851 
609.432248 379.867067 691.536193 352.994923 700.460290 477.932275 620.990429 523.590534 
608.648194 381.536125 690.656201 355.677744 699.152526 480.167376 619.730357 526.343056 
609.100197 383.424843 691.148949 357.691370 699.022300 483.641798 620.288663 528.122224 
609.271301 383.912537 691.713268 359.278484 698.939257 483.752614 620.438739 527.437003 
610.493103 383.627939 690.351989 360.466275 698.517793 484.897580 619.970532 527.281993 
608.822825 383.673259 689.169431 359.669294 696.170588 485.023335 617.824312 527.697051 
605.230790 381.624088 686.405745 359.358670 692.069114 483.942287 615.424854 524.340985 
599.613296 380.141739 680.018033 358.030437 686.048388 481.150190 609.161358 522.357618 
592.472604 378.921782 671.891186 357.835043 678.275401 482.658770 601.258605 522.502567 
582.199433 378.353966 661.661407 357.738831 667.712123 482.361147 590.611519 521.364982 
570.616285 378.832216 649.433891 358.943588 655.536006 482.314372 577.346020 521.738054 
557.923259 382.800228 637.754691 361.727972 642.617519 485.730094 564.812266 526.658899 
545.007686 387.254975 623.943796 366.257193 628.221122 491.466194 550.840404 530.350976 
531.501594 394.190399 610.255259 373.603342 614.176603 497.452466 537.383611 536.665909 
517.254176 402.123268 596.214588 381.418094 597.618329 505.649142 522.869139 545.304816 
503.233826 411.738353 580.897492 392.094014 581.665822 515.040090 506.909352 554.683673 
487.987772 422.226520 564.866836 402.513939 566.274877 525.833169 491.930288 564.976721 
474.732709 432.943528 551.920460 413.443465 551.107958 536.537615 476.357715 575.131491 
461.693562 441.855612 538.111287 422.335867 537.695973 546.099357 463.884343 584.019578 
452.944876 448.450668 527.777816 430.309349 527.324283 555.030915 452.944876 590.860020 
446.865124 453.386626 520.883640 435.452625 520.231495 557.723514 446.212979 594.569736 
445.517874 454.745509 518.560552 438.513803 517.128343 559.774197 442.653455 597.966447 
445.738249 455.319130 518.758770 437.824631 516.096564 559.892661 442.294442 595.686229 
447.269909 451.067172 519.660893 435.506493 515.154317 558.767013 442.296513 594.377288 
451.325043 447.833128 522.473786 434.507611 517.192997 556.403851 445.614506 589.659345 
456.757703 443.589526 527.716538 430.337073 521.897774 549.886221 451.543629 585.327782 
462.472642 440.014086 532.271366 427.088396 524.085096 546.866453 455.148085 580.042390 
467.974381 435.197435 537.792008 423.745866 529.295683 542.694417 459.478056 575.940907 
474.736434 430.820831 543.445846 418.999857 534.580115 538.317813 464.762488 571.564303 
482.023007 426.394782 550.071377 415.118195 538.794790 535.661022 469.968725 566.380001 
488.444251 420.815956 556.430689 409.533101 545.840716 529.604383 476.529267 559.009240 
494.629438 411.380119 562.190599 400.528326 550.988749 521.998393 483.427588 551.053192 
499.809449 400.886351 566.849527 391.045606 555.693965 511.043809 486.585947 540.491839 
503.051800 388.749205 570.322474 379.416857 558.268191 497.626597 490.608669 527.567880 
505.084457 374.334584 573.514286 365.373535 560.480033 485.125736 491.778657 513.095071 
506.767666 361.152970 574.466349 352.126479 561.528379 470.975279 491.422631 499.860050 
507.034522 349.859712 575.050042 342.059767 561.322139 459.994933 491.122635 488.698731 
507.452111 342.055056 575.095300 334.212367 560.717038 450.872360 490.132840 479.302106 
507.909589 335.723121 575.418241 328.739468 561.118379 446.463915 490.949288 472.070645 
508.014229 332.469293 575.178854 325.447537 559.384482 442.947469 489.391310 468.921667 
506.574252 331.230553 574.985553 324.262735 557.882728 441.132041 487.254393 466.786279 
505.419774 332.071928 573.449428 325.211794 555.155740 441.262382 485.411052 468.417076 
503.805562 333.755969 571.848875 326.544005 554.602874 443.503248 482.169670 469.215467 
501.191615 337.656550 569.926541 329.501559 550.704062 447.457681 479.930389 472.796403 
499.143552 341.153412 567.580770 332.987607 548.138378 448.475412 477.368073 476.083608 
497.421722 344.570907 565.793530 337.478396 546.218199 452.660778 474.725686 478.477519 
495.550755 349.567534 564.753854 341.443692 544.895574 455.779247 472.984528 483.159603 
494.103779 354.672923 563.276789 345.526079 541.553034 460.147472 471.236668 486.158810 
493.266171 359.328072 561.410876 350.489219 540.596803 464.253810 468.745482 491.055493 
491.448687 363.402717 559.793310 355.401395 537.789675 468.420065 466.444556 494.757749 
489.121747 367.083472 558.056382 358.224402 535.078170 472.008077 463.098230 498.308439 
486.501535 370.495929 554.969451 361.603992 532.739608 474.827992 460.418519 500.911008 
483.858105 372.699965 552.588065 364.296301 527.977337 476.545232 457.446592 502.656614 
481.149717 374.887080 548.379023 366.483416 524.368556 479.032477 452.937419 504.543598 
478.480402 376.238603 545.477116 368.262803 521.868750 479.285929 449.145413 505.972953 
476.083981 377.452882 543.297563 369.640295 517.090755 480.803288 446.745801 505.807418 
474.066761 378.344588 540.744442 370.974949 515.126175 481.519526 443.535402 506.084988 
473.374115 380.337136 539.402898 372.754883 513.180941 483.013472 442.413251 507.339866 
473.258863 381.804658 539.455635 374.509504 511.625972 485.017583 441.916719 508.524192 
473.510933 383.875083 539.388837 376.496757 509.875536 485.327056 439.781446 511.151194 
474.857588 386.315180 540.475379 379.110090 511.397691 488.215750 442.949329 512.146944 
476.020637 389.204202 541.290420 381.714227 512.133017 490.586365 442.583248 514.661285 
478.516676 392.600373 543.088746 384.879799 511.855517 494.020635 443.423159 516.831421 
481.276624 395.245276 545.714713 387.832044 514.636166 495.609025 447.061710 518.133844 
483.290865 398.220966 548.851695 390.619711 516.546359 499.254323 449.085215 523.324966 
487.906145 403.133592 553.180086 393.658343 522.999662 501.044503 454.567305 524.557159 
493.792445 406.130812 557.662646 397.357433 526.078481 504.392658 459.751734 528.607185 
499.547937 408.920685 563.318981 399.977185 532.988850 506.521490 465.718176 531.407751 
505.974292 412.715430 569.634809 402.897142 539.229786 508.998002 471.135204 533.702083 
512.240639 415.505405 575.590437 405.357137 546.497914 511.258111 477.733245 535.816922 
517.959156 417.804074 581.636341 407.135645 550.631219 513.153159 483.953538 539.490843 
524.919009 419.827534 589.638844 408.725281 558.620587 512.941173 489.827675 540.736289 
530.636726 421.385863 594.154719 410.411550 564.224775 515.498909 495.718458 542.435859 
535.327484 423.644677 598.813805 411.910239 569.327267 516.617536 501.026818 543.095243 
538.657754 426.352976 603.102212 413.591697 573.432239 517.277087 504.728705 544.793594 
541.654805 428.748866 605.931799 416.519173 576.921828 520.329362 507.525428 547.348452 
543.571369 431.463360 607.577057 419.851784 578.172199 522.401224 510.541027 550.703400 
544.900656 434.240526 608.770857 421.606860 578.941367 526.536475 510.859945 553.558483 
545.494916 437.012487 610.739028 422.760133 580.967443 526.327241 512.239423 554.198512 
545.223223 438.739657 610.137528 425.652096 580.885903 529.534616 511.980817 557.566129 
545.739547 442.155841 610.194095 428.143983 581.151334 531.067450 511.601566 560.364972 
545.521867 443.621282 610.512603 428.878013 581.326949 532.682661 512.725616 562.169199 
545.809556 444.772149 610.912697 430.876617 581.320360 533.806485 512.871998 563.398822 
545.917947 445.785571 610.306917 431.644068 580.218613 536.050482 513.422578 563.129956 
545.576260 446.345685 610.042862 431.177073 579.976506 535.732150 511.717751 564.715034 
545.088230 446.950772 609.580629 432.246505 578.882247 535.434342 511.294213 564.068967 
544.147664 447.997661 608.899516 432.098769 577.390802 536.742387 509.459172 565.649464 
541.498768 448.046147 607.796954 433.083911 577.614512 536.529718 508.994599 564.132465 
539.839019 448.147718 604.528872 434.006215 574.741451 536.005565 506.441001 566.093869 
537.992634 448.856813 603.394188 433.862311 572.559748 537.053200 503.074585 564.777078 
535.274380 448.205622 600.618507 433.203144 569.946774 536.220162 500.935374 564.891565 
532.207230 448.745548 598.247446 434.299251 565.227338 537.229119 497.639304 564.315926 
528.700449 448.722844 594.729231 434.716739 561.857759 538.190415 492.970588 565.630948 
526.481242 449.020543 591.652508 435.300277 559.924391 536.487242 490.465542 566.500325 
523.611052 448.866508 589.264663 435.685088 557.071580 537.080626 487.615636 565.978354 
520.933394 449.713260 587.640079 435.739132 554.786237 537.606432 485.338919 565.711911 
519.421979 449.966501 586.249685 436.030866 553.944348 538.014379 482.682576 565.885650 
517.368623 449.099800 584.540762 434.807856 553.670162 535.708982 480.781246 564.292871 
515.705002 448.465192 583.162979 433.887409 550.005668 536.503569 479.403464 563.372424 
515.302232 446.683592 581.559686 432.291604 550.060240 533.035519 478.643395 562.091042 
514.413199 444.480925 581.717745 429.855772 549.014748 530.533474 478.307234 559.719128 
515.802296 440.839166 583.381018 426.197110 550.999547 525.875726 479.478732 555.722995 
517.035948 435.610345 585.380572 420.607867 553.708673 520.624389 482.363554 548.629015 
520.990904 429.438874 589.863031 413.010660 558.270312 512.211798 486.238913 542.540808 
525.753802 421.608224 594.138612 404.905944 562.940012 504.812131 491.088691 533.657048 
531.994352 413.510569 599.531081 396.728715 570.469822 495.782583 498.839959 526.481096 
540.385756 406.240098 609.055883 388.673321 580.310249 488.750716 508.179998 519.093331 
553.018021 400.230414 621.717968 381.007034 595.246429 479.645032 523.079971 513.364730 
569.594343 392.953335 638.673160 372.266631 612.445374 472.744910 540.780719 504.883183 
588.588225 385.912626 657.706343 363.615058 635.029694 462.938778 566.546216 496.046685 
611.444148 377.937255 682.739398 353.187090 662.422099 452.926558 591.865660 489.128291 
637.408856 367.178005 707.790313 342.291744 688.736769 442.614484 621.854943 476.444245 
663.894080 353.676969 731.538523 328.256446 716.889408 426.491687 647.952396 463.976187 
689.445356 336.795732 758.660269 309.187536 745.050595 409.899124 675.446834 448.783907 
710.033455 321.188040 780.689118 291.111643 768.754040 393.275912 697.620974 433.377774 
720.520640 303.930877 792.632382 270.369437 780.840524 376.042619 710.542914 418.674718 

