1.0000 0.0000 -0.0000 -0.0000 1.0000 0.0000 -0.0000 0.0000 1.0000
0.9625 0.0217 3.1346 -0.0173 1.0026 4.1349 -0.0000 0.0000 1.0000
1.2061 -0.1266 -55.4825 0.0500 1.0183 -17.8938 0.0002 -0.0002 1.0000
0.9004 -0.0953 28.3945 -0.0274 0.8749 27.0736 -0.0001 -0.0002 1.0000
0.9657 -0.1062 6.3070 -0.0136 0.9108 16.6992 -0.0000 -0.0002 1.0000
1.0730 -0.0852 -31.9928 0.0004 0.9737 6.5113 0.0001 -0.0002 1.0000
1.0628 -0.1042 -31.4359 -0.0002 0.9576 7.4910 0.0001 -0.0002 1.0000
1.0845 -0.1340 -40.0771 0.0023 0.9354 10.5545 0.0001 -0.0003 1.0000
0.8639 -0.0661 15.5154 -0.0639 0.8807 39.8246 -0.0001 -0.0001 1.0000
1.0263 0.0839 -58.3046 -0.0446 1.0597 11.0135 -0.0001 0.0001 1.0000
1.0306 -0.0546 -42.7481 -0.0232 0.9647 15.9154 -0.0000 -0.0001 1.0000
1.1645 -0.0613 -88.1987 0.0009 1.0359 -1.0924 0.0001 -0.0002 1.0000
1.1335 -0.0025 -91.2980 -0.0013 1.0472 -4.3357 0.0000 -0.0001 1.0000
0.8829 -0.1530 5.3384 -0.0416 0.8198 37.5632 -0.0001 -0.0003 1.0000
1.6583 -0.0310 -260.6628 0.0829 1.2815 -50.3086 0.0005 -0.0001 1.0000
1.0106 -0.1903 -37.3504 -0.0405 0.8722 37.8575 0.0000 -0.0004 1.0000
1.4769 -0.1153 -207.3951 0.0583 1.1403 -29.0644 0.0003 -0.0003 1.0000
0.9471 -0.0817 -45.3090 -0.0624 0.9050 38.0015 -0.0001 -0.0002 1.0000
1.1508 0.0067 -126.8781 -0.0349 1.0600 14.1003 0.0000 -0.0001 1.0000
1.0805 -0.0628 -100.7373 -0.0549 0.9750 33.3561 -0.0000 -0.0002 1.0000
1.0217 -0.0345 -93.0731 -0.0666 0.9553 37.5412 -0.0001 -0.0001 1.0000
1.0705 -0.0571 -113.5985 -0.0674 0.9710 36.6988 -0.0001 -0.0002 1.0000
1.0273 -0.0129 -108.8714 -0.0719 0.9769 35.1976 -0.0001 -0.0001 1.0000
1.0971 -0.0088 -137.9834 -0.0666 1.0140 30.2217 -0.0001 -0.0001 1.0000
1.4857 0.0162 -274.8960 0.0044 1.2209 -15.3943 0.0002 -0.0001 1.0000
1.5300 -0.1358 -272.2106 0.0241 1.1412 -11.3181 0.0003 -0.0003 1.0000
1.0987 -0.0523 -140.7238 -0.0700 0.9841 34.5085 -0.0001 -0.0002 1.0000
1.3093 -0.1431 -198.9815 -0.0033 1.0196 6.7202 0.0001 -0.0004 1.0000
1.1407 -0.0338 -161.8926 -0.0613 1.0050 27.2870 -0.0001 -0.0001 1.0000
1.2675 -0.0828 -198.9325 -0.0369 1.0460 14.0021 0.0001 -0.0002 1.0000
1.0890 -0.0105 -150.6670 -0.0713 1.0054 24.8775 -0.0001 -0.0001 1.0000
1.3659 -0.2192 -218.8622 0.0025 0.9948 2.8653 0.0002 -0.0005 1.0000
1.2269 -0.0775 -192.1296 -0.0456 1.0190 14.9659 -0.0000 -0.0002 1.0000
1.1732 -0.0284 -187.3995 -0.0810 1.0313 24.1894 -0.0001 -0.0001 1.0000
1.5959 -0.2233 -317.1059 0.0203 1.0885 -18.0815 0.0002 -0.0004 1.0000
0.9544 -0.0936 -113.1631 -0.1277 0.8425 64.0648 -0.0003 -0.0002 1.0000
0.9987 -0.1154 -118.2628 -0.0971 0.8583 48.0684 -0.0002 -0.0003 1.0000
0.8761 -0.1648 -60.3445 -0.1201 0.7859 66.2857 -0.0003 -0.0003 1.0000
1.1302 -0.0354 -161.2173 -0.0929 1.0181 28.4593 -0.0002 -0.0001 1.0000
1.2290 -0.0623 -187.1595 -0.0559 1.0380 12.6555 -0.0001 -0.0002 1.0000
1.5037 -0.0928 -282.7909 -0.0196 1.1546 -12.3922 0.0001 -0.0002 1.0000
1.0796 -0.0885 -133.8724 -0.0927 0.9478 35.6362 -0.0002 -0.0002 1.0000
1.7429 0.0581 -384.1590 0.0119 1.3717 -51.7752 0.0002 0.0000 1.0000
1.4965 -0.0745 -280.2812 -0.0147 1.1702 -21.1161 0.0001 -0.0002 1.0000
1.1327 -0.0717 -157.7118 -0.0899 0.9846 27.7198 -0.0002 -0.0002 1.0000
1.4392 -0.0145 -277.5319 -0.0493 1.1769 -11.3004 0.0000 -0.0001 1.0000
1.2599 -0.0812 -205.9106 -0.0669 1.0434 9.6924 -0.0001 -0.0002 1.0000
1.5296 -0.0730 -309.6439 -0.0374 1.1761 -14.9564 0.0001 -0.0002 1.0000
1.3628 -0.0255 -262.4439 -0.0637 1.1235 -3.5865 -0.0001 -0.0001 1.0000
1.2453 -0.0297 -221.1419 -0.0882 1.0630 13.2148 -0.0002 -0.0001 1.0000
1.6533 -0.1584 -350.3604 -0.0221 1.2039 -23.6490 0.0002 -0.0003 1.0000
1.4261 -0.0491 -293.5386 -0.0590 1.1481 -9.5831 -0.0000 -0.0001 1.0000
1.4393 -0.0624 -305.3844 -0.0494 1.1434 -14.4080 -0.0000 -0.0002 1.0000
1.5330 -0.1032 -341.4731 -0.0428 1.1506 -14.9836 0.0000 -0.0002 1.0000
1.6828 -0.0522 -417.6267 -0.0314 1.2532 -33.9884 0.0001 -0.0001 1.0000
1.3269 -0.0859 -283.2576 -0.0837 1.0538 9.6337 -0.0001 -0.0002 1.0000
1.9636 -0.0816 -532.0259 0.0098 1.3638 -60.6031 0.0003 -0.0002 1.0000
1.5566 -0.1371 -377.3668 -0.0486 1.1250 -12.0741 0.0000 -0.0003 1.0000
1.9592 -0.1585 -540.0854 0.0162 1.2872 -56.3073 0.0003 -0.0004 1.0000
1.6261 -0.1109 -428.0090 -0.0441 1.1675 -24.1999 0.0000 -0.0003 1.0000
1.8454 -0.1555 -512.3221 -0.0139 1.2501 -45.5660 0.0002 -0.0004 1.0000
1.7924 0.0080 -529.1297 -0.0384 1.3410 -56.5808 0.0001 -0.0001 1.0000
2.2349 -0.0947 -693.7783 0.0576 1.4708 -110.4236 0.0004 -0.0003 1.0000
1.8756 -0.0662 -571.0533 -0.0140 1.3277 -71.4215 0.0001 -0.0002 1.0000
2.1103 -0.0672 -672.4482 0.0198 1.4417 -101.6631 0.0003 -0.0002 1.0000
1.8120 -0.0633 -562.6233 -0.0345 1.2976 -64.2556 0.0001 -0.0002 1.0000
1.7498 -0.1072 -539.2109 -0.0129 1.2319 -72.5466 0.0001 -0.0003 1.0000
1.6079 -0.1372 -486.2815 -0.0463 1.1305 -45.2446 -0.0000 -0.0003 1.0000
2.0073 -0.1528 -657.7816 0.0184 1.3140 -99.2509 0.0002 -0.0004 1.0000
2.2139 -0.1654 -750.9559 0.0592 1.4098 -133.8920 0.0004 -0.0004 1.0000
2.1322 -0.0974 -738.1833 0.0270 1.4242 -126.8593 0.0002 -0.0002 1.0000
2.0828 -0.0829 -730.4192 0.0220 1.3853 -122.5168 0.0002 -0.0002 1.0000
2.1619 -0.0529 -779.2972 0.0290 1.4529 -139.1504 0.0002 -0.0001 1.0000
1.9819 -0.1405 -695.2079 -0.0038 1.2983 -101.8022 0.0001 -0.0003 1.0000
1.8333 -0.0780 -651.2283 -0.0442 1.2765 -85.6669 -0.0000 -0.0002 1.0000
2.3664 -0.1399 -873.2012 0.0628 1.4887 -163.3431 0.0004 -0.0004 1.0000
1.9398 -0.0962 -703.7274 0.0076 1.3154 -123.7727 0.0000 -0.0002 1.0000
2.5166 -0.0763 -962.5405 0.0728 1.6374 -200.6671 0.0004 -0.0002 1.0000
2.2443 -0.1316 -838.8201 0.0585 1.4465 -171.1118 0.0002 -0.0003 1.0000
2.1668 -0.0834 -817.6503 0.0129 1.4446 -151.3918 0.0002 -0.0002 1.0000
2.2211 -0.0780 -844.1482 0.0220 1.4776 -163.3810 0.0002 -0.0002 1.0000
2.3475 -0.1589 -887.9028 0.0567 1.4737 -179.4264 0.0003 -0.0004 1.0000
2.2180 -0.0693 -853.2404 0.0118 1.4869 -167.5943 0.0002 -0.0002 1.0000
2.5118 -0.0873 -983.9550 0.0545 1.6029 -206.0774 0.0003 -0.0003 1.0000
2.4444 -0.0953 -955.2830 0.0419 1.5703 -198.8871 0.0003 -0.0003 1.0000
2.2688 -0.0553 -889.4254 0.0038 1.5124 -176.7052 0.0001 -0.0002 1.0000
2.0340 -0.0001 -803.1995 -0.0497 1.4074 -138.2457 -0.0001 -0.0000 1.0000
2.3756 -0.0105 -954.9990 -0.0211 1.5583 -171.8152 0.0001 -0.0001 1.0000
2.1498 -0.0167 -854.2502 -0.0392 1.4548 -151.7323 0.0000 -0.0001 1.0000
2.3802 -0.0283 -954.5569 -0.0182 1.5630 -175.2645 0.0002 -0.0001 1.0000
2.6124 0.0063 -1062.8205 -0.0137 1.7043 -196.1006 0.0003 -0.0001 1.0000
2.2693 0.0144 -918.4914 -0.0501 1.5251 -155.0161 0.0000 -0.0000 1.0000
2.1850 -0.0160 -874.9751 -0.0791 1.4686 -130.7391 0.0000 -0.0001 1.0000
2.7898 -0.2082 -1112.3025 0.0258 1.6283 -200.6644 0.0005 -0.0006 1.0000
2.9047 -0.0631 -1191.5129 -0.0149 1.7997 -207.4999 0.0005 -0.0003 1.0000
2.9376 0.0334 -1229.4227 -0.0301 1.8547 -209.6779 0.0004 -0.0001 1.0000
2.1214 -0.0299 -853.3290 -0.0972 1.4070 -113.8962 -0.0000 -0.0002 1.0000
2.3563 -0.0299 -962.9209 -0.0730 1.5209 -143.6095 0.0001 -0.0002 1.0000
2.7028 -0.0703 -1112.7670 -0.0509 1.6579 -170.9890 0.0003 -0.0003 1.0000
2.4897 0.0234 -1039.7593 -0.0887 1.6218 -153.4188 0.0001 -0.0001 1.0000
2.8072 0.0152 -1184.0343 -0.0833 1.7775 -177.2800 0.0003 -0.0001 1.0000
2.1728 -0.0081 -895.3443 -0.1193 1.4294 -111.4570 -0.0001 -0.0002 1.0000
2.1489 0.0169 -891.6839 -0.1270 1.4288 -108.7301 -0.0001 -0.0001 1.0000
2.7256 -0.0391 -1144.2589 -0.0659 1.6741 -173.7075 0.0003 -0.0003 1.0000
2.2660 -0.0282 -938.2750 -0.1093 1.4555 -122.7407 -0.0000 -0.0002 1.0000
2.4444 -0.0315 -1020.9535 -0.0569 1.5404 -165.9903 0.0001 -0.0002 1.0000
2.3143 -0.0490 -955.3326 -0.0825 1.5073 -151.9725 -0.0000 -0.0002 1.0000
2.4870 -0.0571 -1030.4928 -0.0646 1.5925 -174.5987 0.0001 -0.0002 1.0000
2.6862 -0.0924 -1112.4048 -0.0062 1.6468 -212.2510 0.0002 -0.0002 1.0000
3.1215 -0.0867 -1307.7202 0.0336 1.8775 -266.4196 0.0004 -0.0002 1.0000
3.1925 -0.1701 -1329.2230 0.0734 1.7844 -268.6597 0.0004 -0.0003 1.0000
2.4518 -0.1328 -992.3710 -0.0515 1.5002 -162.5532 0.0000 -0.0003 1.0000
2.2597 -0.0778 -900.6938 -0.0738 1.4482 -140.0975 -0.0001 -0.0002 1.0000
2.4089 -0.0713 -967.1687 -0.0807 1.5192 -144.3149 0.0000 -0.0002 1.0000
2.4050 -0.0239 -969.5506 -0.1125 1.5458 -129.5565 -0.0000 -0.0001 1.0000
2.0992 -0.0088 -832.2645 -0.1542 1.4309 -93.2220 -0.0002 -0.0000 1.0000
2.5116 -0.0367 -1014.1454 -0.1407 1.5725 -113.7227 0.0000 -0.0002 1.0000
2.3984 -0.0822 -952.8023 -0.1311 1.5016 -108.4120 -0.0000 -0.0002 1.0000
2.1538 -0.0602 -848.7940 -0.1577 1.4038 -82.6837 -0.0001 -0.0002 1.0000
2.3973 -0.0845 -953.2045 -0.1420 1.4984 -100.7325 0.0000 -0.0003 1.0000
2.2214 -0.1135 -871.2816 -0.1509 1.3913 -77.6134 -0.0001 -0.0003 1.0000
1.8898 -0.0403 -740.9804 -0.1744 1.2850 -55.4544 -0.0003 -0.0001 1.0000
2.2462 -0.0409 -905.3852 -0.1272 1.4557 -103.3026 -0.0002 -0.0001 1.0000
1.9687 -0.0528 -779.0293 -0.1563 1.3133 -64.8129 -0.0003 -0.0001 1.0000
2.2951 -0.0767 -930.5722 -0.0994 1.4678 -115.8651 -0.0002 -0.0001 1.0000
1.8070 -0.0830 -714.0376 -0.1311 1.2215 -68.4173 -0.0004 -0.0001 1.0000
1.8130 -0.1504 -706.3789 -0.1214 1.1965 -68.0487 -0.0004 -0.0002 1.0000
2.7929 -0.1614 -1162.3336 0.0226 1.6490 -202.2455 0.0001 -0.0002 1.0000
2.6557 -0.1986 -1099.8335 -0.0110 1.5537 -170.3758 0.0000 -0.0003 1.0000
2.4809 -0.2439 -1017.8133 -0.0108 1.4589 -161.0917 -0.0000 -0.0004 1.0000
2.8860 -0.1759 -1225.9924 0.0320 1.7142 -222.5400 0.0001 -0.0003 1.0000
2.1554 -0.1569 -896.6605 -0.0796 1.3352 -110.4452 -0.0003 -0.0002 1.0000
2.1512 -0.1475 -901.1241 -0.0910 1.3395 -106.0128 -0.0003 -0.0002 1.0000
2.5489 -0.2032 -1078.7780 -0.0452 1.5105 -151.9449 -0.0001 -0.0003 1.0000
2.7824 -0.1747 -1198.6684 -0.0090 1.6402 -192.7837 0.0000 -0.0003 1.0000
2.3995 -0.1414 -1023.5069 -0.0697 1.4607 -134.5036 -0.0002 -0.0002 1.0000
2.4542 -0.1108 -1055.4481 -0.0751 1.5229 -144.4142 -0.0002 -0.0001 1.0000
2.4625 -0.1298 -1056.5763 -0.0728 1.5003 -142.2411 -0.0002 -0.0002 1.0000
2.1331 -0.0865 -912.2925 -0.1198 1.3445 -97.1473 -0.0004 -0.0001 1.0000
2.6308 -0.1908 -1119.4767 -0.0499 1.5432 -159.4551 -0.0001 -0.0003 1.0000
2.1637 -0.1119 -912.1817 -0.1200 1.3618 -99.5687 -0.0003 -0.0002 1.0000
2.1093 -0.1224 -880.5927 -0.1351 1.3425 -88.8034 -0.0004 -0.0001 1.0000
2.0850 -0.1426 -856.7656 -0.1221 1.3421 -97.0883 -0.0004 -0.0002 1.0000
2.0318 -0.1771 -819.2615 -0.1259 1.2989 -86.0858 -0.0004 -0.0002 1.0000
2.1874 -0.1621 -888.2285 -0.0989 1.3691 -107.9444 -0.0003 -0.0002 1.0000
1.5817 -0.1275 -614.9146 -0.1752 1.0639 -23.9923 -0.0006 -0.0002 1.0000
2.1737 -0.1190 -881.4409 -0.1339 1.3684 -84.7447 -0.0003 -0.0002 1.0000
1.8902 -0.1706 -734.9619 -0.1549 1.2074 -49.6791 -0.0004 -0.0002 1.0000
1.8713 -0.1677 -722.4279 -0.1840 1.1821 -25.5005 -0.0004 -0.0003 1.0000
1.8673 -0.1118 -723.1378 -0.2135 1.2707 -26.4591 -0.0005 -0.0001 1.0000
1.8060 -0.1291 -685.2452 -0.2192 1.1965 -6.1703 -0.0005 -0.0002 1.0000
1.7833 -0.1055 -676.9863 -0.2375 1.1857 6.2266 -0.0005 -0.0002 1.0000
1.6478 -0.1147 -609.5600 -0.2712 1.1653 22.8211 -0.0006 -0.0002 1.0000
1.6835 -0.1207 -619.7328 -0.2679 1.1705 22.7549 -0.0005 -0.0002 1.0000
1.7444 -0.1162 -644.9355 -0.2649 1.2110 13.6143 -0.0005 -0.0002 1.0000
1.8472 -0.1697 -682.0343 -0.2607 1.2233 11.4163 -0.0005 -0.0003 1.0000
1.3124 -0.1006 -450.6395 -0.2982 1.0181 53.5926 -0.0007 -0.0002 1.0000
1.5519 -0.1284 -552.4402 -0.2699 1.1280 22.5004 -0.0006 -0.0002 1.0000
1.6885 -0.0868 -623.8846 -0.2780 1.2107 13.3819 -0.0006 -0.0001 1.0000
1.8051 -0.0895 -676.2225 -0.2850 1.2729 7.1875 -0.0005 -0.0001 1.0000
1.5028 -0.1093 -533.1289 -0.2971 1.1082 37.4643 -0.0006 -0.0002 1.0000
1.3512 -0.1176 -464.2054 -0.2948 1.0293 45.3933 -0.0007 -0.0002 1.0000
1.6983 -0.0822 -628.5933 -0.2865 1.2174 13.9602 -0.0006 -0.0001 1.0000
1.4866 -0.1120 -525.2645 -0.3026 1.1122 36.6849 -0.0007 -0.0002 1.0000
1.5904 -0.1013 -574.9005 -0.2998 1.1664 26.5115 -0.0006 -0.0001 1.0000
1.5288 -0.0908 -550.7745 -0.3030 1.1526 28.1614 -0.0007 -0.0001 1.0000
1.6905 -0.1468 -614.6044 -0.2903 1.1931 17.7555 -0.0006 -0.0002 1.0000
1.5330 -0.0487 -563.7593 -0.3281 1.1777 36.6828 -0.0007 -0.0001 1.0000
1.4349 -0.0692 -514.7850 -0.3322 1.1102 50.0873 -0.0007 -0.0001 1.0000
1.4834 -0.1066 -527.6845 -0.3390 1.1199 54.0715 -0.0007 -0.0002 1.0000
1.4248 -0.0472 -513.6153 -0.3612 1.1314 61.2076 -0.0007 -0.0001 1.0000
1.6045 -0.0153 -601.2170 -0.3558 1.2249 45.5022 -0.0007 -0.0000 1.0000
1.3654 -0.0623 -481.4039 -0.3591 1.1058 62.1297 -0.0007 -0.0001 1.0000
1.3765 -0.0224 -497.8659 -0.3798 1.1157 71.2024 -0.0008 -0.0001 1.0000
1.3720 -0.0021 -496.7376 -0.3912 1.1338 73.9191 -0.0008 -0.0000 1.0000
1.2437 -0.0684 -425.2508 -0.3743 1.0268 80.8721 -0.0008 -0.0001 1.0000
1.2967 -0.0823 -442.0116 -0.3796 1.0583 79.1942 -0.0008 -0.0001 1.0000
1.2840 -0.0760 -434.3391 -0.3850 1.0697 79.2158 -0.0008 -0.0001 1.0000
1.2160 -0.0334 -411.4197 -0.3942 1.0606 83.5984 -0.0008 -0.0001 1.0000
1.1123 -0.0048 -368.3259 -0.4018 1.0321 90.1240 -0.0009 -0.0000 1.0000
1.3354 -0.0310 -466.0635 -0.3965 1.1344 71.2629 -0.0008 -0.0000 1.0000
1.0201 -0.0406 -317.4295 -0.3956 0.9798 94.2619 -0.0009 -0.0001 1.0000
1.0533 -0.0558 -326.3376 -0.4054 0.9852 101.2371 -0.0009 -0.0001 1.0000
1.0586 -0.0111 -339.6978 -0.4104 1.0053 100.3620 -0.0009 -0.0000 1.0000
1.0409 -0.0553 -319.8603 -0.3990 0.9890 97.3170 -0.0009 -0.0001 1.0000
0.9768 -0.0682 -286.6832 -0.4026 0.9441 107.5632 -0.0009 -0.0001 1.0000
0.9618 -0.0815 -274.4244 -0.4068 0.9380 111.6044 -0.0009 -0.0001 1.0000
1.0991 -0.0640 -337.3400 -0.4096 1.0169 102.2035 -0.0008 -0.0001 1.0000
1.0952 -0.0642 -334.1802 -0.4242 1.0120 112.5328 -0.0008 -0.0001 1.0000
0.8382 -0.0584 -219.0991 -0.4243 0.8951 128.6185 -0.0009 -0.0001 1.0000
0.8875 -0.0577 -240.1211 -0.4366 0.9272 131.0518 -0.0009 -0.0001 1.0000
0.8691 -0.0229 -237.0040 -0.4378 0.9282 132.3156 -0.0009 -0.0000 1.0000
0.9194 -0.0471 -258.5686 -0.4354 0.9487 125.5889 -0.0009 -0.0001 1.0000
0.8279 -0.1009 -204.7446 -0.4384 0.8812 138.8935 -0.0009 -0.0002 1.0000
0.7760 -0.0414 -194.0577 -0.4428 0.8922 136.7226 -0.0010 -0.0001 1.0000
0.8293 -0.0597 -215.0109 -0.4342 0.9073 129.3600 -0.0010 -0.0001 1.0000
0.9180 -0.0233 -262.0426 -0.4406 0.9715 122.3372 -0.0009 -0.0000 1.0000
0.8298 -0.0510 -217.8666 -0.4385 0.9149 129.5563 -0.0010 -0.0001 1.0000
0.7610 -0.0555 -185.5565 -0.4293 0.8931 125.4762 -0.0010 -0.0001 1.0000
0.7599 -0.0670 -183.3907 -0.4293 0.8828 127.6138 -0.0010 -0.0001 1.0000
0.8193 -0.0575 -212.6228 -0.4376 0.9148 128.0880 -0.0010 -0.0001 1.0000
0.8122 -0.0732 -206.7901 -0.4340 0.9145 125.4667 -0.0010 -0.0001 1.0000
0.7655 -0.0234 -196.3362 -0.4463 0.9206 130.5781 -0.0010 -0.0000 1.0000
0.8416 -0.0396 -231.8548 -0.4437 0.9420 126.3279 -0.0010 -0.0000 1.0000
0.8207 -0.0697 -215.0994 -0.4392 0.9185 128.9942 -0.0010 -0.0001 1.0000
0.8030 -0.0166 -217.3854 -0.4483 0.9509 127.4979 -0.0010 -0.0000 1.0000
0.7447 -0.0550 -185.9155 -0.4487 0.8969 136.5439 -0.0010 -0.0001 1.0000
0.7743 -0.0637 -199.0696 -0.4524 0.9048 137.9600 -0.0010 -0.0001 1.0000
0.6747 -0.0239 -164.8004 -0.4492 0.8752 137.9621 -0.0010 -0.0000 1.0000
0.7123 -0.0299 -179.5076 -0.4531 0.9009 135.7653 -0.0010 -0.0000 1.0000
0.8075 -0.0299 -222.6378 -0.4604 0.9565 130.5806 -0.0010 -0.0000 1.0000
0.6811 -0.0432 -163.7383 -0.4646 0.8759 145.1935 -0.0010 -0.0001 1.0000
0.7153 -0.0486 -179.2015 -0.4551 0.8953 135.4059 -0.0010 -0.0001 1.0000
0.7240 -0.0416 -182.7777 -0.4517 0.9159 128.9853 -0.0010 -0.0000 1.0000
0.6165 -0.0559 -130.7988 -0.4539 0.8556 138.9693 -0.0010 -0.0001 1.0000
0.6429 -0.0499 -143.1734 -0.4535 0.8755 134.9189 -0.0010 -0.0001 1.0000
0.7268 -0.0268 -185.1141 -0.4589 0.9477 124.1414 -0.0010 -0.0000 1.0000
0.5672 -0.0153 -114.7040 -0.4588 0.8687 135.4735 -0.0011 0.0000 1.0000
0.6106 -0.0710 -122.4723 -0.4441 0.8670 127.5092 -0.0010 -0.0001 1.0000
0.6243 -0.0337 -134.9431 -0.4464 0.9002 121.8882 -0.0010 -0.0000 1.0000
0.5621 -0.0698 -98.4777 -0.4378 0.8483 125.8641 -0.0010 -0.0001 1.0000
0.5133 -0.0454 -81.7715 -0.4453 0.8412 129.9596 -0.0011 -0.0000 1.0000
0.4505 -0.0367 -50.6167 -0.4441 0.8216 132.4644 -0.0011 -0.0000 1.0000
0.5384 -0.0104 -91.7763 -0.4521 0.8889 126.3994 -0.0011 0.0000 1.0000
0.4629 -0.0695 -46.3293 -0.4479 0.8156 136.4853 -0.0011 -0.0001 1.0000
0.4767 -0.0360 -55.7055 -0.4460 0.8480 129.7876 -0.0011 -0.0000 1.0000
0.4665 -0.0732 -41.6317 -0.4508 0.8296 136.0721 -0.0011 -0.0001 1.0000
0.3942 -0.0470 -12.2115 -0.4502 0.8129 137.2139 -0.0011 -0.0000 1.0000
0.3289 -0.0417 16.3646 -0.4497 0.7821 141.1430 -0.0011 -0.0000 1.0000
0.3896 -0.0898 -0.0506 -0.4500 0.7848 142.8694 -0.0011 -0.0001 1.0000
0.4069 -0.0618 -11.9255 -0.4589 0.8154 141.7265 -0.0011 -0.0001 1.0000
0.2623 -0.0637 56.1502 -0.4506 0.7532 145.2689 -0.0011 -0.0001 1.0000
0.2956 -0.0395 36.4533 -0.4589 0.7791 144.9696 -0.0011 -0.0000 1.0000
0.2471 -0.0496 61.2166 -0.4456 0.7532 140.4784 -0.0011 -0.0000 1.0000
0.3006 -0.0486 40.0236 -0.4554 0.7914 139.7275 -0.0011 -0.0000 1.0000
0.2723 -0.0701 58.9360 -0.4411 0.7779 132.8526 -0.0011 -0.0001 1.0000
0.2640 -0.0094 52.0320 -0.4681 0.8167 140.1964 -0.0012 0.0000 1.0000
0.2658 -0.0641 64.3147 -0.4504 0.7911 134.9706 -0.0011 -0.0001 1.0000
0.3027 -0.0444 45.7404 -0.4588 0.8275 133.8647 -0.0011 -0.0000 1.0000
0.2037 -0.0635 95.7642 -0.4535 0.7622 142.8382 -0.0011 -0.0001 1.0000
0.1480 -0.0266 113.5595 -0.4660 0.7525 151.2845 -0.0012 0.0000 1.0000
0.1343 -0.0187 122.7348 -0.4560 0.7640 144.1452 -0.0012 0.0000 1.0000
0.1244 -0.0940 142.3505 -0.4575 0.7077 156.9810 -0.0012 -0.0001 1.0000
0.1217 -0.0793 147.1744 -0.4526 0.7399 148.2764 -0.0011 -0.0001 1.0000
0.1122 -0.0459 147.7488 -0.4685 0.7520 156.2303 -0.0012 -0.0000 1.0000
0.1306 -0.0010 135.0003 -0.4701 0.8006 147.4953 -0.0012 0.0000 1.0000
0.0579 -0.0164 175.1782 -0.4756 0.7549 160.0488 -0.0012 0.0000 1.0000
-0.0118 -0.0846 222.9516 -0.4625 0.6832 166.0606 -0.0012 -0.0001 1.0000
0.0760 -0.0597 186.0555 -0.4667 0.7614 155.5808 -0.0012 -0.0000 1.0000
0.0500 -0.1012 207.7008 -0.4601 0.7187 159.9952 -0.0011 -0.0001 1.0000
0.0283 -0.0687 214.4359 -0.4718 0.7289 164.7055 -0.0012 -0.0000 1.0000
0.0395 0.0000 204.2976 -0.4825 0.7919 159.1619 -0.0012 0.0000 1.0000
-0.0219 -0.0327 242.2643 -0.4732 0.7401 163.3252 -0.0012 -0.0000 1.0000
-0.0792 -0.0822 280.6563 -0.4652 0.6982 165.3532 -0.0012 -0.0001 1.0000
-0.0970 -0.0448 282.9987 -0.4784 0.7042 172.0499 -0.0012 -0.0000 1.0000
-0.0613 -0.0078 266.2964 -0.4830 0.7552 165.6298 -0.0012 0.0000 1.0000
-0.1095 -0.1006 306.8617 -0.4718 0.6757 174.4640 -0.0012 -0.0001 1.0000
-0.1434 -0.0715 322.5829 -0.4770 0.6920 174.1397 -0.0012 -0.0000 1.0000
-0.1933 -0.0713 349.4956 -0.4763 0.6734 177.5653 -0.0012 -0.0000 1.0000
-0.2358 -0.0718 370.0565 -0.4739 0.6497 180.5175 -0.0012 -0.0000 1.0000
-0.2096 -0.0262 354.8526 -0.4820 0.6953 178.1683 -0.0012 0.0000 1.0000
-0.2732 -0.0637 391.0476 -0.4771 0.6363 187.0059 -0.0012 -0.0000 1.0000
-0.3223 -0.0329 408.2985 -0.4804 0.6215 191.9802 -0.0012 -0.0000 1.0000
-0.3103 -0.0298 406.6129 -0.4849 0.6422 191.6859 -0.0012 -0.0000 1.0000
-0.2585 -0.0916 399.0291 -0.4719 0.6319 189.1627 -0.0012 -0.0001 1.0000
-0.3161 -0.1429 435.5479 -0.4726 0.5751 200.9796 -0.0012 -0.0001 1.0000
-0.2575 -0.0290 395.5316 -0.4889 0.6847 190.6006 -0.0012 0.0000 1.0000
-0.2845 -0.0734 416.9871 -0.4818 0.6425 195.6570 -0.0012 -0.0001 1.0000
-0.2861 -0.0580 419.0220 -0.4811 0.6570 193.3704 -0.0012 -0.0000 1.0000
-0.3111 -0.0250 422.7618 -0.4807 0.6542 192.8964 -0.0012 0.0000 1.0000
-0.3239 -0.0366 431.7865 -0.4803 0.6384 195.8998 -0.0012 -0.0000 1.0000
-0.3201 -0.0408 433.7881 -0.4802 0.6391 196.6555 -0.0012 -0.0000 1.0000
-0.3549 -0.0344 449.2487 -0.4742 0.6210 195.9760 -0.0012 -0.0000 1.0000
-0.3753 -0.0250 456.8677 -0.4726 0.6167 195.2235 -0.0012 0.0000 1.0000
-0.3288 -0.0353 443.7769 -0.4729 0.6405 192.2499 -0.0012 -0.0000 1.0000
-0.3581 0.0066 451.2842 -0.4718 0.6478 189.6629 -0.0012 0.0000 1.0000
-0.4042 -0.0660 481.8900 -0.4569 0.5789 193.0609 -0.0012 -0.0000 1.0000
-0.3572 -0.0913 472.7658 -0.4550 0.5896 192.9520 -0.0012 -0.0001 1.0000
-0.3602 -0.0296 467.3346 -0.4611 0.6256 189.8979 -0.0012 0.0000 1.0000
-0.3842 0.0055 472.1653 -0.4658 0.6307 191.5586 -0.0012 0.0001 1.0000
-0.4068 -0.0810 495.6156 -0.4507 0.5712 193.9498 -0.0012 -0.0001 1.0000
-0.4010 -0.0109 483.2708 -0.4602 0.6116 192.2151 -0.0012 0.0000 1.0000
-0.3828 -0.0666 488.9151 -0.4496 0.5935 190.8420 -0.0012 -0.0000 1.0000
-0.4167 -0.0856 505.9407 -0.4477 0.5663 194.0717 -0.0012 -0.0001 1.0000
-0.3867 -0.0734 495.9942 -0.4439 0.5916 188.3352 -0.0012 -0.0000 1.0000
-0.4254 -0.0338 505.5159 -0.4424 0.5890 186.6116 -0.0012 0.0000 1.0000
-0.4264 -0.0581 511.2118 -0.4422 0.5748 189.3281 -0.0012 -0.0000 1.0000
-0.4207 -0.0801 516.7125 -0.4334 0.5704 185.7884 -0.0012 -0.0001 1.0000
-0.4392 -0.0192 514.4016 -0.4388 0.5887 184.7258 -0.0012 0.0000 1.0000
-0.4513 -0.0523 525.1620 -0.4277 0.5599 183.4177 -0.0012 -0.0000 1.0000
-0.4826 -0.0046 531.0222 -0.4367 0.5677 186.4729 -0.0012 0.0000 1.0000
-0.4764 0.0304 527.5262 -0.4372 0.5989 181.1106 -0.0012 0.0001 1.0000
-0.4241 0.0187 512.8069 -0.4318 0.6201 175.6775 -0.0012 0.0001 1.0000
-0.4789 -0.0346 542.5238 -0.4250 0.5613 181.2702 -0.0012 0.0000 1.0000
-0.4667 -0.0130 536.0619 -0.4135 0.5726 172.7172 -0.0012 0.0000 1.0000
-0.5023 -0.0233 551.4147 -0.4160 0.5527 176.2833 -0.0012 0.0000 1.0000
-0.4537 -0.0291 539.0062 -0.4051 0.5756 167.4543 -0.0012 0.0000 1.0000
-0.4791 -0.0319 549.9300 -0.4021 0.5676 165.7666 -0.0012 0.0000 1.0000
-0.4376 -0.0775 544.5067 -0.3969 0.5650 165.2428 -0.0012 -0.0000 1.0000
-0.4762 -0.0767 558.7019 -0.3934 0.5419 166.7481 -0.0012 -0.0000 1.0000
-0.4765 -0.0281 553.9439 -0.3983 0.5760 163.8155 -0.0012 0.0000 1.0000
-0.4573 -0.0221 547.2144 -0.3954 0.5869 162.0123 -0.0012 0.0001 1.0000
-0.4158 -0.0578 541.9342 -0.3826 0.5931 156.6769 -0.0011 0.0000 1.0000
-0.4010 -0.0232 535.2764 -0.3744 0.6238 148.2436 -0.0011 0.0001 1.0000
-0.4229 -0.0743 548.1881 -0.3702 0.5749 155.5478 -0.0011 0.0000 1.0000
-0.4685 -0.1017 567.9509 -0.3706 0.5375 162.3937 -0.0012 0.0000 1.0000
-0.4130 -0.1227 554.2660 -0.3494 0.5704 147.0683 -0.0011 -0.0000 1.0000
-0.3651 -0.1891 552.1476 -0.3379 0.5576 148.1252 -0.0011 -0.0001 1.0000
-0.3637 -0.1313 546.9267 -0.3258 0.5844 139.2174 -0.0011 0.0000 1.0000
-0.2851 -0.1257 520.9758 -0.3150 0.6510 124.7880 -0.0011 0.0000 1.0000
-0.3650 -0.1119 547.4157 -0.3198 0.6056 134.8715 -0.0011 0.0001 1.0000
-0.3894 -0.2321 567.9765 -0.3146 0.5100 149.2848 -0.0011 -0.0001 1.0000
-0.3907 -0.2551 576.2157 -0.3077 0.5043 148.6817 -0.0011 -0.0001 1.0000
-0.4038 -0.2005 570.3333 -0.3052 0.5197 145.0090 -0.0011 -0.0000 1.0000
-0.3976 -0.2308 575.2662 -0.2905 0.5125 139.8067 -0.0011 -0.0000 1.0000
-0.3590 -0.2996 577.2134 -0.2622 0.5095 126.7639 -0.0011 -0.0001 1.0000
-0.4167 -0.2759 591.1030 -0.2726 0.4801 136.3460 -0.0011 -0.0001 1.0000
-0.4710 -0.2119 599.1055 -0.2806 0.4878 136.8311 -0.0012 0.0000 1.0000
-0.3771 -0.2319 578.6849 -0.2351 0.5365 108.3639 -0.0011 0.0000 1.0000
-0.3297 -0.3348 582.0405 -0.1893 0.5171 87.5140 -0.0011 -0.0001 1.0000
-0.3035 -0.4048 586.2429 -0.1672 0.4874 82.2724 -0.0010 -0.0001 1.0000
-0.4283 -0.3261 612.5835 -0.1974 0.4573 97.9434 -0.0011 -0.0000 1.0000
-0.4205 -0.2720 607.3632 -0.1730 0.4997 76.8026 -0.0011 0.0001 1.0000
-0.4298 -0.2466 609.9617 -0.1619 0.5033 70.3704 -0.0012 0.0001 1.0000
-0.4369 -0.3316 626.2036 -0.1571 0.4474 78.0343 -0.0011 -0.0000 1.0000
-0.4012 -0.3101 618.1519 -0.1259 0.4955 53.9039 -0.0011 0.0001 1.0000
-0.4254 -0.3059 626.3272 -0.1201 0.4823 51.9743 -0.0011 0.0001 1.0000
-0.4474 -0.3663 639.6752 -0.1217 0.4259 61.6367 -0.0011 -0.0000 1.0000
-0.4553 -0.2333 630.4406 -0.1052 0.5132 36.4852 -0.0012 0.0002 1.0000
-0.4452 -0.3879 648.3848 -0.1021 0.4247 51.2683 -0.0011 -0.0000 1.0000
-0.3830 -0.3949 628.6734 -0.0725 0.4466 33.4639 -0.0011 -0.0000 1.0000
-0.3890 -0.3359 620.3750 -0.0814 0.4835 30.6041 -0.0011 0.0001 1.0000
-0.4148 -0.2203 606.7566 -0.0885 0.5256 24.4980 -0.0012 0.0002 1.0000
-0.3526 -0.2865 592.6803 -0.0775 0.5236 20.3139 -0.0011 0.0001 1.0000
-0.3980 -0.3264 603.5881 -0.1030 0.4739 38.4857 -0.0011 0.0000 1.0000
-0.2477 -0.3530 549.5042 -0.0607 0.5281 9.4813 -0.0011 0.0000 1.0000
-0.2323 -0.3449 526.3645 -0.0716 0.5164 14.6666 -0.0011 0.0000 1.0000
-0.1858 -0.2978 494.2672 -0.0728 0.5641 5.3328 -0.0011 0.0001 1.0000
-0.2363 -0.2017 481.3506 -0.1244 0.5737 27.4446 -0.0012 0.0001 1.0000
-0.2327 -0.2499 480.9808 -0.1542 0.5541 45.6648 -0.0011 0.0000 1.0000
-0.2360 -0.2544 473.4602 -0.1767 0.5363 59.5082 -0.0011 0.0000 1.0000
-0.1610 -0.1838 426.3473 -0.1938 0.6163 54.2563 -0.0011 0.0001 1.0000
-0.1796 -0.2114 429.7298 -0.2270 0.5799 77.4780 -0.0011 0.0000 1.0000
-0.1587 -0.1086 400.1836 -0.2537 0.6445 79.4412 -0.0011 0.0001 1.0000
-0.1433 -0.1604 390.5766 -0.2822 0.5969 103.1699 -0.0011 0.0000 1.0000
-0.1311 -0.1069 370.8711 -0.3155 0.6314 113.7054 -0.0011 0.0000 1.0000
-0.2000 -0.1540 396.6311 -0.3352 0.5507 135.7874 -0.0011 -0.0001 1.0000
-0.1081 -0.0980 350.2526 -0.3489 0.6232 131.9494 -0.0011 -0.0000 1.0000
-0.1886 -0.0401 364.0911 -0.3824 0.5930 152.7139 -0.0012 0.0000 1.0000
-0.1080 -0.0470 323.7871 -0.3961 0.6061 158.7645 -0.0011 -0.0000 1.0000
-0.0868 -0.0197 312.2541 -0.4196 0.6395 166.1621 -0.0011 0.0000 1.0000
-0.1229 -0.0511 325.6215 -0.4293 0.5918 179.0419 -0.0011 -0.0001 1.0000
-0.1078 0.0141 303.9453 -0.4624 0.6254 191.8595 -0.0011 0.0000 1.0000
-0.0951 0.0562 284.0699 -0.4853 0.6388 202.1669 -0.0011 0.0000 1.0000
-0.0131 0.1075 237.6034 -0.5189 0.6940 213.6321 -0.0011 0.0001 1.0000
-0.0337 0.0880 241.4074 -0.5379 0.6563 231.1924 -0.0011 0.0000 1.0000
-0.0103 0.1445 218.0411 -0.5644 0.6905 240.9653 -0.0011 0.0001 1.0000
-0.0601 0.1400 235.2185 -0.5913 0.6506 264.0531 -0.0011 0.0000 1.0000
-0.0552 0.1330 228.1102 -0.6150 0.6373 280.4325 -0.0011 -0.0000 1.0000
-0.0685 0.1618 223.3138 -0.6489 0.6221 302.9710 -0.0011 -0.0000 1.0000
-0.0170 0.1796 191.2281 -0.6717 0.6341 315.9055 -0.0011 -0.0000 1.0000
-0.0020 0.2015 173.3310 -0.6884 0.6308 326.4338 -0.0011 -0.0000 1.0000
0.0110 0.2038 163.8767 -0.7104 0.6396 338.5885 -0.0011 -0.0000 1.0000
0.0591 0.2437 120.3306 -0.7489 0.6458 360.7487 -0.0011 0.0000 1.0000
-0.0046 0.2796 135.8635 -0.7548 0.6337 365.7729 -0.0012 0.0001 1.0000
0.1201 0.2189 87.3899 -0.7764 0.6470 382.1698 -0.0011 -0.0001 1.0000
0.1291 0.2511 69.6407 -0.8093 0.6619 399.9900 -0.0011 -0.0000 1.0000
0.1413 0.2733 51.9829 -0.8317 0.6522 417.7384 -0.0011 -0.0000 1.0000
0.1151 0.3489 45.2303 -0.8592 0.6826 428.1686 -0.0011 0.0001 1.0000
0.1101 0.3018 52.4993 -0.8671 0.6478 440.7154 -0.0011 -0.0000 1.0000
0.1016 0.3383 45.7490 -0.8989 0.6507 459.5390 -0.0011 0.0000 1.0000
0.1796 0.3411 8.2133 -0.9389 0.6674 484.9401 -0.0011 -0.0001 1.0000
0.1496 0.3894 10.5251 -0.9534 0.6781 490.1473 -0.0011 0.0000 1.0000
0.1730 0.3747 3.4519 -0.9818 0.6810 508.1419 -0.0011 -0.0000 1.0000
0.1346 0.3791 16.4598 -0.9778 0.6695 504.3458 -0.0011 -0.0000 1.0000
0.1561 0.3693 4.7998 -0.9717 0.6594 502.1623 -0.0011 -0.0000 1.0000
0.1432 0.3718 9.0526 -0.9613 0.6653 491.3720 -0.0011 0.0000 1.0000
0.1955 0.3105 -3.8400 -0.9402 0.6629 478.5436 -0.0011 -0.0001 1.0000
0.2435 0.2997 -26.3305 -0.9255 0.6953 461.5574 -0.0011 -0.0001 1.0000
0.2339 0.3414 -33.8497 -0.8984 0.7304 433.1191 -0.0011 0.0000 1.0000
0.2289 0.2778 -21.4826 -0.8668 0.7077 415.1525 -0.0011 -0.0000 1.0000
0.2866 0.2830 -51.5646 -0.8475 0.7558 391.8108 -0.0011 -0.0000 1.0000
0.3836 0.2362 -90.2241 -0.8230 0.7960 367.0776 -0.0011 -0.0001 1.0000
0.3966 0.2014 -91.4920 -0.7783 0.7953 337.5060 -0.0011 -0.0001 1.0000
0.4232 0.2081 -108.8893 -0.7537 0.8165 316.4820 -0.0011 -0.0000 1.0000
0.4594 0.2057 -127.0682 -0.7324 0.8560 293.4207 -0.0011 0.0000 1.0000
0.4567 0.1381 -113.8123 -0.6786 0.8228 266.7595 -0.0011 -0.0000 1.0000
0.4727 0.1259 -120.3566 -0.6629 0.8351 253.7862 -0.0011 -0.0000 1.0000
0.4736 0.0960 -117.5221 -0.6134 0.8203 227.0562 -0.0011 -0.0000 1.0000
0.5383 0.0597 -140.9341 -0.5950 0.8579 208.9554 -0.0011 -0.0000 1.0000
0.5497 -0.0084 -135.4646 -0.5625 0.8297 194.9769 -0.0011 -0.0001 1.0000
0.6364 0.0208 -182.9356 -0.5494 0.9088 172.1556 -0.0011 -0.0000 1.0000
0.6838 -0.0102 -200.3811 -0.5120 0.9183 148.9815 -0.0011 -0.0001 1.0000
0.6780 -0.0243 -194.5824 -0.4943 0.9231 137.2364 -0.0011 -0.0000 1.0000
0.8057 -0.0820 -243.4724 -0.4631 0.9660 112.4332 -0.0010 -0.0001 1.0000
0.7679 -0.0876 -223.7914 -0.4310 0.9496 96.6788 -0.0011 -0.0001 1.0000
0.7221 -0.0984 -199.6188 -0.4069 0.9259 87.0805 -0.0011 -0.0001 1.0000
0.7709 -0.1284 -215.2835 -0.3920 0.9419 76.8562 -0.0011 -0.0001 1.0000
0.8235 -0.1729 -227.1259 -0.3694 0.9627 60.8919 -0.0010 -0.0001 1.0000
0.8399 -0.1761 -233.6321 -0.3508 0.9775 47.2042 -0.0010 -0.0001 1.0000
0.8436 -0.1627 -239.7898 -0.3491 0.9875 43.7208 -0.0011 -0.0001 1.0000
0.8837 -0.2087 -248.2106 -0.3268 0.9842 32.1831 -0.0010 -0.0001 1.0000
0.8771 -0.2144 -245.2772 -0.3303 0.9787 34.1847 -0.0010 -0.0001 1.0000
0.9284 -0.1843 -278.4135 -0.3266 1.0316 20.3995 -0.0010 -0.0001 1.0000
0.9295 -0.2302 -271.0417 -0.3282 0.9977 27.8383 -0.0010 -0.0001 1.0000
1.0451 -0.2113 -330.8020 -0.3282 1.0804 11.5950 -0.0010 -0.0001 1.0000
1.0043 -0.1695 -322.8210 -0.3429 1.0866 15.9457 -0.0010 -0.0001 1.0000
1.0141 -0.2343 -316.5075 -0.3526 1.0450 29.2516 -0.0010 -0.0002 1.0000
0.9968 -0.1875 -320.6581 -0.3602 1.0557 29.7123 -0.0010 -0.0001 1.0000
1.0626 -0.1881 -354.0113 -0.3688 1.0821 29.1956 -0.0010 -0.0001 1.0000
1.1311 -0.1548 -397.5507 -0.3909 1.1370 29.3356 -0.0010 -0.0001 1.0000
1.1041 -0.1728 -381.8822 -0.3940 1.1200 32.4101 -0.0010 -0.0001 1.0000
1.1790 -0.1376 -427.5662 -0.4016 1.1784 23.6276 -0.0010 -0.0001 1.0000
1.2131 -0.1422 -447.0025 -0.4015 1.1821 21.8864 -0.0010 -0.0001 1.0000
1.0970 -0.1478 -391.2808 -0.3975 1.1236 28.7901 -0.0010 -0.0001 1.0000
1.1198 -0.1682 -401.1815 -0.4154 1.1164 39.7907 -0.0010 -0.0001 1.0000
1.1851 -0.1295 -440.7189 -0.4159 1.1839 25.9812 -0.0010 -0.0001 1.0000
1.2278 -0.1461 -460.7850 -0.4134 1.1939 21.5276 -0.0010 -0.0001 1.0000
1.3211 -0.1422 -510.6232 -0.4078 1.2537 4.2726 -0.0010 -0.0001 1.0000
1.3125 -0.1494 -508.2696 -0.4092 1.2395 6.6108 -0.0010 -0.0001 1.0000
1.3329 -0.1457 -521.6086 -0.4127 1.2546 3.6620 -0.0010 -0.0001 1.0000
1.4681 -0.1434 -591.2294 -0.4140 1.3255 -10.5634 -0.0010 -0.0001 1.0000
1.3553 -0.1767 -529.8986 -0.4163 1.2452 5.8865 -0.0010 -0.0001 1.0000
1.4936 -0.1335 -613.8700 -0.4240 1.3554 -15.1885 -0.0010 -0.0001 1.0000
1.6482 -0.1563 -688.7895 -0.4178 1.4085 -29.2596 -0.0010 -0.0001 1.0000
1.7512 -0.1470 -748.5270 -0.4166 1.4776 -46.3262 -0.0010 -0.0001 1.0000
1.8337 -0.1831 -785.5831 -0.4169 1.5047 -52.7486 -0.0009 -0.0002 1.0000
1.8333 -0.1682 -794.5513 -0.4151 1.4893 -51.5600 -0.0009 -0.0002 1.0000
1.9094 -0.1695 -839.0841 -0.4233 1.5375 -57.5243 -0.0009 -0.0002 1.0000
1.8587 -0.1863 -814.4127 -0.4245 1.4846 -45.9147 -0.0009 -0.0002 1.0000
2.0062 -0.1599 -898.7371 -0.4352 1.5771 -58.4775 -0.0009 -0.0001 1.0000
1.8322 -0.1362 -820.4437 -0.4421 1.4884 -36.3925 -0.0010 -0.0001 1.0000
1.9500 -0.1637 -877.7670 -0.4229 1.5509 -60.5344 -0.0010 -0.0002 1.0000
2.3346 -0.1813 -1073.6910 -0.4437 1.7420 -85.1923 -0.0009 -0.0002 1.0000
2.5635 -0.2216 -1184.1495 -0.4109 1.8624 -129.1609 -0.0008 -0.0002 1.0000
2.3422 -0.1566 -1089.5096 -0.4335 1.7513 -92.0174 -0.0009 -0.0002 1.0000
2.8531 -0.2168 -1339.6816 -0.4211 2.0110 -149.6058 -0.0008 -0.0002 1.0000
2.7888 -0.2033 -1313.2499 -0.4392 1.9983 -137.5013 -0.0008 -0.0002 1.0000
2.7530 -0.2212 -1293.2104 -0.4489 1.9661 -122.3479 -0.0008 -0.0002 1.0000
2.6541 -0.2891 -1230.2820 -0.4230 1.8526 -113.6442 -0.0008 -0.0003 1.0000
2.8436 -0.2440 -1340.2877 -0.4160 1.9898 -147.0419 -0.0008 -0.0003 1.0000
2.7469 -0.2688 -1286.8568 -0.4365 1.9234 -119.9818 -0.0008 -0.0003 1.0000
2.7522 -0.2809 -1287.2381 -0.4594 1.9111 -104.1892 -0.0008 -0.0003 1.0000
2.9574 -0.2654 -1398.5974 -0.4367 2.0574 -148.8343 -0.0008 -0.0003 1.0000
3.0982 -0.3026 -1464.7184 -0.4224 2.1070 -167.5421 -0.0007 -0.0004 1.0000
3.0531 -0.3028 -1442.0189 -0.4480 2.0830 -147.1312 -0.0008 -0.0004 1.0000
3.6377 -0.3186 -1744.7567 -0.4379 2.3883 -216.1414 -0.0007 -0.0004 1.0000
3.2280 -0.2588 -1549.5308 -0.4446 2.1947 -175.5782 -0.0008 -0.0003 1.0000
3.4406 -0.3072 -1648.0757 -0.4389 2.3139 -204.3559 -0.0007 -0.0003 1.0000
3.3842 -0.3083 -1620.4745 -0.4671 2.2573 -176.9044 -0.0007 -0.0004 1.0000
3.4095 -0.2942 -1639.6074 -0.4721 2.2879 -181.7075 -0.0007 -0.0003 1.0000
3.4426 -0.2730 -1664.5496 -0.4761 2.3191 -187.7520 -0.0008 -0.0003 1.0000
3.6677 -0.2911 -1777.8534 -0.4752 2.4416 -212.8314 -0.0007 -0.0003 1.0000
3.6714 -0.3229 -1773.9613 -0.4712 2.4215 -211.1324 -0.0007 -0.0004 1.0000
3.3027 -0.3135 -1584.0496 -0.4828 2.2443 -168.8410 -0.0008 -0.0004 1.0000
3.5785 -0.2966 -1735.6920 -0.5020 2.4047 -188.9425 -0.0007 -0.0004 1.0000
3.6479 -0.3308 -1763.5403 -0.4974 2.4265 -194.5368 -0.0007 -0.0004 1.0000
4.0151 -0.3677 -1949.1996 -0.5076 2.6260 -227.6068 -0.0006 -0.0005 1.0000
3.7961 -0.3616 -1840.6368 -0.5222 2.5094 -195.2491 -0.0007 -0.0005 1.0000
3.8871 -0.3402 -1896.9738 -0.5161 2.5551 -205.5869 -0.0007 -0.0004 1.0000
3.6442 -0.3255 -1776.3241 -0.5299 2.4380 -173.9748 -0.0008 -0.0004 1.0000
4.2649 -0.3996 -2085.9974 -0.5118 2.7458 -245.9811 -0.0006 -0.0005 1.0000
4.2706 -0.3876 -2096.2402 -0.5262 2.7616 -241.3474 -0.0006 -0.0005 1.0000
4.5000 -0.3798 -2222.6801 -0.5309 2.8731 -261.6818 -0.0006 -0.0005 1.0000
4.4925 -0.3691 -2224.7679 -0.5421 2.8890 -261.5069 -0.0006 -0.0004 1.0000
4.2639 -0.3575 -2109.3380 -0.5454 2.7650 -235.5728 -0.0007 -0.0004 1.0000
4.7353 -0.3731 -2356.9196 -0.5251 3.0162 -300.9994 -0.0006 -0.0005 1.0000
4.4072 -0.3567 -2189.4592 -0.5251 2.8623 -272.2735 -0.0007 -0.0004 1.0000
4.6139 -0.3887 -2292.8536 -0.5357 2.9652 -288.3585 -0.0006 -0.0005 1.0000
5.0497 -0.4424 -2511.2669 -0.5138 3.2197 -356.3195 -0.0006 -0.0005 1.0000
5.1402 -0.4191 -2567.5195 -0.5024 3.2172 -360.2029 -0.0005 -0.0005 1.0000
4.8790 -0.4193 -2427.7459 -0.5437 3.1229 -318.9809 -0.0006 -0.0005 1.0000
4.6650 -0.4251 -2313.0486 -0.5007 2.9914 -314.2270 -0.0006 -0.0005 1.0000
5.3487 -0.4509 -2669.5389 -0.5128 3.3652 -382.6884 -0.0005 -0.0005 1.0000
5.3546 -0.3795 -2691.7902 -0.5245 3.4011 -380.4656 -0.0005 -0.0005 1.0000
5.0109 -0.4166 -2501.4828 -0.5048 3.2042 -348.1758 -0.0006 -0.0005 1.0000
4.9000 -0.4034 -2444.6932 -0.4904 3.1219 -333.6072 -0.0006 -0.0005 1.0000
4.7511 -0.4059 -2365.9061 -0.5282 3.0273 -286.8089 -0.0006 -0.0004 1.0000
4.5837 -0.4392 -2270.5757 -0.5252 2.9017 -258.4382 -0.0006 -0.0005 1.0000
5.1237 -0.4801 -2545.3606 -0.4803 3.1841 -336.7513 -0.0005 -0.0006 1.0000
4.9409 -0.4584 -2453.8110 -0.4819 3.0524 -304.5212 -0.0005 -0.0006 1.0000
5.2235 -0.4916 -2592.5148 -0.4645 3.2361 -347.7163 -0.0005 -0.0006 1.0000
4.6539 -0.4563 -2297.6463 -0.4936 2.9227 -267.4786 -0.0006 -0.0006 1.0000
4.4815 -0.5150 -2190.8022 -0.4557 2.7627 -251.7482 -0.0006 -0.0006 1.0000
5.1456 -0.5084 -2541.3607 -0.4220 3.1416 -341.1285 -0.0005 -0.0006 1.0000
4.5738 -0.4742 -2246.9260 -0.4501 2.8370 -262.8020 -0.0006 -0.0005 1.0000
4.5918 -0.5013 -2249.7839 -0.4116 2.8097 -275.9513 -0.0005 -0.0006 1.0000
4.8206 -0.5365 -2358.9388 -0.3920 2.9153 -303.5183 -0.0005 -0.0006 1.0000
4.6826 -0.5230 -2286.2712 -0.3800 2.8664 -299.1279 -0.0005 -0.0006 1.0000
4.9782 -0.5759 -2427.4634 -0.3403 2.9956 -342.1165 -0.0004 -0.0006 1.0000
4.4589 -0.5559 -2157.7907 -0.3344 2.6748 -283.7308 -0.0005 -0.0006 1.0000
4.5520 -0.6022 -2192.1560 -0.3138 2.7036 -299.3128 -0.0004 -0.0007 1.0000
4.2899 -0.5727 -2058.0850 -0.3006 2.5733 -282.8100 -0.0005 -0.0006 1.0000
4.2872 -0.5940 -2047.3827 -0.2766 2.5593 -295.3426 -0.0005 -0.0007 1.0000
4.1203 -0.5818 -1961.3859 -0.2856 2.4754 -276.0797 -0.0005 -0.0006 1.0000
3.7441 -0.5426 -1770.4566 -0.2886 2.3094 -247.9114 -0.0006 -0.0006 1.0000
3.8907 -0.5863 -1833.6248 -0.2717 2.3306 -260.4250 -0.0005 -0.0006 1.0000
3.6844 -0.4704 -1749.9230 -0.2618 2.3020 -265.4821 -0.0006 -0.0005 1.0000
3.9288 -0.5063 -1864.6407 -0.2137 2.3878 -308.3511 -0.0005 -0.0005 1.0000
3.8429 -0.5487 -1805.4336 -0.2158 2.3453 -299.6083 -0.0005 -0.0006 1.0000
