638.366356 158.011082 954.517038 120.457271 938.796839 592.063261 620.899468 544.902662 
637.006096 154.706379 955.325153 113.991151 946.071692 586.843006 628.720042 542.346095 
639.194431 153.657106 955.003158 108.541574 950.441386 582.193791 633.133628 541.103578 
639.135395 150.947481 956.593897 99.692488 958.997653 576.838028 638.096244 537.176056 
640.425830 147.965765 956.312805 89.940571 967.389197 565.302428 645.250774 535.765380 
640.427053 144.778915 956.016340 79.727084 977.793523 557.391744 655.948974 532.690357 
640.789808 141.526235 956.056498 68.986997 988.606156 546.071988 664.969554 529.332163 
640.566396 136.340981 954.019604 52.362863 1002.000759 530.471143 677.673006 523.030921 
642.872950 129.757991 954.174945 34.801093 1016.826918 510.564518 692.798742 514.480267 
646.509390 121.326291 954.190141 13.157277 1035.098376 489.046306 709.007042 503.523474 
646.922371 111.536423 949.502861 -13.792774 1055.629883 460.562855 726.612943 492.457355 
651.401052 98.886963 951.033593 -48.789075 1080.275990 427.604413 752.529343 473.488944 
656.928790 79.555370 953.686464 -77.726197 1111.678967 385.191838 781.945006 451.730081 
665.197618 59.501030 954.364150 -117.451624 1138.799253 339.159552 811.216865 428.929725 
674.113946 39.604887 955.776154 -159.619602 1170.959932 287.160276 844.562989 399.145838 
677.330089 19.333554 958.855281 -181.755869 1198.664801 230.931040 877.837718 367.357510 
0.000000 0.000000 0.000000 0.000000 0.000000 0.000000 0.000000 0.000000 
0.000000 0.000000 0.000000 0.000000 0.000000 0.000000 0.000000 0.000000 
0.000000 0.000000 0.000000 0.000000 0.000000 0.000000 0.000000 0.000000 
0.000000 0.000000 0.000000 0.000000 0.000000 0.000000 0.000000 0.000000 
624.607557 15.926608 835.567963 -274.143951 1202.318069 56.650262 920.216220 286.051766 
574.944483 84.609927 772.145393 -215.299790 1135.146682 129.701436 865.119351 353.741579 
521.779354 164.218600 711.084907 -99.661868 1063.459157 237.242293 799.996528 438.480080 
483.048687 235.794255 688.596853 -10.561268 1000.440028 357.292574 728.849457 534.488861 
449.986423 291.483512 679.779023 75.086892 954.911869 467.692188 671.535343 624.322122 
438.695681 316.958967 686.006103 132.560845 919.215493 552.337746 620.924413 671.654178 
444.389773 288.911854 714.576409 131.302982 900.574456 563.993176 595.146085 656.992199 
456.372300 197.044601 745.243662 44.045540 899.384507 515.602347 584.252113 581.825822 
462.450201 58.909862 778.579824 -50.298553 898.956304 406.827322 589.701867 464.903273 
0.000000 0.000000 0.000000 0.000000 0.000000 0.000000 0.000000 0.000000 
0.000000 0.000000 0.000000 0.000000 0.000000 0.000000 0.000000 0.000000 
0.000000 0.000000 0.000000 0.000000 0.000000 0.000000 0.000000 0.000000 
0.000000 0.000000 0.000000 0.000000 0.000000 0.000000 0.000000 0.000000 
613.838100 20.995253 902.120001 -134.233463 1110.496682 279.432838 784.298322 383.223225 
696.498233 5.313008 1035.725141 -107.762628 1228.985210 228.266140 884.791260 362.420475 
0.000000 0.000000 0.000000 0.000000 0.000000 0.000000 0.000000 0.000000 
0.000000 0.000000 0.000000 0.000000 0.000000 0.000000 0.000000 0.000000 
746.519631 27.786689 1078.438042 -120.623037 1287.577226 284.015818 933.289523 409.403008 
696.290423 176.261790 997.980268 -18.949287 1193.933683 463.622555 848.696690 555.783278 
650.115023 307.617371 946.978873 151.373239 1112.838028 654.960094 764.293427 711.448357 
0.000000 0.000000 0.000000 0.000000 0.000000 0.000000 0.000000 0.000000 
0.000000 0.000000 0.000000 0.000000 0.000000 0.000000 0.000000 0.000000 
659.730047 311.223005 969.814554 175.410798 1115.241784 699.429577 753.476526 720.500000 
665.739437 213.870892 971.016432 50.415493 1140.481221 562.415493 790.734742 606.884977 
652.850080 174.227581 944.357490 -6.100259 1143.046490 476.806118 800.525351 557.036294 
639.619986 170.079738 922.523124 -26.192774 1138.672819 448.607962 805.572211 543.779564 
639.881854 144.423469 922.211380 -61.273758 1156.800816 414.202817 816.078646 516.734951 
656.314075 93.013265 947.598240 -131.553975 1187.577408 354.610720 837.096364 465.978528 
680.054603 24.163393 1009.836810 -146.834788 1216.611050 301.538826 861.412332 409.932801 
0.000000 0.000000 0.000000 0.000000 0.000000 0.000000 0.000000 0.000000 
711.544226 46.218791 1048.627279 -107.451424 1222.446103 388.389642 850.810894 462.380363 
716.556128 140.705732 1046.864713 -20.298956 1195.222228 508.692990 821.998766 562.476283 
717.420188 203.053991 1050.340376 70.847418 1170.528169 606.884977 794.340376 621.307512 
717.747227 215.337675 1064.762911 101.887654 1158.509390 639.127090 779.917840 636.723334 
724.631455 188.631455 1079.185446 85.269953 1153.701878 629.720657 772.706573 616.500000 
731.947019 174.541672 1093.607981 79.260563 1144.086854 629.720657 765.495305 604.481221 
739.053991 171.805164 1104.424883 91.279343 1134.307937 643.214471 752.274648 604.481221 
740.439622 171.243958 1110.434272 109.307512 1108.030516 663.373239 725.833333 602.077465 
735.448357 168.199531 1109.232394 133.345070 1065.964789 686.208920 689.776995 598.471831 
713.814554 164.593897 1091.204225 163.392019 1005.870892 706.640845 634.490610 590.058685 
687.373239 163.392019 1053.946009 193.438967 925.345070 719.861502 570.791080 579.241784 
651.763334 152.371968 1016.353107 214.992349 844.465808 729.221852 500.698553 558.088808 
614.058685 129.739437 972.218310 227.091549 757.082160 719.861502 424.161972 528.762911 
563.579812 109.307512 916.931925 236.706573 669.345070 713.852113 348.443662 501.119718 
511.899061 87.673709 860.443662 236.706573 593.626761 705.438967 265.514085 475.880282 
462.622066 58.828638 811.166667 227.091549 521.514085 687.410798 199.410798 447.035211 
422.960094 45.607981 765.495305 213.870892 475.842723 677.795775 152.537559 442.227700 
391.711268 40.800469 740.255869 207.861502 455.410798 678.997653 127.298122 444.631455 
380.894366 37.194836 736.650235 198.246479 459.016432 674.190141 123.692488 448.237089 
386.903756 32.387324 743.861502 185.025822 475.842723 665.776995 133.307512 447.035211 
389.088988 26.975713 750.581093 175.899061 490.046735 663.971018 146.309646 446.431112 
392.913146 23.974178 755.880282 171.805164 497.476526 668.180751 150.133803 450.640845 
398.638910 25.993130 762.833865 169.639746 514.657672 669.037238 161.522287 457.884121 
409.739437 28.781690 778.715962 171.805164 521.514085 670.584507 172.969484 454.246479 
420.556338 33.589202 796.744131 174.208920 544.349765 677.795775 187.392019 463.861502 
431.373239 40.800469 805.157277 176.612676 563.579812 688.612676 201.814554 478.284038 
440.988263 49.213615 823.185446 177.814554 585.213615 697.025822 221.044601 490.302817 
451.805164 63.636150 837.607981 177.814554 615.260563 707.842723 242.678404 509.532864 
459.016432 79.260563 854.434272 175.410798 653.720657 719.861502 271.523474 534.772300 
462.547731 96.165011 863.514486 173.274003 692.482811 728.773578 301.749953 564.328454 
465.653120 110.583070 873.672811 165.989402 733.273916 740.220882 329.154007 589.782083 
465.360484 125.257899 875.816081 153.961087 769.239569 740.131900 353.436645 616.559947 
455.521738 141.419795 876.795894 141.802557 806.207350 738.981643 376.782277 640.571731 
449.205559 154.270803 872.169805 126.073187 842.548919 734.006623 405.811393 658.540948 
445.795775 168.199531 866.453052 109.307512 879.673709 720.500000 431.373239 678.997653 
437.382629 186.227700 859.241784 91.279343 916.931925 706.640845 465.025822 695.823944 
432.575117 200.650235 844.819249 75.654930 957.795775 687.410798 499.880282 707.842723 
427.767606 216.274648 835.204225 54.021127 991.448357 660.969484 538.340376 716.255869 
426.202404 231.913544 818.172760 39.272823 1027.408328 630.765678 575.703852 725.128599 
419.908876 242.362957 800.131623 18.058891 1058.154566 598.948238 613.229326 724.958533 
413.373519 255.468585 777.284216 -6.425306 1080.195637 560.312191 643.260259 722.426024 
402.505671 260.860127 751.236527 -26.607200 1101.131207 511.477846 674.508037 711.884459 
397.324562 259.624358 719.676799 -57.868297 1113.562912 457.328749 701.734234 690.286889 
383.850583 253.216341 688.319491 -96.431825 1122.666535 396.260343 726.248335 654.793952 
370.850296 237.240326 647.603446 -137.574964 1124.070753 320.644659 744.763547 613.975564 
356.286863 214.577122 617.249729 -190.748180 1120.341426 248.277934 763.592185 565.752029 
346.682583 191.437119 568.379696 -236.344635 1113.602509 174.297863 772.502083 517.242075 
332.624070 164.979224 540.058759 -284.462600 1103.400831 106.576018 776.059508 476.988567 
315.027339 149.155239 496.779604 -307.681534 1093.447425 50.319159 776.012968 433.429711 
0.000000 0.000000 0.000000 0.000000 0.000000 0.000000 0.000000 0.000000 
0.000000 0.000000 0.000000 0.000000 0.000000 0.000000 0.000000 0.000000 
0.000000 0.000000 0.000000 0.000000 0.000000 0.000000 0.000000 0.000000 
0.000000 0.000000 0.000000 0.000000 0.000000 0.000000 0.000000 0.000000 
0.000000 0.000000 0.000000 0.000000 0.000000 0.000000 0.000000 0.000000 
0.000000 0.000000 0.000000 0.000000 0.000000 0.000000 0.000000 0.000000 
0.000000 0.000000 0.000000 0.000000 0.000000 0.000000 0.000000 0.000000 
0.000000 0.000000 0.000000 0.000000 0.000000 0.000000 0.000000 0.000000 
0.000000 0.000000 0.000000 0.000000 0.000000 0.000000 0.000000 0.000000 
0.000000 0.000000 0.000000 0.000000 0.000000 0.000000 0.000000 0.000000 
0.000000 0.000000 0.000000 0.000000 0.000000 0.000000 0.000000 0.000000 
0.000000 0.000000 0.000000 0.000000 0.000000 0.000000 0.000000 0.000000 
0.000000 0.000000 0.000000 0.000000 0.000000 0.000000 0.000000 0.000000 
0.000000 0.000000 0.000000 0.000000 0.000000 0.000000 0.000000 0.000000 
0.000000 0.000000 0.000000 0.000000 0.000000 0.000000 0.000000 0.000000 
0.000000 0.000000 0.000000 0.000000 0.000000 0.000000 0.000000 0.000000 
0.000000 0.000000 0.000000 0.000000 0.000000 0.000000 0.000000 0.000000 
0.000000 0.000000 0.000000 0.000000 0.000000 0.000000 0.000000 0.000000 
0.000000 0.000000 0.000000 0.000000 0.000000 0.000000 0.000000 0.000000 
0.000000 0.000000 0.000000 0.000000 0.000000 0.000000 0.000000 0.000000 
0.000000 0.000000 0.000000 0.000000 0.000000 0.000000 0.000000 0.000000 
0.000000 0.000000 0.000000 0.000000 0.000000 0.000000 0.000000 0.000000 
0.000000 0.000000 0.000000 0.000000 0.000000 0.000000 0.000000 0.000000 
0.000000 0.000000 0.000000 0.000000 0.000000 0.000000 0.000000 0.000000 
0.000000 0.000000 0.000000 0.000000 0.000000 0.000000 0.000000 0.000000 
0.000000 0.000000 0.000000 0.000000 0.000000 0.000000 0.000000 0.000000 
0.000000 0.000000 0.000000 0.000000 0.000000 0.000000 0.000000 0.000000 
0.000000 0.000000 0.000000 0.000000 0.000000 0.000000 0.000000 0.000000 
0.000000 0.000000 0.000000 0.000000 0.000000 0.000000 0.000000 0.000000 
0.000000 0.000000 0.000000 0.000000 0.000000 0.000000 0.000000 0.000000 
0.000000 0.000000 0.000000 0.000000 0.000000 0.000000 0.000000 0.000000 
212.581238 155.146702 501.048459 -208.572838 917.102885 225.312492 580.437505 511.578862 
216.392682 153.801945 512.451236 -200.817642 915.821941 238.968474 578.432950 517.363390 
218.286119 152.305489 523.364147 -190.059853 912.568859 250.021292 575.186273 521.355435 
222.557098 150.066681 535.455529 -182.387902 911.888565 265.975014 565.044381 527.877765 
230.530145 146.234141 542.639955 -175.943728 912.460249 276.849068 560.954153 533.787534 
235.843444 145.615381 557.633220 -169.399875 909.760266 295.673582 553.445597 538.687353 
241.176852 143.195830 570.853499 -165.112886 907.619636 312.482726 544.809991 540.486952 
242.260825 137.372599 587.830351 -149.045386 906.790437 328.378946 535.691790 547.577111 
249.128870 135.539699 602.342106 -142.654797 903.034880 346.671332 531.592973 554.822352 
260.776068 133.466508 622.011015 -127.783767 899.954233 364.520888 520.453663 561.861185 
269.536037 134.056267 639.222245 -114.282560 898.665160 388.843087 512.959514 567.140980 
283.531521 133.870262 655.820496 -99.722820 901.142082 411.222828 508.098227 575.712547 
301.367583 131.945353 682.954172 -70.705152 904.637852 437.772099 504.710329 582.907088 
320.017391 134.153169 710.577409 -49.860686 908.334869 462.510914 503.807056 589.251387 
347.235216 136.889406 744.501848 -32.611023 916.616896 492.412190 505.803381 598.684412 
385.606034 138.389602 781.762252 -10.358710 931.964226 524.143813 513.354832 604.821260 
418.316474 144.097407 829.537519 12.947135 949.382629 551.598592 522.611667 612.929131 
459.016432 141.758216 879.673709 28.781690 975.823944 574.434272 541.946009 612.894366 
505.889671 146.565728 926.820102 44.785105 1005.488476 595.463722 567.185446 615.298122 
549.157277 147.767606 973.420188 58.828638 1040.725352 609.288732 596.030516 617.701878 
587.617371 150.171362 1015.485915 66.039906 1073.176056 618.903756 629.683099 621.307512 
622.471831 150.171362 1057.551643 63.636150 1117.645540 621.307512 664.537559 621.307512 
654.212335 150.715393 1086.396714 57.626761 1152.500000 618.903756 700.593897 621.307512 
674.753524 149.242638 1109.232394 42.002347 1189.758216 605.683099 733.044601 615.298122 
690.978873 142.960094 1128.462441 21.570423 1224.612676 587.654930 764.293427 612.894366 
700.717840 139.646066 1132.492038 2.435023 1254.597277 561.349728 790.093840 605.408319 
703.115323 138.002573 1131.221892 -22.965497 1278.739429 533.386356 815.209420 596.187196 
702.439853 133.088242 1120.289985 -48.242948 1296.538749 500.601887 838.330060 586.055597 
697.546878 130.859217 1104.021900 -74.636489 1310.437116 466.552985 851.787009 574.663367 
686.154975 125.603847 1081.780288 -100.105466 1317.243015 428.751293 866.568971 561.484060 
676.509435 121.621357 1061.067852 -116.159038 1319.416516 392.679776 877.559602 549.570999 
661.029361 118.777052 1040.220642 -132.954974 1319.164654 358.812987 886.078867 533.490921 
650.472853 118.832186 1010.994823 -158.492406 1316.615844 322.085576 894.020295 519.702200 
635.608923 116.072758 981.069879 -169.461297 1309.310233 289.616121 899.060443 507.650975 
622.971262 119.260525 944.895345 -194.906351 1303.527902 261.535085 899.791543 493.532843 
605.048493 116.835440 928.195702 -202.003139 1291.143464 227.175966 902.201286 482.100615 
593.830315 119.128304 888.912975 -225.891422 1278.795009 198.646793 904.359289 466.523731 
576.658012 119.097867 861.272543 -231.196940 1264.179691 171.710208 901.502314 454.278124 
562.638698 120.498612 826.293705 -238.245087 1248.479861 142.102802 901.643766 443.219594 
545.426278 122.183579 794.706512 -240.803429 1234.858373 115.719578 896.926663 430.818064 
528.700228 122.101102 772.178776 -255.539095 1218.997412 91.986511 894.284208 418.182424 
515.245423 124.719358 737.331638 -267.805117 1199.287489 68.162775 890.601127 406.584980 
495.468862 125.175173 723.783765 -284.938035 1180.444490 47.024411 883.177788 397.129276 
482.951090 131.859187 672.524345 -277.219941 1163.547420 24.948105 878.845055 383.791710 
468.251277 130.005645 620.745537 -214.921849 1146.498475 4.141875 874.422578 377.928387 
0.000000 0.000000 0.000000 0.000000 0.000000 0.000000 0.000000 0.000000 
0.000000 0.000000 0.000000 0.000000 0.000000 0.000000 0.000000 0.000000 
0.000000 0.000000 0.000000 0.000000 0.000000 0.000000 0.000000 0.000000 
0.000000 0.000000 0.000000 0.000000 0.000000 0.000000 0.000000 0.000000 
0.000000 0.000000 0.000000 0.000000 0.000000 0.000000 0.000000 0.000000 
0.000000 0.000000 0.000000 0.000000 0.000000 0.000000 0.000000 0.000000 
0.000000 0.000000 0.000000 0.000000 0.000000 0.000000 0.000000 0.000000 
0.000000 0.000000 0.000000 0.000000 0.000000 0.000000 0.000000 0.000000 
0.000000 0.000000 0.000000 0.000000 0.000000 0.000000 0.000000 0.000000 
0.000000 0.000000 0.000000 0.000000 0.000000 0.000000 0.000000 0.000000 
0.000000 0.000000 0.000000 0.000000 0.000000 0.000000 0.000000 0.000000 
0.000000 0.000000 0.000000 0.000000 0.000000 0.000000 0.000000 0.000000 
0.000000 0.000000 0.000000 0.000000 0.000000 0.000000 0.000000 0.000000 
0.000000 0.000000 0.000000 0.000000 0.000000 0.000000 0.000000 0.000000 
0.000000 0.000000 0.000000 0.000000 0.000000 0.000000 0.000000 0.000000 
0.000000 0.000000 0.000000 0.000000 0.000000 0.000000 0.000000 0.000000 
0.000000 0.000000 0.000000 0.000000 0.000000 0.000000 0.000000 0.000000 
0.000000 0.000000 0.000000 0.000000 0.000000 0.000000 0.000000 0.000000 
0.000000 0.000000 0.000000 0.000000 0.000000 0.000000 0.000000 0.000000 
0.000000 0.000000 0.000000 0.000000 0.000000 0.000000 0.000000 0.000000 
0.000000 0.000000 0.000000 0.000000 0.000000 0.000000 0.000000 0.000000 
0.000000 0.000000 0.000000 0.000000 0.000000 0.000000 0.000000 0.000000 
0.000000 0.000000 0.000000 0.000000 0.000000 0.000000 0.000000 0.000000 
0.000000 0.000000 0.000000 0.000000 0.000000 0.000000 0.000000 0.000000 
0.000000 0.000000 0.000000 0.000000 0.000000 0.000000 0.000000 0.000000 
0.000000 0.000000 0.000000 0.000000 0.000000 0.000000 0.000000 0.000000 
0.000000 0.000000 0.000000 0.000000 0.000000 0.000000 0.000000 0.000000 
0.000000 0.000000 0.000000 0.000000 0.000000 0.000000 0.000000 0.000000 
0.000000 0.000000 0.000000 0.000000 0.000000 0.000000 0.000000 0.000000 
0.000000 0.000000 0.000000 0.000000 0.000000 0.000000 0.000000 0.000000 
0.000000 0.000000 0.000000 0.000000 0.000000 0.000000 0.000000 0.000000 
260.536231 177.889413 482.855375 -263.969885 1024.013146 6.609001 770.144540 445.790978 
270.161235 166.498577 528.957203 -323.488456 1039.216607 16.684480 768.998887 451.382551 
277.602785 153.017693 559.241606 -328.822216 1051.221829 27.439325 771.998263 454.609705 
287.346117 136.811579 551.122133 -294.360755 1067.470428 32.659832 772.756685 457.315543 
297.197633 119.817551 604.865374 -335.530706 1081.567794 45.831231 772.610627 454.990723 
309.007244 102.309889 631.806567 -339.784837 1096.620913 53.519610 774.836783 456.449304 
320.211810 83.539205 637.377611 -326.455611 1115.797026 60.351576 776.036057 453.463442 
334.939164 63.944523 664.699005 -337.950284 1130.553304 69.672228 779.957063 449.718553 
346.631511 45.513209 714.435401 -338.282154 1147.810724 78.739383 783.403244 450.292108 
363.266823 30.784820 728.111086 -334.059443 1163.311676 87.325256 788.371130 449.032606 
379.911578 17.672670 706.457264 -417.721579 1182.512241 98.677040 790.964349 452.333201 
0.000000 0.000000 0.000000 0.000000 0.000000 0.000000 0.000000 0.000000 
0.000000 0.000000 0.000000 0.000000 0.000000 0.000000 0.000000 0.000000 
0.000000 0.000000 0.000000 0.000000 0.000000 0.000000 0.000000 0.000000 
0.000000 0.000000 0.000000 0.000000 0.000000 0.000000 0.000000 0.000000 
0.000000 0.000000 0.000000 0.000000 0.000000 0.000000 0.000000 0.000000 
0.000000 0.000000 0.000000 0.000000 0.000000 0.000000 0.000000 0.000000 
0.000000 0.000000 0.000000 0.000000 0.000000 0.000000 0.000000 0.000000 
0.000000 0.000000 0.000000 0.000000 0.000000 0.000000 0.000000 0.000000 
0.000000 0.000000 0.000000 0.000000 0.000000 0.000000 0.000000 0.000000 
0.000000 0.000000 0.000000 0.000000 0.000000 0.000000 0.000000 0.000000 
491.942898 9.182625 935.234672 -240.168998 1237.709289 276.244443 803.078145 536.460499 
490.748153 14.772924 953.192291 -197.180639 1223.447021 293.987905 792.049369 547.270617 
487.384070 20.582300 948.070752 -180.968124 1211.451570 306.482943 782.946775 556.973877 
481.572700 28.431332 930.568888 -181.100223 1197.160516 321.237721 772.301828 562.136977 
479.702486 31.350593 924.469087 -180.443026 1180.739248 334.180792 761.637810 571.968842 
473.673784 36.288810 907.630451 -175.397369 1168.979526 345.274821 753.939611 576.511345 
473.678645 38.480437 903.407827 -163.229179 1151.973315 353.320976 740.865038 578.419606 
468.146432 39.053297 897.586484 -138.646034 1137.701692 363.087238 731.202001 580.079956 
464.283491 40.590265 886.876572 -132.974751 1121.501833 369.793666 724.206644 579.792551 
463.321295 38.014852 883.861517 -120.549494 1110.961025 372.922371 717.425928 579.189043 
465.534581 36.728561 881.904782 -111.471003 1102.515168 377.852786 708.664567 579.718864 
464.276001 37.627079 886.768548 -97.570536 1092.633753 382.228207 708.312529 578.690922 
470.906649 34.368830 885.676494 -90.630301 1086.914331 387.105052 705.899219 579.836432 
473.099947 34.839882 888.820092 -86.411826 1082.501114 390.587716 706.845991 579.786281 
480.286314 36.184685 885.610785 -88.114819 1082.252731 394.697114 705.577212 579.370715 
485.915020 36.461528 889.361189 -80.325521 1077.730358 396.876376 708.242792 579.480269 
490.203042 35.949973 889.851391 -73.953323 1077.888472 400.919983 708.202286 578.917035 
497.356404 37.137281 892.628886 -67.988379 1076.384338 402.981478 711.866501 577.646275 
503.961554 37.025511 897.182696 -60.222728 1076.781554 406.130608 714.366174 578.448864 
509.015772 38.003953 898.203708 -61.278684 1076.019550 407.787245 717.549785 577.739046 
512.328455 38.589835 902.121515 -58.858430 1076.375606 409.354735 723.710519 580.343868 
519.896546 36.181332 904.751699 -52.631396 1080.429799 409.837448 728.820843 578.255184 
525.887783 37.051404 905.045302 -58.735759 1081.118361 408.819590 733.019075 575.054759 
532.404366 34.515253 911.638420 -55.196029 1086.009011 407.838483 740.605836 575.565127 
537.736913 32.848633 914.998081 -55.178973 1088.597188 406.771193 745.735955 571.691786 
545.771643 31.061185 917.742806 -55.127255 1090.323104 404.590952 753.883920 568.569714 
548.444967 28.525438 916.524381 -60.865277 1092.246898 402.125355 755.686807 565.406983 
551.669198 23.929651 915.111991 -59.483449 1092.932522 400.137415 760.351986 563.484492 
554.654751 25.248790 911.215194 -70.258471 1092.061626 397.183578 762.876826 563.272273 
555.262280 22.024990 914.325220 -59.272279 1089.687696 395.145267 767.436923 560.088791 
558.504594 24.107879 907.741605 -64.788815 1087.170929 393.585256 768.459626 555.812180 
558.475801 22.746800 904.428820 -61.976388 1082.912702 392.623586 767.864278 554.483327 
556.842525 22.277791 900.838302 -58.231859 1077.929144 392.128471 768.914116 550.404461 
557.641234 20.886977 896.289671 -54.368232 1072.524220 388.477557 766.845587 548.026892 
553.278846 20.359523 887.029202 -65.217491 1066.038679 386.131190 768.759698 544.464561 
553.881213 18.512827 882.055297 -61.529633 1059.048687 381.723377 764.774813 543.651858 
547.239188 15.585301 876.885328 -53.813887 1052.314798 379.511898 763.009755 536.218797 
545.052647 15.053385 871.473046 -58.654447 1046.251561 375.929971 758.476507 533.167887 
541.639251 10.841167 854.588601 -78.572934 1037.815743 370.576786 757.677225 527.691510 
539.514126 9.470009 837.873293 -105.283517 1032.234330 363.569862 757.032216 523.852412 
539.121293 7.655024 841.200356 -86.744683 1025.088263 358.707921 755.681258 518.623309 
0.000000 0.000000 0.000000 0.000000 0.000000 0.000000 0.000000 0.000000 
0.000000 0.000000 0.000000 0.000000 0.000000 0.000000 0.000000 0.000000 
0.000000 0.000000 0.000000 0.000000 0.000000 0.000000 0.000000 0.000000 
0.000000 0.000000 0.000000 0.000000 0.000000 0.000000 0.000000 0.000000 
0.000000 0.000000 0.000000 0.000000 0.000000 0.000000 0.000000 0.000000 
0.000000 0.000000 0.000000 0.000000 0.000000 0.000000 0.000000 0.000000 
0.000000 0.000000 0.000000 0.000000 0.000000 0.000000 0.000000 0.000000 
0.000000 0.000000 0.000000 0.000000 0.000000 0.000000 0.000000 0.000000 
0.000000 0.000000 0.000000 0.000000 0.000000 0.000000 0.000000 0.000000 
0.000000 0.000000 0.000000 0.000000 0.000000 0.000000 0.000000 0.000000 
0.000000 0.000000 0.000000 0.000000 0.000000 0.000000 0.000000 0.000000 
0.000000 0.000000 0.000000 0.000000 0.000000 0.000000 0.000000 0.000000 
0.000000 0.000000 0.000000 0.000000 0.000000 0.000000 0.000000 0.000000 
0.000000 0.000000 0.000000 0.000000 0.000000 0.000000 0.000000 0.000000 
0.000000 0.000000 0.000000 0.000000 0.000000 0.000000 0.000000 0.000000 
0.000000 0.000000 0.000000 0.000000 0.000000 0.000000 0.000000 0.000000 
0.000000 0.000000 0.000000 0.000000 0.000000 0.000000 0.000000 0.000000 
0.000000 0.000000 0.000000 0.000000 0.000000 0.000000 0.000000 0.000000 
0.000000 0.000000 0.000000 0.000000 0.000000 0.000000 0.000000 0.000000 
0.000000 0.000000 0.000000 0.000000 0.000000 0.000000 0.000000 0.000000 
0.000000 0.000000 0.000000 0.000000 0.000000 0.000000 0.000000 0.000000 
0.000000 0.000000 0.000000 0.000000 0.000000 0.000000 0.000000 0.000000 
0.000000 0.000000 0.000000 0.000000 0.000000 0.000000 0.000000 0.000000 
0.000000 0.000000 0.000000 0.000000 0.000000 0.000000 0.000000 0.000000 
0.000000 0.000000 0.000000 0.000000 0.000000 0.000000 0.000000 0.000000 
0.000000 0.000000 0.000000 0.000000 0.000000 0.000000 0.000000 0.000000 
0.000000 0.000000 0.000000 0.000000 0.000000 0.000000 0.000000 0.000000 
0.000000 0.000000 0.000000 0.000000 0.000000 0.000000 0.000000 0.000000 
0.000000 0.000000 0.000000 0.000000 0.000000 0.000000 0.000000 0.000000 
0.000000 0.000000 0.000000 0.000000 0.000000 0.000000 0.000000 0.000000 
0.000000 0.000000 0.000000 0.000000 0.000000 0.000000 0.000000 0.000000 
0.000000 0.000000 0.000000 0.000000 0.000000 0.000000 0.000000 0.000000 
0.000000 0.000000 0.000000 0.000000 0.000000 0.000000 0.000000 0.000000 
0.000000 0.000000 0.000000 0.000000 0.000000 0.000000 0.000000 0.000000 
0.000000 0.000000 0.000000 0.000000 0.000000 0.000000 0.000000 0.000000 
244.059056 13.884234 368.277931 -172.444079 800.304635 24.785503 752.328968 246.290179 
232.432095 21.476543 377.897903 -163.661757 786.489001 24.918750 745.314561 244.515767 
220.611723 28.623869 355.063250 -146.163116 775.818912 26.647245 737.546224 245.488514 
208.767902 35.596062 351.134466 -136.430203 762.747743 28.215108 729.677142 246.312942 
197.412001 44.718939 340.380244 -122.077345 752.467985 32.954180 723.706257 246.454698 
190.224755 56.300344 330.285270 -123.777461 744.764698 38.724054 715.568932 248.492841 
181.103137 63.000492 329.790393 -121.738166 734.770497 40.253876 713.515706 251.789643 
174.554077 69.974243 316.439782 -110.446316 725.107851 44.784191 709.318825 253.550201 
167.657464 77.889853 309.977029 -97.785860 718.826226 50.387675 703.951220 256.654438 
162.782699 85.307737 295.879364 -91.427179 712.368682 53.859793 698.582222 257.702447 
155.205057 90.299021 292.917158 -82.951687 704.638461 57.763189 697.207600 260.873378 
151.027480 96.646751 284.051035 -79.519580 699.882543 62.087906 692.299194 261.421643 
145.818641 100.596655 283.396535 -77.693064 695.947140 65.355091 688.785814 265.158829 
140.623053 105.564629 274.233073 -67.342456 689.418420 67.592782 687.157195 266.580580 
136.109677 109.213585 272.033780 -63.891934 687.727091 71.208392 685.588304 269.046204 
133.675384 112.477174 267.649627 -60.037604 685.378880 76.076422 683.135700 271.233063 
130.638462 116.668091 263.527835 -57.049211 680.500156 76.421320 682.800582 271.957466 
128.890531 118.486060 258.286169 -50.676689 681.345133 78.255567 681.345133 272.681437 
126.687600 120.478803 260.133845 -49.224217 680.977970 81.817681 680.080261 273.372130 
125.148290 122.156141 253.567656 -41.783476 680.933574 81.271302 683.371939 275.121340 
123.582779 123.565389 256.944700 -47.304572 679.516290 83.633104 682.782448 276.336433 
122.304197 124.175271 256.671983 -42.404096 679.254620 85.919428 685.672068 276.838507 
119.519826 125.378562 255.575470 -44.690993 680.706910 85.010124 685.321130 275.990522 
117.662080 124.423299 254.215068 -42.784443 682.101998 84.498378 686.267973 276.133251 
116.212246 123.217779 253.656391 -45.054960 682.539604 83.890320 688.611139 276.155608 
111.739167 124.415742 252.383974 -48.577370 681.872805 84.396040 689.397196 273.580726 
108.591948 122.180923 249.250884 -47.949410 682.999221 83.183808 691.587665 274.911837 
107.360563 119.869715 245.202421 -46.133383 683.804958 80.830509 693.664708 275.560564 
104.027498 119.303587 240.658376 -46.019775 685.360341 77.913560 694.268189 271.906678 
101.895043 115.878517 238.760848 -49.729107 687.353100 77.291639 697.435560 272.219199 
99.841211 115.332080 243.155278 -52.375870 687.626492 76.883175 700.690548 271.755338 
100.216334 112.934379 240.851112 -52.702138 690.867566 76.334838 703.718016 269.091587 
98.900808 111.738240 244.060810 -49.373411 693.479249 75.386282 706.981650 267.313255 
103.227071 108.932579 242.975399 -54.387756 695.727601 74.458721 710.664076 267.483933 
102.922584 108.779892 245.300480 -52.697477 698.259557 75.896837 716.732711 265.554548 
104.822267 107.074862 248.069355 -54.429208 702.877036 74.848317 719.441381 264.303007 
101.706262 104.980809 247.553963 -54.924502 703.231381 71.454782 724.102789 263.334394 
103.159944 103.302268 240.362372 -53.758407 705.154728 69.637794 727.271623 260.088832 
102.491260 100.049893 246.189814 -61.838351 708.075490 70.720766 731.300515 260.188073 
101.791271 97.394921 249.717730 -61.097713 711.583372 69.254611 734.152014 255.691222 
103.663071 95.825840 247.359038 -59.566310 714.264611 68.974496 739.013296 255.127645 
105.946685 93.605371 248.635532 -58.348986 716.292970 67.558786 743.132419 252.214194 
106.672139 91.795169 253.685322 -64.889934 720.696605 67.966725 746.997743 249.683673 
106.951295 88.576592 257.017312 -65.020389 722.389683 65.807185 749.859144 246.342555 
104.269294 86.025670 256.049036 -66.965930 724.963780 63.288165 753.967617 243.321053 
106.148220 83.844281 251.976053 -66.018915 727.366819 61.888915 757.523712 241.102366 
104.296064 79.052274 254.970490 -67.436752 728.898297 58.806027 763.471419 238.824694 
102.885836 75.679274 248.806870 -65.534630 731.250303 54.463991 768.725866 234.901890 
100.914532 72.902018 251.857112 -68.006101 736.174287 53.647028 770.931880 228.457277 
107.308323 68.845019 258.634386 -72.873040 738.821343 54.523500 777.217556 227.888218 
107.848640 67.228328 259.048347 -73.543814 744.332326 54.162497 785.452932 225.901498 
110.805655 66.710453 258.173114 -64.725388 747.822148 51.244120 790.598764 223.241761 
117.352946 66.927525 264.302965 -68.345346 754.237723 54.766465 796.545130 222.952701 
121.789446 67.463540 268.634953 -59.190710 760.056881 53.914337 803.874656 222.369339 
128.222330 68.021310 280.066601 -62.481486 764.748134 58.203398 811.347212 221.929887 
136.350152 69.755333 271.877174 -56.360090 770.676091 59.543393 817.123617 222.109735 
137.817555 69.863132 282.191507 -55.827133 775.456441 58.845260 824.275491 220.882960 
137.654781 70.977347 288.091508 -53.457970 779.729070 59.408241 832.042727 220.912666 
143.262995 72.990280 287.178884 -54.934955 783.951332 60.170856 837.527301 220.898762 
144.298688 74.068439 297.927996 -53.955985 789.397278 62.171778 845.139386 221.836056 
149.226880 77.994913 292.621372 -47.720807 794.666066 64.650208 850.134766 222.938936 
152.249169 79.949413 298.730888 -43.228396 802.159278 67.432334 858.396105 226.409518 
160.060732 82.781321 305.521168 -39.405446 806.832591 70.670872 867.525463 228.870325 
163.786432 86.105147 308.946867 -35.553122 813.852147 73.028658 873.975931 229.961926 
166.242366 88.428494 312.989047 -31.392191 818.776807 73.482436 884.386614 231.176185 
171.096452 90.658935 313.167908 -26.917442 827.753685 74.680263 891.332719 233.123252 
178.258195 94.169424 325.721590 -22.784303 834.668627 79.005105 898.196450 236.262501 
183.568604 97.777568 332.039709 -21.234984 839.012374 80.817955 907.853085 237.823085 
189.002776 99.528903 340.169369 -22.141769 848.749386 84.992521 914.274653 240.476205 
194.014406 103.807481 343.292796 -16.113851 854.734529 85.646036 924.090511 243.826346 
202.387209 107.896779 347.882453 -12.810386 860.286760 88.805658 929.835902 248.426640 
205.504341 111.948599 355.928775 -9.644486 865.030831 92.175925 938.540823 250.681846 
210.203895 114.176402 359.343831 -6.614621 872.887940 94.080302 942.284761 249.202609 
210.675149 114.243730 363.519125 -5.757739 875.905089 94.017216 948.443980 250.794819 
216.047509 115.843184 368.604713 -3.933133 882.117478 96.971127 949.789100 250.122691 
223.225134 114.828773 374.003500 -1.790190 886.540365 97.245818 958.282884 251.674630 
228.273664 114.210981 376.396572 -0.869124 891.460674 99.391445 963.970549 250.771710 
234.433583 114.973431 383.427480 -0.111510 895.488831 97.839619 967.018220 250.279301 
241.624975 115.542433 389.344623 1.395432 897.970233 98.756109 971.830057 249.833023 
247.225572 116.525494 395.094019 3.066686 903.833265 99.881744 976.337916 250.444088 
253.537684 115.769925 399.546151 5.101087 908.250809 102.750062 981.720038 250.618509 
262.188755 115.954819 405.314252 9.052441 911.554436 103.585949 986.651148 254.662862 
266.870460 116.588519 410.088956 12.429612 915.073653 106.358626 987.612892 254.227073 
272.929380 118.637552 414.857748 15.779353 920.377887 110.664048 990.544720 252.592415 
278.977264 121.240956 419.143067 18.005066 922.732779 114.526427 991.556706 253.013598 
286.745928 122.168749 422.803499 21.450806 924.264802 117.389867 994.140886 255.535689 
293.226893 125.090191 428.892926 26.750263 926.335043 120.065524 995.244774 257.884985 
296.445229 129.205162 433.153793 30.626197 927.908598 125.485201 994.867895 258.473804 
304.735961 129.758449 436.794574 35.829435 929.689399 129.758449 998.508676 261.817062 
309.243694 133.182159 442.694968 39.178746 931.176988 133.182159 999.161599 266.633432 
313.879260 138.161462 446.867864 44.232448 935.112737 140.021442 1002.072034 269.290085 
319.792607 141.340667 451.062181 50.116301 935.268023 145.294471 1003.141650 274.452052 
325.439204 144.884256 455.226460 56.429089 936.451324 150.200958 1002.736391 279.221891 
332.554958 148.628184 460.970335 60.499984 941.059194 157.021346 1004.007908 282.079457 
341.064814 152.487047 466.575013 67.569232 941.360919 163.251277 1005.257679 288.036611 
348.290089 156.041680 471.002312 73.476048 942.504092 169.316411 1005.027727 293.903560 
352.147852 161.579239 475.737161 78.654800 946.173884 176.728896 1005.975162 300.318205 
357.989527 165.377327 480.794738 84.979671 946.394349 183.047142 1006.471718 304.968861 
362.674975 171.253556 484.288848 90.657380 948.436470 191.402600 1008.163993 311.577256 
365.710504 174.908000 488.043986 96.470650 950.032782 198.655088 1009.760305 320.268961 
371.728365 179.986448 491.330922 100.976274 951.181117 204.510421 1007.792994 324.112978 
377.087969 181.887236 492.913603 105.509463 953.698189 209.584670 1008.253741 329.606885 
380.710267 182.557965 499.053850 107.858824 953.123907 215.291296 1008.518775 332.795562 
386.436991 184.069030 503.101941 110.209206 953.814734 220.159626 1007.530970 335.985260 
388.242858 186.586746 503.980143 112.373526 955.443902 223.693357 1010.220327 340.314132 
394.523792 185.505324 508.941578 113.544452 956.538199 227.242629 1009.789244 343.819241 
397.993876 185.321558 512.373787 114.118169 957.773708 230.770529 1009.282543 346.665407 
398.664517 183.622431 516.074360 114.691491 958.444349 233.616300 1007.680735 347.238728 
401.673542 182.124096 516.786540 113.996738 960.039679 236.017031 1006.722305 347.647178 
402.661961 179.119005 516.808962 112.813027 957.449960 236.192506 1006.130299 351.178824 
403.421432 176.526179 519.278435 111.041786 958.239751 238.412528 1002.135883 352.110705 
402.600241 174.575561 520.778666 108.134234 956.323345 239.956624 999.598621 352.781702 
404.096500 171.441641 521.365543 107.871395 954.149697 240.370747 997.332376 354.502877 
403.880750 169.114813 520.501525 103.736500 954.295470 242.444543 994.052553 356.414846 
401.748616 167.212978 520.553823 102.627597 951.920377 242.961264 989.395845 357.779718 
404.359292 162.622255 520.610281 100.275355 950.544106 245.102007 986.913130 361.352996 
404.976044 160.790548 520.870922 97.919471 945.061323 245.628629 984.450431 364.553437 
400.190650 158.749063 519.631312 95.681240 943.689116 247.372840 977.903158 365.716571 
400.613758 156.002602 518.413715 93.637919 939.952775 248.940262 974.022370 369.050022 
397.819903 154.220686 516.555341 93.053945 936.167505 250.240871 965.591179 368.664083 
397.234161 152.138037 515.433491 91.090031 930.175090 251.098175 959.005700 371.001631 
393.774976 150.239653 514.648441 88.054175 925.086920 251.697745 953.317326 373.713379 
389.770412 147.296614 511.719352 85.800437 920.300417 253.067441 945.836733 375.016382 
384.675638 145.473842 508.591135 83.389242 914.442477 254.819573 938.362988 377.611531 
380.800253 142.639476 504.389562 81.243497 907.848853 256.660580 929.377313 378.655188 
378.956752 137.823456 498.978966 78.232006 899.910220 257.292957 920.315692 380.385834 
370.159928 135.022642 496.091454 76.734336 894.035073 258.795341 911.305683 378.969996 
365.964582 131.481075 492.701326 73.568258 888.019250 259.057136 903.126942 379.918666 
364.211020 128.587199 489.395030 71.177972 880.894065 260.947362 894.449021 382.144619 
359.208760 124.986410 485.862269 68.908300 874.544223 261.059854 886.240890 384.187887 
355.060509 123.680256 479.552816 68.270385 867.421914 263.284347 876.057219 384.898220 
349.638178 121.094569 476.900000 65.295155 858.818952 263.982977 868.474836 385.407583 
343.800538 118.257127 472.428756 63.681495 853.213258 266.000871 860.281184 387.922591 
341.497258 116.055756 467.371123 62.264038 847.432902 269.358453 852.551579 390.297239 
333.219672 114.809299 463.649408 61.051097 841.125134 270.416490 845.759976 392.246608 
330.804608 112.386460 461.323375 59.389910 835.754609 272.681988 839.851895 395.299279 
328.708277 111.229935 457.123653 60.031648 830.619357 274.895694 833.976621 396.597439 
324.735241 110.347135 453.874287 59.163977 824.075272 276.459751 826.330194 398.547690 
322.459683 108.300266 452.409207 57.848841 820.944205 280.154560 820.353166 401.787000 
320.332048 107.595447 450.351548 58.250399 816.853835 281.643119 814.203362 404.448330 
317.662768 109.260743 449.225580 59.027670 812.020002 283.083126 808.830600 405.077733 
318.049097 105.443375 448.017209 58.399703 808.419579 287.239261 804.432827 407.639168 
315.600302 107.231108 447.540560 59.377129 805.078150 288.392602 800.292752 410.762065 
316.549283 104.147390 448.957287 58.812041 803.004775 291.245656 797.247905 413.579138 
315.685212 103.778896 449.174350 56.505080 801.403879 295.112180 793.829051 416.309437 
317.832771 103.564376 448.972013 57.241116 799.567713 297.002345 792.612965 418.660530 
321.285024 101.350323 452.329559 58.173800 798.499225 302.083281 790.166914 421.008090 
323.027699 100.103454 455.192469 59.656294 797.868557 303.598715 788.055712 427.102853 
324.665724 97.585814 458.584318 59.456215 798.030753 309.623588 785.010890 426.802358 
329.530906 98.607128 461.607889 59.127594 798.978445 313.232226 783.904442 430.953016 
332.900321 97.339354 467.190911 61.248758 798.720804 317.240195 783.613113 434.744462 
338.253748 97.532085 472.128148 63.543247 797.911151 324.334286 782.189582 441.557624 
344.804219 97.240707 475.750206 65.173580 799.136116 329.461183 779.497045 448.257280 
351.041031 97.406955 481.135040 68.030889 798.396559 334.933436 779.092287 452.437702 
355.475281 97.486640 488.463884 68.656943 799.891479 340.894289 776.760857 457.392861 
359.762033 95.138864 492.321533 69.384446 801.032422 347.175204 776.390126 465.277110 
366.462269 95.306339 499.869368 70.568599 800.256214 353.285630 774.634983 469.906405 
373.442562 93.597897 505.351802 73.466241 800.473321 360.493564 773.338362 475.823884 
379.115467 92.939166 513.229848 75.318299 802.016289 367.041551 770.733455 484.020084 
388.737896 92.003935 520.796510 78.054082 800.723570 374.720967 769.103902 487.249785 
395.001396 91.196676 527.989999 80.966784 802.036331 381.531915 766.375278 495.254373 
401.762649 89.039678 534.152872 81.661169 802.300200 389.469638 763.860460 499.226784 
409.831425 89.603384 540.828108 84.805616 801.406261 396.010693 761.119169 507.935974 
417.421780 87.542803 549.488743 86.659976 801.080070 403.848364 757.806556 512.595503 
425.079842 86.839698 554.952978 86.839698 800.563399 411.080793 754.621882 519.750152 
429.995365 85.146791 562.053978 88.866752 800.131478 420.873265 751.771986 524.102181 
438.624259 83.606809 568.839407 91.864354 798.780303 427.202917 748.150417 529.921793 
446.018972 84.220674 575.454952 93.837289 797.646458 434.078320 743.615847 536.195928 
454.322647 84.420029 585.027029 98.221375 796.374010 441.194600 740.759639 541.975224 
464.844851 83.162140 592.067516 100.831954 795.270382 449.810790 736.076503 550.528732 
472.199073 83.440042 598.448640 102.095476 793.669744 454.027701 732.936166 553.596143 
480.986416 83.335544 605.707277 105.517677 793.090051 460.547084 730.223799 556.700574 
489.552232 84.202446 612.584478 108.143966 791.011482 467.695765 728.829152 561.303574 
497.058077 83.889707 619.631359 112.021280 790.574413 473.456392 725.742680 564.753548 
504.039403 81.633296 626.406539 112.959283 789.576179 479.075424 723.357379 569.020325 
511.777869 81.191300 631.932607 114.763948 789.193956 483.179579 719.955619 570.649477 
518.209997 82.731933 638.525073 116.755543 787.555435 486.070771 716.602731 575.099778 
525.382779 82.013164 643.885690 118.079268 786.961223 490.597511 714.987437 575.603549 
527.773965 81.340102 650.225779 122.157374 785.952407 493.894312 713.307017 575.785685 
535.493792 82.414745 654.729229 123.622089 783.958642 497.533935 710.234063 578.882690 
542.050427 80.811301 658.681641 122.718081 781.618042 499.965069 707.628496 579.881701 
545.816357 81.582441 662.656038 124.269582 779.730798 503.040620 704.507211 580.325127 
550.426475 79.540126 665.758383 125.483011 779.796749 504.468993 701.946332 582.200372 
550.799328 80.235377 668.554580 126.725325 777.615982 506.510575 699.597765 582.430103 
559.162761 80.795061 670.811703 126.962608 776.569496 508.677537 697.244413 582.629127 
559.916227 78.117171 674.781735 128.094749 775.612255 509.880214 695.339414 585.258370 
560.798817 78.802047 676.304705 129.428480 775.402295 511.061838 693.728169 583.727493 
565.338009 79.518216 679.197775 130.179759 773.794409 511.173979 691.792575 583.540930 
567.970696 79.738482 680.300067 129.885523 772.577192 512.270696 691.620039 585.339716 
570.519449 79.463619 682.395461 131.468484 771.776277 512.841960 690.332447 584.333359 
571.995482 78.918176 683.617544 130.308531 771.706922 512.521605 688.590805 583.897628 

