1.0000 0.0000 0.0000 -0.0000 1.0000 0.0000 -0.0000 0.0000 1.0000
0.5317 -0.0537 103.7512 -0.3175 0.6562 142.0935 -0.0005 -0.0001 1.0000
0.4878 -0.0100 99.9474 -0.4232 0.7482 121.3209 -0.0007 -0.0000 1.0000
0.6503 -0.0396 87.7197 -0.2634 0.7776 73.1836 -0.0004 -0.0001 1.0000
0.6168 -0.0383 95.3859 -0.3377 0.7681 82.7054 -0.0005 -0.0001 1.0000
0.6786 -0.0177 83.5722 -0.3342 0.8612 40.9195 -0.0005 -0.0000 1.0000
0.5422 -0.0571 123.1277 -0.3814 0.6907 102.5770 -0.0006 -0.0001 1.0000
0.6292 -0.0329 104.0343 -0.3838 0.8073 54.4255 -0.0006 -0.0001 1.0000
0.6297 -0.1031 128.7748 -0.2884 0.6413 87.2505 -0.0004 -0.0002 1.0000
0.6335 -0.0364 111.1468 -0.4126 0.8172 41.6922 -0.0006 -0.0001 1.0000
0.6708 -0.0625 113.5628 -0.3884 0.7902 37.4731 -0.0005 -0.0001 1.0000
0.5973 -0.0565 126.5159 -0.4426 0.7660 48.7845 -0.0006 -0.0001 1.0000
0.5964 -0.0451 123.7004 -0.4884 0.8008 36.2957 -0.0006 -0.0001 1.0000
0.6263 -0.0919 135.7729 -0.4171 0.7217 40.7944 -0.0005 -0.0002 1.0000
0.5276 -0.0702 147.4809 -0.4924 0.7198 47.8528 -0.0007 -0.0001 1.0000
0.7287 -0.0578 109.1086 -0.4553 0.8753 -29.9507 -0.0005 -0.0001 1.0000
0.6053 -0.0720 135.6152 -0.5138 0.7787 13.5951 -0.0006 -0.0001 1.0000
0.6023 -0.0481 128.7878 -0.5580 0.8458 -17.3281 -0.0007 -0.0000 1.0000
0.5671 -0.0768 144.1164 -0.5501 0.7740 0.1509 -0.0007 -0.0001 1.0000
0.6363 -0.0415 121.6576 -0.6250 0.9165 -50.9340 -0.0007 -0.0000 1.0000
0.7551 -0.0991 118.9682 -0.5109 0.8565 -62.4206 -0.0004 -0.0001 1.0000
0.6407 -0.0456 121.2723 -0.6356 0.9044 -65.3641 -0.0007 -0.0000 1.0000
0.5573 -0.0242 129.9222 -0.7142 0.9176 -63.3868 -0.0008 0.0000 1.0000
0.6933 -0.0696 119.8601 -0.6468 0.9059 -83.1333 -0.0006 -0.0001 1.0000
0.6207 -0.0490 125.4589 -0.7113 0.9223 -88.1504 -0.0008 -0.0000 1.0000
0.5878 -0.0646 135.2987 -0.7185 0.8824 -79.4243 -0.0008 -0.0000 1.0000
0.7338 -0.0516 100.7653 -0.7365 0.9825 -128.5510 -0.0006 -0.0000 1.0000
0.5725 -0.0821 139.2027 -0.7250 0.8405 -77.7568 -0.0008 -0.0001 1.0000
0.5760 -0.0439 123.7784 -0.7927 0.9106 -98.4333 -0.0008 0.0000 1.0000
0.7113 -0.0741 106.5850 -0.7856 0.9385 -117.3405 -0.0006 -0.0001 1.0000
0.6129 -0.1011 128.8980 -0.7550 0.8299 -83.9981 -0.0007 -0.0001 1.0000
0.6263 -0.0769 113.0347 -0.8083 0.8778 -98.5310 -0.0007 -0.0001 1.0000
0.6557 -0.0711 101.1649 -0.8359 0.9031 -108.7220 -0.0007 -0.0001 1.0000
0.6083 -0.1109 119.1484 -0.7789 0.8040 -83.5797 -0.0006 -0.0002 1.0000
0.6908 -0.1236 104.2639 -0.7911 0.8200 -88.4813 -0.0005 -0.0002 1.0000
0.5799 -0.0651 97.1496 -0.8738 0.8481 -83.2369 -0.0008 -0.0001 1.0000
0.6068 -0.0916 93.8017 -0.8383 0.7999 -72.5664 -0.0007 -0.0002 1.0000
0.6439 -0.0296 59.5128 -0.9782 0.9343 -97.5484 -0.0008 -0.0000 1.0000
0.7121 -0.0924 63.2059 -0.8925 0.8496 -78.8941 -0.0005 -0.0002 1.0000
0.7008 -0.0922 59.4862 -0.9077 0.8324 -63.9447 -0.0005 -0.0002 1.0000
0.6213 -0.0600 57.5802 -0.9352 0.8191 -45.5683 -0.0007 -0.0001 1.0000
0.6085 -0.0589 53.6545 -0.9441 0.8005 -29.5471 -0.0007 -0.0001 1.0000
0.6770 -0.0348 23.9883 -1.0134 0.8645 -31.0738 -0.0006 -0.0001 1.0000
0.6998 -0.0682 26.9631 -0.9662 0.8062 -8.1572 -0.0005 -0.0002 1.0000
0.6525 -0.0395 17.2347 -0.9976 0.7983 13.6200 -0.0006 -0.0002 1.0000
0.5649 -0.0461 34.1298 -0.9810 0.7242 53.1892 -0.0006 -0.0002 1.0000
0.6222 -0.0466 14.5327 -0.9832 0.7230 67.5725 -0.0005 -0.0002 1.0000
0.6678 -0.0434 -3.0797 -0.9880 0.7218 83.6779 -0.0004 -0.0003 1.0000
0.5925 -0.0350 4.5916 -1.0063 0.6859 113.4074 -0.0005 -0.0002 1.0000
0.6477 -0.0240 -16.7203 -1.0423 0.7177 124.7876 -0.0004 -0.0002 1.0000
0.6155 -0.0093 -21.8975 -1.0820 0.7107 149.0434 -0.0005 -0.0002 1.0000
0.6290 -0.0376 -17.7219 -0.9957 0.6266 174.8194 -0.0003 -0.0003 1.0000
0.6323 -0.0212 -27.6012 -1.0525 0.6484 195.6805 -0.0004 -0.0003 1.0000
0.6358 -0.0317 -27.8633 -1.0172 0.5979 220.4654 -0.0003 -0.0003 1.0000
0.6155 -0.0357 -24.0206 -1.0099 0.5600 244.8615 -0.0003 -0.0004 1.0000
0.6598 -0.0335 -35.5646 -1.0133 0.5637 259.3227 -0.0002 -0.0004 1.0000
0.5929 -0.0232 -25.7754 -1.0338 0.5316 283.4472 -0.0003 -0.0004 1.0000
0.6251 -0.0402 -25.0405 -0.9931 0.4977 298.1361 -0.0001 -0.0005 1.0000
0.5251 0.0133 -25.6362 -1.1504 0.5626 315.3419 -0.0005 -0.0003 1.0000
0.5009 -0.0202 -6.6555 -1.0391 0.4526 333.8423 -0.0003 -0.0004 1.0000
0.5239 -0.0256 -8.7812 -1.0344 0.4352 350.4663 -0.0003 -0.0004 1.0000
0.5424 -0.0194 -13.2898 -1.0362 0.4396 359.6722 -0.0002 -0.0004 1.0000
0.5349 -0.0153 -8.6185 -1.0740 0.4477 375.2970 -0.0002 -0.0004 1.0000
0.5344 -0.0148 -5.4385 -1.0602 0.4268 388.9693 -0.0002 -0.0004 1.0000
0.5112 -0.0063 0.8151 -1.1105 0.4433 399.2591 -0.0003 -0.0004 1.0000
0.4941 -0.0118 10.5330 -1.0989 0.4221 406.9847 -0.0002 -0.0004 1.0000
0.4435 -0.0152 25.4182 -1.0872 0.3798 419.4626 -0.0003 -0.0004 1.0000
0.5015 -0.0122 16.8508 -1.1096 0.4126 424.6938 -0.0002 -0.0004 1.0000
0.4859 -0.0022 20.6339 -1.1437 0.4299 428.9227 -0.0002 -0.0004 1.0000
0.5045 -0.0472 38.9165 -1.0194 0.3274 439.7923 -0.0000 -0.0005 1.0000
0.4204 0.0072 39.7189 -1.1712 0.4112 444.9696 -0.0003 -0.0004 1.0000
0.4293 -0.0067 48.9788 -1.1499 0.3885 451.6482 -0.0002 -0.0004 1.0000
0.3907 -0.0206 67.5107 -1.1192 0.3442 455.9441 -0.0003 -0.0004 1.0000
0.4608 -0.0034 55.7001 -1.1858 0.4168 459.0872 -0.0002 -0.0004 1.0000
0.3915 -0.0242 84.1749 -1.1456 0.3528 466.2760 -0.0003 -0.0004 1.0000
0.3647 -0.0521 104.9903 -1.0786 0.2782 474.5288 -0.0002 -0.0005 1.0000
0.4078 -0.0531 105.1851 -1.0944 0.3007 477.2712 -0.0002 -0.0005 1.0000
0.3999 -0.0510 114.2876 -1.1153 0.3119 479.0765 -0.0002 -0.0004 1.0000
0.4058 -0.0328 116.3067 -1.1712 0.3502 487.0005 -0.0002 -0.0004 1.0000
0.4137 -0.0423 125.6161 -1.1493 0.3328 491.7983 -0.0002 -0.0004 1.0000
0.4274 -0.0940 148.0188 -1.0363 0.2474 492.6283 -0.0000 -0.0005 1.0000
0.4240 -0.0612 143.3971 -1.1407 0.3147 498.1009 -0.0001 -0.0004 1.0000
0.4455 -0.1125 164.6470 -1.0381 0.2389 499.8543 -0.0000 -0.0005 1.0000
0.3798 -0.0320 155.9091 -1.2042 0.3502 503.9050 -0.0002 -0.0004 1.0000
0.3721 -0.0799 179.0315 -1.1255 0.2762 505.7575 -0.0002 -0.0004 1.0000
0.3875 -0.0625 176.8287 -1.1608 0.3034 511.1429 -0.0002 -0.0004 1.0000
0.4011 -0.0900 189.7751 -1.1420 0.2803 514.0017 -0.0001 -0.0005 1.0000
0.3417 -0.0646 198.7904 -1.1975 0.3061 516.2840 -0.0002 -0.0004 1.0000
0.2849 -0.0618 213.5969 -1.2155 0.3016 517.8742 -0.0003 -0.0004 1.0000
0.3660 -0.1064 219.8805 -1.1284 0.2538 519.5854 -0.0002 -0.0005 1.0000
0.4273 -0.1372 225.3671 -1.0827 0.2217 525.9392 -0.0000 -0.0005 1.0000
0.3972 -0.1586 242.9172 -1.0535 0.1809 529.9107 -0.0001 -0.0006 1.0000
0.3738 -0.1452 247.7072 -1.0831 0.1945 533.1916 -0.0001 -0.0005 1.0000
0.3793 -0.1560 256.0449 -1.0714 0.1782 538.2586 -0.0001 -0.0005 1.0000
0.4733 -0.1667 249.4954 -1.0776 0.1900 547.4615 0.0001 -0.0006 1.0000
0.4130 -0.0990 244.5295 -1.2166 0.2722 557.4489 -0.0001 -0.0004 1.0000
0.2542 -0.0931 272.9634 -1.2124 0.2411 552.5581 -0.0003 -0.0004 1.0000
0.4880 -0.1515 262.5369 -1.1265 0.2180 566.3012 0.0001 -0.0005 1.0000
0.4923 -0.0826 249.7752 -1.2496 0.3066 580.6445 0.0000 -0.0004 1.0000
0.3409 -0.1355 290.9847 -1.1464 0.1968 572.9165 -0.0002 -0.0005 1.0000
0.3601 -0.1935 307.5313 -1.0549 0.1225 576.3314 -0.0001 -0.0006 1.0000
0.4220 -0.1515 292.6402 -1.1223 0.1799 594.6130 0.0000 -0.0005 1.0000
0.3980 -0.1764 304.2634 -1.0720 0.1283 602.0594 0.0000 -0.0005 1.0000
0.3490 -0.1866 317.7255 -1.0570 0.1033 606.3323 -0.0000 -0.0006 1.0000
0.3475 -0.1862 318.7134 -1.0511 0.0926 615.6545 -0.0000 -0.0006 1.0000
0.3104 -0.1380 314.9525 -1.1427 0.1513 628.4655 -0.0001 -0.0005 1.0000
0.3328 -0.1733 320.2530 -1.0710 0.1008 631.8358 -0.0000 -0.0005 1.0000
0.4141 -0.2024 318.3551 -0.9918 0.0555 646.3257 0.0002 -0.0006 1.0000
0.4384 -0.1851 311.5170 -1.0281 0.0772 665.7225 0.0002 -0.0006 1.0000
0.2900 -0.1456 318.4778 -1.1001 0.0954 668.0767 -0.0001 -0.0005 1.0000
0.4638 -0.2111 311.0748 -0.9562 0.0196 687.1803 0.0003 -0.0007 1.0000
0.3444 -0.1883 319.1919 -0.9984 0.0146 693.6908 0.0001 -0.0006 1.0000
0.2613 -0.1950 331.6346 -0.9786 -0.0275 698.2473 -0.0000 -0.0006 1.0000
0.3091 -0.1806 320.9688 -0.9812 -0.0137 714.2109 0.0001 -0.0006 1.0000
0.5176 -0.1712 292.0061 -0.9722 0.0240 750.2596 0.0004 -0.0006 1.0000
0.3565 -0.2136 324.4825 -0.9038 -0.0765 737.0800 0.0002 -0.0007 1.0000
0.4123 -0.1719 310.3722 -0.9582 -0.0138 757.9205 0.0003 -0.0006 1.0000
0.4587 -0.1868 311.2084 -0.9238 -0.0339 770.4306 0.0004 -0.0007 1.0000
0.3526 -0.1889 327.8754 -0.9416 -0.0529 764.7672 0.0002 -0.0006 1.0000
0.2872 -0.1684 336.5385 -0.9844 -0.0411 771.7201 0.0001 -0.0006 1.0000
0.4864 -0.1677 317.7585 -0.9587 -0.0191 809.8576 0.0004 -0.0006 1.0000
0.2641 -0.2483 368.2593 -0.8528 -0.1705 774.5935 0.0002 -0.0007 1.0000
0.3568 -0.2242 357.7481 -0.8883 -0.1256 802.4147 0.0003 -0.0007 1.0000
0.2879 -0.2039 364.2812 -0.9340 -0.1152 806.1017 0.0002 -0.0007 1.0000
0.4034 -0.2027 356.1195 -0.9257 -0.0968 828.4238 0.0004 -0.0007 1.0000
0.3686 -0.2074 363.9567 -0.9160 -0.1097 822.9143 0.0003 -0.0007 1.0000
0.3151 -0.1943 371.1994 -0.9621 -0.1013 829.4007 0.0003 -0.0006 1.0000
0.5301 -0.1979 351.4035 -0.8989 -0.0899 861.4988 0.0006 -0.0007 1.0000
0.4654 -0.1439 345.9408 -0.9920 -0.0277 864.3045 0.0005 -0.0006 1.0000
0.4580 -0.1622 350.4379 -0.9826 -0.0633 873.0194 0.0005 -0.0006 1.0000
0.3524 -0.1644 362.1220 -0.9904 -0.0842 858.9489 0.0003 -0.0006 1.0000
0.4635 -0.1802 351.5797 -0.9564 -0.0862 871.9432 0.0005 -0.0006 1.0000
0.4648 -0.2163 358.1994 -0.8779 -0.1429 862.6461 0.0005 -0.0007 1.0000
0.4902 -0.1799 346.8527 -0.9147 -0.1045 880.0820 0.0006 -0.0007 1.0000
0.4517 -0.1681 346.6290 -0.9529 -0.0936 883.2387 0.0005 -0.0006 1.0000
0.1950 -0.1753 375.7639 -1.0138 -0.1269 850.8669 0.0001 -0.0006 1.0000
0.2825 -0.1918 365.1952 -0.9507 -0.1630 869.1583 0.0002 -0.0006 1.0000
0.3188 -0.1242 345.6702 -1.0479 -0.0711 895.1686 0.0003 -0.0006 1.0000
0.2635 -0.1884 359.1321 -0.9550 -0.1662 870.9037 0.0002 -0.0006 1.0000
0.1008 -0.1717 371.1539 -1.0324 -0.1732 865.6784 -0.0001 -0.0006 1.0000
0.5448 -0.1438 311.2655 -0.9337 -0.1090 944.8791 0.0007 -0.0006 1.0000
0.3199 -0.1939 343.1034 -0.9053 -0.1971 894.8244 0.0003 -0.0007 1.0000
0.2967 -0.1944 338.6867 -0.9036 -0.2184 899.8085 0.0003 -0.0007 1.0000
0.3983 -0.1648 316.0353 -0.8816 -0.2015 934.7217 0.0005 -0.0007 1.0000
0.3663 -0.1588 313.3807 -0.9197 -0.1969 939.7353 0.0005 -0.0007 1.0000
0.2503 -0.1785 324.0182 -0.8981 -0.2445 910.3142 0.0003 -0.0007 1.0000
0.2049 -0.1560 321.1272 -0.9570 -0.2253 920.4588 0.0002 -0.0006 1.0000
0.5088 -0.1436 276.3516 -0.8403 -0.2129 984.1879 0.0008 -0.0007 1.0000
0.1165 -0.1782 325.4937 -0.9051 -0.2926 899.1335 0.0000 -0.0007 1.0000
0.4444 -0.1720 278.7422 -0.7665 -0.2937 970.6753 0.0007 -0.0008 1.0000
0.3616 -0.1961 290.3137 -0.7449 -0.3421 950.9502 0.0006 -0.0008 1.0000
0.1878 -0.1525 298.0454 -0.9126 -0.2860 942.9566 0.0002 -0.0007 1.0000
0.3442 -0.1552 276.8167 -0.7977 -0.3134 978.8130 0.0006 -0.0008 1.0000
0.2655 -0.1316 277.2151 -0.8760 -0.2944 983.6089 0.0005 -0.0007 1.0000
0.3036 -0.1486 272.7241 -0.8054 -0.3322 988.2282 0.0006 -0.0008 1.0000
0.2567 -0.1529 275.2400 -0.7993 -0.3553 982.0760 0.0005 -0.0008 1.0000
0.3569 -0.1720 266.0384 -0.6883 -0.4108 1011.3467 0.0008 -0.0008 1.0000
0.3937 -0.0891 243.3262 -0.8208 -0.3057 1079.0852 0.0009 -0.0007 1.0000
0.5052 -0.0993 228.0808 -0.6969 -0.3433 1104.7041 0.0012 -0.0008 1.0000
0.5436 -0.1019 221.8830 -0.6486 -0.3752 1131.6299 0.0013 -0.0009 1.0000
0.1971 -0.1141 261.4880 -0.8579 -0.3699 1042.6980 0.0005 -0.0007 1.0000
0.3323 -0.0819 234.8756 -0.7945 -0.3623 1106.8957 0.0009 -0.0008 1.0000
0.2748 -0.1149 253.1942 -0.7659 -0.4239 1100.9039 0.0007 -0.0008 1.0000
0.1760 -0.0861 255.7266 -0.8903 -0.3859 1102.4473 0.0005 -0.0007 1.0000
0.3900 -0.0833 228.5140 -0.6894 -0.4411 1175.9598 0.0011 -0.0008 1.0000
0.2764 -0.1221 248.2141 -0.7215 -0.4804 1126.1835 0.0008 -0.0008 1.0000
0.3424 -0.0624 230.0373 -0.7644 -0.4183 1197.6884 0.0010 -0.0008 1.0000
0.4519 -0.0564 215.1069 -0.6503 -0.4662 1253.9742 0.0014 -0.0008 1.0000
0.2572 -0.0335 229.9658 -0.8864 -0.3854 1209.2071 0.0008 -0.0007 1.0000
0.2392 -0.1138 251.3078 -0.7169 -0.5302 1168.6677 0.0008 -0.0009 1.0000
0.4637 -0.0283 204.9706 -0.6720 -0.4618 1302.6398 0.0015 -0.0008 1.0000
0.1542 -0.0742 246.5278 -0.8639 -0.4627 1165.0933 0.0006 -0.0008 1.0000
0.2308 -0.0999 242.4073 -0.7422 -0.5302 1182.0126 0.0008 -0.0008 1.0000
0.1244 -0.0949 249.7327 -0.8551 -0.4942 1142.3460 0.0005 -0.0008 1.0000
0.1870 -0.0998 240.5139 -0.7730 -0.5387 1167.1804 0.0007 -0.0008 1.0000
0.4634 0.0186 178.2051 -0.7399 -0.4648 1361.9187 0.0016 -0.0008 1.0000
0.1618 -0.0931 233.7569 -0.7846 -0.5455 1160.0643 0.0007 -0.0008 1.0000
0.2712 -0.0580 210.2018 -0.7151 -0.5603 1235.6004 0.0011 -0.0009 1.0000
0.1878 -0.0419 212.3887 -0.8442 -0.5035 1213.0027 0.0008 -0.0008 1.0000
0.2284 -0.0308 200.3391 -0.8271 -0.5158 1244.5501 0.0010 -0.0008 1.0000
0.1896 -0.0442 204.7093 -0.8220 -0.5384 1222.0534 0.0009 -0.0008 1.0000
0.3673 0.0039 165.6221 -0.7031 -0.5699 1337.6793 0.0015 -0.0009 1.0000
0.1960 -0.0124 184.3497 -0.8570 -0.5242 1245.6183 0.0009 -0.0008 1.0000
0.3933 0.0503 143.7396 -0.7666 -0.5485 1401.2822 0.0017 -0.0009 1.0000
0.1773 -0.0302 185.5509 -0.8692 -0.5509 1234.3493 0.0009 -0.0008 1.0000
0.1542 -0.0437 188.6547 -0.8370 -0.5729 1205.1482 0.0008 -0.0008 1.0000
0.4350 0.0327 138.2564 -0.7052 -0.6148 1426.5181 0.0019 -0.0009 1.0000
0.1741 -0.0429 185.8764 -0.7773 -0.6198 1226.1143 0.0009 -0.0009 1.0000
0.2849 -0.0001 165.7341 -0.7744 -0.6246 1340.7200 0.0013 -0.0009 1.0000
0.1969 -0.0047 181.6066 -0.8809 -0.5794 1299.9272 0.0010 -0.0008 1.0000
0.2931 -0.0019 173.0844 -0.7927 -0.6396 1367.2423 0.0014 -0.0009 1.0000
0.1818 0.0003 189.4702 -0.8970 -0.5950 1319.8541 0.0010 -0.0008 1.0000
0.1857 0.0153 188.5734 -0.9005 -0.6008 1345.4708 0.0011 -0.0008 1.0000
0.1226 -0.0363 209.6795 -0.8894 -0.6188 1266.9279 0.0008 -0.0008 1.0000
0.2274 0.0046 192.8323 -0.8356 -0.6462 1373.4042 0.0013 -0.0009 1.0000
0.2028 -0.0218 202.5732 -0.8013 -0.6890 1350.7421 0.0012 -0.0009 1.0000
0.1325 -0.0381 215.4028 -0.8400 -0.6748 1302.6612 0.0009 -0.0009 1.0000
0.2165 -0.0003 202.4876 -0.7924 -0.7157 1409.9198 0.0014 -0.0009 1.0000
0.2400 -0.0154 202.7974 -0.7076 -0.7765 1419.2554 0.0015 -0.0010 1.0000
0.1455 -0.0199 215.5266 -0.8195 -0.7244 1371.3672 0.0012 -0.0009 1.0000
0.2138 0.0178 200.7192 -0.7720 -0.7787 1473.5976 0.0016 -0.0010 1.0000
0.2926 -0.0098 201.7813 -0.6121 -0.8751 1506.9997 0.0019 -0.0011 1.0000
0.0610 0.0061 219.6966 -0.8911 -0.7194 1379.3476 0.0011 -0.0009 1.0000
0.2178 0.0618 194.4610 -0.7812 -0.8172 1566.9299 0.0019 -0.0010 1.0000
0.1443 0.0194 212.4347 -0.7613 -0.8351 1488.0585 0.0016 -0.0010 1.0000
0.0649 0.0161 215.8265 -0.8209 -0.8008 1428.8213 0.0013 -0.0009 1.0000
0.1280 0.0527 201.4147 -0.7772 -0.8620 1535.7814 0.0017 -0.0010 1.0000
0.0837 0.0469 207.8885 -0.7928 -0.8634 1518.5086 0.0016 -0.0010 1.0000
-0.0263 0.0420 219.5338 -0.9152 -0.7910 1445.4463 0.0012 -0.0009 1.0000
0.1002 0.0457 207.2151 -0.6717 -0.9584 1560.8276 0.0019 -0.0011 1.0000
-0.0903 0.0555 220.1408 -0.9546 -0.7699 1420.6723 0.0011 -0.0009 1.0000
-0.0423 0.0541 216.3508 -0.8920 -0.8403 1481.6643 0.0014 -0.0009 1.0000
-0.0361 0.0935 207.6496 -0.8652 -0.8864 1556.2913 0.0016 -0.0010 1.0000
0.0374 0.1147 199.6725 -0.7516 -0.9992 1674.3488 0.0022 -0.0011 1.0000
-0.0886 0.0997 211.9850 -0.9203 -0.8800 1549.3484 0.0015 -0.0009 1.0000
-0.0946 0.0831 217.4613 -0.8773 -0.9057 1533.9415 0.0015 -0.0010 1.0000
-0.0692 0.0874 217.9529 -0.7858 -0.9791 1580.7577 0.0018 -0.0011 1.0000
-0.1099 0.0861 220.5588 -0.8733 -0.9279 1541.3405 0.0016 -0.0010 1.0000
-0.0343 0.1419 212.6830 -0.7983 -1.0721 1739.5788 0.0023 -0.0011 1.0000
-0.1015 0.0951 235.9403 -0.8484 -1.0046 1624.3547 0.0018 -0.0010 1.0000
-0.0729 0.0969 231.4630 -0.8636 -1.0202 1648.4701 0.0019 -0.0010 1.0000
-0.1280 0.1129 237.0384 -0.9267 -0.9770 1622.6417 0.0017 -0.0010 1.0000
0.0009 0.2056 228.8862 -0.7700 -1.2539 1971.5338 0.0030 -0.0012 1.0000
-0.1087 0.1303 248.1245 -0.9130 -1.0572 1719.0921 0.0019 -0.0010 1.0000
-0.0893 0.1391 254.5737 -0.8591 -1.1153 1772.0931 0.0022 -0.0011 1.0000
-0.1844 0.0909 271.2493 -0.9891 -0.9652 1596.3103 0.0014 -0.0009 1.0000
-0.0975 0.0908 275.0714 -0.8317 -1.1005 1696.4974 0.0020 -0.0011 1.0000
-0.0519 0.1344 275.5290 -0.8476 -1.1974 1856.7715 0.0024 -0.0011 1.0000
-0.0625 0.1255 283.7471 -0.8313 -1.2051 1839.5927 0.0023 -0.0011 1.0000
0.0061 0.1062 297.6723 -0.6943 -1.3249 1914.4420 0.0027 -0.0012 1.0000
-0.0373 0.1577 306.5708 -0.8189 -1.3232 2001.6538 0.0028 -0.0012 1.0000
-0.1322 0.0953 318.0801 -0.8948 -1.1780 1792.5216 0.0020 -0.0011 1.0000
-0.0737 0.1361 322.1382 -0.8374 -1.3248 1964.7128 0.0026 -0.0012 1.0000
-0.1039 0.1890 338.0219 -0.8606 -1.4164 2102.8780 0.0029 -0.0012 1.0000
-0.0573 0.1040 340.7810 -0.7285 -1.4156 1975.5259 0.0028 -0.0013 1.0000
-0.1073 0.0876 342.0122 -0.7613 -1.3566 1888.5516 0.0024 -0.0012 1.0000
-0.2224 0.1254 355.8450 -0.9655 -1.2621 1885.4928 0.0021 -0.0011 1.0000
0.0091 0.1502 370.0330 -0.6239 -1.7202 2273.8634 0.0038 -0.0015 1.0000
0.0107 0.1316 364.5273 -0.5699 -1.7254 2216.3572 0.0037 -0.0015 1.0000
-0.1271 0.0840 370.7248 -0.6946 -1.5190 1979.2171 0.0028 -0.0013 1.0000
-0.1358 0.1457 372.2232 -0.7016 -1.6221 2117.9711 0.0032 -0.0014 1.0000
-0.2779 0.1458 381.4285 -0.8677 -1.4621 1994.8181 0.0026 -0.0012 1.0000
-0.1826 0.2184 388.4185 -0.7586 -1.7787 2331.3766 0.0037 -0.0014 1.0000
-0.2812 0.1902 381.4639 -0.8279 -1.6148 2139.7334 0.0030 -0.0013 1.0000
-0.2765 0.1952 389.3356 -0.7327 -1.7100 2197.5332 0.0033 -0.0014 1.0000
-0.2913 0.2557 399.9309 -0.7627 -1.8726 2407.6732 0.0038 -0.0014 1.0000
-0.4166 0.1683 386.2566 -0.8757 -1.4994 1986.3404 0.0024 -0.0012 1.0000
-0.3684 0.1933 396.0117 -0.6638 -1.7674 2181.6614 0.0032 -0.0014 1.0000
-0.4571 0.1698 407.6334 -0.8048 -1.5909 2050.2427 0.0026 -0.0012 1.0000
-0.4023 0.2313 417.8258 -0.5771 -1.9528 2357.3715 0.0037 -0.0015 1.0000
-0.4563 0.2174 430.2584 -0.5579 -1.9392 2317.8210 0.0036 -0.0015 1.0000
-0.4644 0.1774 429.2787 -0.5430 -1.8833 2221.2493 0.0032 -0.0014 1.0000
-0.4508 0.2984 480.2967 -0.2411 -2.5012 2807.4357 0.0052 -0.0018 1.0000
-0.5667 0.2176 478.1499 -0.4721 -2.0824 2420.1677 0.0037 -0.0015 1.0000
-0.5744 0.2169 492.3623 -0.3366 -2.2056 2476.3834 0.0039 -0.0015 1.0000
-0.6504 0.1797 507.7728 -0.4373 -2.0337 2317.0334 0.0033 -0.0014 1.0000
-0.7659 0.3064 571.8393 -0.2978 -2.4761 2776.7382 0.0044 -0.0016 1.0000
-0.8275 0.3681 640.1041 -0.0795 -2.8677 3129.6563 0.0055 -0.0018 1.0000
-0.8306 0.3012 641.3083 0.0659 -2.7770 2927.2788 0.0051 -0.0018 1.0000
-0.9661 0.3746 693.7409 0.1035 -2.9992 3166.7648 0.0055 -0.0018 1.0000
-0.8982 0.2284 690.9453 0.1265 -2.7364 2834.9401 0.0047 -0.0017 1.0000
-1.1229 0.3960 795.9476 0.2639 -3.2374 3393.0659 0.0060 -0.0018 1.0000
-0.9807 0.2436 819.8261 0.8058 -3.4419 3292.4991 0.0064 -0.0021 1.0000
-1.4368 0.4784 1019.5645 1.0370 -4.2127 4127.7190 0.0083 -0.0023 1.0000
-1.3817 0.3499 906.6470 0.5685 -3.4023 3402.6322 0.0060 -0.0019 1.0000
-1.3562 0.2637 907.9029 0.7554 -3.4085 3258.1735 0.0057 -0.0019 1.0000
-1.9697 0.5383 1324.3771 2.1511 -5.4198 4910.5101 0.0106 -0.0028 1.0000
-1.8052 0.3734 1081.5520 1.0043 -3.8719 3680.4811 0.0067 -0.0020 1.0000
-1.8761 0.3399 1138.3077 1.2097 -4.0639 3767.7651 0.0070 -0.0021 1.0000
-2.5887 0.5631 1488.6997 1.9807 -5.3845 4894.3717 0.0098 -0.0025 1.0000
-3.6105 0.8324 2024.4849 3.5356 -7.4988 6516.1946 0.0144 -0.0033 1.0000
-3.1557 0.5652 1815.2335 2.8143 -6.3979 5547.0059 0.0117 -0.0030 1.0000
-2.8059 0.3882 1634.0471 2.2934 -5.4424 4704.3083 0.0095 -0.0026 1.0000
-3.4102 0.5156 1966.4790 3.2970 -6.6990 5583.1874 0.0122 -0.0031 1.0000
-2.9467 0.3810 1605.0653 1.8679 -4.9393 4299.3170 0.0081 -0.0023 1.0000
-3.1005 0.3588 1717.7233 2.2117 -5.2665 4458.4959 0.0086 -0.0024 1.0000
-4.6893 0.6681 2490.2467 3.5556 -7.4523 6221.8247 0.0129 -0.0029 1.0000
-3.5735 0.3501 2009.6772 3.0625 -6.0732 4861.1797 0.0101 -0.0027 1.0000
-4.6477 0.5389 2512.3100 3.5617 -7.1611 5848.0760 0.0122 -0.0028 1.0000
-5.4173 0.6278 2977.7972 4.7949 -8.6805 6860.2978 0.0151 -0.0034 1.0000
-4.9076 0.3823 2856.8127 4.9538 -8.2955 6325.5020 0.0144 -0.0035 1.0000
-4.9824 0.5048 2681.7290 3.8971 -7.2700 5750.5786 0.0120 -0.0028 1.0000
-6.7462 0.5639 3819.8965 6.3488 -10.3751 7897.5763 0.0181 -0.0039 1.0000
-6.6799 0.5719 3723.6844 6.2577 -10.0037 7511.1726 0.0172 -0.0037 1.0000
-11.5319 1.2251 6390.3730 12.6565 -17.9583 12916.6817 0.0320 -0.0062 1.0000
-15.2893 1.0886 9164.3714 20.5231 -25.9823 17758.5329 0.0480 -0.0095 1.0000
-8.9282 0.6636 4979.6889 9.3254 -13.0657 9263.7005 0.0221 -0.0045 1.0000
-7.6660 0.4606 4264.2345 7.6002 -10.7348 7597.9219 0.0174 -0.0037 1.0000
-18.6817 1.1784 10776.8235 23.2461 -28.6300 19107.0730 0.0500 -0.0092 1.0000
-10.3416 0.2755 6074.3862 12.1136 -15.2436 10177.7724 0.0253 -0.0052 1.0000
-41.8266 1.4325 24710.8618 56.2255 -63.4607 40163.2835 0.1118 -0.0204 1.0000
69.7753 -3.7268 -39416.6777 -88.6602 95.8154 -60045.0466 -0.1679 0.0245 1.0000
-54.2170 0.6877 32408.5752 74.2690 -78.4864 47677.6625 0.1338 -0.0232 1.0000
12.6698 -0.2327 -7681.6171 -19.7395 18.4037 -10561.0145 -0.0341 0.0046 1.0000
10.4967 -0.4301 -5997.5092 -14.8947 13.5217 -7765.8286 -0.0247 0.0025 1.0000
16.9018 0.1477 -10223.8675 -25.0899 22.4419 -12558.8428 -0.0398 0.0049 1.0000
12.8003 0.1509 -7743.3827 -20.0716 16.8848 -9042.6402 -0.0304 0.0036 1.0000
15.7977 0.6163 -9704.2082 -24.7122 20.4076 -10675.1064 -0.0363 0.0045 1.0000
8.4654 0.2800 -5154.1953 -14.0210 10.8398 -5373.0703 -0.0201 0.0020 1.0000
11.6875 0.5003 -7023.7469 -18.5365 14.0591 -6863.8607 -0.0250 0.0025 1.0000
6.4777 0.3563 -3966.1259 -11.1320 7.7508 -3508.1167 -0.0149 0.0012 1.0000
31.5315 3.3055 -19725.5163 -49.1941 37.6586 -17805.4412 -0.0620 0.0080 1.0000
12.8539 1.2491 -7928.4992 -21.0966 15.1318 -6684.1724 -0.0262 0.0029 1.0000
12.2557 1.1464 -7375.5091 -19.2294 13.5779 -5878.0076 -0.0235 0.0023 1.0000
18.2004 1.6475 -10707.5278 -25.7205 18.5695 -8245.0708 -0.0301 0.0024 1.0000
9.7032 0.7477 -5590.9749 -14.1353 9.4004 -3855.3545 -0.0164 0.0008 1.0000
53.2017 5.8497 -31346.3914 -70.8822 50.9953 -22116.6529 -0.0782 0.0070 1.0000
13.2494 2.0892 -8396.8830 -22.0602 14.5210 -5413.8815 -0.0247 0.0026 1.0000
20.4033 3.0181 -12642.3336 -31.4578 20.6381 -7695.6427 -0.0334 0.0031 1.0000
10.9379 1.6505 -6812.2552 -17.1634 10.7652 -3783.3672 -0.0183 0.0011 1.0000
23.1347 4.0599 -14749.8794 -36.3273 23.1569 -8080.0773 -0.0374 0.0037 1.0000
12.1195 2.0843 -7715.5673 -19.6747 11.8385 -3752.2185 -0.0198 0.0013 1.0000
12.8000 2.0051 -7996.7036 -20.4104 12.0482 -3681.9655 -0.0195 0.0009 1.0000
11.5211 2.2912 -7631.0631 -20.1255 11.4355 -3189.1819 -0.0191 0.0012 1.0000
6.2071 1.1679 -4134.1613 -11.7939 6.0974 -1391.8182 -0.0113 0.0003 1.0000
8.9975 2.0755 -6272.6657 -16.9896 8.9000 -2082.3723 -0.0154 0.0006 1.0000
6.3619 1.5461 -4544.3466 -12.8814 6.3426 -1250.7182 -0.0115 0.0002 1.0000
4.1138 1.2847 -3245.1204 -10.1356 4.6171 -649.4233 -0.0094 0.0002 1.0000
6.6026 1.4474 -4588.7615 -12.8676 5.8850 -924.5840 -0.0104 -0.0004 1.0000
6.7407 2.0855 -5222.8239 -15.1548 6.7010 -847.7171 -0.0121 0.0001 1.0000
4.3778 1.4078 -3478.9402 -10.9781 4.4748 -296.2986 -0.0088 -0.0002 1.0000
5.1870 1.7070 -4113.1090 -12.4444 4.9650 -277.3002 -0.0092 -0.0004 1.0000
3.4643 1.2924 -2929.4536 -9.6972 3.5272 64.0482 -0.0073 -0.0004 1.0000
3.7421 1.4374 -3182.1431 -10.5518 3.7058 182.3889 -0.0076 -0.0004 1.0000
4.0255 1.5384 -3396.7886 -10.9726 3.6115 342.1029 -0.0073 -0.0007 1.0000
6.1598 2.8234 -5541.1298 -17.2001 5.7477 493.3066 -0.0107 -0.0007 1.0000
4.3841 2.0652 -4026.8743 -13.0330 3.9705 636.2939 -0.0080 -0.0009 1.0000
3.6110 1.6709 -3303.8391 -11.0702 3.0051 788.8009 -0.0064 -0.0011 1.0000
2.8851 1.6441 -2950.8831 -10.6485 2.6978 913.6285 -0.0063 -0.0010 1.0000
4.5632 2.7182 -4672.1323 -15.9221 4.1143 1292.7652 -0.0085 -0.0012 1.0000
4.4553 2.7691 -4647.3695 -15.9326 3.8710 1448.8983 -0.0083 -0.0013 1.0000
2.7709 1.8583 -3059.4141 -11.3451 2.3601 1299.6094 -0.0059 -0.0013 1.0000
3.6375 2.8146 -4285.9523 -15.6806 3.4295 1694.4307 -0.0080 -0.0012 1.0000
3.1002 2.4286 -3708.3008 -13.8033 2.6199 1720.4026 -0.0065 -0.0015 1.0000
3.1002 2.4286 -3708.3008 -13.8033 2.6199 1720.4026 -0.0065 -0.0015 1.0000
2.9722 3.0796 -4175.9124 -15.7378 2.6704 2173.1316 -0.0071 -0.0017 1.0000
7.6861 8.0757 -10705.8259 -37.6628 6.8394 4827.9230 -0.0149 -0.0032 1.0000
2.9560 3.5591 -4550.5567 -17.6216 2.7183 2641.2725 -0.0074 -0.0019 1.0000
2.4644 2.9182 -3754.9442 -14.9100 1.8811 2519.2042 -0.0059 -0.0020 1.0000
2.9454 3.9408 -4848.6157 -19.1167 2.5225 3173.8596 -0.0074 -0.0022 1.0000
4.7163 6.6104 -7933.9696 -29.9757 3.7647 5086.1166 -0.0105 -0.0033 1.0000
-65.8120 -90.6430 107549.5266 376.5875 -52.0510 -60245.2424 0.1106 0.0353 1.0000
6.6202 11.7381 -13135.9956 -50.1590 5.9039 8945.7320 -0.0172 -0.0046 1.0000
3.7812 7.0219 -7739.4258 -29.9218 3.1719 5638.6590 -0.0103 -0.0033 1.0000
1998.2592 3557.4810 -3927851.4672 -14247.7285 1527.1454 2643622.2209 -3.9342 -1.5292 1.0000
15.5424 29.7159 -32317.0972 -119.8050 11.2640 23460.9813 -0.0346 -0.0135 1.0000
17.8946 38.7309 -41040.5608 -154.9663 12.9117 31757.2794 -0.0423 -0.0181 1.0000
7.0374 19.3439 -19740.9656 -78.1029 6.2066 16404.0155 -0.0244 -0.0079 1.0000
2.3970 7.3853 -7516.7443 -31.0511 1.6528 7048.3921 -0.0093 -0.0044 1.0000
3.5491 15.4401 -15076.2464 -62.2274 3.5040 14044.8987 -0.0191 -0.0070 1.0000
3.4408 15.3314 -15095.6460 -63.1934 2.8311 14692.0526 -0.0172 -0.0084 1.0000
2.4538 17.8516 -16950.3897 -71.7158 3.0153 16812.4542 -0.0203 -0.0089 1.0000
0.6335 9.1985 -8622.7966 -38.0546 0.6363 9521.6588 -0.0104 -0.0057 1.0000
-0.0390 15.6108 -14272.6227 -63.0643 0.5517 16032.3199 -0.0162 -0.0092 1.0000
-0.3773 9.0454 -8317.5857 -38.2330 -0.6907 10327.9246 -0.0091 -0.0067 1.0000
10.0828 -78.5355 68942.1621 305.8555 4.8178 -81377.5246 0.0662 0.0450 1.0000
-9.0033 42.7973 -36903.6997 -172.1741 -7.0258 48328.3893 -0.0336 -0.0300 1.0000
-3.9617 9.9901 -8033.9445 -42.3213 -2.3182 12284.7302 -0.0104 -0.0071 1.0000
30.1589 -72.7773 57861.1159 294.7639 16.9290 -84835.9562 0.0639 0.0442 1.0000
-1262.6351 2368.4829 -1803499.8127 -9678.1894 -843.6678 2931600.2326 -1.8652 -1.6903 1.0000
14.0386 -22.2658 16052.4194 89.6343 8.1704 -27161.4706 0.0176 0.0141 1.0000
3.8105 -6.3028 4607.8686 24.3075 2.5966 -7429.5946 0.0034 0.0038 1.0000
4.4329 -6.5984 4760.1200 26.3615 3.6567 -8456.9771 0.0028 0.0050 1.0000
5.4742 -6.9948 4784.0149 28.3630 4.2836 -9233.0687 0.0032 0.0054 1.0000
5.7571 -6.4704 4145.4326 26.3841 3.9448 -8523.5494 0.0035 0.0046 1.0000
4.8246 -5.2915 3397.7246 21.5606 3.7547 -7146.3614 0.0022 0.0041 1.0000
4.5892 -4.7035 2939.0970 19.3621 3.5424 -6449.2673 0.0019 0.0037 1.0000
3.0690 -3.2253 2029.2923 12.6077 2.3553 -4149.3530 0.0007 0.0023 1.0000
3.3603 -3.2775 2001.3954 13.1511 2.3961 -4283.9025 0.0013 0.0022 1.0000
2.3711 -2.4487 1592.9189 9.5962 1.9607 -3172.6954 0.0003 0.0018 1.0000
3.8057 -3.2687 1986.3215 13.7301 2.9806 -4687.5723 0.0011 0.0027 1.0000
2.8193 -2.4770 1613.6479 10.4918 2.4263 -3611.6675 0.0004 0.0022 1.0000
2.9854 -2.4019 1564.8745 10.6882 2.4535 -3672.2042 0.0006 0.0022 1.0000
3.0004 -2.3080 1540.3929 10.4655 2.5373 -3666.7872 0.0005 0.0023 1.0000
4.5390 -2.8938 1855.1674 14.7908 3.6583 -5292.9446 0.0014 0.0033 1.0000
3.5088 -2.2011 1451.0394 11.1139 2.8243 -3995.6079 0.0008 0.0024 1.0000
5.4032 -2.8775 1853.9265 16.2167 4.6347 -6174.7364 0.0012 0.0043 1.0000
3.2617 -1.8549 1294.4616 10.1375 2.8159 -3770.2465 0.0004 0.0025 1.0000
5.8159 -2.7717 1688.7489 16.4341 4.5045 -6193.3648 0.0019 0.0040 1.0000
10.7628 -4.3529 2454.9539 29.1482 8.7393 -11493.1393 0.0039 0.0081 1.0000
2.2376 -1.2489 879.1076 6.5940 1.9373 -2481.1957 -0.0002 0.0016 1.0000
8.9685 -3.3211 1877.0415 24.1335 7.8582 -9825.6654 0.0024 0.0074 1.0000
3.4848 -1.5683 972.1550 9.4840 2.9988 -3728.9363 0.0004 0.0025 1.0000
3.9770 -1.6099 955.7104 10.6729 3.4954 -4261.4331 0.0005 0.0030 1.0000
5.2352 -1.9777 1025.8038 13.5577 4.2362 -5347.8002 0.0016 0.0035 1.0000
4.6805 -1.8002 940.7857 12.1501 3.7635 -4744.2481 0.0014 0.0031 1.0000
2.8589 -1.3227 772.2545 7.6285 2.2559 -2868.9529 0.0006 0.0016 1.0000
2.7394 -1.2101 765.8603 7.3990 2.5021 -2912.9295 0.0001 0.0020 1.0000
2.7100 -1.1926 741.1854 7.1853 2.3988 -2810.3956 0.0003 0.0018 1.0000
3.2873 -1.3239 795.7926 8.6814 2.8502 -3399.5288 0.0007 0.0022 1.0000
4.3980 -1.6597 974.8215 11.5346 3.7914 -4564.7896 0.0015 0.0031 1.0000
2.4811 -1.0865 752.7344 6.8436 2.2696 -2669.6438 0.0002 0.0018 1.0000
3.2656 -1.3034 883.7730 8.8418 3.0325 -3546.9652 0.0007 0.0024 1.0000
3.9346 -1.4548 1028.7450 11.0168 3.7497 -4449.0310 0.0013 0.0031 1.0000
4.2737 -1.6102 1095.2664 11.7957 3.7908 -4676.2793 0.0019 0.0030 1.0000
2.2053 -1.0467 855.3651 6.7162 2.1687 -2609.7973 0.0004 0.0016 1.0000
2.9903 -1.2239 1046.2187 9.3330 3.1575 -3752.9868 0.0008 0.0026 1.0000
2.0382 -0.9620 927.7302 6.9494 2.4229 -2791.0285 0.0001 0.0020 1.0000
6.3550 -2.1656 1694.7017 19.0339 6.1845 -7657.8115 0.0037 0.0054 1.0000
1.9723 -0.9830 962.2233 6.9127 2.3710 -2752.6875 0.0003 0.0019 1.0000
1.8534 -0.9295 1017.6787 7.0284 2.5857 -2876.2689 0.0000 0.0022 1.0000
4.1093 -1.7007 1413.6378 12.8622 4.0496 -5044.6565 0.0025 0.0033 1.0000
2.8262 -1.2056 1250.6399 10.0917 3.5276 -4093.3525 0.0010 0.0031 1.0000
2.6719 -1.2376 1174.6012 9.2030 2.9463 -3586.8303 0.0014 0.0023 1.0000
1.7112 -0.9522 968.7499 6.3829 2.0149 -2417.7230 0.0006 0.0015 1.0000
2.1159 -1.0136 1102.8627 7.8988 2.7034 -3122.5010 0.0007 0.0022 1.0000
1.7105 -0.8933 996.9436 6.5144 2.2511 -2552.4902 0.0004 0.0018 1.0000
2.1034 -1.0095 1035.3390 7.4261 2.3150 -2802.9945 0.0011 0.0017 1.0000
2.0713 -0.9517 1047.1425 7.4024 2.4826 -2870.5789 0.0009 0.0019 1.0000
1.8807 -0.8703 1061.6548 7.1516 2.5088 -2816.5084 0.0006 0.0021 1.0000
1.2575 -0.6794 896.7135 5.2459 1.8599 -2035.5708 -0.0000 0.0015 1.0000
2.9156 -1.0392 1232.4289 10.0649 3.3726 -3937.2384 0.0017 0.0028 1.0000
2.6120 -0.9750 1170.1396 9.0513 3.0439 -3521.8561 0.0014 0.0025 1.0000
1.5857 -0.7474 941.8759 5.9863 2.0069 -2273.7206 0.0005 0.0015 1.0000
0.6331 -0.5056 764.7000 3.3738 1.2402 -1262.9696 -0.0005 0.0009 1.0000
1.5516 -0.6966 949.6513 6.0623 2.0448 -2295.9145 0.0005 0.0016 1.0000
2.5893 -0.8095 1137.5574 9.2760 3.1175 -3569.3907 0.0015 0.0026 1.0000
1.1223 -0.5442 854.2792 4.8486 1.7685 -1844.8920 -0.0000 0.0014 1.0000
1.9586 -0.7224 969.7662 6.9853 2.3158 -2609.8595 0.0010 0.0018 1.0000
3.2279 -0.8954 1204.6107 10.8393 3.5189 -4078.0469 0.0024 0.0029 1.0000
2.0026 -0.6353 1001.6213 7.4921 2.5361 -2802.1987 0.0010 0.0021 1.0000
2.6184 -0.8309 1054.6381 8.6990 2.6583 -3135.2575 0.0020 0.0020 1.0000
1.0520 -0.4425 822.2783 4.7479 1.7139 -1747.9911 0.0001 0.0013 1.0000
5.6611 -1.1476 1537.9945 17.4926 5.3102 -6398.5505 0.0054 0.0044 1.0000
2.8628 -0.7166 1073.6964 9.4421 3.0090 -3435.8623 0.0022 0.0024 1.0000
1.9880 -0.6121 958.7861 6.9567 2.2629 -2494.7648 0.0012 0.0017 1.0000
2.4509 -0.5785 998.4907 8.2410 2.7158 -3000.7972 0.0016 0.0022 1.0000
1.1239 -0.3641 843.4762 4.9101 1.7688 -1770.0388 0.0001 0.0015 1.0000
0.7244 -0.3449 765.8108 3.5924 1.3287 -1260.2562 -0.0003 0.0010 1.0000
29.7719 -1.9577 4919.3600 82.9158 27.1152 -31288.4088 0.0290 0.0246 1.0000
1.6599 -0.3245 896.2208 6.1650 2.2482 -2263.3514 0.0006 0.0018 1.0000
1.6461 -0.3543 903.7673 6.0566 2.1382 -2182.3495 0.0006 0.0017 1.0000
1.8321 -0.3880 913.5257 6.3909 2.1289 -2244.1130 0.0009 0.0017 1.0000
2.4958 -0.3950 1000.5396 8.0589 2.7469 -2908.6871 0.0015 0.0022 1.0000
1.1913 -0.3072 817.8502 4.6493 1.6286 -1609.5337 0.0002 0.0013 1.0000
2.0195 -0.3097 950.3111 6.9109 2.4282 -2486.9414 0.0010 0.0020 1.0000
3.3259 -0.1776 1083.7867 10.4038 3.7790 -3888.7037 0.0020 0.0033 1.0000
3.1622 -0.3289 1043.0846 9.6425 3.1780 -3443.1406 0.0022 0.0026 1.0000
1.5104 -0.2883 858.4861 5.3641 1.8994 -1884.6182 0.0005 0.0015 1.0000
2.4631 -0.3405 984.1864 7.7493 2.6211 -2755.5551 0.0015 0.0021 1.0000
2.2887 -0.2941 943.4888 7.2739 2.4967 -2582.1557 0.0012 0.0020 1.0000
2.9601 -0.3799 1010.5790 8.7456 2.8213 -3059.3129 0.0021 0.0022 1.0000
1.4545 -0.2107 873.5418 5.3358 2.0150 -1916.7979 0.0003 0.0016 1.0000
1.2169 -0.2995 809.2492 4.4153 1.5325 -1491.7333 0.0002 0.0011 1.0000
1.4558 -0.1575 873.5710 5.4721 2.0710 -1970.0462 0.0003 0.0017 1.0000
1.9720 -0.2068 919.0256 6.5821 2.3480 -2342.9375 0.0009 0.0019 1.0000
0.4901 -0.2174 762.0882 2.9237 1.1379 -970.5023 -0.0005 0.0008 1.0000
1.9061 -0.2483 904.7866 6.3091 2.1629 -2192.2503 0.0009 0.0017 1.0000
1.6306 -0.1507 880.1180 5.7922 2.1574 -2063.3136 0.0004 0.0018 1.0000
0.7582 -0.1318 785.7730 3.6549 1.5175 -1294.9969 -0.0004 0.0012 1.0000
2.5158 -0.2224 966.1949 7.6794 2.7237 -2736.4248 0.0013 0.0022 1.0000
1.4273 -0.1702 842.4726 5.1551 1.9060 -1801.5557 0.0003 0.0015 1.0000
2.2118 -0.2068 921.2309 6.9751 2.4217 -2441.0024 0.0011 0.0019 1.0000
1.2078 -0.2077 830.4828 4.5780 1.6629 -1557.5767 0.0001 0.0013 1.0000
1.7487 -0.0810 884.8367 6.0537 2.3320 -2175.2517 0.0004 0.0019 1.0000
1.7845 -0.1216 886.1922 6.0467 2.2674 -2144.2926 0.0005 0.0019 1.0000
1.9788 -0.2335 882.0156 6.1208 2.1777 -2119.3786 0.0008 0.0017 1.0000
1.5353 -0.2026 861.7801 5.2028 1.9506 -1810.5151 0.0004 0.0015 1.0000
1.9270 -0.2352 871.5545 6.0355 2.0829 -2056.5361 0.0008 0.0016 1.0000
1.3525 -0.1291 823.1473 4.9154 1.8782 -1712.6235 0.0002 0.0015 1.0000
1.6203 -0.1402 852.7782 5.5124 2.0665 -1925.5440 0.0004 0.0016 1.0000
3.8539 0.1053 1070.4204 11.2420 4.2171 -4138.7682 0.0022 0.0036 1.0000
4.7020 -0.0253 1115.8983 12.8282 4.5623 -4651.7933 0.0031 0.0037 1.0000
2.6843 -0.1558 927.3648 7.8251 2.7868 -2750.7503 0.0013 0.0022 1.0000
1.3822 -0.1426 839.1081 4.9506 1.9093 -1721.8086 0.0001 0.0015 1.0000
1.2770 -0.1227 810.8082 4.6715 1.8261 -1620.3770 -0.0000 0.0014 1.0000
1.1467 -0.1797 778.7580 4.1756 1.5607 -1390.4681 0.0000 0.0011 1.0000
1.0236 -0.1332 792.4848 4.0718 1.6491 -1407.9740 -0.0002 0.0013 1.0000
1.5606 -0.0424 824.1685 5.4182 2.1841 -1936.3039 0.0002 0.0018 1.0000
1.5838 -0.0827 827.4832 5.3844 2.1474 -1913.7272 0.0002 0.0017 1.0000
1.0095 -0.1791 767.5895 3.8411 1.4961 -1284.9522 -0.0002 0.0011 1.0000
1.2498 -0.2261 774.0736 4.2435 1.5371 -1388.7352 0.0001 0.0011 1.0000
1.6794 -0.1340 827.8282 5.4849 2.0988 -1913.5194 0.0003 0.0016 1.0000
1.4348 -0.0881 802.1642 4.9988 1.9812 -1750.4632 0.0000 0.0016 1.0000
1.5528 -0.2123 788.9629 4.9241 1.7925 -1656.1323 0.0003 0.0013 1.0000
