1.0000 0.0000 -0.0000 -0.0000 1.0000 -0.0000 0.0000 0.0000 1.0000
0.3270 -0.2194 122.0625 -0.1670 0.2960 109.8137 -0.0007 -0.0009 1.0000
0.8465 0.3628 -45.3975 -0.0107 1.0047 -7.1551 -0.0003 0.0002 1.0000
0.2238 0.2694 92.9697 -0.3328 0.6795 109.4580 -0.0012 0.0003 1.0000
0.2810 0.2727 69.8285 -0.3458 0.6615 109.5261 -0.0011 0.0001 1.0000
0.1578 -0.0684 141.5698 -0.2978 0.2601 154.6001 -0.0009 -0.0007 1.0000
0.2918 0.0724 109.6412 -0.3177 0.4439 146.9954 -0.0008 -0.0004 1.0000
0.2699 -0.1175 125.6684 -0.2398 0.1975 157.1246 -0.0006 -0.0010 1.0000
0.2508 -0.0328 112.4453 -0.2816 0.2614 155.6190 -0.0008 -0.0008 1.0000
0.2909 0.1548 75.4447 -0.3321 0.4647 136.9148 -0.0009 -0.0003 1.0000
0.2941 0.0442 86.5457 -0.2913 0.3426 144.1297 -0.0008 -0.0007 1.0000
0.5069 0.0384 61.8785 -0.2390 0.4165 138.0539 -0.0003 -0.0007 1.0000
0.7493 0.2948 -18.7009 -0.2479 0.7508 99.9940 -0.0002 -0.0001 1.0000
0.6074 0.2001 4.0792 -0.2415 0.6067 99.5854 -0.0004 -0.0003 1.0000
0.9215 0.8995 -164.2039 -0.4020 1.3874 25.3889 -0.0006 0.0015 1.0000
0.1284 -0.2334 142.7975 -0.2578 0.0062 167.4173 -0.0008 -0.0013 1.0000
0.0861 0.0157 105.7495 -0.3685 0.2554 144.7420 -0.0012 -0.0006 1.0000
1.0714 0.4725 -134.6110 -0.1911 1.0293 11.3893 0.0002 0.0003 1.0000
0.3665 -0.2733 93.8011 -0.1372 0.0656 117.2777 -0.0002 -0.0016 1.0000
0.5152 -0.0104 10.0280 -0.2185 0.4011 71.5199 -0.0003 -0.0009 1.0000
0.9154 0.1170 -119.5062 -0.1638 0.5699 27.5399 0.0006 -0.0011 1.0000
1.6778 0.8557 -473.9726 -0.3501 1.6851 -163.4793 0.0006 0.0013 1.0000
2.2741 1.3632 -816.9760 -0.4001 2.5626 -395.5593 0.0002 0.0037 1.0000
1.4452 0.7809 -589.6721 -0.0283 1.2737 -284.4287 0.0010 -0.0008 1.0000
1.0000 0.0000 0.0000 0.0000 1.0000 0.0000 0.0000 0.0000 1.0000
1.0000 0.0000 0.0000 0.0000 1.0000 0.0000 0.0000 0.0000 1.0000
1.0000 0.0000 0.0000 0.0000 1.0000 0.0000 0.0000 0.0000 1.0000
1.0000 0.0000 0.0000 0.0000 1.0000 0.0000 0.0000 0.0000 1.0000
1.0000 0.0000 0.0000 0.0000 1.0000 0.0000 0.0000 0.0000 1.0000
1.0000 0.0000 0.0000 0.0000 1.0000 0.0000 0.0000 0.0000 1.0000
1.0000 0.0000 0.0000 0.0000 1.0000 0.0000 0.0000 0.0000 1.0000
1.0000 0.0000 0.0000 0.0000 1.0000 0.0000 0.0000 0.0000 1.0000
1.0000 0.0000 0.0000 0.0000 1.0000 0.0000 0.0000 0.0000 1.0000
1.0000 0.0000 0.0000 0.0000 1.0000 0.0000 0.0000 0.0000 1.0000
1.0000 0.0000 0.0000 0.0000 1.0000 0.0000 0.0000 0.0000 1.0000
1.0000 0.0000 0.0000 0.0000 1.0000 0.0000 0.0000 0.0000 1.0000
1.0000 0.0000 0.0000 0.0000 1.0000 0.0000 0.0000 0.0000 1.0000
1.0000 0.0000 0.0000 0.0000 1.0000 0.0000 0.0000 0.0000 1.0000
1.0000 0.0000 0.0000 0.0000 1.0000 0.0000 0.0000 0.0000 1.0000
1.0000 0.0000 0.0000 0.0000 1.0000 0.0000 0.0000 0.0000 1.0000
1.0000 0.0000 0.0000 0.0000 1.0000 0.0000 0.0000 0.0000 1.0000
1.0000 0.0000 0.0000 0.0000 1.0000 0.0000 0.0000 0.0000 1.0000
1.0000 0.0000 0.0000 0.0000 1.0000 0.0000 0.0000 0.0000 1.0000
1.0000 0.0000 0.0000 0.0000 1.0000 0.0000 0.0000 0.0000 1.0000
1.0000 0.0000 0.0000 0.0000 1.0000 0.0000 0.0000 0.0000 1.0000
1.0000 0.0000 0.0000 0.0000 1.0000 0.0000 0.0000 0.0000 1.0000
1.0000 0.0000 0.0000 0.0000 1.0000 0.0000 0.0000 0.0000 1.0000
1.0000 0.0000 0.0000 0.0000 1.0000 0.0000 0.0000 0.0000 1.0000
1.0000 0.0000 0.0000 0.0000 1.0000 0.0000 0.0000 0.0000 1.0000
1.0000 0.0000 0.0000 0.0000 1.0000 0.0000 0.0000 0.0000 1.0000
1.0000 0.0000 0.0000 0.0000 1.0000 0.0000 0.0000 0.0000 1.0000
1.0000 0.0000 0.0000 0.0000 1.0000 0.0000 0.0000 0.0000 1.0000
1.0000 0.0000 0.0000 0.0000 1.0000 0.0000 0.0000 0.0000 1.0000
1.0000 0.0000 0.0000 0.0000 1.0000 0.0000 0.0000 0.0000 1.0000
1.0000 0.0000 0.0000 0.0000 1.0000 0.0000 0.0000 0.0000 1.0000
1.0000 0.0000 0.0000 0.0000 1.0000 0.0000 0.0000 0.0000 1.0000
1.0000 0.0000 0.0000 0.0000 1.0000 0.0000 0.0000 0.0000 1.0000
1.2167 2.7373 -355.6405 -1.5812 1.9619 751.6840 -0.0005 0.0013 1.0000
1.1788 0.6283 80.6728 -0.6341 0.3710 682.5143 0.0004 -0.0007 1.0000
1.9920 1.4717 -150.9264 -0.8074 1.3289 670.9598 0.0009 -0.0000 1.0000
0.4750 0.6207 188.7743 -1.0656 0.5480 615.1166 -0.0005 -0.0004 1.0000
2.5512 1.8561 -312.2814 -0.3729 1.6348 486.2435 0.0013 0.0002 1.0000
0.7120 0.3051 195.5273 -0.7327 0.4767 495.3667 -0.0002 -0.0007 1.0000
0.1154 0.7410 216.3654 -1.1251 0.9039 446.6296 -0.0011 0.0001 1.0000
0.3044 0.7042 212.4624 -0.9498 0.9998 380.3868 -0.0010 0.0001 1.0000
0.7714 -0.1467 273.0427 -0.4346 0.4137 342.5745 -0.0002 -0.0010 1.0000
0.3159 0.1739 297.0006 -0.6572 0.7043 297.7900 -0.0009 -0.0004 1.0000
0.8521 0.2584 241.8862 -0.3026 1.0162 173.9432 -0.0003 -0.0003 1.0000
2.1871 0.7064 32.1737 0.0038 2.0033 -16.8281 0.0005 0.0003 1.0000
7.3498 1.6296 -704.8658 2.2283 4.3865 -747.7258 0.0050 0.0008 1.0000
0.4583 0.0259 386.6427 -0.0678 0.9256 61.5750 -0.0006 -0.0003 1.0000
0.5068 -0.3877 454.9437 0.0279 0.6393 82.8397 -0.0004 -0.0007 1.0000
1.0820 -0.2968 392.5562 0.3273 1.0405 -58.6800 0.0000 -0.0005 1.0000
0.6799 -0.3080 449.9300 0.2308 0.9863 -58.7107 -0.0004 -0.0004 1.0000
0.0862 -0.7686 567.7947 0.0180 0.4101 64.9397 -0.0007 -0.0010 1.0000
0.6552 -0.5878 515.9254 0.3533 0.8989 -94.9743 -0.0003 -0.0006 1.0000
0.3662 -0.2527 540.2542 0.2347 1.1329 -114.3646 -0.0007 -0.0000 1.0000
0.9828 -0.0432 481.0722 0.6903 1.6916 -325.1550 -0.0003 0.0004 1.0000
0.7366 -0.5060 553.3229 0.5786 1.2478 -229.0173 -0.0003 -0.0002 1.0000
0.6301 -0.7631 572.9868 0.5865 0.9920 -198.1295 -0.0003 -0.0006 1.0000
1.0729 -0.5037 545.1716 0.9266 1.6012 -386.5686 -0.0001 0.0001 1.0000
0.5273 -0.9718 616.7653 0.6025 0.8509 -180.6097 -0.0003 -0.0007 1.0000
0.2594 -0.7058 605.9274 0.5120 0.9877 -195.0670 -0.0007 -0.0004 1.0000
0.3337 -0.6533 603.0394 0.6256 1.1566 -254.2296 -0.0007 -0.0002 1.0000
0.9340 -1.0374 574.1908 0.9321 1.2167 -335.9249 -0.0001 -0.0005 1.0000
0.4001 -0.5544 581.4944 0.7518 1.4235 -339.6632 -0.0007 0.0001 1.0000
0.5016 -0.7105 568.3753 0.8150 1.3622 -342.3703 -0.0006 -0.0001 1.0000
0.6195 -0.8714 541.4218 0.8236 1.2367 -321.4913 -0.0005 -0.0004 1.0000
0.8419 -0.7994 512.3657 1.0048 1.5316 -418.6165 -0.0003 -0.0001 1.0000
0.7531 -1.0866 529.7960 0.8930 1.0696 -304.3549 -0.0002 -0.0008 1.0000
0.7687 -0.8298 517.1276 0.9720 1.5177 -415.3195 -0.0004 -0.0002 1.0000
1.0867 -1.1703 526.5353 1.1722 1.3898 -436.2918 0.0000 -0.0006 1.0000
1.0956 -0.8497 502.3134 1.2955 1.8761 -573.0413 -0.0002 -0.0000 1.0000
0.9955 -1.2259 535.1947 1.1160 1.2555 -409.9610 -0.0000 -0.0008 1.0000
0.7817 -1.0786 555.2292 1.0318 1.3120 -409.8242 -0.0003 -0.0006 1.0000
0.5658 -0.9151 567.5287 0.9228 1.3647 -404.6316 -0.0006 -0.0004 1.0000
0.8439 -1.0660 585.0598 1.1873 1.5052 -501.6800 -0.0003 -0.0004 1.0000
1.3823 -1.1450 565.2447 1.7015 1.9488 -727.2634 0.0003 -0.0004 1.0000
0.8130 -1.0748 592.8115 1.2569 1.5270 -543.4179 -0.0003 -0.0005 1.0000
0.9868 -1.1287 592.8304 1.4523 1.7005 -638.5411 -0.0001 -0.0005 1.0000
0.6225 -1.2820 610.3790 1.0821 1.1306 -435.5597 -0.0003 -0.0010 1.0000
1.1756 -1.3101 599.1903 1.6189 1.7611 -704.5567 0.0002 -0.0007 1.0000
0.9239 -1.2528 601.5369 1.4816 1.5456 -628.3863 0.0000 -0.0008 1.0000
1.3873 -0.9777 564.7112 2.0567 2.4405 -961.7611 0.0003 -0.0001 1.0000
0.7911 -1.3178 592.8146 1.3496 1.3539 -556.7196 0.0000 -0.0011 1.0000
1.1256 -1.2294 570.1306 1.7386 1.8401 -751.5573 0.0003 -0.0008 1.0000
2.7614 -1.2411 515.8747 3.6180 3.9079 -1666.6061 0.0018 0.0000 1.0000
2.8838 -1.0385 490.8564 3.8550 4.3187 -1808.5023 0.0018 0.0003 1.0000
2.8838 -1.0385 490.8564 3.8550 4.3187 -1808.5023 0.0018 0.0003 1.0000
1.1545 -1.2807 592.3979 1.9466 2.0028 -840.4163 0.0005 -0.0009 1.0000
1.0609 -1.0713 570.4363 1.9483 2.1405 -877.6798 0.0004 -0.0007 1.0000
0.8540 -1.0456 593.7094 1.8130 2.0479 -832.3040 0.0002 -0.0007 1.0000
0.8080 -0.5754 582.3886 1.9873 2.7074 -1022.6841 -0.0000 0.0001 1.0000
1.3933 -1.2777 620.3025 2.4063 2.4259 -1066.5234 0.0010 -0.0009 1.0000
2.1294 -0.8742 641.1130 3.5780 3.9981 -1692.3253 0.0017 0.0002 1.0000
2.5304 -1.2542 675.8378 4.0426 4.2292 -1890.4252 0.0024 -0.0003 1.0000
1.5672 -1.2552 691.4037 2.9602 3.0315 -1368.3013 0.0015 -0.0007 1.0000
1.2589 -1.2223 702.5089 2.6940 2.7740 -1256.1968 0.0011 -0.0008 1.0000
0.9308 -1.3036 712.8230 2.2156 2.2304 -1012.9750 0.0008 -0.0010 1.0000
0.4322 -1.3355 703.9551 1.5277 1.4640 -666.8402 0.0003 -0.0014 1.0000
0.7115 -1.3679 719.3187 1.9469 1.8748 -866.6907 0.0007 -0.0013 1.0000
0.4937 -1.3315 704.1545 1.6286 1.5657 -715.0326 0.0004 -0.0014 1.0000
0.9525 -1.2348 755.1928 2.5348 2.6822 -1204.7070 0.0011 -0.0008 1.0000
0.5279 -1.2038 731.0422 1.9070 2.0493 -902.7833 0.0005 -0.0010 1.0000
0.4178 -1.2175 705.5870 1.6467 1.7397 -765.4464 0.0003 -0.0012 1.0000
2.1855 -1.1952 795.7351 4.3380 4.6896 -2122.9199 0.0028 -0.0002 1.0000
0.4475 -1.2029 723.8711 1.8025 1.9776 -871.5532 0.0004 -0.0011 1.0000
0.7103 -1.2123 721.7898 2.1207 2.3409 -1038.6661 0.0008 -0.0010 1.0000
0.7094 -1.2976 718.3106 2.0080 2.1751 -974.7506 0.0009 -0.0012 1.0000
0.4084 -1.1261 699.4235 1.7025 2.0210 -868.8239 0.0004 -0.0010 1.0000
0.3461 -1.1305 687.1731 1.5738 1.8698 -804.9860 0.0003 -0.0011 1.0000
1.0372 -1.1963 702.5515 2.4240 2.8758 -1268.2845 0.0013 -0.0010 1.0000
0.0500 -1.1815 654.3053 0.9901 1.1967 -505.9543 -0.0001 -0.0015 1.0000
0.7774 -1.3555 694.8594 1.8621 2.2574 -991.5949 0.0009 -0.0014 1.0000
1.3469 -1.1911 681.5987 2.5505 3.3581 -1437.5019 0.0017 -0.0011 1.0000
42.3699 1.6123 1686.7737 55.5912 76.8829 -32940.6409 0.0580 0.0190 1.0000
310.9597 -29.8869 7533.0752 348.9244 467.1303 -203535.4824 0.4362 0.0538 1.0000
-9.0697 -2.1636 511.4725 -10.2838 -15.3147 6426.2047 -0.0125 -0.0061 1.0000
2.6864 -0.6889 650.6702 3.8953 6.2131 -2494.3995 0.0033 -0.0001 1.0000
0.9181 -0.7425 648.1239 1.9137 3.2715 -1263.6357 0.0010 -0.0006 1.0000
-2.1680 -1.4904 650.1462 -1.5981 -2.5496 1064.9396 -0.0030 -0.0026 1.0000
2.5065 0.0916 587.3480 3.5258 6.7029 -2531.3096 0.0027 0.0010 1.0000
0.1607 -0.0247 624.8781 1.2055 3.1838 -1062.3947 -0.0004 0.0004 1.0000
0.5738 -0.3967 608.7097 1.2055 2.9701 -1006.5488 0.0002 -0.0003 1.0000
-15.6601 -5.2311 1030.8302 -13.2785 -25.1164 9578.4314 -0.0190 -0.0098 1.0000
-0.6934 -0.8272 676.8503 0.1686 0.8219 -212.3207 -0.0012 -0.0011 1.0000
-1.7582 -1.7607 756.0368 -0.9927 -1.7878 716.6539 -0.0022 -0.0025 1.0000
-0.6502 -0.8130 675.1057 0.2036 0.9185 -238.3036 -0.0011 -0.0011 1.0000
-4.0958 -2.2244 903.3160 -2.8127 -5.1294 1958.5382 -0.0048 -0.0031 1.0000
-0.0841 -0.4986 615.2028 0.5161 1.7374 -480.8743 -0.0006 -0.0008 1.0000
-0.7564 -1.0445 696.7389 -0.1246 0.3442 6.5412 -0.0012 -0.0015 1.0000
-2.4469 -1.9821 888.3987 -1.4292 -2.4813 962.5862 -0.0028 -0.0025 1.0000
2.4516 -0.5612 526.4236 2.0226 4.5572 -1421.7886 0.0023 -0.0009 1.0000
3.1988 -0.1483 414.5177 2.5591 5.8080 -1799.3687 0.0029 -0.0005 1.0000
47.7690 9.4955 -4241.0594 33.5094 60.6240 -21024.0833 0.0469 0.0045 1.0000
12.4303 4.2166 -1396.8570 8.9734 17.0960 -5738.8152 0.0097 0.0019 1.0000
2.4874 -1.0624 431.1476 1.6768 2.9549 -867.8906 0.0020 -0.0018 1.0000
6.2453 -0.4156 79.7287 4.1827 7.7753 -2418.2346 0.0055 -0.0014 1.0000
0.0230 -0.1074 572.1788 0.0404 2.4341 -372.2256 -0.0007 -0.0004 1.0000
3.8199 -0.0420 109.8732 1.6830 5.9065 -1386.4667 0.0026 -0.0009 1.0000
28.0443 -1.7366 -2403.0355 16.0032 26.2719 -8531.0284 0.0244 -0.0054 1.0000
0.5341 -0.6027 499.9561 0.2047 2.1026 -307.7774 -0.0003 -0.0011 1.0000
1.2231 -0.2970 342.3348 0.5262 3.0194 -548.4989 0.0001 -0.0009 1.0000
16.8762 2.3930 -2194.4502 9.4527 20.4343 -5908.7389 0.0123 -0.0003 1.0000
-10.3099 -2.0237 2168.5156 -6.2208 -10.1102 3569.4902 -0.0089 -0.0011 1.0000
4.7722 0.3591 -424.8391 1.9864 7.0776 -1736.3870 0.0023 -0.0007 1.0000
9.0745 -0.1029 -1061.8040 4.6205 10.7453 -3150.3913 0.0057 -0.0018 1.0000
2.5323 -0.7353 19.8299 0.9039 3.4151 -784.5828 0.0007 -0.0015 1.0000
5.5821 -0.7619 -461.5646 2.3725 7.0843 -1920.3750 0.0028 -0.0015 1.0000
3.5992 -0.6645 -203.7949 1.3650 5.2014 -1341.9213 0.0011 -0.0013 1.0000
3.7897 -1.0514 -192.0622 1.4621 4.6544 -1272.1121 0.0013 -0.0017 1.0000
4.5808 -0.6752 -404.6300 1.8679 6.7598 -1918.6537 0.0012 -0.0010 1.0000
10.3447 -1.5808 -1284.7988 4.7357 11.9239 -3859.8479 0.0047 -0.0020 1.0000
32.4167 -1.3241 -5275.1202 14.8354 38.0810 -12431.6369 0.0157 -0.0010 1.0000
-144.1811 5.9361 25402.9179 -64.1475 -157.7529 52488.7906 -0.0747 0.0010 1.0000
-22.9153 0.1938 4527.3934 -10.7729 -23.8329 8285.6610 -0.0126 -0.0006 1.0000
245.6334 -15.9046 -43447.3101 108.3035 289.6906 -94868.3160 0.1062 0.0016 1.0000
-17.2130 -0.6130 3727.5342 -7.4420 -20.7982 6860.9314 -0.0078 -0.0027 1.0000
10.3533 -1.9434 -1478.9822 3.4970 13.3111 -3922.5290 0.0023 -0.0009 1.0000
85.2739 3.5373 -18729.2756 24.2759 122.3048 -34697.4314 0.0148 0.0196 1.0000
1.0000 0.0000 0.0000 0.0000 1.0000 0.0000 0.0000 0.0000 1.0000
1.0000 0.0000 0.0000 0.0000 1.0000 0.0000 0.0000 0.0000 1.0000
1.0000 0.0000 0.0000 0.0000 1.0000 0.0000 0.0000 0.0000 1.0000
1.0000 0.0000 0.0000 0.0000 1.0000 0.0000 0.0000 0.0000 1.0000
1.0000 0.0000 0.0000 0.0000 1.0000 0.0000 0.0000 0.0000 1.0000
1.0000 0.0000 0.0000 0.0000 1.0000 0.0000 0.0000 0.0000 1.0000
1.0000 0.0000 0.0000 0.0000 1.0000 0.0000 0.0000 0.0000 1.0000
1.0000 0.0000 0.0000 0.0000 1.0000 0.0000 0.0000 0.0000 1.0000
1.0000 0.0000 0.0000 0.0000 1.0000 0.0000 0.0000 0.0000 1.0000
1.0000 0.0000 0.0000 0.0000 1.0000 0.0000 0.0000 0.0000 1.0000
-11.4682 1.0541 2881.5822 -4.5244 -11.4522 4313.2754 -0.0040 -0.0016 1.0000
-21.8947 3.1070 5128.5134 -8.9302 -20.8819 8183.7944 -0.0068 -0.0010 1.0000
198.4674 -37.0304 -43297.9373 83.2401 191.8279 -76871.1732 0.0442 -0.0050 1.0000
1.0000 0.0000 0.0000 0.0000 1.0000 0.0000 0.0000 0.0000 1.0000
1.0000 0.0000 0.0000 0.0000 1.0000 0.0000 0.0000 0.0000 1.0000
1.0000 0.0000 0.0000 0.0000 1.0000 0.0000 0.0000 0.0000 1.0000
1.0000 0.0000 0.0000 0.0000 1.0000 0.0000 0.0000 0.0000 1.0000
1.0000 0.0000 0.0000 0.0000 1.0000 0.0000 0.0000 0.0000 1.0000
1.0000 0.0000 0.0000 0.0000 1.0000 0.0000 0.0000 0.0000 1.0000
1.0000 0.0000 0.0000 0.0000 1.0000 0.0000 0.0000 0.0000 1.0000
12.0258 -3.6974 -1852.1045 6.7150 13.6164 -5672.1407 0.0013 0.0002 1.0000
16.7980 -5.0739 -2639.6921 9.0398 18.6183 -7578.9989 0.0026 0.0011 1.0000
14.8022 -4.3341 -2366.6100 8.2451 16.4996 -6668.9925 0.0024 0.0009 1.0000
10.0693 -3.1543 -1562.9262 5.7502 11.2569 -4510.6426 0.0014 -0.0000 1.0000
10.0651 -2.6152 -1734.5740 5.6106 11.8583 -4586.3254 0.0004 0.0013 1.0000
6.6666 -2.0772 -1048.3611 3.7003 7.7859 -2969.1195 -0.0001 0.0004 1.0000
5.2154 -1.9264 -739.7165 2.9457 5.9459 -2267.2208 -0.0000 -0.0004 1.0000
4.6001 -1.6517 -667.2527 2.3921 5.3690 -1952.0037 -0.0006 -0.0000 1.0000
4.3817 -1.5687 -636.6498 2.3010 5.0089 -1820.7438 -0.0005 -0.0001 1.0000
4.0909 -1.6549 -532.7187 2.3478 4.6419 -1733.3920 -0.0003 -0.0002 1.0000
3.6890 -1.3803 -507.8809 2.0358 4.4001 -1589.2143 -0.0008 0.0001 1.0000
3.0230 -1.1307 -401.7458 1.6957 3.6587 -1313.2355 -0.0010 -0.0000 1.0000
3.9904 -1.5483 -502.3354 2.4237 4.5589 -1724.7988 -0.0001 -0.0001 1.0000
3.1149 -1.2820 -342.8544 1.8918 3.7917 -1395.7853 -0.0007 0.0000 1.0000
3.2096 -1.1723 -332.5755 2.2714 4.6627 -1711.7495 -0.0010 0.0010 1.0000
2.5543 -0.9965 -206.3494 1.8447 3.6685 -1351.4936 -0.0009 0.0005 1.0000
2.1267 -0.8679 -112.7249 1.5763 3.4971 -1246.5812 -0.0015 0.0009 1.0000
3.4522 -1.2873 -231.3420 2.6355 5.0999 -1922.3935 -0.0006 0.0014 1.0000
2.8886 -1.1999 -111.0628 2.3349 4.2933 -1648.5314 -0.0006 0.0010 1.0000
2.2270 -0.8338 -45.7520 1.6321 3.5942 -1277.4471 -0.0014 0.0013 1.0000
1.2402 -0.9953 162.6994 0.9517 1.8719 -674.9428 -0.0009 -0.0005 1.0000
1.7084 -0.8148 101.6297 1.4497 2.8140 -1026.2643 -0.0008 0.0005 1.0000
1.7880 -0.4464 75.7536 1.6730 3.5750 -1263.1285 -0.0013 0.0016 1.0000
1.4149 -0.7382 172.2181 1.3195 2.4199 -888.1833 -0.0007 0.0002 1.0000
1.4700 -0.4046 157.9168 1.4838 2.9531 -1042.1528 -0.0010 0.0011 1.0000
0.6472 -0.3673 261.5279 0.9226 2.0716 -686.3631 -0.0014 0.0005 1.0000
1.0298 -0.4017 240.3829 1.1732 2.3455 -789.2871 -0.0009 0.0005 1.0000
1.4051 0.0667 175.7403 1.5845 3.4520 -1121.0454 -0.0011 0.0018 1.0000
1.4652 0.4014 143.9221 1.6795 3.8639 -1209.6224 -0.0012 0.0024 1.0000
1.4037 -0.5559 279.5503 1.2906 2.2212 -707.4827 -0.0001 0.0002 1.0000
0.4206 -0.3727 376.9330 0.5838 1.4308 -346.1805 -0.0010 0.0000 1.0000
5.8616 1.7918 -368.8066 4.4931 8.0252 -2472.9661 0.0027 0.0055 1.0000
2.5186 1.3334 17.2584 2.0915 4.7383 -1264.6411 0.0000 0.0035 1.0000
0.1039 -0.1475 390.7254 0.2470 1.1555 -168.2126 -0.0012 0.0000 1.0000
-0.1665 -0.4367 461.4881 0.0323 0.6275 -12.3897 -0.0012 -0.0005 1.0000
-0.0491 0.9677 332.1104 0.2021 2.2857 -350.6492 -0.0019 0.0019 1.0000
-0.2253 -0.2183 461.1048 -0.0102 0.7825 -21.1845 -0.0014 -0.0002 1.0000
1.1408 0.3315 289.9780 0.9058 1.9766 -404.1389 -0.0002 0.0007 1.0000
-0.0753 0.4387 417.1536 0.1324 1.4204 -139.4083 -0.0013 0.0007 1.0000
-0.0082 -0.1074 470.2341 0.1481 0.8606 -37.9599 -0.0010 -0.0002 1.0000
-0.1152 0.0194 475.4448 0.0881 0.8854 -27.1382 -0.0011 -0.0000 1.0000
0.2198 0.2484 436.6205 0.2857 1.2040 -112.6778 -0.0008 0.0003 1.0000
-0.0565 0.0127 485.8136 0.1120 0.8317 -16.6187 -0.0010 -0.0001 1.0000
-0.0796 -0.2194 512.7009 0.0858 0.5971 25.6388 -0.0009 -0.0004 1.0000
0.2450 0.4924 436.4988 0.2855 1.3241 -137.2082 -0.0008 0.0006 1.0000
-0.4375 -0.0632 538.1158 -0.1197 0.5869 55.7109 -0.0013 -0.0002 1.0000
-0.3928 -0.3451 565.5206 -0.0915 0.3978 76.5538 -0.0012 -0.0006 1.0000
-0.3585 0.8316 462.3372 0.0213 1.3048 -112.2541 -0.0015 0.0010 1.0000
-0.3998 -0.1513 548.5733 -0.0550 0.5240 34.2111 -0.0012 -0.0004 1.0000
-0.3491 0.0290 523.0364 -0.0588 0.6028 26.0093 -0.0012 -0.0001 1.0000
-0.2199 -0.1616 526.7041 0.0199 0.5048 21.9543 -0.0010 -0.0004 1.0000
-0.2862 -0.6772 576.7427 -0.0544 0.1155 104.3733 -0.0009 -0.0011 1.0000
-0.3924 -0.6916 582.0914 -0.1039 0.0768 116.5565 -0.0010 -0.0011 1.0000
-0.4130 -0.1169 526.8790 -0.0994 0.4306 54.4872 -0.0012 -0.0004 1.0000
-0.3689 -0.5262 559.0449 -0.1130 0.1549 107.8704 -0.0010 -0.0009 1.0000
0.1445 0.7782 390.2956 0.1018 1.0430 -67.6120 -0.0009 0.0007 1.0000
-0.3768 -0.5468 558.3921 -0.1312 0.0993 126.7639 -0.0010 -0.0010 1.0000
-0.5937 -0.4118 565.1945 -0.2295 0.1135 146.6281 -0.0013 -0.0008 1.0000
-0.1739 0.4349 433.3141 -0.0828 0.6804 42.3885 -0.0011 0.0002 1.0000
-0.1705 -0.4271 514.6446 -0.1054 0.1195 144.6612 -0.0008 -0.0010 1.0000
-0.3411 -0.2534 509.5795 -0.1769 0.1692 155.2560 -0.0010 -0.0007 1.0000
-0.4516 -0.3476 520.3043 -0.2613 0.0635 194.2682 -0.0012 -0.0008 1.0000
1.5201 1.2794 140.6674 0.5819 1.3076 -72.4374 0.0006 0.0007 1.0000
0.0404 1.2274 290.0361 -0.1418 1.0610 79.3386 -0.0011 0.0010 1.0000
4.5434 8.7457 -1008.6497 1.7812 6.5110 -829.3404 0.0020 0.0093 1.0000
-0.4518 -0.3754 499.7456 -0.3591 -0.0641 273.9486 -0.0012 -0.0009 1.0000
-0.1388 0.2167 384.2139 -0.2743 0.3060 240.3943 -0.0010 -0.0003 1.0000
-0.3109 -0.0562 423.2606 -0.3743 0.1044 283.2125 -0.0011 -0.0006 1.0000
0.0418 -0.0443 368.4538 -0.2055 0.0907 285.0616 -0.0007 -0.0007 1.0000
-0.2770 -0.3512 429.0537 -0.3784 -0.2017 347.7051 -0.0010 -0.0010 1.0000
-0.1955 0.0841 355.8849 -0.4119 0.1184 335.0855 -0.0011 -0.0005 1.0000
0.7778 2.0273 -29.8454 -0.0480 1.6089 188.0456 -0.0005 0.0018 1.0000
-0.4520 -0.2631 404.5128 -0.5774 -0.2587 413.9120 -0.0013 -0.0009 1.0000
-0.4283 -0.2948 393.5082 -0.5958 -0.3224 436.4925 -0.0013 -0.0010 1.0000
4.7536 9.0458 -1617.4440 1.8665 7.5437 -381.3872 0.0020 0.0102 1.0000
0.4998 2.4048 -137.7787 -0.4543 2.1417 251.2809 -0.0013 0.0026 1.0000
-0.3673 -0.5325 375.6575 -0.5936 -0.6574 491.9311 -0.0012 -0.0015 1.0000
-0.3661 -0.2696 322.2784 -0.6656 -0.4558 490.8321 -0.0013 -0.0011 1.0000
0.4322 0.8290 21.1237 -0.1330 0.5940 362.2009 -0.0006 0.0002 1.0000
-0.2630 -0.3512 284.2977 -0.5898 -0.6420 504.1996 -0.0012 -0.0014 1.0000
-0.0355 -0.2826 214.9522 -0.3822 -0.6683 489.5984 -0.0008 -0.0015 1.0000
0.1871 0.4587 20.2186 -0.3675 0.1551 407.2844 -0.0010 -0.0003 1.0000
1.0000 0.0000 0.0000 0.0000 1.0000 0.0000 0.0000 0.0000 1.0000
1.0000 0.0000 0.0000 0.0000 1.0000 0.0000 0.0000 0.0000 1.0000
1.0000 0.0000 0.0000 0.0000 1.0000 0.0000 0.0000 0.0000 1.0000
1.0000 0.0000 0.0000 0.0000 1.0000 0.0000 0.0000 0.0000 1.0000
1.0000 0.0000 0.0000 0.0000 1.0000 0.0000 0.0000 0.0000 1.0000
1.0000 0.0000 0.0000 0.0000 1.0000 0.0000 0.0000 0.0000 1.0000
1.0000 0.0000 0.0000 0.0000 1.0000 0.0000 0.0000 0.0000 1.0000
1.0000 0.0000 0.0000 0.0000 1.0000 0.0000 0.0000 0.0000 1.0000
1.0000 0.0000 0.0000 0.0000 1.0000 0.0000 0.0000 0.0000 1.0000
1.0000 0.0000 0.0000 0.0000 1.0000 0.0000 0.0000 0.0000 1.0000
1.0000 0.0000 0.0000 0.0000 1.0000 0.0000 0.0000 0.0000 1.0000
1.0000 0.0000 0.0000 0.0000 1.0000 0.0000 0.0000 0.0000 1.0000
1.0000 0.0000 0.0000 0.0000 1.0000 0.0000 0.0000 0.0000 1.0000
1.0000 0.0000 0.0000 0.0000 1.0000 0.0000 0.0000 0.0000 1.0000
1.0000 0.0000 0.0000 0.0000 1.0000 0.0000 0.0000 0.0000 1.0000
1.0000 0.0000 0.0000 0.0000 1.0000 0.0000 0.0000 0.0000 1.0000
1.0000 0.0000 0.0000 0.0000 1.0000 0.0000 0.0000 0.0000 1.0000
1.0000 0.0000 0.0000 0.0000 1.0000 0.0000 0.0000 0.0000 1.0000
1.0000 0.0000 0.0000 0.0000 1.0000 0.0000 0.0000 0.0000 1.0000
1.0000 0.0000 0.0000 0.0000 1.0000 0.0000 0.0000 0.0000 1.0000
1.0000 0.0000 0.0000 0.0000 1.0000 0.0000 0.0000 0.0000 1.0000
1.0000 0.0000 0.0000 0.0000 1.0000 0.0000 0.0000 0.0000 1.0000
1.0000 0.0000 0.0000 0.0000 1.0000 0.0000 0.0000 0.0000 1.0000
1.0000 0.0000 0.0000 0.0000 1.0000 0.0000 0.0000 0.0000 1.0000
1.0000 0.0000 0.0000 0.0000 1.0000 0.0000 0.0000 0.0000 1.0000
1.0000 0.0000 0.0000 0.0000 1.0000 0.0000 0.0000 0.0000 1.0000
1.0000 0.0000 0.0000 0.0000 1.0000 0.0000 0.0000 0.0000 1.0000
1.0000 0.0000 0.0000 0.0000 1.0000 0.0000 0.0000 0.0000 1.0000
1.0000 0.0000 0.0000 0.0000 1.0000 0.0000 0.0000 0.0000 1.0000
1.0000 0.0000 0.0000 0.0000 1.0000 0.0000 0.0000 0.0000 1.0000
1.0000 0.0000 0.0000 0.0000 1.0000 0.0000 0.0000 0.0000 1.0000
1.0000 0.0000 0.0000 0.0000 1.0000 0.0000 0.0000 0.0000 1.0000
1.0000 0.0000 0.0000 0.0000 1.0000 0.0000 0.0000 0.0000 1.0000
1.0000 0.0000 0.0000 0.0000 1.0000 0.0000 0.0000 0.0000 1.0000
1.0000 0.0000 0.0000 0.0000 1.0000 0.0000 0.0000 0.0000 1.0000
1.0000 0.0000 0.0000 0.0000 1.0000 0.0000 0.0000 0.0000 1.0000
1.0000 0.0000 0.0000 0.0000 1.0000 0.0000 0.0000 0.0000 1.0000
1.0000 0.0000 0.0000 0.0000 1.0000 0.0000 0.0000 0.0000 1.0000
-0.0051 1.3999 463.1684 0.7203 3.2654 -730.6231 -0.0021 0.0032 1.0000
-0.2650 0.5761 547.7926 0.3464 2.1429 -366.2644 -0.0019 0.0017 1.0000
-0.4611 -0.7531 684.3003 -0.0159 0.5346 58.1936 -0.0014 -0.0005 1.0000
-0.0570 -0.7815 683.3812 0.2828 0.7938 -14.2069 -0.0010 -0.0003 1.0000
-0.0479 -0.9382 729.8639 0.3841 0.7587 -12.9520 -0.0009 -0.0004 1.0000
-0.4015 -0.9164 755.9435 0.0887 0.5919 81.9478 -0.0013 -0.0004 1.0000
-0.4436 -0.8357 778.0425 0.1366 0.8173 37.8546 -0.0013 -0.0002 1.0000
-0.3211 -0.9755 830.8522 0.3776 0.9380 -26.4184 -0.0012 -0.0001 1.0000
0.1782 -1.1748 893.7382 1.0067 1.3104 -201.0403 -0.0007 0.0000 1.0000
-0.7282 -0.5971 889.7074 0.1916 1.3555 -57.1819 -0.0017 0.0005 1.0000
-0.5617 -0.9447 922.0216 0.3695 1.0723 -47.9931 -0.0014 0.0001 1.0000
-0.7565 -0.9901 903.7458 0.0421 0.5875 111.8498 -0.0015 -0.0002 1.0000
-0.6235 -1.0749 931.8863 0.2649 0.6330 52.8342 -0.0014 -0.0001 1.0000
-0.5554 -0.8447 961.0545 0.4561 1.0275 -52.9031 -0.0015 0.0004 1.0000
-0.3473 -1.2391 996.6484 0.6615 0.7415 -63.7602 -0.0011 -0.0000 1.0000
-0.5111 -1.3104 986.5183 0.4562 0.4527 9.4885 -0.0012 -0.0003 1.0000
-0.5439 -1.0192 1025.2003 0.6318 0.9045 -126.1984 -0.0014 0.0003 1.0000
-0.6203 -1.1108 1047.7388 0.6093 0.7970 -119.4457 -0.0013 0.0001 1.0000
-0.6085 -1.1818 1057.8824 0.6344 0.7590 -133.5700 -0.0013 0.0000 1.0000
-0.6863 -1.1135 1084.7729 0.6943 0.8975 -190.2395 -0.0014 0.0002 1.0000
-1.1025 -0.3822 1192.1609 0.9259 1.8107 -438.8609 -0.0020 0.0016 1.0000
-0.2276 -1.0005 1233.0943 1.5782 1.8034 -586.5691 -0.0011 0.0011 1.0000
-0.4639 -1.1651 1180.0812 1.1111 1.2569 -378.3225 -0.0012 0.0005 1.0000
-0.6160 -1.3905 1148.3299 0.7918 0.8527 -237.6883 -0.0012 -0.0002 1.0000
-0.5757 -1.1492 1162.6522 0.9666 1.0984 -324.7931 -0.0012 0.0002 1.0000
-0.3910 -1.5606 1200.7591 0.9809 0.8764 -278.2808 -0.0010 -0.0002 1.0000
1.0000 0.0000 0.0000 0.0000 1.0000 0.0000 0.0000 0.0000 1.0000
1.0000 0.0000 0.0000 0.0000 1.0000 0.0000 0.0000 0.0000 1.0000
1.0000 0.0000 0.0000 0.0000 1.0000 0.0000 0.0000 0.0000 1.0000
1.0000 0.0000 0.0000 0.0000 1.0000 0.0000 0.0000 0.0000 1.0000
1.0000 0.0000 0.0000 0.0000 1.0000 0.0000 0.0000 0.0000 1.0000
1.0000 0.0000 0.0000 0.0000 1.0000 0.0000 0.0000 0.0000 1.0000
1.0000 0.0000 0.0000 0.0000 1.0000 0.0000 0.0000 0.0000 1.0000
1.0000 0.0000 0.0000 0.0000 1.0000 0.0000 0.0000 0.0000 1.0000
1.0000 0.0000 0.0000 0.0000 1.0000 0.0000 0.0000 0.0000 1.0000
1.0000 0.0000 0.0000 0.0000 1.0000 0.0000 0.0000 0.0000 1.0000
-0.4172 -1.5648 1142.6628 0.7764 0.7623 -190.2439 -0.0011 -0.0003 1.0000
-0.1986 0.0530 1319.8058 2.1799 3.2654 -1011.8946 -0.0015 0.0027 1.0000
-0.2362 -1.4250 1147.5702 1.0698 1.0848 -338.4280 -0.0010 -0.0000 1.0000
0.0246 -0.3746 1233.7719 1.9237 2.5780 -835.7756 -0.0013 0.0022 1.0000
-0.0935 -1.1307 1100.3794 1.2442 1.3766 -463.7232 -0.0010 0.0005 1.0000
-0.1266 -1.0270 1112.5466 1.3604 1.5824 -558.2841 -0.0012 0.0008 1.0000
0.2231 -1.6888 1066.2927 1.2767 1.0075 -431.3552 -0.0007 -0.0003 1.0000
0.0760 -1.5554 1058.0678 1.3179 1.1557 -503.1007 -0.0008 -0.0001 1.0000
0.0776 -1.6592 1076.1532 1.4354 1.2127 -567.7354 -0.0008 -0.0001 1.0000
-0.2706 -1.3549 1072.4964 1.4310 1.4338 -645.8851 -0.0013 0.0003 1.0000
-0.0845 -1.8190 1066.9601 1.4195 1.1286 -588.3211 -0.0009 -0.0004 1.0000
0.6140 -2.1348 1179.0825 2.3939 1.8533 -1019.2251 -0.0004 0.0002 1.0000
1.1337 -2.5835 1219.4837 2.8952 2.0891 -1211.0369 -0.0001 0.0002 1.0000
0.3341 -2.1107 1132.8494 2.1623 1.6855 -930.4011 -0.0008 0.0001 1.0000
0.3464 -2.1631 1071.4429 1.9996 1.4286 -828.1224 -0.0007 -0.0002 1.0000
0.3225 -2.2810 1106.0257 2.0471 1.4046 -834.2250 -0.0007 -0.0002 1.0000
0.0788 -2.1374 1105.7853 1.9581 1.4416 -824.8585 -0.0010 -0.0000 1.0000
-0.0325 -2.1241 1066.3161 1.7121 1.2369 -712.5495 -0.0011 -0.0003 1.0000
0.0147 -2.1407 1071.2542 1.8746 1.4054 -800.9952 -0.0012 -0.0001 1.0000
0.7562 -2.9369 1155.5735 2.5330 1.5583 -1008.8021 -0.0004 -0.0006 1.0000
0.4657 -2.7422 1201.7731 2.6354 1.9342 -1135.9526 -0.0009 -0.0001 1.0000
0.4663 -2.6865 1127.4026 2.3958 1.6938 -1013.2185 -0.0008 -0.0003 1.0000
0.5377 -2.8113 1147.5074 2.5387 1.8037 -1083.0025 -0.0008 -0.0003 1.0000
0.4427 -2.8404 1150.4792 2.3891 1.7604 -1035.5887 -0.0009 -0.0004 1.0000
0.7670 -3.0509 1141.6363 2.7569 2.0289 -1200.0119 -0.0008 -0.0004 1.0000
0.3463 -2.5651 1011.2129 1.9080 1.3808 -793.2505 -0.0011 -0.0007 1.0000
0.6499 -2.7193 1052.6602 2.5093 2.1539 -1133.0083 -0.0012 -0.0001 1.0000
1.5785 -3.5054 1065.5427 3.2965 2.5722 -1431.3114 -0.0005 -0.0004 1.0000
1.4446 -3.3135 1008.1693 3.0710 2.5821 -1367.4353 -0.0007 -0.0004 1.0000
1.7177 -3.3280 966.1388 3.4604 3.2573 -1628.0024 -0.0008 0.0000 1.0000
1.1636 -3.0108 879.6283 2.5761 2.2769 -1166.6029 -0.0008 -0.0007 1.0000
1.3669 -2.9647 829.3566 2.7208 2.8901 -1340.8416 -0.0010 -0.0002 1.0000
1.7338 -3.0956 757.5052 3.0136 3.2377 -1494.1781 -0.0010 -0.0001 1.0000
2.2857 -3.3831 678.7115 3.5043 3.5916 -1702.4242 -0.0006 -0.0003 1.0000
3.3343 -4.2934 695.7208 4.9213 5.4468 -2533.8352 -0.0004 0.0003 1.0000
2.7769 -3.6484 539.6996 3.8748 4.0411 -1934.7657 -0.0003 -0.0005 1.0000
2.6318 -3.3795 455.8906 3.3905 3.8551 -1771.2695 -0.0007 -0.0003 1.0000
3.7244 -4.1232 381.1907 4.4611 5.0390 -2362.7543 -0.0003 -0.0001 1.0000
3.7537 -3.9466 288.8728 4.4595 5.4284 -2497.3421 -0.0006 0.0001 1.0000
3.3383 -3.6177 254.8817 3.7999 4.1364 -2016.1116 -0.0002 -0.0008 1.0000
5.1434 -4.8583 135.0926 5.7917 6.6798 -3227.4022 0.0001 -0.0000 1.0000
6.0118 -5.2616 -10.3649 6.5321 8.1367 -3840.0208 -0.0004 0.0009 1.0000
4.9018 -4.5001 26.9820 5.3912 6.2323 -3062.7254 -0.0001 -0.0003 1.0000
4.5579 -4.1701 -3.8119 4.8497 5.9368 -2863.1905 -0.0005 -0.0001 1.0000
1.0000 0.0000 0.0000 0.0000 1.0000 0.0000 0.0000 0.0000 1.0000
1.0000 0.0000 0.0000 0.0000 1.0000 0.0000 0.0000 0.0000 1.0000
1.0000 0.0000 0.0000 0.0000 1.0000 0.0000 0.0000 0.0000 1.0000
1.0000 0.0000 0.0000 0.0000 1.0000 0.0000 0.0000 0.0000 1.0000
1.0000 0.0000 0.0000 0.0000 1.0000 0.0000 0.0000 0.0000 1.0000
1.0000 0.0000 0.0000 0.0000 1.0000 0.0000 0.0000 0.0000 1.0000
1.0000 0.0000 0.0000 0.0000 1.0000 0.0000 0.0000 0.0000 1.0000
1.0000 0.0000 0.0000 0.0000 1.0000 0.0000 0.0000 0.0000 1.0000
8.7697 -5.9528 -640.4879 8.3085 11.0026 -5215.5804 -0.0001 0.0008 1.0000
6.4270 -4.6865 -361.5254 6.0094 8.2328 -3840.3816 -0.0007 0.0003 1.0000
7.4209 -5.1287 -484.0676 6.9049 9.7576 -4499.8551 -0.0009 0.0010 1.0000
5.9738 -4.3454 -316.8914 5.5322 7.6632 -3569.8494 -0.0008 0.0002 1.0000
9.1216 -6.1421 -618.3965 8.5320 11.7445 -5508.2330 -0.0004 0.0010 1.0000
9.2844 -6.1888 -643.0085 8.5947 11.4824 -5477.2351 -0.0000 0.0005 1.0000
6.7533 -4.7825 -378.9877 6.3498 8.9673 -4191.6468 -0.0010 0.0005 1.0000
11.1761 -7.3725 -804.9021 10.4134 14.5148 -6857.6878 -0.0004 0.0015 1.0000
8.5849 -5.9790 -530.1398 8.0798 11.1730 -5315.0582 -0.0007 0.0008 1.0000
8.5189 -5.8350 -558.8833 8.0210 11.1312 -5304.0052 -0.0009 0.0009 1.0000
10.5624 -6.8832 -813.3109 9.8769 13.3277 -6464.5159 -0.0002 0.0006 1.0000
9.9074 -6.6293 -717.3080 9.3568 12.7916 -6192.2911 -0.0005 0.0007 1.0000
8.9902 -6.0926 -638.1033 8.4995 11.7431 -5676.8130 -0.0008 0.0006 1.0000
1.0000 0.0000 0.0000 0.0000 1.0000 0.0000 0.0000 0.0000 1.0000
1.0000 0.0000 0.0000 0.0000 1.0000 0.0000 0.0000 0.0000 1.0000
12.7798 -8.0501 -1100.4012 11.8443 16.4397 -7932.6469 -0.0005 0.0013 1.0000
12.9207 -8.2090 -1084.8695 12.1073 17.0213 -8159.8053 -0.0008 0.0017 1.0000
9.3587 -6.1851 -700.1898 8.7983 12.3891 -5919.1885 -0.0012 0.0009 1.0000
14.3868 -8.8024 -1255.1172 13.3370 18.6091 -8908.7123 -0.0005 0.0019 1.0000
10.8721 -6.7563 -890.0406 9.9730 14.2133 -6731.9930 -0.0009 0.0011 1.0000
15.4395 -9.4099 -1275.0983 14.2764 20.2190 -9598.2355 -0.0005 0.0024 1.0000
14.2049 -8.9956 -1027.8618 13.4175 18.6954 -8936.0349 -0.0004 0.0018 1.0000
13.2811 -8.2653 -959.0485 12.3720 17.3961 -8276.4568 -0.0007 0.0019 1.0000
12.7533 -7.9705 -854.5302 12.0388 16.8704 -8038.0607 -0.0006 0.0018 1.0000
12.4089 -7.8383 -762.4617 11.6694 16.0762 -7712.6200 -0.0003 0.0016 1.0000
16.3560 -10.0056 -991.3384 15.7637 22.1415 -10539.5160 -0.0004 0.0035 1.0000
10.7149 -6.8852 -498.4019 10.3992 14.3946 -6897.1045 -0.0006 0.0016 1.0000
12.7020 -7.6473 -668.3830 12.4817 17.4188 -8306.0129 -0.0008 0.0029 1.0000
9.3712 -6.2794 -255.1010 9.3048 12.6878 -6094.5984 -0.0006 0.0015 1.0000
9.1873 -6.2987 -148.4361 9.4153 12.6570 -6100.1162 -0.0005 0.0016 1.0000
8.3298 -5.9223 -22.3531 8.4553 11.2484 -5423.3888 -0.0004 0.0012 1.0000
7.2030 -5.1326 79.2492 7.5278 10.2689 -4880.4761 -0.0010 0.0017 1.0000
7.6133 -5.3858 137.7245 8.1894 10.7002 -5182.2402 -0.0005 0.0018 1.0000
7.0733 -4.7637 171.9534 7.9218 10.5438 -5065.2516 -0.0011 0.0027 1.0000
5.2417 -4.3223 386.5316 5.7731 7.1236 -3542.3832 -0.0002 0.0006 1.0000
3.6520 -3.3888 481.9816 4.5309 5.6492 -2796.5099 -0.0009 0.0006 1.0000
5.3595 -4.0583 439.1931 6.3486 7.6871 -3860.9616 -0.0003 0.0015 1.0000
3.6576 -3.2548 522.9429 4.5650 5.4055 -2743.6889 -0.0005 0.0006 1.0000
6.0178 -4.2446 500.7446 6.7214 7.5572 -3920.6138 0.0007 0.0015 1.0000
2.5123 -2.7264 602.6421 3.2829 3.6485 -1901.8295 -0.0003 -0.0002 1.0000
3.4062 -2.8635 696.2965 4.6855 5.2354 -2710.3622 -0.0004 0.0015 1.0000
2.9265 -2.3075 729.6752 4.4512 4.9524 -2552.8074 -0.0008 0.0022 1.0000
4.6014 -2.5970 810.5455 6.3926 6.9798 -3620.4942 -0.0001 0.0040 1.0000
1.1155 -1.7654 776.9595 2.3652 2.5790 -1325.6211 -0.0009 0.0006 1.0000
3.9370 -1.7736 937.2408 6.0955 6.6089 -3393.1054 -0.0005 0.0051 1.0000
-16.6911 1.4502 -282.6238 -18.5986 -18.8822 9980.5333 -0.0073 -0.0203 1.0000
1.0123 -1.6134 890.8136 2.4700 2.4404 -1288.4477 -0.0008 0.0010 1.0000
0.7122 -1.4449 898.6393 2.2455 2.1585 -1138.5792 -0.0009 0.0010 1.0000
5.3061 -2.6338 1630.7363 8.4273 7.7902 -4186.4648 0.0017 0.0075 1.0000
0.9183 -1.0447 1038.5908 3.0779 3.0162 -1533.4742 -0.0012 0.0031 1.0000
0.0572 -1.1156 854.5430 1.5882 1.4727 -748.7970 -0.0012 0.0008 1.0000
-0.0501 -1.2844 792.9314 1.1094 0.9219 -476.4607 -0.0010 -0.0001 1.0000
-0.0387 -1.2828 781.9318 1.0930 0.9196 -460.6212 -0.0010 -0.0001 1.0000
0.2088 -1.1996 818.1616 1.3349 1.0520 -504.4806 -0.0009 0.0005 1.0000
0.0065 -0.8665 942.3780 1.6597 1.6037 -667.3483 -0.0012 0.0017 1.0000
-0.1971 -1.1133 907.2610 1.1595 0.9923 -385.6221 -0.0010 0.0006 1.0000
-0.3915 -0.9598 829.4064 0.7576 0.6007 -175.8048 -0.0012 0.0002 1.0000
-0.4500 -1.1527 886.0640 0.7425 0.5108 -132.5067 -0.0011 -0.0000 1.0000
-0.7264 -0.8949 1061.4639 0.9769 1.0821 -247.5304 -0.0014 0.0011 1.0000
-0.9248 -1.0583 868.9327 0.0966 0.0701 130.2353 -0.0014 -0.0005 1.0000
-0.6135 -1.1746 1011.6096 0.7090 0.3710 -7.2534 -0.0009 0.0000 1.0000
-0.2203 -1.3760 1009.1548 0.8565 0.1249 49.4318 -0.0004 -0.0003 1.0000
-0.3705 -1.3080 1054.6758 0.8597 0.1438 41.7309 -0.0005 -0.0002 1.0000
-0.4862 -1.3560 1004.2580 0.5736 -0.0123 94.4224 -0.0007 -0.0006 1.0000
-1.1068 -0.8983 936.0046 0.0387 0.0507 152.2482 -0.0015 -0.0003 1.0000
-1.3720 -0.9519 868.9492 -0.3052 -0.1821 227.2096 -0.0018 -0.0008 1.0000
-0.7734 -0.9362 1093.4576 0.6582 0.3500 -57.3954 -0.0010 0.0002 1.0000
-0.6369 -1.0192 1006.9475 0.4959 0.1407 0.2740 -0.0009 -0.0003 1.0000
-0.9748 -0.7006 1054.7958 0.4956 0.3850 -69.9283 -0.0012 0.0003 1.0000
-1.1558 -0.8277 974.4879 0.2009 0.1663 14.2751 -0.0015 -0.0002 1.0000
-1.2347 -0.3846 1084.4301 0.5044 0.5244 -123.9748 -0.0015 0.0008 1.0000
-0.6833 -0.7018 1097.6191 0.7787 0.5606 -199.7829 -0.0008 0.0005 1.0000
-0.7659 -1.0596 970.1422 0.3939 0.1968 -55.2439 -0.0009 -0.0005 1.0000
-0.7691 -0.9711 946.2562 0.3944 0.2185 -62.9486 -0.0010 -0.0004 1.0000
-1.2808 -0.5607 873.9451 0.0840 0.1840 10.8756 -0.0017 -0.0001 1.0000
-0.8768 -0.1279 947.5111 0.5488 0.5737 -150.0639 -0.0013 0.0010 1.0000
-0.9774 -0.4853 860.7285 0.2610 0.2758 -34.9092 -0.0014 0.0001 1.0000
-0.8853 -0.3542 860.9915 0.3690 0.4159 -83.3415 -0.0014 0.0005 1.0000
-0.9058 -0.4876 807.7302 0.2030 0.2565 -11.5412 -0.0014 0.0001 1.0000
-0.3192 -0.8873 825.3867 0.4610 0.2184 -48.6843 -0.0006 -0.0004 1.0000
-0.3412 -0.9090 804.1754 0.4808 0.2309 -64.7921 -0.0006 -0.0005 1.0000
-0.2259 -0.8635 827.0384 0.6065 0.3594 -111.7365 -0.0005 -0.0002 1.0000
-0.5103 -0.7630 793.4104 0.3768 0.2442 -38.1204 -0.0009 -0.0002 1.0000
-0.7988 -0.7709 746.3816 0.1035 0.0831 44.3759 -0.0013 -0.0006 1.0000
-0.3547 -0.9288 806.5704 0.4397 0.1954 -36.1747 -0.0006 -0.0005 1.0000
-0.3547 -0.9288 806.5704 0.4397 0.1954 -36.1747 -0.0006 -0.0005 1.0000
-0.7248 -0.6899 779.2499 0.2063 0.1573 20.7134 -0.0012 -0.0003 1.0000
-0.8300 -0.7152 769.2872 0.1130 0.0903 51.0787 -0.0013 -0.0004 1.0000
-0.5969 -0.4651 866.1806 0.4900 0.4200 -70.3683 -0.0009 0.0004 1.0000
-0.6891 -0.5580 822.4820 0.3197 0.2659 -8.9231 -0.0011 0.0001 1.0000
-0.5866 -0.7444 808.2467 0.3083 0.1660 10.9179 -0.0009 -0.0003 1.0000
-0.6173 -0.2958 878.2419 0.5419 0.5421 -96.7752 -0.0010 0.0008 1.0000
-0.8079 -0.4586 775.3565 0.1717 0.2281 30.6131 -0.0013 0.0001 1.0000
-0.9863 -0.3448 734.2548 -0.0077 0.1926 76.0060 -0.0016 0.0001 1.0000
-0.9661 -0.0433 745.9004 0.0672 0.4440 30.0996 -0.0017 0.0008 1.0000
-0.8537 -0.1406 704.0217 0.0479 0.4264 37.3591 -0.0016 0.0005 1.0000
-0.3909 0.7318 765.5895 0.6926 1.6578 -290.6440 -0.0013 0.0029 1.0000
0.0333 -0.7169 569.7304 0.2450 0.1908 64.8641 -0.0004 -0.0007 1.0000
-0.0593 0.0331 536.9273 0.2685 0.8616 -33.3156 -0.0009 0.0008 1.0000
-0.3017 -0.4026 511.6804 -0.0186 0.3147 96.4579 -0.0011 -0.0004 1.0000
-0.7515 0.3191 457.5469 -0.4134 0.8126 101.7647 -0.0022 0.0010 1.0000
0.1873 0.0647 360.3010 0.1205 0.9251 15.6579 -0.0008 0.0006 1.0000
1.0000 0.0000 0.0000 0.0000 1.0000 0.0000 0.0000 0.0000 1.0000
1.0000 0.0000 0.0000 0.0000 1.0000 0.0000 0.0000 0.0000 1.0000
1.0000 0.0000 0.0000 0.0000 1.0000 0.0000 0.0000 0.0000 1.0000
0.1516 -0.3163 153.8522 -0.0140 0.0908 187.1321 -0.0007 -0.0009 1.0000
1.0000 0.0000 0.0000 0.0000 1.0000 0.0000 0.0000 0.0000 1.0000
1.0000 0.0000 0.0000 0.0000 1.0000 0.0000 0.0000 0.0000 1.0000
1.0000 0.0000 0.0000 0.0000 1.0000 0.0000 0.0000 0.0000 1.0000
1.0000 0.0000 0.0000 0.0000 1.0000 0.0000 0.0000 0.0000 1.0000
1.0401 -0.3335 462.4679 1.1460 1.2901 -335.2868 0.0010 0.0011 1.0000
1.0000 0.0000 0.0000 0.0000 1.0000 0.0000 0.0000 0.0000 1.0000
-146.7425 -0.5028 3284.1985 -116.1644 -134.0060 44216.2506 -0.2118 -0.2068 1.0000
-0.1668 -0.4212 363.4798 0.0356 0.2884 42.2818 -0.0013 -0.0002 1.0000
1.0000 0.0000 0.0000 0.0000 1.0000 0.0000 0.0000 0.0000 1.0000
1.0000 0.0000 0.0000 0.0000 1.0000 0.0000 0.0000 0.0000 1.0000
0.0994 -0.0647 546.3908 0.4090 0.7362 -142.1222 -0.0005 0.0004 1.0000
-0.2633 0.1119 544.9137 0.2495 0.7386 -121.2528 -0.0011 0.0007 1.0000
-0.2075 -0.1141 495.8613 0.1576 0.6137 -79.4458 -0.0012 0.0003 1.0000
0.8603 0.1309 346.1151 0.5128 1.0629 -201.3170 0.0002 0.0007 1.0000
0.5738 0.9024 379.8271 0.5773 1.6172 -274.0551 -0.0004 0.0026 1.0000
0.0294 -0.3561 459.4612 0.1018 0.3121 53.0023 -0.0005 -0.0005 1.0000
2.8940 4.9247 20.3847 1.6171 5.0299 -772.3022 0.0018 0.0092 1.0000
-5.1976 -2.0445 864.5902 -2.5303 -2.2717 735.2300 -0.0071 -0.0038 1.0000
-0.4617 1.4035 393.9705 -0.3566 1.4614 52.8946 -0.0018 0.0023 1.0000
0.1794 -0.1864 422.4414 -0.0408 0.2971 171.2551 -0.0004 -0.0006 1.0000
0.4351 -0.3831 398.9510 0.0725 0.1114 198.3730 -0.0000 -0.0010 1.0000
