438.944870 200.132744 549.088449 200.769412 552.908458 339.563055 444.674883 344.019732 
436.526928 201.269503 548.334899 201.269503 552.995203 340.900459 442.801183 344.728651 
433.430236 203.501553 545.157661 202.286145 551.611073 341.722437 441.541844 346.866327 
430.818852 206.001062 543.033653 204.103976 549.835260 343.051087 440.361779 348.557150 
428.065379 208.365204 539.710454 205.364956 548.901754 345.072696 438.975628 351.876935 
425.296124 212.536548 536.817824 207.993886 547.413802 347.697478 437.563992 355.642050 
421.650806 217.244923 532.872398 211.265267 545.202844 350.608892 435.586072 360.518568 
416.788770 223.293876 527.141248 215.638527 543.595409 354.402740 434.037688 365.807042 
412.608397 230.263304 524.364526 219.874214 541.218561 359.200587 431.900085 374.228433 
406.536050 239.337674 517.503360 227.671880 539.696822 364.816094 430.993672 383.523048 
401.381684 249.442078 510.903795 233.915955 538.599041 371.552937 430.490131 393.316842 
396.160687 261.311091 504.325131 242.693439 535.835238 377.199270 429.363672 404.205828 
388.543189 275.192055 497.196724 251.192810 534.414876 385.223776 428.669389 415.856397 
383.241663 289.791636 491.015909 261.969139 532.549817 397.782470 425.923829 431.607675 
374.217208 307.065345 481.741762 274.104981 530.546030 407.491093 423.613325 444.947409 
362.523888 323.083473 471.644142 290.237650 528.213105 424.687937 420.862018 467.007482 
349.875888 342.324324 458.387850 300.288628 521.075883 437.382084 410.699685 483.076827 
335.546826 359.143205 442.904636 316.160630 502.228685 448.055846 396.987247 498.030244 
316.567206 374.631875 426.302537 328.780023 485.549312 458.092550 375.813981 510.641863 
278.899961 385.404412 401.162650 338.221877 463.336201 470.412715 341.954933 523.080653 
250.294966 391.338807 363.328526 342.055296 426.538216 478.613248 315.295635 531.497019 
205.891129 390.030156 327.245268 340.744567 388.619776 482.091917 264.475886 534.167256 
160.083764 385.282992 283.186903 341.356321 341.755798 486.151643 217.568049 533.874446 
122.094435 372.997226 243.163932 337.964350 302.410707 482.217368 182.371588 521.886948 
79.984098 360.156073 206.917738 323.424360 256.668285 472.211044 125.550020 510.337632 
55.512052 336.094204 186.170811 308.316336 229.549338 460.749291 99.758961 496.354348 
43.332729 309.746892 177.687391 289.390125 212.171856 446.437860 82.799350 476.935566 
43.576186 284.021037 179.978557 267.196075 205.812266 427.963929 73.019870 451.068874 
56.999794 261.606892 193.212984 254.299827 210.605946 413.263417 75.229381 429.468253 
80.507594 244.460673 216.882387 240.267579 228.157091 409.325625 91.160518 418.236497 
118.339931 238.278726 257.493751 242.706347 261.921373 409.058415 123.400069 411.588484 
179.339470 244.567925 318.626120 252.559782 319.767813 411.255227 181.622858 407.830145 
225.089042 254.182017 368.062497 261.891370 370.165048 414.676728 225.789893 413.975878 
287.513409 263.494491 420.310430 268.902514 420.310430 421.528955 285.109843 417.923606 
331.517531 262.221452 463.406004 263.251831 464.951573 415.747879 333.063099 418.839015 
351.228238 251.597705 474.778441 247.019211 489.380440 413.789409 366.571864 419.447683 
349.343741 253.071738 475.156133 239.585026 495.888248 392.946838 371.661744 412.087506 
319.329022 253.601697 454.823821 234.024502 483.159235 392.187632 347.149247 415.886343 
264.500163 276.434903 412.549313 242.269715 449.968329 400.080347 304.630702 439.126277 
209.836035 310.926618 360.786515 280.015257 399.940905 454.149257 248.990426 487.121375 
175.837978 351.169133 310.817587 322.318530 353.578303 493.361394 218.083504 524.787944 
185.940391 372.026647 321.435190 349.358315 360.589581 514.734096 224.579593 542.554321 
231.268165 372.232653 374.181690 350.697738 402.568624 515.635608 260.144528 541.085962 
290.377521 346.709988 431.794167 327.091494 455.499847 506.927691 314.083202 525.728748 
362.929587 278.161035 499.553338 256.655445 527.384102 438.187929 390.127833 460.326037 
385.720187 225.295442 515.622413 195.833852 559.338998 356.153537 434.147986 391.186412 
373.403197 226.849597 503.934146 196.015514 547.101862 369.200278 417.084814 402.089966 
327.573800 254.516298 475.433143 225.665694 513.557155 402.375641 366.213001 435.347759 
287.207634 285.079578 426.755823 262.023790 460.892545 432.569880 322.383889 460.956813 
280.925377 294.387786 419.496216 279.679149 447.340637 448.935880 310.300270 470.573833 
294.340133 291.862086 436.130035 283.916133 451.070526 453.928618 310.984116 471.849350 
325.212718 279.153157 465.641061 278.582310 470.778684 454.974010 330.921187 461.253326 
366.603809 262.518835 508.173846 267.656457 508.744693 445.189851 364.891268 446.902391 
402.525602 252.982408 539.398622 252.598483 546.902090 429.180105 408.338042 436.183342 
427.943063 245.608864 570.317115 230.119801 592.680630 404.368852 448.801699 423.752893 
462.603246 234.067018 590.152177 203.943035 636.315294 370.668079 509.794735 409.268063 
482.712095 219.206835 615.719428 171.255693 676.229202 343.651465 546.076103 393.315147 
498.605036 208.146741 621.907971 131.653253 715.628301 289.497147 589.369697 366.842186 
508.130582 195.950478 617.271062 102.316295 738.207488 244.617214 629.198984 334.910763 
503.345375 182.435641 604.678775 78.527422 744.967010 206.471301 642.499196 314.631771 
481.371579 166.634094 573.763421 51.296744 735.102758 165.151594 647.619692 290.222354 
458.087247 164.400849 530.082883 34.452456 710.116697 134.863413 638.243353 266.997467 
435.728952 188.700872 502.768533 51.978355 680.301926 138.747088 613.313754 277.344241 
409.874557 244.111506 483.648270 89.574992 660.705180 165.678401 590.814294 324.874307 
377.066476 304.047326 464.672760 154.065368 633.577675 237.466550 552.279043 397.961262 
340.497057 352.082683 435.041758 219.586940 603.491121 320.789718 513.607074 457.946116 
296.490399 384.285998 401.817190 273.032787 556.639806 395.157913 461.122263 513.195853 
267.903434 391.431981 390.496798 296.009620 527.290027 438.250368 407.723063 551.225842 
247.720822 387.528317 388.772195 310.361198 505.363300 475.393821 364.104017 568.428284 
248.325328 378.450234 401.238114 321.107940 486.614419 503.966146 340.072999 575.962583 
263.703521 368.243394 424.158886 333.740878 485.575011 531.591514 331.240773 579.030317 
301.845387 353.504556 462.519656 342.499469 498.836442 544.442813 334.450709 571.110890 
360.287150 336.542157 518.050823 338.733320 519.511597 546.163334 363.939087 556.388757 
433.385369 304.705968 584.926282 328.678542 554.104401 542.719379 400.851162 529.876929 
487.881976 271.379063 643.195055 314.866725 591.165174 526.869078 431.969268 492.700201 
539.955689 243.647518 685.066188 293.738106 618.485413 503.993187 465.184285 459.010222 
569.362275 215.350299 722.570569 273.019423 645.529940 484.092814 490.320359 439.541916 
578.117808 194.262762 725.712152 257.161246 651.114956 459.071562 502.790965 408.594811 
554.078579 167.882043 711.133521 229.752171 647.478677 438.563854 483.778990 388.082965 
504.256045 139.872849 692.961436 205.104343 630.836204 425.648915 436.694856 370.512772 
433.601475 129.174025 634.009610 181.772838 586.071451 398.826166 381.668470 365.535779 
370.648446 132.165272 571.056581 159.463390 541.761039 396.490951 340.687097 385.172219 
319.474280 150.921846 499.637452 160.240631 495.754625 404.858730 320.250846 408.741557 
287.229782 173.202063 464.286692 170.251115 488.632017 417.393052 310.837370 438.049691 
268.844603 200.525690 451.318128 186.753084 493.369144 422.939625 311.148074 462.187240 
253.779928 220.715165 439.461323 190.230160 499.175073 422.417539 325.069111 476.272349 
240.314613 235.217245 421.661300 186.650986 507.083494 418.067474 335.462541 484.852098 
224.670463 242.250971 407.143996 180.921692 513.611566 406.235298 345.093053 487.404799 
211.662027 246.161328 388.791752 168.674768 518.592638 392.823438 355.235041 484.667129 
202.870876 246.725168 376.086930 159.053281 521.262688 372.528762 362.843347 482.024483 
197.291095 252.925681 365.326939 150.318470 523.940421 356.884865 378.185589 475.642578 
196.398785 262.793618 359.085354 149.612233 534.519894 351.714776 394.349840 477.867825 
200.922042 275.522655 354.951542 155.916415 545.904656 345.651294 416.218235 483.879934 
204.415688 289.663520 357.194712 160.058842 554.605809 343.736994 431.009296 488.791236 
213.487104 305.049583 357.782769 166.601304 565.552872 341.933557 451.482066 493.649409 
225.231378 318.194177 362.560838 173.507782 585.721209 338.630108 467.192807 495.578062 
241.111339 333.976774 365.878079 179.954385 597.341892 331.395393 497.674279 496.905994 
250.955880 347.084540 369.770386 185.558938 609.729093 325.340709 518.870942 493.078835 
260.356459 357.593430 367.892318 186.721928 620.372177 310.378254 540.437448 492.181680 
264.606734 362.988609 360.889298 182.948330 623.473993 292.491430 558.963847 476.526353 
257.770500 361.250941 342.610270 171.652500 619.356200 249.422797 566.144619 462.320927 
252.857965 340.152008 325.156203 139.487510 612.135945 216.212171 569.347192 427.204989 
233.452557 319.020476 296.652445 117.055617 596.164956 185.751147 563.191102 391.837738 
197.557352 301.066552 266.671672 87.511068 574.191568 161.284781 540.022691 367.074611 
172.105607 281.865300 243.745875 67.611662 554.372033 146.774007 519.953622 357.586773 
134.051586 271.830864 214.797421 64.093850 536.312658 154.382375 482.726785 362.119389 
108.947184 279.660465 216.731155 63.186775 526.565728 170.803371 456.754283 407.370884 
83.903236 273.799704 215.121656 83.644197 513.143153 223.758782 419.733430 437.266719 
43.621508 265.154089 196.738149 87.310537 494.412116 267.056159 373.630666 462.969377 
4.425742 255.544696 185.481655 91.181882 470.116688 292.755650 326.730948 484.111734 
-33.542904 238.717183 161.312418 80.884372 445.291051 316.982886 287.927305 494.670288 
-67.854832 218.352165 146.429455 72.249242 413.619560 325.039880 255.761515 497.087413 
-89.687612 202.603183 134.108038 64.646960 398.612785 329.151708 237.773837 500.956948 
-107.129013 190.712922 133.255032 57.493017 391.801954 331.429636 229.448855 504.852264 
-110.086358 179.892009 132.993431 54.062471 396.752771 332.933022 229.536226 506.312490 
-103.722527 179.729740 135.427152 51.765398 405.484358 329.465733 233.908025 506.809337 
-94.325416 181.283796 146.290421 50.950218 420.246800 328.867335 252.035673 508.482607 
-87.417729 184.387822 156.175391 47.793549 441.497979 327.807809 275.055542 515.581673 
-81.090427 186.637689 164.116140 44.259682 459.420379 321.250480 296.802245 514.634208 
-68.330155 189.144239 164.604267 38.421966 474.797457 313.797553 323.399916 516.560418 
-66.837136 200.546346 166.145679 34.459587 489.499816 305.761596 346.036111 514.916839 
-55.334416 200.328465 173.257936 31.658380 504.648890 297.385608 366.435007 512.829806 
-53.465475 209.355702 174.915792 32.315960 518.759217 292.295134 389.449857 514.650913 
-49.794863 221.194821 178.407202 31.026434 532.186360 287.516324 413.077464 516.428735 
-48.908494 230.427142 173.771703 38.963795 540.938453 284.716839 426.852474 514.735520 
-52.109846 245.705613 169.108894 40.806287 549.851209 282.312740 444.663303 520.577211 
-53.644772 259.288325 165.134666 47.566289 554.746593 281.333445 458.105807 528.385134 
-50.464178 269.545652 160.047987 50.259887 560.566250 278.222851 468.057292 529.987735 
-62.639309 279.650052 155.708591 53.573022 564.935152 276.030484 480.077259 532.042434 
-61.406452 286.043474 150.967906 58.223708 570.572281 274.638571 488.295923 535.653226 
-64.780375 294.762955 145.491306 61.452707 574.948959 274.690361 495.915581 536.707567 
-70.349249 302.996314 138.030574 68.208856 579.273058 274.203275 506.724853 540.703004 
-72.646031 308.131246 135.549662 72.317756 582.310067 273.998167 515.423536 544.974368 
-81.672916 317.760514 134.468845 76.053598 588.080481 276.214606 525.382171 548.287762 
-77.267822 325.174120 131.056101 83.157732 592.891064 277.466344 543.313976 552.894612 
-77.531577 338.247551 132.333121 89.073210 602.395606 276.828053 556.480501 554.858203 
-72.952411 343.293159 133.752209 95.247615 609.302894 277.859078 570.621511 557.939342 
-71.749100 348.577830 135.214625 100.221360 618.368766 277.218422 585.213494 561.200532 
-67.556730 354.451037 134.745105 103.893717 627.268562 276.048907 601.578277 555.456019 
-68.477048 356.156394 136.873529 103.707061 636.230937 272.011270 615.819773 553.394889 
-67.004821 356.955409 136.500757 105.348512 641.658054 266.080379 631.421722 549.905932 
-66.768451 357.278326 133.675958 100.795696 646.912878 259.218316 643.927305 541.354930 
-73.741590 352.160483 133.130065 97.381708 650.816010 251.501952 653.769129 532.048254 
-77.773361 346.060910 126.971305 94.463461 652.976532 240.488793 662.439329 523.857096 
-85.331729 338.739355 123.164577 89.758329 654.719577 231.510453 667.727232 511.175038 
-92.314355 333.076508 119.979065 81.080773 655.996076 223.157571 671.857332 498.343797 
-92.294513 324.136569 111.059672 77.820232 653.787292 211.202444 676.246551 490.071571 
-103.891845 314.270943 107.077463 72.276737 654.174586 208.682887 675.806970 478.874026 
-108.411588 318.474266 104.905524 71.974492 652.113148 208.511791 679.247928 473.960731 
-112.807038 317.164357 96.885963 72.030285 651.315348 205.944380 680.055977 467.484111 
-118.269459 316.728583 89.403440 78.415420 646.760608 207.228434 680.294538 466.354258 
-125.573985 316.604138 87.590731 82.122950 644.821974 211.506458 679.797423 465.944532 
-133.161228 320.396957 84.475959 87.486985 639.569474 214.523311 680.838689 470.392447 
-141.757313 325.424812 75.445035 96.481797 640.049091 222.121711 676.895781 471.680701 
-141.646234 330.695783 69.236916 104.382159 635.926200 227.506850 677.638200 480.038475 
-153.034093 339.952893 65.533242 115.608233 635.243132 235.012431 677.417612 483.193023 
-152.242560 347.994564 60.138444 124.435612 632.046844 245.113532 676.299336 486.921791 
-158.325493 360.640990 55.474383 136.092730 627.657798 252.640965 676.606974 495.559819 
-178.581076 367.932931 51.270563 150.505705 623.418423 261.060172 675.605705 503.959250 
-195.837704 377.156174 44.771597 163.798834 621.027661 272.788915 672.732698 511.967725 
-192.124789 387.874339 39.053295 173.820558 616.936421 281.044966 672.365061 516.278704 
-187.517976 398.487461 31.279615 185.803193 612.808912 290.252630 670.073024 524.217433 
-143.023558 411.519752 26.469181 194.388514 609.441431 299.808451 667.334715 531.371059 
-125.590657 421.385319 20.605726 203.790702 605.203718 307.545689 660.272834 530.383508 
-95.681086 428.556056 20.905785 209.098415 602.602376 314.357798 660.132911 534.474626 
0.000000 0.000000 0.000000 0.000000 0.000000 0.000000 0.000000 0.000000 
0.000000 0.000000 0.000000 0.000000 0.000000 0.000000 0.000000 0.000000 
0.000000 0.000000 0.000000 0.000000 0.000000 0.000000 0.000000 0.000000 
0.000000 0.000000 0.000000 0.000000 0.000000 0.000000 0.000000 0.000000 
0.000000 0.000000 0.000000 0.000000 0.000000 0.000000 0.000000 0.000000 
0.000000 0.000000 0.000000 0.000000 0.000000 0.000000 0.000000 0.000000 
0.000000 0.000000 0.000000 0.000000 0.000000 0.000000 0.000000 0.000000 
0.000000 0.000000 0.000000 0.000000 0.000000 0.000000 0.000000 0.000000 
0.000000 0.000000 0.000000 0.000000 0.000000 0.000000 0.000000 0.000000 
0.000000 0.000000 0.000000 0.000000 0.000000 0.000000 0.000000 0.000000 
0.000000 0.000000 0.000000 0.000000 0.000000 0.000000 0.000000 0.000000 
0.000000 0.000000 0.000000 0.000000 0.000000 0.000000 0.000000 0.000000 
0.000000 0.000000 0.000000 0.000000 0.000000 0.000000 0.000000 0.000000 
0.000000 0.000000 0.000000 0.000000 0.000000 0.000000 0.000000 0.000000 
0.000000 0.000000 0.000000 0.000000 0.000000 0.000000 0.000000 0.000000 
0.000000 0.000000 0.000000 0.000000 0.000000 0.000000 0.000000 0.000000 
0.000000 0.000000 0.000000 0.000000 0.000000 0.000000 0.000000 0.000000 
0.000000 0.000000 0.000000 0.000000 0.000000 0.000000 0.000000 0.000000 
0.000000 0.000000 0.000000 0.000000 0.000000 0.000000 0.000000 0.000000 
0.000000 0.000000 0.000000 0.000000 0.000000 0.000000 0.000000 0.000000 
0.000000 0.000000 0.000000 0.000000 0.000000 0.000000 0.000000 0.000000 
0.000000 0.000000 0.000000 0.000000 0.000000 0.000000 0.000000 0.000000 
0.000000 0.000000 0.000000 0.000000 0.000000 0.000000 0.000000 0.000000 
0.000000 0.000000 0.000000 0.000000 0.000000 0.000000 0.000000 0.000000 
0.000000 0.000000 0.000000 0.000000 0.000000 0.000000 0.000000 0.000000 
0.000000 0.000000 0.000000 0.000000 0.000000 0.000000 0.000000 0.000000 
0.000000 0.000000 0.000000 0.000000 0.000000 0.000000 0.000000 0.000000 
0.000000 0.000000 0.000000 0.000000 0.000000 0.000000 0.000000 0.000000 
0.000000 0.000000 0.000000 0.000000 0.000000 0.000000 0.000000 0.000000 
0.000000 0.000000 0.000000 0.000000 0.000000 0.000000 0.000000 0.000000 
0.000000 0.000000 0.000000 0.000000 0.000000 0.000000 0.000000 0.000000 
-124.716771 236.923799 97.178554 172.524892 609.868574 427.879789 608.609921 584.606802 
-90.046510 211.083265 220.797914 170.887865 661.338323 445.037113 661.338323 597.458878 
1.525999 204.879595 287.088763 173.766593 703.783887 472.153408 692.997947 619.473513 
83.613772 192.356287 332.236527 183.733533 731.757485 498.464072 720.260479 669.482036 
165.529940 195.230539 396.907186 206.727545 769.122754 547.326347 738.943114 715.470060 
271.902239 235.470060 472.744184 235.470060 799.552575 602.926261 737.918302 755.779257 
325.022644 248.020282 526.962781 259.136253 814.181775 646.963029 728.566546 787.060676 
370.350353 250.946362 581.703969 280.031722 829.911564 699.819064 703.018591 778.194136 
0.000000 0.000000 0.000000 0.000000 0.000000 0.000000 0.000000 0.000000 
0.000000 0.000000 0.000000 0.000000 0.000000 0.000000 0.000000 0.000000 
0.000000 0.000000 0.000000 0.000000 0.000000 0.000000 0.000000 0.000000 
0.000000 0.000000 0.000000 0.000000 0.000000 0.000000 0.000000 0.000000 
0.000000 0.000000 0.000000 0.000000 0.000000 0.000000 0.000000 0.000000 
0.000000 0.000000 0.000000 0.000000 0.000000 0.000000 0.000000 0.000000 
0.000000 0.000000 0.000000 0.000000 0.000000 0.000000 0.000000 0.000000 
0.000000 0.000000 0.000000 0.000000 0.000000 0.000000 0.000000 0.000000 
0.000000 0.000000 0.000000 0.000000 0.000000 0.000000 0.000000 0.000000 
816.547904 147.805389 978.943114 282.895210 829.482036 709.721557 621.098802 655.110778 
838.104790 98.943114 996.188623 248.404192 830.919162 657.985030 632.595808 590.440120 
842.416168 41.458084 1001.937126 200.979042 838.104790 601.937126 632.595808 521.458084 
824.045125 -17.954116 998.671513 152.956818 840.498979 542.435422 624.015444 469.618232 
805.170989 -53.152394 981.307390 106.971607 829.993306 491.207371 615.119330 417.536294 
758.479294 -92.678555 955.082241 70.358035 812.409343 447.078607 594.129849 385.807171 
697.342510 -90.445250 916.631111 32.904588 780.459034 421.493199 556.899736 360.330749 
0.000000 0.000000 0.000000 0.000000 0.000000 0.000000 0.000000 0.000000 
0.000000 0.000000 0.000000 0.000000 0.000000 0.000000 0.000000 0.000000 
0.000000 0.000000 0.000000 0.000000 0.000000 0.000000 0.000000 0.000000 
0.000000 0.000000 0.000000 0.000000 0.000000 0.000000 0.000000 0.000000 
411.856912 -14.268189 654.555576 26.706910 671.226915 403.479180 443.918287 422.778969 
377.218779 31.272415 615.350299 37.146707 669.818198 405.574751 448.643713 465.410180 
336.547904 78.823353 585.170659 64.452096 674.272455 406.488024 464.452096 494.152695 
315.321557 123.658084 546.188623 83.450898 670.701198 406.405389 470.962275 512.759880 
288.788623 163.725150 517.061677 93.686826 666.512139 402.786936 465.181437 528.183832 
249.699341 193.705928 479.995352 106.115952 656.310719 401.940240 456.701497 541.173832 
220.747904 215.357485 436.050898 119.379042 632.718810 400.823983 452.911976 543.500000 
205.675269 232.268010 416.476347 129.454596 617.290562 398.226032 439.887305 548.510746 
204.738503 231.868982 415.437126 130.832216 608.356902 395.617807 437.615928 539.907904 
210.153721 220.338129 425.318510 124.592523 605.290419 387.805389 431.398204 527.206587 
220.446104 195.964265 430.673581 109.337868 602.260287 380.176191 425.391484 510.777271 
221.282614 153.794225 455.392195 77.708611 598.199039 371.516135 416.764114 490.912021 
260.989401 107.070958 479.080958 59.016886 596.135749 357.198563 398.990838 445.913772 
286.947871 73.262009 502.328686 41.657216 597.143066 347.170219 392.297183 423.255832 
323.721737 33.135689 547.974072 31.903533 593.563832 335.013832 389.025988 387.996527 
363.776048 13.181198 584.396766 26.799760 603.462754 329.131856 388.289461 360.454551 
402.655689 -13.824598 624.173700 35.081976 618.960142 328.520532 402.655689 332.282348 
454.848144 -20.098576 672.784676 38.803190 627.158850 328.853084 414.701866 313.115530 
500.369778 -27.864538 708.566267 46.956075 635.102033 327.145249 434.851595 293.770176 
542.466443 -45.510325 736.530573 54.002256 647.944506 327.962871 456.608472 277.954589 
584.357606 -37.941283 774.491528 61.652676 663.211065 325.125536 476.681668 258.639811 
628.706797 -38.505100 815.056635 75.529876 683.192219 327.271033 499.266672 250.712678 
673.319235 -41.890495 848.233827 80.921879 716.069163 328.900939 534.723737 237.400433 
716.926410 -33.329540 895.819077 88.841062 753.670246 326.419232 569.096965 232.902103 
749.345043 -25.549098 937.678090 95.964326 788.690428 341.377049 611.087020 234.179762 
794.325162 -29.126434 964.621772 86.675260 831.328306 332.897912 650.576385 241.348238 
815.391946 -39.073810 993.914933 71.389748 863.343890 323.336691 688.782423 233.623626 
830.057429 -47.216239 1014.335170 27.490954 895.399051 299.344940 716.324177 226.862253 
0.000000 0.000000 0.000000 0.000000 0.000000 0.000000 0.000000 0.000000 
0.000000 0.000000 0.000000 0.000000 0.000000 0.000000 0.000000 0.000000 
0.000000 0.000000 0.000000 0.000000 0.000000 0.000000 0.000000 0.000000 
0.000000 0.000000 0.000000 0.000000 0.000000 0.000000 0.000000 0.000000 
0.000000 0.000000 0.000000 0.000000 0.000000 0.000000 0.000000 0.000000 
0.000000 0.000000 0.000000 0.000000 0.000000 0.000000 0.000000 0.000000 
0.000000 0.000000 0.000000 0.000000 0.000000 0.000000 0.000000 0.000000 
0.000000 0.000000 0.000000 0.000000 0.000000 0.000000 0.000000 0.000000 
0.000000 0.000000 0.000000 0.000000 0.000000 0.000000 0.000000 0.000000 
0.000000 0.000000 0.000000 0.000000 0.000000 0.000000 0.000000 0.000000 
0.000000 0.000000 0.000000 0.000000 0.000000 0.000000 0.000000 0.000000 
314.908952 48.119007 469.991803 -66.757179 621.429184 125.451804 472.608560 248.128265 
305.297151 90.674506 443.574172 -14.791018 605.614572 163.058202 481.828506 277.236052 
317.865269 136.308383 440.020958 21.338323 609.601796 190.919162 491.757485 305.889222 
338.757273 177.547240 455.829341 54.392216 616.787425 208.164671 513.314371 330.320359 
353.049162 204.828922 467.639641 86.541976 629.052036 230.704192 526.783114 352.687605 
375.003816 227.753379 480.645764 108.767185 643.089212 250.680236 547.366995 372.316045 
384.585510 253.832094 486.980283 131.646735 652.188655 262.436697 554.956644 389.784817 
404.614501 274.785542 504.209013 153.796654 665.035707 282.162914 571.343092 408.315962 
424.521203 294.064595 523.145008 173.696958 683.894045 303.383379 591.482763 424.527581 
452.800166 313.990410 555.345626 201.854367 716.172320 327.269678 616.577808 446.045355 
482.703593 329.458084 584.265981 219.856992 742.104790 355.398204 653.362275 471.446108 
521.486666 354.778457 618.698982 249.520984 773.640366 384.371671 681.540130 496.493696 
553.241550 377.929177 652.210393 278.960335 799.731117 413.322126 703.596944 521.076913 
576.105321 404.064359 678.472369 304.708106 818.976161 444.208299 718.616310 551.593340 
593.468623 432.598263 699.434012 340.186587 828.810359 481.884491 722.844970 581.689102 
594.850946 459.064336 705.447501 366.582734 825.578243 508.642103 714.028269 606.844217 
590.032934 476.695425 697.934652 390.864513 814.619306 530.123867 698.752089 627.103880 
569.409492 482.820561 682.947236 407.829582 795.784129 549.401337 681.545535 635.605920 
543.505511 477.898744 656.379291 410.026928 759.662489 562.738513 646.050972 637.987700 
509.237045 470.241163 627.680741 402.258687 719.492126 559.249147 606.655233 631.436725 
468.315065 449.923240 592.565528 389.351139 682.647114 549.323611 559.173216 617.661365 
432.346286 416.469294 555.043618 369.875370 638.136116 531.400972 514.662218 588.090246 
381.455716 386.153176 514.248398 343.442079 584.139284 505.744246 455.229428 560.103824 
350.488065 345.699224 480.846215 312.759261 543.922739 483.766727 416.367990 529.321994 
321.336653 311.667592 457.301605 279.428479 512.668777 449.735095 380.208076 491.786111 
304.156284 277.078001 439.420386 247.642289 486.377354 421.453156 353.215802 457.897370 
284.587971 243.163380 419.788559 220.930394 464.254530 397.592495 332.058400 430.040636 
273.327446 220.321427 408.618167 202.054325 445.723217 375.020943 311.574190 401.279902 
259.956700 203.101171 396.997067 187.645491 427.908428 357.657976 290.868061 381.356686 
250.988008 197.406504 389.007234 184.191897 415.925878 349.129768 278.885511 371.643542 
245.628868 199.496521 381.396718 188.802478 406.039512 354.792623 271.201580 372.461041 
242.812063 208.368266 379.649264 199.495097 400.408485 367.432977 267.283557 385.541883 
240.376685 228.360860 376.732707 218.134159 397.673096 390.040143 264.725974 407.084646 
237.982703 258.787214 372.131730 241.661807 394.394760 414.057578 262.529121 435.749761 
229.411540 290.773411 365.155171 268.641297 389.500497 444.222733 256.707814 469.305796 
219.603963 325.279112 353.431322 299.978418 384.724287 469.093588 252.894351 500.386552 
205.299835 357.173750 337.760536 326.336338 377.709001 489.634451 245.380914 527.074194 
188.818348 383.066161 321.140665 345.104840 368.863468 506.169300 235.456541 549.553667 
168.432884 402.435258 305.988440 358.644163 358.022565 513.200968 223.558145 564.719903 
144.514345 419.767881 275.711512 370.735360 341.872670 522.038337 214.431095 577.353404 
130.319032 431.718869 257.488314 377.788441 329.395551 525.597763 204.889501 588.849500 
113.885572 445.373698 241.065073 385.054277 321.006473 529.675538 193.826972 596.535618 
104.166105 455.742128 226.008925 394.487814 311.232317 536.304866 191.386921 607.546296 
96.539221 472.036185 216.063150 404.546380 306.736476 542.101936 188.242926 619.380339 
90.870969 491.753796 210.177976 417.543695 304.938566 555.117804 190.198334 637.319761 
92.936051 513.811967 206.508255 434.157254 311.344135 569.313316 201.883142 655.391796 
97.764773 534.027165 208.499116 454.831085 321.336009 581.684983 216.909319 672.795518 
108.404678 560.574906 216.306397 473.926556 336.469673 599.811894 235.107453 692.999742 
118.726350 587.110197 224.554741 494.597961 344.400137 613.041657 249.785351 711.739372 
129.498635 613.894678 229.313809 514.079504 357.749807 628.953937 264.914544 731.899971 
137.625611 639.011218 235.310421 534.348921 368.751296 642.128088 276.164097 750.146487 
146.910364 663.191860 241.690669 552.800682 376.861412 658.941467 280.907573 768.602998 
153.190391 687.977910 247.707633 575.876064 386.274503 672.132439 297.020257 788.658816 
164.101781 708.237244 250.911677 598.781288 397.144291 687.833201 302.594457 800.565695 
0.000000 0.000000 0.000000 0.000000 0.000000 0.000000 0.000000 0.000000 
0.000000 0.000000 0.000000 0.000000 0.000000 0.000000 0.000000 0.000000 
0.000000 0.000000 0.000000 0.000000 0.000000 0.000000 0.000000 0.000000 
0.000000 0.000000 0.000000 0.000000 0.000000 0.000000 0.000000 0.000000 
0.000000 0.000000 0.000000 0.000000 0.000000 0.000000 0.000000 0.000000 
0.000000 0.000000 0.000000 0.000000 0.000000 0.000000 0.000000 0.000000 
0.000000 0.000000 0.000000 0.000000 0.000000 0.000000 0.000000 0.000000 
0.000000 0.000000 0.000000 0.000000 0.000000 0.000000 0.000000 0.000000 
0.000000 0.000000 0.000000 0.000000 0.000000 0.000000 0.000000 0.000000 
0.000000 0.000000 0.000000 0.000000 0.000000 0.000000 0.000000 0.000000 
0.000000 0.000000 0.000000 0.000000 0.000000 0.000000 0.000000 0.000000 
0.000000 0.000000 0.000000 0.000000 0.000000 0.000000 0.000000 0.000000 
0.000000 0.000000 0.000000 0.000000 0.000000 0.000000 0.000000 0.000000 
0.000000 0.000000 0.000000 0.000000 0.000000 0.000000 0.000000 0.000000 
0.000000 0.000000 0.000000 0.000000 0.000000 0.000000 0.000000 0.000000 
0.000000 0.000000 0.000000 0.000000 0.000000 0.000000 0.000000 0.000000 
0.000000 0.000000 0.000000 0.000000 0.000000 0.000000 0.000000 0.000000 
0.000000 0.000000 0.000000 0.000000 0.000000 0.000000 0.000000 0.000000 
0.000000 0.000000 0.000000 0.000000 0.000000 0.000000 0.000000 0.000000 
0.000000 0.000000 0.000000 0.000000 0.000000 0.000000 0.000000 0.000000 
0.000000 0.000000 0.000000 0.000000 0.000000 0.000000 0.000000 0.000000 
0.000000 0.000000 0.000000 0.000000 0.000000 0.000000 0.000000 0.000000 
0.000000 0.000000 0.000000 0.000000 0.000000 0.000000 0.000000 0.000000 
0.000000 0.000000 0.000000 0.000000 0.000000 0.000000 0.000000 0.000000 
0.000000 0.000000 0.000000 0.000000 0.000000 0.000000 0.000000 0.000000 
0.000000 0.000000 0.000000 0.000000 0.000000 0.000000 0.000000 0.000000 
0.000000 0.000000 0.000000 0.000000 0.000000 0.000000 0.000000 0.000000 
0.000000 0.000000 0.000000 0.000000 0.000000 0.000000 0.000000 0.000000 
0.000000 0.000000 0.000000 0.000000 0.000000 0.000000 0.000000 0.000000 
0.000000 0.000000 0.000000 0.000000 0.000000 0.000000 0.000000 0.000000 
0.000000 0.000000 0.000000 0.000000 0.000000 0.000000 0.000000 0.000000 
0.000000 0.000000 0.000000 0.000000 0.000000 0.000000 0.000000 0.000000 
0.000000 0.000000 0.000000 0.000000 0.000000 0.000000 0.000000 0.000000 
0.000000 0.000000 0.000000 0.000000 0.000000 0.000000 0.000000 0.000000 
0.000000 0.000000 0.000000 0.000000 0.000000 0.000000 0.000000 0.000000 
0.000000 0.000000 0.000000 0.000000 0.000000 0.000000 0.000000 0.000000 
0.000000 0.000000 0.000000 0.000000 0.000000 0.000000 0.000000 0.000000 
0.000000 0.000000 0.000000 0.000000 0.000000 0.000000 0.000000 0.000000 
0.000000 0.000000 0.000000 0.000000 0.000000 0.000000 0.000000 0.000000 
0.000000 0.000000 0.000000 0.000000 0.000000 0.000000 0.000000 0.000000 
0.000000 0.000000 0.000000 0.000000 0.000000 0.000000 0.000000 0.000000 
0.000000 0.000000 0.000000 0.000000 0.000000 0.000000 0.000000 0.000000 
0.000000 0.000000 0.000000 0.000000 0.000000 0.000000 0.000000 0.000000 
0.000000 0.000000 0.000000 0.000000 0.000000 0.000000 0.000000 0.000000 
0.000000 0.000000 0.000000 0.000000 0.000000 0.000000 0.000000 0.000000 
0.000000 0.000000 0.000000 0.000000 0.000000 0.000000 0.000000 0.000000 
0.000000 0.000000 0.000000 0.000000 0.000000 0.000000 0.000000 0.000000 
0.000000 0.000000 0.000000 0.000000 0.000000 0.000000 0.000000 0.000000 
0.000000 0.000000 0.000000 0.000000 0.000000 0.000000 0.000000 0.000000 
0.000000 0.000000 0.000000 0.000000 0.000000 0.000000 0.000000 0.000000 
0.000000 0.000000 0.000000 0.000000 0.000000 0.000000 0.000000 0.000000 
0.000000 0.000000 0.000000 0.000000 0.000000 0.000000 0.000000 0.000000 
0.000000 0.000000 0.000000 0.000000 0.000000 0.000000 0.000000 0.000000 
0.000000 0.000000 0.000000 0.000000 0.000000 0.000000 0.000000 0.000000 
0.000000 0.000000 0.000000 0.000000 0.000000 0.000000 0.000000 0.000000 
0.000000 0.000000 0.000000 0.000000 0.000000 0.000000 0.000000 0.000000 
0.000000 0.000000 0.000000 0.000000 0.000000 0.000000 0.000000 0.000000 
0.000000 0.000000 0.000000 0.000000 0.000000 0.000000 0.000000 0.000000 
0.000000 0.000000 0.000000 0.000000 0.000000 0.000000 0.000000 0.000000 
0.000000 0.000000 0.000000 0.000000 0.000000 0.000000 0.000000 0.000000 
0.000000 0.000000 0.000000 0.000000 0.000000 0.000000 0.000000 0.000000 
0.000000 0.000000 0.000000 0.000000 0.000000 0.000000 0.000000 0.000000 
0.000000 0.000000 0.000000 0.000000 0.000000 0.000000 0.000000 0.000000 
0.000000 0.000000 0.000000 0.000000 0.000000 0.000000 0.000000 0.000000 
0.000000 0.000000 0.000000 0.000000 0.000000 0.000000 0.000000 0.000000 
0.000000 0.000000 0.000000 0.000000 0.000000 0.000000 0.000000 0.000000 
0.000000 0.000000 0.000000 0.000000 0.000000 0.000000 0.000000 0.000000 
0.000000 0.000000 0.000000 0.000000 0.000000 0.000000 0.000000 0.000000 
0.000000 0.000000 0.000000 0.000000 0.000000 0.000000 0.000000 0.000000 
0.000000 0.000000 0.000000 0.000000 0.000000 0.000000 0.000000 0.000000 
0.000000 0.000000 0.000000 0.000000 0.000000 0.000000 0.000000 0.000000 
0.000000 0.000000 0.000000 0.000000 0.000000 0.000000 0.000000 0.000000 
0.000000 0.000000 0.000000 0.000000 0.000000 0.000000 0.000000 0.000000 
0.000000 0.000000 0.000000 0.000000 0.000000 0.000000 0.000000 0.000000 
0.000000 0.000000 0.000000 0.000000 0.000000 0.000000 0.000000 0.000000 
0.000000 0.000000 0.000000 0.000000 0.000000 0.000000 0.000000 0.000000 
0.000000 0.000000 0.000000 0.000000 0.000000 0.000000 0.000000 0.000000 
0.000000 0.000000 0.000000 0.000000 0.000000 0.000000 0.000000 0.000000 
0.000000 0.000000 0.000000 0.000000 0.000000 0.000000 0.000000 0.000000 
0.000000 0.000000 0.000000 0.000000 0.000000 0.000000 0.000000 0.000000 
0.000000 0.000000 0.000000 0.000000 0.000000 0.000000 0.000000 0.000000 
0.000000 0.000000 0.000000 0.000000 0.000000 0.000000 0.000000 0.000000 
0.000000 0.000000 0.000000 0.000000 0.000000 0.000000 0.000000 0.000000 
0.000000 0.000000 0.000000 0.000000 0.000000 0.000000 0.000000 0.000000 
0.000000 0.000000 0.000000 0.000000 0.000000 0.000000 0.000000 0.000000 
0.000000 0.000000 0.000000 0.000000 0.000000 0.000000 0.000000 0.000000 
0.000000 0.000000 0.000000 0.000000 0.000000 0.000000 0.000000 0.000000 
0.000000 0.000000 0.000000 0.000000 0.000000 0.000000 0.000000 0.000000 
0.000000 0.000000 0.000000 0.000000 0.000000 0.000000 0.000000 0.000000 
0.000000 0.000000 0.000000 0.000000 0.000000 0.000000 0.000000 0.000000 
0.000000 0.000000 0.000000 0.000000 0.000000 0.000000 0.000000 0.000000 
576.761664 -42.039909 697.245385 23.678484 615.885288 180.974671 492.778501 120.677470 
570.361681 -13.290861 694.681789 49.601945 607.493758 212.605656 490.188655 151.509248 
562.802387 19.398111 676.971772 79.487261 602.461226 227.907461 487.090058 175.029009 
544.645755 50.319644 659.042128 106.300848 588.457132 258.018023 473.249437 205.282107 
525.058444 86.664454 639.407698 136.092842 570.060409 290.279901 455.711154 242.326988 
507.595000 114.116201 621.944255 164.282326 558.498862 319.207122 441.936396 271.991946 
490.828154 144.332342 604.983267 189.373134 547.517428 341.579952 431.809184 298.092290 
477.069547 168.917315 592.920097 212.194819 540.321284 360.669949 423.139119 322.718907 
463.724142 190.869198 580.240500 228.154432 534.299764 377.295369 416.451792 343.339174 
455.632884 208.986122 572.648597 244.407095 531.534968 389.253572 414.519255 358.260221 
451.551036 221.415332 567.301714 252.408683 531.880742 399.152712 414.865029 373.852018 
447.255855 232.355932 563.851339 259.471161 534.566892 406.435702 415.259885 383.658910 
444.765961 241.904404 561.935475 264.850101 538.501572 410.823787 420.355646 393.736566 
443.485806 252.525597 559.938579 269.080158 542.813171 414.646124 424.077011 402.658338 
442.943675 262.357301 559.539160 273.745697 549.235373 418.541020 431.012974 413.117974 
440.701817 271.305135 557.659511 276.978592 554.054162 424.197010 438.082102 422.995227 
440.457332 282.033453 555.425903 281.491149 558.679730 427.913385 442.219473 432.334448 
435.915957 292.462006 552.432314 287.135544 562.419431 430.950019 446.568881 441.602943 
434.014831 301.504054 550.467604 291.228809 566.802793 436.377257 451.711086 449.924254 
431.015858 310.750770 545.442124 295.023937 569.303526 436.565432 457.046478 457.173006 
426.159247 316.382245 541.470326 296.973450 567.711871 437.904433 455.272440 461.377364 
420.115986 316.765817 533.457643 296.673432 564.369004 439.896071 452.057726 463.079592 
412.159854 316.709041 526.586120 296.101467 558.039786 443.608313 444.155824 471.265846 
405.419301 310.780174 520.306526 292.748547 549.157129 432.364861 434.269904 456.063571 
398.915418 305.860487 518.222425 287.593385 541.627149 430.875963 421.178448 450.284759 
388.867752 298.147239 504.373204 285.911491 525.418689 427.846157 409.913237 443.997343 
381.640574 290.605017 496.758735 281.749774 513.836704 425.963734 398.086026 438.614081 
379.557738 279.816961 493.105471 275.901522 506.320078 419.304477 389.835766 428.603645 
378.581846 271.735412 494.108789 271.316836 497.875972 411.958333 383.186180 416.562668 
379.295238 259.506535 492.636895 265.471886 491.009982 407.555685 377.126020 407.013381 
378.514764 247.687383 494.432368 257.475981 486.189338 402.759377 371.817303 397.607484 
382.824786 237.845963 497.840809 252.528860 483.647342 392.505806 369.120750 382.717208 
389.147722 227.697761 502.761176 246.434015 483.227635 385.959309 369.614181 372.405423 
392.151129 221.356700 504.190990 244.016447 480.272368 382.073054 366.973633 364.029181 
398.618067 210.217197 510.238302 236.653568 481.703806 373.031675 369.663946 352.470053 
405.540485 198.859776 515.062596 228.233522 483.590725 364.611630 372.390114 340.273383 
412.345208 186.855650 522.075387 219.402737 486.273592 358.425295 374.683578 331.457709 
422.399115 170.822685 529.823101 204.812306 492.896105 341.610038 382.954370 314.754041 
430.730658 156.264725 539.762421 190.515540 498.090595 329.802190 388.487986 298.405609 
440.854541 144.198109 545.981633 182.626919 504.019138 316.906902 396.241784 283.336906 
447.520427 135.746624 553.995897 175.268087 509.359892 308.711144 402.884421 272.909348 
455.315342 127.223959 560.838221 167.106622 513.893003 302.541498 407.954679 264.736057 
461.210616 122.760963 565.675604 163.861942 519.437003 296.298429 414.401169 258.622532 
465.644926 118.102846 570.382921 159.704386 521.789812 291.872699 416.701938 253.185493 
468.148464 115.482368 573.406758 157.951428 525.849672 288.070800 421.781423 250.461978 
470.660217 113.950187 574.908782 155.551727 526.944653 287.208365 422.696088 248.053975 
473.041404 110.986407 576.544857 153.443542 528.130763 284.219213 423.713035 245.761030 
472.998655 109.785354 576.757790 152.855184 528.304231 282.554103 424.055666 243.889142 
471.819986 108.594634 576.063656 150.115418 527.475505 280.420006 423.673545 241.991195 
470.826148 104.265873 575.120608 147.183505 528.049657 277.782320 424.216677 239.940967 
470.382107 103.803594 576.245541 145.749483 527.641574 276.247803 424.441372 237.630953 
471.733794 100.844744 576.598068 143.142939 529.012599 274.443584 424.588932 236.110845 
473.156602 99.722900 578.404053 141.248010 529.850801 272.733067 426.016466 236.151311 
476.147206 98.813760 580.879420 141.403004 533.698922 272.640712 428.491834 234.137087 
478.777177 99.151692 583.856484 140.615419 536.712795 271.822555 432.201483 233.766806 
481.340499 98.364280 585.923937 139.579428 538.526516 271.467902 434.458268 234.374269 
482.686811 98.063000 587.932727 139.211779 540.057705 271.362666 435.603112 233.379178 
483.631737 98.227510 590.246067 140.058321 542.281939 272.204389 438.033374 235.007718 
485.185967 100.009483 590.608098 141.049920 544.112259 273.563061 438.101747 236.366390 
485.386989 101.162967 591.527368 143.157639 543.994937 276.063853 439.238998 239.145460 
484.490313 105.124979 591.640860 146.609987 545.642011 279.126385 439.214307 243.033173 
484.147340 109.477345 589.864195 149.121165 545.326075 283.714383 439.609221 247.007142 
482.048243 113.665942 587.947942 153.012075 543.997474 287.793509 437.604069 252.944391 
479.103411 118.834954 585.309695 157.010484 541.750436 292.582562 435.054721 257.833040 
474.029772 123.712897 581.948384 161.674217 538.564017 296.708057 431.730015 264.169783 
467.974558 128.167223 576.627992 166.342753 534.047592 301.425401 426.176841 268.235180 
461.265029 132.982449 569.918462 168.710830 529.295782 305.261767 420.152919 273.448825 
455.114222 135.740655 564.746515 170.979606 520.697826 308.998833 411.065533 277.185891 
448.938398 137.499415 556.808744 172.836253 516.822322 309.534019 407.092143 279.776682 
441.421588 138.432572 552.479711 174.393471 514.304180 312.412698 402.224737 281.089185 
436.040539 139.231305 548.099801 174.818240 510.178807 312.434373 396.634132 281.977624 
431.603243 139.311489 544.240434 173.373595 506.909723 312.373888 393.568066 282.492906 
429.509177 137.971859 540.468890 171.719974 503.652764 312.337121 391.159046 282.679687 
426.474478 135.843193 540.022211 170.592714 502.336110 311.548520 389.767237 281.203868 
425.914496 134.525417 539.256153 169.558292 502.162520 310.720174 390.366431 280.839192 
426.334895 132.379086 539.882628 166.149748 502.196527 309.552703 388.648794 278.718620 
426.594077 130.807230 540.966113 164.809727 503.872480 307.517177 390.015634 276.605816 
428.185682 128.054069 542.042528 162.056566 505.464084 304.248827 392.122427 274.883034 
430.116406 125.506231 543.282628 159.363339 508.034132 302.676300 393.940318 272.529561 
431.975349 122.041303 546.012512 156.790825 510.132443 300.454677 397.225828 271.317417 
434.659403 120.554166 548.473833 153.348154 512.924047 297.751934 399.802696 269.126089 
437.085609 117.233716 551.406442 151.964096 515.761170 296.601640 399.819310 268.260297 
0.000000 0.000000 0.000000 0.000000 0.000000 0.000000 0.000000 0.000000 
0.000000 0.000000 0.000000 0.000000 0.000000 0.000000 0.000000 0.000000 
0.000000 0.000000 0.000000 0.000000 0.000000 0.000000 0.000000 0.000000 
0.000000 0.000000 0.000000 0.000000 0.000000 0.000000 0.000000 0.000000 
0.000000 0.000000 0.000000 0.000000 0.000000 0.000000 0.000000 0.000000 
0.000000 0.000000 0.000000 0.000000 0.000000 0.000000 0.000000 0.000000 
0.000000 0.000000 0.000000 0.000000 0.000000 0.000000 0.000000 0.000000 
0.000000 0.000000 0.000000 0.000000 0.000000 0.000000 0.000000 0.000000 
0.000000 0.000000 0.000000 0.000000 0.000000 0.000000 0.000000 0.000000 
0.000000 0.000000 0.000000 0.000000 0.000000 0.000000 0.000000 0.000000 
0.000000 0.000000 0.000000 0.000000 0.000000 0.000000 0.000000 0.000000 
0.000000 0.000000 0.000000 0.000000 0.000000 0.000000 0.000000 0.000000 
459.720230 141.855387 580.073890 168.312442 548.610564 323.968034 430.274032 301.165079 
462.013488 143.614339 582.591214 173.417793 549.619096 324.368272 430.610356 299.639183 
463.385252 149.181738 583.185675 177.038905 553.676857 328.834997 434.158191 305.755279 
465.123463 154.586301 586.187737 183.893840 556.821944 335.874698 436.782826 313.206367 
464.805067 160.872831 586.224061 186.538202 558.121337 339.031191 437.926806 318.684270 
464.605959 165.519184 586.373996 190.561504 560.069641 344.357266 439.403632 324.588455 
464.389235 172.005550 587.933007 194.496853 562.698379 349.364408 441.956183 331.722913 
465.756083 178.626594 590.003853 200.649820 566.684756 354.664321 445.143544 338.536361 
467.855961 185.993728 591.099627 203.966763 571.659406 360.588921 450.658522 346.696681 
468.845705 194.610940 592.082926 209.629096 577.506481 365.111181 455.152681 354.951840 
470.465720 204.138754 593.615201 216.457780 583.233908 371.317993 459.698263 366.140045 
471.726257 216.112462 594.475271 222.621880 591.220562 379.777815 468.006590 376.988064 
472.773774 228.477377 595.631092 231.587689 597.383860 388.351581 473.999589 390.922087 
474.012029 242.114655 596.296086 239.789863 604.200378 396.945798 481.916322 406.709924 
473.904228 261.122188 596.848440 253.408041 612.276734 409.619511 490.778924 424.083536 
474.455310 281.259479 596.274407 266.845769 620.452243 424.001704 499.563062 445.854748 
474.364651 304.697579 593.129354 280.836178 631.632979 449.492901 511.783667 478.777349 
473.534819 336.052363 589.452423 305.141002 636.849843 463.304132 519.901861 501.428144 
472.058352 366.272519 588.441548 328.953994 645.368111 490.878441 527.719881 532.624587 
468.835484 405.395469 585.028586 361.945107 647.757626 513.881116 532.564383 561.743097 
461.018375 426.803194 575.258651 378.470770 638.841559 520.338720 525.949814 574.241499 
445.444143 433.083356 560.955019 384.818249 624.946959 525.275134 509.978388 580.047897 
427.996324 422.289073 541.337981 374.376464 608.827786 523.781375 497.031697 574.785121 
397.096417 387.542057 513.549190 353.291242 574.629811 507.419911 460.460426 547.379196 
361.082271 336.728695 478.952171 305.410606 531.908213 472.250609 413.468893 505.846378 
320.640956 272.136850 439.785502 249.709641 490.246721 438.238363 369.700475 463.468973 
288.518294 202.049135 416.884554 190.983078 447.869513 375.417359 320.978728 385.745679 
267.558295 122.714827 396.626784 119.461000 418.318967 316.317562 287.623564 322.282912 
251.109632 63.157846 386.468349 68.217985 394.691074 257.973195 259.332358 256.075643 
241.141306 20.006213 375.867506 30.759008 372.072402 205.966319 236.713685 200.906180 
0.000000 0.000000 0.000000 0.000000 0.000000 0.000000 0.000000 0.000000 
0.000000 0.000000 0.000000 0.000000 0.000000 0.000000 0.000000 0.000000 
0.000000 0.000000 0.000000 0.000000 0.000000 0.000000 0.000000 0.000000 

