1.0000 -0.0000 -0.0000 0.0000 1.0000 -0.0000 0.0000 0.0000 1.0000
1.2195 0.1332 -106.8375 0.0461 1.2087 -56.7632 0.0001 0.0002 1.0000
1.1759 0.0765 -80.3390 0.0395 1.1413 -40.4416 0.0001 0.0001 1.0000
1.2149 0.1360 -105.1890 0.0459 1.2058 -55.0191 0.0001 0.0002 1.0000
1.2130 0.0779 -92.5829 0.0518 1.1645 -48.0832 0.0001 0.0001 1.0000
1.1803 0.0992 -84.7611 0.0438 1.1526 -41.5295 0.0001 0.0001 1.0000
1.2196 0.1572 -107.9761 0.0463 1.2207 -54.9587 0.0001 0.0002 1.0000
1.2746 0.1803 -129.0046 0.0560 1.2715 -67.0220 0.0001 0.0003 1.0000
1.3675 0.1921 -162.7476 0.0829 1.3213 -85.2590 0.0002 0.0003 1.0000
1.2780 0.1839 -131.2666 0.0556 1.2656 -64.1039 0.0001 0.0003 1.0000
1.2403 0.2026 -118.6881 0.0394 1.2613 -54.9622 0.0001 0.0003 1.0000
1.1857 0.1174 -81.8857 0.0365 1.1747 -39.8489 0.0001 0.0002 1.0000
1.1768 0.1550 -86.4727 0.0298 1.1926 -40.6402 0.0001 0.0002 1.0000
1.2036 0.1367 -90.0649 0.0370 1.1927 -42.0318 0.0001 0.0002 1.0000
1.1676 0.0826 -66.8028 0.0393 1.1353 -35.2650 0.0001 0.0001 1.0000
1.3153 0.1900 -132.3685 0.0601 1.2862 -65.3816 0.0002 0.0003 1.0000
1.1725 0.1003 -64.7338 0.0397 1.1516 -37.1675 0.0001 0.0001 1.0000
1.1731 0.1631 -76.4113 0.0296 1.1904 -38.5020 0.0001 0.0002 1.0000
1.1095 0.1177 -43.9218 0.0167 1.1263 -22.5640 0.0000 0.0002 1.0000
1.2449 0.1515 -93.3890 0.0498 1.2188 -50.4758 0.0001 0.0002 1.0000
1.2726 0.1352 -97.0591 0.0571 1.2128 -49.4742 0.0001 0.0002 1.0000
1.2689 0.1956 -103.4961 0.0423 1.2502 -46.7696 0.0001 0.0003 1.0000
1.1190 0.1497 -43.1581 0.0170 1.1447 -23.1220 0.0000 0.0002 1.0000
1.0802 0.1442 -25.8439 0.0058 1.1251 -14.3048 0.0000 0.0002 1.0000
1.0057 0.1391 2.8255 -0.0195 1.0853 4.2259 -0.0000 0.0002 1.0000
1.1542 0.0930 -33.5827 0.0308 1.1255 -20.8505 0.0001 0.0001 1.0000
1.0231 0.1242 6.7850 -0.0139 1.0780 6.6059 -0.0000 0.0002 1.0000
1.1646 0.1810 -47.3961 0.0211 1.1830 -24.2160 0.0001 0.0002 1.0000
1.1198 0.1748 -26.2643 0.0134 1.1621 -18.8502 0.0000 0.0002 1.0000
1.1750 0.2026 -46.8334 0.0177 1.2040 -24.7183 0.0001 0.0003 1.0000
1.1099 0.1566 -14.4963 0.0126 1.1390 -13.8085 0.0000 0.0002 1.0000
1.1144 0.1828 -15.2455 0.0050 1.1563 -10.3263 0.0000 0.0002 1.0000
1.0690 0.1547 6.4217 -0.0067 1.1162 0.9008 0.0000 0.0002 1.0000
1.1499 0.1677 -20.5019 0.0161 1.1562 -14.2366 0.0001 0.0002 1.0000
0.9970 0.1004 45.0559 -0.0189 1.0366 19.3788 -0.0000 0.0001 1.0000
1.0901 0.1455 11.7753 0.0035 1.1099 -0.6913 0.0000 0.0002 1.0000
1.1360 0.1493 -1.5846 0.0114 1.1353 -8.1490 0.0001 0.0002 1.0000
1.0608 0.1666 25.5109 -0.0108 1.1140 4.8528 0.0000 0.0002 1.0000
1.0765 0.1241 30.9143 -0.0047 1.0919 6.5246 0.0000 0.0001 1.0000
0.9268 0.0988 82.9217 -0.0397 0.9959 34.6263 -0.0001 0.0001 1.0000
0.9853 0.1622 58.1795 -0.0292 1.0659 19.3548 -0.0001 0.0002 1.0000
0.9277 0.1194 87.9616 -0.0392 1.0158 30.8222 -0.0001 0.0001 1.0000
0.9852 0.1048 74.6418 -0.0235 1.0268 23.9657 -0.0000 0.0001 1.0000
0.9607 0.1221 81.9524 -0.0333 1.0284 27.2628 -0.0001 0.0001 1.0000
1.0936 0.1758 33.4859 -0.0085 1.1230 4.4004 0.0000 0.0002 1.0000
1.0264 0.1965 52.1466 -0.0264 1.1004 14.4497 -0.0000 0.0002 1.0000
0.8954 0.1398 106.6844 -0.0497 1.0056 36.3733 -0.0001 0.0001 1.0000
0.9868 0.1336 81.4076 -0.0313 1.0391 26.7345 -0.0000 0.0001 1.0000
0.9696 0.1708 84.0911 -0.0375 1.0564 25.1614 -0.0001 0.0002 1.0000
0.9294 0.1682 101.4704 -0.0437 1.0385 29.0483 -0.0001 0.0002 1.0000
1.0374 0.1606 68.6441 -0.0244 1.0754 17.9424 -0.0000 0.0002 1.0000
1.0250 0.2062 66.4412 -0.0342 1.0974 17.7983 -0.0000 0.0002 1.0000
0.8758 0.1318 132.7116 -0.0567 0.9887 41.2150 -0.0001 0.0001 1.0000
0.9826 0.2007 88.9218 -0.0406 1.0789 21.5543 -0.0001 0.0002 1.0000
0.9287 0.1773 114.6604 -0.0508 1.0400 31.7109 -0.0001 0.0002 1.0000
1.0068 0.1872 89.5697 -0.0347 1.0745 21.1099 -0.0000 0.0002 1.0000
1.0014 0.1842 96.6752 -0.0350 1.0706 21.9957 -0.0000 0.0002 1.0000
0.9543 0.0933 130.6743 -0.0326 0.9923 32.0811 -0.0000 0.0001 1.0000
0.9405 0.1381 129.3349 -0.0423 1.0104 33.6407 -0.0001 0.0001 1.0000
0.8432 0.0919 172.3829 -0.0647 0.9441 53.1619 -0.0001 0.0001 1.0000
0.9072 0.1591 143.6532 -0.0520 1.0092 37.2272 -0.0001 0.0002 1.0000
0.8365 0.1609 167.1001 -0.0741 0.9766 51.5433 -0.0001 0.0001 1.0000
0.8545 0.2016 158.4311 -0.0706 1.0112 43.4923 -0.0001 0.0002 1.0000
0.8902 0.2055 150.0053 -0.0646 1.0297 37.8942 -0.0001 0.0002 1.0000
0.8078 0.1574 183.5265 -0.0792 0.9588 53.5754 -0.0002 0.0001 1.0000
0.8548 0.1415 177.2783 -0.0690 0.9669 49.8060 -0.0001 0.0001 1.0000
0.8676 0.1591 171.1969 -0.0692 0.9806 47.3341 -0.0001 0.0001 1.0000
0.8643 0.2531 162.4187 -0.0745 1.0376 38.2432 -0.0001 0.0003 1.0000
0.8087 0.2010 189.8623 -0.0867 0.9822 52.0711 -0.0002 0.0002 1.0000
0.9458 0.2659 136.7755 -0.0668 1.0713 31.2971 -0.0001 0.0003 1.0000
0.8314 0.1841 190.7369 -0.0778 0.9797 47.1671 -0.0001 0.0002 1.0000
0.8145 0.2296 189.9222 -0.0834 0.9973 45.7312 -0.0002 0.0002 1.0000
0.7927 0.1558 208.9704 -0.0860 0.9473 54.4207 -0.0002 0.0001 1.0000
0.8510 0.2311 183.6631 -0.0775 1.0179 39.4097 -0.0001 0.0002 1.0000
0.7579 0.1541 224.3479 -0.0943 0.9303 59.6858 -0.0002 0.0001 1.0000
0.8099 0.2042 202.9004 -0.0859 0.9813 46.7677 -0.0002 0.0002 1.0000
0.7938 0.1800 215.0646 -0.0860 0.9606 50.0537 -0.0002 0.0002 1.0000
0.8362 0.1870 200.1331 -0.0808 0.9791 45.0442 -0.0001 0.0002 1.0000
0.7932 0.1806 218.6721 -0.0858 0.9603 48.3718 -0.0002 0.0002 1.0000
0.8128 0.2264 206.8021 -0.0821 0.9976 38.9598 -0.0002 0.0002 1.0000
0.7249 0.1984 241.0535 -0.1023 0.9425 57.0167 -0.0002 0.0002 1.0000
0.8455 0.2520 197.7728 -0.0812 1.0241 36.0182 -0.0001 0.0003 1.0000
0.8008 0.1351 228.5573 -0.0804 0.9395 47.8359 -0.0001 0.0001 1.0000
0.8436 0.0965 223.1756 -0.0636 0.9315 42.4783 -0.0001 0.0001 1.0000
0.8637 0.2110 197.4975 -0.0719 1.0072 32.7681 -0.0001 0.0002 1.0000
0.8638 0.2109 196.7763 -0.0719 1.0072 32.7681 -0.0001 0.0002 1.0000
0.8049 0.1517 225.4719 -0.0766 0.9548 40.4399 -0.0001 0.0001 1.0000
0.7523 0.1972 232.4512 -0.0940 0.9519 48.5508 -0.0002 0.0002 1.0000
0.7780 0.1726 227.1400 -0.0857 0.9483 44.9324 -0.0002 0.0002 1.0000
0.8145 0.1752 213.9349 -0.0838 0.9686 41.8573 -0.0001 0.0002 1.0000
0.7837 0.1925 220.1905 -0.0854 0.9676 40.8506 -0.0002 0.0002 1.0000
0.7549 0.2094 224.2689 -0.0941 0.9633 45.4510 -0.0002 0.0002 1.0000
0.6694 0.2222 243.8175 -0.1050 0.9288 51.9148 -0.0002 0.0002 1.0000
0.8326 0.2259 191.4325 -0.0837 1.0046 34.1789 -0.0001 0.0002 1.0000
0.6654 0.1243 255.5631 -0.1015 0.8715 58.7324 -0.0002 0.0001 1.0000
0.7159 0.1842 232.3617 -0.1006 0.9351 48.3849 -0.0002 0.0002 1.0000
0.7815 0.1301 219.5793 -0.0768 0.9254 39.9948 -0.0001 0.0001 1.0000
0.7833 0.2064 206.3021 -0.0818 0.9763 32.1115 -0.0002 0.0002 1.0000
0.8369 0.1699 192.2160 -0.0679 0.9788 26.4504 -0.0001 0.0002 1.0000
0.7383 0.1842 218.0114 -0.0895 0.9455 39.7163 -0.0002 0.0002 1.0000
0.7255 0.1597 222.7850 -0.0933 0.9224 46.5209 -0.0002 0.0002 1.0000
0.7479 0.1384 217.1718 -0.0819 0.9197 41.3028 -0.0002 0.0001 1.0000
0.9397 0.2740 137.1853 -0.0574 1.0854 6.8882 -0.0001 0.0003 1.0000
0.8977 0.2416 147.9432 -0.0595 1.0439 12.2652 -0.0001 0.0003 1.0000
0.8149 0.2257 176.1819 -0.0740 1.0026 23.9415 -0.0001 0.0002 1.0000
0.8930 0.1703 157.7699 -0.0509 1.0005 14.9458 -0.0001 0.0002 1.0000
0.8511 0.2281 158.5834 -0.0724 1.0187 21.6820 -0.0001 0.0003 1.0000
0.8745 0.2059 153.4455 -0.0558 1.0229 11.1954 -0.0001 0.0002 1.0000
0.7240 0.1518 201.7397 -0.0826 0.9214 36.7179 -0.0002 0.0002 1.0000
0.8738 0.2040 145.7544 -0.0634 1.0196 17.4840 -0.0001 0.0002 1.0000
0.8100 0.2233 157.9810 -0.0706 0.9999 21.1279 -0.0001 0.0002 1.0000
0.8366 0.1952 151.7416 -0.0610 1.0055 14.8152 -0.0001 0.0002 1.0000
0.8082 0.3099 138.0384 -0.0766 1.0512 14.7252 -0.0002 0.0004 1.0000
0.9286 0.1850 117.7573 -0.0417 1.0320 5.6023 -0.0000 0.0002 1.0000
0.8091 0.1922 144.5533 -0.0665 0.9840 19.5590 -0.0001 0.0002 1.0000
0.8270 0.1101 151.1353 -0.0568 0.9409 25.0094 -0.0001 0.0001 1.0000
0.8814 0.1518 123.9544 -0.0513 0.9917 15.2708 -0.0001 0.0002 1.0000
0.8788 0.1539 120.3714 -0.0477 0.9923 12.8346 -0.0001 0.0002 1.0000
0.8346 0.1911 122.1912 -0.0578 0.9996 12.7396 -0.0001 0.0002 1.0000
0.8854 0.2386 94.8836 -0.0527 1.0513 3.9045 -0.0001 0.0003 1.0000
0.8835 0.1648 105.0490 -0.0512 1.0091 12.4468 -0.0001 0.0002 1.0000
0.8670 0.1908 97.1896 -0.0526 1.0162 9.2198 -0.0001 0.0002 1.0000
0.8652 0.1261 104.5260 -0.0441 0.9735 13.3262 -0.0001 0.0001 1.0000
0.8907 0.1650 83.7881 -0.0399 1.0136 3.9421 -0.0001 0.0002 1.0000
1.0138 0.1981 33.5939 -0.0136 1.0892 -17.2273 0.0000 0.0002 1.0000
0.9004 0.2496 53.2545 -0.0491 1.0709 -0.8557 -0.0001 0.0003 1.0000
0.9961 0.2411 21.4967 -0.0307 1.1155 -12.9050 -0.0000 0.0003 1.0000
0.9892 0.1493 31.1710 -0.0183 1.0478 -7.7759 0.0000 0.0002 1.0000
0.9852 0.2095 17.5441 -0.0272 1.0932 -12.0749 -0.0000 0.0003 1.0000
0.8939 0.1769 48.7087 -0.0397 1.0322 0.6465 -0.0001 0.0002 1.0000
1.1151 0.2482 -42.5628 0.0097 1.1769 -41.0304 0.0001 0.0003 1.0000
1.0788 0.1746 -26.7169 0.0035 1.1055 -25.1673 0.0001 0.0002 1.0000
0.9205 0.1568 23.2883 -0.0306 1.0277 -1.7301 -0.0000 0.0002 1.0000
0.9204 0.1534 18.0413 -0.0269 1.0265 -4.0371 -0.0000 0.0002 1.0000
0.9902 0.2164 -20.9430 -0.0233 1.1105 -17.1647 -0.0000 0.0003 1.0000
1.0095 0.1177 -18.4312 -0.0042 1.0487 -15.2661 0.0000 0.0002 1.0000
1.1156 0.1710 -71.3167 0.0154 1.1332 -35.4545 0.0001 0.0002 1.0000
1.1144 0.1633 -75.1849 0.0153 1.1324 -35.5671 0.0001 0.0002 1.0000
1.1436 0.2715 -111.7007 0.0070 1.2243 -45.7071 0.0001 0.0004 1.0000
1.1232 0.2232 -106.5852 0.0059 1.1794 -38.2985 0.0001 0.0003 1.0000
1.0725 0.1587 -81.7447 0.0041 1.1146 -28.0820 0.0001 0.0002 1.0000
1.0539 0.1384 -76.1922 0.0116 1.0931 -30.4339 0.0001 0.0002 1.0000
1.2275 0.1467 -144.8538 0.0524 1.1883 -60.3194 0.0002 0.0002 1.0000
1.2472 0.2303 -174.7163 0.0389 1.2570 -64.0559 0.0002 0.0003 1.0000
1.0853 0.1720 -114.8356 0.0086 1.1335 -34.0681 0.0001 0.0003 1.0000
1.1285 0.1188 -128.0265 0.0301 1.1135 -40.2038 0.0001 0.0002 1.0000
1.0210 0.1243 -96.3879 0.0003 1.0695 -21.7015 0.0000 0.0002 1.0000
1.1699 0.2320 -175.3834 0.0229 1.2304 -56.0335 0.0001 0.0004 1.0000
1.1363 0.1531 -157.2078 0.0329 1.1491 -49.2271 0.0001 0.0002 1.0000
1.2592 0.3055 -233.9179 0.0386 1.3362 -79.1627 0.0002 0.0005 1.0000
1.3573 0.2473 -266.4831 0.0684 1.3510 -92.2773 0.0003 0.0004 1.0000
1.1613 0.1120 -176.1920 0.0469 1.1387 -52.5362 0.0002 0.0002 1.0000
1.2416 0.2084 -231.5988 0.0433 1.2598 -68.5393 0.0002 0.0003 1.0000
1.1159 0.1450 -182.1434 0.0245 1.1463 -46.2723 0.0001 0.0002 1.0000
1.2139 0.1646 -228.4377 0.0461 1.2195 -65.6867 0.0002 0.0003 1.0000
1.1864 0.1800 -228.3066 0.0340 1.2127 -58.7944 0.0001 0.0003 1.0000
1.4124 0.2418 -333.0225 0.0927 1.3842 -111.2826 0.0003 0.0004 1.0000
1.4422 0.2217 -346.6170 0.1021 1.3939 -116.0713 0.0003 0.0004 1.0000
1.2411 0.1821 -273.7618 0.0518 1.2482 -74.0150 0.0002 0.0003 1.0000
1.4307 0.1948 -354.4533 0.0957 1.3647 -106.7565 0.0003 0.0003 1.0000
1.3214 0.2183 -324.5947 0.0683 1.3366 -96.8897 0.0002 0.0004 1.0000
1.2687 0.1612 -299.3379 0.0643 1.2525 -80.1742 0.0002 0.0003 1.0000
1.2453 0.1404 -288.5297 0.0586 1.2271 -72.7078 0.0002 0.0002 1.0000
1.2758 0.1592 -313.3865 0.0598 1.2525 -77.2988 0.0002 0.0003 1.0000
1.2196 0.1857 -301.2048 0.0398 1.2469 -69.2579 0.0001 0.0003 1.0000
1.3191 0.1576 -338.3538 0.0693 1.2855 -86.2273 0.0003 0.0003 1.0000
1.2659 0.1876 -328.9537 0.0576 1.2794 -83.8596 0.0002 0.0003 1.0000
1.2175 0.1337 -302.0911 0.0455 1.2031 -63.5881 0.0002 0.0002 1.0000
1.2595 0.1362 -321.9520 0.0633 1.2314 -76.8151 0.0002 0.0002 1.0000
1.3350 0.1704 -361.1017 0.0752 1.3084 -92.8866 0.0003 0.0003 1.0000
1.3946 0.1451 -381.5460 0.0924 1.3253 -102.7096 0.0003 0.0003 1.0000
1.3274 0.1257 -351.6041 0.0760 1.2642 -85.3840 0.0003 0.0002 1.0000
1.2726 0.1998 -344.3564 0.0541 1.3014 -84.8637 0.0002 0.0004 1.0000
1.2142 0.1647 -318.4726 0.0348 1.2292 -65.4771 0.0001 0.0003 1.0000
1.2760 0.1504 -336.5026 0.0596 1.2553 -79.8057 0.0002 0.0003 1.0000
1.3832 0.1814 -382.5506 0.0802 1.3469 -102.5102 0.0003 0.0003 1.0000
1.3390 0.1273 -353.5781 0.0803 1.2711 -92.8226 0.0003 0.0002 1.0000
1.3491 0.1497 -357.6944 0.0768 1.2897 -92.4832 0.0003 0.0003 1.0000
1.2666 0.1908 -330.5179 0.0439 1.2788 -77.8850 0.0002 0.0003 1.0000
1.1944 0.1262 -280.4093 0.0440 1.1822 -64.3118 0.0002 0.0002 1.0000
1.4168 0.2301 -381.6261 0.0777 1.3962 -109.9971 0.0003 0.0004 1.0000
1.3527 0.2154 -348.9405 0.0615 1.3311 -92.2001 0.0003 0.0004 1.0000
1.1756 0.1674 -259.6773 0.0327 1.1923 -60.5982 0.0001 0.0003 1.0000
1.1985 0.1861 -266.0929 0.0295 1.2222 -64.9016 0.0001 0.0003 1.0000
1.1182 0.1834 -228.4143 0.0054 1.1659 -45.2116 0.0001 0.0003 1.0000
1.1226 0.1531 -213.3822 0.0155 1.1462 -47.1755 0.0001 0.0002 1.0000
1.2501 0.2247 -266.3945 0.0427 1.2723 -81.0702 0.0002 0.0003 1.0000
1.2545 0.1668 -249.3122 0.0390 1.2281 -71.0015 0.0002 0.0002 1.0000
1.1452 0.1790 -202.6562 0.0118 1.1682 -51.0038 0.0001 0.0003 1.0000
1.2275 0.1888 -223.8876 0.0316 1.2246 -69.4888 0.0002 0.0003 1.0000
1.1810 0.2298 -208.5774 0.0089 1.2148 -57.8683 0.0001 0.0003 1.0000
1.2347 0.2608 -221.8083 0.0259 1.2641 -74.1851 0.0002 0.0004 1.0000
1.1081 0.1875 -153.4136 -0.0038 1.1426 -41.5621 0.0001 0.0003 1.0000
1.3000 0.2331 -220.0061 0.0317 1.2783 -77.1776 0.0002 0.0003 1.0000
1.1610 0.1553 -144.6502 0.0133 1.1533 -52.7536 0.0001 0.0002 1.0000
1.1631 0.2570 -157.3618 -0.0053 1.2266 -58.2830 0.0001 0.0004 1.0000
1.1595 0.2042 -137.0315 0.0036 1.1772 -53.4760 0.0001 0.0003 1.0000
1.0797 0.1959 -97.3061 -0.0134 1.1369 -42.3806 0.0001 0.0003 1.0000
1.0284 0.2322 -76.2480 -0.0327 1.1354 -33.8369 -0.0000 0.0003 1.0000
1.1183 0.2610 -102.3083 -0.0122 1.1995 -52.4760 0.0001 0.0003 1.0000
1.1197 0.2058 -86.3689 -0.0116 1.1515 -41.4771 0.0001 0.0003 1.0000
1.1397 0.2288 -89.6828 -0.0101 1.1869 -49.4587 0.0001 0.0003 1.0000
1.0256 0.1575 -32.8366 -0.0278 1.0790 -24.9971 0.0000 0.0002 1.0000
1.0781 0.2451 -58.0657 -0.0261 1.1657 -39.9366 0.0000 0.0003 1.0000
1.0966 0.2067 -52.1283 -0.0166 1.1469 -40.3593 0.0001 0.0003 1.0000
1.0070 0.2435 -22.4935 -0.0409 1.1326 -29.0651 -0.0000 0.0003 1.0000
1.0039 0.1636 -4.6392 -0.0326 1.0718 -21.4611 -0.0000 0.0002 1.0000
1.0296 0.2071 -15.0431 -0.0354 1.1179 -26.4317 -0.0000 0.0002 1.0000
0.9621 0.2530 2.8168 -0.0587 1.1169 -16.1627 -0.0001 0.0003 1.0000
1.0100 0.2003 -1.4841 -0.0364 1.1085 -25.8658 -0.0000 0.0002 1.0000
0.9585 0.1787 25.3926 -0.0498 1.0652 -10.9702 -0.0001 0.0002 1.0000
0.9743 0.1995 21.5626 -0.0490 1.0935 -16.6638 -0.0001 0.0002 1.0000
0.9583 0.1593 36.5129 -0.0450 1.0626 -14.1804 -0.0001 0.0002 1.0000
0.9734 0.1825 29.9887 -0.0489 1.0786 -12.5407 -0.0001 0.0002 1.0000
1.0425 0.2270 1.6795 -0.0390 1.1417 -27.2643 -0.0000 0.0003 1.0000
0.9791 0.2402 25.3551 -0.0567 1.1271 -17.1856 -0.0001 0.0003 1.0000
1.0246 0.1609 22.1277 -0.0349 1.0963 -22.8021 -0.0000 0.0002 1.0000
0.9835 0.1584 41.1045 -0.0442 1.0757 -14.0987 -0.0000 0.0002 1.0000
0.9609 0.1783 47.5656 -0.0528 1.0773 -10.3451 -0.0001 0.0002 1.0000
0.9047 0.1916 66.5648 -0.0696 1.0618 -0.5826 -0.0001 0.0002 1.0000
0.9116 0.1928 66.2431 -0.0687 1.0712 -3.7057 -0.0001 0.0002 1.0000
0.9534 0.1972 52.6386 -0.0566 1.0912 -13.2024 -0.0001 0.0002 1.0000
0.9134 0.2321 60.7381 -0.0621 1.0952 -15.6210 -0.0001 0.0003 1.0000
0.9662 0.1994 51.8813 -0.0514 1.1067 -22.5408 -0.0001 0.0002 1.0000
0.9548 0.1547 62.9669 -0.0520 1.0670 -14.5936 -0.0001 0.0002 1.0000
0.8947 0.1731 84.1492 -0.0712 1.0566 -4.6139 -0.0001 0.0002 1.0000
0.9903 0.2275 42.6094 -0.0548 1.1290 -23.8385 -0.0001 0.0003 1.0000
0.9580 0.1379 70.8156 -0.0538 1.0725 -16.2563 -0.0001 0.0002 1.0000
0.9560 0.2003 61.4799 -0.0662 1.0998 -13.0385 -0.0001 0.0002 1.0000
0.8725 0.0810 110.1046 -0.0669 0.9870 4.9797 -0.0001 0.0001 1.0000
0.9358 0.1893 72.3238 -0.0663 1.0915 -13.7891 -0.0001 0.0002 1.0000
0.9639 0.1780 66.0568 -0.0578 1.0980 -18.6858 -0.0001 0.0002 1.0000
0.9009 0.1698 90.4496 -0.0766 1.0721 -5.3297 -0.0001 0.0002 1.0000
0.9345 0.1794 79.0414 -0.0687 1.0921 -11.6368 -0.0001 0.0002 1.0000
0.9731 0.1046 78.5105 -0.0520 1.0686 -15.0628 -0.0001 0.0001 1.0000
0.8899 0.1928 92.3780 -0.0806 1.0813 -4.2056 -0.0002 0.0002 1.0000
0.8759 0.1357 103.7028 -0.0804 1.0340 4.6065 -0.0002 0.0001 1.0000
0.8945 0.1672 95.4145 -0.0767 1.0703 -3.7785 -0.0002 0.0002 1.0000
0.8552 0.1541 111.6904 -0.0840 1.0419 4.2010 -0.0002 0.0002 1.0000
0.9244 0.1600 89.3255 -0.0644 1.0833 -13.7412 -0.0001 0.0002 1.0000
0.8654 0.1365 110.8399 -0.0829 1.0359 3.2985 -0.0002 0.0001 1.0000
0.9916 0.2004 60.1624 -0.0629 1.1407 -23.4728 -0.0001 0.0002 1.0000
0.9128 0.1570 94.6155 -0.0781 1.0772 -6.3776 -0.0002 0.0002 1.0000
0.9031 0.1956 91.5939 -0.0788 1.0949 -10.9009 -0.0002 0.0002 1.0000
0.9132 0.2074 88.9987 -0.0787 1.1121 -14.1380 -0.0002 0.0002 1.0000
0.9010 0.1215 108.6226 -0.0774 1.0526 -2.3157 -0.0002 0.0001 1.0000
0.8758 0.1202 117.2269 -0.0845 1.0420 3.0578 -0.0002 0.0001 1.0000
0.9021 0.2260 89.6230 -0.0893 1.1199 -8.6881 -0.0002 0.0003 1.0000
0.8523 0.0698 135.1676 -0.0844 0.9960 11.6467 -0.0002 0.0001 1.0000
0.9517 0.1987 81.4983 -0.0731 1.1313 -19.4551 -0.0001 0.0002 1.0000
1.0453 0.1697 54.1558 -0.0525 1.1556 -32.4513 -0.0001 0.0002 1.0000
0.9143 0.2150 91.1779 -0.0836 1.1266 -16.5086 -0.0002 0.0002 1.0000
0.9406 0.1457 95.6862 -0.0755 1.0936 -11.8836 -0.0001 0.0002 1.0000
0.9341 0.1812 91.5714 -0.0763 1.1106 -15.8315 -0.0002 0.0002 1.0000
0.9679 0.1816 82.9712 -0.0750 1.1338 -19.8249 -0.0001 0.0002 1.0000
0.8555 0.1193 131.2030 -0.0899 1.0378 2.8948 -0.0002 0.0001 1.0000
0.9081 0.1289 114.7679 -0.0831 1.0624 -1.5912 -0.0002 0.0001 1.0000
0.8882 0.1499 120.1848 -0.0864 1.0704 -3.2955 -0.0002 0.0001 1.0000
0.9567 0.1524 98.4766 -0.0749 1.1041 -14.1689 -0.0001 0.0002 1.0000
0.8554 0.1901 129.9284 -0.0975 1.0831 -1.2864 -0.0002 0.0002 1.0000
0.8080 0.1395 155.3054 -0.1064 1.0300 12.3179 -0.0002 0.0001 1.0000
0.9076 0.1634 120.0939 -0.0860 1.0902 -7.1482 -0.0002 0.0002 1.0000
0.8990 0.0749 140.5504 -0.0814 1.0336 1.1217 -0.0002 0.0001 1.0000
1.0201 0.1972 82.4303 -0.0699 1.1632 -27.3192 -0.0001 0.0002 1.0000
0.9430 0.1682 117.1004 -0.0848 1.1130 -12.1259 -0.0002 0.0002 1.0000
0.9042 0.1333 136.1303 -0.0911 1.0731 -3.0880 -0.0002 0.0001 1.0000
0.9286 0.1162 133.9472 -0.0803 1.0752 -9.6431 -0.0002 0.0001 1.0000
0.8499 0.2006 147.9471 -0.0989 1.0880 -6.0976 -0.0002 0.0002 1.0000
0.8832 0.1494 149.5012 -0.0913 1.0742 -5.4934 -0.0002 0.0001 1.0000
0.8839 0.1501 152.6425 -0.0909 1.0771 -6.9208 -0.0002 0.0001 1.0000
0.8892 0.1539 149.6226 -0.0912 1.0752 -6.0223 -0.0002 0.0001 1.0000
0.8225 0.1307 178.7754 -0.1040 1.0349 6.2405 -0.0002 0.0001 1.0000
0.8951 0.1717 151.0843 -0.0944 1.0919 -7.3021 -0.0002 0.0002 1.0000
0.8562 0.1498 170.7669 -0.0974 1.0639 -2.3855 -0.0002 0.0001 1.0000
0.8350 0.1487 178.2874 -0.1068 1.0540 3.8479 -0.0002 0.0001 1.0000
0.8797 0.1978 156.9750 -0.0943 1.0978 -10.8435 -0.0002 0.0002 1.0000
0.7991 0.1312 196.5730 -0.1068 1.0232 7.8723 -0.0002 0.0001 1.0000
0.8806 0.1209 173.8886 -0.0930 1.0557 -3.6041 -0.0002 0.0001 1.0000
0.8374 0.0996 196.0837 -0.0995 1.0258 4.3618 -0.0002 0.0001 1.0000
0.8121 0.1714 193.5509 -0.1133 1.0531 5.8933 -0.0002 0.0002 1.0000
0.8677 0.1600 178.1108 -0.0969 1.0686 -5.1038 -0.0002 0.0001 1.0000
0.8375 0.1745 189.9697 -0.1074 1.0630 2.2814 -0.0002 0.0002 1.0000
0.8496 0.1987 182.4431 -0.1110 1.0780 2.2163 -0.0002 0.0002 1.0000
0.8838 0.1438 184.5387 -0.0971 1.0642 -1.9331 -0.0002 0.0001 1.0000
0.8313 0.2116 191.2644 -0.1110 1.0780 0.0875 -0.0002 0.0002 1.0000
0.8613 0.2186 183.6686 -0.1075 1.0948 -4.5526 -0.0002 0.0002 1.0000
0.8005 0.1936 209.5881 -0.1226 1.0545 9.2932 -0.0003 0.0002 1.0000
0.8197 0.1277 219.8342 -0.1062 1.0235 6.7170 -0.0002 0.0001 1.0000
0.8840 0.1321 201.2296 -0.0958 1.0571 -4.8137 -0.0002 0.0001 1.0000
0.8797 0.1894 196.4444 -0.1057 1.0888 -6.2303 -0.0002 0.0002 1.0000
0.7637 0.1259 247.2965 -0.1180 0.9970 14.8867 -0.0003 0.0001 1.0000
0.7704 0.1460 246.6112 -0.1206 1.0153 11.7563 -0.0003 0.0001 1.0000
0.8616 0.1590 217.4030 -0.1018 1.0593 -5.3871 -0.0002 0.0001 1.0000
0.7568 0.1852 250.4326 -0.1270 1.0272 11.6702 -0.0003 0.0002 1.0000
0.8001 0.1559 244.1050 -0.1206 1.0311 9.1868 -0.0002 0.0001 1.0000
0.8321 0.1757 235.4212 -0.1119 1.0537 0.9238 -0.0002 0.0002 1.0000
0.7403 0.1498 271.0268 -0.1294 1.0014 17.9315 -0.0003 0.0001 1.0000
0.8194 0.1556 249.9614 -0.1152 1.0367 6.5755 -0.0002 0.0001 1.0000
0.7574 0.1385 273.9416 -0.1266 1.0009 17.7420 -0.0003 0.0001 1.0000
0.7722 0.1905 265.7274 -0.1251 1.0332 11.6560 -0.0003 0.0002 1.0000
0.7168 0.1894 284.2428 -0.1400 1.0046 24.4260 -0.0003 0.0002 1.0000
0.7570 0.1595 279.9514 -0.1309 1.0083 20.7545 -0.0003 0.0001 1.0000
0.7888 0.1017 283.5259 -0.1184 0.9917 18.7808 -0.0002 0.0001 1.0000
0.6938 0.2234 298.1692 -0.1439 1.0182 24.7118 -0.0003 0.0002 1.0000
0.7932 0.1919 274.6540 -0.1231 1.0450 12.3860 -0.0002 0.0002 1.0000
0.6854 0.1237 320.5324 -0.1338 0.9650 30.5708 -0.0003 0.0001 1.0000
0.7227 0.1894 300.2864 -0.1362 1.0129 26.6591 -0.0003 0.0002 1.0000
0.6484 0.1829 321.7144 -0.1474 0.9768 37.4097 -0.0003 0.0002 1.0000
0.7304 0.2007 294.8203 -0.1314 1.0191 24.2712 -0.0003 0.0002 1.0000
0.6963 0.1265 318.6733 -0.1360 0.9702 36.3184 -0.0003 0.0001 1.0000
0.7679 0.2076 285.3400 -0.1234 1.0414 20.1206 -0.0002 0.0002 1.0000
0.6696 0.1604 319.6377 -0.1352 0.9737 37.0489 -0.0003 0.0001 1.0000
0.5726 0.1236 353.4138 -0.1498 0.9083 56.5773 -0.0003 0.0001 1.0000
0.7408 0.1679 293.8907 -0.1221 1.0035 31.6540 -0.0003 0.0001 1.0000
0.7922 0.2294 266.3769 -0.1168 1.0614 20.6758 -0.0002 0.0002 1.0000
0.6822 0.1216 317.4486 -0.1296 0.9526 47.7193 -0.0003 0.0001 1.0000
0.7616 0.1793 281.3032 -0.1246 1.0192 37.4880 -0.0002 0.0002 1.0000
0.7292 0.1857 287.9964 -0.1249 1.0093 38.5328 -0.0003 0.0002 1.0000
0.7496 0.1296 291.6700 -0.1154 0.9823 42.4206 -0.0002 0.0001 1.0000
0.7656 0.1728 275.6916 -0.1170 1.0063 41.1871 -0.0002 0.0001 1.0000
0.7538 0.2289 270.6429 -0.1281 1.0371 42.6413 -0.0002 0.0002 1.0000
0.6907 0.1487 300.0291 -0.1280 0.9598 55.5699 -0.0003 0.0001 1.0000
0.7515 0.1305 286.7123 -0.1219 0.9707 57.1896 -0.0002 0.0001 1.0000
0.6256 0.0861 330.2095 -0.1352 0.8961 73.0626 -0.0003 0.0001 1.0000
0.6964 0.1269 299.2429 -0.1296 0.9478 65.3853 -0.0002 0.0001 1.0000
0.6883 0.2037 290.5727 -0.1318 0.9938 58.5982 -0.0003 0.0002 1.0000
0.7029 0.1649 287.0389 -0.1294 0.9655 66.6831 -0.0003 0.0001 1.0000
0.7725 0.2136 257.8870 -0.1195 1.0247 55.6612 -0.0002 0.0002 1.0000
0.5701 0.1341 332.6837 -0.1540 0.8921 91.6829 -0.0003 0.0001 1.0000
0.6720 0.2037 288.3398 -0.1391 0.9720 74.0086 -0.0003 0.0002 1.0000
0.7641 0.1522 267.6830 -0.1162 0.9821 65.6316 -0.0002 0.0001 1.0000
0.7255 0.2080 269.4181 -0.1254 1.0000 65.0574 -0.0002 0.0002 1.0000
0.7683 0.2537 248.5528 -0.1188 1.0454 55.5438 -0.0002 0.0002 1.0000
0.6494 0.1580 296.5332 -0.1270 0.9368 73.7991 -0.0003 0.0001 1.0000
0.6110 0.2136 297.3463 -0.1487 0.9513 83.1342 -0.0003 0.0002 1.0000
0.6670 0.1794 286.9609 -0.1341 0.9568 78.8507 -0.0003 0.0002 1.0000
0.6590 0.1001 300.0752 -0.1233 0.9035 83.3556 -0.0002 0.0001 1.0000
0.6719 0.1389 285.8765 -0.1277 0.9299 82.7915 -0.0002 0.0001 1.0000
0.5984 0.1508 302.4531 -0.1425 0.9101 90.5548 -0.0003 0.0001 1.0000
0.6622 0.1333 284.1623 -0.1223 0.9234 81.9691 -0.0002 0.0001 1.0000
0.7011 0.1354 264.4510 -0.1144 0.9416 75.4962 -0.0002 0.0001 1.0000
0.6853 0.1909 258.5490 -0.1270 0.9660 78.8196 -0.0002 0.0002 1.0000
0.6790 0.1928 257.2093 -0.1272 0.9636 79.0520 -0.0003 0.0002 1.0000
0.6985 0.1507 251.9266 -0.1188 0.9471 77.8149 -0.0002 0.0001 1.0000
0.6591 0.1200 266.0387 -0.1255 0.9172 84.4890 -0.0002 0.0001 1.0000
0.7115 0.1255 244.5515 -0.1143 0.9389 77.3715 -0.0002 0.0001 1.0000
0.7004 0.1236 246.6988 -0.1114 0.9325 75.7949 -0.0002 0.0001 1.0000
0.7190 0.1784 228.8293 -0.1121 0.9793 68.2245 -0.0002 0.0002 1.0000
0.6968 0.1999 226.0689 -0.1136 0.9806 66.0783 -0.0002 0.0002 1.0000
0.7840 0.2041 193.6833 -0.0967 1.0216 55.0122 -0.0002 0.0002 1.0000
0.7358 0.1795 208.0278 -0.1018 0.9843 62.3327 -0.0002 0.0002 1.0000
0.6851 0.1346 225.9440 -0.1093 0.9347 73.4407 -0.0002 0.0001 1.0000
0.7291 0.1762 199.2762 -0.1024 0.9780 64.2752 -0.0002 0.0002 1.0000
0.6816 0.1291 216.2249 -0.1099 0.9278 75.2053 -0.0002 0.0001 1.0000
0.6962 0.0915 210.8619 -0.1017 0.9084 74.7052 -0.0002 0.0001 1.0000
0.7791 0.0882 182.4331 -0.0802 0.9510 59.8204 -0.0001 0.0001 1.0000
0.7846 0.1949 158.1554 -0.0901 1.0173 53.8661 -0.0002 0.0002 1.0000
0.6721 0.1350 199.9863 -0.1075 0.9321 72.0456 -0.0002 0.0002 1.0000
0.7435 0.1786 164.1680 -0.0960 0.9886 59.9644 -0.0002 0.0002 1.0000
0.9796 0.1974 82.5805 -0.0452 1.1153 23.8253 -0.0000 0.0002 1.0000
0.8352 0.1690 122.6295 -0.0762 1.0248 46.9039 -0.0001 0.0002 1.0000
0.7813 0.1966 132.6632 -0.0874 1.0233 50.0872 -0.0002 0.0002 1.0000
0.8161 0.1622 124.2202 -0.0767 1.0170 48.0013 -0.0001 0.0002 1.0000
0.8231 0.0981 125.5091 -0.0716 0.9723 53.3611 -0.0001 0.0001 1.0000
0.8273 0.1762 107.4217 -0.0662 1.0320 36.7394 -0.0001 0.0002 1.0000
0.8031 0.1336 117.7160 -0.0736 0.9876 48.1213 -0.0001 0.0002 1.0000
0.7968 0.1955 104.2338 -0.0830 1.0227 45.6331 -0.0002 0.0002 1.0000
0.8684 0.1368 85.6009 -0.0552 1.0188 33.2155 -0.0001 0.0002 1.0000
0.7504 0.1470 117.1529 -0.0872 0.9693 51.1747 -0.0002 0.0002 1.0000
0.8856 0.1731 66.2090 -0.0547 1.0566 23.7742 -0.0001 0.0002 1.0000
0.8573 0.1976 67.3970 -0.0605 1.0575 24.0364 -0.0001 0.0002 1.0000
0.8893 0.1318 64.3293 -0.0497 1.0269 26.4730 -0.0001 0.0002 1.0000
0.9307 0.2160 33.6091 -0.0449 1.1123 8.3295 -0.0001 0.0003 1.0000
0.8189 0.1836 69.6817 -0.0736 1.0289 32.4761 -0.0001 0.0002 1.0000
0.9035 0.2359 29.9541 -0.0511 1.1082 7.9873 -0.0001 0.0003 1.0000
0.8506 0.1289 60.1316 -0.0524 0.9979 25.6376 -0.0001 0.0002 1.0000
0.8230 0.1433 64.2519 -0.0648 0.9995 29.4427 -0.0001 0.0002 1.0000
0.8716 0.1228 50.2154 -0.0574 1.0141 25.5681 -0.0001 0.0002 1.0000
0.9509 0.2797 -7.6366 -0.0418 1.1565 -8.0860 -0.0001 0.0004 1.0000
0.8207 0.1614 53.0045 -0.0620 1.0055 23.8928 -0.0001 0.0002 1.0000
0.8939 0.1640 23.7433 -0.0459 1.0511 7.1161 -0.0001 0.0002 1.0000
0.8661 0.2010 28.6571 -0.0515 1.0705 4.1456 -0.0001 0.0003 1.0000
0.8538 0.2211 20.5800 -0.0613 1.0633 8.6845 -0.0001 0.0003 1.0000
0.8101 0.1405 47.4690 -0.0570 0.9916 15.1514 -0.0001 0.0002 1.0000
0.9359 0.2657 -16.4299 -0.0453 1.1497 -14.3362 -0.0001 0.0004 1.0000
0.8734 0.1413 19.4798 -0.0425 1.0236 2.6686 -0.0001 0.0002 1.0000
0.9462 0.2034 -21.0432 -0.0361 1.1029 -12.7383 -0.0000 0.0003 1.0000
0.7904 0.0977 46.7553 -0.0606 0.9475 20.9451 -0.0001 0.0001 1.0000
0.9281 0.2392 -26.9552 -0.0420 1.1189 -15.3915 -0.0001 0.0004 1.0000
0.8529 0.1534 9.6786 -0.0550 1.0214 5.0720 -0.0001 0.0002 1.0000
0.9426 0.2057 -34.3482 -0.0362 1.0997 -16.2322 -0.0000 0.0003 1.0000
0.8463 0.2116 -3.7928 -0.0566 1.0604 -4.4016 -0.0001 0.0003 1.0000
0.8968 0.1817 -20.7255 -0.0454 1.0631 -8.5894 -0.0001 0.0003 1.0000
0.9615 0.1845 -45.2625 -0.0264 1.1003 -23.1805 -0.0000 0.0003 1.0000
0.8962 0.1205 -14.9244 -0.0364 1.0229 -7.7626 -0.0000 0.0002 1.0000
0.9286 0.1792 -40.4932 -0.0366 1.0742 -15.0020 -0.0000 0.0003 1.0000
0.9036 0.1396 -26.8107 -0.0367 1.0366 -9.3336 -0.0000 0.0002 1.0000
0.9981 0.1883 -70.7909 -0.0202 1.1205 -29.6393 0.0000 0.0003 1.0000
0.8806 0.1563 -26.2917 -0.0382 1.0390 -12.3171 -0.0001 0.0002 1.0000
0.9182 0.1528 -41.1664 -0.0359 1.0619 -16.4224 -0.0000 0.0002 1.0000
1.0135 0.2057 -86.6519 -0.0196 1.1454 -36.1501 0.0000 0.0003 1.0000
0.9628 0.2122 -75.0242 -0.0390 1.1248 -25.4264 -0.0000 0.0003 1.0000
0.9489 0.1572 -59.0031 -0.0225 1.0811 -27.2644 -0.0000 0.0002 1.0000
