703.101676 254.499846 807.489101 256.484398 824.159336 416.836184 718.184269 422.789839 
703.095156 250.569204 808.977509 253.060554 826.416955 413.752595 719.288927 418.735294 
706.832180 248.077855 812.714533 249.323529 830.153979 410.015571 723.025952 416.243945 
706.832180 243.095156 815.162516 244.547018 832.038138 407.678031 724.271626 414.998270 
710.569204 238.112457 817.697232 238.112457 835.136678 406.278547 726.762976 408.769896 
711.814879 234.375433 821.434256 235.621107 840.119377 402.541522 729.254325 408.769896 
716.632719 231.233665 823.558148 232.977014 843.856401 400.050173 731.745675 407.524221 
718.043253 225.655709 826.910632 228.598527 845.895707 396.651596 735.482699 403.787197 
719.992078 225.273813 829.527265 226.028458 850.621793 396.190980 738.677199 404.650975 
720.538616 222.396412 832.645329 221.918685 852.576125 396.313149 740.465398 403.787197 
723.375300 220.409204 835.136678 220.673010 857.558824 395.067474 741.711073 403.787197 
724.271626 219.427336 838.873702 219.427336 860.087808 397.229922 746.693772 403.787197 
728.795933 218.128372 842.003230 218.128372 865.032872 396.313149 746.693772 405.032872 
732.707305 215.927494 845.914603 215.224343 869.118583 395.934128 750.430796 405.032872 
732.991349 213.198962 848.839100 213.198962 870.383729 395.059849 754.167820 403.787197 
734.709233 209.461938 850.105630 212.360077 874.856542 394.124589 757.131378 405.032872 
736.728374 209.461938 853.821799 208.216263 876.243945 391.330450 759.150519 401.295848 
737.974048 205.724913 852.576125 204.479239 877.489619 391.330450 759.150519 401.295848 
736.728374 203.233564 853.821799 201.987889 878.735294 388.839100 759.150519 400.050173 
736.728374 198.250865 856.313149 199.496540 878.735294 387.593426 759.150519 398.804498 
734.400849 194.264694 857.452260 194.264694 879.980969 385.102076 757.904844 396.313149 
735.482699 190.776817 857.914836 190.174166 882.472318 382.610727 757.904844 393.821799 
732.991349 187.039792 857.197830 186.297900 882.472318 380.119377 757.904844 392.576125 
729.254325 182.057093 857.558824 182.057093 882.472318 380.119377 755.413495 391.330450 
728.551174 177.074394 856.279770 178.575306 880.186901 378.270166 753.464669 388.839100 
724.271626 173.337370 853.821799 173.337370 879.383864 376.166163 750.430796 388.839100 
720.534602 172.091696 852.576125 172.091696 877.489619 375.136678 749.185121 387.593426 
718.043253 169.600346 851.330450 167.108997 878.735294 372.645329 746.693772 386.347751 
714.306228 164.617647 848.839100 164.617647 876.174451 372.524365 741.312144 387.966614 
710.569204 162.126298 847.593426 160.880623 874.998270 372.645329 740.465398 387.593426 
709.323529 159.634948 845.102076 159.634948 871.261246 371.399654 735.482699 386.347751 
705.586505 157.143599 843.856401 157.143599 871.261246 373.891003 732.991349 387.593426 
700.603806 155.897924 840.119377 155.897924 870.015571 373.891003 729.254325 391.330450 
696.866782 153.406574 840.119377 153.406574 868.769896 375.136678 726.762976 391.330450 
697.203467 153.387625 840.119377 150.915225 869.407939 378.002154 724.271626 395.067474 
693.129758 153.406574 839.289542 150.666958 869.454716 379.612897 723.025952 396.313149 
689.392734 152.160900 841.365052 150.915225 870.389689 381.113064 720.534602 398.804498 
689.392734 148.423875 841.365052 145.932526 871.261246 385.102076 719.288927 405.032872 
685.655709 147.178201 842.610727 144.686851 873.752595 383.856401 719.288927 403.787197 
685.655709 144.686851 842.610727 143.441176 876.243945 383.856401 715.551903 406.278547 
683.164360 140.949827 843.856401 139.704152 876.243945 385.102076 718.043253 405.032872 
683.164360 139.704152 843.342364 136.508779 878.735294 386.347751 714.306228 408.769896 
680.673010 134.721453 845.102076 132.230104 879.980969 385.102076 715.551903 408.769896 
679.427336 132.230104 848.839100 128.493080 882.472318 385.102076 714.306228 407.524221 
675.690311 127.247405 850.084775 123.510381 883.717993 385.102076 711.814879 407.524221 
675.690311 122.264706 850.084775 119.773356 884.963668 385.102076 710.569204 410.015571 
671.953287 118.527682 850.084775 114.790657 886.209343 386.347751 709.323529 410.015571 
671.953287 116.036332 849.007967 114.288571 885.507828 385.697793 706.832180 410.015571 
668.216263 112.299308 851.330450 111.053633 886.209343 385.102076 706.832180 411.261246 
668.216263 106.070934 851.330450 104.825260 888.700692 387.593426 706.832180 412.506920 
663.233564 107.316609 852.576125 101.088235 891.192042 391.330450 703.095156 416.243945 
663.233564 106.070934 852.576125 99.842561 893.683391 392.576125 703.095156 418.735294 
658.250865 103.579585 857.558824 101.088235 894.929066 392.576125 698.112457 424.963668 
658.250865 102.333910 856.313149 99.842561 894.929066 402.541522 694.375433 429.946367 
653.268166 102.333910 858.804498 101.088235 901.157439 408.769896 694.375433 433.683391 
650.776817 102.333910 862.541522 97.351211 902.403114 406.278547 691.884083 439.911765 
653.268166 101.088235 866.278547 94.859862 903.648789 410.015571 689.392734 442.403114 
649.531142 97.351211 866.278547 92.368512 904.894464 414.998270 689.392734 448.631488 
642.057093 96.105536 868.769896 92.368512 908.631488 419.980969 685.655709 453.614187 
640.811419 93.614187 868.769896 91.122837 909.877163 426.209343 683.164360 459.842561 
637.074394 91.122837 868.769896 88.631488 909.877163 426.209343 680.673010 463.579585 
635.828720 91.122837 870.015571 87.385813 913.614187 433.683391 675.690311 469.807958 
627.108997 91.122837 868.769896 84.894464 913.614187 436.174740 671.953287 472.299308 
624.617647 87.385813 870.015571 79.911765 913.614187 441.157439 668.216263 478.527682 
615.897924 82.403114 870.015571 78.666090 914.859862 442.403114 665.724913 484.756055 
610.915225 81.157439 870.015571 74.929066 913.614187 449.877163 658.250865 486.001730 
605.932526 77.420415 868.769896 72.437716 912.368512 451.122837 650.776817 492.230104 
597.212803 74.929066 867.524221 71.192042 912.368512 453.614187 644.548443 495.967128 
589.738754 71.192042 862.541522 67.455017 909.877163 459.842561 635.828720 499.704152 
576.036332 68.700692 860.050173 63.717993 903.648789 462.333910 623.371972 503.441176 
566.070934 67.455017 851.330450 62.472318 896.174740 467.316609 613.406574 508.423875 
554.859862 64.963668 847.593426 59.980969 892.437716 469.807958 600.949827 513.406574 
541.157439 62.472318 840.119377 57.489619 886.209343 474.790657 587.247405 517.143599 
527.455017 62.472318 832.645329 57.489619 877.489619 481.019031 572.299308 528.354671 
511.261246 64.963668 825.171280 57.489619 868.769896 489.738754 558.596886 537.074394 
493.821799 61.226644 813.960208 59.980969 860.050173 495.967128 541.157439 545.794118 
478.873702 67.455017 803.994810 61.226644 848.839100 505.932526 523.717993 553.268166 
458.942907 67.455017 792.783737 63.717993 838.873702 512.160900 506.278547 561.987889 
441.503460 69.946367 779.081315 67.455017 825.171280 519.634948 487.593426 570.707612 
421.572664 69.946367 770.361592 64.963668 816.451557 527.108997 471.399654 579.427336 
404.133218 67.455017 757.904844 63.717993 803.994810 533.337370 450.223183 586.901384 
387.939446 67.455017 745.448097 61.226644 792.783737 538.320069 427.801038 590.638408 
363.025952 62.472318 731.745675 61.226644 776.589965 542.057093 410.361592 598.112457 
340.603806 61.226644 718.043253 58.735294 761.641869 545.794118 389.185121 601.849481 
319.427336 58.735294 701.849481 57.489619 746.693772 552.022491 363.025952 606.832180 
295.759516 57.489619 685.655709 53.752595 729.254325 555.759516 340.603806 610.569204 
274.583045 54.998270 670.707612 48.769896 711.814879 555.759516 314.444637 613.060554 
252.160900 52.506920 653.268166 45.032872 694.375433 560.742215 292.022491 613.060554 
226.001730 43.787197 637.074394 41.295848 676.935986 561.987889 268.354671 614.306228 
202.333910 38.804498 618.389273 36.313149 659.496540 563.233564 239.704152 615.551903 
173.683391 30.084775 602.195502 30.084775 642.057093 561.987889 217.282007 618.043253 
152.506920 25.102076 583.510381 25.102076 623.371972 563.233564 188.631488 619.288927 
127.593426 21.365052 567.316609 20.119377 602.195502 570.707612 161.226644 620.534602 
97.697232 20.119377 544.894464 17.628028 583.510381 571.953287 133.821799 620.534602 
69.046713 12.645329 523.717993 12.645329 563.579585 573.198962 103.925606 623.025952 
42.887543 12.645329 505.032872 10.153979 541.157439 579.427336 77.766436 629.254325 
20.465398 11.399654 485.102076 11.399654 523.717993 583.164360 51.607266 636.728374 
-4.942563 12.645329 470.468977 12.645329 503.657422 590.124263 28.695444 642.156615 
-6.725672 12.624466 452.141761 13.943050 485.945708 599.011363 3.197256 647.691879 
0.000000 0.000000 0.000000 0.000000 0.000000 0.000000 0.000000 0.000000 
0.000000 0.000000 0.000000 0.000000 0.000000 0.000000 0.000000 0.000000 
0.000000 0.000000 0.000000 0.000000 0.000000 0.000000 0.000000 0.000000 
0.000000 0.000000 0.000000 0.000000 0.000000 0.000000 0.000000 0.000000 
0.000000 0.000000 0.000000 0.000000 0.000000 0.000000 0.000000 0.000000 
0.000000 0.000000 0.000000 0.000000 0.000000 0.000000 0.000000 0.000000 
0.000000 0.000000 0.000000 0.000000 0.000000 0.000000 0.000000 0.000000 
0.000000 0.000000 0.000000 0.000000 0.000000 0.000000 0.000000 0.000000 
0.000000 0.000000 0.000000 0.000000 0.000000 0.000000 0.000000 0.000000 
0.000000 0.000000 0.000000 0.000000 0.000000 0.000000 0.000000 0.000000 
0.000000 0.000000 0.000000 0.000000 0.000000 0.000000 0.000000 0.000000 
0.000000 0.000000 0.000000 0.000000 0.000000 0.000000 0.000000 0.000000 
0.000000 0.000000 0.000000 0.000000 0.000000 0.000000 0.000000 0.000000 
0.000000 0.000000 0.000000 0.000000 0.000000 0.000000 0.000000 0.000000 
0.000000 0.000000 0.000000 0.000000 0.000000 0.000000 0.000000 0.000000 
0.000000 0.000000 0.000000 0.000000 0.000000 0.000000 0.000000 0.000000 
0.000000 0.000000 0.000000 0.000000 0.000000 0.000000 0.000000 0.000000 
0.000000 0.000000 0.000000 0.000000 0.000000 0.000000 0.000000 0.000000 
0.000000 0.000000 0.000000 0.000000 0.000000 0.000000 0.000000 0.000000 
0.000000 0.000000 0.000000 0.000000 0.000000 0.000000 0.000000 0.000000 
0.000000 0.000000 0.000000 0.000000 0.000000 0.000000 0.000000 0.000000 
0.000000 0.000000 0.000000 0.000000 0.000000 0.000000 0.000000 0.000000 
0.000000 0.000000 0.000000 0.000000 0.000000 0.000000 0.000000 0.000000 
0.000000 0.000000 0.000000 0.000000 0.000000 0.000000 0.000000 0.000000 
0.000000 0.000000 0.000000 0.000000 0.000000 0.000000 0.000000 0.000000 
0.000000 0.000000 0.000000 0.000000 0.000000 0.000000 0.000000 0.000000 
0.000000 0.000000 0.000000 0.000000 0.000000 0.000000 0.000000 0.000000 
0.000000 0.000000 0.000000 0.000000 0.000000 0.000000 0.000000 0.000000 
0.000000 0.000000 0.000000 0.000000 0.000000 0.000000 0.000000 0.000000 
0.000000 0.000000 0.000000 0.000000 0.000000 0.000000 0.000000 0.000000 
0.000000 0.000000 0.000000 0.000000 0.000000 0.000000 0.000000 0.000000 
0.000000 0.000000 0.000000 0.000000 0.000000 0.000000 0.000000 0.000000 
0.000000 0.000000 0.000000 0.000000 0.000000 0.000000 0.000000 0.000000 
0.000000 0.000000 0.000000 0.000000 0.000000 0.000000 0.000000 0.000000 
0.000000 0.000000 0.000000 0.000000 0.000000 0.000000 0.000000 0.000000 
0.000000 0.000000 0.000000 0.000000 0.000000 0.000000 0.000000 0.000000 
0.000000 0.000000 0.000000 0.000000 0.000000 0.000000 0.000000 0.000000 
0.000000 0.000000 0.000000 0.000000 0.000000 0.000000 0.000000 0.000000 
10.873876 21.390410 392.995977 20.025688 387.727414 560.053395 -4.915058 546.372472 
49.115917 20.119377 434.029412 20.119377 426.555363 557.005190 44.133218 545.794118 
91.468858 20.119377 471.399654 20.119377 467.662630 557.005190 83.994810 544.548443 
130.084775 20.119377 511.261246 21.365052 502.541522 557.005190 123.856401 542.057093 
171.192042 21.365052 549.877163 21.365052 541.157439 554.513841 162.472318 540.811419 
208.562284 22.610727 584.756055 22.610727 576.036332 555.759516 199.842561 538.320069 
243.441176 25.102076 622.126298 25.102076 607.178201 554.513841 232.230104 539.565744 
274.583045 26.347751 653.268166 28.839100 639.565744 557.005190 265.863322 540.811419 
308.216263 32.576125 685.655709 28.839100 670.707612 559.496540 295.759516 542.057093 
335.621107 31.330450 715.551903 28.839100 705.586505 561.987889 326.901384 544.548443 
366.762976 33.821799 746.693772 33.821799 732.991349 563.233564 355.551903 542.057093 
395.413495 33.821799 780.326990 31.330450 764.133218 565.724913 384.202422 544.548443 
426.555363 33.821799 807.731834 31.330450 794.029412 564.479239 414.098616 545.794118 
452.714533 35.067474 841.365052 31.330450 823.925606 569.461938 440.257785 545.794118 
480.119377 33.821799 867.524221 31.330450 851.330450 571.953287 466.416955 544.548443 
502.541522 32.576125 897.420415 26.347751 882.472318 571.953287 492.576125 549.531142 
528.700692 31.330450 926.070934 23.856401 911.122837 571.953287 514.998270 552.022491 
552.368512 28.839100 957.212803 22.610727 938.527682 574.444637 541.157439 553.268166 
574.790657 27.593426 984.617647 20.119377 970.915225 579.427336 562.333910 553.268166 
597.212803 22.610727 1014.513841 15.136678 999.565744 581.918685 584.756055 555.759516 
624.617647 21.365052 1043.164360 12.645329 1025.724913 583.164360 607.178201 557.005190 
645.794118 17.628028 1066.832180 7.662630 1051.884083 579.427336 632.091696 554.513841 
668.216263 17.628028 1095.482699 5.171280 1080.534602 584.410035 654.513841 557.005190 
691.884083 13.891003 1126.624567 2.679931 1110.430796 585.655709 679.427336 559.496540 
715.551903 13.891003 1154.029412 0.500000 1141.572664 591.884083 703.095156 563.233564 
742.155454 11.791035 1184.039182 -1.253503 1171.041664 591.433332 727.738228 564.888216 
766.954663 11.932241 1215.209991 -2.021232 1200.924892 594.056992 755.197494 569.744588 
794.468732 13.031164 1241.366391 0.030505 1228.348346 594.955168 780.098174 570.870084 
816.451557 16.382353 1266.140138 2.679931 1254.929066 596.866782 807.731834 571.953287 
0.000000 0.000000 0.000000 0.000000 0.000000 0.000000 0.000000 0.000000 
0.000000 0.000000 0.000000 0.000000 0.000000 0.000000 0.000000 0.000000 
0.000000 0.000000 0.000000 0.000000 0.000000 0.000000 0.000000 0.000000 
0.000000 0.000000 0.000000 0.000000 0.000000 0.000000 0.000000 0.000000 
0.000000 0.000000 0.000000 0.000000 0.000000 0.000000 0.000000 0.000000 
0.000000 0.000000 0.000000 0.000000 0.000000 0.000000 0.000000 0.000000 
0.000000 0.000000 0.000000 0.000000 0.000000 0.000000 0.000000 0.000000 
0.000000 0.000000 0.000000 0.000000 0.000000 0.000000 0.000000 0.000000 
0.000000 0.000000 0.000000 0.000000 0.000000 0.000000 0.000000 0.000000 
0.000000 0.000000 0.000000 0.000000 0.000000 0.000000 0.000000 0.000000 
0.000000 0.000000 0.000000 0.000000 0.000000 0.000000 0.000000 0.000000 
0.000000 0.000000 0.000000 0.000000 0.000000 0.000000 0.000000 0.000000 
0.000000 0.000000 0.000000 0.000000 0.000000 0.000000 0.000000 0.000000 
0.000000 0.000000 0.000000 0.000000 0.000000 0.000000 0.000000 0.000000 
0.000000 0.000000 0.000000 0.000000 0.000000 0.000000 0.000000 0.000000 
0.000000 0.000000 0.000000 0.000000 0.000000 0.000000 0.000000 0.000000 
0.000000 0.000000 0.000000 0.000000 0.000000 0.000000 0.000000 0.000000 
0.000000 0.000000 0.000000 0.000000 0.000000 0.000000 0.000000 0.000000 
0.000000 0.000000 0.000000 0.000000 0.000000 0.000000 0.000000 0.000000 
0.000000 0.000000 0.000000 0.000000 0.000000 0.000000 0.000000 0.000000 
0.000000 0.000000 0.000000 0.000000 0.000000 0.000000 0.000000 0.000000 
0.000000 0.000000 0.000000 0.000000 0.000000 0.000000 0.000000 0.000000 
0.000000 0.000000 0.000000 0.000000 0.000000 0.000000 0.000000 0.000000 
0.000000 0.000000 0.000000 0.000000 0.000000 0.000000 0.000000 0.000000 
0.000000 0.000000 0.000000 0.000000 0.000000 0.000000 0.000000 0.000000 
0.000000 0.000000 0.000000 0.000000 0.000000 0.000000 0.000000 0.000000 
0.000000 0.000000 0.000000 0.000000 0.000000 0.000000 0.000000 0.000000 
0.000000 0.000000 0.000000 0.000000 0.000000 0.000000 0.000000 0.000000 
0.000000 0.000000 0.000000 0.000000 0.000000 0.000000 0.000000 0.000000 
0.000000 0.000000 0.000000 0.000000 0.000000 0.000000 0.000000 0.000000 
0.000000 0.000000 0.000000 0.000000 0.000000 0.000000 0.000000 0.000000 
0.000000 0.000000 0.000000 0.000000 0.000000 0.000000 0.000000 0.000000 
0.000000 0.000000 0.000000 0.000000 0.000000 0.000000 0.000000 0.000000 
0.000000 0.000000 0.000000 0.000000 0.000000 0.000000 0.000000 0.000000 
0.000000 0.000000 0.000000 0.000000 0.000000 0.000000 0.000000 0.000000 
0.000000 0.000000 0.000000 0.000000 0.000000 0.000000 0.000000 0.000000 
0.000000 0.000000 0.000000 0.000000 0.000000 0.000000 0.000000 0.000000 
0.000000 0.000000 0.000000 0.000000 0.000000 0.000000 0.000000 0.000000 
0.000000 0.000000 0.000000 0.000000 0.000000 0.000000 0.000000 0.000000 
918.596886 20.119377 1272.368512 16.382353 1263.648789 482.264706 917.351211 482.264706 
887.455017 20.119377 1239.980969 16.382353 1231.261246 478.527682 886.209343 478.527682 
865.032872 20.119377 1205.102076 16.382353 1198.873702 474.790657 858.804498 474.790657 
833.891003 18.873702 1175.205882 16.382353 1167.731834 472.299308 830.153979 473.544983 
808.977509 18.873702 1147.801038 16.382353 1137.835640 468.562284 803.994810 469.807958 
784.064014 18.873702 1115.413495 16.382353 1109.185121 467.316609 779.081315 468.562284 
755.413495 18.873702 1089.254325 18.873702 1083.025952 461.088235 754.167820 466.070934 
729.254325 17.628028 1063.095156 17.628028 1056.866782 459.842561 731.745675 463.579585 
706.832180 16.382353 1036.935986 17.628028 1033.198962 458.596886 709.323529 459.842561 
688.147059 15.136678 1010.776817 17.628028 1009.531142 453.614187 688.147059 457.351211 
668.216263 17.628028 988.354671 17.628028 989.600346 451.122837 668.216263 457.351211 
648.285467 20.119377 970.915225 20.119377 967.178201 453.614187 650.776817 457.351211 
630.846021 20.119377 955.967128 20.119377 949.738754 452.368512 633.337370 456.105536 
615.897924 18.873702 936.036332 21.365052 931.053633 448.631488 619.634948 456.105536 
600.949827 18.873702 921.088235 22.610727 917.351211 448.631488 604.686851 453.614187 
588.493080 17.628028 906.140138 21.365052 902.403114 448.631488 589.738754 454.859862 
572.299308 15.136678 892.437716 20.119377 892.437716 448.631488 581.019031 454.859862 
567.316609 17.628028 883.717993 20.119377 879.980969 449.877163 567.316609 454.859862 
557.351211 20.119377 868.769896 25.102076 871.261246 448.631488 558.596886 456.105536 
548.631488 22.610727 865.032872 27.593426 862.541522 452.368512 554.859862 459.842561 
541.157439 26.347751 857.558824 32.576125 858.804498 454.859862 546.140138 462.333910 
537.420415 35.067474 851.330450 40.050173 851.330450 462.333910 544.894464 467.316609 
531.192042 42.541522 848.839100 48.769896 850.084775 469.807958 539.911765 474.790657 
531.192042 53.752595 843.856401 57.489619 845.102076 478.527682 534.929066 484.756055 
528.700692 67.455017 841.365052 71.192042 842.610727 489.738754 531.192042 495.967128 
526.209343 79.911765 840.119377 87.385813 836.382353 499.704152 531.192042 508.423875 
526.209343 94.859862 833.891003 102.333910 833.891003 514.652249 527.455017 523.371972 
522.472318 111.053633 831.399654 118.527682 832.645329 534.583045 527.455017 539.565744 
523.717993 127.247405 830.153979 135.967128 831.399654 548.285467 523.717993 554.513841 
523.717993 145.932526 830.153979 153.406574 827.662630 565.724913 519.980969 574.444637 
523.717993 163.371972 827.662630 173.337370 827.662630 584.410035 518.735294 591.884083 
523.717993 182.057093 826.416955 192.022491 823.925606 606.832180 518.735294 609.323529 
522.472318 201.987889 827.662630 210.707612 826.416955 624.271626 514.998270 629.254325 
526.209343 218.181661 825.171280 229.392734 825.171280 642.956747 513.752595 647.939446 
526.209343 240.603806 827.662630 250.569204 825.171280 664.133218 513.752595 666.624567 
523.717993 256.797578 830.153979 269.254325 825.171280 684.064014 514.998270 689.046713 
526.209343 280.465398 827.662630 290.430796 825.171280 706.486159 511.261246 708.977509 
0.000000 0.000000 0.000000 0.000000 0.000000 0.000000 0.000000 0.000000 
0.000000 0.000000 0.000000 0.000000 0.000000 0.000000 0.000000 0.000000 
0.000000 0.000000 0.000000 0.000000 0.000000 0.000000 0.000000 0.000000 
0.000000 0.000000 0.000000 0.000000 0.000000 0.000000 0.000000 0.000000 
0.000000 0.000000 0.000000 0.000000 0.000000 0.000000 0.000000 0.000000 
0.000000 0.000000 0.000000 0.000000 0.000000 0.000000 0.000000 0.000000 
0.000000 0.000000 0.000000 0.000000 0.000000 0.000000 0.000000 0.000000 
0.000000 0.000000 0.000000 0.000000 0.000000 0.000000 0.000000 0.000000 
0.000000 0.000000 0.000000 0.000000 0.000000 0.000000 0.000000 0.000000 
0.000000 0.000000 0.000000 0.000000 0.000000 0.000000 0.000000 0.000000 
0.000000 0.000000 0.000000 0.000000 0.000000 0.000000 0.000000 0.000000 
0.000000 0.000000 0.000000 0.000000 0.000000 0.000000 0.000000 0.000000 
0.000000 0.000000 0.000000 0.000000 0.000000 0.000000 0.000000 0.000000 
0.000000 0.000000 0.000000 0.000000 0.000000 0.000000 0.000000 0.000000 
0.000000 0.000000 0.000000 0.000000 0.000000 0.000000 0.000000 0.000000 
0.000000 0.000000 0.000000 0.000000 0.000000 0.000000 0.000000 0.000000 
0.000000 0.000000 0.000000 0.000000 0.000000 0.000000 0.000000 0.000000 
0.000000 0.000000 0.000000 0.000000 0.000000 0.000000 0.000000 0.000000 
0.000000 0.000000 0.000000 0.000000 0.000000 0.000000 0.000000 0.000000 
0.000000 0.000000 0.000000 0.000000 0.000000 0.000000 0.000000 0.000000 
0.000000 0.000000 0.000000 0.000000 0.000000 0.000000 0.000000 0.000000 
0.000000 0.000000 0.000000 0.000000 0.000000 0.000000 0.000000 0.000000 
0.000000 0.000000 0.000000 0.000000 0.000000 0.000000 0.000000 0.000000 
0.000000 0.000000 0.000000 0.000000 0.000000 0.000000 0.000000 0.000000 
0.000000 0.000000 0.000000 0.000000 0.000000 0.000000 0.000000 0.000000 
0.000000 0.000000 0.000000 0.000000 0.000000 0.000000 0.000000 0.000000 
0.000000 0.000000 0.000000 0.000000 0.000000 0.000000 0.000000 0.000000 
0.000000 0.000000 0.000000 0.000000 0.000000 0.000000 0.000000 0.000000 
0.000000 0.000000 0.000000 0.000000 0.000000 0.000000 0.000000 0.000000 
0.000000 0.000000 0.000000 0.000000 0.000000 0.000000 0.000000 0.000000 
0.000000 0.000000 0.000000 0.000000 0.000000 0.000000 0.000000 0.000000 
0.000000 0.000000 0.000000 0.000000 0.000000 0.000000 0.000000 0.000000 
0.000000 0.000000 0.000000 0.000000 0.000000 0.000000 0.000000 0.000000 
0.000000 0.000000 0.000000 0.000000 0.000000 0.000000 0.000000 0.000000 
0.000000 0.000000 0.000000 0.000000 0.000000 0.000000 0.000000 0.000000 
0.000000 0.000000 0.000000 0.000000 0.000000 0.000000 0.000000 0.000000 
0.000000 0.000000 0.000000 0.000000 0.000000 0.000000 0.000000 0.000000 
0.000000 0.000000 0.000000 0.000000 0.000000 0.000000 0.000000 0.000000 
0.000000 0.000000 0.000000 0.000000 0.000000 0.000000 0.000000 0.000000 
0.000000 0.000000 0.000000 0.000000 0.000000 0.000000 0.000000 0.000000 
0.000000 0.000000 0.000000 0.000000 0.000000 0.000000 0.000000 0.000000 
0.000000 0.000000 0.000000 0.000000 0.000000 0.000000 0.000000 0.000000 
0.000000 0.000000 0.000000 0.000000 0.000000 0.000000 0.000000 0.000000 
0.000000 0.000000 0.000000 0.000000 0.000000 0.000000 0.000000 0.000000 
550.114954 289.874917 851.032981 302.298138 860.440854 714.900573 543.468220 723.241958 
553.614187 269.254325 848.839100 275.482699 861.295848 691.538062 546.140138 696.520761 
552.368512 243.095156 851.330450 253.060554 860.050173 665.378893 548.631488 674.098616 
552.368512 220.673010 851.330450 229.392734 862.541522 639.219723 549.877163 646.693772 
554.859862 200.742215 853.821799 204.479239 865.032872 619.288927 549.877163 626.762976 
554.859862 175.828720 860.050173 180.811419 867.524221 591.884083 553.614187 600.603806 
558.596886 149.669550 861.295848 154.652249 870.015571 568.216263 558.596886 574.444637 
554.859862 122.264706 865.032872 129.738754 870.015571 542.057093 558.596886 548.285467 
558.596886 94.859862 867.524221 101.088235 874.998270 515.897924 562.333910 525.863322 
557.351211 69.946367 868.769896 74.929066 877.489619 492.230104 563.579585 497.212803 
562.333910 45.032872 868.769896 48.769896 878.735294 467.316609 566.070934 472.299308 
558.596886 16.382353 871.261246 18.873702 879.980969 439.911765 567.316609 448.631488 
0.000000 0.000000 0.000000 0.000000 0.000000 0.000000 0.000000 0.000000 
0.000000 0.000000 0.000000 0.000000 0.000000 0.000000 0.000000 0.000000 
0.000000 0.000000 0.000000 0.000000 0.000000 0.000000 0.000000 0.000000 
0.000000 0.000000 0.000000 0.000000 0.000000 0.000000 0.000000 0.000000 
0.000000 0.000000 0.000000 0.000000 0.000000 0.000000 0.000000 0.000000 
0.000000 0.000000 0.000000 0.000000 0.000000 0.000000 0.000000 0.000000 
0.000000 0.000000 0.000000 0.000000 0.000000 0.000000 0.000000 0.000000 
0.000000 0.000000 0.000000 0.000000 0.000000 0.000000 0.000000 0.000000 
0.000000 0.000000 0.000000 0.000000 0.000000 0.000000 0.000000 0.000000 
0.000000 0.000000 0.000000 0.000000 0.000000 0.000000 0.000000 0.000000 
0.000000 0.000000 0.000000 0.000000 0.000000 0.000000 0.000000 0.000000 
0.000000 0.000000 0.000000 0.000000 0.000000 0.000000 0.000000 0.000000 
0.000000 0.000000 0.000000 0.000000 0.000000 0.000000 0.000000 0.000000 
0.000000 0.000000 0.000000 0.000000 0.000000 0.000000 0.000000 0.000000 
0.000000 0.000000 0.000000 0.000000 0.000000 0.000000 0.000000 0.000000 
0.000000 0.000000 0.000000 0.000000 0.000000 0.000000 0.000000 0.000000 
0.000000 0.000000 0.000000 0.000000 0.000000 0.000000 0.000000 0.000000 
0.000000 0.000000 0.000000 0.000000 0.000000 0.000000 0.000000 0.000000 
0.000000 0.000000 0.000000 0.000000 0.000000 0.000000 0.000000 0.000000 
0.000000 0.000000 0.000000 0.000000 0.000000 0.000000 0.000000 0.000000 
0.000000 0.000000 0.000000 0.000000 0.000000 0.000000 0.000000 0.000000 
0.000000 0.000000 0.000000 0.000000 0.000000 0.000000 0.000000 0.000000 
0.000000 0.000000 0.000000 0.000000 0.000000 0.000000 0.000000 0.000000 
0.000000 0.000000 0.000000 0.000000 0.000000 0.000000 0.000000 0.000000 
0.000000 0.000000 0.000000 0.000000 0.000000 0.000000 0.000000 0.000000 
0.000000 0.000000 0.000000 0.000000 0.000000 0.000000 0.000000 0.000000 
0.000000 0.000000 0.000000 0.000000 0.000000 0.000000 0.000000 0.000000 
0.000000 0.000000 0.000000 0.000000 0.000000 0.000000 0.000000 0.000000 
0.000000 0.000000 0.000000 0.000000 0.000000 0.000000 0.000000 0.000000 
0.000000 0.000000 0.000000 0.000000 0.000000 0.000000 0.000000 0.000000 
553.614187 18.873702 868.769896 27.593426 870.015571 453.614187 554.859862 457.351211 
554.859862 45.032872 868.769896 54.998270 867.524221 477.282007 554.859862 479.773356 
557.351211 64.963668 868.769896 78.666090 867.524221 497.212803 549.877163 499.704152 
558.596886 86.140138 868.769896 99.842561 867.524221 520.880623 552.368512 518.389273 
558.596886 104.825260 868.769896 122.264706 865.032872 540.811419 549.877163 537.074394 
563.579585 126.001730 868.769896 140.949827 862.541522 559.496540 549.877163 552.022491 
563.579585 143.441176 868.769896 160.880623 862.541522 578.181661 548.631488 569.461938 
563.579585 158.389273 867.524221 177.074394 860.050173 595.621107 546.140138 584.410035 
567.316609 174.583045 870.015571 193.268166 857.558824 609.323529 543.648789 598.112457 
571.053633 184.548443 873.752595 209.461938 852.576125 625.517301 539.911765 606.832180 
571.053633 192.022491 871.261246 221.918685 850.084775 639.219723 536.174740 619.288927 
576.036332 203.233564 871.261246 231.884083 845.102076 647.939446 532.437716 625.517301 
574.790657 204.479239 871.261246 243.095156 842.610727 659.150519 527.455017 631.745675 
574.790657 209.461938 874.998270 249.323529 835.136678 666.624567 522.472318 632.991349 
576.036332 210.707612 874.998270 259.288927 830.153979 670.361592 518.735294 635.482699 
576.036332 211.953287 874.998270 261.780277 822.679931 674.098616 508.769896 631.745675 
579.773356 208.216263 876.243945 266.762976 816.451557 672.852941 506.278547 628.008651 
581.019031 205.724913 878.735294 268.008651 805.240484 677.835640 500.050173 620.534602 
584.756055 200.742215 877.489619 272.991349 796.520761 676.589965 491.330450 616.797578 
589.738754 197.005190 876.243945 277.974048 785.309689 679.081315 480.119377 606.832180 
593.475779 193.268166 876.243945 280.465398 772.852941 680.326990 471.399654 598.112457 
595.967128 190.776817 876.243945 287.939446 760.396194 680.326990 463.925606 590.638408 
595.967128 190.776817 874.998270 292.922145 744.202422 682.818339 451.468858 586.901384 
592.230104 188.285467 868.769896 300.396194 729.254325 686.555363 439.012111 581.918685 
595.967128 184.548443 862.541522 306.624567 714.306228 687.801038 424.064014 574.444637 
589.738754 182.057093 860.050173 314.098616 698.112457 691.538062 414.098616 570.707612 
593.475779 182.057093 856.313149 317.835640 683.164360 689.046713 401.641869 560.742215 
592.230104 180.811419 851.330450 321.572664 671.953287 686.555363 392.922145 552.022491 
595.967128 172.091696 850.084775 324.064014 659.496540 682.818339 386.693772 539.565744 
600.949827 167.108997 848.839100 325.309689 648.285467 675.344291 377.974048 527.108997 
602.195502 155.897924 845.102076 321.572664 639.565744 666.624567 372.991349 513.406574 
607.178201 150.915225 845.102076 320.326990 630.846021 661.641869 365.517301 497.212803 
614.652249 139.704152 847.593426 317.835640 624.617647 650.430796 365.517301 479.773356 
619.634948 130.984429 848.839100 315.344291 615.897924 640.465398 363.025952 464.825260 
627.108997 121.019031 851.330450 312.852941 609.669550 632.991349 361.780277 452.368512 
630.846021 111.053633 853.821799 306.624567 607.178201 621.780277 360.534602 439.911765 
632.091696 102.333910 853.821799 301.641869 602.195502 615.551903 361.780277 428.700692 
635.828720 97.351211 853.821799 297.904844 602.195502 611.814879 361.780277 421.226644 
639.565744 94.859862 858.804498 295.413495 602.195502 605.586505 361.780277 416.243945 
637.074394 92.368512 857.558824 290.430796 607.178201 606.832180 363.025952 416.243945 
637.074394 94.859862 858.804498 290.430796 613.406574 610.569204 366.762976 424.963668 
630.846021 102.333910 861.295848 292.922145 623.371972 616.797578 372.991349 436.174740 
627.108997 111.053633 862.541522 292.922145 637.074394 623.025952 380.465398 453.614187 
622.126298 123.510381 865.032872 296.659170 650.776817 636.728374 391.676471 476.036332 
615.897924 142.195502 868.769896 299.150519 670.707612 650.430796 404.133218 502.195502 
614.652249 154.652249 873.752595 301.641869 693.129758 662.887543 419.081315 528.354671 
610.915225 170.846021 877.489619 301.641869 715.551903 672.852941 434.029412 552.022491 
610.915225 187.039792 884.963668 302.887543 737.974048 682.818339 452.714533 571.953287 
610.915225 195.759516 886.209343 299.150519 762.887543 687.801038 468.908304 590.638408 
610.915225 203.233564 892.437716 291.676471 785.309689 689.046713 485.102076 605.586505 
610.915225 208.216263 894.929066 282.956747 805.240484 685.309689 506.278547 613.060554 
605.932526 208.216263 896.174740 274.237024 823.925606 681.572664 518.735294 621.780277 
604.686851 209.461938 897.420415 266.762976 836.382353 675.344291 528.700692 625.517301 
598.458478 211.953287 896.174740 259.288927 847.593426 671.607266 536.174740 631.745675 
589.738754 210.707612 893.683391 249.323529 856.313149 664.133218 541.157439 635.482699 
588.493080 213.198962 886.209343 243.095156 862.541522 660.396194 546.140138 634.237024 
581.019031 209.461938 882.472318 233.129758 866.278547 652.922145 549.877163 632.991349 
572.299308 209.461938 876.243945 228.147059 868.769896 646.693772 553.614187 636.728374 
567.316609 209.461938 868.769896 221.918685 868.769896 639.219723 552.368512 637.974048 
561.088235 209.461938 861.295848 218.181661 867.524221 637.974048 553.614187 634.237024 
557.351211 206.970588 856.313149 213.198962 865.032872 629.254325 552.368512 635.482699 
552.368512 205.724913 851.330450 208.216263 866.278547 621.780277 552.368512 631.745675 
546.140138 201.987889 850.084775 200.742215 862.541522 616.797578 549.877163 624.271626 
541.157439 195.759516 842.610727 192.022491 860.050173 608.077855 546.140138 620.534602 
532.437716 188.285467 840.119377 185.794118 858.804498 601.849481 541.157439 614.306228 
531.192042 183.302768 833.891003 180.811419 851.330450 595.621107 537.420415 609.323529 
519.980969 177.074394 826.416955 175.828720 845.102076 590.638408 531.192042 603.095156 
514.998270 172.091696 816.451557 168.354671 836.382353 583.164360 523.717993 596.866782 
506.278547 167.108997 807.731834 163.371972 826.416955 576.935986 514.998270 593.129758 
497.558824 160.880623 800.257785 159.634948 816.451557 571.953287 505.032872 588.147059 
482.610727 154.652249 790.292388 152.160900 806.486159 568.216263 491.330450 583.164360 
471.399654 148.423875 779.081315 147.178201 796.520761 564.479239 478.873702 581.918685 
456.451557 144.686851 767.870242 144.686851 781.572664 559.496540 467.662630 573.198962 
445.240484 139.704152 754.167820 139.704152 766.624567 552.022491 451.468858 571.953287 
434.029412 133.475779 741.711073 137.212803 754.167820 548.285467 436.520761 565.724913 
415.344291 129.738754 726.762976 133.475779 737.974048 548.285467 422.818339 561.987889 
399.150519 127.247405 711.814879 132.230104 720.534602 542.057093 404.133218 558.250865 
381.711073 126.001730 694.375433 130.984429 703.095156 540.811419 386.693772 557.005190 
363.025952 118.527682 674.444637 126.001730 683.164360 538.320069 365.517301 550.776817 
344.340830 113.544983 654.513841 122.264706 661.987889 533.337370 343.095156 545.794118 
323.164360 108.562284 642.057093 119.773356 637.074394 532.091696 316.935986 542.057093 
300.742215 102.333910 615.897924 117.282007 614.652249 530.846021 292.022491 535.828720 
277.074394 96.105536 595.967128 111.053633 589.738754 528.354671 265.863322 529.600346 
252.160900 89.877163 571.053633 111.053633 563.579585 525.863322 237.212803 525.863322 
223.510381 88.631488 548.631488 107.316609 537.420415 520.880623 206.070934 523.371972 
197.351211 81.157439 522.472318 104.825260 510.015571 518.389273 177.420415 519.634948 
167.455017 77.420415 497.558824 102.333910 483.856401 522.126298 147.524221 517.143599 
136.313149 74.929066 471.399654 101.088235 456.451557 518.389273 112.645329 517.143599 
108.908304 72.437716 443.994810 99.842561 425.309689 519.634948 82.749135 517.143599 
77.766436 67.455017 419.081315 98.596886 399.150519 520.880623 49.115917 515.897924 
44.133218 64.963668 392.922145 97.351211 372.991349 522.126298 19.219723 514.652249 
17.336186 65.798531 364.782190 97.636213 344.878830 523.568119 -24.062466 517.999194 
0.000000 0.000000 0.000000 0.000000 0.000000 0.000000 0.000000 0.000000 
0.000000 0.000000 0.000000 0.000000 0.000000 0.000000 0.000000 0.000000 
0.000000 0.000000 0.000000 0.000000 0.000000 0.000000 0.000000 0.000000 
0.000000 0.000000 0.000000 0.000000 0.000000 0.000000 0.000000 0.000000 
0.000000 0.000000 0.000000 0.000000 0.000000 0.000000 0.000000 0.000000 
0.000000 0.000000 0.000000 0.000000 0.000000 0.000000 0.000000 0.000000 
0.000000 0.000000 0.000000 0.000000 0.000000 0.000000 0.000000 0.000000 
0.000000 0.000000 0.000000 0.000000 0.000000 0.000000 0.000000 0.000000 
0.000000 0.000000 0.000000 0.000000 0.000000 0.000000 0.000000 0.000000 
0.000000 0.000000 0.000000 0.000000 0.000000 0.000000 0.000000 0.000000 
0.000000 0.000000 0.000000 0.000000 0.000000 0.000000 0.000000 0.000000 
0.000000 0.000000 0.000000 0.000000 0.000000 0.000000 0.000000 0.000000 
0.000000 0.000000 0.000000 0.000000 0.000000 0.000000 0.000000 0.000000 
0.000000 0.000000 0.000000 0.000000 0.000000 0.000000 0.000000 0.000000 
0.000000 0.000000 0.000000 0.000000 0.000000 0.000000 0.000000 0.000000 
0.000000 0.000000 0.000000 0.000000 0.000000 0.000000 0.000000 0.000000 
0.000000 0.000000 0.000000 0.000000 0.000000 0.000000 0.000000 0.000000 
0.000000 0.000000 0.000000 0.000000 0.000000 0.000000 0.000000 0.000000 
0.000000 0.000000 0.000000 0.000000 0.000000 0.000000 0.000000 0.000000 
0.000000 0.000000 0.000000 0.000000 0.000000 0.000000 0.000000 0.000000 
0.000000 0.000000 0.000000 0.000000 0.000000 0.000000 0.000000 0.000000 
0.000000 0.000000 0.000000 0.000000 0.000000 0.000000 0.000000 0.000000 
0.000000 0.000000 0.000000 0.000000 0.000000 0.000000 0.000000 0.000000 
0.000000 0.000000 0.000000 0.000000 0.000000 0.000000 0.000000 0.000000 
0.000000 0.000000 0.000000 0.000000 0.000000 0.000000 0.000000 0.000000 
0.000000 0.000000 0.000000 0.000000 0.000000 0.000000 0.000000 0.000000 
0.000000 0.000000 0.000000 0.000000 0.000000 0.000000 0.000000 0.000000 
37.904844 87.385813 384.202422 108.562284 384.202422 532.091696 30.430796 542.057093 
72.783737 92.368512 416.589965 112.299308 416.589965 534.583045 66.555363 540.811419 
112.645329 94.859862 450.223183 113.544983 447.731834 532.091696 103.925606 540.811419 
147.524221 97.351211 482.610727 112.299308 480.119377 530.846021 142.541522 540.811419 
182.403114 101.088235 511.261246 114.790657 513.752595 529.600346 179.911765 540.811419 
217.282007 103.579585 541.157439 114.790657 544.894464 529.600346 212.299308 538.320069 
248.423875 101.088235 574.790657 114.790657 578.527682 529.600346 248.423875 539.565744 
282.057093 104.825260 600.949827 114.790657 607.178201 529.600346 283.302768 537.074394 
316.935986 106.070934 635.828720 114.790657 639.565744 528.354671 316.935986 538.320069 
349.323529 106.070934 661.987889 114.790657 671.953287 525.863322 349.323529 537.074394 
382.956747 107.316609 696.866782 117.282007 698.112457 525.863322 382.956747 534.583045 
415.344291 106.070934 728.008651 112.299308 731.745675 525.863322 417.835640 534.583045 
445.240484 106.070934 759.150519 112.299308 762.887543 527.108997 450.223183 534.583045 
482.610727 111.053633 787.801038 114.790657 794.029412 524.617647 480.119377 534.583045 
511.261246 109.807958 817.697232 116.036332 823.925606 525.863322 511.261246 533.337370 
546.140138 107.316609 848.839100 114.790657 853.821799 525.863322 546.140138 532.091696 
574.790657 111.053633 879.980969 114.790657 883.717993 528.354671 574.790657 529.600346 
607.178201 111.053633 911.122837 116.036332 913.614187 529.600346 607.178201 527.108997 
637.074394 113.544983 941.019031 119.773356 946.001730 530.846021 637.074394 528.354671 
671.953287 114.790657 970.915225 122.264706 975.897924 534.583045 665.724913 529.600346 
698.112457 117.282007 1002.057093 123.510381 1000.811419 538.320069 691.884083 533.337370 
728.008651 118.527682 1028.216263 127.247405 1028.216263 539.565744 719.288927 533.337370 
754.167820 122.264706 1056.866782 130.984429 1054.375433 545.794118 741.711073 535.828720 
779.081315 128.493080 1085.517301 134.721453 1079.288927 549.531142 766.624567 539.565744 
799.012111 130.984429 1109.185121 139.704152 1104.202422 552.022491 790.292388 543.302768 
825.171280 130.984429 1132.852941 143.441176 1124.133218 560.742215 807.731834 543.302768 
842.610727 132.230104 1154.029412 144.686851 1141.572664 559.496540 825.171280 547.039792 
860.050173 130.984429 1173.960208 143.441176 1159.012111 559.496540 842.610727 548.285467 
876.243945 133.475779 1185.171280 143.441176 1176.451557 564.479239 857.558824 550.776817 
891.192042 132.230104 1197.628028 145.932526 1190.153979 568.216263 868.769896 548.285467 
903.648789 132.230104 1211.330450 148.423875 1201.365052 569.461938 879.980969 549.531142 
913.614187 130.984429 1220.050173 148.423875 1208.839100 565.724913 891.192042 548.285467 
919.842561 130.984429 1225.032872 148.423875 1213.821799 569.461938 896.174740 552.022491 
921.088235 127.247405 1228.769896 147.178201 1216.313149 565.724913 902.403114 549.531142 
923.579585 127.247405 1226.278547 148.423875 1215.067474 563.233564 903.648789 550.776817 
921.088235 129.738754 1220.050173 150.915225 1211.330450 568.216263 902.403114 552.022491 
912.368512 130.984429 1213.821799 150.915225 1205.102076 563.233564 899.911765 552.022491 
911.122837 129.738754 1202.610727 148.423875 1193.891003 558.250865 896.174740 549.531142 
902.403114 130.984429 1191.399654 148.423875 1185.171280 559.496540 891.192042 548.285467 
894.929066 129.738754 1176.451557 149.669550 1175.205882 555.759516 886.209343 552.022491 
883.717993 132.230104 1161.503460 152.160900 1161.503460 553.268166 878.735294 553.268166 
874.998270 137.212803 1146.555363 155.897924 1149.046713 554.513841 870.015571 554.513841 
867.524221 140.949827 1131.607266 159.634948 1139.081315 553.268166 862.541522 559.496540 
857.558824 143.441176 1120.396194 164.617647 1127.870242 557.005190 857.558824 561.987889 
842.610727 149.669550 1100.465398 169.600346 1112.922145 553.268166 848.839100 564.479239 
833.891003 155.897924 1089.254325 173.337370 1101.711073 559.496540 842.610727 570.707612 
821.434256 157.143599 1071.814879 174.583045 1089.254325 557.005190 830.153979 570.707612 
813.960208 158.389273 1056.866782 175.828720 1075.551903 553.268166 821.434256 571.953287 
800.257785 164.617647 1044.410035 178.320069 1061.849481 552.022491 813.960208 571.953287 
794.029412 164.617647 1033.198962 178.320069 1050.638408 550.776817 805.240484 571.953287 
785.309689 164.617647 1023.233564 177.074394 1039.427336 553.268166 799.012111 573.198962 
775.344291 163.371972 1010.776817 175.828720 1030.707612 549.531142 787.801038 574.444637 
766.624567 162.126298 1002.057093 179.565744 1023.233564 552.022491 785.309689 574.444637 

