1.0000 0.0000 0.0000 0.0000 1.0000 0.0000 0.0000 0.0000 1.0000
1.0143 0.0010 -4.9009 0.0100 1.0130 -5.0957 0.0000 0.0000 1.0000
1.0037 -0.0050 -0.7116 0.0122 0.9998 -2.1070 0.0000 0.0000 1.0000
0.9954 -0.0051 2.9524 0.0122 0.9878 2.9570 0.0000 -0.0000 1.0000
0.9907 -0.0094 5.4934 0.0162 0.9747 6.6965 0.0000 -0.0000 1.0000
0.9736 -0.0145 11.0208 0.0137 0.9563 12.8228 0.0000 -0.0000 1.0000
0.9589 -0.0175 17.1857 0.0121 0.9413 19.9442 0.0000 -0.0000 1.0000
0.9453 -0.0203 24.0307 0.0101 0.9228 28.3343 0.0000 -0.0000 1.0000
0.9347 -0.0265 30.9919 0.0094 0.9026 35.2686 0.0000 -0.0000 1.0000
0.9118 -0.0290 41.6293 0.0044 0.8858 42.0477 -0.0000 -0.0001 1.0000
0.9105 -0.0274 48.1603 0.0041 0.8848 46.5738 -0.0000 -0.0000 1.0000
0.9090 -0.0290 53.7146 0.0028 0.8757 53.4644 0.0000 -0.0001 1.0000
0.8964 -0.0341 61.0866 -0.0031 0.8602 60.2051 0.0000 -0.0001 1.0000
0.8851 -0.0329 66.5548 -0.0105 0.8486 66.9413 -0.0000 -0.0001 1.0000
0.8895 -0.0323 70.1193 -0.0111 0.8574 65.2557 0.0000 -0.0001 1.0000
0.8894 -0.0307 72.9732 -0.0129 0.8575 65.1972 0.0000 -0.0001 1.0000
0.8832 -0.0322 76.9496 -0.0178 0.8517 66.8679 -0.0000 -0.0001 1.0000
0.8754 -0.0295 82.1161 -0.0228 0.8494 69.6164 -0.0000 -0.0001 1.0000
0.8785 -0.0314 88.0046 -0.0226 0.8443 72.9718 -0.0000 -0.0001 1.0000
0.8665 -0.0262 95.4058 -0.0299 0.8403 78.5548 -0.0000 -0.0001 1.0000
0.8590 -0.0278 103.6847 -0.0377 0.8358 82.8541 -0.0000 -0.0001 1.0000
0.8598 -0.0252 109.1713 -0.0439 0.8346 86.6751 -0.0000 -0.0001 1.0000
0.8576 -0.0182 113.5478 -0.0500 0.8434 86.3229 -0.0000 -0.0001 1.0000
0.8592 -0.0164 116.5909 -0.0564 0.8415 88.0713 -0.0000 -0.0001 1.0000
0.8702 -0.0093 116.5758 -0.0594 0.8537 87.2848 -0.0000 -0.0001 1.0000
0.8715 -0.0049 118.3941 -0.0666 0.8608 88.6938 -0.0000 -0.0001 1.0000
0.8675 -0.0007 120.5463 -0.0725 0.8588 91.8878 -0.0000 -0.0001 1.0000
0.8530 0.0075 122.8716 -0.0834 0.8493 99.0763 -0.0000 -0.0001 1.0000
0.8577 0.0101 124.9967 -0.0862 0.8507 101.0110 -0.0000 -0.0001 1.0000
0.8450 0.0161 128.9200 -0.0962 0.8412 108.6528 -0.0000 -0.0001 1.0000
0.8506 0.0197 131.6708 -0.0968 0.8429 109.0074 -0.0000 -0.0001 1.0000
0.8421 0.0254 136.9978 -0.1036 0.8366 112.5969 -0.0000 -0.0001 1.0000
0.8345 0.0313 142.2365 -0.1106 0.8331 118.1420 -0.0000 -0.0001 1.0000
0.8228 0.0308 149.8333 -0.1153 0.8200 123.9180 -0.0000 -0.0001 1.0000
0.8189 0.0367 154.5055 -0.1210 0.8184 129.3440 -0.0000 -0.0001 1.0000
0.8075 0.0403 160.5876 -0.1278 0.8107 136.0449 -0.0000 -0.0001 1.0000
0.7913 0.0386 168.4159 -0.1348 0.7902 147.9310 -0.0001 -0.0001 1.0000
0.7825 0.0409 173.8316 -0.1411 0.7819 157.5499 -0.0001 -0.0001 1.0000
0.7707 0.0445 178.8089 -0.1486 0.7712 168.2305 -0.0001 -0.0001 1.0000
0.7701 0.0510 181.3890 -0.1526 0.7673 176.5229 -0.0001 -0.0001 1.0000
0.7555 0.0553 188.0230 -0.1623 0.7533 190.9831 -0.0001 -0.0001 1.0000
0.7376 0.0625 193.5383 -0.1766 0.7395 203.8161 -0.0001 -0.0001 1.0000
0.7251 0.0724 199.0805 -0.1896 0.7269 217.1496 -0.0001 -0.0001 1.0000
0.7236 0.0874 203.0101 -0.1999 0.7316 226.5483 -0.0001 -0.0001 1.0000
0.6997 0.0898 213.3972 -0.2199 0.7067 245.5158 -0.0001 -0.0001 1.0000
0.6868 0.1003 219.6823 -0.2374 0.6936 263.0556 -0.0001 -0.0001 1.0000
0.6692 0.1055 225.6477 -0.2525 0.6765 277.5981 -0.0001 -0.0001 1.0000
0.6411 0.1077 233.9957 -0.2736 0.6470 300.4721 -0.0001 -0.0002 1.0000
0.6652 0.1273 227.2481 -0.2714 0.6630 302.1197 -0.0001 -0.0001 1.0000
0.6538 0.1277 229.0534 -0.2762 0.6577 302.5131 -0.0001 -0.0002 1.0000
0.6652 0.1335 224.2728 -0.2716 0.6720 295.3255 -0.0001 -0.0002 1.0000
0.6359 0.1197 227.5443 -0.2800 0.6442 299.2716 -0.0001 -0.0002 1.0000
0.6319 0.1154 223.3495 -0.2754 0.6435 291.5086 -0.0001 -0.0002 1.0000
0.6516 0.1150 215.7855 -0.2614 0.6635 276.8190 -0.0001 -0.0002 1.0000
0.6242 0.0969 217.5819 -0.2586 0.6446 270.9955 -0.0001 -0.0002 1.0000
0.6361 0.0808 215.4135 -0.2407 0.6508 257.1488 -0.0001 -0.0002 1.0000
0.6147 0.0503 223.6963 -0.2248 0.6324 246.6115 -0.0001 -0.0002 1.0000
0.6152 0.0270 229.8707 -0.2035 0.6353 233.4720 -0.0001 -0.0002 1.0000
0.6299 -0.0065 237.1313 -0.1716 0.6366 220.4090 -0.0001 -0.0002 1.0000
0.6143 -0.0446 250.7562 -0.1490 0.6196 214.7964 -0.0001 -0.0002 1.0000
0.6123 -0.0836 263.6350 -0.1160 0.6121 205.4202 -0.0001 -0.0002 1.0000
0.6069 -0.1346 272.1663 -0.0818 0.5774 205.6643 -0.0000 -0.0003 1.0000
0.6061 -0.1763 281.0926 -0.0497 0.5550 198.1434 -0.0000 -0.0003 1.0000
0.5916 -0.2037 289.8156 -0.0288 0.5378 192.4883 -0.0000 -0.0003 1.0000
0.5912 -0.2283 296.8615 -0.0110 0.5222 188.5594 -0.0000 -0.0003 1.0000
0.5701 -0.2394 302.7316 -0.0036 0.5089 186.5046 -0.0000 -0.0003 1.0000
0.5512 -0.2531 308.7189 -0.0010 0.4843 192.4240 -0.0000 -0.0003 1.0000
0.5539 -0.2568 307.6189 0.0057 0.4775 198.8697 -0.0000 -0.0003 1.0000
0.5307 -0.2588 305.2904 -0.0014 0.4496 211.1047 -0.0000 -0.0003 1.0000
0.5118 -0.2490 293.7886 -0.0162 0.4287 228.6631 -0.0000 -0.0003 1.0000
0.5037 -0.2270 271.8935 -0.0265 0.4204 243.5313 -0.0000 -0.0003 1.0000
0.5266 -0.2275 243.0219 -0.0223 0.4064 253.9591 0.0000 -0.0004 1.0000
0.5369 -0.1954 207.8160 -0.0273 0.4107 261.8104 0.0000 -0.0004 1.0000
0.5427 -0.1502 169.6259 -0.0429 0.4369 272.7744 0.0000 -0.0003 1.0000
0.5225 -0.1412 140.7731 -0.0601 0.3927 290.3485 0.0000 -0.0004 1.0000
0.5314 -0.1169 112.8097 -0.0752 0.3879 307.9680 0.0000 -0.0004 1.0000
0.5515 -0.1023 90.9610 -0.0660 0.3956 311.7127 0.0001 -0.0004 1.0000
0.5453 -0.0844 77.1590 -0.0788 0.3908 322.9999 0.0001 -0.0004 1.0000
0.5074 -0.0755 76.5986 -0.1087 0.3568 340.2168 0.0000 -0.0004 1.0000
0.5036 -0.0671 73.6673 -0.1116 0.3492 345.8952 0.0000 -0.0004 1.0000
0.5325 -0.0622 79.1309 -0.1001 0.3867 342.6562 0.0001 -0.0004 1.0000
0.5054 -0.0587 104.0696 -0.1049 0.3755 344.7016 0.0001 -0.0004 1.0000
0.4541 -0.0964 152.8168 -0.1191 0.3153 349.0873 0.0000 -0.0004 1.0000
0.4380 -0.1006 194.4852 -0.1250 0.3208 348.4140 -0.0000 -0.0004 1.0000
0.4341 -0.1366 249.7791 -0.1089 0.3107 343.8681 0.0000 -0.0004 1.0000
0.4184 -0.1463 297.6060 -0.1101 0.3039 344.8200 0.0000 -0.0004 1.0000
0.3813 -0.1596 347.6103 -0.1298 0.3004 345.5148 -0.0000 -0.0004 1.0000
0.3810 -0.1851 390.4457 -0.1211 0.2901 341.4746 -0.0000 -0.0004 1.0000
0.3525 -0.2175 420.0228 -0.1262 0.2552 337.8778 -0.0000 -0.0004 1.0000
0.3332 -0.2153 442.9774 -0.1294 0.2671 323.2228 -0.0000 -0.0004 1.0000
0.3427 -0.2135 453.7187 -0.1193 0.2722 307.3097 -0.0000 -0.0004 1.0000
0.2825 -0.2164 468.7552 -0.1409 0.2536 295.3639 -0.0001 -0.0004 1.0000
0.3103 -0.2061 471.2748 -0.1318 0.2679 280.5089 -0.0001 -0.0004 1.0000
0.2633 -0.2109 480.9945 -0.1512 0.2628 265.7960 -0.0001 -0.0004 1.0000
0.2788 -0.2000 485.8699 -0.1478 0.2833 248.1047 -0.0001 -0.0004 1.0000
0.2724 -0.2096 491.5020 -0.1431 0.2818 229.1520 -0.0001 -0.0004 1.0000
0.2824 -0.2146 493.2802 -0.1378 0.2837 220.1462 -0.0001 -0.0004 1.0000
0.2834 -0.2106 492.1611 -0.1328 0.2924 209.1582 -0.0001 -0.0004 1.0000
0.2947 -0.2244 486.1368 -0.1244 0.2922 198.6096 -0.0001 -0.0004 1.0000
0.3287 -0.1967 463.7646 -0.1091 0.3194 187.7377 -0.0000 -0.0004 1.0000
0.3348 -0.1718 443.8592 -0.1000 0.3453 178.9917 -0.0000 -0.0004 1.0000
0.3056 -0.2138 429.6121 -0.0937 0.3021 181.2724 -0.0001 -0.0004 1.0000
0.3419 -0.2407 404.6030 -0.0654 0.2920 180.2684 -0.0000 -0.0005 1.0000
0.3289 -0.2291 390.0372 -0.0669 0.2931 187.4955 -0.0000 -0.0005 1.0000
0.3154 -0.2130 377.0559 -0.0712 0.2926 194.1703 -0.0000 -0.0004 1.0000
0.3136 -0.2268 369.1140 -0.0652 0.2729 199.9513 -0.0000 -0.0005 1.0000
0.3126 -0.2244 361.0574 -0.0622 0.2685 203.5515 -0.0000 -0.0005 1.0000
0.3157 -0.2320 358.3738 -0.0568 0.2622 206.7009 -0.0000 -0.0005 1.0000
0.3138 -0.2342 356.8401 -0.0555 0.2581 210.1116 -0.0000 -0.0005 1.0000
0.3092 -0.2340 355.7683 -0.0552 0.2542 213.6259 -0.0000 -0.0005 1.0000
0.3184 -0.2302 354.1783 -0.0489 0.2618 213.2014 -0.0000 -0.0005 1.0000
0.3204 -0.2412 357.9180 -0.0445 0.2543 214.8303 -0.0000 -0.0005 1.0000
0.3037 -0.2463 362.6438 -0.0505 0.2411 220.9711 -0.0000 -0.0005 1.0000
0.3063 -0.2453 364.8149 -0.0478 0.2422 223.7321 -0.0000 -0.0005 1.0000
0.3011 -0.2461 368.0286 -0.0501 0.2405 227.0862 -0.0000 -0.0005 1.0000
0.2953 -0.2551 371.8126 -0.0499 0.2296 230.0190 -0.0000 -0.0005 1.0000
0.2907 -0.2589 377.5434 -0.0483 0.2213 234.5108 -0.0000 -0.0005 1.0000
0.2948 -0.2698 387.2588 -0.0446 0.2171 238.2551 -0.0000 -0.0005 1.0000
0.2804 -0.2653 395.9216 -0.0527 0.2142 246.5654 -0.0000 -0.0005 1.0000
0.2910 -0.2678 406.5718 -0.0472 0.2187 250.1688 -0.0000 -0.0005 1.0000
0.2784 -0.2743 418.1966 -0.0511 0.2063 256.7128 -0.0000 -0.0005 1.0000
0.2666 -0.2810 426.9441 -0.0552 0.1943 263.1594 -0.0000 -0.0005 1.0000
0.2658 -0.2806 436.0784 -0.0571 0.1952 269.5793 -0.0000 -0.0005 1.0000
0.2637 -0.2963 445.9677 -0.0557 0.1767 277.8301 -0.0000 -0.0005 1.0000
0.2490 -0.2833 455.1896 -0.0618 0.1809 285.2850 -0.0001 -0.0005 1.0000
0.2549 -0.3006 468.0677 -0.0606 0.1639 299.4617 -0.0000 -0.0005 1.0000
0.2353 -0.2916 483.1138 -0.0720 0.1624 314.5229 -0.0001 -0.0005 1.0000
0.2305 -0.3167 502.3378 -0.0719 0.1361 331.5430 -0.0001 -0.0005 1.0000
0.2305 -0.3265 518.3922 -0.0725 0.1249 346.3430 -0.0001 -0.0005 1.0000
0.2289 -0.3276 529.6976 -0.0768 0.1149 363.4903 -0.0001 -0.0005 1.0000
0.2375 -0.3293 537.8394 -0.0731 0.1143 374.5708 -0.0000 -0.0005 1.0000
0.2550 -0.3000 547.1226 -0.0653 0.1538 375.5244 -0.0000 -0.0004 1.0000
0.2262 -0.3397 561.7909 -0.0753 0.1129 379.6020 -0.0000 -0.0005 1.0000
0.2584 -0.3501 569.0691 -0.0564 0.1185 372.2357 -0.0000 -0.0005 1.0000
0.2063 -0.3437 580.7501 -0.0811 0.1270 358.4955 -0.0001 -0.0005 1.0000
0.2130 -0.3495 588.7290 -0.0715 0.1283 338.3409 -0.0001 -0.0005 1.0000
0.2083 -0.3422 594.8357 -0.0740 0.1499 315.2389 -0.0001 -0.0005 1.0000
0.2163 -0.3723 601.9358 -0.0677 0.1440 290.2650 -0.0000 -0.0005 1.0000
0.2120 -0.3742 607.8780 -0.0676 0.1573 266.1156 -0.0000 -0.0005 1.0000
0.1933 -0.3715 608.4094 -0.0737 0.1614 247.5342 -0.0001 -0.0005 1.0000
0.2264 -0.3732 607.0244 -0.0601 0.1790 222.5832 -0.0000 -0.0005 1.0000
0.2061 -0.3599 610.9424 -0.0647 0.1962 203.4628 -0.0001 -0.0005 1.0000
0.2030 -0.3512 610.7768 -0.0678 0.2095 189.5960 -0.0001 -0.0005 1.0000
0.2066 -0.3342 609.2633 -0.0670 0.2225 179.3909 -0.0001 -0.0004 1.0000
0.1990 -0.3448 606.7320 -0.0662 0.2156 171.2202 -0.0001 -0.0005 1.0000
0.2077 -0.3516 603.1531 -0.0613 0.2137 164.2312 -0.0000 -0.0005 1.0000
0.2245 -0.3291 596.3909 -0.0578 0.2350 156.1481 -0.0000 -0.0004 1.0000
0.2071 -0.3335 593.7544 -0.0606 0.2236 156.7419 -0.0001 -0.0005 1.0000
0.2216 -0.3260 586.7842 -0.0554 0.2301 153.1243 -0.0000 -0.0005 1.0000
0.2245 -0.3012 575.2665 -0.0568 0.2475 149.2929 -0.0000 -0.0004 1.0000
0.2111 -0.3132 566.8998 -0.0531 0.2373 148.2535 -0.0001 -0.0004 1.0000
0.1997 -0.3090 555.2007 -0.0565 0.2249 158.5565 -0.0001 -0.0004 1.0000
0.2078 -0.2976 538.9617 -0.0520 0.2205 167.9151 -0.0001 -0.0004 1.0000
0.1811 -0.2896 524.2440 -0.0626 0.1939 191.9078 -0.0001 -0.0005 1.0000
0.1865 -0.3152 513.3014 -0.0585 0.1610 213.3697 -0.0001 -0.0005 1.0000
0.2163 -0.3051 499.2031 -0.0480 0.1563 234.8576 -0.0000 -0.0005 1.0000
0.1855 -0.2918 490.2685 -0.0676 0.1261 272.7320 -0.0001 -0.0005 1.0000
0.1953 -0.2861 477.3443 -0.0661 0.1167 297.6945 -0.0001 -0.0005 1.0000
0.1938 -0.2825 465.2165 -0.0683 0.0943 326.5045 -0.0001 -0.0005 1.0000
0.1920 -0.2667 452.0402 -0.0760 0.0770 360.0197 -0.0001 -0.0005 1.0000
0.2144 -0.2824 449.0940 -0.0622 0.0597 373.9863 -0.0000 -0.0005 1.0000
0.2049 -0.2712 448.7268 -0.0757 0.0507 388.4573 -0.0000 -0.0005 1.0000
0.2382 -0.2766 445.6709 -0.0503 0.0547 386.2941 0.0000 -0.0005 1.0000
0.2289 -0.2670 438.1158 -0.0533 0.0525 387.9581 -0.0000 -0.0005 1.0000
0.2090 -0.2632 434.7333 -0.0632 0.0464 385.0089 -0.0000 -0.0005 1.0000
0.1989 -0.2521 426.5951 -0.0727 0.0494 378.2311 -0.0000 -0.0005 1.0000
0.1913 -0.2553 420.2814 -0.0708 0.0494 357.4106 -0.0000 -0.0006 1.0000
0.1801 -0.2304 411.7231 -0.0819 0.0713 337.7305 -0.0001 -0.0005 1.0000
0.1712 -0.2211 405.5966 -0.0815 0.0825 310.7317 -0.0001 -0.0005 1.0000
0.1859 -0.2211 403.8257 -0.0698 0.0963 283.7322 -0.0001 -0.0005 1.0000
0.1768 -0.2218 403.0369 -0.0721 0.1052 258.6757 -0.0001 -0.0005 1.0000
0.1777 -0.2231 402.2729 -0.0717 0.1127 239.9132 -0.0001 -0.0005 1.0000
0.1796 -0.2158 402.1688 -0.0662 0.1265 219.5365 -0.0001 -0.0005 1.0000
0.1857 -0.2104 401.3073 -0.0641 0.1350 206.3489 -0.0000 -0.0005 1.0000
0.1721 -0.2172 403.4251 -0.0679 0.1280 200.5657 -0.0001 -0.0005 1.0000
0.1835 -0.2173 401.8624 -0.0606 0.1335 191.5027 -0.0000 -0.0005 1.0000
0.1863 -0.2122 399.2651 -0.0567 0.1422 186.0001 -0.0000 -0.0005 1.0000
0.1873 -0.2159 393.9211 -0.0536 0.1344 189.2498 -0.0000 -0.0005 1.0000
0.1618 -0.2149 391.0141 -0.0616 0.1222 199.6776 -0.0001 -0.0005 1.0000
0.1486 -0.2185 388.2327 -0.0621 0.1037 212.3921 -0.0001 -0.0005 1.0000
0.1483 -0.2250 387.3737 -0.0605 0.0909 228.1446 -0.0001 -0.0005 1.0000
0.1458 -0.2331 389.1756 -0.0568 0.0723 245.9998 -0.0001 -0.0005 1.0000
0.1567 -0.2345 388.4830 -0.0483 0.0664 263.5601 -0.0001 -0.0005 1.0000
0.1378 -0.2375 389.7125 -0.0582 0.0505 285.6924 -0.0001 -0.0005 1.0000
0.1547 -0.2449 387.4720 -0.0441 0.0331 304.0799 -0.0000 -0.0006 1.0000
0.1781 -0.2247 375.4550 -0.0301 0.0450 317.6710 -0.0000 -0.0005 1.0000
0.1652 -0.2367 363.9012 -0.0346 0.0128 333.2057 -0.0000 -0.0006 1.0000
0.1639 -0.2254 342.4315 -0.0378 0.0080 344.9186 -0.0000 -0.0005 1.0000
0.1576 -0.2181 317.1327 -0.0367 -0.0049 355.7068 -0.0000 -0.0006 1.0000
0.1673 -0.2091 292.1014 -0.0288 -0.0050 362.6448 -0.0000 -0.0005 1.0000
0.1624 -0.2215 287.3626 -0.0236 -0.0304 363.6895 -0.0000 -0.0006 1.0000
0.1697 -0.2209 283.1529 -0.0085 -0.0287 360.6758 -0.0000 -0.0006 1.0000
0.1857 -0.2097 280.7605 0.0038 -0.0013 358.8777 0.0000 -0.0005 1.0000
0.1839 -0.2420 289.5913 0.0147 -0.0484 359.7928 0.0000 -0.0006 1.0000
0.1675 -0.2425 305.4157 -0.0084 -0.0324 360.5022 -0.0000 -0.0006 1.0000
0.1300 -0.2328 331.0384 -0.0384 -0.0151 358.7875 -0.0001 -0.0005 1.0000
0.1421 -0.2618 361.7871 -0.0198 -0.0305 353.7687 -0.0000 -0.0006 1.0000
0.1051 -0.2922 405.0226 -0.0401 -0.0464 349.3868 -0.0001 -0.0006 1.0000
0.1006 -0.3219 447.0487 -0.0372 -0.0546 340.4321 -0.0001 -0.0006 1.0000
0.0841 -0.3210 488.2959 -0.0449 -0.0270 323.3731 -0.0001 -0.0006 1.0000
0.0864 -0.3512 529.5283 -0.0408 -0.0182 302.8150 -0.0001 -0.0006 1.0000
0.0901 -0.3414 559.2376 -0.0411 0.0117 279.5309 -0.0001 -0.0005 1.0000
0.0928 -0.3375 582.3923 -0.0392 0.0330 253.9832 -0.0001 -0.0005 1.0000
0.0989 -0.3544 603.0405 -0.0357 0.0393 231.6922 -0.0001 -0.0005 1.0000
0.0741 -0.3707 615.4981 -0.0473 0.0354 217.4094 -0.0001 -0.0006 1.0000
0.0840 -0.3417 616.8559 -0.0476 0.0505 205.1064 -0.0001 -0.0005 1.0000
0.1198 -0.3147 608.7747 -0.0420 0.0700 194.3050 -0.0000 -0.0005 1.0000
0.0888 -0.3507 604.1897 -0.0510 0.0476 192.4535 -0.0001 -0.0006 1.0000
0.0865 -0.3372 596.9318 -0.0560 0.0517 188.5908 -0.0001 -0.0006 1.0000
0.0768 -0.2978 587.8466 -0.0640 0.0598 190.1677 -0.0001 -0.0005 1.0000
0.0802 -0.3097 580.4326 -0.0640 0.0493 188.7373 -0.0001 -0.0006 1.0000
0.0696 -0.2762 570.0969 -0.0713 0.0561 187.9124 -0.0001 -0.0005 1.0000
0.0656 -0.2888 561.9368 -0.0768 0.0445 187.9556 -0.0001 -0.0006 1.0000
0.0690 -0.2907 555.5088 -0.0779 0.0409 185.5838 -0.0001 -0.0006 1.0000
0.0730 -0.2830 548.8392 -0.0805 0.0386 185.7291 -0.0001 -0.0006 1.0000
0.0621 -0.2679 545.8035 -0.0859 0.0372 189.3843 -0.0001 -0.0006 1.0000
0.0688 -0.2660 545.9972 -0.0829 0.0359 192.1766 -0.0001 -0.0006 1.0000
0.0490 -0.2571 548.4723 -0.0879 0.0343 197.3742 -0.0001 -0.0005 1.0000
0.0542 -0.2674 550.7441 -0.0861 0.0258 205.0961 -0.0001 -0.0006 1.0000
0.0752 -0.2762 552.9271 -0.0790 0.0240 213.4016 -0.0001 -0.0006 1.0000
0.0877 -0.2928 554.5875 -0.0726 0.0137 225.4354 -0.0000 -0.0006 1.0000
0.1010 -0.2641 551.5221 -0.0691 0.0237 241.7986 -0.0000 -0.0005 1.0000
0.1043 -0.2486 546.1018 -0.0670 0.0268 256.0634 -0.0000 -0.0005 1.0000
0.0975 -0.2781 547.7532 -0.0637 0.0024 270.9868 -0.0000 -0.0005 1.0000
0.0928 -0.2961 545.2939 -0.0615 -0.0110 278.5669 -0.0000 -0.0006 1.0000
0.0785 -0.3024 545.2426 -0.0627 -0.0198 285.9387 -0.0001 -0.0006 1.0000
0.0648 -0.3089 549.1911 -0.0671 -0.0295 293.4956 -0.0001 -0.0006 1.0000
0.0874 -0.3221 554.8787 -0.0533 -0.0344 299.0442 -0.0000 -0.0006 1.0000
0.0950 -0.2985 558.8570 -0.0503 -0.0169 302.6433 -0.0000 -0.0005 1.0000
0.0710 -0.3300 570.0418 -0.0569 -0.0338 304.8641 -0.0001 -0.0006 1.0000
0.0973 -0.3553 578.7808 -0.0389 -0.0434 307.1488 -0.0000 -0.0006 1.0000
0.0953 -0.3719 587.5286 -0.0359 -0.0558 313.0907 -0.0000 -0.0006 1.0000
0.0927 -0.3666 596.3943 -0.0365 -0.0479 316.1044 -0.0000 -0.0006 1.0000
0.0859 -0.3735 603.4639 -0.0373 -0.0493 317.4986 -0.0000 -0.0006 1.0000
0.0715 -0.3839 610.7922 -0.0436 -0.0549 320.6403 -0.0001 -0.0006 1.0000
0.0617 -0.3883 614.5577 -0.0460 -0.0567 321.8530 -0.0001 -0.0006 1.0000
0.0725 -0.3807 615.0549 -0.0388 -0.0450 320.3383 -0.0001 -0.0006 1.0000
0.0718 -0.3974 614.6897 -0.0358 -0.0574 321.4695 -0.0001 -0.0006 1.0000
0.0738 -0.3952 611.5858 -0.0314 -0.0582 322.3611 -0.0001 -0.0006 1.0000
0.0830 -0.3976 606.0804 -0.0228 -0.0573 319.4840 -0.0001 -0.0006 1.0000
0.0896 -0.3859 598.7433 -0.0164 -0.0496 317.2828 -0.0000 -0.0006 1.0000
0.0704 -0.3847 586.5745 -0.0271 -0.0546 316.6363 -0.0001 -0.0006 1.0000
0.0920 -0.3813 577.3759 -0.0112 -0.0463 311.3642 -0.0000 -0.0006 1.0000
0.0844 -0.4012 568.4988 -0.0137 -0.0648 311.7346 -0.0000 -0.0006 1.0000
0.1124 -0.3996 561.4812 0.0044 -0.0649 313.7288 -0.0000 -0.0006 1.0000
0.0815 -0.3791 552.3919 -0.0155 -0.0671 320.6108 -0.0001 -0.0006 1.0000
0.0735 -0.3563 544.9238 -0.0205 -0.0529 321.9284 -0.0001 -0.0006 1.0000
0.1038 -0.3826 543.7326 0.0011 -0.0638 320.1372 -0.0000 -0.0006 1.0000
0.1002 -0.3568 539.7969 -0.0058 -0.0486 325.2472 -0.0000 -0.0006 1.0000
0.0684 -0.3703 543.4156 -0.0247 -0.0661 332.0742 -0.0001 -0.0006 1.0000
0.0857 -0.3770 543.4944 -0.0139 -0.0753 336.7244 -0.0000 -0.0006 1.0000
0.0834 -0.3983 546.3970 -0.0174 -0.0956 342.8893 -0.0000 -0.0006 1.0000
0.0991 -0.3822 549.8640 -0.0118 -0.0787 347.1927 -0.0000 -0.0006 1.0000
0.0905 -0.3477 552.1491 -0.0221 -0.0593 356.0047 -0.0000 -0.0006 1.0000
0.0773 -0.3712 557.6638 -0.0325 -0.0881 365.9796 -0.0001 -0.0006 1.0000
0.0678 -0.3533 561.6580 -0.0441 -0.0778 373.7716 -0.0001 -0.0006 1.0000
0.0743 -0.3440 567.9677 -0.0437 -0.0732 382.8228 -0.0001 -0.0006 1.0000
0.0891 -0.3318 573.6253 -0.0403 -0.0667 390.3655 -0.0000 -0.0005 1.0000
0.0763 -0.3256 580.4582 -0.0532 -0.0637 394.5267 -0.0001 -0.0005 1.0000
0.0685 -0.3366 585.8334 -0.0602 -0.0797 399.3689 -0.0001 -0.0006 1.0000
0.0999 -0.3492 591.8055 -0.0418 -0.0872 400.4379 -0.0000 -0.0006 1.0000
0.0712 -0.3365 596.5179 -0.0633 -0.0857 403.9731 -0.0001 -0.0006 1.0000
0.0738 -0.3192 600.2042 -0.0677 -0.0747 405.2386 -0.0001 -0.0005 1.0000
0.0500 -0.3321 605.7350 -0.0819 -0.0906 406.6266 -0.0001 -0.0006 1.0000
0.0528 -0.3454 609.2765 -0.0836 -0.1042 408.3416 -0.0001 -0.0006 1.0000
0.0834 -0.2912 605.2231 -0.0736 -0.0644 403.5701 -0.0000 -0.0005 1.0000
0.0750 -0.2859 606.9020 -0.0776 -0.0611 397.6742 -0.0000 -0.0005 1.0000
0.0614 -0.3232 609.2771 -0.0815 -0.0941 393.3955 -0.0000 -0.0006 1.0000
0.0504 -0.2983 609.6064 -0.0910 -0.0832 390.2838 -0.0001 -0.0006 1.0000
0.0522 -0.2872 609.9385 -0.0917 -0.0731 380.9331 -0.0001 -0.0005 1.0000
0.0393 -0.3007 610.6187 -0.0985 -0.0858 374.6783 -0.0001 -0.0006 1.0000
0.0200 -0.2936 615.2733 -0.1089 -0.0875 374.3573 -0.0001 -0.0006 1.0000
0.0338 -0.2917 615.9485 -0.1020 -0.0885 371.3253 -0.0001 -0.0006 1.0000
0.0210 -0.2569 613.5812 -0.1120 -0.0734 369.3047 -0.0001 -0.0005 1.0000
0.0355 -0.2560 610.6004 -0.1056 -0.0815 369.4639 -0.0000 -0.0005 1.0000
0.0620 -0.2790 605.9291 -0.0911 -0.1054 372.2381 0.0000 -0.0006 1.0000
0.0473 -0.2629 601.8504 -0.0981 -0.1050 373.7507 -0.0000 -0.0006 1.0000
0.0060 -0.2462 601.1786 -0.1182 -0.1000 373.3769 -0.0001 -0.0005 1.0000
0.0423 -0.2921 598.6863 -0.0952 -0.1309 372.2757 -0.0000 -0.0006 1.0000
0.0428 -0.2543 595.3929 -0.0993 -0.1103 371.9386 -0.0000 -0.0006 1.0000
0.0211 -0.2634 594.2470 -0.1080 -0.1174 370.2859 -0.0000 -0.0006 1.0000
0.0220 -0.2645 591.0917 -0.1061 -0.1209 370.8931 -0.0000 -0.0006 1.0000
0.0482 -0.2685 583.1898 -0.0945 -0.1269 372.3391 -0.0000 -0.0006 1.0000
0.0320 -0.2395 577.6326 -0.1036 -0.1118 375.9946 -0.0000 -0.0006 1.0000
0.0329 -0.2406 569.9925 -0.1040 -0.1123 379.1681 -0.0000 -0.0006 1.0000
0.0425 -0.2523 563.1047 -0.0956 -0.1227 384.9807 -0.0000 -0.0006 1.0000
0.0416 -0.2804 558.0927 -0.0948 -0.1445 392.5032 -0.0000 -0.0006 1.0000
0.0406 -0.2485 552.4610 -0.0972 -0.1231 398.9030 -0.0000 -0.0006 1.0000
0.0775 -0.2760 549.6575 -0.0753 -0.1400 406.0547 0.0000 -0.0006 1.0000
0.0563 -0.2642 551.0142 -0.0891 -0.1301 414.2301 -0.0000 -0.0006 1.0000
0.0676 -0.2712 553.1049 -0.0804 -0.1322 421.4069 -0.0000 -0.0006 1.0000
0.0668 -0.2837 554.8362 -0.0791 -0.1367 426.2866 -0.0000 -0.0006 1.0000
0.0694 -0.2667 554.4088 -0.0779 -0.1221 431.0884 -0.0000 -0.0006 1.0000
0.0690 -0.2663 551.8098 -0.0779 -0.1188 432.6594 -0.0000 -0.0006 1.0000
0.0455 -0.2686 546.9386 -0.0915 -0.1213 434.4058 -0.0001 -0.0006 1.0000
0.0527 -0.2633 539.2745 -0.0871 -0.1137 433.3094 -0.0001 -0.0006 1.0000
0.0732 -0.2818 530.8478 -0.0700 -0.1276 432.5094 -0.0000 -0.0006 1.0000
0.0710 -0.2698 522.0221 -0.0712 -0.1172 431.6039 -0.0000 -0.0006 1.0000
0.0577 -0.2757 513.7598 -0.0772 -0.1202 428.0249 -0.0001 -0.0006 1.0000
0.0594 -0.2615 504.6540 -0.0757 -0.1063 425.2946 -0.0001 -0.0005 1.0000
0.0534 -0.2475 494.5212 -0.0806 -0.0933 423.4432 -0.0001 -0.0005 1.0000
0.0516 -0.2441 484.9389 -0.0824 -0.0928 422.5469 -0.0001 -0.0005 1.0000
0.0616 -0.2517 475.8962 -0.0752 -0.0970 421.1424 -0.0001 -0.0005 1.0000
0.0543 -0.2583 466.3570 -0.0777 -0.1095 421.3420 -0.0001 -0.0006 1.0000
0.0603 -0.2476 456.4758 -0.0759 -0.1010 421.5691 -0.0001 -0.0005 1.0000
0.0725 -0.2324 444.6824 -0.0668 -0.0891 420.8468 -0.0001 -0.0005 1.0000
0.0882 -0.2293 435.9791 -0.0543 -0.0837 418.2788 -0.0000 -0.0005 1.0000
0.0888 -0.2426 430.1446 -0.0502 -0.1003 417.7783 -0.0000 -0.0006 1.0000
0.0889 -0.2569 425.0849 -0.0465 -0.1173 415.9352 -0.0000 -0.0006 1.0000
0.0818 -0.2573 422.0368 -0.0509 -0.1183 414.6579 -0.0000 -0.0006 1.0000
0.0888 -0.2600 417.1886 -0.0435 -0.1186 410.7139 -0.0000 -0.0006 1.0000
0.0854 -0.2502 411.0934 -0.0452 -0.1107 407.2250 -0.0000 -0.0006 1.0000
0.0981 -0.2614 405.9140 -0.0313 -0.1191 401.6351 -0.0000 -0.0006 1.0000
0.0904 -0.2536 400.2597 -0.0370 -0.1078 395.6559 -0.0000 -0.0006 1.0000
0.0705 -0.2630 395.5764 -0.0496 -0.1224 391.7626 -0.0001 -0.0006 1.0000
0.0790 -0.2634 390.0377 -0.0420 -0.1171 384.8115 -0.0001 -0.0006 1.0000
0.0793 -0.2559 383.8930 -0.0423 -0.1030 376.7685 -0.0001 -0.0006 1.0000
0.0919 -0.2574 380.8624 -0.0301 -0.0996 370.8766 -0.0000 -0.0006 1.0000
0.0773 -0.2441 379.7036 -0.0445 -0.0814 365.4364 -0.0001 -0.0006 1.0000
0.0878 -0.2485 381.9548 -0.0339 -0.0769 358.9735 -0.0001 -0.0006 1.0000
0.0866 -0.2496 385.3359 -0.0318 -0.0717 351.3906 -0.0001 -0.0006 1.0000
0.0885 -0.2431 391.1650 -0.0313 -0.0547 346.7511 -0.0001 -0.0005 1.0000
0.0927 -0.2576 399.5989 -0.0250 -0.0593 342.8068 -0.0001 -0.0005 1.0000
0.0901 -0.2719 407.4284 -0.0242 -0.0655 336.9782 -0.0001 -0.0006 1.0000
0.0984 -0.2660 414.3508 -0.0156 -0.0516 332.7112 -0.0000 -0.0005 1.0000
0.0861 -0.2984 421.5226 -0.0207 -0.0823 332.3569 -0.0001 -0.0006 1.0000
0.0816 -0.2947 425.1943 -0.0235 -0.0715 328.0114 -0.0001 -0.0006 1.0000
0.0712 -0.2944 430.3293 -0.0275 -0.0659 322.5795 -0.0001 -0.0006 1.0000
0.0604 -0.2964 437.6874 -0.0333 -0.0646 320.7358 -0.0001 -0.0006 1.0000
0.0786 -0.3145 446.6165 -0.0210 -0.0725 319.4749 -0.0001 -0.0006 1.0000
0.0909 -0.3088 457.7158 -0.0102 -0.0568 316.2388 -0.0000 -0.0006 1.0000
0.0851 -0.3287 472.8833 -0.0133 -0.0709 320.2042 -0.0001 -0.0006 1.0000
0.0628 -0.3236 488.9249 -0.0259 -0.0637 324.1824 -0.0001 -0.0006 1.0000
0.0792 -0.3596 505.8711 -0.0157 -0.0876 332.8443 -0.0001 -0.0006 1.0000
0.0640 -0.3388 519.9458 -0.0277 -0.0693 340.2179 -0.0001 -0.0006 1.0000
0.0627 -0.3601 532.7567 -0.0299 -0.0916 354.1076 -0.0001 -0.0006 1.0000
0.0590 -0.3469 546.9971 -0.0361 -0.0834 369.4643 -0.0001 -0.0006 1.0000
0.0679 -0.3406 551.8048 -0.0349 -0.0791 378.6548 -0.0001 -0.0006 1.0000
0.0599 -0.3349 553.7111 -0.0415 -0.0815 385.5887 -0.0001 -0.0005 1.0000
0.0702 -0.3361 558.8824 -0.0389 -0.0839 395.3375 -0.0001 -0.0005 1.0000
0.0707 -0.3484 567.0251 -0.0398 -0.0948 403.7524 -0.0001 -0.0006 1.0000
0.0622 -0.3473 574.9501 -0.0474 -0.0964 411.9505 -0.0001 -0.0006 1.0000
0.0730 -0.3557 586.2134 -0.0417 -0.1071 424.0410 -0.0001 -0.0006 1.0000
0.0618 -0.3734 596.5422 -0.0500 -0.1250 433.5708 -0.0001 -0.0006 1.0000
0.0528 -0.3503 598.6155 -0.0579 -0.1109 438.2644 -0.0001 -0.0006 1.0000
0.0593 -0.3896 604.7079 -0.0495 -0.1390 439.0504 -0.0001 -0.0006 1.0000
0.0563 -0.3940 608.6848 -0.0511 -0.1457 441.6744 -0.0001 -0.0006 1.0000
0.0432 -0.3959 611.4117 -0.0607 -0.1462 441.2068 -0.0001 -0.0006 1.0000
0.0593 -0.3900 610.1648 -0.0511 -0.1379 438.0146 -0.0001 -0.0006 1.0000
0.0611 -0.3831 609.0204 -0.0502 -0.1381 437.1223 -0.0001 -0.0006 1.0000
0.0482 -0.3835 606.3011 -0.0580 -0.1320 426.3636 -0.0001 -0.0006 1.0000
0.0487 -0.3972 602.5008 -0.0532 -0.1385 413.2185 -0.0001 -0.0006 1.0000
0.0391 -0.3742 592.4434 -0.0608 -0.1156 397.8085 -0.0001 -0.0006 1.0000
0.0443 -0.3679 578.7009 -0.0548 -0.1043 380.3235 -0.0001 -0.0006 1.0000
0.0467 -0.3409 555.6838 -0.0543 -0.0945 371.2927 -0.0001 -0.0006 1.0000
0.0437 -0.3182 529.3660 -0.0561 -0.0834 359.5013 -0.0001 -0.0006 1.0000
0.0538 -0.3085 494.1303 -0.0500 -0.0851 346.9912 -0.0001 -0.0006 1.0000
0.0528 -0.3018 464.4371 -0.0466 -0.0839 334.7138 -0.0001 -0.0006 1.0000
0.0576 -0.2797 436.9692 -0.0473 -0.0769 331.3702 -0.0001 -0.0006 1.0000
0.0676 -0.2724 421.4143 -0.0408 -0.0752 329.4664 -0.0001 -0.0006 1.0000
0.0668 -0.2615 405.6243 -0.0461 -0.0687 326.5704 -0.0001 -0.0006 1.0000
0.0574 -0.2531 397.9228 -0.0507 -0.0634 324.0573 -0.0001 -0.0006 1.0000
0.0760 -0.2524 393.1768 -0.0379 -0.0608 323.6579 -0.0001 -0.0006 1.0000
0.0735 -0.2580 397.0731 -0.0367 -0.0688 326.4910 -0.0001 -0.0006 1.0000
0.0560 -0.2795 413.4017 -0.0440 -0.0864 329.9565 -0.0001 -0.0006 1.0000
0.0667 -0.2854 430.5132 -0.0358 -0.0819 331.7542 -0.0001 -0.0006 1.0000
0.0641 -0.2921 451.7136 -0.0374 -0.0812 337.6801 -0.0001 -0.0006 1.0000
0.0511 -0.2937 474.5684 -0.0470 -0.0764 340.5513 -0.0001 -0.0006 1.0000
0.0529 -0.3218 497.8832 -0.0442 -0.0898 342.5194 -0.0001 -0.0006 1.0000
0.0314 -0.3274 518.1688 -0.0542 -0.0804 336.6275 -0.0001 -0.0006 1.0000
0.0311 -0.3201 532.5003 -0.0528 -0.0683 334.0961 -0.0001 -0.0006 1.0000
0.0400 -0.3249 542.6684 -0.0477 -0.0670 332.2463 -0.0001 -0.0006 1.0000
0.0321 -0.3552 551.0910 -0.0489 -0.0857 328.0875 -0.0001 -0.0006 1.0000
0.0349 -0.3413 555.9556 -0.0464 -0.0711 322.2206 -0.0001 -0.0006 1.0000
0.0253 -0.3439 558.9905 -0.0535 -0.0723 318.8533 -0.0001 -0.0006 1.0000
0.0371 -0.3568 561.7138 -0.0443 -0.0734 310.6213 -0.0001 -0.0006 1.0000
0.0457 -0.3668 561.9513 -0.0399 -0.0751 304.7986 -0.0001 -0.0006 1.0000
0.0285 -0.3449 560.1129 -0.0483 -0.0677 305.1241 -0.0001 -0.0006 1.0000
0.0434 -0.3494 555.9362 -0.0413 -0.0693 303.4942 -0.0001 -0.0006 1.0000
0.0511 -0.3305 548.6343 -0.0381 -0.0588 302.7772 -0.0001 -0.0006 1.0000
0.0477 -0.3188 538.9714 -0.0406 -0.0542 302.0070 -0.0001 -0.0006 1.0000
0.0366 -0.3347 527.5157 -0.0437 -0.0684 300.2573 -0.0001 -0.0006 1.0000
0.0495 -0.3189 510.9795 -0.0405 -0.0660 303.1279 -0.0001 -0.0006 1.0000
0.0408 -0.3009 493.3640 -0.0468 -0.0585 301.0425 -0.0001 -0.0006 1.0000
0.0349 -0.2885 476.5668 -0.0512 -0.0602 302.5077 -0.0001 -0.0006 1.0000
0.0590 -0.2931 460.5793 -0.0376 -0.0687 302.4197 -0.0001 -0.0006 1.0000
0.0535 -0.2865 448.8397 -0.0406 -0.0663 300.5127 -0.0001 -0.0006 1.0000
0.0503 -0.2739 439.5746 -0.0443 -0.0591 300.0934 -0.0001 -0.0006 1.0000
0.0528 -0.2737 433.9214 -0.0399 -0.0616 298.2614 -0.0001 -0.0006 1.0000
0.0526 -0.2671 428.9590 -0.0406 -0.0576 297.4926 -0.0001 -0.0006 1.0000
0.0576 -0.2673 427.4813 -0.0363 -0.0573 297.4311 -0.0001 -0.0006 1.0000
0.0539 -0.2779 428.9136 -0.0360 -0.0669 298.4741 -0.0001 -0.0006 1.0000
0.0662 -0.2773 429.8120 -0.0267 -0.0632 298.3072 -0.0001 -0.0006 1.0000
0.0616 -0.2694 432.4447 -0.0315 -0.0529 299.0589 -0.0001 -0.0006 1.0000
0.0556 -0.2737 436.7412 -0.0328 -0.0568 299.7314 -0.0001 -0.0006 1.0000
0.0505 -0.3048 445.2922 -0.0313 -0.0812 301.2457 -0.0001 -0.0006 1.0000
0.0632 -0.2997 452.9818 -0.0220 -0.0643 297.4366 -0.0001 -0.0006 1.0000
0.0528 -0.2995 460.4843 -0.0266 -0.0637 296.9714 -0.0001 -0.0006 1.0000
0.0460 -0.2838 469.3898 -0.0307 -0.0414 292.0820 -0.0001 -0.0005 1.0000
0.0543 -0.3218 479.8435 -0.0217 -0.0648 290.1471 -0.0001 -0.0006 1.0000
0.0543 -0.3223 486.9648 -0.0179 -0.0629 286.8519 -0.0001 -0.0006 1.0000
0.0557 -0.3264 495.4572 -0.0166 -0.0567 282.3939 -0.0001 -0.0006 1.0000
0.0533 -0.3261 501.0802 -0.0164 -0.0542 280.9975 -0.0001 -0.0006 1.0000
0.0635 -0.3373 506.9399 -0.0102 -0.0519 275.7967 -0.0001 -0.0006 1.0000
0.0521 -0.3491 511.6027 -0.0154 -0.0614 276.5621 -0.0001 -0.0006 1.0000
0.0637 -0.3405 514.8707 -0.0082 -0.0500 273.8558 -0.0001 -0.0006 1.0000
0.0733 -0.3570 518.7012 -0.0035 -0.0596 276.0838 -0.0000 -0.0006 1.0000
0.0476 -0.3324 521.3017 -0.0181 -0.0470 279.3608 -0.0001 -0.0006 1.0000
0.0598 -0.3373 522.4281 -0.0114 -0.0481 280.7627 -0.0001 -0.0006 1.0000
0.0462 -0.3471 525.1629 -0.0193 -0.0588 287.9566 -0.0001 -0.0006 1.0000
0.0452 -0.3477 527.6101 -0.0205 -0.0634 295.6623 -0.0001 -0.0006 1.0000
0.0514 -0.3498 526.9584 -0.0181 -0.0699 304.5976 -0.0001 -0.0006 1.0000
0.0726 -0.3673 529.2449 -0.0059 -0.0813 311.7239 -0.0001 -0.0006 1.0000
0.0658 -0.3723 528.1564 -0.0108 -0.0908 319.5520 -0.0001 -0.0006 1.0000
0.0561 -0.3517 527.1143 -0.0198 -0.0813 328.1217 -0.0001 -0.0006 1.0000
0.0680 -0.3587 526.4568 -0.0127 -0.0874 333.7164 -0.0001 -0.0006 1.0000
0.0754 -0.3712 527.0259 -0.0088 -0.0985 338.5128 -0.0001 -0.0006 1.0000
0.0627 -0.3455 528.0276 -0.0202 -0.0789 342.4962 -0.0001 -0.0006 1.0000
0.0574 -0.3494 530.2978 -0.0229 -0.0845 345.9044 -0.0001 -0.0006 1.0000
0.0707 -0.3374 532.8458 -0.0166 -0.0712 347.4385 -0.0001 -0.0005 1.0000
0.0764 -0.3789 538.7322 -0.0101 -0.1049 350.6222 -0.0001 -0.0006 1.0000
0.0760 -0.3543 544.3139 -0.0117 -0.0824 352.5625 -0.0001 -0.0006 1.0000
0.0771 -0.3700 549.9209 -0.0107 -0.0925 355.1456 -0.0001 -0.0006 1.0000
0.0606 -0.3736 555.4326 -0.0218 -0.0962 357.6291 -0.0001 -0.0006 1.0000
0.0705 -0.3657 560.6192 -0.0161 -0.0841 358.4307 -0.0001 -0.0006 1.0000
0.0680 -0.3684 565.2187 -0.0165 -0.0840 358.2955 -0.0001 -0.0006 1.0000
0.0814 -0.3849 567.9794 -0.0088 -0.0945 358.4961 -0.0000 -0.0006 1.0000
