1.0000 -0.0000 -0.0000 -0.0000 1.0000 0.0000 -0.0000 0.0000 1.0000
0.9748 -0.0057 5.2402 -0.0110 0.9870 3.8836 -0.0000 -0.0000 1.0000
0.9991 -0.0095 -0.7123 -0.0041 1.0042 -2.7918 -0.0000 -0.0000 1.0000
0.9901 -0.0222 3.9178 -0.0062 1.0076 -6.4785 -0.0000 -0.0000 1.0000
1.0136 0.0009 -6.3420 -0.0056 1.0244 -8.3882 -0.0000 0.0000 1.0000
1.0278 0.0121 -10.6252 -0.0021 1.0415 -13.6874 0.0000 0.0000 1.0000
1.0291 -0.0087 -7.4205 -0.0004 1.0314 -14.2331 0.0000 -0.0000 1.0000
1.0332 -0.0054 -10.7447 -0.0016 1.0370 -15.6445 0.0000 -0.0000 1.0000
1.0222 0.0024 -10.5216 -0.0100 1.0368 -13.7577 -0.0000 -0.0000 1.0000
1.0127 -0.0047 -5.3845 -0.0135 1.0288 -12.1722 -0.0000 -0.0000 1.0000
1.0468 0.0234 -18.0414 -0.0094 1.0673 -19.3044 -0.0000 0.0000 1.0000
1.0518 0.0170 -18.0296 -0.0094 1.0641 -18.9353 0.0000 -0.0000 1.0000
1.0326 0.0031 -9.8594 -0.0147 1.0302 -9.7555 -0.0000 -0.0000 1.0000
1.0609 0.0477 -23.2173 -0.0166 1.0769 -16.2627 -0.0000 0.0000 1.0000
1.0606 0.0329 -20.9568 -0.0177 1.0631 -13.6246 -0.0000 -0.0000 1.0000
1.0290 0.0349 -11.9480 -0.0325 1.0470 -6.0894 -0.0000 -0.0000 1.0000
1.0368 0.0304 -9.2238 -0.0349 1.0504 -4.4300 -0.0000 -0.0000 1.0000
1.0690 0.0284 -13.7304 -0.0251 1.0569 -8.0878 -0.0000 -0.0001 1.0000
1.0485 0.0405 -9.0388 -0.0386 1.0591 -3.7933 -0.0000 -0.0000 1.0000
1.0344 0.0468 -6.4586 -0.0445 1.0455 1.7859 -0.0000 -0.0001 1.0000
1.0874 0.0700 -20.8574 -0.0392 1.0965 -6.4224 -0.0000 -0.0000 1.0000
1.0430 0.0613 -6.5219 -0.0532 1.0640 5.0905 -0.0001 -0.0001 1.0000
1.0811 0.0722 -14.8809 -0.0445 1.0891 1.5304 -0.0000 -0.0001 1.0000
1.1129 0.0709 -18.8912 -0.0412 1.1173 -1.4118 -0.0000 -0.0001 1.0000
1.0946 0.0823 -16.2105 -0.0446 1.1000 4.8643 -0.0000 -0.0001 1.0000
1.0967 0.0688 -11.3677 -0.0472 1.0940 8.3796 -0.0000 -0.0001 1.0000
1.0934 0.1111 -16.3604 -0.0525 1.1100 9.4864 -0.0000 -0.0001 1.0000
1.0795 0.0657 -0.0132 -0.0558 1.0788 16.9592 -0.0000 -0.0001 1.0000
1.1065 0.0968 -8.4895 -0.0545 1.1168 12.7261 -0.0000 -0.0001 1.0000
1.0617 0.0549 13.2879 -0.0649 1.0677 25.3375 -0.0000 -0.0002 1.0000
1.1048 0.0873 0.0704 -0.0562 1.1102 18.1508 -0.0000 -0.0001 1.0000
1.1236 0.1115 -7.0900 -0.0578 1.1438 15.0694 -0.0000 -0.0001 1.0000
1.1340 0.1078 -6.5652 -0.0555 1.1496 14.7888 -0.0000 -0.0001 1.0000
1.1595 0.1433 -17.1933 -0.0535 1.1995 5.8436 -0.0000 -0.0001 1.0000
1.1867 0.1506 -23.8566 -0.0444 1.2166 3.7794 -0.0000 -0.0001 1.0000
1.1249 0.1145 -2.5003 -0.0621 1.1823 14.5642 -0.0001 -0.0001 1.0000
1.1871 0.1753 -28.5598 -0.0468 1.2623 -0.8489 -0.0000 -0.0000 1.0000
1.1592 0.1486 -17.5820 -0.0504 1.2641 -1.1012 -0.0001 -0.0001 1.0000
1.1752 0.1194 -18.7808 -0.0331 1.2523 -0.7370 -0.0000 -0.0001 1.0000
1.0812 0.0572 13.1790 -0.0498 1.1865 15.1010 -0.0001 -0.0002 1.0000
1.0382 0.0067 34.9372 -0.0456 1.1569 18.5787 -0.0001 -0.0002 1.0000
1.1712 0.0718 -5.6396 0.0012 1.2744 -10.0909 -0.0001 -0.0001 1.0000
1.1789 0.1310 -5.5824 0.0127 1.3621 -26.3787 -0.0001 -0.0000 1.0000
1.1672 0.0017 36.6464 0.0454 1.2785 -19.7104 -0.0001 -0.0002 1.0000
1.1190 0.0068 55.9028 0.0399 1.3014 -25.8142 -0.0001 -0.0001 1.0000
1.0780 -0.0353 79.7553 0.0427 1.2847 -30.0520 -0.0001 -0.0001 1.0000
1.0835 -0.0924 95.6680 0.0723 1.2466 -34.3403 -0.0001 -0.0002 1.0000
1.2006 -0.0259 66.7349 0.1095 1.4454 -88.1945 -0.0001 -0.0000 1.0000
1.1759 -0.0331 81.1839 0.1232 1.4302 -97.8827 -0.0001 -0.0001 1.0000
1.1079 -0.1111 121.4045 0.1244 1.3703 -102.5222 -0.0001 -0.0001 1.0000
1.1440 -0.0843 116.8267 0.1521 1.4317 -133.3085 -0.0001 -0.0001 1.0000
1.0181 -0.1631 161.7177 0.1137 1.3371 -121.4614 -0.0002 -0.0001 1.0000
0.9899 -0.1299 164.6400 0.1118 1.3599 -135.6402 -0.0002 -0.0001 1.0000
1.0829 -0.1729 166.4532 0.1676 1.4403 -182.5538 -0.0002 -0.0001 1.0000
1.0102 -0.2024 191.4832 0.1600 1.3622 -175.9158 -0.0002 -0.0001 1.0000
0.9633 -0.2282 215.1784 0.1652 1.3495 -188.5413 -0.0002 -0.0001 1.0000
0.9811 -0.2566 226.1081 0.1892 1.3384 -203.4816 -0.0002 -0.0001 1.0000
1.0222 -0.2425 224.7770 0.2122 1.4172 -237.9410 -0.0002 -0.0000 1.0000
1.0258 -0.2469 234.8793 0.2319 1.4341 -258.4665 -0.0002 -0.0000 1.0000
1.0174 -0.2673 248.5378 0.2372 1.4424 -272.5329 -0.0002 -0.0000 1.0000
0.9915 -0.3094 268.1461 0.2457 1.4004 -276.7562 -0.0002 -0.0001 1.0000
0.9791 -0.2714 272.6210 0.2585 1.4221 -294.4975 -0.0002 -0.0000 1.0000
0.9005 -0.2800 297.8271 0.2409 1.3839 -291.0258 -0.0003 -0.0000 1.0000
1.0666 -0.2608 276.4473 0.3104 1.5321 -354.0946 -0.0002 0.0001 1.0000
0.9903 -0.3169 309.2522 0.2987 1.4427 -339.4331 -0.0002 0.0000 1.0000
0.9517 -0.3304 328.0106 0.2974 1.4247 -345.5290 -0.0003 0.0000 1.0000
0.8773 -0.3569 353.8309 0.2813 1.3680 -337.5183 -0.0003 -0.0000 1.0000
1.0035 -0.2873 332.6972 0.3420 1.5105 -398.7311 -0.0003 0.0001 1.0000
1.0072 -0.3491 353.4482 0.3443 1.5004 -406.7841 -0.0002 0.0001 1.0000
1.0439 -0.3303 355.8361 0.3734 1.5224 -428.0702 -0.0002 0.0001 1.0000
0.9948 -0.3144 371.6966 0.3722 1.5155 -434.4787 -0.0003 0.0001 1.0000
1.0501 -0.3438 377.9791 0.3942 1.5437 -454.3645 -0.0002 0.0001 1.0000
0.9750 -0.3475 400.9556 0.3825 1.4902 -445.7273 -0.0003 0.0001 1.0000
1.0331 -0.3161 399.5217 0.4162 1.5472 -475.2762 -0.0002 0.0002 1.0000
1.0267 -0.3614 412.1608 0.4112 1.5169 -471.1472 -0.0002 0.0001 1.0000
1.0110 -0.3263 420.7451 0.4126 1.5348 -479.0005 -0.0003 0.0002 1.0000
0.9427 -0.3487 443.1622 0.3960 1.4783 -462.6304 -0.0003 0.0001 1.0000
0.9233 -0.3453 450.0603 0.3895 1.4791 -463.1086 -0.0003 0.0001 1.0000
0.9253 -0.3367 453.3794 0.3955 1.4832 -469.0752 -0.0003 0.0001 1.0000
0.9049 -0.3536 463.0699 0.3867 1.4601 -462.2915 -0.0003 0.0001 1.0000
0.8860 -0.3444 468.5671 0.3811 1.4600 -461.1882 -0.0003 0.0001 1.0000
0.8765 -0.3635 474.2299 0.3771 1.4391 -455.0093 -0.0003 0.0001 1.0000
0.8818 -0.3684 472.7391 0.3718 1.4392 -454.2423 -0.0003 0.0001 1.0000
0.8899 -0.3520 467.3097 0.3731 1.4547 -459.2421 -0.0003 0.0001 1.0000
0.8961 -0.3317 461.7020 0.3724 1.4696 -462.6347 -0.0003 0.0001 1.0000
0.8637 -0.3443 465.2442 0.3570 1.4438 -451.3777 -0.0003 0.0001 1.0000
0.8899 -0.3479 458.8272 0.3620 1.4487 -453.9467 -0.0003 0.0001 1.0000
0.9155 -0.3364 450.2319 0.3646 1.4781 -463.4484 -0.0003 0.0001 1.0000
0.9072 -0.3222 447.9308 0.3585 1.4794 -462.5993 -0.0003 0.0001 1.0000
0.9079 -0.3111 444.6293 0.3570 1.4757 -462.0670 -0.0003 0.0001 1.0000
0.9455 -0.2931 437.8517 0.3717 1.5055 -476.3647 -0.0003 0.0001 1.0000
0.9146 -0.2997 449.5405 0.3636 1.4856 -472.8880 -0.0003 0.0001 1.0000
0.9576 -0.3461 457.3864 0.3915 1.5050 -494.3265 -0.0003 0.0001 1.0000
0.9210 -0.3336 468.8470 0.3953 1.5047 -501.0455 -0.0003 0.0001 1.0000
0.9138 -0.3580 478.3831 0.4099 1.4942 -507.7729 -0.0003 0.0001 1.0000
0.8933 -0.3622 491.4657 0.4228 1.4941 -514.8213 -0.0003 0.0002 1.0000
0.9214 -0.4061 508.6366 0.4570 1.5354 -541.3527 -0.0003 0.0002 1.0000
0.7545 -0.4337 565.4849 0.4730 1.4760 -535.5334 -0.0004 0.0002 1.0000
0.7133 -0.6021 624.3227 0.5050 1.4264 -536.2654 -0.0004 0.0001 1.0000
0.6644 -0.5917 652.8623 0.5450 1.4351 -554.3724 -0.0004 0.0002 1.0000
0.6544 -0.6285 669.7308 0.5622 1.4240 -558.3027 -0.0004 0.0002 1.0000
0.6519 -0.6770 691.0232 0.5872 1.4089 -564.1234 -0.0004 0.0002 1.0000
0.5879 -0.7787 742.1414 0.6099 1.3424 -557.5736 -0.0004 0.0002 1.0000
0.6210 -0.7630 766.7949 0.6825 1.4217 -605.7210 -0.0004 0.0003 1.0000
0.5250 -0.7694 788.9837 0.6700 1.3525 -585.5838 -0.0005 0.0003 1.0000
0.5326 -0.8454 816.8025 0.6945 1.3607 -599.1356 -0.0004 0.0003 1.0000
0.5796 -0.8913 827.3430 0.7433 1.3853 -621.4878 -0.0004 0.0003 1.0000
0.6362 -0.9163 837.9705 0.7963 1.4578 -659.3806 -0.0004 0.0004 1.0000
0.5734 -0.9572 840.3632 0.7643 1.3620 -623.5652 -0.0004 0.0003 1.0000
0.5744 -0.9225 838.4045 0.7791 1.4238 -647.3338 -0.0004 0.0004 1.0000
0.6142 -0.9900 847.3048 0.8036 1.4177 -655.1227 -0.0004 0.0004 1.0000
0.4950 -0.8604 857.2512 0.7952 1.5083 -684.2405 -0.0005 0.0005 1.0000
0.4202 -1.0316 890.5666 0.7602 1.3197 -621.7379 -0.0005 0.0003 1.0000
0.3154 -0.9488 902.8389 0.7666 1.3065 -622.8680 -0.0005 0.0004 1.0000
0.3589 -1.1098 950.7158 0.8256 1.2641 -632.8877 -0.0005 0.0004 1.0000
0.3529 -1.0702 968.6918 0.8718 1.3411 -674.1035 -0.0005 0.0005 1.0000
0.3423 -1.2074 997.9737 0.8645 1.1917 -628.2104 -0.0004 0.0004 1.0000
1.0000 0.0000 0.0000 0.0000 1.0000 0.0000 0.0000 0.0000 1.0000
1.0000 0.0000 0.0000 0.0000 1.0000 0.0000 0.0000 0.0000 1.0000
1.0000 0.0000 0.0000 0.0000 1.0000 0.0000 0.0000 0.0000 1.0000
1.0000 0.0000 0.0000 0.0000 1.0000 0.0000 0.0000 0.0000 1.0000
1.0000 0.0000 0.0000 0.0000 1.0000 0.0000 0.0000 0.0000 1.0000
1.0000 0.0000 0.0000 0.0000 1.0000 0.0000 0.0000 0.0000 1.0000
1.0000 0.0000 0.0000 0.0000 1.0000 0.0000 0.0000 0.0000 1.0000
1.0000 0.0000 0.0000 0.0000 1.0000 0.0000 0.0000 0.0000 1.0000
1.0000 0.0000 0.0000 0.0000 1.0000 0.0000 0.0000 0.0000 1.0000
1.0000 0.0000 0.0000 0.0000 1.0000 0.0000 0.0000 0.0000 1.0000
1.0000 0.0000 0.0000 0.0000 1.0000 0.0000 0.0000 0.0000 1.0000
1.0000 0.0000 0.0000 0.0000 1.0000 0.0000 0.0000 0.0000 1.0000
1.0000 0.0000 0.0000 0.0000 1.0000 0.0000 0.0000 0.0000 1.0000
1.0000 0.0000 0.0000 0.0000 1.0000 0.0000 0.0000 0.0000 1.0000
0.0980 -1.2914 1100.9017 0.9819 1.0784 -622.0256 -0.0004 0.0006 1.0000
0.0657 -1.1553 1107.2854 1.0149 1.2452 -667.4884 -0.0005 0.0009 1.0000
0.1298 -1.2560 1092.8496 1.0133 1.2145 -647.9253 -0.0004 0.0007 1.0000
0.1013 -1.2046 1071.4359 0.9751 1.2422 -633.3583 -0.0005 0.0007 1.0000
0.1065 -1.1243 1074.8778 1.0014 1.3738 -664.7524 -0.0005 0.0009 1.0000
0.1013 -1.1578 1033.9679 0.9225 1.2327 -589.4032 -0.0005 0.0007 1.0000
0.1438 -1.1802 1024.5756 0.9137 1.2350 -575.2224 -0.0004 0.0006 1.0000
0.1185 -1.1384 1000.7325 0.8742 1.2106 -549.4857 -0.0005 0.0006 1.0000
0.1566 -1.1468 997.0435 0.8831 1.2493 -552.3229 -0.0004 0.0006 1.0000
0.1428 -1.1333 977.3752 0.8435 1.1919 -519.3124 -0.0004 0.0005 1.0000
0.1256 -1.0754 964.4485 0.8177 1.2215 -512.7498 -0.0005 0.0006 1.0000
0.1422 -1.0795 962.9283 0.8214 1.2586 -520.9162 -0.0005 0.0006 1.0000
0.1261 -1.0809 944.4319 0.7779 1.1990 -489.3831 -0.0005 0.0005 1.0000
0.1508 -1.0809 939.2246 0.7851 1.2280 -495.7616 -0.0005 0.0005 1.0000
0.1632 -1.0800 936.5611 0.7902 1.2595 -504.5210 -0.0005 0.0006 1.0000
0.1734 -1.0894 924.1523 0.7780 1.2305 -490.2993 -0.0004 0.0005 1.0000
0.1833 -1.0713 920.2897 0.7882 1.2907 -509.1797 -0.0004 0.0006 1.0000
0.1647 -1.0615 909.6470 0.7601 1.2585 -492.9486 -0.0005 0.0005 1.0000
0.1594 -1.0333 898.3575 0.7508 1.2573 -488.4492 -0.0005 0.0006 1.0000
0.1807 -1.0473 897.0849 0.7626 1.2735 -495.7015 -0.0005 0.0005 1.0000
0.1697 -1.0557 890.4232 0.7411 1.2336 -479.2293 -0.0005 0.0005 1.0000
0.1640 -1.0322 887.4671 0.7430 1.2512 -484.4934 -0.0005 0.0005 1.0000
0.1853 -1.0183 891.4450 0.7692 1.3383 -516.1765 -0.0005 0.0006 1.0000
0.1861 -1.0622 887.5321 0.7520 1.2657 -493.7839 -0.0004 0.0005 1.0000
0.1729 -1.0127 891.4783 0.7732 1.3346 -518.9542 -0.0005 0.0006 1.0000
0.1644 -0.9960 891.6080 0.7732 1.3536 -523.1098 -0.0005 0.0007 1.0000
0.1568 -1.0283 887.6414 0.7521 1.2940 -503.2780 -0.0005 0.0006 1.0000
0.1501 -1.0157 890.6667 0.7665 1.3084 -510.2168 -0.0005 0.0006 1.0000
0.1592 -1.0669 895.2610 0.7646 1.2756 -500.8735 -0.0005 0.0005 1.0000
0.1577 -1.0693 898.3965 0.7764 1.3037 -510.8863 -0.0005 0.0006 1.0000
0.1506 -1.0666 909.1330 0.8007 1.3259 -522.0186 -0.0005 0.0006 1.0000
0.1566 -1.1213 913.0623 0.8077 1.2759 -506.2587 -0.0005 0.0006 1.0000
0.1368 -1.1339 904.0232 0.7804 1.2253 -481.5134 -0.0005 0.0005 1.0000
0.1559 -1.1481 923.1466 0.8283 1.3340 -519.1910 -0.0004 0.0006 1.0000
0.1210 -1.1521 923.1475 0.8076 1.3053 -503.1065 -0.0005 0.0005 1.0000
0.1096 -1.1981 933.0187 0.8126 1.2015 -470.1359 -0.0004 0.0004 1.0000
0.0436 -1.1273 934.0123 0.7814 1.2189 -460.4805 -0.0005 0.0005 1.0000
0.0579 -1.1705 962.6377 0.8341 1.2293 -467.2492 -0.0005 0.0005 1.0000
0.0828 -1.2335 993.1633 0.8747 1.2900 -487.4571 -0.0004 0.0006 1.0000
0.0584 -1.2490 1003.9386 0.8646 1.2666 -474.0086 -0.0005 0.0006 1.0000
0.0717 -1.2563 1027.5675 0.9314 1.3488 -508.0773 -0.0004 0.0006 1.0000
0.0550 -1.2569 1034.0750 0.9356 1.3620 -509.8064 -0.0004 0.0007 1.0000
0.0328 -1.2566 1041.7415 0.9399 1.3404 -501.1183 -0.0004 0.0007 1.0000
0.0383 -1.2806 1063.2896 0.9776 1.4099 -525.9946 -0.0004 0.0007 1.0000
-0.0403 -1.2190 1027.5708 0.8639 1.2421 -449.6287 -0.0005 0.0006 1.0000
-0.0236 -1.2533 1076.1832 0.9567 1.3756 -504.9954 -0.0005 0.0008 1.0000
-0.0241 -1.2768 1089.5216 0.9857 1.3921 -516.6343 -0.0005 0.0008 1.0000
-0.0786 -1.2284 1073.5390 0.9214 1.3088 -477.3038 -0.0005 0.0007 1.0000
-0.0645 -1.2839 1085.9690 0.9454 1.2814 -477.2880 -0.0005 0.0007 1.0000
-0.0627 -1.2769 1114.9242 1.0015 1.3708 -515.1293 -0.0005 0.0008 1.0000
-0.0721 -1.3014 1143.5794 1.0266 1.3840 -528.2115 -0.0005 0.0009 1.0000
-0.0857 -1.3044 1159.5319 1.0399 1.3916 -538.1478 -0.0005 0.0009 1.0000
-0.1047 -1.3182 1157.4556 1.0048 1.3021 -511.6059 -0.0005 0.0008 1.0000
-0.1083 -1.3108 1191.6486 1.0649 1.3791 -552.7314 -0.0005 0.0009 1.0000
-0.0784 -1.3587 1241.0053 1.1575 1.4595 -605.4227 -0.0004 0.0010 1.0000
-0.1253 -1.3121 1233.0979 1.1032 1.4062 -582.9673 -0.0004 0.0010 1.0000
-0.1339 -1.3107 1267.4048 1.1500 1.4526 -614.4355 -0.0005 0.0011 1.0000
-0.1113 -1.3207 1316.3221 1.2393 1.5756 -679.7528 -0.0004 0.0012 1.0000
-0.1368 -1.3160 1296.9683 1.1851 1.4220 -632.7234 -0.0004 0.0011 1.0000
-0.1843 -1.2728 1290.6326 1.1378 1.3756 -614.3081 -0.0005 0.0010 1.0000
-0.1757 -1.3023 1297.3929 1.1441 1.3372 -612.8818 -0.0004 0.0010 1.0000
-0.1942 -1.2820 1320.1056 1.1693 1.3806 -635.8090 -0.0005 0.0011 1.0000
-0.2096 -1.2889 1316.3522 1.1430 1.3115 -615.9640 -0.0005 0.0010 1.0000
-0.2177 -1.2686 1321.2009 1.1518 1.3139 -624.1212 -0.0005 0.0011 1.0000
-0.2143 -1.2928 1336.4603 1.1678 1.3165 -633.4894 -0.0005 0.0011 1.0000
-0.2088 -1.2827 1350.0743 1.1994 1.3634 -660.0538 -0.0004 0.0011 1.0000
-0.2258 -1.2691 1328.7992 1.1500 1.2772 -626.0124 -0.0005 0.0010 1.0000
-0.2228 -1.2772 1357.2550 1.1864 1.3281 -652.5401 -0.0005 0.0011 1.0000
-0.2112 -1.3054 1358.0051 1.1802 1.2887 -643.4548 -0.0004 0.0011 1.0000
-0.2183 -1.3208 1367.0885 1.1698 1.2518 -633.0362 -0.0004 0.0010 1.0000
-0.2343 -1.3245 1364.5765 1.1414 1.1901 -612.2130 -0.0005 0.0010 1.0000
-0.2435 -1.3089 1356.7668 1.1259 1.1658 -605.6882 -0.0005 0.0009 1.0000
-0.2170 -1.3384 1353.8795 1.1398 1.1403 -608.8492 -0.0004 0.0009 1.0000
-0.2437 -1.3131 1343.2480 1.1054 1.1008 -590.2978 -0.0005 0.0008 1.0000
-0.2954 -1.2823 1383.3804 1.1336 1.1577 -614.0617 -0.0005 0.0010 1.0000
-0.2857 -1.3082 1440.9700 1.2503 1.2071 -662.7667 -0.0005 0.0012 1.0000
-0.3961 -1.2334 1434.3882 1.1544 1.1472 -615.8298 -0.0005 0.0011 1.0000
-0.3307 -1.3613 1448.1784 1.2285 1.0478 -615.6659 -0.0004 0.0010 1.0000
-0.3464 -1.3540 1465.0930 1.2428 1.0913 -629.0846 -0.0004 0.0011 1.0000
-0.4157 -1.1980 1502.4560 1.2726 1.3018 -685.2403 -0.0006 0.0015 1.0000
-0.4112 -1.2015 1464.2337 1.2123 1.2189 -643.5385 -0.0006 0.0013 1.0000
-0.4014 -1.1812 1458.5473 1.2045 1.2734 -651.8485 -0.0006 0.0014 1.0000
-0.3422 -1.2665 1397.2093 1.1471 1.0802 -586.7989 -0.0005 0.0010 1.0000
-0.3369 -1.1962 1448.3235 1.2389 1.3734 -688.5301 -0.0005 0.0014 1.0000
-0.3345 -1.1946 1407.3894 1.1869 1.2942 -655.3104 -0.0005 0.0013 1.0000
-0.2705 -1.2500 1402.4756 1.2328 1.3210 -681.2095 -0.0005 0.0012 1.0000
-0.2876 -1.2210 1352.9221 1.1525 1.2139 -634.1040 -0.0005 0.0011 1.0000
-0.2648 -1.2487 1315.9667 1.1015 1.1524 -605.7468 -0.0005 0.0009 1.0000
-0.2229 -1.2172 1329.1325 1.1609 1.2914 -659.3795 -0.0005 0.0011 1.0000
-0.2407 -1.2299 1265.6485 1.0194 1.0852 -560.2845 -0.0005 0.0008 1.0000
-0.1849 -1.2334 1280.2568 1.0859 1.1629 -601.4381 -0.0005 0.0009 1.0000
-0.1682 -1.2077 1272.1236 1.0886 1.2133 -617.4306 -0.0005 0.0009 1.0000
-0.1749 -1.1787 1234.6843 1.0182 1.1696 -586.4292 -0.0005 0.0008 1.0000
-0.1355 -1.1786 1235.8300 1.0459 1.2088 -607.7898 -0.0005 0.0009 1.0000
-0.0952 -1.1791 1237.3714 1.0732 1.2606 -633.7373 -0.0005 0.0009 1.0000
-0.0746 -1.1919 1223.7744 1.0537 1.2179 -620.7774 -0.0005 0.0008 1.0000
-0.0853 -1.1563 1215.5900 1.0283 1.2256 -620.6239 -0.0005 0.0008 1.0000
-0.0397 -1.0666 1234.0275 1.1183 1.3966 -700.4276 -0.0005 0.0011 1.0000
-0.0859 -0.8794 1250.3845 1.1832 1.5152 -759.4549 -0.0006 0.0015 1.0000
1.0000 0.0000 0.0000 0.0000 1.0000 0.0000 0.0000 0.0000 1.0000
1.0000 0.0000 0.0000 0.0000 1.0000 0.0000 0.0000 0.0000 1.0000
1.0000 0.0000 0.0000 0.0000 1.0000 0.0000 0.0000 0.0000 1.0000
1.0000 0.0000 0.0000 0.0000 1.0000 0.0000 0.0000 0.0000 1.0000
1.0000 0.0000 0.0000 0.0000 1.0000 0.0000 0.0000 0.0000 1.0000
1.0000 0.0000 0.0000 0.0000 1.0000 0.0000 0.0000 0.0000 1.0000
1.0000 0.0000 0.0000 0.0000 1.0000 0.0000 0.0000 0.0000 1.0000
1.0000 0.0000 0.0000 0.0000 1.0000 0.0000 0.0000 0.0000 1.0000
1.0000 0.0000 0.0000 0.0000 1.0000 0.0000 0.0000 0.0000 1.0000
1.0000 0.0000 0.0000 0.0000 1.0000 0.0000 0.0000 0.0000 1.0000
1.0000 0.0000 0.0000 0.0000 1.0000 0.0000 0.0000 0.0000 1.0000
1.0000 0.0000 0.0000 0.0000 1.0000 0.0000 0.0000 0.0000 1.0000
1.0000 0.0000 0.0000 0.0000 1.0000 0.0000 0.0000 0.0000 1.0000
1.0000 0.0000 0.0000 0.0000 1.0000 0.0000 0.0000 0.0000 1.0000
1.0000 0.0000 0.0000 0.0000 1.0000 0.0000 0.0000 0.0000 1.0000
0.1783 -0.8819 1081.0904 0.9583 1.4363 -737.9254 -0.0004 0.0010 1.0000
0.3289 -0.7453 1123.7420 1.1832 1.8177 -922.4864 -0.0004 0.0015 1.0000
0.1571 -0.8930 1042.1899 0.8900 1.3783 -687.4925 -0.0005 0.0009 1.0000
0.2219 -1.0496 1018.3720 0.8579 1.2417 -626.8360 -0.0004 0.0006 1.0000
0.2821 -1.0853 1010.8582 0.8892 1.2781 -638.3256 -0.0004 0.0006 1.0000
0.2271 -0.9689 991.3466 0.8728 1.3720 -649.2601 -0.0005 0.0008 1.0000
0.3272 -0.9777 989.0011 0.9524 1.5629 -714.3424 -0.0004 0.0009 1.0000
0.3645 -1.0751 964.7378 0.9588 1.5446 -695.6666 -0.0004 0.0007 1.0000
0.2847 -1.0231 936.2164 0.8890 1.5177 -653.3638 -0.0004 0.0007 1.0000
0.3255 -1.0697 916.4972 0.8934 1.5190 -638.3337 -0.0004 0.0006 1.0000
0.3428 -1.0690 918.3585 0.9148 1.6253 -661.3211 -0.0004 0.0007 1.0000
0.3721 -1.1113 887.3325 0.8967 1.5098 -608.1988 -0.0004 0.0005 1.0000
0.3266 -1.0140 856.9321 0.8473 1.5240 -585.8192 -0.0004 0.0006 1.0000
0.2927 -1.0047 829.7196 0.7760 1.4622 -538.9789 -0.0004 0.0004 1.0000
0.2854 -0.9629 819.5728 0.7700 1.4658 -530.3550 -0.0005 0.0005 1.0000
0.2824 -0.9400 805.1482 0.7408 1.4800 -519.3007 -0.0005 0.0005 1.0000
0.3286 -1.0022 800.9710 0.7544 1.4457 -508.0692 -0.0005 0.0004 1.0000
0.3257 -0.9309 787.9572 0.7504 1.5152 -518.0657 -0.0005 0.0005 1.0000
0.3418 -0.9258 777.8622 0.7408 1.5319 -516.7941 -0.0005 0.0005 1.0000
0.3520 -0.8952 767.8527 0.7320 1.5743 -521.5835 -0.0005 0.0005 1.0000
0.3604 -0.8867 759.1930 0.7202 1.5678 -516.3565 -0.0005 0.0005 1.0000
0.3706 -0.9044 748.3384 0.7051 1.5139 -500.3061 -0.0005 0.0004 1.0000
0.3534 -0.8783 739.0471 0.6715 1.5154 -490.7842 -0.0005 0.0004 1.0000
0.3796 -0.8605 727.9798 0.6757 1.5445 -500.5753 -0.0005 0.0004 1.0000
0.3816 -0.8315 716.5597 0.6526 1.5661 -501.4798 -0.0005 0.0004 1.0000
0.3927 -0.8362 710.6857 0.6492 1.5292 -493.4392 -0.0005 0.0004 1.0000
0.4126 -0.8331 703.8727 0.6409 1.5121 -489.6626 -0.0005 0.0004 1.0000
0.4162 -0.7940 697.4508 0.6252 1.5410 -495.8793 -0.0005 0.0004 1.0000
0.4092 -0.7871 695.6828 0.5974 1.5053 -482.4927 -0.0005 0.0004 1.0000
0.4503 -0.7289 684.0820 0.6184 1.5957 -520.0816 -0.0005 0.0004 1.0000
0.4495 -0.7382 679.3218 0.5930 1.5546 -509.5244 -0.0005 0.0003 1.0000
0.4571 -0.7166 677.5682 0.5864 1.5320 -507.5472 -0.0005 0.0004 1.0000
0.4543 -0.7249 677.6056 0.5623 1.4987 -497.6762 -0.0005 0.0003 1.0000
0.4816 -0.7104 670.9476 0.5666 1.5195 -510.6332 -0.0005 0.0003 1.0000
0.4692 -0.6751 671.0942 0.5505 1.5299 -513.9625 -0.0005 0.0004 1.0000
0.4891 -0.6648 660.1887 0.5329 1.5082 -507.0892 -0.0005 0.0004 1.0000
0.5458 -0.6775 657.3457 0.5576 1.5231 -521.7403 -0.0004 0.0003 1.0000
0.5367 -0.6506 647.7910 0.5365 1.5237 -516.9639 -0.0004 0.0003 1.0000
0.5142 -0.6206 639.4509 0.5128 1.4982 -502.2768 -0.0005 0.0003 1.0000
0.5074 -0.6361 636.8371 0.4981 1.4785 -491.7845 -0.0005 0.0003 1.0000
0.5761 -0.6122 620.9590 0.5229 1.5556 -514.4800 -0.0004 0.0003 1.0000
0.5522 -0.5534 607.1991 0.4950 1.5816 -504.0120 -0.0005 0.0004 1.0000
0.5318 -0.6067 598.7787 0.4591 1.4842 -460.3346 -0.0004 0.0003 1.0000
0.5573 -0.5993 585.3277 0.4595 1.5277 -462.9996 -0.0004 0.0003 1.0000
0.6236 -0.6259 568.4504 0.4823 1.5754 -471.7582 -0.0004 0.0003 1.0000
0.5887 -0.5994 553.0767 0.4473 1.5807 -453.0983 -0.0004 0.0003 1.0000
0.5719 -0.5751 538.4103 0.4282 1.5721 -433.2229 -0.0004 0.0003 1.0000
0.6228 -0.6319 527.6033 0.4423 1.5695 -425.3359 -0.0004 0.0003 1.0000
0.7188 -0.5065 489.0225 0.4847 1.8495 -492.5128 -0.0004 0.0005 1.0000
0.6576 -0.5816 487.1472 0.4405 1.6453 -418.9275 -0.0004 0.0003 1.0000
0.6241 -0.5713 468.7486 0.3925 1.5785 -373.3287 -0.0004 0.0002 1.0000
0.6142 -0.5558 456.1767 0.3645 1.5902 -355.4797 -0.0004 0.0002 1.0000
0.6442 -0.4770 430.3024 0.3752 1.7159 -377.4077 -0.0004 0.0004 1.0000
0.7167 -0.4914 411.6472 0.3970 1.7622 -382.4478 -0.0003 0.0003 1.0000
0.6865 -0.4802 403.4658 0.3580 1.6909 -342.6283 -0.0004 0.0003 1.0000
0.7182 -0.4603 383.5227 0.3499 1.7370 -339.0050 -0.0003 0.0003 1.0000
0.7173 -0.4696 369.1116 0.3247 1.6812 -311.0715 -0.0003 0.0003 1.0000
0.7807 -0.4241 337.1544 0.3254 1.7869 -322.4884 -0.0003 0.0003 1.0000
0.7454 -0.4047 330.4133 0.2851 1.7727 -301.4023 -0.0003 0.0003 1.0000
0.6904 -0.4304 324.0248 0.2493 1.5984 -250.9267 -0.0003 0.0002 1.0000
0.6895 -0.4144 305.5103 0.2348 1.5520 -232.1087 -0.0003 0.0001 1.0000
0.7015 -0.4687 296.2492 0.2315 1.4485 -209.3659 -0.0003 -0.0000 1.0000
0.7245 -0.4534 275.7730 0.2148 1.4829 -209.4849 -0.0003 0.0000 1.0000
0.6658 -0.4496 268.0819 0.1817 1.3471 -173.1930 -0.0003 -0.0001 1.0000
0.7272 -0.3742 236.5379 0.1761 1.5328 -206.1776 -0.0003 0.0001 1.0000
0.7431 -0.3488 220.6418 0.1708 1.5543 -206.3038 -0.0003 0.0001 1.0000
0.6977 -0.3116 207.0218 0.1297 1.4886 -179.3925 -0.0003 0.0001 1.0000
0.6839 -0.3245 206.3310 0.1121 1.4184 -155.6163 -0.0003 0.0000 1.0000
0.6472 -0.2844 203.3495 0.0699 1.4159 -141.4997 -0.0003 0.0001 1.0000
0.6534 -0.1949 193.7336 0.0526 1.5434 -156.3369 -0.0004 0.0003 1.0000
0.6513 -0.2640 210.2588 0.0608 1.4302 -136.5937 -0.0003 0.0001 1.0000
0.7137 -0.2892 206.7430 0.0826 1.4390 -142.4151 -0.0002 0.0001 1.0000
0.6038 -0.3263 243.2709 0.0367 1.2675 -94.8661 -0.0003 -0.0000 1.0000
0.6877 -0.2826 235.4792 0.0720 1.4082 -134.2339 -0.0002 0.0001 1.0000
0.6947 -0.2236 239.1413 0.0538 1.4834 -138.9150 -0.0002 0.0002 1.0000
0.5682 -0.2228 269.6498 0.0216 1.3024 -96.5839 -0.0003 0.0001 1.0000
0.4818 -0.1881 292.7175 -0.0198 1.2577 -77.0998 -0.0004 0.0002 1.0000
0.4949 -0.1551 299.8979 -0.0140 1.3059 -87.3735 -0.0004 0.0002 1.0000
0.5532 -0.1230 306.4118 0.0057 1.4212 -113.2200 -0.0003 0.0003 1.0000
0.4895 -0.1343 330.5497 -0.0190 1.3521 -93.6894 -0.0003 0.0003 1.0000
0.4734 -0.1107 337.4539 -0.0158 1.3474 -96.8449 -0.0004 0.0003 1.0000
0.4347 -0.0516 338.3916 -0.0237 1.3507 -98.2448 -0.0004 0.0005 1.0000
0.4155 -0.1307 354.0448 -0.0014 1.2391 -87.6637 -0.0004 0.0003 1.0000
0.4272 -0.1929 370.0861 0.0054 1.1799 -77.4008 -0.0003 0.0002 1.0000
0.4440 -0.2063 377.3220 0.0270 1.2131 -98.4138 -0.0003 0.0002 1.0000
0.3163 -0.1932 397.5068 -0.0102 1.0922 -69.2672 -0.0004 0.0002 1.0000
0.3324 -0.2989 428.8591 0.0175 1.0342 -64.1083 -0.0004 0.0001 1.0000
0.3488 -0.2058 433.9639 0.0335 1.1643 -95.9550 -0.0004 0.0004 1.0000
0.3836 -0.4890 482.1142 0.0788 0.8974 -46.1247 -0.0002 -0.0001 1.0000
0.5516 -0.5039 499.0880 0.1965 1.1340 -112.3151 -0.0000 0.0001 1.0000
0.3326 -0.3298 505.5618 0.0913 1.0917 -56.0111 -0.0003 0.0003 1.0000
0.6654 -0.5231 519.6256 0.3003 1.2424 -108.5537 0.0001 0.0003 1.0000
0.5550 -0.6206 554.7534 0.2622 1.1122 -48.4358 -0.0000 0.0002 1.0000
0.4088 -0.5837 545.9861 0.2077 0.9429 14.2173 -0.0002 0.0002 1.0000
0.4217 -0.5959 542.8106 0.2242 1.0101 9.9485 -0.0002 0.0003 1.0000
0.4209 -0.7993 558.0956 0.2521 0.8514 38.4386 -0.0001 -0.0000 1.0000
0.3526 -0.7514 548.7761 0.2327 0.8257 56.6552 -0.0002 0.0001 1.0000
0.2531 -0.7744 537.8811 0.1806 0.6663 88.5551 -0.0003 -0.0000 1.0000
0.3960 -0.9304 541.6129 0.2999 0.7794 40.9418 -0.0001 0.0000 1.0000
0.3393 -0.9470 527.5592 0.3150 0.5836 61.9442 -0.0001 -0.0002 1.0000
0.2811 -0.8640 510.0142 0.2728 0.6353 55.2724 -0.0003 -0.0000 1.0000
0.3100 -0.9143 525.8785 0.3473 0.7273 16.0120 -0.0002 0.0001 1.0000
0.2791 -0.9512 509.9269 0.3099 0.5996 35.9264 -0.0002 -0.0000 1.0000
0.2219 -0.9397 500.9947 0.2724 0.4810 54.9447 -0.0003 -0.0001 1.0000
0.2286 -0.9473 492.1359 0.2952 0.4702 40.5140 -0.0003 -0.0000 1.0000
0.2316 -0.9615 489.0660 0.3171 0.5077 7.3674 -0.0003 -0.0000 1.0000
0.3588 -1.1296 514.0765 0.4410 0.6315 -67.5091 -0.0002 0.0002 1.0000
0.3752 -1.2021 521.5879 0.5158 0.6435 -143.1907 -0.0002 0.0001 1.0000
0.3670 -1.2036 518.9107 0.5533 0.6438 -210.4121 -0.0002 0.0003 1.0000
0.4103 -1.3181 555.8820 0.6483 0.7603 -326.4287 -0.0002 0.0005 1.0000
0.4480 -1.3934 555.4675 0.6825 0.6378 -382.4225 -0.0001 0.0004 1.0000
1.0000 0.0000 0.0000 0.0000 1.0000 0.0000 0.0000 0.0000 1.0000
1.0000 0.0000 0.0000 0.0000 1.0000 0.0000 0.0000 0.0000 1.0000
1.0000 0.0000 0.0000 0.0000 1.0000 0.0000 0.0000 0.0000 1.0000
1.0000 0.0000 0.0000 0.0000 1.0000 0.0000 0.0000 0.0000 1.0000
1.0000 0.0000 0.0000 0.0000 1.0000 0.0000 0.0000 0.0000 1.0000
1.0000 0.0000 0.0000 0.0000 1.0000 0.0000 0.0000 0.0000 1.0000
1.0000 0.0000 0.0000 0.0000 1.0000 0.0000 0.0000 0.0000 1.0000
1.0000 0.0000 0.0000 0.0000 1.0000 0.0000 0.0000 0.0000 1.0000
1.0000 0.0000 0.0000 0.0000 1.0000 0.0000 0.0000 0.0000 1.0000
1.0000 0.0000 0.0000 0.0000 1.0000 0.0000 0.0000 0.0000 1.0000
1.0000 0.0000 0.0000 0.0000 1.0000 0.0000 0.0000 0.0000 1.0000
1.0000 0.0000 0.0000 0.0000 1.0000 0.0000 0.0000 0.0000 1.0000
1.0000 0.0000 0.0000 0.0000 1.0000 0.0000 0.0000 0.0000 1.0000
1.0000 0.0000 0.0000 0.0000 1.0000 0.0000 0.0000 0.0000 1.0000
1.0000 0.0000 0.0000 0.0000 1.0000 0.0000 0.0000 0.0000 1.0000
1.0000 0.0000 0.0000 0.0000 1.0000 0.0000 0.0000 0.0000 1.0000
1.0000 0.0000 0.0000 0.0000 1.0000 0.0000 0.0000 0.0000 1.0000
1.0000 0.0000 0.0000 0.0000 1.0000 0.0000 0.0000 0.0000 1.0000
1.0000 0.0000 0.0000 0.0000 1.0000 0.0000 0.0000 0.0000 1.0000
1.0000 0.0000 0.0000 0.0000 1.0000 0.0000 0.0000 0.0000 1.0000
1.0000 0.0000 0.0000 0.0000 1.0000 0.0000 0.0000 0.0000 1.0000
1.0000 0.0000 0.0000 0.0000 1.0000 0.0000 0.0000 0.0000 1.0000
1.0000 0.0000 0.0000 0.0000 1.0000 0.0000 0.0000 0.0000 1.0000
1.0000 0.0000 0.0000 0.0000 1.0000 0.0000 0.0000 0.0000 1.0000
1.0000 0.0000 0.0000 0.0000 1.0000 0.0000 0.0000 0.0000 1.0000
1.0000 0.0000 0.0000 0.0000 1.0000 0.0000 0.0000 0.0000 1.0000
1.0000 0.0000 0.0000 0.0000 1.0000 0.0000 0.0000 0.0000 1.0000
1.0000 0.0000 0.0000 0.0000 1.0000 0.0000 0.0000 0.0000 1.0000
1.0000 0.0000 0.0000 0.0000 1.0000 0.0000 0.0000 0.0000 1.0000
1.0000 0.0000 0.0000 0.0000 1.0000 0.0000 0.0000 0.0000 1.0000
1.0000 0.0000 0.0000 0.0000 1.0000 0.0000 0.0000 0.0000 1.0000
1.0000 0.0000 0.0000 0.0000 1.0000 0.0000 0.0000 0.0000 1.0000
1.0000 0.0000 0.0000 0.0000 1.0000 0.0000 0.0000 0.0000 1.0000
1.0000 0.0000 0.0000 0.0000 1.0000 0.0000 0.0000 0.0000 1.0000
1.0000 0.0000 0.0000 0.0000 1.0000 0.0000 0.0000 0.0000 1.0000
1.0000 0.0000 0.0000 0.0000 1.0000 0.0000 0.0000 0.0000 1.0000
1.0000 0.0000 0.0000 0.0000 1.0000 0.0000 0.0000 0.0000 1.0000
1.0000 0.0000 0.0000 0.0000 1.0000 0.0000 0.0000 0.0000 1.0000
1.0000 0.0000 0.0000 0.0000 1.0000 0.0000 0.0000 0.0000 1.0000
1.0000 0.0000 0.0000 0.0000 1.0000 0.0000 0.0000 0.0000 1.0000
1.0000 0.0000 0.0000 0.0000 1.0000 0.0000 0.0000 0.0000 1.0000
1.0000 0.0000 0.0000 0.0000 1.0000 0.0000 0.0000 0.0000 1.0000
1.0000 0.0000 0.0000 0.0000 1.0000 0.0000 0.0000 0.0000 1.0000
1.0000 0.0000 0.0000 0.0000 1.0000 0.0000 0.0000 0.0000 1.0000
1.0000 0.0000 0.0000 0.0000 1.0000 0.0000 0.0000 0.0000 1.0000
1.0000 0.0000 0.0000 0.0000 1.0000 0.0000 0.0000 0.0000 1.0000
1.0000 0.0000 0.0000 0.0000 1.0000 0.0000 0.0000 0.0000 1.0000
1.0000 0.0000 0.0000 0.0000 1.0000 0.0000 0.0000 0.0000 1.0000
1.0000 0.0000 0.0000 0.0000 1.0000 0.0000 0.0000 0.0000 1.0000
1.0000 0.0000 0.0000 0.0000 1.0000 0.0000 0.0000 0.0000 1.0000
1.0000 0.0000 0.0000 0.0000 1.0000 0.0000 0.0000 0.0000 1.0000
1.0000 0.0000 0.0000 0.0000 1.0000 0.0000 0.0000 0.0000 1.0000
1.0000 0.0000 0.0000 0.0000 1.0000 0.0000 0.0000 0.0000 1.0000
1.0000 0.0000 0.0000 0.0000 1.0000 0.0000 0.0000 0.0000 1.0000
1.0000 0.0000 0.0000 0.0000 1.0000 0.0000 0.0000 0.0000 1.0000
0.7908 0.8640 4.1233 0.2986 2.8977 -352.9222 -0.0005 0.0013 1.0000
0.7247 1.0281 6.5726 0.2081 3.2225 -390.2284 -0.0007 0.0017 1.0000
0.7777 0.7925 7.7980 0.3024 2.7234 -338.2022 -0.0005 0.0011 1.0000
0.6174 0.4960 77.8231 0.2136 2.1537 -222.6269 -0.0005 0.0006 1.0000
0.6093 0.5363 71.2265 0.1995 2.2240 -232.6295 -0.0005 0.0006 1.0000
0.8021 0.8554 -17.1623 0.3092 2.8326 -361.5405 -0.0005 0.0012 1.0000
0.8028 1.1773 -53.0672 0.2320 3.4066 -423.8077 -0.0007 0.0020 1.0000
0.7940 0.4156 23.3320 0.3731 2.0231 -241.6380 -0.0002 0.0002 1.0000
1.0000 0.0000 0.0000 0.0000 1.0000 0.0000 0.0000 0.0000 1.0000
1.0000 0.0000 0.0000 0.0000 1.0000 0.0000 0.0000 0.0000 1.0000
1.0000 0.0000 0.0000 0.0000 1.0000 0.0000 0.0000 0.0000 1.0000
1.0000 0.0000 0.0000 0.0000 1.0000 0.0000 0.0000 0.0000 1.0000
1.0000 0.0000 0.0000 0.0000 1.0000 0.0000 0.0000 0.0000 1.0000
1.0000 0.0000 0.0000 0.0000 1.0000 0.0000 0.0000 0.0000 1.0000
1.0000 0.0000 0.0000 0.0000 1.0000 0.0000 0.0000 0.0000 1.0000
1.0000 0.0000 0.0000 0.0000 1.0000 0.0000 0.0000 0.0000 1.0000
1.0000 0.0000 0.0000 0.0000 1.0000 0.0000 0.0000 0.0000 1.0000
1.0000 0.0000 0.0000 0.0000 1.0000 0.0000 0.0000 0.0000 1.0000
1.0000 0.0000 0.0000 0.0000 1.0000 0.0000 0.0000 0.0000 1.0000
1.0000 0.0000 0.0000 0.0000 1.0000 0.0000 0.0000 0.0000 1.0000
1.0000 0.0000 0.0000 0.0000 1.0000 0.0000 0.0000 0.0000 1.0000
0.6054 0.2379 184.5318 0.5069 2.6487 -467.4231 -0.0005 0.0011 1.0000
0.6001 -0.0153 267.9125 0.6315 2.4760 -495.9984 -0.0004 0.0010 1.0000
0.5610 -0.0803 304.1721 0.6876 2.2686 -488.7230 -0.0004 0.0009 1.0000
0.4709 -0.2299 377.2591 0.7152 2.2317 -526.5747 -0.0004 0.0009 1.0000
0.4486 -0.4443 453.2821 0.8249 2.0839 -562.4356 -0.0003 0.0008 1.0000
0.2996 -0.4555 532.4701 0.8382 2.2379 -632.9885 -0.0005 0.0012 1.0000
0.2958 -0.7788 590.5348 0.8838 1.7083 -552.3541 -0.0002 0.0007 1.0000
0.0880 -0.8106 658.0473 0.7756 1.6147 -520.3332 -0.0005 0.0008 1.0000
0.0738 -0.9617 768.2457 1.0375 1.7231 -644.6530 -0.0003 0.0012 1.0000
-0.0760 -1.0347 799.7762 0.8754 1.3816 -541.1719 -0.0004 0.0009 1.0000
-0.1506 -1.1038 870.2261 0.9249 1.2258 -538.5657 -0.0004 0.0011 1.0000
-0.2041 -1.2536 939.7548 0.9513 1.0961 -535.1153 -0.0003 0.0010 1.0000
-0.2373 -1.4787 1058.2422 1.0517 1.0214 -569.6774 -0.0001 0.0010 1.0000
-0.4049 -1.3857 1099.4252 0.9429 0.8337 -504.5725 -0.0004 0.0012 1.0000
-0.4641 -1.3841 1088.9308 0.8026 0.5543 -401.9781 -0.0004 0.0009 1.0000
-0.3858 -1.8810 1343.0117 1.0830 0.4138 -465.9825 0.0001 0.0010 1.0000
-0.6324 -1.5389 1374.4383 0.9282 0.3056 -394.5501 -0.0003 0.0017 1.0000
-0.6354 -1.4348 1312.3381 0.7798 0.0419 -270.1902 -0.0003 0.0012 1.0000
-0.7742 -1.2248 1304.8317 0.6504 -0.1213 -182.4244 -0.0005 0.0011 1.0000
-0.7614 -1.1689 1292.3452 0.5832 -0.2465 -111.9473 -0.0004 0.0009 1.0000
-0.8167 -1.1092 1388.8388 0.5990 -0.3415 -72.2952 -0.0003 0.0011 1.0000
-0.8571 -0.9503 1368.2710 0.5048 -0.3836 -13.0007 -0.0004 0.0011 1.0000
-0.8994 -0.8246 1408.2164 0.4895 -0.4168 21.5781 -0.0004 0.0013 1.0000
-0.8260 -0.8504 1310.2983 0.3841 -0.4332 69.5383 -0.0004 0.0008 1.0000
-0.8160 -0.8654 1509.7632 0.5020 -0.4168 59.8610 -0.0002 0.0013 1.0000
-0.8224 -0.8005 1429.9025 0.4331 -0.3796 79.8433 -0.0003 0.0011 1.0000
-0.8870 -0.6514 1366.0754 0.3747 -0.2925 75.4313 -0.0005 0.0010 1.0000
-1.1102 0.1047 1441.5788 0.3972 -0.2481 90.5750 -0.0007 0.0023 1.0000
-0.7782 -0.7532 1413.9493 0.4359 -0.1926 46.9799 -0.0003 0.0010 1.0000
-0.7979 -0.7247 1404.9247 0.4291 -0.1538 40.8884 -0.0003 0.0010 1.0000
-0.8223 -0.6372 1431.2996 0.4661 -0.0649 12.6300 -0.0004 0.0012 1.0000
-0.7344 -0.7187 1443.2591 0.5149 -0.0356 0.5136 -0.0003 0.0011 1.0000
-0.7385 -0.6454 1418.3521 0.5360 0.0531 -25.2234 -0.0003 0.0011 1.0000
-0.7733 -0.5076 1459.1043 0.5891 0.2445 -72.1893 -0.0003 0.0015 1.0000
-0.8449 -0.4229 1427.7399 0.5323 0.3625 -78.0024 -0.0005 0.0016 1.0000
-0.7600 -0.4261 1520.9188 0.7201 0.5103 -138.1622 -0.0003 0.0019 1.0000
-0.6268 -0.6556 1389.7548 0.6564 0.3695 -94.9488 -0.0002 0.0012 1.0000
-0.6626 -0.5951 1340.4835 0.6115 0.4533 -101.6856 -0.0003 0.0011 1.0000
-0.6796 -0.4256 1423.4542 0.7416 0.7694 -180.7284 -0.0003 0.0018 1.0000
-0.5854 -0.5579 1346.5978 0.7128 0.7143 -164.2367 -0.0003 0.0014 1.0000
-0.5477 -0.5785 1359.2070 0.7687 0.8283 -198.3219 -0.0002 0.0015 1.0000
-0.6018 -0.4298 1345.9869 0.7748 0.9592 -224.6281 -0.0003 0.0018 1.0000
-0.5921 -0.4122 1328.1048 0.7896 1.0094 -234.9562 -0.0004 0.0018 1.0000
-0.5871 -0.4305 1285.5194 0.7457 1.0239 -232.5942 -0.0004 0.0017 1.0000
-0.5256 -0.5023 1286.8478 0.8052 1.0582 -254.5583 -0.0003 0.0017 1.0000
-0.5576 -0.4577 1258.5875 0.7741 1.0680 -250.5654 -0.0004 0.0017 1.0000
-0.5364 -0.4768 1248.5998 0.7889 1.0800 -256.3402 -0.0004 0.0016 1.0000
-0.5041 -0.5602 1231.0154 0.7968 1.0309 -252.4603 -0.0004 0.0014 1.0000
-0.4845 -0.5874 1240.5995 0.8350 1.0595 -266.3046 -0.0004 0.0014 1.0000
-0.4675 -0.6272 1224.8752 0.8225 1.0451 -259.9052 -0.0004 0.0013 1.0000
-0.4401 -0.7018 1242.2930 0.8653 1.0360 -261.5980 -0.0003 0.0013 1.0000
-0.4467 -0.6976 1233.6411 0.8620 1.0814 -270.1018 -0.0004 0.0013 1.0000
-0.4669 -0.6683 1228.3683 0.8384 1.1443 -270.7490 -0.0004 0.0014 1.0000
-0.4712 -0.7164 1209.2382 0.8027 1.1015 -251.1295 -0.0005 0.0013 1.0000
-0.4564 -0.7412 1210.4177 0.8208 1.1292 -256.1749 -0.0005 0.0013 1.0000
-0.4479 -0.7581 1205.0070 0.8315 1.1534 -260.4354 -0.0005 0.0013 1.0000
-0.4151 -0.7928 1224.8339 0.9204 1.2317 -296.4360 -0.0004 0.0014 1.0000
-0.4061 -0.8548 1169.1611 0.8350 1.0982 -253.9923 -0.0005 0.0011 1.0000
-0.3279 -0.9589 1238.0039 1.0432 1.3062 -349.5083 -0.0004 0.0014 1.0000
-0.3244 -1.0103 1172.4889 0.9173 1.1482 -293.6476 -0.0004 0.0011 1.0000
-0.3296 -0.9848 1112.0676 0.8215 1.0799 -262.0497 -0.0005 0.0009 1.0000
-0.2458 -1.0622 1159.8871 1.0092 1.3154 -362.7122 -0.0004 0.0012 1.0000
-0.2609 -1.0129 1105.9504 0.9153 1.2950 -344.5005 -0.0005 0.0011 1.0000
-0.2456 -1.0134 1073.0660 0.8686 1.2546 -327.5792 -0.0005 0.0010 1.0000
-0.2104 -1.0297 1031.3104 0.8133 1.1914 -308.0536 -0.0005 0.0009 1.0000
-0.1024 -1.0900 1058.8824 0.9571 1.4001 -400.9490 -0.0004 0.0010 1.0000
0.0070 -1.1265 1070.8896 1.0849 1.5378 -473.6975 -0.0003 0.0011 1.0000
0.0596 -1.1287 1041.1351 1.0616 1.5135 -474.8420 -0.0003 0.0010 1.0000
0.0820 -1.1052 1010.0287 1.0151 1.4558 -460.6480 -0.0003 0.0009 1.0000
0.1016 -1.0645 1006.4400 0.9960 1.5780 -496.5672 -0.0004 0.0010 1.0000
0.1064 -1.0436 964.1804 0.9191 1.4302 -450.8565 -0.0004 0.0008 1.0000
0.1292 -1.0182 945.5042 0.8895 1.4453 -452.6410 -0.0004 0.0007 1.0000
0.1470 -0.9774 920.6229 0.8553 1.4548 -450.8209 -0.0005 0.0007 1.0000
0.1632 -0.9964 893.2213 0.8085 1.3459 -416.4089 -0.0005 0.0005 1.0000
0.2078 -0.9620 875.3048 0.8080 1.4269 -433.0885 -0.0005 0.0006 1.0000
0.2647 -1.0021 852.7510 0.8128 1.3951 -430.3188 -0.0004 0.0005 1.0000
0.3343 -0.9820 835.6586 0.8435 1.5071 -466.4723 -0.0004 0.0005 1.0000
0.3700 -0.9885 813.0196 0.8219 1.5071 -462.7041 -0.0004 0.0005 1.0000
0.3923 -0.9872 785.5397 0.7904 1.4431 -442.5151 -0.0004 0.0004 1.0000
0.3230 -0.8997 755.7798 0.6867 1.3779 -400.1959 -0.0005 0.0004 1.0000
0.3740 -0.9011 730.9089 0.6772 1.3716 -396.8715 -0.0004 0.0003 1.0000
0.4036 -0.8905 708.9642 0.6620 1.3514 -392.0135 -0.0004 0.0002 1.0000
0.4420 -0.8399 685.2809 0.6489 1.4070 -402.6585 -0.0004 0.0003 1.0000
0.4887 -0.7917 666.0425 0.6612 1.4799 -426.3124 -0.0004 0.0004 1.0000
0.6056 -0.7224 639.3188 0.7277 1.6778 -497.7610 -0.0004 0.0005 1.0000
0.6086 -0.8052 626.6754 0.6703 1.5219 -456.8459 -0.0003 0.0003 1.0000
0.6717 -0.7497 599.6021 0.6638 1.5864 -475.3638 -0.0003 0.0003 1.0000
0.6604 -0.6775 574.7738 0.6329 1.6063 -482.3435 -0.0003 0.0003 1.0000
0.7036 -0.5752 541.9323 0.6147 1.6898 -503.0692 -0.0004 0.0004 1.0000
0.6337 -0.5768 526.4264 0.5141 1.5434 -444.6775 -0.0004 0.0003 1.0000
0.6609 -0.5340 500.4309 0.4913 1.5501 -444.6213 -0.0004 0.0003 1.0000
0.6995 -0.5475 475.5317 0.4683 1.5222 -436.2773 -0.0004 0.0002 1.0000
0.7078 -0.4474 441.6695 0.4334 1.6069 -449.8563 -0.0004 0.0003 1.0000
0.7378 -0.4638 416.7850 0.4236 1.5433 -432.3801 -0.0004 0.0002 1.0000
0.8594 -0.3493 362.6511 0.4343 1.7560 -481.4236 -0.0003 0.0004 1.0000
0.8472 -0.4019 341.5395 0.3883 1.6108 -426.5656 -0.0003 0.0002 1.0000
0.8804 -0.3275 303.9062 0.3616 1.6960 -426.4711 -0.0003 0.0002 1.0000
0.9901 -0.2923 263.6397 0.3559 1.8097 -429.6151 -0.0002 0.0002 1.0000
0.8073 -0.3415 284.3622 0.2641 1.5498 -325.7088 -0.0003 -0.0000 1.0000
1.3586 -0.2062 175.6587 0.4773 2.2803 -523.4575 -0.0000 0.0004 1.0000
0.8088 -0.3283 270.4733 0.1689 1.4860 -223.3099 -0.0003 -0.0001 1.0000
0.8464 -0.3754 276.9657 0.1926 1.3856 -177.3683 -0.0003 -0.0002 1.0000
0.8918 -0.3231 256.8603 0.1806 1.4806 -180.9603 -0.0003 -0.0001 1.0000
