238.569884 263.461730 361.964226 286.223794 358.370216 458.736273 239.767887 432.380200 
240.038905 264.534582 365.572046 283.208934 363.497118 463.727666 243.539858 438.067383 
248.338617 269.721902 371.796830 287.358790 372.834294 465.802594 253.525937 439.865994 
255.600865 273.871758 379.059078 291.508646 380.096542 465.802594 261.079802 444.077085 
263.238430 278.151267 385.283862 293.583573 392.075131 470.341552 271.162824 448.165706 
269.087896 282.171470 392.546110 295.658501 400.845821 473.064841 281.107432 452.540784 
276.350144 287.358790 403.958213 297.733429 417.445245 475.139769 287.762248 456.465418 
287.566849 291.587545 408.737767 300.090767 426.782421 477.214697 304.361671 461.652738 
296.061960 295.658501 418.482709 304.995677 442.344380 480.327089 316.811239 466.840058 
310.586455 302.920749 431.969741 310.182997 455.831412 482.402017 335.485591 470.989914 
319.923631 308.108069 443.381844 311.220461 475.543228 486.551873 351.047550 478.252161 
334.448127 314.332853 456.868876 313.295389 495.255043 485.514409 371.796830 484.476945 
348.972622 319.520173 472.430836 315.370317 512.891931 487.589337 390.471182 489.664265 
363.497118 324.707493 487.992795 316.407781 532.603746 487.589337 406.033141 491.739193 
376.984150 329.894813 499.404899 317.445245 551.278098 487.589337 424.707493 494.851585 
390.471182 331.969741 512.891931 316.407781 566.840058 484.476945 445.456772 493.814121 
402.920749 333.007205 526.378963 314.332853 584.476945 482.402017 461.018732 493.814121 
416.407781 333.007205 535.716138 309.145533 595.889049 475.139769 477.618156 489.664265 
427.819885 325.744957 546.090778 299.808357 609.376081 465.802594 490.067723 482.402017 
438.795878 314.012883 554.156260 287.511173 620.410533 453.536588 499.593917 469.125829 
446.494236 301.883285 562.690202 279.059078 628.050432 437.791066 509.779539 456.465418 
446.494236 279.059078 564.765130 255.197406 632.200288 414.966859 510.817003 437.791066 
445.456772 259.347262 567.877522 229.260807 638.425072 400.442363 513.929395 420.154179 
444.419308 236.523055 569.952450 204.361671 639.462536 382.805476 517.041787 400.442363 
448.569164 219.923631 573.064841 186.724784 642.574928 363.093660 516.004323 384.880403 
452.719020 199.174352 578.252161 172.200288 644.649856 351.681556 523.266571 368.280980 
455.831412 186.724784 585.514409 161.825648 649.837176 341.306916 525.341499 353.756484 
463.093660 178.425072 592.776657 153.525937 652.949568 333.007205 528.453890 347.531700 
467.243516 173.237752 600.038905 150.413545 656.061960 334.044669 529.491354 343.381844 
471.393372 171.162824 607.301153 152.488473 660.211816 337.157061 532.603746 345.456772 
478.655620 175.312680 612.488473 154.563401 663.324207 345.456772 535.716138 349.606628 
484.880403 178.425072 620.788184 163.900576 668.511527 356.868876 535.716138 358.943804 
491.105187 185.687320 631.162824 178.425072 667.474063 372.430836 534.678674 370.355908 
499.404899 196.061960 638.425072 189.837176 670.586455 384.880403 536.753602 377.618156 
503.554755 201.249280 646.724784 200.211816 673.698847 398.367435 538.828530 389.030259 
508.742075 208.511527 656.061960 213.698847 676.811239 412.891931 538.828530 400.442363 
520.154179 218.886167 665.399135 225.110951 678.886167 426.378963 542.978386 405.629683 
531.566282 224.073487 675.773775 237.560519 683.036023 435.716138 544.015850 412.891931 
544.015850 227.185879 688.223343 243.785303 687.185879 442.978386 551.278098 414.966859 
556.465418 228.223343 699.635447 251.047550 691.335735 452.315562 554.390490 417.041787 
569.952450 227.185879 713.122478 257.272334 697.560519 456.465418 558.540346 414.966859 
584.476945 227.185879 726.609510 264.534582 699.635447 465.802594 563.727666 419.116715 
599.001441 227.185879 744.246398 268.684438 708.972622 470.989914 570.989914 419.116715 
615.600865 227.185879 762.920749 273.871758 716.234870 477.214697 581.364553 419.116715 
639.462536 231.335735 784.707493 281.134006 734.909222 484.476945 595.889049 421.191643 
671.623919 234.448127 805.456772 282.171470 752.546110 489.664265 627.012968 426.378963 
695.485591 232.373199 845.917867 284.246398 786.782421 491.739193 647.762248 428.453890 
734.909222 234.448127 872.891931 285.283862 811.681556 494.851585 676.811239 429.491354 
763.958213 236.523055 909.203170 284.246398 845.917867 496.926513 711.047550 430.528818 
791.969741 231.335735 942.402017 280.096542 887.416427 496.926513 742.171470 433.641210 
819.981268 227.185879 974.563401 268.684438 918.540346 493.814121 772.257925 433.641210 
846.955331 217.848703 1005.687320 255.197406 947.589337 487.589337 798.194524 431.566282 
869.779539 208.511527 1040.961095 245.860231 996.350144 478.252161 834.505764 426.378963 
879.116715 196.061960 1060.672911 225.110951 1025.399135 470.989914 856.292507 417.041787 
884.304035 185.687320 1072.085014 210.586455 1048.223343 457.502882 874.966859 409.779539 
885.341499 175.312680 1078.309798 191.912104 1060.672911 445.053314 883.266571 403.554755 
878.079251 163.900576 1075.197406 178.425072 1066.897695 428.453890 885.341499 392.142651 
871.854467 153.525937 1068.972622 158.713256 1071.047550 417.041787 886.378963 384.880403 
860.442363 148.338617 1060.672911 147.301153 1073.122478 400.442363 887.416427 375.543228 
852.142651 140.038905 1048.223343 133.814121 1072.085014 384.880403 879.116715 366.206052 
830.355908 131.739193 1033.698847 119.289625 1065.860231 372.430836 870.817003 363.093660 
802.344380 128.626801 1009.837176 105.802594 1052.373199 356.868876 857.329971 356.868876 
781.595101 124.476945 984.938040 94.390490 1035.773775 347.531700 834.505764 349.606628 
752.546110 124.476945 946.551873 84.015850 1018.136888 335.082133 813.756484 347.531700 
719.347262 124.476945 910.240634 73.641210 996.350144 323.670029 799.231988 347.531700 
679.923631 131.739193 879.116715 68.453890 976.638329 316.407781 772.257925 347.531700 
657.099424 139.001441 847.992795 69.491354 951.739193 310.182997 759.808357 349.606628 
630.125360 149.376081 823.093660 72.603746 935.139769 308.108069 741.134006 358.943804 
610.413545 159.750720 800.269452 78.828530 916.465418 315.370317 728.684438 370.355908 
591.739193 176.350144 779.520173 89.203170 907.128242 318.482709 717.272334 381.768012 
577.214697 189.837176 761.883285 98.540346 896.753602 325.744957 704.822767 400.442363 
559.577810 208.511527 748.396254 115.139769 889.491354 339.231988 698.597983 410.817003 
546.090778 227.185879 738.021614 124.476945 877.041787 349.606628 687.185879 426.378963 
534.678674 236.523055 726.609510 134.851585 869.779539 358.943804 685.110951 438.828530 
526.378963 250.010086 718.309798 141.076369 864.592219 366.206052 673.698847 452.315562 
513.929395 259.347262 711.047550 148.338617 861.479827 373.468300 667.474063 461.652738 
509.779539 265.572046 707.935159 150.413545 855.255043 377.618156 665.399135 465.802594 
507.704611 265.572046 711.047550 147.301153 859.404899 375.543228 664.361671 467.877522 
510.817003 259.347262 717.272334 143.151297 863.554755 372.430836 666.436599 465.802594 
519.116715 251.047550 724.534582 133.814121 871.854467 366.206052 671.623919 461.652738 
524.304035 243.785303 734.909222 124.476945 877.041787 358.943804 674.736311 457.502882 
532.603746 234.448127 745.283862 115.139769 884.304035 351.681556 679.923631 448.165706 
533.641210 223.036023 757.733429 101.652738 893.641210 347.531700 688.223343 440.903458 
537.791066 212.661383 761.883285 92.315562 899.865994 342.344380 685.110951 437.791066 
540.903458 204.361671 771.220461 84.015850 902.978386 337.157061 689.260807 433.641210 
544.015850 195.024496 779.520173 73.641210 907.128242 336.119597 691.335735 431.566282 
546.090778 191.912104 786.782421 74.678674 913.353026 340.269452 693.410663 431.566282 
549.203170 195.024496 793.007205 79.865994 916.465418 345.456772 692.373199 439.865994 
553.353026 199.174352 805.456772 88.165706 919.577810 358.943804 693.410663 452.315562 
559.577810 213.698847 811.681556 100.615274 927.877522 379.693084 696.523055 475.139769 
563.727666 227.185879 823.093660 115.139769 934.102305 394.217579 697.560519 487.589337 
572.027378 238.597983 833.468300 130.701729 944.476945 417.041787 703.785303 508.338617 
578.252161 252.085014 845.917867 141.076369 950.701729 433.641210 710.010086 521.825648 
585.514409 257.272334 856.292507 153.525937 962.113833 449.203170 715.197406 538.425072 
595.889049 264.534582 872.891931 157.675793 972.488473 456.465418 719.347262 543.612392 
609.376081 265.572046 892.603746 161.825648 983.900576 463.727666 729.721902 549.837176 
623.900576 261.422190 912.315562 159.750720 998.425072 467.877522 738.021614 550.874640 
647.762248 255.197406 935.139769 158.713256 1015.024496 468.914986 753.583573 547.762248 
668.511527 245.860231 969.376081 153.525937 1032.661383 468.914986 766.033141 544.649856 
700.672911 233.410663 995.312680 149.376081 1053.410663 470.989914 780.557637 538.425072 
725.572046 223.036023 1028.511527 148.338617 1071.047550 473.064841 800.269452 533.237752 
752.546110 217.848703 1055.485591 148.338617 1093.871758 475.139769 814.793948 531.162824 
779.520173 212.661383 1088.684438 152.488473 1111.508646 482.402017 834.505764 531.162824 
805.456772 214.736311 1116.695965 161.825648 1132.257925 494.851585 847.992795 540.500000 
830.355908 221.998559 1139.520173 172.200288 1148.857349 508.338617 870.817003 549.837176 
847.992795 228.223343 1166.494236 184.649856 1165.456772 529.087896 883.266571 560.211816 
863.554755 236.523055 1182.056196 191.912104 1177.906340 541.537464 893.641210 575.773775 
866.667147 250.010086 1191.393372 209.548991 1174.793948 549.837176 891.566282 585.110951 
867.704611 253.122478 1190.355908 217.848703 1170.644092 559.174352 880.154179 595.485591 
860.442363 259.347262 1173.756484 224.073487 1156.119597 562.286744 869.779539 598.597983 
837.618156 261.422190 1149.894813 228.223343 1126.033141 566.436599 845.917867 598.597983 
815.831412 260.384726 1117.733429 231.335735 1095.946686 563.324207 813.756484 602.747839 
794.044669 253.122478 1088.684438 227.185879 1067.935159 560.211816 795.082133 597.560519 
773.295389 245.860231 1060.672911 218.886167 1032.661383 549.837176 770.182997 588.223343 
761.883285 245.860231 1053.410663 206.436599 1011.912104 538.425072 753.583573 577.848703 
764.995677 228.223343 1051.335735 196.061960 1009.837176 511.451009 755.658501 557.099424 
776.407781 208.511527 1054.448127 177.387608 1015.024496 493.814121 766.033141 543.612392 
786.782421 186.724784 1064.822767 158.713256 1018.136888 484.476945 773.295389 531.162824 
795.082133 176.350144 1068.972622 143.151297 1026.436599 465.802594 781.595101 514.563401 
801.306916 163.900576 1078.309798 129.664265 1029.548991 454.390490 785.744957 506.263689 
805.456772 157.675793 1079.347262 117.214697 1026.436599 445.053314 787.819885 496.926513 
809.606628 152.488473 1079.347262 112.027378 1028.511527 433.641210 788.857349 491.739193 
810.644092 149.376081 1077.272334 106.840058 1028.511527 426.378963 794.044669 486.551873 
809.606628 148.338617 1073.122478 105.802594 1023.324207 424.304035 790.932277 486.551873 
809.606628 145.226225 1070.010086 101.652738 1021.249280 424.304035 788.857349 489.664265 
805.456772 149.376081 1063.785303 103.727666 1016.061960 421.191643 783.670029 489.664265 
806.494236 149.376081 1060.672911 102.690202 1006.724784 424.304035 786.782421 493.814121 
808.569164 152.488473 1057.560519 103.727666 1011.912104 424.304035 790.932277 494.851585 
822.056196 150.413545 1067.935159 101.652738 1026.436599 420.154179 807.531700 493.814121 
840.730548 152.488473 1084.534582 96.465418 1040.961095 417.041787 827.243516 493.814121 
866.667147 148.338617 1103.208934 94.390490 1060.672911 412.891931 846.955331 491.739193 
887.416427 143.151297 1126.033141 89.203170 1083.497118 405.629683 870.817003 487.589337 
916.465418 134.851585 1146.782421 84.015850 1096.984150 403.554755 890.528818 485.514409 
941.364553 131.739193 1167.531700 78.828530 1113.583573 398.367435 911.278098 478.252161 
957.963977 125.514409 1177.906340 75.716138 1123.958213 394.217579 920.615274 473.064841 
967.301153 124.476945 1181.018732 73.641210 1120.845821 392.142651 926.840058 466.840058 
964.188761 116.177233 1178.943804 69.491354 1118.770893 386.955331 921.652738 465.802594 
951.739193 116.177233 1160.269452 65.341499 1104.246398 384.880403 916.465418 463.727666 
929.952450 115.139769 1128.108069 66.378963 1080.384726 377.618156 896.753602 459.577810 
910.240634 116.177233 1102.171470 63.266571 1052.373199 372.430836 880.154179 456.465418 
876.004323 116.177233 1059.635447 59.116715 1023.324207 364.131124 857.329971 454.390490 
840.730548 116.177233 1017.099424 61.191643 992.200288 361.018732 830.355908 449.203170 
802.344380 120.327089 964.188761 59.116715 947.589337 356.868876 799.231988 445.053314 
768.108069 121.364553 909.203170 64.304035 900.903458 347.531700 764.995677 437.791066 
710.010086 124.476945 859.404899 59.116715 865.629683 353.756484 738.021614 428.453890 
700.672911 124.476945 832.430836 56.004323 833.468300 337.157061 711.047550 433.641210 
668.511527 120.327089 794.044669 49.779539 799.231988 335.082133 687.185879 424.304035 
637.387608 112.027378 760.845821 46.667147 780.557637 321.595101 663.324207 420.154179 
620.788184 106.840058 740.096542 42.517291 757.733429 318.482709 648.799712 414.966859 
602.113833 105.802594 721.422190 40.442363 741.134006 308.108069 637.387608 403.554755 
589.664265 97.502882 702.747839 35.255043 725.572046 304.995677 627.012968 398.367435 
580.327089 100.615274 686.148415 33.180115 712.085014 293.583573 620.788184 391.105187 
569.952450 97.502882 675.773775 31.105187 699.635447 287.358790 615.600865 384.880403 
559.577810 100.615274 661.249280 31.105187 693.410663 285.283862 608.338617 381.768012 
547.128242 98.540346 647.762248 33.180115 685.110951 279.059078 603.151297 381.768012 
539.865994 107.877522 636.350144 36.292507 676.811239 285.283862 601.076369 379.693084 
536.753602 113.064841 625.975504 44.592219 671.623919 288.396254 597.963977 384.880403 
531.566282 124.476945 619.750720 57.041787 666.436599 294.621037 600.038905 394.217579 
529.491354 134.851585 612.488473 66.378963 667.474063 306.033141 602.113833 400.442363 
523.266571 145.226225 607.301153 79.865994 666.436599 311.220461 604.188761 409.779539 
524.304035 161.825648 602.113833 96.465418 666.436599 320.557637 607.301153 420.154179 
521.933092 181.665890 596.999782 109.769618 664.612430 328.046673 608.338617 424.304035 
518.645722 193.475089 591.739193 122.402017 663.453915 336.686133 608.338617 431.566282 
510.817003 195.024496 581.364553 126.551873 661.249280 338.194524 609.376081 437.791066 
505.629683 206.436599 574.102305 131.739193 656.061960 342.344380 604.188761 437.791066 
493.180115 205.399135 561.652738 133.814121 645.687320 341.306916 596.926513 435.716138 
476.580692 201.249280 545.053314 133.814121 643.612392 345.456772 591.739193 433.641210 
462.056196 201.249280 527.416427 128.626801 623.900576 328.857349 576.177233 424.304035 
441.306916 199.174352 507.704611 124.476945 607.301153 327.819885 562.690202 419.116715 
428.857349 197.099424 492.142651 124.476945 587.589337 323.670029 545.053314 417.041787 
408.108069 197.099424 473.468300 124.476945 578.252161 322.632565 532.603746 417.041787 
395.658501 205.399135 456.868876 129.664265 562.690202 323.670029 522.229107 417.041787 
382.171470 208.511527 442.344380 134.851585 547.128242 331.969741 506.667147 421.191643 
373.871758 219.923631 425.744957 148.338617 533.641210 336.119597 497.329971 426.378963 
362.459654 232.373199 419.520173 159.750720 524.304035 343.381844 487.992795 442.978386 
354.159942 243.785303 409.145533 175.312680 514.966859 361.018732 482.805476 454.390490 
353.122478 266.609510 404.995677 193.987032 511.854467 370.355908 478.655620 470.989914 
353.122478 278.021614 400.845821 213.698847 508.742075 391.105187 476.580692 482.402017 
351.047550 296.695965 396.695965 227.185879 502.517291 403.554755 475.543228 493.814121 
347.935159 309.145533 392.546110 242.747839 500.017167 417.906600 472.430836 504.188761 
344.822767 319.520173 389.433718 255.197406 496.245213 425.903536 467.901138 511.579942 
338.597983 324.707493 385.283862 262.459654 491.105187 433.641210 465.168588 515.600865 
334.448127 325.744957 378.021614 268.684438 484.880403 437.791066 459.981268 517.675793 
329.260807 323.670029 372.834294 268.684438 478.655620 437.791066 454.793948 515.600865 
328.223343 321.595101 366.609510 264.534582 472.430836 433.641210 449.606628 512.488473 
321.998559 313.295389 363.497118 259.347262 466.206052 428.453890 445.456772 508.338617 
318.886167 300.845821 358.309798 247.935159 462.056196 422.229107 441.306916 499.001441 
312.661383 293.583573 352.085014 241.710375 454.793948 417.041787 435.082133 489.664265 
306.436599 288.396254 345.860231 238.597983 448.878857 408.781159 427.819885 482.402017 
305.399135 290.471182 340.672911 236.523055 442.344380 407.704611 420.557637 480.327089 
301.249280 288.396254 338.597983 236.523055 437.157061 405.629683 416.407781 475.139769 
300.211816 288.396254 336.523055 237.560519 433.007205 401.479827 414.332853 475.139769 
299.174352 291.508646 335.485591 240.672911 430.932277 409.779539 409.145533 478.252161 
295.024496 295.658501 334.448127 245.860231 425.744957 410.817003 406.033141 480.327089 
292.949568 301.883285 331.335735 253.122478 423.670029 417.041787 399.808357 487.589337 
290.874640 308.108069 328.223343 259.347262 417.445245 426.378963 393.583573 491.739193 
287.762248 316.407781 324.073487 266.609510 413.295389 430.528818 391.508646 499.001441 
282.574928 322.632565 319.923631 274.909222 409.145533 435.716138 383.208934 510.413545 
278.425072 331.969741 315.773775 282.171470 404.995677 445.053314 380.096542 517.675793 
273.237752 339.231988 312.661383 291.508646 397.733429 452.315562 373.871758 521.825648 
265.975504 344.419308 304.361671 296.695965 391.508646 457.502882 369.721902 523.900576 
256.638329 349.606628 297.099424 304.995677 385.283862 461.652738 362.459654 529.087896 
247.301153 356.868876 285.687320 308.108069 379.059078 465.802594 356.234870 529.087896 
239.001441 358.943804 278.425072 314.332853 372.834294 467.877522 347.935159 536.350144 
229.664265 366.206052 268.050432 316.407781 364.534582 470.989914 339.635447 536.350144 
222.157235 369.197453 255.600865 321.595101 353.248579 470.527519 331.281921 539.261899 
212.027378 372.430836 249.376081 323.670029 348.972622 475.139769 324.073487 540.500000 
203.516037 371.837015 240.038905 324.707493 341.710375 475.139769 317.848703 540.500000 
196.465418 373.468300 233.814121 325.744957 334.448127 475.139769 313.698847 540.500000 
191.536100 372.430836 229.922267 325.744957 329.518809 473.064841 306.694601 538.425072 
186.090778 372.430836 222.326842 326.815769 324.073487 475.139769 301.561413 537.463775 
179.865994 370.355908 216.763638 325.423081 318.076135 471.828424 297.579387 535.075531 
177.791066 370.355908 212.027378 323.670029 313.698847 470.989914 293.987032 532.200288 
173.641210 370.355908 207.877522 322.632565 310.586455 466.840058 289.837176 533.237752 
174.678674 366.206052 206.840058 317.445245 307.474063 465.802594 286.724784 529.087896 
171.566282 361.018732 205.802594 316.407781 306.436599 463.727666 284.649856 523.900576 
172.705465 358.298803 207.877522 311.220461 304.361671 461.652738 282.574928 521.825648 
170.528818 351.681556 207.877522 310.182997 302.286744 461.652738 281.537464 517.675793 
173.641210 345.456772 209.952450 304.995677 301.268445 458.712145 278.425072 515.600865 
175.716138 343.381844 213.064841 301.883285 300.211816 454.390490 278.425072 513.525937 
183.094361 336.890858 219.289625 297.733429 303.324207 450.240634 277.387608 508.338617 
187.128242 330.932277 225.514409 291.508646 306.436599 447.128242 281.537464 503.151297 
197.502882 322.632565 232.776657 286.321326 307.474063 442.978386 283.612392 501.076369 
206.840058 315.370317 243.151297 280.096542 318.886167 435.716138 289.837176 491.739193 
222.402017 302.920749 260.788184 270.759366 327.185879 430.528818 297.099424 487.589337 
235.889049 296.695965 276.350144 265.572046 336.523055 429.491354 308.511527 480.327089 
251.451009 289.433718 287.762248 260.384726 348.972622 422.229107 317.848703 470.989914 
265.975504 289.433718 306.436599 255.197406 360.384726 420.154179 330.298271 467.877522 
283.612392 278.021614 324.073487 250.010086 378.021614 412.891931 345.860231 456.465418 
307.474063 269.721902 340.672911 240.672911 391.508646 401.479827 358.309798 452.315562 
328.223343 256.234870 365.572046 229.260807 402.920749 394.217579 373.871758 442.978386 
345.860231 251.047550 383.208934 225.110951 412.257925 392.142651 386.321326 437.791066 
364.534582 242.747839 397.733429 217.848703 424.707493 389.030259 397.733429 430.528818 
372.834294 236.523055 409.145533 214.736311 435.082133 384.880403 407.070605 429.491354 
389.433718 231.335735 418.482709 210.586455 446.494236 379.693084 419.520173 420.154179 
402.920749 231.335735 433.007205 209.548991 455.831412 373.468300 429.894813 414.966859 
411.220461 225.110951 444.419308 204.361671 468.280980 370.355908 437.157061 414.966859 
420.557637 225.110951 451.681556 204.361671 472.430836 375.543228 443.381844 412.891931 
426.782421 225.110951 455.831412 203.324207 476.580692 370.355908 450.644092 410.817003 
429.894813 221.998559 459.981268 203.324207 480.730548 370.355908 453.756484 410.817003 
436.119597 223.036023 466.206052 199.174352 484.880403 366.206052 457.906340 409.779539 
440.269452 219.923631 468.280980 199.174352 486.955331 364.131124 461.018732 409.779539 
439.231988 217.848703 471.393372 195.024496 490.067723 366.206052 463.093660 407.704611 
442.344380 217.848703 472.430836 191.912104 491.105187 363.093660 462.056196 405.629683 
441.306916 212.661383 470.355908 193.987032 492.142651 363.093660 465.168588 405.629683 
439.231988 213.698847 468.280980 189.837176 491.105187 358.943804 465.168588 400.442363 
436.119597 209.548991 469.318444 187.762248 492.142651 356.868876 464.131124 403.554755 
436.119597 210.586455 463.093660 187.762248 489.030259 358.943804 466.206052 403.554755 
432.661385 207.819880 461.710376 186.378958 490.067725 357.214693 465.168589 399.404894 
428.857349 206.436599 459.981268 184.649856 490.067723 354.793948 466.206052 401.479827 
426.782421 208.511527 455.831412 180.500000 489.030259 353.756484 465.168588 401.479827 
423.670029 209.548991 452.719020 181.537464 490.067723 354.793948 466.206052 401.479827 
420.557637 209.548991 450.644092 180.500000 487.899161 357.362172 467.243516 403.554755 
418.482709 209.548991 447.531700 181.537464 490.067723 358.943804 467.243516 409.779539 
414.332853 215.773775 444.419308 184.649856 489.030259 358.943804 470.355908 409.779539 
413.295389 218.886167 439.231988 189.837176 494.217579 368.280980 471.393372 412.891931 
408.108069 224.073487 435.082133 193.987032 493.180115 366.206052 474.505764 417.041787 
406.033141 228.223343 437.157061 195.024496 496.292507 366.206052 478.655620 419.116715 
401.883285 236.523055 427.819885 200.211816 500.442363 372.430836 479.693084 424.304035 
396.695965 238.597983 428.857349 203.324207 499.404899 372.430836 480.730548 426.378963 
394.621037 245.860231 421.595101 205.399135 501.479827 372.430836 484.880403 430.528818 
387.358790 250.010086 415.370317 212.661383 501.479827 373.468300 482.805476 435.716138 
381.134006 255.197406 409.145533 213.698847 497.329971 377.618156 482.805476 440.903458 
372.834294 264.534582 398.770893 217.848703 492.142651 377.618156 480.730548 445.053314 
364.534582 268.684438 384.246398 232.373199 487.992795 382.805476 476.580692 448.165706 
355.197406 279.059078 379.059078 232.373199 485.917867 384.880403 474.505764 450.240634 
344.822767 275.946686 365.572046 236.523055 478.655620 389.030259 469.318444 454.390490 
330.298271 282.171470 359.347262 237.560519 468.280980 391.105187 458.943804 459.577810 
316.811239 285.283862 344.822767 241.710375 462.056196 391.105187 453.756484 465.802594 
305.399135 287.358790 335.485591 236.523055 456.868876 396.292507 444.419308 465.802594 
292.949568 292.546110 316.811239 242.747839 447.531700 398.367435 436.119597 470.989914 
284.649856 297.733429 309.548991 245.860231 431.969741 403.554755 427.819885 476.177233 
270.125360 298.770893 295.024496 247.935159 422.632565 405.629683 414.332853 478.252161 
258.713256 299.808357 288.799712 245.860231 417.445245 407.704611 406.033141 482.402017 
250.413545 303.958213 278.425072 250.010086 409.145533 414.966859 399.808357 487.589337 
248.338617 306.033141 276.350144 250.010086 400.845821 412.891931 393.583573 491.739193 
241.076369 312.257925 271.162824 247.935159 397.733429 417.041787 390.471182 495.889049 
237.963977 313.295389 267.012968 252.085014 395.658501 419.116715 387.358790 501.076369 
233.814121 319.520173 263.900576 252.085014 392.546110 420.154179 385.283862 504.188761 
229.664265 320.557637 261.825648 255.197406 388.776088 423.530915 383.208934 510.413545 
227.589337 320.557637 259.750720 256.234870 391.508646 428.453890 383.208934 512.488473 
228.626801 321.595101 260.788184 255.197406 394.621037 428.453890 385.283862 517.675793 
230.701729 320.557637 263.900576 256.234870 394.621037 428.453890 385.283862 514.563401 
230.115541 321.839673 264.938040 252.085014 395.658501 430.528818 386.321326 517.675793 
229.664265 318.482709 264.938040 251.047550 397.733429 428.453890 386.321326 517.675793 
231.739193 319.520173 267.012968 245.860231 398.770893 422.229107 387.358790 519.750720 
232.776657 314.332853 271.162824 238.597983 403.958213 421.191643 389.433718 515.600865 
234.851585 309.145533 276.350144 236.523055 407.070605 417.041787 394.621037 510.413545 
240.038905 300.845821 280.500000 229.260807 416.407781 412.891931 399.808357 508.338617 
247.301153 295.658501 288.799712 223.036023 425.744957 405.629683 408.108069 499.001441 
257.675793 285.283862 302.286744 208.511527 438.194524 394.217579 417.445245 493.814121 
271.162824 278.021614 315.773775 199.174352 450.644092 379.693084 428.857349 482.402017 
286.724784 261.422190 337.560519 182.574928 466.206052 370.355908 443.381844 476.177233 
303.324207 246.897695 354.159942 171.162824 485.917867 363.093660 459.981268 465.802594 
323.036023 231.335735 376.984150 154.563401 507.704611 351.681556 477.618156 449.203170 
352.085014 210.586455 401.883285 139.001441 528.453890 338.194524 497.329971 437.791066 
373.871758 200.211816 429.894813 121.364553 553.353026 326.782421 519.116715 426.378963 
395.658501 180.500000 459.981268 103.727666 583.439481 311.220461 537.791066 414.966859 
423.670029 158.713256 482.805476 85.053314 604.188761 291.508646 562.690202 391.105187 
444.419308 139.001441 513.929395 54.966859 619.750720 268.684438 578.252161 375.543228 
454.793948 121.364553 523.266571 35.255043 629.087896 255.197406 585.514409 363.093660 
452.719020 112.027378 528.453890 26.955331 634.275216 250.010086 583.439481 356.868876 
451.681556 110.989914 527.416427 19.693084 635.312680 245.860231 582.402017 356.868876 
445.456772 116.177233 524.304035 27.992795 628.050432 250.010086 575.139769 358.943804 
439.231988 124.476945 518.079251 33.180115 622.863112 257.272334 564.765130 368.280980 
424.707493 137.963977 509.779539 44.592219 615.600865 264.534582 558.540346 379.693084 
415.370317 153.525937 501.479827 61.191643 609.376081 278.021614 548.165706 398.367435 
402.920749 175.312680 490.067723 75.716138 599.001441 293.583573 536.753602 412.891931 
392.546110 190.874640 479.693084 93.353026 589.664265 307.070605 524.304035 433.641210 
370.759366 221.998559 465.168588 115.139769 580.327089 322.632565 509.779539 456.465418 
358.309798 241.710375 452.719020 141.076369 567.877522 344.419308 498.367435 470.989914 
341.710375 261.422190 439.231988 156.638329 553.353026 365.168588 481.768012 492.776657 
328.223343 284.246398 425.744957 176.350144 541.940922 384.880403 468.280980 512.488473 
308.511527 300.845821 411.220461 196.061960 528.453890 400.442363 450.644092 531.162824 
292.949568 315.370317 399.808357 212.661383 511.854467 414.966859 431.969741 547.762248 
278.425072 324.707493 385.283862 223.036023 499.404899 426.378963 416.407781 555.024496 
268.050432 321.595101 374.909222 233.410663 484.880403 437.791066 397.733429 562.286744 
256.638329 316.407781 365.572046 231.335735 470.355908 442.978386 381.134006 559.174352 
246.263689 312.257925 360.384726 225.110951 461.018732 442.978386 367.646974 555.024496 
244.188761 298.770893 361.422190 219.923631 450.644092 437.791066 358.309798 544.649856 
245.226225 290.471182 364.534582 214.736311 446.494236 428.453890 352.085014 536.350144 
243.151297 286.321326 368.684438 205.399135 445.456772 422.229107 345.860231 529.087896 
248.338617 278.021614 369.721902 203.324207 446.494236 420.154179 344.822767 519.750720 
253.525937 274.909222 372.834294 199.174352 447.531700 414.966859 345.860231 515.600865 
258.713256 270.759366 381.134006 196.061960 455.831412 414.966859 351.047550 514.563401 
264.938040 268.684438 391.508646 195.024496 467.243516 407.704611 359.347262 508.338617 
277.387608 266.609510 399.808357 189.837176 477.618156 401.479827 372.834294 503.151297 
283.612392 264.534582 413.295389 181.537464 491.105187 392.142651 381.134006 499.001441 
297.099424 257.272334 421.595101 180.500000 500.442363 389.030259 392.546110 493.814121 
304.361671 256.234870 431.969741 177.387608 508.742075 384.880403 402.920749 489.664265 
313.698847 251.047550 444.419308 171.162824 518.079251 382.805476 412.257925 485.514409 
323.036023 247.935159 453.756484 171.162824 532.603746 381.768012 419.520173 482.402017 
329.260807 245.860231 463.093660 169.087896 538.828530 379.693084 425.744957 480.327089 
339.635447 246.897695 470.355908 171.162824 545.053314 382.805476 435.082133 480.327089 
345.860231 245.860231 480.730548 171.162824 552.315562 382.805476 438.194524 482.402017 
352.085014 251.047550 490.067723 175.312680 557.502882 386.955331 445.456772 484.476945 
361.422190 253.122478 496.292507 181.537464 565.802594 391.105187 448.569164 485.514409 
368.684438 260.384726 505.629683 185.687320 570.989914 398.367435 452.719020 491.739193 
370.759366 262.459654 512.891931 189.837176 577.214697 400.442363 455.831412 494.851585 
378.021614 268.684438 521.191643 191.912104 584.476945 405.629683 462.056196 496.926513 
387.358790 268.684438 529.491354 199.174352 591.739193 409.779539 468.280980 503.151297 
392.546110 274.909222 537.791066 201.249280 599.001441 410.817003 474.505764 504.188761 
400.845821 278.021614 546.090778 204.361671 607.301153 413.929395 482.805476 507.301153 
407.070605 281.134006 555.427954 206.436599 617.675793 419.116715 485.917867 513.525937 
412.257925 281.134006 557.502882 209.548991 623.900576 422.229107 493.180115 514.563401 
418.482709 283.208934 565.802594 212.661383 628.050432 424.304035 500.442363 517.675793 
420.557637 291.508646 569.952450 212.661383 633.237752 426.378963 503.554755 519.750720 
424.707493 293.583573 572.027378 214.736311 638.425072 426.378963 507.704611 522.863112 
423.670029 295.658501 572.027378 217.848703 640.500000 433.641210 508.742075 529.087896 
419.520173 299.808357 570.989914 217.848703 640.500000 435.716138 507.704611 533.237752 
413.295389 301.883285 568.914986 218.886167 639.462536 435.716138 501.479827 538.425072 
401.883285 301.883285 564.765130 219.923631 636.350144 439.865994 493.180115 545.687320 
391.508646 301.883285 555.427954 218.886167 627.012968 440.903458 482.805476 547.762248 
381.134006 296.695965 549.203170 213.698847 618.713256 439.865994 477.618156 543.612392 
372.834294 287.358790 540.903458 206.436599 611.451009 431.566282 466.206052 536.350144 
361.422190 268.684438 530.528818 185.687320 601.076369 424.304035 452.719020 529.087896 
340.672911 256.234870 522.229107 175.312680 592.776657 417.041787 442.344380 515.600865 
329.260807 240.672911 509.779539 161.825648 584.476945 400.442363 425.744957 508.338617 
313.698847 231.335735 500.442363 144.188761 569.952450 384.880403 409.145533 491.739193 
299.174352 212.661383 489.030259 129.664265 558.540346 373.468300 395.658501 482.402017 
279.462536 195.024496 471.393372 110.989914 549.203170 366.206052 379.059078 465.802594 
262.863112 171.162824 456.868876 87.128242 535.716138 349.606628 370.759366 457.502882 
244.188761 154.563401 445.456772 65.341499 524.304035 326.782421 353.122478 435.716138 
224.476945 134.851585 431.969741 42.517291 512.891931 308.108069 341.710375 419.116715 
209.952450 128.626801 417.445245 25.917867 505.629683 291.508646 332.373199 405.629683 
203.727666 129.664265 418.482709 21.768012 507.704611 286.321326 331.335735 409.779539 
209.952450 134.851585 424.707493 31.105187 520.154179 291.508646 344.822767 417.041787 
229.664265 148.338617 445.456772 38.367435 546.090778 307.070605 366.609510 428.453890 
264.938040 171.162824 475.543228 61.191643 580.327089 317.445245 399.808357 437.791066 
313.698847 190.874640 523.266571 80.903458 616.638329 325.744957 444.419308 455.427954 
372.834294 210.586455 563.727666 105.802594 664.361671 340.269452 494.217579 458.540346 
422.632565 221.998559 609.376081 116.177233 710.010086 340.269452 549.203170 465.802594 
470.355908 225.110951 669.548991 112.027378 775.370317 356.868876 602.113833 477.214697 
514.966859 234.448127 718.309798 115.139769 829.318444 351.681556 656.061960 480.327089 
568.914986 228.223343 767.070605 103.727666 876.004323 351.681556 698.597983 473.064841 
609.376081 223.036023 806.494236 97.502882 919.577810 342.344380 734.909222 466.840058 
634.275216 212.661383 838.655620 78.828530 953.814121 326.782421 766.033141 458.540346 
647.762248 201.249280 857.329971 59.116715 967.301153 310.182997 778.482709 447.128242 
637.387608 185.687320 852.142651 44.592219 966.263689 303.958213 776.407781 433.641210 
617.675793 180.500000 835.543228 44.592219 953.814121 294.621037 760.845821 429.491354 
579.289625 186.724784 803.381844 43.554755 924.765130 294.621037 738.021614 423.266571 
538.828530 204.361671 758.770893 59.116715 887.416427 306.033141 693.410663 437.791066 
512.891931 224.073487 716.234870 78.828530 845.917867 325.744957 661.249280 461.652738 
471.393372 264.534582 689.260807 105.802594 817.906340 349.606628 627.012968 499.001441 
447.531700 298.770893 660.211816 139.001441 793.007205 384.880403 601.076369 529.087896 
433.007205 329.894813 645.687320 185.687320 779.520173 417.041787 594.851585 560.211816 
416.407781 364.131124 631.162824 211.623919 769.145533 451.278098 575.139769 596.523055 
412.257925 403.554755 623.900576 242.747839 757.733429 480.327089 577.214697 629.721902 
402.920749 426.378963 617.675793 271.796830 755.658501 517.675793 574.102305 660.845821 
397.733429 457.502882 611.451009 301.883285 754.621037 540.500000 560.615274 695.082133 
391.508646 477.214697 616.638329 333.007205 751.508646 570.586455 553.353026 714.793948 
387.811560 493.711515 611.808224 346.713704 751.297538 593.775286 544.921000 738.103976 
377.390577 508.838540 608.315111 361.782120 743.500310 612.125080 529.459944 750.882282 
367.022692 512.362541 603.654213 367.486099 734.007674 624.572091 518.708648 762.363468 
352.863048 508.479304 597.432341 370.985125 724.036902 631.360543 502.525425 769.319445 
335.230287 501.487966 585.839015 372.424471 710.894812 636.431154 484.296373 761.327931 
316.389131 488.949853 576.699417 364.657555 698.764901 636.957481 464.917187 757.714907 
298.062531 471.661662 567.400591 351.007961 681.115688 635.295704 444.645594 754.357570 
287.063263 453.790118 558.333396 346.238083 665.053314 625.917867 420.280006 737.178462 
276.699323 444.110545 552.361681 338.346212 654.501469 618.922980 404.127991 724.948483 
265.975504 433.641210 550.240634 329.894813 642.574928 615.197406 392.546110 716.868876 
264.938040 420.154179 548.165706 327.819885 637.387608 610.010086 386.321326 706.494236 
269.087896 405.629683 554.390490 319.520173 639.462536 603.785303 385.283862 689.894813 
280.500000 392.142651 568.914986 310.182997 643.612392 600.672911 391.508646 681.595101 
291.912104 382.805476 577.214697 307.070605 655.024496 594.448127 398.770893 669.145533 
306.436599 372.430836 592.776657 302.920749 663.324207 594.448127 410.182997 660.845821 
331.335735 361.018732 609.376081 301.883285 678.886167 593.410663 422.632565 648.396254 
353.122478 349.606628 631.162824 297.733429 692.373199 592.373199 431.969741 639.059078 
366.609510 341.306916 652.949568 297.733429 700.672911 591.335735 449.606628 629.721902 
384.246398 331.969741 665.399135 299.808357 712.085014 593.410663 456.868876 623.497118 
397.733429 322.632565 679.923631 294.621037 719.347262 594.448127 465.168588 611.047550 
418.482709 313.295389 693.410663 293.583573 725.572046 592.373199 472.430836 600.672911 
431.969741 298.770893 704.822767 287.358790 730.759366 585.110951 481.768012 587.185879 
440.269452 289.433718 711.047550 278.021614 729.721902 578.886167 485.917867 568.511527 
447.531700 274.909222 712.085014 273.871758 731.796830 571.623919 490.067723 561.249280 
446.494236 264.534582 712.085014 262.459654 727.646974 560.211816 491.105187 544.649856 
443.381844 251.047550 705.860231 255.197406 724.534582 549.837176 489.030259 533.237752 
440.269452 241.710375 701.710375 243.785303 718.309798 536.350144 485.917867 515.600865 
434.044669 229.260807 692.373199 238.597983 711.047550 524.938040 478.655620 508.338617 
428.857349 221.998559 685.110951 227.185879 704.822767 513.525937 477.618156 495.889049 
426.782421 217.848703 675.773775 223.036023 697.560519 506.263689 475.543228 486.551873 
425.744957 217.848703 672.661383 217.848703 698.597983 499.001441 477.618156 482.402017 
424.707493 214.736311 668.511527 217.848703 699.635447 489.664265 480.730548 478.252161 
428.857349 218.886167 665.399135 215.773775 698.597983 487.589337 486.955331 476.177233 
431.969741 223.036023 661.249280 212.661383 699.635447 484.476945 492.142651 477.214697 
429.894813 224.073487 658.136888 210.586455 702.747839 478.252161 495.255043 473.064841 
427.819885 225.110951 652.949568 212.661383 698.597983 475.139769 496.292507 470.989914 
421.595101 227.185879 645.687320 212.661383 695.485591 470.989914 495.255043 468.914986 
418.482709 226.148415 637.387608 209.548991 693.410663 467.877522 490.067723 466.840058 
413.295389 225.110951 628.050432 208.511527 685.110951 465.802594 484.880403 465.802594 
408.108069 224.073487 620.788184 208.511527 676.811239 461.652738 479.693084 461.652738 
398.770893 223.036023 611.451009 208.511527 667.474063 459.577810 472.430836 458.540346 
393.583573 219.923631 604.188761 208.511527 658.136888 457.502882 463.093660 457.502882 
390.208680 219.700956 595.703218 206.237521 650.874640 454.390490 459.981268 452.315562 
387.358790 217.848703 592.776657 204.361671 645.687320 454.390490 457.906340 449.203170 
394.621037 217.848703 593.814121 208.511527 648.799712 452.315562 463.093660 448.165706 
409.145533 217.848703 607.301153 205.399135 660.211816 449.203170 469.318444 442.978386 
426.782421 217.848703 620.788184 206.436599 672.661383 449.203170 485.917867 442.978386 
446.494236 217.848703 637.387608 208.511527 681.998559 448.165706 505.629683 439.865994 
461.018732 215.773775 646.724784 209.548991 696.523055 448.165706 520.154179 437.791066 
472.430836 218.886167 658.136888 212.661383 705.860231 452.315562 530.528818 437.791066 
487.992795 223.036023 669.548991 215.773775 715.197406 456.465418 544.015850 440.903458 
499.404899 223.036023 680.961095 223.036023 724.534582 457.502882 550.240634 440.903458 
511.854467 223.036023 686.148415 221.998559 729.721902 461.652738 557.502882 442.978386 
523.266571 227.185879 699.635447 227.185879 739.059078 463.727666 569.952450 442.978386 
531.566282 227.185879 705.860231 227.185879 745.283862 461.652738 577.214697 440.903458 
538.828530 225.110951 710.010086 227.185879 747.358790 461.652738 585.514409 440.903458 
543.822928 224.969476 713.122478 227.185879 749.433718 461.652738 586.693341 437.606721 
542.978386 221.998559 712.085014 227.185879 746.321326 461.652738 585.514409 435.716138 
539.090140 219.830032 706.897695 225.110951 740.096542 458.540346 581.254879 434.167453 
535.716138 215.773775 702.747839 223.036023 735.946686 456.465418 578.252161 430.528818 
531.245542 216.839265 698.597983 221.998559 731.779867 456.346692 573.064841 429.491354 
529.491354 217.848703 692.373199 225.110951 726.609510 457.502882 572.398018 431.689830 
532.582634 221.613575 692.373199 227.185879 726.609510 456.465418 574.747373 431.851646 
537.791066 225.110951 695.485591 228.223343 734.909222 458.540346 582.402017 435.716138 
542.978386 231.335735 707.935159 232.373199 747.358790 461.652738 590.701729 437.791066 
564.765130 236.523055 723.497118 232.373199 768.108069 459.577810 608.338617 440.903458 
574.102305 242.747839 729.721902 232.373199 789.894813 454.390490 639.462536 442.978386 
579.289625 245.860231 736.984150 227.185879 810.644092 445.053314 652.949568 442.978386 
584.464086 248.248113 736.984150 221.998559 823.093660 437.791066 669.347502 440.307560 
582.402017 253.122478 734.909222 214.736311 832.430836 426.378963 681.998559 438.828530 
579.289625 251.047550 725.572046 208.511527 838.655620 414.966859 687.185879 433.641210 
574.102305 255.197406 720.384726 204.361671 841.768012 403.554755 695.485591 429.491354 
568.914986 259.347262 711.047550 199.174352 839.693084 394.217579 695.485591 426.378963 
563.727666 264.534582 699.635447 203.324207 839.693084 386.955331 696.523055 426.378963 
554.390490 273.871758 689.260807 204.361671 837.618156 381.768012 698.597983 426.378963 
546.090778 280.096542 683.036023 206.436599 836.580692 377.618156 698.597983 431.566282 
546.090778 296.695965 672.661383 215.773775 833.468300 379.693084 695.485591 437.791066 
541.940922 302.920749 666.436599 221.998559 835.543228 379.693084 699.635447 439.865994 
537.791066 316.407781 657.099424 231.335735 835.543228 375.543228 704.822767 442.978386 
536.753602 326.782421 653.987032 237.560519 839.693084 375.543228 711.047550 447.128242 
538.828530 334.044669 651.912104 240.672911 839.693084 372.430836 718.309798 450.240634 
545.053314 342.344380 648.799712 242.747839 846.955331 366.206052 727.646974 447.128242 
549.203170 349.606628 651.912104 241.710375 851.105187 361.018732 734.909222 447.128242 
556.465418 351.681556 649.837176 246.897695 856.292507 351.681556 743.208934 440.903458 
557.502882 353.756484 650.874640 240.672911 861.479827 343.381844 753.583573 435.716138 
560.615274 351.681556 651.912104 238.597983 862.517291 329.894813 756.695965 428.453890 
562.690202 347.531700 649.837176 231.335735 865.629683 319.520173 758.770893 424.304035 
557.502882 342.344380 647.762248 223.036023 863.554755 308.108069 759.808357 412.891931 
555.427954 334.044669 641.537464 208.511527 862.517291 288.396254 760.845821 398.367435 
552.315562 323.670029 629.087896 199.174352 853.180115 275.946686 753.583573 391.105187 
535.716138 314.332853 622.863112 185.687320 840.730548 271.796830 738.021614 386.955331 
520.154179 309.145533 607.301153 181.537464 831.393372 268.684438 726.609510 379.693084 
494.217579 309.145533 599.001441 186.724784 818.943804 283.208934 708.972622 391.105187 
490.067723 319.520173 594.851585 199.174352 802.344380 300.845821 686.148415 405.629683 
481.768012 338.194524 600.038905 226.148415 787.819885 338.194524 657.099424 439.865994 
475.543228 353.756484 603.151297 245.860231 780.557637 400.442363 645.687320 491.739193 
477.618156 370.355908 607.301153 283.208934 777.445245 439.865994 639.462536 512.488473 
478.655620 379.693084 616.638329 299.808357 768.108069 463.727666 618.713256 532.200288 
483.842939 379.693084 625.975504 320.557637 754.621037 510.413545 610.413545 547.762248 
484.880403 356.868876 639.462536 317.445245 748.396254 531.162824 596.926513 559.174352 
485.917867 347.531700 645.687320 319.520173 732.834294 529.087896 580.327089 540.500000 
489.030259 319.520173 648.799712 303.958213 718.309798 521.825648 559.577810 521.825648 
494.217579 290.471182 656.061960 283.208934 701.710375 512.488473 549.203170 501.076369 
505.629683 234.448127 668.511527 236.523055 699.635447 475.139769 537.791066 454.390490 
527.416427 168.050432 689.260807 171.162824 700.672911 405.629683 538.828530 384.880403 
551.278098 113.064841 715.197406 121.364553 731.796830 343.381844 568.914986 316.407781 
573.064841 68.453890 739.059078 81.940922 752.546110 314.332853 599.001441 288.396254 
580.327089 77.791066 744.246398 89.203170 760.845821 314.332853 607.301153 287.358790 
580.327089 122.402017 742.171470 129.664265 761.883285 353.756484 604.188761 339.231988 

