1.0000 0.0000 0.0000 -0.0000 1.0000 -0.0000 -0.0000 0.0000 1.0000
1.0098 -0.0443 8.0542 0.0191 0.9651 -2.0014 0.0000 -0.0001 1.0000
1.0790 -0.0032 -25.3509 0.0386 1.0496 -33.2506 0.0001 0.0000 1.0000
1.0509 -0.0285 -19.9233 0.0327 0.9799 -18.3992 0.0001 -0.0001 1.0000
1.0822 -0.0481 -23.7877 0.0534 0.9755 -24.9859 0.0001 -0.0001 1.0000
1.0873 0.0026 -52.2176 0.0294 1.0248 -38.6650 0.0001 -0.0000 1.0000
1.0179 -0.0821 -16.6084 0.0350 0.8667 -5.0929 0.0001 -0.0002 1.0000
1.1001 0.0113 -77.0503 0.0221 1.0181 -46.5943 0.0001 -0.0000 1.0000
0.9023 -0.0132 -22.1924 -0.0394 0.8904 -9.8165 -0.0001 -0.0001 1.0000
1.0036 0.0120 -65.4406 -0.0284 0.9788 -41.5258 0.0000 -0.0000 1.0000
1.2705 0.0523 -159.5089 0.0595 1.1451 -114.2099 0.0002 0.0000 1.0000
0.7765 -0.0683 1.8080 -0.0769 0.7204 20.4960 -0.0001 -0.0002 1.0000
0.8691 -0.0068 -49.1872 -0.0702 0.8388 -21.2444 -0.0001 -0.0001 1.0000
1.0194 0.0383 -115.4605 -0.0110 0.9679 -90.3444 0.0000 -0.0001 1.0000
0.9287 0.0450 -97.8901 -0.0607 0.9264 -72.0542 -0.0001 -0.0000 1.0000
0.8573 0.0359 -79.3301 -0.0773 0.8916 -70.5919 -0.0001 -0.0001 1.0000
1.1119 0.0922 -175.9042 -0.0022 1.1008 -163.2973 0.0001 0.0001 1.0000
1.1229 0.0688 -183.0722 0.0016 1.0417 -152.6229 0.0001 -0.0000 1.0000
1.1449 0.0766 -193.3616 0.0156 1.0777 -175.7457 0.0001 0.0000 1.0000
1.1846 0.0803 -208.2143 0.0269 1.1004 -189.3296 0.0002 0.0000 1.0000
1.1358 0.1045 -198.9445 -0.0081 1.1143 -182.5739 0.0001 0.0001 1.0000
1.1722 0.1136 -209.3961 0.0115 1.1321 -193.5370 0.0001 0.0001 1.0000
1.0805 0.0916 -167.6407 0.0035 1.0402 -160.6049 0.0001 0.0001 1.0000
0.8625 0.0210 -82.0505 -0.0408 0.8375 -90.3367 -0.0001 -0.0001 1.0000
0.8650 0.0081 -74.2129 -0.0311 0.8229 -86.9415 -0.0000 -0.0001 1.0000
1.1122 0.0968 -166.4836 0.0271 1.0460 -161.1217 0.0002 0.0001 1.0000
1.0369 0.0917 -133.4511 0.0172 1.0050 -141.8194 0.0001 0.0001 1.0000
1.0012 0.0689 -110.8457 0.0118 0.9574 -119.8791 0.0001 0.0000 1.0000
0.8082 0.0405 -47.5919 -0.0262 0.8067 -64.7202 -0.0001 -0.0000 1.0000
0.8154 0.0262 -41.1662 -0.0198 0.7793 -50.1521 -0.0000 -0.0001 1.0000
0.8553 0.0785 -58.4204 -0.0266 0.8751 -65.6327 -0.0000 0.0001 1.0000
0.8135 0.0101 -32.4245 -0.0110 0.7357 -25.3828 0.0000 -0.0001 1.0000
0.8573 0.0398 -54.5300 0.0098 0.7882 -40.9043 0.0001 -0.0001 1.0000
0.7368 0.0014 -17.9468 -0.0274 0.6591 14.8977 0.0000 -0.0002 1.0000
0.6684 0.0263 -10.9880 -0.0762 0.6311 51.2397 -0.0001 -0.0001 1.0000
0.6771 0.0421 -19.5973 -0.0719 0.6589 55.1185 -0.0001 -0.0001 1.0000
0.5697 0.0602 -6.6356 -0.1386 0.5933 106.2371 -0.0002 -0.0001 1.0000
0.6290 0.1111 -46.5013 -0.1333 0.6626 109.3296 -0.0002 0.0000 1.0000
0.7394 0.1785 -100.7592 -0.1208 0.7789 108.0795 -0.0001 0.0001 1.0000
0.6724 0.1038 -60.5879 -0.1000 0.5998 172.1545 -0.0000 -0.0001 1.0000
0.6674 0.2136 -89.5574 -0.1852 0.7309 218.0155 -0.0002 0.0002 1.0000
0.7597 0.2057 -116.9647 -0.1372 0.7135 260.9605 0.0000 0.0001 1.0000
0.5226 0.1762 -42.1849 -0.2653 0.5532 340.9660 -0.0002 0.0000 1.0000
0.5675 0.1325 -37.0611 -0.2095 0.4549 383.6077 -0.0001 -0.0002 1.0000
0.5561 0.1370 -29.7650 -0.2098 0.4271 420.4883 -0.0001 -0.0002 1.0000
0.5165 0.2145 -36.2525 -0.3166 0.5472 453.6460 -0.0002 0.0000 1.0000
0.5752 0.2180 -55.1581 -0.2664 0.5207 474.9531 -0.0001 -0.0001 1.0000
0.5324 0.1944 -29.6015 -0.2998 0.4448 521.7897 -0.0001 -0.0001 1.0000
0.3855 0.1166 33.7321 -0.3415 0.2761 544.6185 -0.0002 -0.0003 1.0000
0.5788 0.2011 -31.2805 -0.2384 0.4509 536.0834 0.0001 -0.0002 1.0000
0.2883 0.0916 76.3320 -0.4002 0.2193 563.1075 -0.0003 -0.0003 1.0000
0.3343 0.1750 51.0067 -0.4058 0.3839 538.6718 -0.0003 -0.0001 1.0000
0.4592 0.2280 24.9130 -0.3138 0.5192 508.2227 -0.0001 0.0000 1.0000
0.3408 0.1486 95.5404 -0.3338 0.4173 493.0309 -0.0002 -0.0001 1.0000
0.4253 0.1974 75.2133 -0.2688 0.5172 447.7841 -0.0001 0.0000 1.0000
0.3391 0.1286 128.7919 -0.2291 0.3956 437.5419 -0.0002 -0.0001 1.0000
0.5932 0.2062 28.9424 -0.1511 0.5445 398.3582 0.0001 -0.0000 1.0000
0.4754 0.1349 83.9617 -0.1924 0.4052 410.5901 -0.0001 -0.0001 1.0000
0.3986 0.1379 122.4034 -0.2176 0.4141 392.0855 -0.0001 -0.0001 1.0000
0.4683 0.1115 121.4975 -0.1862 0.4278 372.7920 -0.0001 -0.0001 1.0000
0.2250 -0.0119 222.7113 -0.2667 0.2340 395.0083 -0.0003 -0.0003 1.0000
0.4625 0.0615 164.2351 -0.1369 0.3833 345.5974 -0.0000 -0.0002 1.0000
0.4689 0.0199 182.3790 -0.1142 0.3308 346.7171 0.0000 -0.0003 1.0000
0.3572 0.0294 205.7876 -0.1884 0.3114 354.4929 -0.0001 -0.0002 1.0000
0.4735 0.1279 167.2610 -0.1541 0.4685 322.6622 -0.0000 -0.0000 1.0000
0.4827 0.2119 152.5177 -0.1759 0.5699 309.9271 -0.0001 0.0001 1.0000
0.3506 0.0846 207.5180 -0.2008 0.3965 326.6996 -0.0002 -0.0001 1.0000
0.3506 0.0918 203.9329 -0.1999 0.3897 324.9964 -0.0002 -0.0001 1.0000
0.2883 0.0569 225.0068 -0.2187 0.3373 329.1866 -0.0002 -0.0001 1.0000
0.3951 0.0512 207.0215 -0.1543 0.3442 319.0236 -0.0001 -0.0002 1.0000
0.3218 0.0201 228.3398 -0.1764 0.2894 324.6363 -0.0001 -0.0002 1.0000
0.3763 0.0958 196.8176 -0.1680 0.3782 306.8342 -0.0001 -0.0001 1.0000
0.2926 0.0263 225.6558 -0.1888 0.2848 316.4820 -0.0002 -0.0002 1.0000
0.4020 0.1306 184.2705 -0.1654 0.4190 297.4333 -0.0001 -0.0000 1.0000
0.3269 0.1765 195.4763 -0.2176 0.4521 298.8558 -0.0002 0.0001 1.0000
0.3638 -0.0317 239.5972 -0.1118 0.2273 310.6758 -0.0000 -0.0003 1.0000
0.3164 -0.0373 262.7235 -0.1337 0.2239 310.2821 -0.0001 -0.0003 1.0000
0.2939 0.0848 256.8237 -0.1805 0.3402 301.7638 -0.0002 -0.0001 1.0000
0.4183 0.0221 260.3496 -0.0971 0.3142 286.8196 0.0000 -0.0002 1.0000
0.2597 0.0087 294.7339 -0.1666 0.2478 300.5093 -0.0002 -0.0002 1.0000
0.2657 0.1247 288.7388 -0.2056 0.3693 289.6803 -0.0002 -0.0000 1.0000
0.1637 -0.0431 347.8554 -0.1826 0.1939 297.3407 -0.0003 -0.0003 1.0000
0.3211 0.0748 302.3490 -0.1397 0.3303 261.7384 -0.0001 -0.0001 1.0000
0.2213 0.1791 299.1562 -0.2090 0.3939 249.9015 -0.0003 0.0001 1.0000
0.2520 0.1923 297.6644 -0.1744 0.4241 219.8409 -0.0002 0.0001 1.0000
0.2252 0.0323 329.7710 -0.1605 0.2754 238.6809 -0.0002 -0.0002 1.0000
0.1222 0.0877 331.1738 -0.2109 0.2979 233.4464 -0.0004 -0.0000 1.0000
0.2531 0.0786 309.9517 -0.1531 0.3095 222.3245 -0.0002 -0.0001 1.0000
0.2837 0.0254 309.7034 -0.1274 0.2750 218.6757 -0.0001 -0.0002 1.0000
0.2288 0.0275 318.1919 -0.1459 0.2652 222.9390 -0.0002 -0.0002 1.0000
0.3738 0.1745 267.1442 -0.1315 0.4129 205.0691 -0.0001 0.0001 1.0000
0.3039 0.0672 294.6742 -0.1324 0.3027 224.5514 -0.0001 -0.0001 1.0000
0.2184 0.0160 319.7352 -0.1465 0.2561 229.9566 -0.0002 -0.0002 1.0000
0.3612 0.0560 284.2521 -0.0960 0.3021 220.8827 0.0000 -0.0001 1.0000
0.2946 0.0633 292.9764 -0.1134 0.2970 220.0600 -0.0001 -0.0001 1.0000
0.2683 0.1105 288.8561 -0.1416 0.3325 222.0912 -0.0002 -0.0000 1.0000
0.3298 0.1054 277.4662 -0.1117 0.3412 215.0285 -0.0001 -0.0000 1.0000
0.2701 0.0016 305.1678 -0.1070 0.2439 225.7986 -0.0001 -0.0002 1.0000
0.3872 0.0983 274.2099 -0.0714 0.3513 204.5714 0.0000 -0.0000 1.0000
0.3475 0.1596 275.2394 -0.0905 0.3883 200.4184 -0.0000 0.0001 1.0000
0.3376 0.0102 306.5477 -0.0675 0.2669 212.7459 0.0000 -0.0002 1.0000
0.1742 0.0071 351.7653 -0.1331 0.2430 225.2073 -0.0002 -0.0001 1.0000
0.2052 -0.1078 386.8625 -0.0740 0.1634 221.3462 -0.0001 -0.0003 1.0000
0.1900 0.0144 398.9822 -0.0839 0.2695 198.8633 -0.0002 -0.0001 1.0000
0.2091 0.0642 419.1214 -0.0908 0.3143 194.4184 -0.0002 0.0000 1.0000
0.2038 0.0180 449.2098 -0.0773 0.2886 190.0026 -0.0002 -0.0000 1.0000
0.2397 0.0863 464.2371 -0.0569 0.3549 174.1510 -0.0001 0.0001 1.0000
0.2186 -0.0657 492.5196 -0.0505 0.2380 194.7246 -0.0001 -0.0002 1.0000
0.1079 0.0237 504.3104 -0.0983 0.2788 197.4568 -0.0003 -0.0000 1.0000
0.1835 0.0492 501.1290 -0.0719 0.3074 191.1265 -0.0002 0.0000 1.0000
0.0936 0.0829 523.1867 -0.1077 0.3116 199.5780 -0.0003 0.0001 1.0000
0.1669 0.0179 532.1678 -0.0801 0.2737 204.7525 -0.0002 -0.0000 1.0000
0.1337 0.0678 538.0757 -0.0992 0.2887 206.7820 -0.0002 0.0000 1.0000
0.0150 -0.0317 577.6321 -0.1367 0.2075 228.3891 -0.0003 -0.0001 1.0000
0.0806 -0.0601 575.1520 -0.1211 0.1881 232.1297 -0.0002 -0.0002 1.0000
0.2554 0.0049 555.8010 -0.0817 0.2311 230.5420 -0.0000 -0.0001 1.0000
0.1093 -0.0011 566.4588 -0.1404 0.1988 241.3457 -0.0002 -0.0001 1.0000
0.1136 -0.1408 572.0758 -0.1300 0.1142 247.0513 -0.0001 -0.0003 1.0000
0.1053 -0.1088 566.4050 -0.1470 0.1109 255.4986 -0.0001 -0.0003 1.0000
0.0556 -0.0989 565.6915 -0.1373 0.1017 243.1020 -0.0002 -0.0003 1.0000
-0.0390 -0.0184 556.8910 -0.1738 0.1275 239.3025 -0.0003 -0.0002 1.0000
0.0220 -0.0766 537.1819 -0.1563 0.1020 235.5257 -0.0002 -0.0003 1.0000
0.0370 0.0866 512.7561 -0.1604 0.1793 225.7131 -0.0002 -0.0001 1.0000
0.0557 -0.0838 504.0516 -0.1484 0.1030 227.8120 -0.0002 -0.0003 1.0000
0.1058 0.0216 474.4032 -0.1453 0.1499 228.2561 -0.0001 -0.0002 1.0000
0.0044 0.0140 473.5599 -0.1727 0.1601 224.6098 -0.0003 -0.0002 1.0000
0.0140 0.1260 455.1057 -0.1781 0.2418 225.0335 -0.0003 0.0000 1.0000
0.0514 -0.0888 472.8219 -0.1117 0.1355 234.9509 -0.0002 -0.0003 1.0000
-0.0286 -0.0903 488.5807 -0.1304 0.1187 273.9646 -0.0003 -0.0002 1.0000
-0.0281 0.0103 471.7727 -0.1555 0.1790 307.3329 -0.0003 -0.0001 1.0000
0.0819 -0.0412 431.9401 -0.1348 0.1556 344.5866 -0.0002 -0.0001 1.0000
0.0334 -0.0169 427.0278 -0.1614 0.1746 359.0114 -0.0003 -0.0001 1.0000
0.1055 0.0067 415.6953 -0.1200 0.2039 378.1066 -0.0002 -0.0000 1.0000
0.1191 0.0447 405.1361 -0.1233 0.2712 372.4370 -0.0002 0.0000 1.0000
0.1832 -0.0200 405.5354 -0.0587 0.2209 361.3151 -0.0001 -0.0001 1.0000
0.0839 0.0009 419.0580 -0.1313 0.2318 352.2182 -0.0003 -0.0000 1.0000
0.0708 -0.0969 441.6952 -0.1209 0.1249 340.6770 -0.0003 -0.0002 1.0000
0.1101 -0.0027 440.1570 -0.0939 0.2409 279.6947 -0.0002 -0.0000 1.0000
0.1232 -0.0152 465.2597 -0.0677 0.2119 253.4245 -0.0001 -0.0001 1.0000
0.0853 -0.0229 487.8648 -0.0747 0.1876 225.3077 -0.0002 -0.0001 1.0000
-0.1513 0.0232 503.1124 -0.1701 0.1686 210.1798 -0.0005 -0.0000 1.0000
0.1003 0.1153 454.6341 -0.1211 0.2066 193.1300 -0.0002 0.0001 1.0000
-0.0253 -0.0700 490.4609 -0.1339 0.1266 169.5797 -0.0003 -0.0002 1.0000
0.1911 0.0118 464.0258 -0.0828 0.2051 137.1499 -0.0000 -0.0001 1.0000
0.1579 -0.1445 487.6405 -0.0725 0.1222 143.1755 -0.0001 -0.0004 1.0000
0.2750 0.0505 458.0935 -0.0567 0.2258 129.0514 0.0000 -0.0001 1.0000
0.1354 -0.0264 489.4236 -0.0880 0.1727 156.4707 -0.0001 -0.0002 1.0000
0.0831 0.0596 491.9838 -0.1041 0.2086 174.8850 -0.0002 -0.0000 1.0000
0.2140 -0.1001 509.6885 -0.0419 0.1377 203.8473 0.0000 -0.0003 1.0000
0.1623 -0.0874 517.2511 -0.0687 0.1500 225.6605 -0.0001 -0.0002 1.0000
0.0675 -0.0799 539.4862 -0.0938 0.1291 260.5851 -0.0002 -0.0002 1.0000
0.0308 -0.0469 556.2073 -0.1198 0.1408 288.8055 -0.0002 -0.0001 1.0000
0.0349 0.0006 566.5448 -0.1222 0.1715 303.9027 -0.0002 -0.0001 1.0000
0.0019 -0.0110 606.9351 -0.1121 0.1642 313.0746 -0.0002 -0.0001 1.0000
0.0886 -0.0186 615.9881 -0.0643 0.1746 305.8993 -0.0001 -0.0001 1.0000
-0.0359 0.1809 634.4276 -0.1404 0.3150 294.5081 -0.0003 0.0002 1.0000
0.1172 -0.0277 647.3421 -0.0756 0.1690 312.0668 -0.0001 -0.0001 1.0000
-0.0486 0.2266 636.3444 -0.1728 0.3078 295.2245 -0.0004 0.0002 1.0000
-0.0387 -0.0172 670.7399 -0.1387 0.1605 294.3290 -0.0003 -0.0001 1.0000
0.1384 0.0327 656.9253 -0.0636 0.2213 259.4297 -0.0001 -0.0000 1.0000
0.1294 -0.0243 660.7195 -0.0697 0.1980 245.5601 -0.0001 -0.0001 1.0000
-0.0402 -0.1024 678.1222 -0.1244 0.1312 243.5559 -0.0003 -0.0002 1.0000
0.0671 -0.2753 675.6092 -0.0702 0.0557 228.8329 -0.0001 -0.0004 1.0000
0.0132 -0.0500 661.7495 -0.1061 0.1547 217.4971 -0.0002 -0.0001 1.0000
-0.0132 0.1095 646.1464 -0.1204 0.2166 207.0532 -0.0003 0.0001 1.0000
0.0093 -0.0598 657.0282 -0.1092 0.1477 210.3550 -0.0002 -0.0001 1.0000
0.1779 0.1020 620.6330 -0.0744 0.2399 193.9809 -0.0001 0.0001 1.0000
-0.1550 0.0012 650.5291 -0.1630 0.1587 213.7929 -0.0004 -0.0001 1.0000
0.0795 0.0443 627.9250 -0.0891 0.2014 201.5172 -0.0002 -0.0000 1.0000
0.0114 -0.0563 624.9783 -0.1069 0.1438 211.9793 -0.0002 -0.0001 1.0000
0.0086 -0.0559 614.1983 -0.1050 0.1396 215.1677 -0.0002 -0.0001 1.0000
-0.0313 0.0466 604.7174 -0.1127 0.1925 208.9057 -0.0003 0.0000 1.0000
0.0899 0.0498 572.3802 -0.0885 0.1951 217.0275 -0.0002 -0.0000 1.0000
0.0056 0.0556 583.5090 -0.0977 0.2001 219.9297 -0.0002 0.0000 1.0000
-0.0521 -0.0653 587.4744 -0.1081 0.1174 236.3054 -0.0003 -0.0001 1.0000
0.1022 0.1047 537.5301 -0.0888 0.2312 233.4012 -0.0002 0.0001 1.0000
0.0306 -0.1785 554.8527 -0.0947 0.0539 259.3201 -0.0002 -0.0003 1.0000
0.0823 -0.1109 537.5025 -0.0912 0.0945 269.8707 -0.0001 -0.0002 1.0000
-0.0650 0.0090 528.7862 -0.1544 0.1506 271.8395 -0.0004 -0.0001 1.0000
-0.0230 -0.0341 514.5403 -0.1450 0.1144 286.0334 -0.0003 -0.0001 1.0000
-0.0351 -0.0780 514.3442 -0.1396 0.0851 290.3499 -0.0003 -0.0002 1.0000
0.0633 0.1704 474.8391 -0.1219 0.2627 280.0929 -0.0002 0.0002 1.0000
-0.0964 0.0634 493.3627 -0.1843 0.1727 294.8505 -0.0004 0.0000 1.0000
-0.0355 -0.1152 498.2601 -0.1369 0.0506 304.0507 -0.0003 -0.0003 1.0000
-0.0205 -0.0018 485.2738 -0.1461 0.1323 304.1727 -0.0003 -0.0001 1.0000
-0.0211 0.0012 480.8714 -0.1411 0.1352 302.0942 -0.0003 -0.0001 1.0000
0.0020 0.0920 464.3317 -0.1455 0.2074 298.2662 -0.0003 0.0001 1.0000
0.1458 0.0372 457.3904 -0.0673 0.1905 293.9486 -0.0001 -0.0000 1.0000
0.0496 0.0945 455.5510 -0.1188 0.2152 295.8561 -0.0002 0.0001 1.0000
-0.0060 0.0410 462.7656 -0.1419 0.1669 301.7742 -0.0003 0.0000 1.0000
0.0296 -0.0076 462.9234 -0.1113 0.1363 299.1529 -0.0002 -0.0001 1.0000
0.0751 -0.0136 460.0066 -0.0805 0.1401 293.0904 -0.0002 -0.0001 1.0000
0.0218 -0.0099 463.7163 -0.1111 0.1346 298.0715 -0.0002 -0.0001 1.0000
0.1174 0.2129 429.0458 -0.0823 0.3189 273.6438 -0.0002 0.0003 1.0000
0.0439 0.0853 447.1175 -0.1117 0.2110 287.9960 -0.0002 0.0001 1.0000
-0.0164 0.0379 455.5452 -0.1350 0.1608 294.7790 -0.0003 0.0000 1.0000
-0.0615 0.0323 460.9376 -0.1592 0.1548 296.9012 -0.0004 0.0000 1.0000
0.1407 0.0350 441.4019 -0.0530 0.1816 286.8591 -0.0001 0.0000 1.0000
0.0301 0.0371 446.4063 -0.1121 0.1706 292.3341 -0.0002 0.0000 1.0000
0.1146 -0.0616 440.6729 -0.0591 0.0960 298.4809 -0.0001 -0.0002 1.0000
0.0342 0.0989 427.8289 -0.1131 0.2126 291.6909 -0.0003 0.0001 1.0000
-0.0149 0.0031 426.3665 -0.1395 0.1232 305.8358 -0.0003 -0.0001 1.0000
-0.0473 -0.0021 418.9090 -0.1669 0.1175 312.0445 -0.0004 -0.0001 1.0000
0.0157 -0.0879 409.3985 -0.1117 0.0483 314.6147 -0.0002 -0.0002 1.0000
-0.0007 -0.0261 376.8809 -0.1454 0.0890 318.8577 -0.0003 -0.0001 1.0000
0.1228 -0.0701 348.0648 -0.0689 0.0578 319.4440 -0.0001 -0.0002 1.0000
0.0098 -0.0465 338.6995 -0.1458 0.0589 326.6577 -0.0003 -0.0002 1.0000
0.1498 -0.1017 311.9933 -0.0283 0.0248 317.8743 -0.0000 -0.0003 1.0000
0.0702 -0.0807 297.9021 -0.0937 0.0200 329.6406 -0.0002 -0.0003 1.0000
0.0058 0.0321 281.3094 -0.1716 0.1538 323.5834 -0.0004 0.0000 1.0000
0.1040 0.0845 232.3141 -0.1221 0.2035 317.6476 -0.0002 0.0001 1.0000
0.0645 -0.0340 244.4422 -0.1214 0.0563 330.1444 -0.0002 -0.0002 1.0000
0.0160 0.0512 233.0357 -0.1799 0.1553 328.5007 -0.0004 0.0000 1.0000
0.1089 0.0761 196.5836 -0.1242 0.1994 319.1155 -0.0002 0.0001 1.0000
0.0331 0.0170 210.3527 -0.1669 0.1139 322.6380 -0.0004 -0.0001 1.0000
0.0152 -0.0058 215.3131 -0.1671 0.0764 325.5302 -0.0004 -0.0001 1.0000
0.0281 0.0503 202.6282 -0.1755 0.1550 317.3231 -0.0004 0.0000 1.0000
0.1167 0.0240 188.4232 -0.0953 0.1132 315.6161 -0.0002 -0.0001 1.0000
0.1255 0.0229 184.8110 -0.0946 0.1245 305.7914 -0.0002 -0.0001 1.0000
0.0898 -0.0317 204.6547 -0.0890 0.0519 303.9077 -0.0002 -0.0002 1.0000
0.1662 0.0835 176.5008 -0.0491 0.2197 281.3739 -0.0001 0.0001 1.0000
0.0003 0.0486 205.1641 -0.1846 0.1522 294.9284 -0.0005 0.0000 1.0000
0.1300 0.0802 177.3082 -0.0829 0.2155 276.3468 -0.0002 0.0001 1.0000
0.0862 0.1397 170.5863 -0.1464 0.2821 276.9833 -0.0003 0.0003 1.0000
0.0231 0.0205 197.9401 -0.1559 0.1176 287.6678 -0.0004 -0.0001 1.0000
0.0742 0.1039 174.9317 -0.1412 0.2428 273.6489 -0.0003 0.0002 1.0000
0.1144 0.0162 175.4188 -0.0815 0.1221 277.7711 -0.0002 -0.0001 1.0000
0.0014 0.0197 192.1910 -0.1794 0.1119 287.7782 -0.0005 -0.0001 1.0000
0.0970 0.0710 164.9774 -0.1070 0.2054 267.1302 -0.0003 0.0001 1.0000
0.1074 0.1024 154.4376 -0.1112 0.2509 266.4342 -0.0003 0.0002 1.0000
0.0480 -0.0070 175.0355 -0.1309 0.0796 284.5091 -0.0003 -0.0002 1.0000
0.1633 -0.0111 150.5908 -0.0269 0.0903 275.6778 0.0000 -0.0002 1.0000
0.0782 0.0125 158.6946 -0.1159 0.1147 286.2602 -0.0003 -0.0001 1.0000
0.1094 0.0404 145.0676 -0.0814 0.1623 279.5714 -0.0002 0.0000 1.0000
0.0791 -0.0191 142.8261 -0.1230 0.0507 298.4196 -0.0003 -0.0002 1.0000
0.1164 -0.0013 124.6058 -0.0831 0.0839 289.7002 -0.0002 -0.0002 1.0000
0.1511 0.0750 92.3898 -0.0936 0.2032 293.3425 -0.0001 0.0001 1.0000
0.1246 0.0738 90.9839 -0.1305 0.1928 306.1814 -0.0002 0.0001 1.0000
0.1088 0.0460 92.1329 -0.1258 0.1536 306.1577 -0.0002 0.0000 1.0000
0.1154 0.0109 87.5669 -0.0988 0.0777 311.0844 -0.0002 -0.0002 1.0000
0.0738 0.0399 79.1885 -0.1833 0.1143 319.7235 -0.0004 -0.0000 1.0000
0.0945 0.0437 66.5858 -0.1598 0.1164 317.8182 -0.0003 -0.0001 1.0000
0.1248 0.0454 55.2885 -0.1083 0.1145 313.0996 -0.0002 -0.0001 1.0000
0.1174 0.0172 58.3196 -0.0926 0.0261 318.8648 -0.0001 -0.0003 1.0000
0.1292 0.0555 40.4104 -0.1122 0.1186 302.5344 -0.0002 -0.0001 1.0000
0.1333 0.0796 31.6340 -0.1135 0.1495 294.3386 -0.0001 0.0000 1.0000
0.0921 0.0458 49.1318 -0.1432 0.0786 293.7323 -0.0003 -0.0001 1.0000
0.0813 0.0632 47.3001 -0.1646 0.1061 292.6875 -0.0003 -0.0000 1.0000
0.0985 0.0941 30.4423 -0.1627 0.1535 283.9953 -0.0003 0.0001 1.0000
0.1048 0.0547 36.5877 -0.1283 0.0705 285.4773 -0.0002 -0.0002 1.0000
0.0871 0.0554 43.5213 -0.1460 0.0746 283.8978 -0.0003 -0.0001 1.0000
0.1097 0.0723 36.4991 -0.1198 0.0991 279.8798 -0.0002 -0.0001 1.0000
0.0676 0.0895 43.1908 -0.1909 0.1295 284.1961 -0.0004 0.0000 1.0000
0.1127 0.0538 40.3484 -0.1034 0.0564 281.8111 -0.0001 -0.0002 1.0000
0.1148 0.1015 27.4847 -0.1458 0.1390 285.1424 -0.0002 0.0000 1.0000
0.0963 0.0575 47.7317 -0.1345 0.0652 289.1223 -0.0002 -0.0002 1.0000
0.0534 0.0548 62.0090 -0.1751 0.0559 291.8343 -0.0004 -0.0001 1.0000
0.1128 0.0980 46.4277 -0.1163 0.1249 291.3256 -0.0001 0.0000 1.0000
0.1060 0.0584 54.2266 -0.1148 0.0537 293.2602 -0.0001 -0.0002 1.0000
0.0766 0.0224 74.1646 -0.1277 -0.0011 297.3287 -0.0002 -0.0003 1.0000
0.0864 0.0566 70.0220 -0.1362 0.0633 296.7202 -0.0002 -0.0002 1.0000
0.0975 0.0552 73.1397 -0.1157 0.0492 298.8135 -0.0001 -0.0002 1.0000
0.1446 0.0876 65.5694 -0.0952 0.1070 305.2315 -0.0000 -0.0000 1.0000
0.1130 0.0625 90.0596 -0.1081 0.0620 312.0184 -0.0001 -0.0001 1.0000
0.0453 0.0545 116.0854 -0.1645 0.0513 314.6667 -0.0003 -0.0001 1.0000
0.0546 0.0608 119.3972 -0.1596 0.0682 305.8567 -0.0003 -0.0001 1.0000
0.1129 0.1027 107.6794 -0.1264 0.1248 303.5414 -0.0001 -0.0000 1.0000
0.0992 0.0788 122.9542 -0.1307 0.0899 301.6147 -0.0002 -0.0001 1.0000
0.0382 0.0115 157.7804 -0.1611 0.0072 308.9168 -0.0003 -0.0003 1.0000
0.0508 0.0296 162.5869 -0.1578 0.0321 306.3602 -0.0002 -0.0002 1.0000
0.1076 0.0989 155.7351 -0.1279 0.1268 294.0845 -0.0001 -0.0000 1.0000
0.0884 0.0359 180.1814 -0.1235 0.0406 298.9700 -0.0001 -0.0002 1.0000
0.0978 0.0513 201.4671 -0.0974 0.0626 289.2463 -0.0001 -0.0001 1.0000
-0.0364 0.1099 238.4612 -0.2012 0.1276 287.3836 -0.0004 0.0001 1.0000
-0.1892 0.0387 298.4150 -0.2526 0.0590 284.3070 -0.0007 -0.0000 1.0000
-0.1227 0.0072 316.3899 -0.2059 0.0270 293.8182 -0.0005 -0.0002 1.0000
-0.0284 -0.0588 336.7253 -0.1490 -0.0286 309.1212 -0.0003 -0.0003 1.0000
-0.1543 0.6271 304.9989 -0.3346 0.4969 318.5461 -0.0007 0.0012 1.0000
0.0191 0.0530 369.0990 -0.1256 0.0607 328.3348 -0.0002 -0.0001 1.0000
0.2769 -0.1634 373.4234 0.0421 -0.0750 331.8949 0.0003 -0.0005 1.0000
0.1483 -0.0710 379.5717 -0.0579 -0.0087 344.9688 0.0001 -0.0003 1.0000
0.0893 -0.0403 379.7510 -0.1069 0.0186 352.2612 -0.0001 -0.0003 1.0000
-0.0471 -0.0048 380.6118 -0.1841 0.0267 360.6191 -0.0003 -0.0002 1.0000
-0.0497 -0.0210 367.5728 -0.2015 0.0069 369.9873 -0.0003 -0.0002 1.0000
0.0400 -0.0282 351.6560 -0.1495 0.0088 366.3029 -0.0002 -0.0003 1.0000
-0.0331 -0.0395 360.4463 -0.1823 -0.0079 361.5922 -0.0003 -0.0003 1.0000
-0.0365 0.0601 355.7742 -0.1674 0.0766 340.5185 -0.0003 -0.0000 1.0000
0.1122 -0.0606 342.6157 -0.0709 -0.0136 327.7905 0.0000 -0.0003 1.0000
0.2043 0.1078 297.1494 -0.0845 0.1172 316.2317 0.0001 -0.0000 1.0000
0.0567 0.0009 317.2169 -0.1419 0.0316 300.0419 -0.0001 -0.0002 1.0000
0.0544 0.0594 296.6189 -0.1472 0.0786 279.7085 -0.0002 -0.0001 1.0000
0.0379 0.0263 288.4674 -0.1414 0.0537 270.8426 -0.0002 -0.0002 1.0000
1.0000 0.0000 0.0000 0.0000 1.0000 0.0000 0.0000 0.0000 1.0000
-0.0395 0.0894 290.8352 -0.1803 0.1368 274.8975 -0.0004 0.0001 1.0000
0.0167 -0.0346 279.3859 -0.1408 0.0390 278.4934 -0.0003 -0.0003 1.0000
0.0114 -0.0629 285.8160 -0.1432 0.0121 294.3042 -0.0003 -0.0003 1.0000
0.0826 0.0074 274.6880 -0.1173 0.1022 295.0567 -0.0002 -0.0002 1.0000
0.2941 0.0472 253.6111 0.0121 0.1656 296.6484 0.0002 -0.0001 1.0000
0.0074 -0.0074 337.0595 -0.1246 0.1238 310.0224 -0.0003 -0.0001 1.0000
0.0725 0.0408 326.9268 -0.1089 0.1929 314.2812 -0.0002 -0.0000 1.0000
-0.0146 -0.0803 373.7047 -0.1458 0.0466 347.5982 -0.0004 -0.0002 1.0000
0.0020 -0.1279 406.3312 -0.1171 0.0230 346.8737 -0.0003 -0.0003 1.0000
1.0000 0.0000 0.0000 0.0000 1.0000 0.0000 0.0000 0.0000 1.0000
1.0000 0.0000 0.0000 0.0000 1.0000 0.0000 0.0000 0.0000 1.0000
1.0000 0.0000 0.0000 0.0000 1.0000 0.0000 0.0000 0.0000 1.0000
1.0000 0.0000 0.0000 0.0000 1.0000 0.0000 0.0000 0.0000 1.0000
-0.0443 -0.0404 521.7576 -0.1046 0.1538 205.5869 -0.0003 -0.0001 1.0000
-0.1087 0.0234 527.7245 -0.1491 0.1464 221.7640 -0.0004 -0.0000 1.0000
0.0676 0.1828 504.0592 -0.1135 0.2613 212.5609 -0.0002 0.0002 1.0000
0.1729 -0.1568 525.9725 -0.0445 0.0756 229.7527 -0.0000 -0.0003 1.0000
-0.0074 0.0708 521.6785 -0.1332 0.1872 228.3089 -0.0003 0.0000 1.0000
0.0681 0.1278 496.2058 -0.1193 0.2252 223.4137 -0.0002 0.0001 1.0000
-0.0464 -0.1053 515.4189 -0.1468 0.0639 243.6768 -0.0003 -0.0003 1.0000
0.2139 0.0640 452.8982 -0.0774 0.1807 218.6427 -0.0000 -0.0001 1.0000
0.1493 0.0718 455.8455 -0.0820 0.1634 216.6300 -0.0001 -0.0000 1.0000
0.2531 0.0531 425.5644 -0.0647 0.1856 206.7059 0.0001 -0.0001 1.0000
0.1291 -0.0601 439.6175 -0.0972 0.1109 224.0701 -0.0001 -0.0003 1.0000
1.0000 0.0000 0.0000 0.0000 1.0000 0.0000 0.0000 0.0000 1.0000
1.0000 0.0000 0.0000 0.0000 1.0000 0.0000 0.0000 0.0000 1.0000
1.0000 0.0000 0.0000 0.0000 1.0000 0.0000 0.0000 0.0000 1.0000
0.0927 -0.1484 432.8688 -0.1020 0.0367 311.6162 -0.0002 -0.0004 1.0000
0.1274 -0.0150 416.8728 -0.1221 0.1482 309.4446 -0.0002 -0.0001 1.0000
1.0000 0.0000 0.0000 0.0000 1.0000 0.0000 0.0000 0.0000 1.0000
1.0000 0.0000 0.0000 0.0000 1.0000 0.0000 0.0000 0.0000 1.0000
1.0000 0.0000 0.0000 0.0000 1.0000 0.0000 0.0000 0.0000 1.0000
-0.0071 -0.0851 524.1872 -0.1325 0.1139 232.2724 -0.0003 -0.0002 1.0000
0.0286 0.1519 484.0017 -0.1621 0.2508 196.9557 -0.0003 0.0001 1.0000
0.0400 0.1894 460.3376 -0.1911 0.2582 202.6747 -0.0003 0.0001 1.0000
0.1721 0.0099 452.9165 -0.1325 0.1792 205.5684 -0.0001 -0.0002 1.0000
0.0909 -0.0285 475.8144 -0.1255 0.1463 217.9468 -0.0002 -0.0002 1.0000
0.2277 0.1083 440.8728 -0.1077 0.2399 228.9852 -0.0001 0.0000 1.0000
0.1158 0.0832 456.6734 -0.1326 0.2346 231.0325 -0.0002 -0.0000 1.0000
0.1613 -0.0042 465.0600 -0.1080 0.1890 246.0407 -0.0001 -0.0002 1.0000
0.1773 -0.0772 470.1481 -0.0984 0.1476 262.2184 -0.0001 -0.0003 1.0000
0.0366 0.0133 469.6356 -0.1797 0.1870 292.7897 -0.0003 -0.0001 1.0000
0.0563 -0.0301 463.4509 -0.1407 0.1960 304.9151 -0.0003 -0.0001 1.0000
1.0000 0.0000 0.0000 0.0000 1.0000 0.0000 0.0000 0.0000 1.0000
0.2342 0.1135 329.2810 -0.1359 0.3334 393.1040 -0.0002 0.0001 1.0000
0.1297 0.0286 341.2316 -0.1811 0.2400 407.6439 -0.0003 -0.0001 1.0000
0.1323 -0.0642 337.4117 -0.1657 0.2115 352.8862 -0.0003 -0.0002 1.0000
1.0000 0.0000 0.0000 0.0000 1.0000 0.0000 0.0000 0.0000 1.0000
1.0000 0.0000 0.0000 0.0000 1.0000 0.0000 0.0000 0.0000 1.0000
0.2361 0.0701 289.7378 -0.1283 0.2939 170.3397 -0.0002 -0.0001 1.0000
0.1415 0.0771 315.1350 -0.1537 0.2773 146.4749 -0.0003 -0.0001 1.0000
0.2442 0.0743 312.3508 -0.1241 0.2661 147.3053 -0.0001 -0.0001 1.0000
0.2825 0.2159 272.0695 -0.1381 0.3626 143.8646 -0.0001 0.0001 1.0000
1.0000 0.0000 0.0000 0.0000 1.0000 0.0000 0.0000 0.0000 1.0000
1.0000 0.0000 0.0000 0.0000 1.0000 0.0000 0.0000 0.0000 1.0000
0.3693 0.0548 185.1713 -0.0775 0.2943 250.2494 -0.0000 -0.0001 1.0000
0.2912 0.0579 185.0992 -0.1295 0.3031 273.7492 -0.0002 -0.0001 1.0000
0.1816 0.0276 203.9390 -0.1951 0.2484 302.1539 -0.0003 -0.0001 1.0000
0.3068 0.0522 170.2919 -0.1426 0.3310 287.9002 -0.0002 -0.0001 1.0000
0.3383 0.0191 168.0908 -0.1171 0.2959 288.8454 -0.0001 -0.0002 1.0000
0.2977 0.0283 171.7352 -0.1322 0.3171 269.3999 -0.0002 -0.0001 1.0000
0.2871 0.0241 168.9317 -0.1422 0.3080 266.2959 -0.0002 -0.0001 1.0000
0.2394 -0.0355 180.8596 -0.1496 0.2248 265.0966 -0.0003 -0.0003 1.0000
0.3272 0.0498 135.3195 -0.1334 0.3795 225.9285 -0.0002 -0.0001 1.0000
0.2842 -0.0215 148.3665 -0.1336 0.2743 234.8416 -0.0002 -0.0002 1.0000
0.4213 0.0038 99.5364 -0.0749 0.3598 204.9881 -0.0001 -0.0002 1.0000
0.3255 -0.0235 119.5941 -0.1242 0.3034 223.3124 -0.0002 -0.0002 1.0000
0.5118 0.0339 60.8355 -0.0195 0.4989 169.2508 0.0000 -0.0000 1.0000
0.3772 0.0199 73.6073 -0.1131 0.4115 206.4029 -0.0002 -0.0001 1.0000
0.3468 -0.0264 77.4609 -0.1333 0.3294 229.5262 -0.0003 -0.0002 1.0000
0.4510 -0.0293 41.3829 -0.0721 0.3790 207.3630 -0.0001 -0.0002 1.0000
0.4446 -0.0107 24.8084 -0.0859 0.4143 192.7777 -0.0002 -0.0002 1.0000
0.4597 -0.0254 14.9551 -0.0709 0.3996 179.4831 -0.0001 -0.0002 1.0000
0.6080 0.0528 -59.1193 -0.0471 0.5892 115.1627 -0.0000 -0.0000 1.0000
0.6136 0.1029 -65.4134 -0.0526 0.6937 72.9767 -0.0001 0.0002 1.0000
0.4961 0.1297 -22.2438 -0.1231 0.6951 60.4016 -0.0003 0.0003 1.0000
0.6157 0.0995 -67.6402 -0.0968 0.5843 60.7813 -0.0000 -0.0001 1.0000
0.5871 0.0746 -63.6416 -0.1108 0.5379 53.2884 -0.0001 -0.0002 1.0000
0.8191 0.1359 -173.4705 -0.0749 0.7172 -10.2446 0.0002 -0.0001 1.0000
0.7376 0.1339 -162.2151 -0.0676 0.6685 -9.8818 0.0001 -0.0001 1.0000
0.7322 0.1712 -194.7431 -0.1343 0.7003 3.5045 0.0000 -0.0000 1.0000
0.6919 0.1676 -193.5662 -0.1557 0.6740 22.3106 -0.0001 -0.0001 1.0000
0.7494 0.1655 -218.0894 -0.1665 0.6991 32.6951 0.0000 -0.0001 1.0000
0.8197 0.2301 -263.5656 -0.1652 0.7760 21.3273 0.0001 -0.0000 1.0000
0.7324 0.2278 -214.4939 -0.2154 0.7497 51.2455 -0.0001 0.0000 1.0000
0.6453 0.1332 -137.9472 -0.1969 0.5805 88.1751 -0.0001 -0.0002 1.0000
0.8499 0.3138 -258.4751 -0.2957 0.8348 73.1533 -0.0001 0.0001 1.0000
0.8096 0.2881 -210.4752 -0.2677 0.7874 72.4865 -0.0000 -0.0000 1.0000
1.0764 0.4532 -333.6587 -0.2876 1.0394 29.5227 0.0002 0.0002 1.0000
1.0575 0.4552 -308.5467 -0.3048 1.0251 38.4000 0.0002 0.0002 1.0000
0.9251 0.3246 -209.4456 -0.2806 0.8526 62.2423 0.0001 -0.0000 1.0000
1.0348 0.4528 -254.0561 -0.3058 1.0451 23.6540 0.0001 0.0002 1.0000
1.1556 0.5205 -293.2731 -0.3248 1.1814 0.1150 0.0001 0.0003 1.0000
1.1867 0.4189 -270.3282 -0.2917 1.0846 17.4581 0.0002 0.0001 1.0000
1.0842 0.3671 -224.7063 -0.3268 1.0238 43.9698 0.0001 0.0000 1.0000
1.2705 0.4534 -306.5871 -0.3344 1.1968 11.1875 0.0002 0.0001 1.0000
1.3765 0.4585 -342.1001 -0.3097 1.2517 -6.6385 0.0003 0.0001 1.0000
1.4627 0.4902 -378.5145 -0.3151 1.3196 -12.6703 0.0003 0.0001 1.0000
1.4817 0.5328 -403.7461 -0.3456 1.3981 -23.2154 0.0003 0.0002 1.0000
1.5793 0.5458 -450.1517 -0.3559 1.4550 -27.9882 0.0003 0.0002 1.0000
1.5260 0.5049 -441.1566 -0.3786 1.4204 -17.3975 0.0002 0.0002 1.0000
1.3855 0.3720 -383.5873 -0.3543 1.2050 22.9107 0.0002 -0.0001 1.0000
1.7438 0.5635 -588.6948 -0.4031 1.5845 -54.8646 0.0004 0.0002 1.0000
1.9832 0.7322 -749.7149 -0.4787 1.8655 -95.8485 0.0004 0.0004 1.0000
2.0237 0.7844 -799.5965 -0.5274 1.9146 -88.1549 0.0004 0.0004 1.0000
2.1644 0.8566 -879.0053 -0.5828 2.0076 -82.3658 0.0005 0.0004 1.0000
2.0890 0.8827 -873.5096 -0.6423 1.9713 -52.9130 0.0005 0.0004 1.0000
2.3268 1.0766 -1033.7945 -0.7556 2.2436 -81.9565 0.0005 0.0005 1.0000
2.7018 1.2981 -1249.6104 -0.8578 2.5455 -106.7734 0.0008 0.0007 1.0000
2.5366 1.2644 -1197.9575 -0.9022 2.3761 -55.0692 0.0007 0.0006 1.0000
2.5019 1.3729 -1231.4149 -1.0046 2.4514 -40.8959 0.0006 0.0007 1.0000
2.6972 1.4899 -1344.1947 -1.0801 2.5853 -35.9092 0.0007 0.0007 1.0000
2.6585 1.5618 -1366.9810 -1.1682 2.6049 -10.7265 0.0006 0.0008 1.0000
2.7717 1.6197 -1428.4286 -1.1986 2.6697 -9.2812 0.0008 0.0008 1.0000
2.7637 1.6250 -1428.9062 -1.2116 2.6520 0.8312 0.0008 0.0008 1.0000
2.9719 1.7944 -1556.5873 -1.2979 2.9223 -41.8324 0.0008 0.0009 1.0000
2.8797 1.7252 -1496.6945 -1.2912 2.8497 -35.5582 0.0008 0.0009 1.0000
2.9688 1.7464 -1528.9926 -1.2894 2.9374 -68.5174 0.0008 0.0009 1.0000
3.2730 1.9420 -1703.0326 -1.3854 3.2819 -125.8808 0.0010 0.0011 1.0000
3.4950 2.0144 -1802.0730 -1.3970 3.4863 -183.0323 0.0012 0.0011 1.0000
3.7197 2.0375 -1879.4028 -1.4052 3.6515 -225.2189 0.0014 0.0011 1.0000
3.7719 2.0942 -1912.2306 -1.4322 3.8073 -274.2905 0.0014 0.0012 1.0000
3.8766 1.9960 -1899.5240 -1.3733 3.8181 -300.6599 0.0016 0.0010 1.0000
5.0641 2.7138 -2560.2855 -1.6688 5.1318 -550.1794 0.0023 0.0016 1.0000
3.7892 1.9496 -1846.1459 -1.3754 3.8923 -351.7736 0.0016 0.0010 1.0000
3.6971 1.9444 -1784.7385 -1.3636 3.9025 -369.2638 0.0015 0.0010 1.0000
4.5964 2.4040 -2212.0381 -1.5348 4.8559 -568.3301 0.0022 0.0014 1.0000
4.8564 2.4360 -2270.0100 -1.6293 5.1726 -641.1816 0.0025 0.0014 1.0000
4.5787 2.2474 -2064.5582 -1.5258 4.9801 -662.8976 0.0024 0.0013 1.0000
3.6597 1.6799 -1532.1430 -1.2646 3.9890 -509.7977 0.0018 0.0008 1.0000
4.3523 1.8811 -1755.7767 -1.3401 4.6776 -700.3432 0.0024 0.0010 1.0000
3.4599 1.4424 -1271.3902 -1.1057 3.9255 -609.1481 0.0019 0.0007 1.0000
4.0795 1.6691 -1460.9989 -1.2231 4.6564 -795.0945 0.0023 0.0011 1.0000
3.7080 1.3825 -1216.6061 -1.0475 4.2230 -745.8647 0.0021 0.0008 1.0000
3.1391 1.1456 -933.3558 -0.9308 3.7384 -657.8339 0.0017 0.0007 1.0000
2.9558 0.9946 -779.7366 -0.8767 3.5634 -621.1392 0.0016 0.0007 1.0000
3.4602 1.1197 -874.6425 -0.8540 4.1687 -818.7690 0.0021 0.0009 1.0000
3.4804 1.0531 -817.1712 -0.8513 4.1800 -816.9922 0.0021 0.0009 1.0000
3.3292 0.7689 -647.2530 -0.6397 3.8577 -808.8043 0.0021 0.0006 1.0000
2.6631 0.4872 -366.5564 -0.5466 3.2106 -650.3713 0.0016 0.0004 1.0000
2.2639 0.3949 -220.8034 -0.5259 2.8597 -546.4097 0.0012 0.0004 1.0000
2.4625 0.2853 -200.9717 -0.4381 2.9636 -610.6257 0.0015 0.0002 1.0000
2.3396 0.1532 -109.6960 -0.4096 2.8296 -578.3254 0.0014 0.0002 1.0000
2.5026 0.1245 -100.6310 -0.3627 2.9870 -639.1636 0.0015 0.0002 1.0000
2.1766 -0.0695 34.8434 -0.2856 2.5798 -545.8237 0.0013 -0.0000 1.0000
2.2391 -0.1296 70.4803 -0.2515 2.6700 -588.4810 0.0014 0.0000 1.0000
2.3615 -0.2288 102.6172 -0.1993 2.7254 -620.4589 0.0015 -0.0000 1.0000
2.2858 -0.2456 144.4326 -0.2067 2.7073 -610.6723 0.0015 0.0000 1.0000
2.3306 -0.3862 195.7888 -0.1225 2.6296 -617.2843 0.0016 -0.0001 1.0000
2.2897 -0.4493 236.2346 -0.0783 2.5821 -620.3518 0.0015 -0.0002 1.0000
1.5733 -0.5245 376.4088 -0.1487 1.9279 -399.0280 0.0009 -0.0003 1.0000
1.8188 -0.5369 355.7031 -0.1047 2.1521 -479.1318 0.0012 -0.0003 1.0000
2.1111 -0.5637 349.0611 -0.0725 2.4782 -589.8464 0.0014 -0.0002 1.0000
2.1637 -0.5054 355.0225 -0.0835 2.7027 -660.3358 0.0014 0.0000 1.0000
1.5509 -0.6751 466.7480 -0.0945 1.9244 -425.5600 0.0009 -0.0004 1.0000
2.5261 -0.6152 377.3859 -0.0067 3.0369 -793.4790 0.0017 0.0001 1.0000
1.9412 -0.7269 468.5857 -0.0401 2.3599 -583.4912 0.0013 -0.0002 1.0000
2.2953 -0.8288 465.6392 0.0498 2.6504 -710.7869 0.0016 -0.0002 1.0000
1.9367 -0.8877 526.8647 0.0354 2.2775 -601.9438 0.0013 -0.0003 1.0000
1.9475 -1.0186 557.2238 0.0829 2.1656 -587.2280 0.0014 -0.0005 1.0000
1.8491 -1.0344 590.4355 0.0858 2.1419 -586.7850 0.0013 -0.0004 1.0000
1.7103 -1.0132 611.0296 0.0676 2.0861 -566.7257 0.0011 -0.0004 1.0000
1.6802 -1.0993 635.6170 0.0946 1.9822 -542.6123 0.0011 -0.0005 1.0000
2.0593 -1.2973 651.4011 0.2385 2.1926 -653.2868 0.0016 -0.0006 1.0000
1.7381 -1.1605 674.5562 0.1657 2.0492 -572.8365 0.0012 -0.0005 1.0000
1.3867 -0.9786 681.9937 0.1356 1.7287 -446.1689 0.0009 -0.0004 1.0000
1.1910 -0.8544 609.7441 -0.0195 1.4259 -277.5598 0.0005 -0.0005 1.0000
0.6638 -0.7450 658.9691 -0.1133 0.9497 -97.2848 0.0001 -0.0006 1.0000
0.7582 -0.6831 659.9448 -0.1570 0.9955 -76.3925 0.0002 -0.0006 1.0000
0.6753 -0.8325 675.1797 -0.2487 0.6671 67.1235 0.0002 -0.0009 1.0000
1.7624 -0.1695 442.4953 -0.3539 1.9713 -249.6303 0.0009 -0.0002 1.0000
1.3711 0.0343 434.1903 -0.4568 1.8073 -172.5917 0.0006 -0.0001 1.0000
1.3042 0.0283 396.5492 -0.4425 1.5984 -107.8164 0.0006 -0.0003 1.0000
1.6557 0.3959 209.5827 -0.5185 1.9683 -168.1227 0.0008 -0.0000 1.0000
1.8760 0.9301 27.8039 -0.6918 2.4427 -211.4297 0.0010 0.0004 1.0000
1.2531 0.2408 248.6752 -0.5163 1.5117 -25.8530 0.0007 -0.0002 1.0000
0.8867 -0.0859 294.7311 -0.3727 0.9372 65.8204 0.0004 -0.0006 1.0000
0.8506 0.2667 165.5876 -0.5336 1.1592 74.2426 0.0003 -0.0003 1.0000
0.7973 0.0600 161.5165 -0.4394 0.8564 128.7986 0.0003 -0.0006 1.0000
1.0974 0.4249 -38.4071 -0.5732 1.2804 92.3750 0.0006 -0.0003 1.0000
1.1681 0.5169 -118.6769 -0.6097 1.3392 118.6830 0.0007 -0.0003 1.0000
1.5903 1.1971 -483.3189 -0.9053 2.0130 111.8351 0.0009 0.0003 1.0000
1.5387 1.1797 -509.3040 -0.8792 1.9206 147.6462 0.0009 0.0003 1.0000
1.1772 0.7517 -324.5556 -0.6624 1.2726 228.6044 0.0007 -0.0002 1.0000
2.1024 1.8535 -950.0892 -1.1082 2.4429 237.0812 0.0015 0.0006 1.0000
1.4436 1.2645 -602.7493 -0.9551 1.6233 336.2323 0.0009 0.0001 1.0000
1.4518 1.1951 -588.2197 -0.8907 1.4529 369.8079 0.0010 -0.0000 1.0000
1.7023 1.7984 -807.5388 -1.1149 1.8602 427.9283 0.0013 0.0005 1.0000
1.1880 1.3445 -509.2698 -0.9374 1.3365 408.6050 0.0007 0.0002 1.0000
0.8156 0.7960 -211.6826 -0.7802 0.8005 436.2941 0.0005 -0.0003 1.0000
0.8725 0.9706 -232.0415 -0.7957 0.9011 429.8007 0.0006 -0.0001 1.0000
0.9208 1.2696 -314.3630 -0.9582 1.0295 474.1024 0.0006 0.0001 1.0000
0.8042 1.1377 -236.0198 -0.9351 0.8481 488.2751 0.0005 0.0000 1.0000
0.6700 0.9100 -117.9546 -0.8414 0.6102 495.2555 0.0004 -0.0002 1.0000
0.7012 1.0287 -140.1999 -0.9182 0.6199 534.8017 0.0005 -0.0001 1.0000
0.4713 1.0105 -56.4310 -0.9225 0.5434 540.4285 0.0002 -0.0001 1.0000
0.5422 1.2777 -132.6921 -1.0557 0.6102 611.0416 0.0003 0.0001 1.0000
0.4988 1.2972 -122.2954 -1.0667 0.5371 652.3397 0.0003 0.0001 1.0000
0.2914 1.1338 -21.9388 -1.0047 0.3994 649.9761 0.0002 0.0000 1.0000
0.4224 1.5166 -127.2153 -1.1674 0.4876 766.7505 0.0004 0.0002 1.0000
0.2909 1.1467 -6.4884 -0.9937 0.2844 721.0404 0.0003 -0.0000 1.0000
0.3022 1.4157 -61.1043 -1.1237 0.3220 816.4792 0.0003 0.0002 1.0000
0.1370 1.1754 45.2689 -1.0251 0.2072 778.4825 0.0002 0.0000 1.0000
0.1570 1.2959 21.5040 -1.0597 0.1916 832.7980 0.0002 0.0001 1.0000
0.1219 1.1269 76.3856 -0.9853 0.0948 821.8978 0.0002 -0.0001 1.0000
0.0761 1.3379 50.5900 -1.0749 0.1333 879.4077 0.0002 0.0001 1.0000
0.0482 1.3947 49.7532 -1.1022 0.1206 906.8699 0.0002 0.0002 1.0000
-0.0108 1.2348 104.5230 -1.0386 0.0392 884.5730 0.0002 0.0000 1.0000
-0.0313 1.3470 84.9377 -1.0836 0.0385 918.2162 0.0002 0.0001 1.0000
-0.0166 1.1835 116.0870 -1.0110 -0.0454 899.4189 0.0002 -0.0000 1.0000
-0.0390 1.4077 74.2823 -1.1108 -0.0097 958.8889 0.0002 0.0001 1.0000
0.0523 1.7585 -23.0745 -1.2532 0.0087 1080.6307 0.0005 0.0003 1.0000
-0.0129 1.5052 38.8300 -1.1506 -0.0522 1005.6165 0.0003 0.0001 1.0000
-0.1061 1.4064 79.2259 -1.1254 -0.0750 972.8467 0.0002 0.0001 1.0000
-0.0500 1.6399 5.6839 -1.2170 -0.0644 1046.9608 0.0004 0.0002 1.0000
-0.0909 1.5395 27.4012 -1.1815 -0.0960 1018.1109 0.0003 0.0001 1.0000
-0.0355 1.9524 -85.6483 -1.3501 -0.0583 1143.5728 0.0005 0.0003 1.0000
-0.0518 1.7961 -64.3379 -1.2954 -0.0865 1098.7580 0.0004 0.0002 1.0000
-0.0659 1.9190 -99.0818 -1.3594 -0.0824 1141.8952 0.0005 0.0003 1.0000
-0.1586 1.9129 -95.3332 -1.3600 -0.0691 1122.6921 0.0003 0.0003 1.0000
-0.1089 1.9725 -137.0103 -1.3968 -0.1066 1180.4204 0.0005 0.0003 1.0000
-0.0032 2.1765 -246.1030 -1.5050 -0.1104 1272.6464 0.0008 0.0003 1.0000
-0.0299 2.2954 -317.5990 -1.5680 -0.1028 1304.6750 0.0007 0.0004 1.0000
-0.1800 2.2786 -298.1907 -1.5959 -0.0825 1291.8526 0.0005 0.0004 1.0000
-0.1262 2.5770 -438.0976 -1.7490 -0.0620 1404.1656 0.0007 0.0005 1.0000
-0.1689 2.3271 -406.4315 -1.6638 -0.0786 1318.3700 0.0005 0.0004 1.0000
-0.2372 2.9555 -589.2437 -2.0070 0.0120 1529.4759 0.0006 0.0008 1.0000
-0.1599 3.2034 -729.0562 -2.1598 -0.0055 1658.3430 0.0009 0.0008 1.0000
-0.2140 3.4748 -824.2198 -2.3396 0.0526 1752.5778 0.0008 0.0010 1.0000
-0.2491 3.4678 -842.2516 -2.3768 0.0700 1755.5445 0.0007 0.0010 1.0000
-0.2254 3.7865 -969.2800 -2.5766 0.1047 1891.3373 0.0009 0.0011 1.0000
-0.2255 3.6784 -946.6274 -2.5463 0.0768 1878.6464 0.0009 0.0009 1.0000
