197.571547 708.653078 265.724626 704.393511 250.816140 725.691348 186.922629 729.950915 
204.514692 705.212561 267.345881 704.838565 253.882055 725.408300 194.790817 728.026266 
209.703786 705.209356 276.872384 702.846642 260.670913 724.786134 199.577866 726.811317 
215.570915 703.918313 285.134018 700.552356 268.678230 722.244077 207.343021 725.610033 
223.902097 701.413608 291.221229 699.543632 275.887427 722.357338 214.552218 724.975304 
232.493697 699.818412 300.151715 698.535796 284.439663 720.660930 223.836036 722.264200 
241.968585 698.016063 308.913721 696.146087 293.579919 717.463812 231.870715 720.829768 
251.936012 696.067890 316.599777 695.002004 303.098552 717.385615 243.764217 720.583274 
262.510084 695.098651 326.463259 692.966878 312.962033 716.061081 252.206517 719.258739 
272.864943 693.623525 338.688094 691.005558 324.102282 714.941250 263.141068 718.307206 
282.114663 691.558342 350.530689 688.803334 336.755650 712.680068 272.472135 715.894244 
290.238464 690.882814 361.100708 688.127060 348.109296 712.141487 280.002807 715.684599 
307.155549 689.279074 372.174610 686.436711 357.607498 713.083867 295.786096 716.281526 
318.419845 689.033103 382.983222 687.064708 368.023415 713.047530 307.396829 715.803284 
327.676791 688.735867 393.980645 686.663871 378.233479 712.771014 316.902415 716.500605 
336.894488 688.954788 404.961610 685.214837 389.627808 710.646509 326.796618 714.386460 
344.399989 686.510456 416.374568 682.584570 400.671023 709.193354 333.930960 712.683030 
356.873773 684.417805 424.006425 681.931411 408.673659 707.624154 344.441801 711.768145 
363.617403 682.650956 433.650848 680.578960 415.831688 705.857305 352.428627 711.244493 
371.328812 680.325580 442.605455 677.839186 425.615092 705.603925 360.140037 708.504718 
379.334004 676.532611 450.610647 676.532611 432.377087 702.639753 367.730829 706.369345 
388.037773 674.080237 456.965084 673.014351 439.910904 700.372098 376.313024 703.214461 
393.293426 670.929194 463.230524 670.555199 446.400741 697.482851 382.073571 701.222803 
401.496945 666.839392 469.981846 665.966973 452.533464 693.884385 388.846867 696.937852 
407.173109 662.871667 478.035353 661.690630 457.957717 692.003923 393.788019 693.578640 
412.967564 658.571899 481.823816 658.909429 462.584569 688.612126 397.103624 690.974841 
416.743527 655.888445 486.973267 655.016026 467.343836 686.423115 402.784821 687.731744 
420.327049 653.076348 490.992998 653.076348 471.799777 682.738599 405.495923 684.919646 
422.560415 649.316710 494.190617 649.316710 473.987227 680.540131 409.244544 682.376803 
426.056250 644.953944 496.623115 646.403948 477.289728 676.854034 412.522878 678.787373 
430.615132 641.507526 501.082357 642.071264 479.660321 677.023007 415.957949 677.023007 
432.966108 638.675231 504.703153 639.692777 483.843445 674.289366 417.194134 675.306913 
437.376468 636.280375 509.787256 637.589003 487.540568 671.177140 421.672924 672.049559 
439.548925 633.397602 512.097463 634.315938 490.057401 668.294368 423.478046 669.671872 
440.755049 630.253865 513.585689 631.828581 492.720695 665.291308 425.795242 666.078666 
442.557121 627.324541 515.491360 629.396536 493.528209 664.206060 425.981158 664.206060 
442.798560 627.715531 516.954186 627.279321 495.143708 663.484715 425.786387 663.920924 
442.847496 625.671615 517.875542 626.544034 494.320225 664.494266 426.271533 664.058057 
441.622441 626.180046 517.457473 627.423243 493.422326 665.962358 424.217679 666.376757 
440.207047 627.604996 515.066623 629.534367 493.071799 667.350029 423.228587 668.121777 
438.128385 630.116225 513.891099 631.034561 490.932701 668.686334 422.975843 670.523006 
438.295702 631.914347 512.515045 632.782410 489.511389 671.411191 421.368484 672.713284 
435.585695 633.635677 510.889241 634.094845 487.471675 675.419962 419.055648 677.256634 
433.126789 635.849281 509.442794 636.358054 486.547992 678.077470 416.846041 680.621337 
431.128110 638.935129 508.461662 639.418464 484.778262 681.951917 414.211396 682.918587 
428.515100 642.330620 506.596612 642.330620 483.913715 685.079158 411.939137 685.951577 
427.479738 645.423287 504.813290 645.423287 481.613224 688.440075 410.563024 690.856749 
425.850726 649.085251 503.450112 649.085251 481.410050 693.165375 408.861512 694.542879 
423.432608 652.256345 502.216163 652.256345 479.016098 697.206472 407.965897 699.139811 
421.290966 656.604361 499.591187 655.637692 477.841125 700.587819 405.340921 703.971162 
418.523887 659.248084 499.222656 657.939455 476.103549 703.305250 403.692762 706.358717 
417.525230 662.641896 497.918653 660.569900 474.297905 706.982598 402.606863 711.540988 
413.873981 665.858872 495.277720 662.806232 472.891692 711.139701 400.137100 714.701115 
412.996385 667.837258 492.386526 664.783791 469.703629 715.820311 396.420422 722.799664 
410.066016 672.172187 489.892366 668.682511 467.209469 720.591449 393.053843 726.262173 
406.242507 675.222986 486.575144 673.616334 464.617557 723.422568 391.247082 728.778078 
403.932467 679.798519 483.199358 674.965172 462.415966 728.131988 387.499088 735.865344 
401.181771 683.850371 482.403992 680.535178 460.855239 731.091867 386.263404 738.551050 
398.632791 687.632360 481.699088 682.908210 458.865698 735.267535 383.279305 741.566401 
397.021160 690.655506 479.188059 686.305494 457.921332 739.955646 382.037785 745.272327 
395.232613 692.927431 479.086268 688.203281 455.859200 742.531002 382.241202 748.042509 
393.906330 694.802199 477.015731 690.210519 455.894005 744.851507 379.212955 751.739027 
393.643316 696.094815 477.743553 690.294799 455.993492 746.844958 379.143275 753.611644 
392.977586 694.606282 476.111154 689.289601 455.327762 746.323095 377.510875 753.089781 
391.365595 692.299734 477.298879 687.937638 455.924610 745.081091 377.406889 752.060445 
391.395225 689.319987 476.341298 683.350803 454.760404 741.665135 376.242682 749.930158 
391.010761 684.452490 475.497666 680.319978 454.835107 739.093478 376.776554 745.980997 
388.776808 681.017067 475.777054 676.438106 453.899799 736.982137 375.039927 743.087417 
388.538907 679.564562 474.862484 674.054547 451.444918 736.501390 372.927196 742.470573 
387.131597 680.563779 473.914342 675.053763 451.415112 737.500606 372.897390 743.469790 
385.414129 685.245348 472.196874 679.735332 450.156812 744.478015 370.261586 751.365534 
384.577449 692.361586 470.265594 687.851684 446.024869 755.500220 365.974101 763.956287 
380.207816 706.101883 469.109267 701.817476 443.402823 772.510196 361.999085 780.007909 
377.472401 724.336189 462.423471 722.462269 438.687143 796.169815 358.733194 804.290138 
373.685351 744.871183 463.657904 738.980123 437.415910 815.028352 356.012171 821.454963 
372.385032 757.637819 463.552832 754.148143 438.688886 824.814092 354.936650 828.739978 
372.061049 762.475673 462.976306 760.179833 438.640404 829.514196 354.153499 837.320051 
373.128005 760.471362 465.444932 758.054689 438.861524 831.038228 354.761286 835.871575 
373.570106 756.325696 466.220414 755.790145 438.907317 828.625069 355.896926 831.838374 
374.780377 750.017309 467.991474 749.098973 441.818900 823.025015 355.954491 828.075863 
378.927108 743.591146 472.138204 741.754474 443.669791 817.517188 358.723718 821.649699 
382.084227 736.095922 476.213659 734.259250 447.286078 810.940300 361.880836 815.531979 
383.889913 730.880352 479.217976 730.880352 452.975981 804.250827 366.216733 809.070785 
388.159098 726.993028 483.430786 724.738076 456.371372 800.278942 368.428274 804.788844 
391.504269 720.489441 486.449583 719.302624 459.152806 799.412733 373.108615 801.786366 
396.193219 718.455995 492.056832 714.707139 465.814838 795.039775 377.448937 800.395284 
399.809675 713.414420 495.645101 710.595731 468.021949 795.156401 381.206327 799.102566 
400.837035 711.339096 497.020640 707.472419 471.403901 789.155983 382.470316 796.406003 
399.725515 709.586070 497.195781 704.230561 470.953786 786.169850 383.123437 794.203114 
396.729421 707.953055 495.226221 701.386601 471.305570 785.812430 381.720385 794.724045 
393.571143 708.571283 490.746856 701.448456 467.343281 786.922382 378.816715 797.606622 
388.325917 711.410781 487.938387 703.913068 463.838596 790.136765 371.723839 803.525538 
382.262497 716.214750 479.732763 708.717037 455.632972 797.618489 363.518215 808.865058 
374.525866 721.375889 473.736673 712.726742 450.841871 802.779628 358.245119 813.463868 
368.864290 726.614476 467.057550 719.491649 443.653975 811.070855 351.057222 821.755096 
362.580238 729.331474 462.272817 722.210575 440.910122 813.002032 347.151624 824.276788 
358.522791 729.573201 458.868120 723.372085 435.191132 816.388822 342.174395 826.536103 
354.238086 728.322546 455.992759 721.895935 432.428519 815.617344 339.242660 825.792812 
351.404335 724.081267 452.141462 718.484760 428.737887 814.134153 335.123587 822.274527 
348.227314 719.354125 449.981988 712.927514 425.882197 809.862229 332.160787 818.966594 
346.871091 713.775473 448.907634 705.883144 424.103170 803.409784 328.831482 814.684540 
343.316405 703.632274 446.266695 698.798927 421.616626 798.365875 325.433021 806.099230 
340.556319 697.230944 444.956614 691.914262 417.889870 792.931214 322.672935 799.697900 
337.359484 687.796419 443.548322 683.423937 415.439512 786.489574 317.995637 792.735976 
334.631573 678.931561 440.614280 676.676610 411.863652 779.276890 315.464488 786.605481 
331.386379 668.575222 437.013041 666.794997 408.529447 769.454618 310.023683 777.762333 
324.347167 659.203591 435.467375 658.546075 404.564122 762.433607 304.621686 769.008767 
320.714166 650.185486 431.275485 649.560846 401.917395 755.125043 299.476398 759.497525 
316.451511 638.851994 426.232030 638.851994 396.561619 745.072064 293.308590 751.006146 
312.320987 627.449265 422.882306 628.698545 389.776374 738.635224 288.584658 742.383066 
309.438272 616.926530 417.982305 618.864816 383.739247 730.639326 284.240550 733.869804 
304.945620 606.298558 415.506940 609.421759 381.776368 720.607719 278.710731 725.604840 
301.618248 597.949223 412.179568 597.949223 375.950435 712.883024 274.134078 714.132304 
295.745399 587.420570 408.805279 589.294490 374.450067 703.603651 270.135150 706.102212 
292.840900 578.452867 406.152198 581.271556 369.509241 697.401543 266.345223 699.656494 
286.630870 569.301130 401.523144 571.377497 365.532793 689.038259 261.714474 692.498870 
281.533793 560.487529 397.778829 563.716558 362.259512 683.190622 256.508821 684.805136 
277.850297 552.945508 389.318388 555.859706 357.262205 676.070392 250.893962 679.713140 
271.903932 546.425722 387.626752 547.083239 351.463371 669.381219 243.630743 673.983831 
265.055074 538.571092 381.238156 542.318933 348.132224 666.622338 239.444825 670.994819 
259.046538 534.770573 377.728181 537.893774 342.748328 662.821819 233.436289 668.443581 
254.534746 533.460968 371.572598 535.433517 335.409217 664.964174 227.576589 668.251754 
244.948684 532.069627 364.616600 534.699691 331.740799 662.915316 220.620591 668.832960 
238.627789 535.586797 361.681913 536.836077 326.702060 667.385884 214.266820 673.007646 
232.211731 539.502894 354.147929 541.803577 320.404579 674.476296 206.137324 681.378345 
224.562416 544.259446 349.566192 544.259446 312.755264 685.368002 200.021798 689.969368 
220.925050 550.751747 343.430667 553.520236 308.132439 694.713151 193.932287 703.018616 
215.583031 559.488050 338.707915 561.673698 305.194633 703.740873 191.540894 710.297819 
211.512212 566.770525 336.094196 568.846891 302.872333 712.808295 187.287937 717.653150 
208.616966 573.705292 332.921151 573.705292 299.980542 718.519668 183.756129 725.356398 
204.110988 577.950491 331.461460 578.642613 297.547476 726.064627 179.886713 732.985848 
202.199665 577.864751 329.757774 577.864751 295.566940 729.093436 177.871572 735.668597 
201.031821 578.090426 327.319125 580.694288 295.421816 729.114418 174.993202 738.227935 
197.352810 577.013483 326.779649 579.089849 292.865664 729.280352 172.436414 738.970061 
196.817510 573.204815 325.690651 576.492395 292.157334 728.378597 171.174385 736.268789 
195.966055 570.345851 326.154228 572.318399 292.620911 725.519633 170.980446 734.724858 
195.075428 565.685036 326.874515 568.183597 292.519303 722.469732 171.339099 731.214695 
195.059669 558.864114 327.220391 563.466726 293.687073 719.298024 170.074060 726.530701 
195.791984 552.319647 329.059155 555.067424 293.338058 715.812362 169.688105 723.368748 
195.086863 546.283299 330.706071 550.319585 295.186754 710.963766 170.061890 718.229080 
196.234832 536.095851 333.275014 541.632828 295.900419 709.126383 170.626313 715.355483 
195.775199 528.533380 335.656725 534.361776 297.772145 702.656737 170.275963 709.942233 
199.616142 521.859080 338.124481 527.807291 301.585471 697.756173 172.424321 705.403873 
203.077099 512.596090 342.193647 519.517312 306.203296 697.392699 174.700091 702.237554 
207.086815 505.528819 348.971852 511.757918 312.289379 689.633306 179.401930 694.478161 
213.965204 498.272618 355.303829 504.829564 317.419249 684.052769 184.094670 690.609715 
219.672148 492.663363 362.314493 499.565412 321.669093 682.853157 189.763269 687.454523 
223.382102 487.376063 366.139163 495.023763 327.900664 678.568555 196.190281 682.817277 
228.848951 483.603437 372.455756 492.100881 333.367513 675.645674 199.957641 679.894396 
233.461692 477.670111 378.459629 488.968651 338.914737 676.336116 205.215340 680.102297 
238.960621 476.404925 384.758872 486.244071 345.402289 674.976776 210.337651 678.554647 
243.110520 473.935339 389.840412 484.317171 349.005207 678.111368 213.349269 681.571979 
244.966270 472.299329 394.308850 482.793673 353.945991 678.957170 214.290497 681.378941 
248.159803 471.421125 396.055374 482.349370 356.713695 679.057765 216.832169 684.157612 
250.016803 470.216660 400.328091 483.253864 359.682692 681.112600 218.574135 684.947072 
251.438487 468.653343 400.781067 480.762200 362.839979 684.191012 220.762714 688.227298 
253.915440 468.079831 404.872534 479.381431 366.124189 686.846529 222.432409 689.268300 
253.355311 467.403565 406.734176 480.440768 367.622566 690.569814 224.213326 692.103603 
254.101401 467.887590 408.514789 480.127676 368.969897 693.858402 224.913504 694.799947 
253.981285 466.950632 410.427728 478.454046 370.549222 694.718247 224.072406 696.252036 
254.150432 462.985280 413.052636 476.581191 373.964393 693.266015 225.259122 697.514737 
255.253639 461.127837 414.000765 474.931935 375.656048 695.030607 226.111654 698.865079 
255.954825 459.682210 416.064561 473.099227 380.285849 695.821709 229.120791 698.505113 
258.283344 457.145842 420.542039 470.061957 383.408209 694.479455 231.643857 698.515741 
261.274508 454.228725 423.533203 467.952097 386.399372 697.213138 231.405992 698.827653 
264.393119 450.187788 427.741611 464.758780 391.697578 696.360868 237.551818 697.894656 
267.689596 446.258592 431.690267 463.253480 396.850746 697.782937 242.197264 700.332170 
269.452131 447.433916 434.177901 460.611978 400.134575 701.111603 241.997836 703.307947 
269.649646 445.450668 437.809592 461.551089 402.925348 702.162927 243.710080 704.846330 
270.978783 442.655394 438.378431 458.800538 403.538910 703.526927 243.786962 703.526927 
269.303457 443.127666 439.252339 459.272810 404.412818 705.698688 242.961380 705.698688 
266.699912 438.685174 438.348282 456.529807 404.358506 707.204407 241.207580 705.504918 
266.538990 436.864524 437.337616 456.408646 403.347840 707.083246 238.497425 708.782735 
262.434541 433.506426 435.782401 452.200803 401.792624 707.124126 236.092465 710.523103 
256.796012 431.190573 433.900636 449.974397 401.699795 711.158994 230.856445 711.158994 
251.324481 427.630029 431.112509 448.202788 398.911668 712.070789 225.384915 712.070789 
243.816383 423.314568 426.287814 443.887328 394.086973 713.122135 218.771285 713.122135 
234.573828 420.695178 419.728663 443.056873 390.211225 714.975084 211.317666 715.869551 
223.069432 417.563467 413.261533 441.102093 383.132091 716.033248 202.355441 718.857883 
210.391949 415.656240 402.665360 440.433741 375.905658 719.923956 188.587748 726.861656 
189.193692 422.269068 393.673282 448.350648 365.505175 730.031716 173.544744 734.204769 
176.350595 434.677353 383.490506 457.274435 354.302609 750.094946 155.636604 755.744216 
165.647212 452.807735 366.612652 473.672999 341.354701 781.161104 145.880119 783.357448 
157.976801 466.784607 357.533782 492.337636 335.631187 797.757162 133.640583 803.841217 
152.733903 477.231551 356.184680 504.974839 333.065273 812.462944 128.458526 814.774885 
150.543100 483.465208 358.097571 510.919503 335.035963 818.407608 126.383320 822.800296 
152.212066 481.641515 359.419398 510.026081 333.873289 825.094763 123.827500 827.933220 
151.435943 471.010250 357.653363 506.874149 334.597999 823.244974 119.414604 823.244974 
143.142519 460.958760 355.764207 496.822659 331.427990 822.159458 113.682888 819.597751 
131.650328 449.103019 350.186517 488.637204 326.026738 812.597887 101.999689 813.696059 
112.665305 438.732962 342.183212 482.659835 318.023432 805.522345 87.407353 808.816861 
100.891328 430.562396 330.929422 473.333298 308.965986 803.940810 75.459981 806.252751 
91.127555 423.827151 319.547291 464.459508 298.682026 802.696424 66.967775 807.089111 
82.605790 420.397520 313.166960 463.171312 297.518012 805.361646 60.697263 811.621225 
77.911684 417.158941 310.322559 459.747321 296.937639 807.755228 58.442710 813.839283 
73.438025 420.517512 309.544963 460.051697 300.759588 813.663018 60.259963 822.448393 
72.744307 424.947988 310.983065 464.654447 307.140505 822.012585 59.935771 832.259414 
72.781183 434.715121 315.534951 472.862141 313.223010 835.836822 62.377451 849.708466 
76.564336 443.902517 319.318103 482.049538 320.474074 854.271981 63.848663 866.987655 
79.462904 453.087752 324.105931 492.794212 326.667638 864.241739 69.216076 887.297102 
86.109768 463.457807 330.019506 506.228709 339.267268 879.607122 76.862006 896.946677 
95.699960 471.173299 343.929376 512.544868 351.230241 892.189858 82.315040 909.225210 
104.512130 475.462012 355.357690 518.232914 363.449482 902.015061 96.420338 915.886705 
114.836971 473.737238 366.155167 516.352063 373.803982 903.163547 107.188157 918.461177 
125.174147 470.027735 374.863736 511.642666 391.047321 905.828546 118.238325 918.544219 
136.750734 460.915018 390.359735 507.025746 400.606564 901.528636 127.784759 914.337172 
143.418680 452.499352 396.515340 501.171786 406.249827 896.635317 138.551437 908.803426 
148.450988 439.876871 403.920428 490.739565 412.012221 891.861266 141.515166 899.953058 
151.918120 427.626498 407.387561 481.957103 415.479353 887.702686 136.890506 898.106419 
149.137813 415.851323 411.543076 474.805809 418.478898 885.175273 135.266169 893.267065 
145.727527 405.808706 411.922147 464.701321 416.633556 881.661036 128.059742 888.728150 
138.870370 399.907407 411.462963 459.166667 418.574074 888.203704 127.018519 892.944444 
137.616293 397.321186 412.946584 456.928775 418.623497 891.212635 117.747097 901.147233 
133.097277 396.135772 411.266024 460.001045 421.200622 898.542590 116.066537 914.154102 
131.318917 398.743470 415.668403 462.786147 427.196085 911.084886 115.948674 925.174275 
131.894271 406.162640 420.221705 470.401395 436.654875 929.036225 116.955026 946.963319 
132.678959 412.224279 426.459217 474.670324 447.747641 951.531033 121.325132 971.400229 
135.752386 421.221274 435.209558 485.086547 460.755667 964.785713 127.237017 997.427964 
143.005102 425.387931 444.935112 494.580225 479.531259 983.643938 135.142342 1016.667533 
149.897810 436.698890 459.140187 497.949796 500.970074 996.920588 148.403886 1034.268701 
155.462963 442.574074 470.722222 501.833333 515.759259 1009.092593 160.203704 1051.759259 
161.445890 439.604274 479.101421 500.933807 530.995642 1015.158355 174.026307 1065.480023 
162.000792 438.712386 489.753763 496.648517 546.034577 1024.694970 185.175245 1077.665147 
169.283515 430.532099 497.595901 492.893111 558.122765 1028.464154 189.459136 1085.322724 
170.115567 426.442179 501.179174 490.999583 572.357850 1032.288580 199.911292 1093.535347 
172.704695 422.841215 503.768302 480.777347 578.257614 1035.308888 202.500420 1098.210974 
169.942690 412.151291 507.976057 476.621572 577.673658 1030.717504 203.049050 1102.157546 
171.015360 398.712239 508.498483 472.078135 580.030232 1031.493094 198.527571 1103.024843 
161.430925 388.673331 510.703031 463.162643 585.192342 1030.936729 194.537286 1103.770723 
165.157081 379.560785 510.749067 452.926681 586.045644 1030.200444 190.255941 1103.566341 
162.574074 369.092593 515.759259 444.944444 589.240741 1032.796296 198.129630 1103.907407 
164.944444 354.870370 522.870370 442.574074 596.351852 1032.796296 198.129630 1103.907407 
169.685185 345.388889 525.240741 437.833333 601.092593 1030.425926 202.870370 1106.277778 
181.537037 338.277778 539.462963 435.462963 610.574074 1025.685185 212.351852 1108.648148 
186.277778 328.796296 546.574074 418.870370 620.055556 1032.796296 224.203704 1106.277778 
191.018519 319.314815 553.685185 418.870370 627.166667 1030.425926 231.314815 1108.648148 
193.388889 309.833333 553.685185 409.388889 634.277778 1032.796296 233.685185 1106.277778 
200.500000 305.092593 565.537037 409.388889 643.759259 1030.425926 240.796296 1108.648148 
203.251078 297.342567 566.412264 403.723116 647.114750 1032.835677 245.436468 1108.035721 
206.292213 297.563166 569.453400 400.275421 657.492476 1027.553834 252.145899 1110.090467 
211.145224 296.652639 570.638116 404.867336 662.345486 1024.809160 258.833056 1109.179941 
214.905662 299.291419 572.105869 400.352941 662.712751 1031.116235 265.436423 1109.526036 
219.462963 302.722222 575.018519 402.277778 665.092593 1025.685185 271.611111 1108.648148 
214.652863 305.456645 573.595511 404.775727 667.687273 1023.341940 275.638264 1108.721502 
218.605598 307.950596 574.430195 403.326261 671.640007 1019.599790 284.634904 1103.970570 
225.167724 313.222730 571.821584 410.432542 672.699691 1015.701187 287.528736 1098.237820 
225.799367 318.467096 568.784932 408.340319 671.497187 1009.940668 293.662821 1094.311449 
234.382157 324.309087 567.188204 407.946209 673.477046 1003.860702 300.594878 1084.012944 
231.045926 331.053479 572.564173 414.690601 675.368135 991.438253 311.198167 1073.332935 
237.597349 338.482790 568.660956 409.661465 681.222582 985.712142 313.741978 1065.167407 
243.166667 340.648148 567.907407 416.500000 679.314815 975.907407 326.129630 1049.388889 
243.740088 346.502437 568.384179 418.034186 669.262287 960.941819 329.945016 1036.141862 
252.052299 352.140624 567.433945 420.095786 668.495468 956.767317 332.204540 1022.980039 
255.908784 359.972686 562.142621 417.908818 664.772339 947.610589 333.708732 1008.857356 
254.320636 366.932128 558.899155 424.868259 658.218237 938.016850 333.775902 997.608299 
257.920527 375.884521 550.911819 430.510016 646.920265 932.071381 330.754520 985.041558 
257.388889 388.055556 544.203704 442.574074 634.277778 921.388889 323.759259 975.907407 
254.798814 395.353475 539.513516 445.013016 622.279417 923.399928 316.045581 966.438197 
248.271807 405.550321 529.758639 451.154332 609.958798 922.919973 304.883684 962.233776 
242.715017 418.355492 517.597130 460.185379 593.787281 921.808058 295.002375 956.168322 
233.998659 430.598659 505.071265 476.013964 576.032680 924.490107 280.833193 958.551586 
225.662371 440.526646 490.087012 486.838306 558.807540 927.546042 267.492258 960.412381 
222.208642 456.844062 483.645434 498.673948 547.884189 931.912061 256.568906 958.802703 
213.892271 466.260417 475.030278 513.094951 531.799410 938.863441 246.534522 961.571094 
211.936113 477.946361 465.903282 524.258022 522.672414 945.544738 246.296377 967.953606 
209.712741 492.818035 458.198328 536.367056 518.398445 947.521042 240.453226 974.418967 
208.621627 506.681204 455.354467 548.477478 514.678210 954.305810 239.631766 977.226347 
207.738836 518.189252 451.101009 554.053151 510.020272 957.522017 242.321882 980.577381 
208.714898 528.070655 449.643449 567.008603 510.483992 960.038512 244.002413 985.591540 
210.617952 538.789046 445.014150 575.933799 511.618534 962.751568 245.200997 987.087785 
213.509025 548.259597 443.547119 584.094677 512.905338 969.032794 251.656046 987.528319 
216.092805 558.514963 444.853247 591.368857 517.861899 968.580225 251.380320 991.699631 
220.234402 571.130731 446.561222 605.201435 517.136252 975.111938 259.172349 1004.315399 
226.019839 585.696554 449.913038 613.683204 522.921690 984.810517 267.391409 1009.146735 
230.156359 600.044423 452.102660 628.943681 528.396701 994.230302 271.771290 1012.725828 
238.133076 615.438245 455.942220 639.774463 528.950872 999.950478 277.071023 1018.202641 
242.874212 626.549465 459.226398 650.588597 531.343794 1008.990198 282.210973 1027.565891 
247.418625 635.312361 461.321166 662.210285 536.891525 1018.287570 287.125085 1036.219519 
255.545957 644.480652 463.620614 668.816869 537.846077 1022.908830 292.050283 1028.992885 
263.011505 649.606841 471.664148 681.453823 540.848972 1025.181598 298.153003 1032.868801 
268.676682 656.056548 476.751339 684.955806 542.641648 1024.811080 299.887880 1029.434962 
277.108451 658.609032 480.547974 687.161948 545.981739 1020.279295 303.281957 1023.848409 
284.687999 654.438166 485.653439 685.186976 548.249232 1009.147659 313.240466 1012.442174 
292.668153 650.718118 490.888163 680.972751 553.483956 1005.427611 320.836259 998.124768 
304.824122 642.846828 497.827817 674.144724 560.423609 989.210215 329.862439 979.820846 
315.389226 634.890590 507.662637 667.596892 567.128640 972.855708 340.166728 958.980308 
326.149752 625.007478 514.980393 661.521691 568.186817 953.635391 348.058279 943.202759 
333.383384 617.924065 524.465278 651.967391 574.981181 936.393888 358.641336 921.019483 
348.058636 608.308080 532.716225 645.865556 583.836122 922.330308 372.053690 909.811149 
364.481862 601.904370 545.680209 637.045868 598.392456 911.588819 388.641641 891.821727 
375.594145 594.403165 553.992154 630.082767 605.529357 898.670882 397.398346 878.848881 
385.341965 588.229391 562.696711 619.527287 613.816609 885.559407 408.293755 865.737406 
393.494072 579.586261 566.936582 614.274763 621.447085 870.969677 417.280473 852.138776 
396.602206 574.169440 568.904951 605.240427 623.514564 858.516046 424.848558 837.802055 
397.663350 568.213241 567.612232 596.836210 623.963703 846.392726 427.180788 827.608903 
395.924372 564.477893 564.084319 590.417459 623.119193 831.029297 427.230745 817.612280 
392.141475 563.005277 560.301421 587.155907 621.125232 824.189874 427.920187 809.878389 
386.129063 561.220202 550.567352 579.867843 614.138856 814.658596 424.271965 804.487155 
378.417156 562.419268 541.304450 582.191714 607.212604 807.220981 419.845138 799.688621 
370.235403 565.912673 534.064242 583.802029 598.089305 801.298936 412.604930 794.708120 
358.301371 571.826448 521.188665 585.008079 589.921454 798.738806 403.495533 795.914171 
345.285852 580.886547 507.826261 590.797547 580.176565 801.901859 393.849754 799.919659 
331.546785 592.028163 496.317169 598.618979 563.166868 801.051165 381.448673 810.466615 
319.630708 603.812971 485.116986 603.812971 558.125638 808.237196 369.519954 817.971683 
312.043502 613.115775 467.983899 616.410290 539.365066 816.277559 363.657577 826.161105 
302.103530 625.531587 452.750738 628.504887 531.047642 824.742698 359.587333 833.662599 
297.974443 637.656732 445.829970 640.205965 523.156711 831.398457 352.358085 841.595390 
293.461208 645.426913 440.153927 648.110316 517.078158 836.843021 350.707148 846.682167 
292.908438 650.919203 440.495625 654.497074 516.525387 842.335312 350.154377 852.174458 
294.705164 661.356475 440.644647 660.414930 516.909796 844.957760 351.197867 859.080936 
296.665949 667.145341 444.253136 668.934276 517.599496 849.616772 354.806356 863.928256 
302.162581 675.250633 444.069897 675.250633 519.697149 856.246192 359.095456 868.142614 
305.901610 683.568778 447.171618 685.990550 524.668308 860.358102 363.216870 871.659703 
308.030419 688.661904 448.238247 687.812159 525.564988 863.709252 365.813039 875.605674 
310.492088 690.336134 450.833750 690.336134 525.222500 862.887358 368.009163 873.623879 
312.388439 690.135837 450.084316 690.135837 524.396376 862.073546 368.486759 873.001790 
311.806280 689.331001 447.546576 688.564106 520.401537 860.348436 365.488883 868.017379 
310.049303 689.701674 445.022705 690.468568 514.043195 859.185320 360.664329 866.087369 
306.263161 691.621472 441.075112 695.657758 503.233915 861.952738 352.276821 865.989024 
300.446935 698.904644 436.406041 706.552344 494.188660 870.553015 341.234667 872.252504 
295.332370 711.612142 428.608072 720.556820 484.959543 886.033363 332.005549 886.033363 
289.995235 726.321268 421.811543 737.619809 474.538065 910.864098 320.124677 910.864098 
286.438527 752.877420 414.749933 762.224609 468.283830 934.722724 312.780604 932.173491 
283.034957 774.715015 412.640098 785.451536 463.255124 954.935183 306.808681 947.266239 
278.934706 786.646507 410.517627 800.369879 458.145801 967.472117 307.188707 956.170516 
282.951933 790.716838 411.167558 808.469771 457.851195 972.191261 308.595058 961.013488 
288.691384 789.365880 414.657612 805.976811 460.337673 968.625512 312.915659 956.167314 
296.757334 787.075969 423.415684 801.610534 465.635134 961.490747 319.597364 950.416793 
304.968882 783.742758 433.922163 796.128101 477.635140 952.037718 331.196668 941.109474 
319.402964 776.673215 444.677070 791.207780 486.896520 942.782527 345.703605 931.708572 
331.634389 770.933916 458.402022 787.690557 497.015151 936.314678 357.862175 926.114984 
341.763946 768.925196 465.617380 783.496188 504.959060 929.206110 365.806084 919.006416 
352.282353 765.671486 469.977721 779.479322 514.031295 924.790364 377.925478 916.242656 
355.969018 762.952250 473.664387 776.760087 520.348025 921.413612 380.954627 909.578324 
358.636587 762.369209 476.331955 775.519529 521.043045 917.542991 384.279712 907.022734 
358.662807 761.678936 475.700659 774.171740 519.754233 914.880170 384.305932 905.017429 
356.273817 761.935905 473.081539 772.554788 516.181714 909.975638 383.757987 901.230675 
354.190637 763.161519 469.913457 774.339291 512.651999 911.760140 381.148794 901.897400 
350.066587 765.666852 465.650983 776.048684 509.254678 909.628255 378.443595 903.399156 
348.559161 770.048914 462.868322 781.292438 505.343857 912.466885 374.794051 907.469763 
345.268386 775.312476 457.078986 784.057439 502.053082 913.982606 370.878635 909.610124 
340.124210 781.109289 453.874482 787.684449 497.928056 915.242558 368.397399 911.954978 
337.817214 783.610944 449.003174 787.983426 494.601911 916.659312 366.550665 915.410031 
336.130092 786.086073 446.592784 790.031169 493.276422 915.616730 365.060797 915.616730 
334.067386 787.540749 446.033958 792.909010 492.047618 914.078313 366.276948 916.378996 
334.094347 788.729184 442.757522 790.113428 491.206071 912.619046 365.239843 914.695412 
332.074215 788.934720 441.879392 790.249752 489.878061 908.602637 365.607533 911.232701 
332.039811 789.659634 440.727210 789.659634 488.824507 907.091996 365.145743 909.590557 
331.914386 787.379627 440.404530 789.352175 487.745684 903.759963 366.105219 909.020091 
331.432402 788.592539 438.019210 788.592539 487.159882 902.100569 364.654264 906.253302 
328.209571 788.191919 435.384683 788.191919 484.040869 901.284675 363.057920 903.914740 
327.711735 789.867877 433.726113 790.487844 482.083549 900.841992 360.569993 905.801729 
325.997585 793.432424 431.200149 793.432424 477.572332 902.095599 358.527325 906.248332 
323.833706 798.836376 428.773263 800.085657 474.996640 906.274495 355.065717 911.896257 
322.236112 807.293341 426.781160 807.293341 469.519701 914.468453 353.139365 920.386098 
320.562207 816.614605 424.289963 816.614605 468.825249 924.288525 351.567786 929.925903 
319.108448 828.370281 422.174085 828.370281 467.772821 937.682320 349.091179 942.054802 
319.346072 840.540451 423.660989 843.039012 467.385805 949.852490 348.704162 954.224972 
319.991257 854.936731 422.176151 855.559810 468.283969 962.729333 350.522109 967.090883 
321.534278 864.878364 424.764294 866.193397 470.132900 975.998573 352.437531 981.258701 
321.810666 875.510508 425.341400 875.510508 474.422637 986.710186 350.952650 988.243975 
324.747956 888.123908 428.635488 890.753972 473.346578 993.326472 354.336177 994.641504 
327.834194 895.104213 429.501933 896.478102 474.153305 998.832785 356.685850 999.519729 
329.991423 895.656687 433.837860 900.403953 476.563251 1002.470165 357.881609 1002.470165 
329.183185 895.525977 436.548391 899.360449 477.193791 1000.590500 356.791381 998.289817 
335.101521 894.169306 438.919840 898.322039 480.447168 997.987626 362.786406 995.219137 
339.530703 892.739081 440.097779 897.111563 482.573314 997.678639 365.140952 994.555438 
341.190464 893.076019 442.156539 897.002478 481.421123 995.163939 368.675673 992.359326 
343.365823 891.383887 443.058402 895.537744 485.190385 993.450099 368.288968 989.296242 
343.610140 890.429876 443.222610 896.320936 482.317827 990.042345 369.316584 987.364591 
342.995293 891.072888 441.536661 895.892846 481.167428 990.149806 369.237287 986.936501 
341.387224 892.224424 440.486396 896.378281 480.244746 988.949962 366.903778 985.389513 
340.776474 894.081007 438.220349 897.828849 478.197324 989.650962 365.762083 986.527761 
338.822442 900.348889 437.015701 902.892756 477.208797 992.945642 363.752337 989.893002 
335.923422 903.648673 433.929239 907.397529 473.560007 994.156777 361.629866 992.014573 
334.332490 907.522501 432.838254 910.489543 470.816379 995.940325 360.442452 995.346917 
332.218767 907.524410 428.390953 907.524410 470.330703 999.358001 356.804138 1002.973496 
329.102598 912.741736 425.501762 913.305474 464.963408 997.302406 356.162012 999.557358 
325.863777 914.900251 421.433732 914.900251 459.536785 996.103481 352.723307 999.226682 
322.225744 913.543606 416.577650 913.543606 456.336000 993.653715 349.522522 997.807572 
318.440773 908.033800 411.808048 908.033800 451.916526 988.908271 346.056446 993.510883 
311.888269 902.437726 405.913061 900.465178 445.364022 981.339649 341.476490 987.257293 
309.120498 894.276927 402.285588 894.276927 441.450530 972.606811 337.604093 975.573852 
304.874773 885.868372 398.545037 885.868372 436.196810 960.712750 331.965682 963.926926 
305.011500 877.675518 396.337024 876.548042 434.107457 949.833956 330.379701 953.780121 
304.679034 868.801497 395.722689 868.801497 433.211253 941.100871 330.921029 942.707523 
305.867647 861.898981 396.251236 861.898981 432.501338 933.915851 331.967721 935.849190 
307.870680 856.611440 398.378784 856.611440 433.189593 924.090855 332.506022 927.304161 
310.111730 848.573098 400.164615 850.099418 435.778751 918.275049 336.059171 920.818916 
313.891395 842.331714 403.863948 842.331714 438.674757 909.811129 339.062288 914.631087 
317.784525 836.443409 406.855098 835.879671 442.370579 902.964470 343.716464 906.346896 
323.236113 828.361298 414.815319 829.967951 448.555027 892.627407 349.478108 898.518467 
329.216795 824.153863 417.743361 822.627543 453.866270 886.732987 353.129143 889.276854 
334.685749 816.817017 423.135999 815.850348 457.936097 878.683858 359.335819 883.033871 
337.456443 811.960617 425.474235 810.434296 460.070824 869.960780 362.895111 874.030967 
340.911313 809.395617 431.648524 804.793004 467.154389 863.969447 362.609341 868.572059 
345.788661 802.065074 431.476806 799.810123 466.992288 858.438854 371.720599 863.512494 
346.687473 798.460220 433.178945 794.898807 470.828174 852.390197 372.126141 859.004251 
345.950415 795.716347 431.638561 790.896389 469.127125 847.664785 372.192409 854.091396 
342.056027 790.775306 427.122934 786.425294 466.273045 843.942123 368.156101 849.258805 
335.910594 789.001235 422.134291 785.787929 456.945100 838.271919 361.617038 845.234081 
328.885353 786.826033 415.700975 783.443606 450.652719 835.307484 354.817292 842.072337 
320.426306 786.597100 410.999138 781.599978 446.603631 834.069757 342.913354 840.316159 
317.024868 786.821016 403.662467 782.667158 435.113103 833.700265 341.354605 839.040939 
312.876816 786.824743 395.239350 783.364132 427.769090 834.581170 336.408969 840.118147 
309.131383 787.230339 391.781616 784.330330 422.715037 835.080474 332.814783 840.397155 
305.782590 788.156722 387.055320 786.320050 422.411253 837.746862 328.740988 841.420206 
303.332451 789.867691 385.064348 788.031020 415.828602 837.161992 326.290849 840.376167 
300.976226 789.684568 383.419834 788.812149 413.082084 836.358992 324.531543 840.721087 
300.022449 789.104526 381.659069 788.275728 412.739001 837.589220 321.985601 840.904412 
299.024002 788.555709 380.755899 788.096541 412.438489 836.768345 321.523232 839.523353 
298.729960 787.453480 380.002689 786.535144 409.389439 834.747780 321.229190 836.584452 
298.551244 784.903488 378.377594 784.467278 408.039844 832.450331 319.489303 834.195169 
297.760677 782.620460 376.714608 782.620460 405.940649 829.731093 317.826317 831.039722 
297.329077 781.527521 375.650504 781.527521 403.415243 828.769017 317.220233 829.597815 
295.802814 778.368755 372.575698 778.368755 400.929319 825.915598 314.996035 826.351807 
293.439909 776.272641 371.957631 777.650145 398.589372 822.648605 313.643299 824.485277 
293.241152 773.965193 372.991377 776.381867 397.641446 820.848659 312.091205 820.365324 
294.226285 770.619492 371.718914 771.448290 397.411657 815.374593 311.631046 814.960194 
294.987494 765.275592 371.303499 765.275592 398.268487 811.065195 312.794562 811.065195 
295.860500 760.569276 372.176505 763.113143 396.597627 805.850106 313.667568 807.376426 
297.576990 758.312372 372.583225 760.384367 397.447170 803.481872 313.738554 801.824276 
297.701753 753.220747 374.474636 756.710424 398.466162 800.331380 314.713926 799.022752 
299.599661 749.367911 375.362375 752.582087 399.698277 794.825539 316.129708 793.907203 
300.013852 741.825835 375.041897 744.879301 399.469632 787.191629 317.462234 785.883001 
302.084794 733.098117 375.433432 737.242108 399.468579 779.510815 319.075156 778.682016 
302.938642 725.333904 376.701679 727.405900 400.322427 770.503405 319.100206 768.017010 
303.047806 714.499312 377.433017 718.631823 399.932247 759.956940 319.577853 758.120268 
304.878446 704.163465 378.181501 708.651407 402.117192 750.912862 320.212249 746.798915 
306.070695 691.852566 377.503774 695.218523 402.327703 738.975959 321.030502 735.236007 
305.677422 678.958309 379.440459 683.931098 401.818010 725.371007 320.595789 720.812617 
305.651057 662.461581 379.117931 667.054439 401.157994 711.592553 321.721936 708.378377 
307.746172 648.716603 379.763042 653.549950 402.963108 698.500076 324.662887 694.150064 
308.200301 631.704930 380.289671 634.459938 402.329733 679.917566 324.730348 678.999230 
309.327416 617.127610 383.253458 618.964282 406.211856 664.881078 326.775798 664.421910 
311.941143 603.838845 382.991344 607.705523 406.674744 650.722311 328.374523 647.338968 
311.962400 590.688059 384.208218 591.196832 407.611793 633.425022 329.769468 631.898702 
312.081497 579.411264 382.550062 582.954376 403.808735 617.991819 326.647625 616.023423 
310.885244 569.483692 382.928525 572.633125 402.612482 607.276888 325.845051 605.308493 
309.888809 562.690796 379.825907 565.308763 402.639613 599.342324 325.222611 598.220338 
305.796883 556.645745 377.566557 560.553995 398.528987 593.596468 322.140472 592.175287 
300.141377 554.326795 371.555756 556.103272 393.228776 589.856336 316.484966 589.145746 
290.822519 553.122387 362.629593 554.618367 384.321313 587.529943 306.530316 587.155948 
277.223980 552.627313 353.560654 553.499732 375.371132 585.343031 293.363734 584.034402 
261.404513 551.453348 342.299479 553.488442 362.141640 584.523617 274.632621 583.506070 
254.803019 549.731809 327.283284 553.640059 348.601009 587.037828 271.501904 583.840169 
250.138350 550.767685 322.526016 553.797866 344.410659 587.466548 265.962630 585.783114 
249.744041 551.827349 322.181001 556.551498 343.045995 589.620546 264.310169 586.864792 
249.722663 554.712355 322.553302 559.042825 343.811975 592.111872 265.076149 589.356118 
248.339056 558.209104 322.207303 560.807484 343.365544 594.215234 264.671734 592.359248 
246.387462 559.753287 318.942526 562.371253 341.756232 595.282829 262.843250 594.534838 
243.515892 563.044408 315.640862 565.531475 339.445655 597.152768 259.148890 597.152768 
239.263446 567.773841 314.810471 568.521831 337.998172 601.059411 257.215214 602.181397 
234.604403 574.323766 309.777433 573.201781 335.583100 607.235342 252.182176 609.105318 
227.100482 580.432644 306.229988 579.645285 328.669699 616.257445 247.178118 620.194236 
222.137809 591.133330 302.400369 589.824702 326.391895 631.264610 243.512078 632.573239 
220.739174 605.813554 298.820686 606.249764 321.939793 641.146529 239.059975 645.072415 
221.153428 618.416638 297.133500 618.416638 321.935286 656.997193 236.900593 660.933985 
223.115733 632.093111 298.478576 632.686519 321.621496 670.664644 239.137754 671.258053 
228.487490 643.513353 304.854372 646.896696 327.087768 683.146799 244.920870 681.696795 
233.873328 652.405606 314.742335 655.319804 336.598823 693.204384 249.172870 692.475835 
244.821247 661.183476 324.257305 665.775155 346.297367 703.886096 260.432958 702.508592 
256.398174 671.703801 339.507575 675.836313 360.170134 714.406422 270.632381 709.814742 
267.936618 679.374996 347.814037 683.953957 369.691292 723.129506 285.743686 721.603186 
278.891378 686.247254 358.327436 689.920598 381.745002 733.082386 295.421425 731.245715 
284.199014 692.111393 361.994831 696.621295 391.872935 743.975270 305.057313 743.411533 
291.660818 702.695812 370.927709 707.045824 395.577778 748.612608 308.094198 745.712600 
295.233145 709.226991 374.500036 711.643665 402.050113 759.010465 313.599864 756.110457 
298.537388 716.331081 381.187621 721.381929 408.278531 765.002885 318.740778 762.707046 
300.767346 720.101494 383.417579 725.418176 410.484322 769.401633 320.584068 766.984960 
301.225789 724.160528 385.842834 727.909384 413.691481 773.431212 322.112275 770.753457 
300.055237 726.352346 385.020389 729.913759 415.546791 777.738456 321.423718 776.212136 
299.905632 730.907762 384.392537 733.203602 415.156790 781.416238 320.568190 780.957070 
297.492429 734.235350 381.948808 736.270443 414.510303 783.586367 318.860911 784.095140 
294.563391 736.571042 380.596968 737.537712 412.980392 786.837851 316.313453 787.321185 
291.160151 737.550308 378.454950 737.550308 413.801310 789.498747 314.724391 790.569848 
288.308339 740.331904 379.351994 738.725251 411.485049 790.673690 312.408130 793.886995 
286.907306 742.775064 377.468966 741.757517 414.609421 795.178721 311.328428 797.722587 
287.785461 745.885694 379.619054 745.885694 415.869156 798.085841 313.402200 802.435853 
290.745418 750.222748 382.567531 747.099547 421.919865 801.443247 317.604947 809.563569 
296.338595 755.661320 387.723460 750.320646 429.855443 804.914202 326.009006 816.188958 
302.936608 760.283443 395.953346 753.518589 439.361157 808.764894 335.633401 820.603388 
309.156167 765.936012 403.300380 758.043683 449.526880 815.544939 342.416698 829.074646 
313.272519 774.098263 409.998058 765.790548 458.064123 823.944553 349.470420 838.779758 
315.323157 783.508455 411.320497 772.988199 460.634199 834.137189 353.459087 851.890122 
315.233312 794.803340 412.545684 782.968051 463.174417 846.747106 352.054209 865.157554 
311.340674 807.972552 415.158993 794.822232 463.607543 864.034445 350.099513 884.798109 
308.517314 824.693774 411.242810 813.036980 460.784183 882.977743 345.673345 901.191483 
298.020801 837.001516 409.422293 823.278144 461.894010 909.654663 338.383660 926.607064 
299.215653 857.592607 407.245558 845.699406 460.764961 933.907311 339.850755 950.756012 
298.823624 873.775521 407.844630 867.828921 459.381833 946.125825 340.449827 961.983426 
302.883298 887.473309 412.902838 880.317566 464.781970 960.819668 341.345414 977.814556 
305.536133 896.122143 416.130368 890.471343 472.638371 972.811576 347.513507 991.378492 
308.967696 899.533537 422.894647 891.059632 478.445805 980.506411 351.337223 993.688042 
309.790971 887.633034 421.834832 881.983764 479.269080 981.787539 353.102044 1000.618440 
309.679276 885.709471 423.502540 884.094957 483.239572 980.965819 349.234879 990.652905 
311.465874 884.239896 430.132681 881.010868 485.833427 981.918016 350.214219 990.797845 
311.582397 880.445163 430.546615 882.144652 488.329234 986.663214 351.520385 995.160658 
312.346369 881.851890 433.859820 885.250868 490.792695 996.567385 347.185890 999.966363 
310.847537 882.138722 432.360987 888.086933 487.594374 1000.253195 343.987569 1001.952684 

