1.0000 0.0000 0.0000 -0.0000 1.0000 0.0000 -0.0000 0.0000 1.0000
0.9321 0.0150 8.6241 -0.0382 0.9729 13.4559 -0.0001 0.0000 1.0000
1.0062 0.0492 -17.0464 -0.0291 1.0259 7.7488 -0.0000 0.0000 1.0000
0.9794 0.0946 -22.4230 -0.0748 1.0518 18.8492 -0.0001 0.0001 1.0000
0.9887 0.0577 -17.0421 -0.0509 0.9753 33.3424 -0.0000 -0.0000 1.0000
0.9709 0.1197 -28.7639 -0.1022 1.0192 44.7333 -0.0001 0.0001 1.0000
0.9704 0.1435 -36.8953 -0.1281 1.0113 60.6334 -0.0001 0.0000 1.0000
1.0085 0.2131 -63.6504 -0.1569 1.0737 65.6858 -0.0000 0.0001 1.0000
0.9274 0.2170 -47.4586 -0.2155 0.9976 105.0944 -0.0001 0.0001 1.0000
0.9245 0.2648 -59.0557 -0.2504 1.0032 124.9521 -0.0001 0.0001 1.0000
0.8982 0.2396 -47.6882 -0.2634 0.9095 156.8391 -0.0001 -0.0000 1.0000
0.8693 0.2716 -46.8307 -0.3111 0.8878 186.5959 -0.0001 -0.0000 1.0000
0.8897 0.3371 -66.5711 -0.3450 0.9100 206.4273 -0.0001 -0.0000 1.0000
0.8302 0.3733 -59.0159 -0.4027 0.8708 243.0516 -0.0001 -0.0000 1.0000
0.8557 0.4928 -89.4523 -0.4693 0.9457 265.2002 -0.0001 0.0001 1.0000
0.8334 0.5429 -95.3282 -0.5194 0.9113 304.7560 -0.0001 0.0001 1.0000
0.8178 0.5719 -96.0292 -0.5615 0.8524 348.7595 -0.0001 0.0001 1.0000
0.7738 0.6416 -97.3116 -0.6208 0.8327 387.4643 -0.0001 0.0001 1.0000
0.7066 0.6839 -81.0774 -0.6787 0.7879 428.6394 -0.0001 0.0001 1.0000
0.6249 0.6707 -48.9800 -0.7072 0.6827 470.0154 -0.0001 0.0000 1.0000
0.6037 0.6890 -38.7510 -0.7455 0.6273 508.0166 -0.0001 -0.0000 1.0000
0.6041 0.7585 -37.7159 -0.7681 0.6110 539.1685 -0.0000 0.0000 1.0000
0.5284 0.8464 -23.2427 -0.8351 0.6292 559.2573 -0.0001 0.0001 1.0000
0.5043 0.8523 -1.7799 -0.8477 0.5970 572.0804 -0.0001 0.0001 1.0000
0.4251 0.7983 44.7046 -0.8464 0.5332 572.5772 -0.0002 0.0000 1.0000
0.4313 0.8243 53.5917 -0.8515 0.5321 575.2354 -0.0001 0.0000 1.0000
0.3726 0.8186 82.8460 -0.8624 0.5236 569.3683 -0.0002 0.0001 1.0000
0.4178 0.8705 75.3621 -0.8679 0.5566 568.5083 -0.0002 0.0001 1.0000
0.3749 0.8474 99.3740 -0.8697 0.5458 560.4203 -0.0002 0.0001 1.0000
0.3587 0.7370 128.8192 -0.8251 0.4924 538.2119 -0.0002 -0.0000 1.0000
0.3981 0.7660 121.1405 -0.8217 0.5333 525.7291 -0.0002 0.0000 1.0000
0.4367 0.7606 117.2618 -0.8099 0.5641 507.4603 -0.0002 0.0000 1.0000
0.4411 0.7646 118.0519 -0.8036 0.6049 484.1132 -0.0002 0.0001 1.0000
0.4222 0.6774 141.8686 -0.7659 0.5899 454.2844 -0.0002 -0.0000 1.0000
0.4375 0.6737 143.2551 -0.7517 0.6403 423.0701 -0.0003 0.0000 1.0000
0.4626 0.5952 155.7892 -0.7084 0.6472 387.3278 -0.0003 -0.0000 1.0000
0.5259 0.5952 146.3351 -0.6739 0.7165 344.3495 -0.0003 0.0000 1.0000
0.5857 0.6061 134.5497 -0.6386 0.7902 296.2403 -0.0003 0.0001 1.0000
0.6495 0.5531 138.1034 -0.5913 0.8375 246.3913 -0.0002 0.0001 1.0000
0.6817 0.5157 146.6398 -0.5405 0.8858 191.1169 -0.0003 0.0001 1.0000
0.7293 0.4977 150.6537 -0.4821 0.9551 128.6756 -0.0003 0.0001 1.0000
0.6882 0.4523 181.6001 -0.4354 0.9726 82.4921 -0.0003 0.0002 1.0000
0.7426 0.4564 187.3652 -0.3944 1.0682 21.2688 -0.0003 0.0003 1.0000
0.6765 0.2993 242.8873 -0.3072 0.9824 -12.9852 -0.0004 0.0002 1.0000
0.6518 0.2304 275.4088 -0.2390 0.9704 -51.9182 -0.0004 0.0001 1.0000
0.7225 0.1324 299.0058 -0.1482 0.9741 -95.9359 -0.0003 0.0001 1.0000
0.6589 0.0606 339.0782 -0.1043 0.9448 -111.7835 -0.0004 0.0001 1.0000
0.7272 0.0116 354.0044 -0.0267 0.9874 -152.0149 -0.0003 0.0001 1.0000
0.6366 -0.0346 394.0798 0.0166 0.9503 -155.2854 -0.0004 0.0001 1.0000
0.5780 -0.0589 424.2028 0.0410 0.9498 -154.9963 -0.0004 0.0002 1.0000
0.6672 -0.1519 441.9070 0.1291 0.9474 -169.6292 -0.0003 0.0001 1.0000
0.5587 -0.2147 479.1827 0.1448 0.8743 -142.4083 -0.0004 0.0001 1.0000
0.5539 -0.2988 504.5731 0.1798 0.8304 -123.6634 -0.0004 0.0000 1.0000
0.5414 -0.3215 518.9324 0.2180 0.8294 -116.4358 -0.0004 0.0001 1.0000
0.4108 -0.3544 540.8126 0.1672 0.7612 -69.4920 -0.0005 0.0000 1.0000
0.5169 -0.3546 524.4775 0.2382 0.8090 -80.6768 -0.0004 0.0001 1.0000
0.5105 -0.4001 521.0549 0.2259 0.7525 -48.9324 -0.0004 -0.0000 1.0000
0.5448 -0.3901 506.2192 0.2310 0.7699 -41.9612 -0.0003 -0.0000 1.0000
0.5534 -0.3639 488.1496 0.2020 0.7907 -30.7932 -0.0004 0.0000 1.0000
0.5909 -0.3373 464.5206 0.1907 0.8059 -25.8369 -0.0003 0.0000 1.0000
0.5989 -0.2961 442.7616 0.1364 0.8217 -10.2306 -0.0003 0.0000 1.0000
0.5491 -0.2886 437.2129 0.0616 0.7570 26.8750 -0.0004 -0.0001 1.0000
0.5944 -0.2241 414.2754 0.0309 0.8018 29.1876 -0.0004 -0.0000 1.0000
0.5530 -0.2274 418.2034 -0.0393 0.7323 65.3475 -0.0004 -0.0001 1.0000
0.5432 -0.1606 410.0675 -0.0886 0.7528 75.7101 -0.0004 -0.0001 1.0000
0.5747 -0.0436 386.6035 -0.1415 0.8410 72.6619 -0.0004 0.0000 1.0000
0.5399 -0.0311 397.2261 -0.1868 0.8113 90.6398 -0.0004 -0.0000 1.0000
0.5775 -0.0092 392.9131 -0.2026 0.8053 96.9735 -0.0004 -0.0001 1.0000
0.5195 0.0008 405.0103 -0.2511 0.7656 117.1029 -0.0004 -0.0001 1.0000
0.5420 0.1314 384.4736 -0.2907 0.8546 109.7555 -0.0004 0.0000 1.0000
0.5033 0.1608 386.5556 -0.3304 0.8440 120.3947 -0.0004 0.0000 1.0000
0.4833 0.2030 385.1718 -0.3550 0.8527 123.6730 -0.0005 0.0001 1.0000
0.5061 0.1937 381.0440 -0.3593 0.8280 130.5418 -0.0004 0.0000 1.0000
0.4340 0.1813 392.5068 -0.3911 0.7906 143.9463 -0.0005 -0.0000 1.0000
0.5000 0.2373 365.2961 -0.3991 0.8294 139.6947 -0.0004 0.0000 1.0000
0.5048 0.2659 353.2362 -0.4094 0.8381 140.0084 -0.0004 0.0000 1.0000
0.4619 0.2853 349.0173 -0.4342 0.8250 148.9485 -0.0005 0.0001 1.0000
0.4658 0.2538 345.8395 -0.4305 0.7957 152.1600 -0.0004 0.0000 1.0000
0.4717 0.2871 332.1754 -0.4517 0.8139 155.2430 -0.0004 0.0000 1.0000
0.4904 0.2758 321.6766 -0.4466 0.8075 153.3464 -0.0004 0.0000 1.0000
0.5117 0.2996 305.4586 -0.4590 0.8200 156.4446 -0.0004 0.0000 1.0000
0.4084 0.3235 310.6567 -0.4952 0.8019 168.6268 -0.0005 0.0001 1.0000
0.4455 0.3089 297.2525 -0.4885 0.7991 167.0885 -0.0005 0.0001 1.0000
0.4874 0.3366 277.5442 -0.4919 0.8253 164.4765 -0.0004 0.0001 1.0000
0.4621 0.3857 260.5575 -0.5279 0.8409 172.8388 -0.0005 0.0001 1.0000
0.4591 0.3279 262.0444 -0.5116 0.7952 174.9656 -0.0005 0.0000 1.0000
0.4364 0.3345 252.3715 -0.5185 0.7784 179.4674 -0.0005 0.0000 1.0000
0.4919 0.3650 224.7671 -0.5263 0.8071 177.9560 -0.0004 0.0001 1.0000
0.5178 0.4081 196.1869 -0.5385 0.8307 177.3890 -0.0004 0.0001 1.0000
0.4484 0.3958 199.1625 -0.5543 0.7982 185.6519 -0.0005 0.0001 1.0000
0.4687 0.4055 178.8920 -0.5660 0.8042 190.0407 -0.0005 0.0001 1.0000
0.5747 0.4195 135.0741 -0.5504 0.8283 183.0399 -0.0004 0.0001 1.0000
0.5402 0.3847 131.8190 -0.5694 0.7966 194.3283 -0.0004 0.0000 1.0000
0.5697 0.4906 77.3631 -0.6068 0.8681 194.0356 -0.0004 0.0002 1.0000
0.6261 0.5015 45.6676 -0.6028 0.8915 190.8319 -0.0004 0.0002 1.0000
0.5896 0.4428 42.5114 -0.6096 0.8168 213.3829 -0.0004 0.0001 1.0000
1.0000 0.0000 0.0000 0.0000 1.0000 0.0000 0.0000 0.0000 1.0000
1.0000 0.0000 0.0000 0.0000 1.0000 0.0000 0.0000 0.0000 1.0000
1.0000 0.0000 0.0000 0.0000 1.0000 0.0000 0.0000 0.0000 1.0000
1.0000 0.0000 0.0000 0.0000 1.0000 0.0000 0.0000 0.0000 1.0000
1.0000 0.0000 0.0000 0.0000 1.0000 0.0000 0.0000 0.0000 1.0000
1.0000 0.0000 0.0000 0.0000 1.0000 0.0000 0.0000 0.0000 1.0000
1.0000 0.0000 0.0000 0.0000 1.0000 0.0000 0.0000 0.0000 1.0000
1.0000 0.0000 0.0000 0.0000 1.0000 0.0000 0.0000 0.0000 1.0000
1.0000 0.0000 0.0000 0.0000 1.0000 0.0000 0.0000 0.0000 1.0000
1.0000 0.0000 0.0000 0.0000 1.0000 0.0000 0.0000 0.0000 1.0000
1.0000 0.0000 0.0000 0.0000 1.0000 0.0000 0.0000 0.0000 1.0000
1.0000 0.0000 0.0000 0.0000 1.0000 0.0000 0.0000 0.0000 1.0000
1.0000 0.0000 0.0000 0.0000 1.0000 0.0000 0.0000 0.0000 1.0000
1.0000 0.0000 0.0000 0.0000 1.0000 0.0000 0.0000 0.0000 1.0000
1.0000 0.0000 0.0000 0.0000 1.0000 0.0000 0.0000 0.0000 1.0000
1.0000 0.0000 0.0000 0.0000 1.0000 0.0000 0.0000 0.0000 1.0000
1.0000 0.0000 0.0000 0.0000 1.0000 0.0000 0.0000 0.0000 1.0000
1.0000 0.0000 0.0000 0.0000 1.0000 0.0000 0.0000 0.0000 1.0000
1.0000 0.0000 0.0000 0.0000 1.0000 0.0000 0.0000 0.0000 1.0000
1.0000 0.0000 0.0000 0.0000 1.0000 0.0000 0.0000 0.0000 1.0000
1.0000 0.0000 0.0000 0.0000 1.0000 0.0000 0.0000 0.0000 1.0000
1.0000 0.0000 0.0000 0.0000 1.0000 0.0000 0.0000 0.0000 1.0000
1.0000 0.0000 0.0000 0.0000 1.0000 0.0000 0.0000 0.0000 1.0000
1.0000 0.0000 0.0000 0.0000 1.0000 0.0000 0.0000 0.0000 1.0000
1.0000 0.0000 0.0000 0.0000 1.0000 0.0000 0.0000 0.0000 1.0000
1.0000 0.0000 0.0000 0.0000 1.0000 0.0000 0.0000 0.0000 1.0000
1.0000 0.0000 0.0000 0.0000 1.0000 0.0000 0.0000 0.0000 1.0000
1.0000 0.0000 0.0000 0.0000 1.0000 0.0000 0.0000 0.0000 1.0000
1.0000 0.0000 0.0000 0.0000 1.0000 0.0000 0.0000 0.0000 1.0000
1.0000 0.0000 0.0000 0.0000 1.0000 0.0000 0.0000 0.0000 1.0000
1.0000 0.0000 0.0000 0.0000 1.0000 0.0000 0.0000 0.0000 1.0000
1.0000 0.0000 0.0000 0.0000 1.0000 0.0000 0.0000 0.0000 1.0000
1.0000 0.0000 0.0000 0.0000 1.0000 0.0000 0.0000 0.0000 1.0000
1.0000 0.0000 0.0000 0.0000 1.0000 0.0000 0.0000 0.0000 1.0000
1.0000 0.0000 0.0000 0.0000 1.0000 0.0000 0.0000 0.0000 1.0000
1.0000 0.0000 0.0000 0.0000 1.0000 0.0000 0.0000 0.0000 1.0000
1.0000 0.0000 0.0000 0.0000 1.0000 0.0000 0.0000 0.0000 1.0000
1.0000 0.0000 0.0000 0.0000 1.0000 0.0000 0.0000 0.0000 1.0000
1.0000 0.0000 0.0000 0.0000 1.0000 0.0000 0.0000 0.0000 1.0000
1.0000 0.0000 0.0000 0.0000 1.0000 0.0000 0.0000 0.0000 1.0000
1.0000 0.0000 0.0000 0.0000 1.0000 0.0000 0.0000 0.0000 1.0000
1.0000 0.0000 0.0000 0.0000 1.0000 0.0000 0.0000 0.0000 1.0000
1.0000 0.0000 0.0000 0.0000 1.0000 0.0000 0.0000 0.0000 1.0000
1.0000 0.0000 0.0000 0.0000 1.0000 0.0000 0.0000 0.0000 1.0000
1.0000 0.0000 0.0000 0.0000 1.0000 0.0000 0.0000 0.0000 1.0000
1.0000 0.0000 0.0000 0.0000 1.0000 0.0000 0.0000 0.0000 1.0000
-0.3856 -0.9033 1040.0375 0.9109 -0.1812 -18.8479 -0.0004 0.0002 1.0000
-0.3934 -0.9157 992.4461 0.8324 -0.2511 -0.5275 -0.0004 -0.0000 1.0000
-0.4031 -0.9115 1002.3650 0.8458 -0.2632 -10.2560 -0.0004 -0.0000 1.0000
-0.4274 -0.8954 1029.9604 0.9023 -0.2523 -41.8714 -0.0004 0.0001 1.0000
-0.4242 -0.9059 1047.6102 0.9366 -0.2711 -59.3452 -0.0004 0.0001 1.0000
-0.4102 -0.9252 1058.5968 0.9280 -0.2755 -68.9974 -0.0003 0.0000 1.0000
-0.4337 -0.9049 1063.9272 0.9109 -0.2644 -81.9517 -0.0004 0.0000 1.0000
-0.3908 -0.9564 1081.9974 0.9406 -0.2796 -98.4860 -0.0003 -0.0000 1.0000
-0.3737 -0.9699 1093.8921 0.9441 -0.2691 -111.8162 -0.0003 -0.0001 1.0000
-0.3976 -0.9477 1118.3902 0.9622 -0.2356 -134.0502 -0.0003 0.0000 1.0000
-0.3799 -0.9523 1135.1030 0.9755 -0.2100 -147.6774 -0.0003 0.0001 1.0000
-0.3613 -0.9572 1135.0028 0.9687 -0.1713 -160.3697 -0.0003 0.0000 1.0000
-0.2829 -0.9887 1143.9748 1.0249 -0.1192 -194.3496 -0.0003 0.0001 1.0000
-0.2004 -1.0116 1133.0004 1.0555 -0.0557 -222.8171 -0.0003 0.0001 1.0000
-0.1549 -0.9911 1080.1637 0.9864 0.0203 -225.1079 -0.0003 0.0000 1.0000
-0.0543 -1.0069 1028.8740 0.9466 0.0901 -229.8487 -0.0003 -0.0000 1.0000
0.0347 -0.9797 972.6593 0.9163 0.1971 -249.3278 -0.0003 -0.0000 1.0000
0.1744 -0.9592 915.9129 0.9183 0.3227 -281.4250 -0.0003 0.0000 1.0000
0.3234 -0.9410 849.4084 0.8964 0.4481 -305.6821 -0.0003 0.0000 1.0000
0.3374 -0.8515 764.1904 0.7503 0.5221 -277.8914 -0.0003 -0.0000 1.0000
0.5035 -0.7983 682.7428 0.7170 0.6613 -299.6495 -0.0003 0.0000 1.0000
0.7037 -0.7147 589.0674 0.6977 0.8467 -336.6803 -0.0003 0.0001 1.0000
0.7673 -0.6260 497.6128 0.5658 0.9111 -307.1357 -0.0003 0.0001 1.0000
0.8939 -0.5424 405.6747 0.4878 1.0081 -301.7236 -0.0002 0.0001 1.0000
0.9256 -0.4040 312.4266 0.3194 1.0655 -250.9197 -0.0003 0.0001 1.0000
0.9361 -0.3118 243.9992 0.1796 1.0622 -196.2937 -0.0003 0.0000 1.0000
0.9704 -0.1486 162.6484 0.0340 1.1317 -151.9694 -0.0003 0.0001 1.0000
0.9712 -0.0670 109.0545 -0.0884 1.0869 -89.6390 -0.0003 -0.0000 1.0000
0.9861 0.0872 49.3697 -0.2261 1.1334 -39.4987 -0.0003 0.0000 1.0000
0.9709 0.1843 11.1940 -0.3336 1.0970 17.4848 -0.0003 -0.0000 1.0000
0.9289 0.3169 -19.3920 -0.4598 1.0908 76.6144 -0.0003 0.0000 1.0000
0.9341 0.4305 -50.7926 -0.5655 1.0782 133.9216 -0.0003 0.0000 1.0000
0.8723 0.5560 -63.5278 -0.6864 1.0621 195.7761 -0.0003 0.0001 1.0000
0.7974 0.5882 -43.4098 -0.7527 0.9708 254.2447 -0.0003 -0.0000 1.0000
0.7082 0.5933 -11.6108 -0.7944 0.8538 310.7020 -0.0003 -0.0001 1.0000
0.6760 0.7084 -17.6784 -0.8775 0.8463 359.1657 -0.0003 -0.0000 1.0000
0.5756 0.7280 12.2547 -0.9254 0.7686 403.0368 -0.0003 -0.0001 1.0000
0.5614 0.8215 4.2090 -1.0025 0.7651 447.0880 -0.0003 -0.0000 1.0000
0.4717 0.8311 33.4155 -1.0275 0.6926 480.4558 -0.0003 -0.0001 1.0000
0.4128 0.8349 55.7681 -1.0520 0.6343 511.8534 -0.0003 -0.0001 1.0000
0.4425 0.9801 28.1328 -1.1387 0.6895 549.7579 -0.0003 0.0000 1.0000
0.3631 0.9145 64.5102 -1.1179 0.5993 563.4940 -0.0003 -0.0001 1.0000
0.3333 0.9328 72.3008 -1.1457 0.5742 587.2258 -0.0003 -0.0001 1.0000
0.3238 0.9890 64.9679 -1.1812 0.5740 608.3943 -0.0003 -0.0000 1.0000
0.3220 1.0151 60.9338 -1.2044 0.5600 626.5413 -0.0003 -0.0000 1.0000
0.3095 1.0106 67.9517 -1.1970 0.5329 633.5596 -0.0003 -0.0001 1.0000
0.3047 0.9598 81.2337 -1.1892 0.4857 643.6838 -0.0003 -0.0001 1.0000
0.2394 0.9450 100.5867 -1.1941 0.4678 643.1263 -0.0003 -0.0001 1.0000
0.2819 1.0084 77.0523 -1.2126 0.4862 651.1164 -0.0003 -0.0001 1.0000
0.2569 1.0160 78.3591 -1.2310 0.4828 651.9944 -0.0003 -0.0001 1.0000
0.2315 1.0308 79.6822 -1.2470 0.4894 648.7618 -0.0003 -0.0001 1.0000
0.2520 0.9942 78.6671 -1.2344 0.4752 637.2371 -0.0003 -0.0001 1.0000
0.2292 1.0098 76.8528 -1.2497 0.4827 630.1349 -0.0003 -0.0001 1.0000
0.2269 1.1084 51.2754 -1.3081 0.5399 629.6485 -0.0004 -0.0000 1.0000
0.2151 1.0917 53.3582 -1.2914 0.5332 613.7099 -0.0004 -0.0000 1.0000
0.2591 1.1203 28.6764 -1.3049 0.5540 607.7894 -0.0004 -0.0000 1.0000
0.2107 1.1353 32.2487 -1.3251 0.5744 599.6308 -0.0004 0.0000 1.0000
0.2598 1.0636 28.6844 -1.2894 0.5588 584.3333 -0.0004 -0.0001 1.0000
0.2193 1.0743 31.1280 -1.2944 0.5741 578.5006 -0.0004 -0.0000 1.0000
0.2348 1.0779 17.5329 -1.3165 0.5870 586.0289 -0.0004 -0.0000 1.0000
0.2780 1.0435 5.8984 -1.2927 0.5795 582.4908 -0.0004 -0.0001 1.0000
0.2938 1.0303 -4.3041 -1.2862 0.5884 580.0776 -0.0004 -0.0001 1.0000
0.2403 1.0180 5.2677 -1.3090 0.5902 592.8340 -0.0005 -0.0001 1.0000
0.3162 1.0763 -38.7756 -1.3210 0.6333 596.8148 -0.0004 -0.0001 1.0000
0.3975 1.1066 -78.7394 -1.3524 0.6602 615.9279 -0.0003 -0.0001 1.0000
0.3773 1.1755 -101.9836 -1.4069 0.7037 632.8085 -0.0004 0.0000 1.0000
0.4025 1.1235 -104.9028 -1.3787 0.6946 625.1248 -0.0004 -0.0000 1.0000
0.4145 1.2018 -135.7944 -1.4257 0.7549 634.0669 -0.0004 0.0000 1.0000
0.4470 1.1870 -148.6710 -1.4208 0.7701 631.0590 -0.0004 0.0000 1.0000
0.4478 1.1869 -158.8316 -1.4247 0.7820 629.9566 -0.0004 0.0000 1.0000
0.4943 1.1955 -180.1390 -1.4377 0.8046 633.0689 -0.0004 0.0000 1.0000
0.4840 1.1797 -180.5015 -1.4345 0.8106 627.2819 -0.0004 -0.0000 1.0000
0.5233 1.1865 -200.3283 -1.4369 0.8314 623.7483 -0.0004 -0.0000 1.0000
0.4778 1.1533 -183.3794 -1.4287 0.8309 610.9772 -0.0004 -0.0000 1.0000
0.5635 1.2340 -229.5829 -1.4664 0.8940 618.0761 -0.0004 0.0000 1.0000
0.5139 1.1721 -203.8573 -1.4399 0.8623 606.8003 -0.0004 -0.0000 1.0000
0.4756 1.2299 -207.3282 -1.4893 0.9121 611.3950 -0.0005 0.0001 1.0000
0.5808 1.2079 -236.6892 -1.4569 0.9085 601.0942 -0.0004 0.0000 1.0000
0.5377 1.1447 -205.4289 -1.4285 0.8826 587.8935 -0.0004 -0.0000 1.0000
0.5425 1.1995 -219.6656 -1.4661 0.9187 595.3104 -0.0004 -0.0000 1.0000
0.5193 1.1316 -200.1797 -1.4202 0.8918 570.6388 -0.0004 -0.0000 1.0000
0.4896 1.0567 -174.4368 -1.3781 0.8439 556.3670 -0.0005 -0.0001 1.0000
0.4356 1.1375 -174.8301 -1.4356 0.9138 553.8238 -0.0006 0.0000 1.0000
0.4467 1.1667 -181.5746 -1.4504 0.9515 544.5145 -0.0006 0.0001 1.0000
0.4698 1.1866 -194.1576 -1.4537 0.9720 534.3546 -0.0006 0.0001 1.0000
0.3975 1.0720 -145.4570 -1.3813 0.8941 509.3597 -0.0006 0.0000 1.0000
0.4957 1.1403 -187.7294 -1.4082 0.9724 495.2907 -0.0005 0.0000 1.0000
0.4726 1.1251 -171.7612 -1.4008 0.9824 477.5367 -0.0006 0.0000 1.0000
0.5115 1.1221 -183.6516 -1.3829 1.0039 453.2741 -0.0006 0.0000 1.0000
0.3782 1.0483 -119.6979 -1.3468 0.9621 433.4096 -0.0007 0.0000 1.0000
0.3468 1.0183 -100.5755 -1.3376 0.9574 420.1392 -0.0007 0.0000 1.0000
0.5354 1.1995 -203.0070 -1.3913 1.1080 398.5872 -0.0006 0.0001 1.0000
0.5181 1.0500 -160.3950 -1.2981 1.0347 367.4619 -0.0006 0.0000 1.0000
0.3648 1.0554 -112.8919 -1.3152 1.0401 361.1204 -0.0008 0.0001 1.0000
0.5734 1.1458 -200.3869 -1.3081 1.1436 325.8375 -0.0006 0.0001 1.0000
0.6234 1.0211 -182.1926 -1.2215 1.1014 294.5189 -0.0006 0.0000 1.0000
0.3747 1.0622 -111.8379 -1.2679 1.1033 308.0558 -0.0008 0.0002 1.0000
0.5380 1.0672 -163.7056 -1.2408 1.1598 278.3997 -0.0007 0.0001 1.0000
0.5330 1.0482 -154.3470 -1.2210 1.1692 266.3061 -0.0007 0.0001 1.0000
0.4631 0.9074 -96.0545 -1.1312 1.0837 251.3580 -0.0007 0.0000 1.0000
0.5950 0.9238 -136.9235 -1.1174 1.1684 222.2222 -0.0006 0.0000 1.0000
0.4538 0.7463 -54.0160 -1.0249 1.0119 230.6166 -0.0007 -0.0001 1.0000
0.6667 0.9374 -157.0616 -1.1009 1.2194 216.4405 -0.0006 0.0001 1.0000
0.5876 0.8371 -112.1699 -1.0378 1.1495 210.6647 -0.0006 -0.0000 1.0000
0.5212 0.7788 -75.7132 -1.0069 1.0991 218.9200 -0.0007 -0.0000 1.0000
0.5768 0.8179 -99.1147 -1.0205 1.1852 205.3975 -0.0006 0.0000 1.0000
0.5567 0.7292 -70.6207 -0.9763 1.1345 206.4540 -0.0007 -0.0000 1.0000
0.3494 0.7165 -6.9948 -1.0197 1.1177 222.9040 -0.0008 0.0001 1.0000
0.4221 0.5811 7.7649 -0.9162 1.0685 194.9649 -0.0007 -0.0001 1.0000
0.6004 0.6808 -69.1028 -0.9394 1.2633 152.9947 -0.0007 0.0001 1.0000
0.5741 0.6488 -53.2781 -0.9135 1.2668 141.0593 -0.0007 0.0001 1.0000
0.5579 0.5729 -33.1071 -0.8832 1.2465 130.8023 -0.0008 0.0000 1.0000
0.5473 0.5304 -15.8743 -0.8424 1.2712 102.2068 -0.0008 0.0001 1.0000
0.5956 0.4246 -2.4599 -0.7472 1.2321 71.0719 -0.0007 -0.0000 1.0000
0.6724 0.4164 -18.3981 -0.7050 1.3205 25.3733 -0.0007 0.0000 1.0000
0.7058 0.3086 3.3565 -0.6271 1.2646 10.7332 -0.0006 -0.0000 1.0000
0.8601 0.5117 -84.9984 -0.6816 1.6648 -92.3996 -0.0008 0.0003 1.0000
0.9563 0.4436 -89.0987 -0.6048 1.6990 -134.8247 -0.0007 0.0003 1.0000
0.7112 0.1808 43.0630 -0.5031 1.3117 -69.0018 -0.0007 0.0000 1.0000
0.7038 0.1896 45.8784 -0.5054 1.3979 -101.9263 -0.0008 0.0002 1.0000
1.0000 0.0000 0.0000 0.0000 1.0000 0.0000 0.0000 0.0000 1.0000
1.0000 0.0000 0.0000 0.0000 1.0000 0.0000 0.0000 0.0000 1.0000
1.0000 0.0000 0.0000 0.0000 1.0000 0.0000 0.0000 0.0000 1.0000
1.0000 0.0000 0.0000 0.0000 1.0000 0.0000 0.0000 0.0000 1.0000
1.0000 0.0000 0.0000 0.0000 1.0000 0.0000 0.0000 0.0000 1.0000
1.0000 0.0000 0.0000 0.0000 1.0000 0.0000 0.0000 0.0000 1.0000
1.0000 0.0000 0.0000 0.0000 1.0000 0.0000 0.0000 0.0000 1.0000
1.0000 0.0000 0.0000 0.0000 1.0000 0.0000 0.0000 0.0000 1.0000
1.0000 0.0000 0.0000 0.0000 1.0000 0.0000 0.0000 0.0000 1.0000
1.0000 0.0000 0.0000 0.0000 1.0000 0.0000 0.0000 0.0000 1.0000
1.0000 0.0000 0.0000 0.0000 1.0000 0.0000 0.0000 0.0000 1.0000
1.0000 0.0000 0.0000 0.0000 1.0000 0.0000 0.0000 0.0000 1.0000
1.0000 0.0000 0.0000 0.0000 1.0000 0.0000 0.0000 0.0000 1.0000
1.0000 0.0000 0.0000 0.0000 1.0000 0.0000 0.0000 0.0000 1.0000
1.0000 0.0000 0.0000 0.0000 1.0000 0.0000 0.0000 0.0000 1.0000
1.0000 0.0000 0.0000 0.0000 1.0000 0.0000 0.0000 0.0000 1.0000
1.0000 0.0000 0.0000 0.0000 1.0000 0.0000 0.0000 0.0000 1.0000
1.0000 0.0000 0.0000 0.0000 1.0000 0.0000 0.0000 0.0000 1.0000
1.0000 0.0000 0.0000 0.0000 1.0000 0.0000 0.0000 0.0000 1.0000
1.0000 0.0000 0.0000 0.0000 1.0000 0.0000 0.0000 0.0000 1.0000
1.0000 0.0000 0.0000 0.0000 1.0000 0.0000 0.0000 0.0000 1.0000
1.0000 0.0000 0.0000 0.0000 1.0000 0.0000 0.0000 0.0000 1.0000
1.0000 0.0000 0.0000 0.0000 1.0000 0.0000 0.0000 0.0000 1.0000
1.0000 0.0000 0.0000 0.0000 1.0000 0.0000 0.0000 0.0000 1.0000
1.0000 0.0000 0.0000 0.0000 1.0000 0.0000 0.0000 0.0000 1.0000
1.0000 0.0000 0.0000 0.0000 1.0000 0.0000 0.0000 0.0000 1.0000
1.0000 0.0000 0.0000 0.0000 1.0000 0.0000 0.0000 0.0000 1.0000
1.0000 0.0000 0.0000 0.0000 1.0000 0.0000 0.0000 0.0000 1.0000
1.0000 0.0000 0.0000 0.0000 1.0000 0.0000 0.0000 0.0000 1.0000
0.5680 -1.1066 605.7710 0.7293 1.0507 -557.0691 -0.0008 0.0001 1.0000
0.5549 -1.1480 635.0650 0.7706 1.0510 -563.7501 -0.0008 0.0001 1.0000
0.5281 -1.2115 669.2362 0.8280 0.9795 -559.3945 -0.0008 0.0001 1.0000
0.4225 -1.2065 693.2700 0.7730 0.8725 -497.8491 -0.0008 0.0000 1.0000
0.3694 -1.2385 728.3646 0.7952 0.8295 -485.3499 -0.0008 0.0001 1.0000
0.3436 -1.2740 742.3066 0.7776 0.7345 -443.8229 -0.0008 -0.0000 1.0000
0.2395 -1.2671 777.2291 0.7799 0.6733 -420.1007 -0.0008 -0.0000 1.0000
0.2389 -1.3202 807.3012 0.8004 0.6892 -427.4995 -0.0009 0.0000 1.0000
0.2598 -1.3935 843.3931 0.9426 0.6783 -467.9782 -0.0008 0.0000 1.0000
0.2397 -1.4133 852.3559 0.9172 0.6145 -428.9608 -0.0008 0.0000 1.0000
0.2046 -1.4347 870.5588 0.9640 0.5415 -420.2215 -0.0008 -0.0001 1.0000
0.1657 -1.4387 889.0783 0.9559 0.5356 -407.8726 -0.0008 -0.0000 1.0000
0.1514 -1.4861 915.7707 1.0012 0.5014 -410.0916 -0.0008 -0.0000 1.0000
0.1195 -1.4627 913.0271 0.9819 0.4832 -392.7338 -0.0009 -0.0000 1.0000
0.1274 -1.4875 914.8659 0.9811 0.4324 -373.2104 -0.0008 -0.0001 1.0000
0.1485 -1.5315 937.4700 1.0767 0.4435 -405.5402 -0.0008 -0.0001 1.0000
0.1775 -1.5826 951.7243 1.1390 0.4411 -425.1206 -0.0007 -0.0001 1.0000
0.1579 -1.5295 933.1862 1.0857 0.4666 -414.1246 -0.0008 0.0000 1.0000
0.1637 -1.5527 941.7737 1.1023 0.4521 -416.2839 -0.0008 -0.0000 1.0000
0.1826 -1.5697 944.3575 1.1114 0.4489 -420.3510 -0.0007 -0.0001 1.0000
0.1643 -1.5123 917.9833 1.0404 0.4313 -392.7687 -0.0008 -0.0001 1.0000
0.2044 -1.5156 913.7144 1.0741 0.4838 -423.1726 -0.0008 -0.0000 1.0000
0.3106 -1.5944 932.8170 1.2214 0.5573 -500.6705 -0.0007 0.0000 1.0000
0.2729 -1.5278 904.0363 1.1093 0.5153 -454.5657 -0.0007 -0.0001 1.0000
0.3369 -1.5429 904.0197 1.1766 0.5906 -509.6620 -0.0007 -0.0000 1.0000
0.3540 -1.5029 883.5477 1.1488 0.6223 -515.3943 -0.0007 -0.0000 1.0000
0.4632 -1.5775 892.1793 1.2302 0.6721 -568.1462 -0.0006 -0.0001 1.0000
0.4744 -1.4806 854.8490 1.1963 0.7630 -590.6559 -0.0007 0.0001 1.0000
0.5022 -1.4957 850.9350 1.1808 0.7412 -589.3237 -0.0006 -0.0000 1.0000
0.5811 -1.4984 843.3222 1.2296 0.8332 -642.1574 -0.0006 0.0000 1.0000
0.6516 -1.5184 838.7087 1.2671 0.8743 -675.1726 -0.0005 -0.0000 1.0000
0.6120 -1.4330 810.4835 1.1469 0.8698 -632.5063 -0.0006 0.0000 1.0000
0.6386 -1.3927 793.8438 1.1428 0.9156 -646.9528 -0.0006 0.0001 1.0000
0.8117 -1.4690 793.2457 1.2669 1.0311 -729.7719 -0.0005 0.0001 1.0000
0.7587 -1.3991 773.1607 1.1663 1.0142 -682.2838 -0.0006 0.0001 1.0000
0.7214 -1.3623 761.0034 1.0983 0.9888 -643.7446 -0.0006 0.0000 1.0000
0.7727 -1.3454 734.8888 1.0782 1.0317 -644.4572 -0.0006 0.0000 1.0000
0.8915 -1.3595 714.8907 1.1272 1.1225 -678.8539 -0.0005 0.0001 1.0000
0.8620 -1.3306 695.5827 1.0488 1.0645 -624.8304 -0.0005 -0.0000 1.0000
0.9034 -1.2647 661.4484 1.0257 1.1706 -638.8302 -0.0006 0.0001 1.0000
0.9585 -1.2751 641.7906 1.0348 1.1648 -634.1005 -0.0005 -0.0000 1.0000
0.9589 -1.2489 622.0311 0.9615 1.1651 -600.0658 -0.0005 -0.0000 1.0000
0.9968 -1.2139 597.9272 0.9460 1.2162 -603.4586 -0.0005 -0.0000 1.0000
1.0088 -1.1948 580.6024 0.9063 1.2128 -587.2233 -0.0005 -0.0000 1.0000
1.0217 -1.1647 561.0734 0.8569 1.2198 -570.5606 -0.0005 -0.0001 1.0000
1.0468 -1.1424 546.2224 0.8595 1.2481 -581.7166 -0.0005 -0.0000 1.0000
1.0828 -1.1068 522.6587 0.8377 1.2987 -590.6816 -0.0005 -0.0000 1.0000
1.1232 -1.0876 502.6617 0.8150 1.3319 -594.0448 -0.0004 -0.0000 1.0000
1.1872 -1.0609 469.7108 0.8218 1.3710 -612.3291 -0.0004 -0.0000 1.0000
1.2350 -1.0377 448.1467 0.8232 1.4256 -632.3910 -0.0004 0.0000 1.0000
1.2669 -1.0399 425.1714 0.8019 1.4054 -623.8607 -0.0004 -0.0001 1.0000
1.3918 -1.0154 374.1538 0.8258 1.4838 -659.2128 -0.0003 -0.0000 1.0000
1.4758 -0.9855 337.6449 0.8413 1.5828 -698.3628 -0.0003 0.0000 1.0000
1.4436 -0.9850 317.9187 0.7790 1.4857 -654.0231 -0.0002 -0.0001 1.0000
1.5788 -0.9351 252.3373 0.7860 1.5955 -692.3100 -0.0002 -0.0000 1.0000
1.6196 -0.8654 207.2044 0.7406 1.6782 -700.5646 -0.0002 0.0000 1.0000
1.5911 -0.8197 174.6603 0.6598 1.6277 -660.2847 -0.0002 -0.0000 1.0000
1.7421 -0.7899 113.4894 0.6715 1.7307 -694.2726 -0.0001 -0.0000 1.0000
1.9417 -0.7562 38.8686 0.7043 1.8743 -751.2537 0.0000 0.0000 1.0000
1.7188 -0.6556 42.6607 0.5368 1.7139 -642.1807 -0.0001 -0.0000 1.0000
1.8702 -0.6145 -18.8108 0.5284 1.8282 -673.4595 -0.0000 -0.0000 1.0000
1.8110 -0.5196 -44.8332 0.4466 1.8153 -639.2820 -0.0001 -0.0000 1.0000
1.8343 -0.4423 -84.3949 0.3881 1.8471 -624.5438 -0.0001 0.0000 1.0000
1.8344 -0.3781 -114.9097 0.3240 1.8383 -596.4717 -0.0001 -0.0000 1.0000
1.8703 -0.3203 -145.9471 0.2545 1.8676 -573.0067 -0.0000 0.0000 1.0000
2.0191 -0.2431 -212.3120 0.2506 1.9768 -597.8570 0.0001 0.0000 1.0000
1.8175 -0.1700 -188.5449 0.1148 1.8399 -502.1094 -0.0000 0.0000 1.0000
1.8553 -0.1143 -212.6314 0.0782 1.8513 -481.3303 0.0000 0.0000 1.0000
1.8561 -0.0573 -233.2286 0.0226 1.8281 -447.5755 0.0000 -0.0000 1.0000
1.7354 0.0290 -227.9994 -0.0795 1.7764 -385.9232 -0.0001 0.0000 1.0000
1.6721 0.0880 -229.3255 -0.1491 1.7360 -339.8876 -0.0001 0.0000 1.0000
1.6933 0.1313 -248.4168 -0.1877 1.7193 -312.4473 -0.0000 -0.0000 1.0000
1.6747 0.2616 -283.5838 -0.2733 1.7595 -282.8483 -0.0001 0.0001 1.0000
1.6796 0.3156 -298.4730 -0.3410 1.7425 -241.0078 -0.0000 0.0000 1.0000
1.7362 0.3967 -337.8242 -0.4071 1.7616 -208.3172 -0.0000 0.0001 1.0000
1.6148 0.4622 -328.4544 -0.4771 1.6913 -157.7884 -0.0001 0.0001 1.0000
1.5207 0.4840 -311.6854 -0.5201 1.5870 -107.0359 -0.0001 -0.0000 1.0000
1.5785 0.6255 -366.9095 -0.6139 1.6542 -76.7229 -0.0000 0.0001 1.0000
1.4026 0.6508 -329.1421 -0.6869 1.5175 -5.2206 -0.0001 0.0001 1.0000
1.3273 0.6834 -322.1146 -0.7464 1.4284 47.8255 -0.0001 0.0000 1.0000
1.3656 0.8105 -367.9519 -0.8152 1.4521 80.2720 -0.0001 0.0001 1.0000
1.3648 0.9664 -410.0473 -0.9138 1.4837 118.0478 -0.0001 0.0001 1.0000
1.1845 0.9333 -356.3678 -0.9524 1.3162 177.9862 -0.0002 0.0001 1.0000
1.1645 1.0556 -385.5242 -1.0540 1.3059 231.5338 -0.0001 0.0001 1.0000
1.0764 1.1439 -385.5139 -1.1208 1.2514 280.5421 -0.0002 0.0001 1.0000
0.9958 1.1644 -368.7401 -1.1568 1.1426 336.6297 -0.0002 0.0001 1.0000
0.9939 1.2689 -393.3004 -1.2302 1.1185 391.7920 -0.0001 0.0001 1.0000
0.9392 1.3158 -385.2776 -1.2811 1.0645 444.9904 -0.0001 0.0001 1.0000
0.9271 1.3219 -376.4356 -1.2956 0.9868 496.6906 -0.0000 0.0001 1.0000
0.7876 1.3102 -326.2071 -1.3056 0.9023 539.2099 -0.0001 0.0001 1.0000
0.7974 1.3090 -316.6063 -1.3108 0.8777 574.2247 -0.0001 0.0000 1.0000
0.7338 1.2398 -279.0078 -1.2892 0.8135 598.3312 -0.0001 0.0000 1.0000
0.8841 1.2607 -322.2764 -1.2526 0.8598 610.7662 0.0000 -0.0000 1.0000
0.8320 1.0456 -264.1915 -1.1684 0.7673 609.4401 -0.0000 -0.0002 1.0000
0.9684 0.9320 -283.3802 -1.1229 0.7900 617.3426 0.0000 -0.0002 1.0000
0.8644 0.7817 -219.0356 -1.0201 0.8109 573.7992 -0.0001 -0.0002 1.0000
1.2433 0.7728 -316.1607 -0.8443 0.9994 512.8029 0.0002 -0.0003 1.0000
1.2444 0.6756 -266.7744 -0.8490 1.1728 432.2050 -0.0000 -0.0001 1.0000
1.0746 0.6297 -190.2592 -0.7392 1.2044 288.9107 -0.0002 -0.0001 1.0000
1.1627 0.5615 -192.0147 -0.6202 1.2007 175.5667 -0.0001 -0.0001 1.0000
1.1148 0.5774 -211.8030 -0.6245 1.1757 128.4550 -0.0001 -0.0001 1.0000
1.2527 0.7443 -320.0412 -0.7208 1.3027 129.9676 -0.0001 0.0000 1.0000
1.3876 0.9152 -383.8224 -0.7625 1.4245 128.4270 0.0001 0.0002 1.0000
1.0599 0.6790 -189.8887 -0.7627 1.1000 185.7624 -0.0002 -0.0000 1.0000
1.0176 0.6200 -95.3724 -0.7833 1.0368 183.2546 -0.0002 -0.0001 1.0000
0.8923 0.7233 -55.3335 -0.7707 1.0671 138.9018 -0.0003 0.0000 1.0000
0.9472 0.6424 -66.4786 -0.7193 1.0712 111.1645 -0.0002 -0.0000 1.0000
1.2009 0.7705 -222.5113 -0.8044 1.3053 118.5338 -0.0001 0.0002 1.0000
1.2379 0.6491 -263.5101 -0.7225 1.2263 161.9428 -0.0000 -0.0000 1.0000
1.0336 0.6870 -216.4388 -0.6814 1.1579 191.0738 -0.0001 0.0000 1.0000
1.0795 0.6799 -173.8741 -0.7887 1.1190 257.5651 -0.0001 0.0000 1.0000
1.0325 0.8362 -129.7483 -0.8916 1.1324 276.0182 -0.0001 0.0001 1.0000
0.8540 0.8113 -45.2219 -0.8263 0.9652 264.7733 -0.0001 -0.0000 1.0000
0.7716 0.7878 -29.8968 -0.8665 0.8589 307.3381 -0.0002 -0.0001 1.0000
0.7999 0.9681 -89.3804 -0.9506 0.9419 346.5986 -0.0002 0.0001 1.0000
0.7134 0.9623 -58.1392 -0.9677 0.8820 396.6283 -0.0002 0.0001 1.0000
0.6137 0.8489 9.4896 -0.9492 0.7241 441.5091 -0.0002 -0.0001 1.0000
0.5587 0.8849 29.4618 -0.9928 0.6749 477.1503 -0.0002 -0.0001 1.0000
0.5620 0.8640 16.6937 -1.0057 0.6268 503.3220 -0.0002 -0.0001 1.0000
0.6025 0.8740 -35.3027 -1.0261 0.6803 515.1845 -0.0002 -0.0001 1.0000
0.7110 0.9245 -94.0907 -1.0033 0.7673 517.1787 -0.0001 -0.0000 1.0000
0.5855 0.9092 -56.1995 -0.9723 0.8250 476.9292 -0.0003 0.0000 1.0000
0.8316 0.9244 -107.3718 -0.9400 0.9347 445.0697 -0.0001 0.0001 1.0000
0.6888 0.6455 -34.0665 -0.8023 0.7748 381.7099 -0.0002 -0.0001 1.0000
0.8773 0.7606 -170.2866 -0.8108 0.9672 328.2140 -0.0002 0.0000 1.0000
0.9635 0.6437 -217.9217 -0.7004 0.9643 282.9994 -0.0001 -0.0001 1.0000
1.0360 0.6191 -260.5079 -0.6440 1.0708 235.9965 -0.0001 -0.0000 1.0000
1.2486 0.5793 -306.4683 -0.5027 1.1914 176.0423 0.0001 0.0000 1.0000
1.2140 0.5041 -294.6264 -0.4803 1.2313 136.9035 -0.0000 0.0000 1.0000
1.2549 0.4180 -305.0136 -0.4066 1.2485 82.8873 0.0000 0.0000 1.0000
1.3641 0.3285 -343.7327 -0.2973 1.2818 16.9010 0.0001 -0.0000 1.0000
1.3935 0.2868 -353.7364 -0.2107 1.3470 -38.4640 0.0001 0.0000 1.0000
1.3348 0.1864 -315.5247 -0.1494 1.2440 -44.3389 0.0001 -0.0001 1.0000
1.5171 0.1872 -363.0229 -0.0822 1.4465 -106.0226 0.0002 0.0001 1.0000
1.3828 0.0763 -291.4628 -0.0365 1.2595 -79.2163 0.0002 -0.0001 1.0000
1.4242 0.1159 -304.3902 -0.0278 1.3895 -104.6192 0.0001 0.0001 1.0000
1.3883 0.0337 -248.1507 0.0090 1.2988 -90.1830 0.0001 -0.0000 1.0000
1.3028 0.0096 -193.2091 -0.0144 1.2418 -63.8188 0.0001 -0.0001 1.0000
1.2842 0.0149 -169.2222 -0.0187 1.2439 -61.5725 0.0000 -0.0000 1.0000
1.2502 -0.0009 -140.3786 -0.0105 1.1961 -59.6425 0.0000 -0.0001 1.0000
1.1531 -0.0207 -95.7074 -0.0312 1.1139 -43.0936 -0.0000 -0.0001 1.0000
1.2738 0.0178 -117.0213 0.0150 1.2524 -94.0640 0.0001 -0.0000 1.0000
1.0000 0.0000 0.0000 0.0000 1.0000 0.0000 0.0000 0.0000 1.0000
1.0000 0.0000 0.0000 0.0000 1.0000 0.0000 0.0000 0.0000 1.0000
1.0000 0.0000 0.0000 0.0000 1.0000 0.0000 0.0000 0.0000 1.0000
1.0000 0.0000 0.0000 0.0000 1.0000 0.0000 0.0000 0.0000 1.0000
1.0000 0.0000 0.0000 0.0000 1.0000 0.0000 0.0000 0.0000 1.0000
1.0000 0.0000 0.0000 0.0000 1.0000 0.0000 0.0000 0.0000 1.0000
1.0000 0.0000 0.0000 0.0000 1.0000 0.0000 0.0000 0.0000 1.0000
1.4526 0.0402 -131.9981 0.1195 1.4061 -248.3136 0.0002 0.0001 1.0000
1.1942 0.0179 -73.8826 0.0458 1.2661 -212.0063 -0.0000 0.0001 1.0000
1.2615 -0.0031 -92.1275 0.1014 1.2833 -246.6784 0.0000 0.0001 1.0000
1.2025 -0.0522 -69.4505 0.1181 1.2372 -256.0995 -0.0000 0.0000 1.0000
1.2738 -0.0822 -83.8485 0.1643 1.2849 -293.1412 0.0000 0.0001 1.0000
1.3151 -0.1182 -85.9694 0.2226 1.3196 -327.4203 0.0001 0.0001 1.0000
1.3021 -0.1739 -71.2715 0.2639 1.3084 -342.1050 0.0001 0.0001 1.0000
1.1968 -0.2345 -36.1362 0.2980 1.1952 -328.2013 0.0000 0.0000 1.0000
1.1467 -0.3285 0.7552 0.3389 1.1192 -326.9539 0.0000 -0.0001 1.0000
1.1675 -0.3829 12.9264 0.4188 1.1330 -361.7720 0.0001 -0.0000 1.0000
1.1861 -0.4406 33.8695 0.5053 1.1569 -401.5635 0.0001 0.0000 1.0000
1.1346 -0.5180 76.0106 0.5664 1.0971 -411.2105 0.0001 -0.0000 1.0000
1.0938 -0.5545 114.6423 0.6132 1.0942 -429.3619 0.0000 0.0000 1.0000
1.0528 -0.6253 163.5195 0.6457 1.0365 -421.8844 0.0000 0.0000 1.0000
1.0210 -0.6977 215.8890 0.7268 0.9944 -438.6892 0.0001 -0.0000 1.0000
0.9250 -0.7277 269.6863 0.7181 0.9156 -410.0117 -0.0000 -0.0000 1.0000
0.8552 -0.7541 325.7629 0.7472 0.8726 -406.0570 -0.0000 -0.0000 1.0000
0.8809 -0.8345 383.0174 0.8124 0.8400 -409.7964 0.0001 -0.0001 1.0000
0.8335 -0.8423 428.0440 0.8035 0.7936 -386.6807 0.0001 -0.0001 1.0000
0.6661 -0.7870 468.9235 0.7072 0.7053 -325.8365 -0.0001 -0.0001 1.0000
0.6836 -0.7870 488.0050 0.7035 0.6945 -310.9251 -0.0001 -0.0001 1.0000
0.7355 -0.7592 485.0137 0.7010 0.7631 -319.4931 -0.0001 -0.0001 1.0000
0.7393 -0.7446 465.5299 0.6376 0.7498 -293.3139 -0.0001 -0.0002 1.0000
0.7894 -0.6551 421.5561 0.6133 0.8479 -305.0180 -0.0001 -0.0001 1.0000
0.8849 -0.5766 358.0370 0.5637 0.9477 -307.8171 -0.0001 0.0000 1.0000
0.9310 -0.4886 299.8017 0.4991 1.0274 -300.5207 -0.0001 0.0001 1.0000
1.0548 -0.4615 233.6081 0.4739 1.0760 -294.9249 0.0000 -0.0000 1.0000
1.0599 -0.3875 183.2206 0.3878 1.0724 -254.2134 -0.0000 -0.0000 1.0000
1.0995 -0.3103 127.9840 0.3236 1.1191 -234.7684 0.0000 -0.0000 1.0000
1.1525 -0.2675 79.1665 0.2734 1.1280 -208.7876 0.0001 -0.0000 1.0000
1.2867 -0.1874 4.3404 0.2645 1.2464 -223.9537 0.0001 0.0000 1.0000
1.1669 -0.1593 1.7192 0.1761 1.1557 -168.9159 0.0000 -0.0000 1.0000
1.2066 -0.0997 -47.6677 0.1212 1.1965 -151.5952 0.0000 0.0000 1.0000
1.1714 -0.0914 -61.4380 0.0839 1.1411 -122.1029 0.0000 -0.0001 1.0000
1.2415 -0.0494 -107.3932 0.0912 1.1980 -132.5105 0.0001 -0.0000 1.0000
1.2110 -0.0314 -122.1267 0.0394 1.1856 -110.4110 0.0000 -0.0000 1.0000
1.2838 -0.0011 -162.2456 0.0579 1.2419 -125.0305 0.0001 -0.0000 1.0000
1.3242 0.0397 -195.5410 0.0434 1.3030 -128.9732 0.0001 0.0001 1.0000
1.2604 0.0295 -184.8181 0.0081 1.2513 -106.2448 0.0000 0.0000 1.0000
1.3639 0.0348 -222.7703 0.0464 1.3044 -127.0115 0.0001 -0.0000 1.0000
1.2951 0.0684 -217.7811 -0.0054 1.2987 -109.4969 0.0000 0.0000 1.0000
1.3479 0.0581 -229.7478 0.0276 1.3096 -121.2188 0.0001 0.0000 1.0000
1.3780 0.0876 -241.7833 0.0236 1.3649 -129.8667 0.0001 0.0001 1.0000
1.3956 0.0581 -233.4337 0.0442 1.3402 -131.4927 0.0002 -0.0000 1.0000
1.4511 0.0980 -255.4273 0.0566 1.4184 -153.8547 0.0002 0.0001 1.0000
1.3117 0.0562 -204.8339 0.0261 1.2796 -119.8614 0.0001 -0.0000 1.0000
1.4585 0.0724 -243.3976 0.0779 1.3829 -157.9445 0.0002 -0.0000 1.0000
1.3477 0.0331 -199.5743 0.0561 1.2759 -132.1722 0.0002 -0.0001 1.0000
1.3918 0.0689 -217.3622 0.0568 1.3657 -157.1903 0.0002 0.0000 1.0000
1.3284 0.0567 -196.0742 0.0376 1.3141 -142.2100 0.0001 -0.0000 1.0000
1.4633 0.0759 -232.1421 0.0739 1.4353 -180.6532 0.0002 0.0000 1.0000
1.3977 0.0450 -207.3505 0.0496 1.3580 -157.7295 0.0002 -0.0000 1.0000
1.5051 0.0987 -251.4974 0.0789 1.4941 -197.9585 0.0002 0.0001 1.0000
1.3617 0.0602 -203.5344 0.0424 1.3714 -162.1706 0.0001 -0.0000 1.0000
1.3787 0.0662 -213.7892 0.0421 1.3813 -163.5025 0.0001 -0.0000 1.0000
1.4566 0.0817 -242.8370 0.0595 1.4514 -184.1597 0.0002 0.0000 1.0000
1.5454 0.1349 -280.9837 0.0588 1.6054 -219.6947 0.0002 0.0002 1.0000
1.4278 0.0722 -243.7773 0.0547 1.4038 -171.8679 0.0002 -0.0000 1.0000
1.4741 0.1058 -270.6680 0.0438 1.4796 -184.3435 0.0002 0.0000 1.0000
1.5423 0.1074 -294.2500 0.0541 1.5365 -200.0073 0.0002 0.0000 1.0000
1.6586 0.1526 -337.0715 0.0866 1.7003 -248.0986 0.0003 0.0002 1.0000
1.7023 0.1488 -355.1416 0.1154 1.6874 -252.6963 0.0004 0.0001 1.0000
1.6090 0.0953 -319.3312 0.1072 1.5510 -218.9992 0.0003 -0.0001 1.0000
1.5762 0.0919 -310.6722 0.0746 1.5365 -206.6934 0.0003 -0.0000 1.0000
1.6957 0.1602 -359.8132 0.0768 1.7213 -248.3858 0.0003 0.0001 1.0000
1.7794 0.1366 -376.8270 0.1231 1.7364 -268.2523 0.0004 0.0000 1.0000
1.6576 0.1403 -345.2276 0.0845 1.6518 -237.9942 0.0003 -0.0000 1.0000
1.7307 0.1403 -366.4088 0.1175 1.6457 -242.0886 0.0004 -0.0001 1.0000
1.6680 0.1698 -352.2088 0.0524 1.6806 -232.3148 0.0003 0.0000 1.0000
1.7579 0.1912 -381.7528 0.0766 1.7124 -240.1366 0.0004 -0.0000 1.0000
1.7417 0.2174 -382.2883 0.0540 1.7099 -230.0818 0.0004 -0.0000 1.0000
1.8896 0.2999 -442.0671 0.0502 1.8625 -255.6587 0.0005 0.0001 1.0000
1.9228 0.3470 -462.5942 0.0085 1.9049 -247.8686 0.0005 0.0001 1.0000
1.8528 0.3019 -430.6848 0.0085 1.7347 -203.3844 0.0005 -0.0001 1.0000
1.8827 0.3684 -454.7541 -0.0240 1.7579 -189.5940 0.0006 -0.0001 1.0000
1.8144 0.4531 -454.6734 -0.1292 1.8117 -165.9509 0.0004 0.0001 1.0000
1.9767 0.5468 -526.5109 -0.1232 1.8862 -170.8014 0.0006 0.0000 1.0000
1.8423 0.5325 -486.8566 -0.2013 1.7177 -101.9880 0.0005 -0.0001 1.0000
1.8493 0.6296 -514.7724 -0.2556 1.7269 -76.8405 0.0005 -0.0001 1.0000
1.8323 0.7011 -533.1122 -0.3393 1.6887 -33.3609 0.0005 -0.0001 1.0000
1.7927 0.8760 -570.5239 -0.4678 1.7726 -5.5693 0.0004 0.0001 1.0000
1.4093 0.7200 -426.7259 -0.5332 1.3819 95.7986 0.0002 -0.0001 1.0000
1.6535 1.0089 -574.6420 -0.6546 1.6606 93.8919 0.0004 0.0001 1.0000
1.7549 1.1818 -656.9746 -0.7067 1.6961 120.2198 0.0005 0.0001 1.0000
1.6059 1.2302 -627.4015 -0.8150 1.5976 182.0063 0.0004 0.0001 1.0000
1.5648 1.3419 -647.2133 -0.9078 1.5777 224.8694 0.0003 0.0002 1.0000
1.5653 1.4937 -688.8182 -1.0120 1.5952 267.3939 0.0003 0.0002 1.0000
1.5652 1.5582 -705.7727 -1.0539 1.5234 311.4468 0.0004 0.0002 1.0000
1.5670 1.6596 -733.2131 -1.1276 1.4822 359.8177 0.0005 0.0002 1.0000
1.3065 1.4638 -607.0107 -1.1034 1.2233 397.4969 0.0003 0.0000 1.0000
1.4153 1.7189 -707.7580 -1.2469 1.3288 444.1695 0.0004 0.0002 1.0000
1.6486 2.0920 -870.5745 -1.4255 1.5272 495.2181 0.0006 0.0003 1.0000
1.2782 1.7162 -668.1290 -1.2947 1.1368 514.8896 0.0004 0.0001 1.0000
1.1966 1.8246 -670.7194 -1.3891 1.1412 551.3444 0.0003 0.0001 1.0000
1.1561 1.8070 -652.8773 -1.4083 1.0539 585.0042 0.0003 0.0001 1.0000
