1.0000 -0.0000 -0.0000 0.0000 1.0000 -0.0000 0.0000 -0.0000 1.0000
-218.4095 -1.5131 64728.1373 -53.0465 -112.4920 32076.5069 -0.1865 -0.0006 1.0000
-359.8083 141.3180 89377.5705 -98.3845 -104.8912 46914.0006 -0.3524 0.2351 1.0000
-2.1575 -1.2278 1082.2409 -0.6224 -1.4021 503.7464 -0.0022 -0.0021 1.0000
1.0372 2.1085 -266.7515 -0.0482 2.4130 -197.1274 -0.0007 0.0035 1.0000
-18.3037 -2.2653 6046.2308 -4.6922 -10.6098 3102.3715 -0.0153 -0.0036 1.0000
0.6283 1.5192 -78.8904 -0.1215 1.8417 -93.3665 -0.0008 0.0025 1.0000
-11.8025 -19.5714 6270.4862 -2.1268 -18.4461 3387.8220 -0.0038 -0.0323 1.0000
0.1202 -0.0624 271.6784 -0.1134 0.5554 73.1291 -0.0007 -0.0001 1.0000
0.2793 -0.2298 245.5173 -0.0583 0.5297 59.2015 -0.0005 -0.0004 1.0000
-42.9891 -51.2688 20029.6997 -8.9387 -55.0880 10905.2768 -0.0169 -0.0837 1.0000
-7.1196 -1.0526 2592.4972 -2.0432 -3.7788 1311.5708 -0.0062 -0.0017 1.0000
1.0810 -0.5082 37.7322 0.1653 0.7209 -31.9789 0.0002 -0.0008 1.0000
1.5013 0.7070 -255.4660 0.1717 1.7160 -167.6733 0.0000 0.0011 1.0000
0.5589 2.5911 -227.6233 -0.2186 2.4356 -142.8463 -0.0014 0.0041 1.0000
1.4540 0.9595 -298.4787 0.1773 1.8243 -202.2512 -0.0002 0.0015 1.0000
23.8417 0.0000 -7220.8766 6.1040 12.0019 -3538.3102 0.0169 0.0000 1.0000
0.4622 -0.3112 203.7787 -0.0187 0.5574 49.5576 -0.0004 -0.0005 1.0000
2.2168 0.3553 -415.8400 0.4352 1.9157 -298.3401 0.0007 0.0006 1.0000
4.8696 0.0547 -1175.6503 1.2102 2.9617 -693.1270 0.0029 0.0000 1.0000
6.4745 3.6993 -2116.1277 1.4042 6.2351 -1217.2445 0.0029 0.0057 1.0000
-26.4086 -6.3945 9151.4245 -7.1019 -16.9300 4848.8900 -0.0188 -0.0099 1.0000
-7.2331 -3.1855 2923.0173 -2.0016 -5.0503 1490.9541 -0.0053 -0.0048 1.0000
14.6321 8.1016 -5112.7547 3.5432 13.4368 -2974.3611 0.0077 0.0124 1.0000
1.9094 0.8269 -376.6930 0.2919 2.0072 -245.5092 0.0003 0.0012 1.0000
0.1568 0.1199 251.4520 -0.1399 0.7108 73.4809 -0.0008 0.0002 1.0000
1.7827 -0.0000 -241.9241 0.3184 1.4380 -180.0126 0.0004 -0.0000 1.0000
-8.1101 -2.8734 3164.5340 -2.4647 -5.4155 1739.5947 -0.0060 -0.0044 1.0000
0.2152 0.4648 179.6004 -0.1656 0.9758 48.9969 -0.0009 0.0007 1.0000
0.5551 -0.1952 141.0172 -0.0239 0.6851 38.4288 -0.0005 -0.0003 1.0000
0.7570 0.1263 38.8547 0.0105 1.0452 -24.4569 -0.0004 0.0002 1.0000
0.7774 0.5230 -12.5087 -0.0164 1.2885 -39.4210 -0.0005 0.0008 1.0000
0.2140 0.5156 169.8977 -0.1768 1.0111 54.0989 -0.0009 0.0008 1.0000
1.0532 0.3775 -83.1937 0.0887 1.3319 -81.9408 -0.0002 0.0005 1.0000
-7.9986 -3.2943 3278.3961 -2.3695 -5.7071 1731.6956 -0.0056 -0.0049 1.0000
31.3706 6.7415 -10566.5434 8.8549 21.0943 -5821.5293 0.0196 0.0095 1.0000
7.7112 3.8474 -2687.0814 1.7950 7.1895 -1478.2821 0.0033 0.0057 1.0000
-0.0596 0.1155 298.8548 -0.2205 0.6062 121.7890 -0.0010 0.0002 1.0000
5.1431 1.0860 -1507.5354 1.1427 3.9427 -777.1096 0.0024 0.0016 1.0000
2.5971 1.5902 -768.4280 0.4483 2.9999 -442.7023 0.0003 0.0024 1.0000
5.7141 3.9777 -2110.4055 1.2520 6.2295 -1184.3409 0.0017 0.0060 1.0000
1.3737 -0.4433 -102.1917 0.2264 0.9409 -73.7618 0.0002 -0.0007 1.0000
2.8197 2.2450 -953.1889 0.3932 3.5129 -479.6074 0.0002 0.0033 1.0000
-8.4058 -4.1763 3661.0846 -2.3706 -6.5804 1878.7495 -0.0052 -0.0061 1.0000
2.6361 3.8789 -1094.0785 0.3791 4.6200 -665.9289 -0.0004 0.0058 1.0000
0.5796 0.5059 23.2688 -0.0863 1.1942 -1.6275 -0.0007 0.0007 1.0000
2.2873 -0.0000 -469.4899 0.5468 1.7423 -316.7735 0.0006 -0.0000 1.0000
0.1695 0.4198 176.4143 -0.2047 1.0368 54.8538 -0.0010 0.0006 1.0000
-0.1779 1.4335 144.4685 -0.3624 1.5057 39.4124 -0.0016 0.0022 1.0000
1.3571 1.2392 -344.3139 0.1256 2.1261 -215.5016 -0.0005 0.0018 1.0000
-10.2232 -2.4796 4160.6588 -3.2287 -6.1337 2164.7982 -0.0065 -0.0036 1.0000
-12.2087 -6.5084 5361.1716 -3.7784 -10.0887 2973.0571 -0.0065 -0.0093 1.0000
16.6927 6.0361 -6274.3406 4.4749 13.2579 -3346.4969 0.0073 0.0088 1.0000
0.3700 1.1345 8.5451 -0.1668 1.5662 -30.7189 -0.0011 0.0016 1.0000
1.5754 0.9500 -393.2793 0.1809 2.0444 -219.3565 -0.0004 0.0014 1.0000
-5.3009 -1.1289 2289.4598 -1.7814 -2.8776 1192.6407 -0.0038 -0.0016 1.0000
0.5202 0.1425 91.5124 -0.0368 0.9506 6.7983 -0.0007 0.0002 1.0000
0.5009 0.2084 97.0758 -0.0587 1.0061 11.1218 -0.0007 0.0003 1.0000
0.0545 0.6030 186.9382 -0.2250 1.0356 63.1944 -0.0012 0.0009 1.0000
1.0905 0.5152 -172.1094 0.1108 1.5064 -134.7535 -0.0005 0.0007 1.0000
1.2618 0.2276 -180.3457 0.1315 1.4314 -118.3291 -0.0003 0.0003 1.0000
2.6745 -1.0909 -484.1165 0.7118 1.2349 -311.5674 0.0010 -0.0015 1.0000
4.6867 -0.0822 -1377.6446 1.3061 2.9668 -818.0410 0.0017 -0.0000 1.0000
0.4724 -0.4974 180.8919 -0.0172 0.4733 61.7421 -0.0006 -0.0007 1.0000
1.9025 -0.5792 -326.9402 0.4129 1.1522 -201.9644 0.0002 -0.0008 1.0000
1.9712 -0.5819 -356.7473 0.4460 1.1883 -225.1481 0.0003 -0.0008 1.0000
1.4573 0.1819 -291.3358 0.2350 1.4699 -193.7435 -0.0003 0.0003 1.0000
10.1037 -3.2773 -2968.4362 3.1417 3.4959 -1618.2759 0.0055 -0.0044 1.0000
0.9996 0.2090 -156.4682 0.1039 1.2407 -122.3772 -0.0006 0.0003 1.0000
2.4990 -1.1480 -489.4367 0.6417 1.0765 -289.6564 0.0007 -0.0015 1.0000
0.2565 0.4491 98.9780 -0.1318 1.0656 -2.1550 -0.0011 0.0006 1.0000
1.3242 0.2507 -270.9448 0.1753 1.4775 -177.4556 -0.0004 0.0004 1.0000
1.9646 -0.3392 -430.6021 0.4154 1.3850 -259.4662 0.0001 -0.0004 1.0000
1.1620 -0.3562 -122.6140 0.2294 0.9631 -133.1618 -0.0003 -0.0005 1.0000
1.1446 0.5069 -260.3270 0.1685 1.5741 -216.3833 -0.0007 0.0008 1.0000
0.9986 -0.0999 -110.3066 0.1484 1.1404 -142.2075 -0.0005 -0.0001 1.0000
1.1808 0.6240 -302.7403 0.1224 1.8075 -246.0594 -0.0007 0.0010 1.0000
3.6901 0.3292 -1216.1236 1.0341 3.0189 -843.9524 0.0007 0.0006 1.0000
0.8279 0.5049 -162.6641 0.0463 1.4290 -160.8002 -0.0009 0.0008 1.0000
1.8664 -0.8549 -343.0633 0.4669 1.0547 -273.5282 0.0002 -0.0012 1.0000
4.5016 -0.5208 -1435.4906 1.3085 2.6703 -913.8499 0.0013 -0.0006 1.0000
2.4953 0.8295 -873.9703 0.5717 2.5452 -589.2214 -0.0002 0.0013 1.0000
2.1162 -0.0435 -589.7866 0.4961 1.7272 -418.9091 -0.0001 -0.0000 1.0000
2.4716 0.6069 -837.1408 0.6551 2.3708 -618.4944 -0.0002 0.0009 1.0000
2.3132 0.3983 -757.8413 0.5279 2.1506 -521.4693 -0.0002 0.0007 1.0000
-52.2288 -3.6258 21697.4068 -16.5530 -29.9839 12644.2709 -0.0238 -0.0072 1.0000
8.5718 -1.6906 -2933.9979 2.7091 4.1543 -1856.8923 0.0035 -0.0022 1.0000
0.6615 0.2310 -84.9458 0.0935 1.1359 -173.1191 -0.0009 0.0004 1.0000
2.0371 -0.2725 -610.4251 0.5036 1.4171 -412.3230 -0.0002 -0.0003 1.0000
1.9505 0.6637 -704.9820 0.4682 2.1013 -522.9544 -0.0006 0.0011 1.0000
0.9994 0.0076 -214.6593 0.1880 1.1332 -223.1299 -0.0008 0.0001 1.0000
1.6766 -0.2128 -469.7944 0.4019 1.3572 -364.7742 -0.0004 -0.0002 1.0000
4.0327 1.0494 -1704.3849 1.0673 3.4190 -1059.3896 -0.0000 0.0018 1.0000
2.2970 0.4672 -857.6551 0.5764 2.1171 -592.9856 -0.0004 0.0007 1.0000
5.4157 1.2645 -2322.1227 1.5322 4.3617 -1463.2171 0.0005 0.0020 1.0000
1.8016 -0.2185 -534.7701 0.4641 1.5401 -450.4181 -0.0004 -0.0003 1.0000
2.2813 0.2519 -839.1554 0.5285 2.2397 -624.3085 -0.0004 0.0005 1.0000
9.2638 -0.7780 -3663.5024 2.5106 5.5339 -2181.2926 0.0029 -0.0009 1.0000
1.0991 -0.0471 -289.3767 0.2250 1.2039 -289.9661 -0.0008 -0.0000 1.0000
3.6597 0.6730 -1553.4412 0.8423 2.9819 -928.8644 -0.0001 0.0011 1.0000
9.2441 1.1981 -4095.4316 2.4860 6.2728 -2379.8520 0.0018 0.0019 1.0000
4.1336 0.6705 -1775.0011 1.0074 3.1810 -1067.8214 0.0000 0.0011 1.0000
4.1336 0.6715 -1774.1249 1.0074 3.1771 -1071.4710 0.0000 0.0011 1.0000
10.9660 2.3247 -5157.5357 2.7160 7.6768 -2800.4439 0.0018 0.0034 1.0000
4.7205 0.4877 -2040.8688 1.1323 3.3667 -1179.7238 0.0002 0.0008 1.0000
2.1167 0.4834 -887.9569 0.4222 1.9838 -558.9985 -0.0007 0.0007 1.0000
1.9034 0.3671 -781.6447 0.3915 1.8045 -511.2843 -0.0008 0.0006 1.0000
71.8850 3.0222 -34462.3530 19.5253 38.1890 -17510.7297 0.0195 0.0049 1.0000
1.3729 0.0465 -527.9965 0.2113 1.2579 -314.7638 -0.0009 0.0001 1.0000
2.8122 0.8016 -1378.0276 0.6296 2.4566 -774.1067 -0.0009 0.0013 1.0000
5.4207 0.3410 -2479.0061 1.2960 3.5471 -1288.1792 0.0003 0.0005 1.0000
5.6750 1.5982 -2853.9879 1.1903 4.3881 -1385.2166 -0.0003 0.0024 1.0000
4.4081 1.3078 -2223.0278 0.9225 3.5181 -1093.0947 -0.0006 0.0021 1.0000
3.8296 0.9876 -1892.4945 0.7272 2.9718 -882.3819 -0.0006 0.0015 1.0000
5.0221 0.0000 -2275.8013 1.0999 2.8818 -1046.3044 0.0002 0.0000 1.0000
3.0250 0.3897 -1397.6803 0.5869 2.2165 -676.8665 -0.0006 0.0006 1.0000
6.4427 1.5183 -3261.5830 1.2958 4.7186 -1528.4915 -0.0002 0.0024 1.0000
1.8569 0.6646 -894.5248 0.1896 1.9123 -427.8271 -0.0011 0.0010 1.0000
3.6503 0.6074 -1757.2681 0.5741 2.6602 -768.5280 -0.0006 0.0008 1.0000
32.1004 6.4280 -16670.8636 6.0759 19.3524 -6805.8316 0.0045 0.0093 1.0000
17.6582 1.2899 -8654.7419 3.7937 9.4853 -3763.9089 0.0030 0.0018 1.0000
14.5186 2.8796 -7498.8213 2.7493 8.7792 -3105.0499 0.0012 0.0040 1.0000
6.8907 2.4593 -3719.7688 0.9315 4.9575 -1410.1219 -0.0006 0.0033 1.0000
-41.7633 -8.3193 22205.1446 -7.7274 -22.2891 8374.9980 -0.0084 -0.0110 1.0000
7.1553 2.1550 -3814.6533 0.9932 4.7932 -1419.2626 -0.0005 0.0027 1.0000
4.5166 1.9609 -2486.7109 0.5134 3.4622 -911.7678 -0.0011 0.0025 1.0000
4.8359 1.7354 -2611.5950 0.5038 3.4601 -903.4271 -0.0010 0.0022 1.0000
6.4857 1.3693 -3347.6958 0.7265 4.0172 -1117.3564 -0.0004 0.0017 1.0000
3.6956 0.8530 -1880.8726 0.3315 2.5192 -626.7152 -0.0009 0.0010 1.0000
4.6848 1.9065 -2593.2222 0.3356 3.4725 -811.5218 -0.0011 0.0023 1.0000
6.2016 2.2899 -3429.3579 0.5094 4.3627 -1069.7760 -0.0009 0.0028 1.0000
5.0553 2.0367 -2822.6904 0.3214 3.6471 -826.2650 -0.0011 0.0025 1.0000
37.5278 12.1065 -21228.4035 4.1643 22.3002 -6372.4773 0.0014 0.0153 1.0000
5.8126 2.3429 -3297.8559 0.2972 4.1165 -895.8557 -0.0012 0.0029 1.0000
3.3878 0.9399 -1803.1672 0.0763 2.3195 -436.0830 -0.0012 0.0012 1.0000
4.8261 1.0766 -2574.5957 0.1831 2.9251 -597.4358 -0.0009 0.0014 1.0000
7.4465 1.6692 -4031.7951 0.5049 4.3209 -1025.0000 -0.0006 0.0020 1.0000
12.6771 3.9326 -7204.2956 1.0551 7.6382 -1947.4626 -0.0007 0.0050 1.0000
6.9595 1.5150 -3784.9625 0.4377 3.9946 -926.8079 -0.0007 0.0019 1.0000
-37.4390 -8.9611 21190.3220 -4.1596 -18.9695 5694.5281 -0.0046 -0.0117 1.0000
-32.3076 -7.4107 18263.1923 -3.4331 -16.1816 4786.9452 -0.0044 -0.0093 1.0000
10.9400 2.8058 -6135.2688 0.4736 6.0855 -1303.3274 -0.0006 0.0035 1.0000
-1142.0915 -207.0900 633894.7174 -89.1772 -551.0103 145632.8059 -0.1150 -0.2744 1.0000
-24.7015 -6.3297 14242.4960 -1.7841 -12.4185 3219.3098 -0.0029 -0.0085 1.0000
-25.9219 -7.6447 15177.5038 -1.8205 -13.4836 3459.4841 -0.0025 -0.0099 1.0000
14.4345 5.4689 -8554.5777 0.1033 8.8855 -1642.8678 -0.0013 0.0069 1.0000
-13.2878 -3.2195 7696.0607 -0.9347 -6.2569 1662.6035 -0.0022 -0.0043 1.0000
17.2539 5.3505 -10047.9080 -0.0950 9.8965 -1727.2837 -0.0011 0.0070 1.0000
-85.8043 -18.9970 48961.8746 -1.2474 -41.8162 8239.0796 -0.0068 -0.0248 1.0000
11.1178 2.2156 -6201.7010 -0.2610 5.7724 -878.6082 -0.0008 0.0030 1.0000
28.7966 7.7603 -16649.0219 -0.1274 15.2370 -2734.6147 -0.0005 0.0102 1.0000
45.1666 11.4461 -26073.0853 -0.9752 22.7393 -3625.2703 0.0002 0.0150 1.0000
-19.1622 -4.2081 11075.7488 -0.5455 -8.6455 1941.4822 -0.0024 -0.0055 1.0000
-15.7526 -3.6440 9187.1964 -0.1393 -7.0417 1413.0875 -0.0021 -0.0049 1.0000
-7.9312 -1.6177 4629.9267 -0.2731 -3.2030 771.9187 -0.0019 -0.0022 1.0000
-19.7229 -5.6338 11770.5516 0.2767 -9.5297 1685.6340 -0.0016 -0.0074 1.0000
-11.4372 -2.4738 6706.2110 -0.0356 -4.8611 960.3475 -0.0019 -0.0033 1.0000
-22.0000 -6.7784 13298.6959 0.8506 -10.9206 1647.0242 -0.0013 -0.0089 1.0000
-10.0723 -2.5311 6024.0659 0.0654 -4.3952 825.6465 -0.0016 -0.0034 1.0000
-31.1362 -8.2140 18617.3967 1.3392 -14.6206 2081.5650 -0.0016 -0.0107 1.0000
62.9880 18.4196 -37945.3261 -5.3384 32.1896 -3194.5952 -0.0026 0.0246 1.0000
-17.6075 -5.4104 10777.7938 0.9172 -8.5727 1161.6601 -0.0011 -0.0071 1.0000
71.0280 20.5907 -43002.9729 -6.3055 35.9543 -3350.2128 -0.0028 0.0269 1.0000
-10.3460 -2.8054 6314.7012 0.4176 -4.6629 678.3740 -0.0014 -0.0038 1.0000
-32.3212 -9.3368 19773.5052 2.4942 -15.6695 1619.6010 -0.0007 -0.0123 1.0000
-10.4955 -2.6670 6396.7010 0.4525 -4.6067 642.4514 -0.0014 -0.0036 1.0000
-163.5629 -48.1821 100617.5447 15.0413 -80.4998 6979.0687 0.0043 -0.0638 1.0000
-19.9012 -5.0607 12143.6058 1.2708 -8.9568 1010.1996 -0.0011 -0.0068 1.0000
-17.2594 -4.8173 10662.1475 1.1025 -7.9630 928.3480 -0.0009 -0.0065 1.0000
-14.6794 -4.2244 9125.2857 1.0076 -6.7991 759.1493 -0.0009 -0.0057 1.0000
-12.3074 -3.1096 7581.6577 0.7285 -5.3615 635.9837 -0.0012 -0.0042 1.0000
-23.2385 -6.2654 14396.1245 1.7535 -10.5010 1051.0178 -0.0006 -0.0084 1.0000
-23.1907 -6.9618 14547.3324 2.1220 -11.2612 1012.6797 -0.0001 -0.0096 1.0000
-14.6014 -3.9221 9088.4172 0.9605 -6.4806 730.3571 -0.0009 -0.0053 1.0000
-19.6878 -5.7088 12356.5584 1.8018 -9.2514 805.8424 -0.0003 -0.0079 1.0000
-30.5847 -9.0346 19239.3007 2.9812 -14.6817 1215.9278 0.0005 -0.0125 1.0000
-13.4657 -3.8842 8485.0922 0.9602 -6.2082 700.7880 -0.0007 -0.0054 1.0000
-15.7300 -4.6474 9937.0739 1.1445 -7.3598 829.6985 -0.0004 -0.0064 1.0000
-11.3536 -3.1075 7137.7275 0.6348 -5.0347 659.8016 -0.0008 -0.0043 1.0000
-13.6702 -4.0123 8654.9935 1.0217 -6.3505 711.3902 -0.0005 -0.0057 1.0000
-12.2438 -3.4616 7728.9867 0.7973 -5.5565 682.2619 -0.0006 -0.0049 1.0000
-17.7780 -5.1002 11232.4660 1.3986 -8.3015 903.4518 -0.0001 -0.0072 1.0000
-18.2885 -5.0574 11518.3788 1.4181 -8.4283 923.8317 -0.0002 -0.0072 1.0000
-14.6212 -4.1459 9249.0655 1.0101 -6.7294 820.8827 -0.0003 -0.0059 1.0000
-21.1887 -6.2569 13448.4618 1.7161 -10.0666 1114.2688 0.0003 -0.0089 1.0000
-14.4076 -4.0950 9128.4750 0.9902 -6.6083 819.3658 -0.0003 -0.0059 1.0000
-16.9808 -4.8481 10763.6038 1.2350 -8.0251 985.6945 0.0000 -0.0071 1.0000
-32.3232 -9.4340 20530.5386 2.8309 -15.4794 1645.3291 0.0016 -0.0136 1.0000
-15.3115 -4.2350 9697.0334 0.9876 -6.9794 918.8731 -0.0002 -0.0062 1.0000
-13.0729 -3.8463 8345.8240 0.7864 -6.0770 852.1947 -0.0003 -0.0055 1.0000
-17.7705 -5.0073 11291.2999 1.1889 -8.2721 1092.3282 0.0001 -0.0072 1.0000
-13.7935 -3.9278 8786.4869 0.8006 -6.3456 907.6044 -0.0002 -0.0057 1.0000
-15.5003 -4.4242 9880.5943 0.9447 -7.1358 995.6410 -0.0000 -0.0064 1.0000
-16.9906 -4.9804 10867.6956 1.0979 -7.9736 1090.7977 0.0002 -0.0072 1.0000
-23.2466 -7.0489 14925.5257 1.6351 -11.2565 1492.4251 0.0010 -0.0101 1.0000
-18.0126 -5.3101 11544.0645 1.1053 -8.5253 1208.5838 0.0004 -0.0076 1.0000
-14.2616 -4.1645 9142.4338 0.7737 -6.5972 983.7135 -0.0000 -0.0060 1.0000
-18.1982 -5.2847 11663.6422 1.0862 -8.4150 1195.2158 0.0004 -0.0076 1.0000
-22.4868 -6.6810 14456.9607 1.5118 -10.5709 1418.5217 0.0010 -0.0095 1.0000
-21.9498 -6.6935 14165.5782 1.4612 -10.5219 1444.7040 0.0010 -0.0096 1.0000
-19.7867 -6.0595 12791.8327 1.3466 -9.3610 1261.0069 0.0008 -0.0086 1.0000
-24.2835 -7.3870 15697.6877 1.6525 -11.6048 1579.9197 0.0013 -0.0105 1.0000
-18.2939 -5.5568 11840.9555 1.1340 -8.5571 1220.0614 0.0006 -0.0079 1.0000
-18.3944 -5.7299 11946.4704 1.1246 -8.6650 1254.1634 0.0007 -0.0081 1.0000
-17.3002 -5.3660 11237.0546 1.1133 -8.1644 1154.2878 0.0006 -0.0076 1.0000
-20.1263 -6.2372 13077.3419 1.3796 -9.5205 1301.8978 0.0009 -0.0088 1.0000
-24.4658 -7.6505 15917.5972 1.7915 -11.5560 1513.7750 0.0015 -0.0107 1.0000
-25.1976 -8.0398 16440.3399 1.7874 -12.0225 1627.9397 0.0017 -0.0113 1.0000
-18.4033 -5.8029 12003.5161 1.2630 -8.6379 1188.1894 0.0008 -0.0081 1.0000
-17.1220 -5.3553 11165.0497 1.1265 -7.8552 1098.0660 0.0006 -0.0074 1.0000
-24.3976 -7.9074 15978.2790 1.8695 -11.5932 1506.7463 0.0017 -0.0110 1.0000
-21.0673 -7.0221 13853.4598 1.6544 -10.0470 1291.7562 0.0013 -0.0097 1.0000
-25.0495 -8.4993 16514.7883 2.1410 -12.0033 1447.4855 0.0019 -0.0116 1.0000
-22.8244 -7.5908 15021.5210 1.8752 -10.9134 1362.1700 0.0016 -0.0105 1.0000
-24.3060 -8.0675 16004.8048 2.1085 -11.5849 1378.8292 0.0018 -0.0111 1.0000
-29.5638 -9.5610 19422.3818 2.6282 -14.0194 1621.8818 0.0025 -0.0132 1.0000
-23.3044 -7.7774 15387.3601 2.1108 -11.0443 1253.5187 0.0017 -0.0107 1.0000
-21.4395 -7.3234 14205.6785 1.9337 -10.2970 1189.0769 0.0016 -0.0101 1.0000
-18.9204 -6.3557 12519.2374 1.6036 -8.8953 1065.8574 0.0012 -0.0087 1.0000
-20.5076 -6.9802 13594.9077 1.7911 -9.7544 1148.4611 0.0014 -0.0095 1.0000
-18.8661 -6.1654 12451.4302 1.6047 -8.7611 1032.1708 0.0011 -0.0085 1.0000
-22.3849 -7.4453 14808.1452 1.9566 -10.5350 1223.2693 0.0017 -0.0103 1.0000
-16.7660 -5.5963 11100.0784 1.3124 -7.8258 991.1113 0.0009 -0.0078 1.0000
-16.2006 -5.2742 10696.9924 1.2218 -7.4362 954.8208 0.0007 -0.0073 1.0000
-23.4911 -7.8999 15567.8039 1.8632 -11.2940 1446.9469 0.0020 -0.0111 1.0000
-24.2766 -8.4101 16145.1562 1.9072 -12.0209 1589.6168 0.0023 -0.0120 1.0000
-15.9049 -4.9639 10453.1249 0.9924 -7.2128 1043.7254 0.0007 -0.0071 1.0000
-13.8450 -4.1321 9055.7205 0.7029 -6.1321 971.0264 0.0003 -0.0060 1.0000
-11.6024 -3.3232 7558.1463 0.3732 -4.9258 892.5673 -0.0001 -0.0048 1.0000
-9.8429 -2.6627 6375.7956 0.1411 -4.0515 831.7578 -0.0004 -0.0040 1.0000
-8.4845 -2.0993 5451.7527 -0.0578 -3.2876 776.9802 -0.0006 -0.0032 1.0000
-23.3098 -7.1541 15287.4593 0.3529 -11.3973 2371.7210 0.0021 -0.0112 1.0000
-10.6739 -2.7444 6879.0065 -0.3472 -4.6662 1262.9900 -0.0002 -0.0045 1.0000
-10.0312 -2.4425 6431.7535 -0.5350 -4.2805 1289.1358 -0.0003 -0.0042 1.0000
-11.7521 -2.9690 7554.8994 -0.7909 -5.3448 1686.0271 0.0000 -0.0052 1.0000
-10.5171 -2.3573 6688.3285 -0.9866 -4.5906 1632.8559 -0.0002 -0.0045 1.0000
-13.4724 -2.8937 8527.9609 -1.5632 -6.0746 2318.0096 0.0002 -0.0058 1.0000
-14.4859 -3.0886 9160.2218 -2.1032 -6.7918 2809.2136 0.0004 -0.0065 1.0000
-13.2049 -2.7032 8318.4318 -2.2420 -6.2789 2777.4842 0.0002 -0.0060 1.0000
-14.6252 -2.6773 9133.7303 -2.9032 -6.8369 3302.1326 0.0004 -0.0065 1.0000
-11.2686 -1.9754 7016.8599 -2.5591 -5.2348 2731.8146 -0.0001 -0.0050 1.0000
-9.6828 -1.5218 5988.8328 -2.3647 -4.3426 2411.1985 -0.0004 -0.0041 1.0000
-9.7709 -1.3824 6005.4452 -2.5344 -4.3350 2511.8119 -0.0004 -0.0040 1.0000
-10.7200 -1.5325 6590.0662 -2.9184 -4.9048 2874.7627 -0.0002 -0.0046 1.0000
-10.0582 -1.3886 6172.4527 -2.7585 -4.5014 2686.9555 -0.0004 -0.0042 1.0000
-9.0056 -1.2263 5523.4836 -2.4650 -4.0124 2398.9286 -0.0005 -0.0038 1.0000
-9.4197 -1.3696 5800.1931 -2.4690 -4.2035 2444.9793 -0.0004 -0.0040 1.0000
-8.5847 -1.2477 5287.4690 -2.1764 -3.8145 2178.4611 -0.0006 -0.0036 1.0000
-7.8970 -1.2563 4892.7352 -1.8296 -3.5290 1903.4505 -0.0006 -0.0033 1.0000
-8.1769 -1.3705 5084.8003 -1.7323 -3.6807 1877.5099 -0.0006 -0.0035 1.0000
-7.2180 -1.2622 4504.2858 -1.3032 -3.1928 1506.1281 -0.0007 -0.0030 1.0000
-7.5697 -1.4070 4743.7976 -1.1530 -3.3666 1451.3217 -0.0007 -0.0031 1.0000
-7.1138 -1.3720 4469.9353 -0.9042 -3.0927 1235.0628 -0.0008 -0.0029 1.0000
-7.7970 -1.6240 4925.4759 -0.7227 -3.4291 1197.3762 -0.0007 -0.0032 1.0000
-8.2745 -1.8631 5257.1292 -0.4282 -3.6673 1070.7701 -0.0006 -0.0035 1.0000
-10.0233 -2.3444 6383.0371 -0.1081 -4.4447 1048.7197 -0.0004 -0.0041 1.0000
-9.8672 -2.3985 6302.4002 0.1805 -4.3474 854.7536 -0.0005 -0.0040 1.0000
-9.7101 -2.4928 6231.2132 0.3546 -4.3234 750.7627 -0.0005 -0.0041 1.0000
-13.2734 -3.8955 8621.8022 1.0361 -6.4035 817.4649 0.0002 -0.0062 1.0000
-12.7356 -3.8524 8296.6150 1.1215 -5.9842 679.0375 0.0000 -0.0058 1.0000
-11.3928 -3.4499 7417.8025 1.0999 -5.2361 530.2205 -0.0001 -0.0052 1.0000
-11.5270 -3.4458 7487.2507 1.1670 -5.2350 496.2183 -0.0002 -0.0051 1.0000
-13.4573 -4.1714 8765.6337 1.4144 -6.1373 559.6677 0.0001 -0.0061 1.0000
-9.3645 -2.6595 6039.4709 0.8313 -4.0341 429.7212 -0.0006 -0.0039 1.0000
-12.0569 -3.5876 7799.0029 1.1367 -5.3289 545.7352 -0.0002 -0.0053 1.0000
-10.5492 -3.1210 6811.5851 0.9566 -4.6860 506.4490 -0.0004 -0.0047 1.0000
-14.8629 -4.3582 9564.8724 1.2466 -6.6812 786.8502 0.0001 -0.0066 1.0000
-11.7058 -3.3241 7500.5484 0.7612 -5.1588 722.3958 -0.0004 -0.0051 1.0000
-10.6816 -3.1783 6863.7569 0.6142 -4.8514 734.4729 -0.0004 -0.0050 1.0000
-6.8852 -1.9357 4399.1156 0.1850 -2.9503 553.3921 -0.0009 -0.0031 1.0000
-9.6634 -2.7629 6163.5710 0.3381 -4.2879 752.3871 -0.0006 -0.0044 1.0000
-8.4665 -2.3023 5365.4414 0.1341 -3.6350 717.7219 -0.0009 -0.0036 1.0000
-14.5919 -4.1628 9252.7095 0.3477 -6.6328 1226.6970 -0.0002 -0.0067 1.0000
-12.4334 -3.2702 7805.6512 0.1676 -5.4589 1058.8392 -0.0006 -0.0053 1.0000
-7.5300 -1.8998 4708.7388 -0.1896 -3.1527 771.3883 -0.0011 -0.0031 1.0000
-15.9936 -4.4334 10034.7804 0.1760 -7.3431 1403.8534 -0.0003 -0.0072 1.0000
-7.5581 -1.9835 4725.1492 -0.2402 -3.2012 790.2940 -0.0011 -0.0032 1.0000
-7.3753 -1.7993 4570.1867 -0.3287 -2.9409 774.1819 -0.0012 -0.0029 1.0000
-10.2478 -2.6058 6344.6563 -0.3050 -4.3016 1015.2806 -0.0010 -0.0042 1.0000
-5.9958 -1.4366 3700.5736 -0.4460 -2.2952 702.0710 -0.0013 -0.0023 1.0000
-49.3349 -14.4197 30651.3535 0.4331 -22.6670 3990.4130 0.0016 -0.0229 1.0000
-5.3188 -1.2032 3255.0372 -0.4672 -1.9469 636.1631 -0.0014 -0.0020 1.0000
-6.4080 -1.5443 3927.9379 -0.4419 -2.4881 717.0751 -0.0013 -0.0026 1.0000
-9.4028 -2.2125 5717.8606 -0.4403 -3.7023 920.5347 -0.0013 -0.0037 1.0000
-11.6170 -2.9254 7080.1182 -0.3850 -4.7343 1061.4550 -0.0012 -0.0048 1.0000
-8.3696 -2.0170 5085.1941 -0.5366 -3.2036 872.2628 -0.0014 -0.0033 1.0000
-5.5607 -1.2017 3359.4805 -0.5843 -1.9397 677.7532 -0.0015 -0.0020 1.0000
-7.8480 -1.8269 4740.2273 -0.5906 -2.9517 848.7234 -0.0014 -0.0030 1.0000
-7.6650 -1.7890 4623.0495 -0.5756 -2.8679 819.6859 -0.0015 -0.0029 1.0000
-7.5477 -1.8285 4558.4231 -0.6303 -2.8680 848.9073 -0.0014 -0.0030 1.0000
-7.1767 -1.7355 4331.2238 -0.6497 -2.6911 824.9762 -0.0015 -0.0028 1.0000
-24.0355 -6.3669 14455.9086 -0.7578 -9.9631 2028.1140 -0.0011 -0.0103 1.0000
-6.4992 -1.4860 3895.4433 -0.7560 -2.3312 813.6559 -0.0016 -0.0024 1.0000
-5.8971 -1.3243 3529.6481 -0.7420 -2.0772 760.9804 -0.0016 -0.0021 1.0000
-6.8305 -1.2569 4011.2664 -0.8678 -2.2482 840.7742 -0.0017 -0.0021 1.0000
-5.9535 -1.3544 3558.0426 -0.7749 -2.1108 778.1706 -0.0016 -0.0021 1.0000
-4.8606 -1.0431 2900.1761 -0.7772 -1.6410 707.1010 -0.0016 -0.0017 1.0000
-5.8354 -1.2431 3463.2198 -0.8772 -2.0087 813.4395 -0.0017 -0.0020 1.0000
-14.2136 -3.5637 8428.0825 -1.0821 -5.7718 1476.8344 -0.0016 -0.0057 1.0000
-6.7555 -1.4501 3986.9110 -0.8862 -2.3796 859.4358 -0.0017 -0.0023 1.0000
-5.8041 -1.2841 3440.2853 -0.8912 -2.0575 821.2165 -0.0017 -0.0021 1.0000
-5.8549 -1.4446 3499.2612 -0.8345 -2.2487 825.5338 -0.0016 -0.0023 1.0000
-6.7424 -1.6241 4007.4236 -0.9184 -2.5434 902.9982 -0.0016 -0.0026 1.0000
-5.6944 -1.3592 3389.8991 -0.8841 -2.0997 818.1544 -0.0016 -0.0021 1.0000
-6.3231 -1.4954 3747.0588 -0.9446 -2.3532 879.0072 -0.0017 -0.0024 1.0000
-7.8608 -1.8173 4629.5464 -1.0481 -2.9852 1015.6292 -0.0017 -0.0029 1.0000
-7.0703 -1.9223 4232.3532 -0.9182 -2.8470 933.9710 -0.0016 -0.0030 1.0000
-6.9399 -1.5500 4079.1808 -1.0296 -2.5153 927.8934 -0.0018 -0.0024 1.0000
-10.4801 -2.6428 6182.4605 -1.1276 -4.1770 1201.4534 -0.0017 -0.0041 1.0000
-7.1519 -1.5797 4192.4407 -1.0302 -2.6462 944.7270 -0.0018 -0.0025 1.0000
-7.8612 -1.7634 4608.0181 -1.0527 -2.9149 986.5407 -0.0018 -0.0028 1.0000
-10.2573 -2.2760 5983.4940 -1.1684 -3.8673 1163.8780 -0.0019 -0.0036 1.0000
-8.3582 -2.0330 4934.3178 -1.0473 -3.2244 1033.5893 -0.0017 -0.0032 1.0000
-7.0540 -1.6864 4171.4136 -0.9640 -2.6830 920.5279 -0.0017 -0.0026 1.0000
-9.8751 -2.4085 5826.9501 -1.0809 -3.8727 1139.3552 -0.0017 -0.0038 1.0000
-6.2413 -1.2958 3664.4959 -0.9956 -2.1215 853.7937 -0.0018 -0.0020 1.0000
-9.2827 -1.9225 5415.8752 -1.0814 -3.3480 1056.1431 -0.0019 -0.0031 1.0000
-10.6658 -2.7939 6349.3549 -0.9811 -4.3134 1161.1437 -0.0016 -0.0044 1.0000
-6.7628 -1.6321 4031.2894 -0.8533 -2.5459 855.4143 -0.0016 -0.0026 1.0000
-5.1643 -1.0359 3051.7385 -0.8687 -1.7661 757.5771 -0.0017 -0.0017 1.0000
-10.3896 -2.7451 6220.8687 -0.8257 -4.3163 1105.5560 -0.0015 -0.0043 1.0000
-5.2916 -1.1068 3144.0590 -0.8351 -1.7872 743.4040 -0.0016 -0.0017 1.0000
-5.9365 -1.3049 3536.8390 -0.8459 -2.0505 787.9487 -0.0016 -0.0021 1.0000
-16.6022 -4.0510 9874.0106 -0.9617 -6.5607 1491.1486 -0.0015 -0.0065 1.0000
-7.5933 -1.8912 4568.1418 -0.7617 -2.8355 863.4623 -0.0015 -0.0030 1.0000
-9.4073 -2.3280 5646.8449 -0.7468 -3.6094 970.9704 -0.0014 -0.0037 1.0000
-6.4718 -1.5024 3890.1986 -0.8099 -2.2939 820.1875 -0.0015 -0.0024 1.0000
-15.1690 -3.8071 9100.9194 -0.7319 -6.0119 1333.3799 -0.0012 -0.0062 1.0000
-8.6136 -2.1359 5202.7605 -0.6949 -3.2471 915.0891 -0.0014 -0.0034 1.0000
-6.0376 -1.5082 3675.1742 -0.6653 -2.1900 746.4035 -0.0014 -0.0024 1.0000
-7.7464 -1.8137 4680.6045 -0.6392 -2.7866 824.5442 -0.0014 -0.0029 1.0000
-6.2552 -1.5340 3812.9580 -0.6061 -2.2821 740.7610 -0.0013 -0.0025 1.0000
-5.6137 -1.2675 3410.2207 -0.6118 -1.9253 687.4333 -0.0014 -0.0020 1.0000
-10.5326 -2.8007 6452.1645 -0.4287 -4.1558 966.7820 -0.0010 -0.0044 1.0000
-13.9045 -3.9682 8575.7551 -0.2136 -5.7747 1136.6423 -0.0006 -0.0063 1.0000
-11.6667 -2.9924 7142.5094 -0.2999 -4.5573 977.4356 -0.0009 -0.0048 1.0000
-14.2501 -4.0185 8814.1018 0.0012 -5.7756 1029.1659 -0.0006 -0.0062 1.0000
-8.8241 -2.2689 5441.3351 -0.2535 -3.3429 756.7346 -0.0010 -0.0036 1.0000
-9.1634 -2.4110 5673.2570 -0.1315 -3.5150 727.8360 -0.0009 -0.0037 1.0000
-7.8100 -2.1409 4874.7972 -0.1952 -2.9952 683.5099 -0.0010 -0.0033 1.0000
-8.7621 -2.1949 5427.7041 -0.0581 -3.2739 660.3345 -0.0010 -0.0034 1.0000
-9.5912 -2.8167 6046.6012 0.1993 -3.8873 648.3298 -0.0007 -0.0043 1.0000
-8.3915 -2.2548 5265.1503 0.1266 -3.1491 552.9417 -0.0009 -0.0034 1.0000
-8.5836 -2.5487 5455.4569 0.2721 -3.4282 541.1287 -0.0007 -0.0038 1.0000
-7.4454 -2.0870 4724.1523 0.1795 -2.8453 486.9847 -0.0009 -0.0031 1.0000
-13.4260 -4.0640 8586.9545 1.0095 -5.6788 604.5195 -0.0000 -0.0062 1.0000
-12.6232 -3.9731 8139.7063 1.0351 -5.4459 559.0673 0.0000 -0.0060 1.0000
-9.3319 -2.6247 5974.1302 0.6174 -3.8390 473.3303 -0.0005 -0.0041 1.0000
-9.3132 -2.6911 5995.3080 0.6522 -3.9374 485.5915 -0.0005 -0.0042 1.0000
-12.0122 -3.3387 7716.8757 1.0108 -5.2331 572.9010 -0.0001 -0.0054 1.0000
-10.2493 -2.6541 6556.2846 0.7559 -4.2367 508.2285 -0.0004 -0.0043 1.0000
-8.5542 -2.1703 5470.6005 0.5349 -3.5724 496.8506 -0.0006 -0.0036 1.0000
-9.3298 -2.3453 5965.3819 0.5963 -3.9956 561.3510 -0.0005 -0.0039 1.0000
-8.7027 -2.1567 5557.6411 0.4461 -3.8209 612.9923 -0.0006 -0.0037 1.0000
-9.2309 -2.2210 5874.0674 0.4266 -4.1616 703.9855 -0.0006 -0.0038 1.0000
-9.4276 -2.1711 5968.3790 0.3989 -4.2737 746.0310 -0.0006 -0.0038 1.0000
-8.7109 -2.1555 5537.5676 0.2789 -4.1001 776.7510 -0.0007 -0.0037 1.0000
-9.3193 -2.0828 5857.8937 0.2816 -4.3653 829.8187 -0.0008 -0.0035 1.0000
-12.5778 -2.9978 7919.4861 0.3906 -6.3167 1198.5498 -0.0005 -0.0049 1.0000
-12.2562 -3.0493 7724.1900 0.4934 -6.4068 1145.7724 -0.0005 -0.0049 1.0000
-11.5060 -2.7333 7200.5890 0.3450 -5.9231 1108.1776 -0.0007 -0.0043 1.0000
-10.3517 -2.4415 6459.4227 0.2193 -5.2619 1021.0823 -0.0009 -0.0038 1.0000
-14.7008 -2.9035 9004.4372 0.4471 -7.2626 1297.7828 -0.0010 -0.0045 1.0000
-15.5271 -3.6301 9609.5348 0.5562 -8.2373 1436.8250 -0.0008 -0.0054 1.0000
-18.0957 -4.1912 11161.7273 0.7552 -9.6923 1619.0826 -0.0007 -0.0063 1.0000
-13.4787 -2.9856 8276.1170 0.3838 -7.0709 1277.0524 -0.0011 -0.0044 1.0000
-15.7131 -3.7042 9675.0636 0.4844 -8.5088 1524.6569 -0.0009 -0.0054 1.0000
-28.2851 -6.2765 17271.0725 1.1148 -15.5355 2647.7516 -0.0007 -0.0092 1.0000
-16.4926 -3.6229 10059.0521 0.4522 -8.9813 1653.3826 -0.0011 -0.0055 1.0000
-17.8111 -3.7784 10813.3379 0.3664 -9.8246 1892.3057 -0.0011 -0.0057 1.0000
-18.4631 -3.6225 11116.2817 0.3515 -10.0869 1962.1349 -0.0013 -0.0055 1.0000
-124.2191 -25.4033 74620.0814 3.5418 -71.7599 13400.7820 0.0005 -0.0398 1.0000
-14.6788 -3.0041 8840.6078 0.0560 -8.0524 1714.2549 -0.0013 -0.0049 1.0000
-80.6267 -15.4479 47995.1210 0.2987 -45.9072 9788.5818 -0.0008 -0.0257 1.0000
-32.3629 -7.3395 19496.4493 -0.0981 -18.8945 4182.3898 -0.0007 -0.0120 1.0000
-22.2297 -4.3513 13225.3767 -0.2964 -12.7488 2967.1102 -0.0014 -0.0074 1.0000
-15.1127 -2.6733 8919.6631 -0.3819 -8.3067 2050.7377 -0.0016 -0.0047 1.0000
-17.3698 -3.4557 10300.6049 -0.4527 -9.7767 2425.3366 -0.0014 -0.0061 1.0000
-10.4699 -1.9132 6180.1691 -0.4302 -5.5249 1479.1459 -0.0016 -0.0033 1.0000
35.4458 5.1900 -20325.3426 0.7314 20.4796 -4978.3009 -0.0007 0.0100 1.0000
-13.4581 -1.9474 7774.6156 -0.6297 -7.1093 1962.0278 -0.0019 -0.0037 1.0000
-25.3988 -3.7132 14586.0060 -0.7265 -13.9305 3551.0589 -0.0023 -0.0070 1.0000
47.9582 10.5571 -28049.5351 0.0527 29.9097 -6772.2115 -0.0020 0.0190 1.0000
-22.6931 -3.6229 13094.0208 -0.3401 -12.2252 2973.3865 -0.0021 -0.0066 1.0000
-1024.9713 -187.3504 591876.9940 -5.9575 -596.7405 139594.4110 -0.0197 -0.3294 1.0000
-38.3909 -7.4956 22309.5578 -0.2366 -22.0496 5200.1841 -0.0022 -0.0124 1.0000
-17.9907 -3.4871 10489.1886 0.1995 -9.9021 2159.8316 -0.0019 -0.0057 1.0000
-144.0126 -26.6139 83170.9626 1.9153 -83.1107 18087.9654 -0.0051 -0.0445 1.0000
-10.3340 -1.8001 6009.5775 0.1111 -5.3137 1168.7274 -0.0019 -0.0030 1.0000
24.3689 4.6436 -14034.8137 -0.9723 14.4614 -2787.3535 -0.0008 0.0075 1.0000
-16.6823 -3.0189 9701.6209 0.3244 -8.9530 1898.9779 -0.0021 -0.0048 1.0000
8.3948 2.1230 -4913.5806 -0.6913 5.5253 -877.1545 -0.0016 0.0034 1.0000
1.0000 0.0000 0.0000 0.0000 1.0000 0.0000 0.0000 0.0000 1.0000
19.9194 3.7887 -11543.6580 -1.6021 11.7718 -1791.6056 -0.0009 0.0059 1.0000
-13.2199 -1.6109 7570.8906 0.5030 -6.6473 1246.7915 -0.0024 -0.0027 1.0000
-34.9310 -7.7135 20715.0562 2.2299 -19.9936 3299.6865 -0.0021 -0.0119 1.0000
85.4234 13.1753 -49127.8507 -6.0239 49.4269 -7741.0732 0.0033 0.0209 1.0000
-13.0170 -2.6214 7689.1369 0.7977 -7.2148 1161.7805 -0.0020 -0.0040 1.0000
-14.0913 -2.4162 8222.5160 0.8253 -7.8950 1278.2830 -0.0023 -0.0038 1.0000
-30.2155 -5.2495 17581.8109 2.3066 -17.4963 2491.2754 -0.0034 -0.0076 1.0000
-18.4988 -3.1389 10772.6219 1.3561 -10.4690 1470.7535 -0.0027 -0.0046 1.0000
-13.1079 -2.3335 7673.3198 0.8989 -7.3689 1044.5445 -0.0024 -0.0033 1.0000
-13.7986 -2.2713 8030.1580 0.9942 -7.5110 981.8582 -0.0026 -0.0029 1.0000
-11.7934 -2.2818 6943.6986 0.9128 -6.5742 812.8274 -0.0023 -0.0030 1.0000
-11.1797 -2.3165 6615.1377 0.8443 -6.3342 782.8972 -0.0022 -0.0030 1.0000
-7.8116 -1.5143 4611.4132 0.5049 -4.1358 517.0987 -0.0021 -0.0019 1.0000
-8.4025 -1.7305 4973.3131 0.6476 -4.5153 487.4296 -0.0022 -0.0020 1.0000
-10.7258 -2.7814 6451.5608 1.0414 -6.1919 557.3718 -0.0021 -0.0034 1.0000
-8.1234 -1.8408 4835.3568 0.6799 -4.3840 407.4190 -0.0021 -0.0021 1.0000
-4.4222 -1.0962 2675.2816 0.0907 -2.2220 354.2639 -0.0018 -0.0013 1.0000
-8.8580 -2.0254 5257.7598 0.9078 -4.5953 265.3069 -0.0023 -0.0021 1.0000
-6.5344 -1.4039 3868.6037 0.4902 -3.2199 263.9378 -0.0021 -0.0014 1.0000
-7.1119 -1.9587 4294.4073 0.7051 -3.7387 223.1377 -0.0020 -0.0021 1.0000
-7.5615 -1.9107 4516.5271 0.8273 -3.8175 147.5470 -0.0021 -0.0019 1.0000
-6.7594 -1.5844 4010.6826 0.7392 -3.1775 78.7426 -0.0022 -0.0015 1.0000
-10.3346 -2.3177 6063.7269 1.4930 -4.8396 -120.1929 -0.0026 -0.0020 1.0000
-19.1746 -5.3547 11389.8948 4.0641 -9.9776 -806.0202 -0.0031 -0.0049 1.0000
-8.8912 -2.4390 5303.9330 1.4846 -4.3248 -178.0242 -0.0022 -0.0022 1.0000
-19.2737 -4.1275 11135.4487 4.1733 -9.0002 -1063.7811 -0.0036 -0.0033 1.0000
-11.7034 -3.0428 6883.6753 2.5484 -5.6455 -596.1361 -0.0026 -0.0027 1.0000
-8.1315 -2.1456 4804.6847 1.4196 -3.7664 -221.4272 -0.0022 -0.0018 1.0000
-8.5908 -2.2031 5056.3103 1.6477 -3.8694 -336.4015 -0.0023 -0.0019 1.0000
-11.6165 -3.3165 6851.8257 2.7137 -5.5855 -672.4863 -0.0024 -0.0030 1.0000
-12.9165 -3.6925 7594.8185 3.1006 -6.1292 -807.1638 -0.0025 -0.0034 1.0000
-8.2261 -2.2097 4836.5026 1.6949 -3.6560 -378.7682 -0.0021 -0.0020 1.0000
-19.7441 -5.7033 11514.1575 5.3705 -9.7858 -1491.8958 -0.0030 -0.0052 1.0000
-16.2655 -4.2489 9383.9931 4.3411 -8.0349 -1157.8340 -0.0029 -0.0039 1.0000
-15.3930 -5.1298 9111.9585 4.3410 -8.3169 -1053.1650 -0.0023 -0.0052 1.0000
-9.7552 -2.9645 5756.6197 2.3822 -4.9571 -490.6953 -0.0021 -0.0030 1.0000
-11.2527 -2.6457 6469.4874 2.6312 -5.2255 -591.3359 -0.0024 -0.0027 1.0000
-7.2894 -1.7067 4228.1394 1.4191 -3.2164 -227.1099 -0.0020 -0.0018 1.0000
-6.3640 -1.8180 3769.9739 1.2522 -2.8878 -175.6418 -0.0018 -0.0021 1.0000
-4.6254 -0.8078 2659.1049 0.5359 -1.7113 21.1931 -0.0019 -0.0009 1.0000
-5.0936 -1.0746 2941.4612 0.6525 -2.1149 40.4181 -0.0018 -0.0013 1.0000
-7.4952 -1.5722 4265.9043 1.1753 -3.3138 -27.1823 -0.0020 -0.0020 1.0000
-6.2832 -1.0794 3539.6638 0.7880 -2.6309 68.0745 -0.0020 -0.0015 1.0000
-5.4784 -1.4231 3201.9670 0.6485 -2.4131 112.3881 -0.0017 -0.0019 1.0000
-5.8244 -1.4037 3373.8230 0.6887 -2.5905 125.9850 -0.0017 -0.0020 1.0000
-7.5079 -1.5977 4258.3082 0.9630 -3.5041 148.4072 -0.0019 -0.0024 1.0000
-6.5068 -1.1022 3650.0419 0.6881 -2.8251 168.2398 -0.0019 -0.0018 1.0000
-5.3264 -0.6752 2967.1912 0.4291 -2.1023 171.7369 -0.0019 -0.0012 1.0000
-5.0081 -0.7639 2814.6491 0.3757 -2.1123 206.7682 -0.0018 -0.0013 1.0000
-6.0500 -1.7259 3542.6641 0.6852 -3.0547 216.1390 -0.0016 -0.0026 1.0000
-5.3051 -0.9083 2996.1521 0.4856 -2.3503 184.3500 -0.0018 -0.0016 1.0000
-5.5138 -0.9927 3113.8789 0.5317 -2.5357 191.7513 -0.0018 -0.0017 1.0000
-4.8510 -1.0416 2791.7571 0.5009 -2.2010 143.0571 -0.0017 -0.0017 1.0000
-4.5673 -0.5534 2553.2530 0.3689 -1.8085 138.8366 -0.0018 -0.0011 1.0000
-6.3284 -1.0521 3548.9607 0.9293 -2.8923 21.6466 -0.0019 -0.0018 1.0000
-4.3411 -0.7483 2479.8550 0.5078 -1.7871 55.4531 -0.0017 -0.0012 1.0000
-4.6966 -1.0983 2737.2377 0.7314 -2.1538 1.7481 -0.0016 -0.0017 1.0000
-4.3859 -0.8735 2530.8247 0.7125 -1.8834 -42.0001 -0.0017 -0.0014 1.0000
-4.8955 -0.9871 2801.3441 0.9772 -2.3007 -112.7005 -0.0017 -0.0016 1.0000
-4.2074 -0.6872 2391.7456 0.7473 -1.7812 -81.0535 -0.0017 -0.0012 1.0000
-4.2117 -0.8876 2433.3152 0.8941 -1.8560 -150.2133 -0.0017 -0.0014 1.0000
-5.8185 -0.9703 3240.5642 1.5426 -2.7768 -347.0059 -0.0019 -0.0017 1.0000
-3.7825 -0.9888 2226.5680 0.8014 -1.7092 -119.1854 -0.0016 -0.0015 1.0000
-4.9550 -0.7506 2764.7424 1.1902 -2.2072 -250.1026 -0.0018 -0.0013 1.0000
-3.5082 -0.6872 2023.9754 0.6753 -1.4551 -97.6531 -0.0017 -0.0011 1.0000
-3.2778 -0.6056 1897.5742 0.5944 -1.2760 -87.3578 -0.0017 -0.0010 1.0000
-3.3265 -0.7459 1936.0032 0.6983 -1.4748 -107.2362 -0.0016 -0.0012 1.0000
-4.0679 -0.6974 2286.5002 1.0640 -1.9484 -228.6883 -0.0017 -0.0013 1.0000
-3.5121 -0.6480 2002.3189 0.8372 -1.5869 -169.2390 -0.0017 -0.0011 1.0000
-3.0126 -0.7022 1771.6214 0.6484 -1.3172 -110.8642 -0.0016 -0.0011 1.0000
-3.5799 -0.6646 2041.5483 0.9725 -1.6661 -234.1109 -0.0017 -0.0012 1.0000
-2.7855 -0.5797 1633.5415 0.5966 -1.1666 -112.3885 -0.0016 -0.0010 1.0000
-3.6365 -0.8299 2090.1588 1.1928 -1.9270 -312.3422 -0.0017 -0.0014 1.0000
-3.3272 -0.7763 1913.3967 1.0598 -1.7843 -265.0314 -0.0017 -0.0013 1.0000
-2.9535 -0.5426 1683.7220 0.8183 -1.4112 -199.7802 -0.0017 -0.0010 1.0000
-2.5338 -0.6718 1504.1526 0.6381 -1.2181 -129.8860 -0.0016 -0.0010 1.0000
-2.5966 -0.7077 1536.0864 0.7404 -1.2994 -175.2231 -0.0016 -0.0011 1.0000
-2.3584 -0.8996 1451.3432 0.7039 -1.2859 -153.6803 -0.0015 -0.0013 1.0000
-2.5703 -0.4070 1454.2725 0.6664 -1.1273 -169.2736 -0.0018 -0.0007 1.0000
-2.6260 -0.7518 1546.3315 0.8802 -1.3374 -252.5771 -0.0017 -0.0011 1.0000
-2.4350 -0.9542 1491.6158 0.8682 -1.3227 -246.0124 -0.0015 -0.0013 1.0000
-2.5401 -0.6701 1481.5944 0.8833 -1.2138 -281.6285 -0.0017 -0.0009 1.0000
-3.0721 -1.1540 1806.6523 1.6051 -1.9474 -561.8547 -0.0017 -0.0015 1.0000
-2.5563 -1.3000 1597.4266 1.2608 -1.6056 -423.7684 -0.0015 -0.0016 1.0000
-2.2808 -0.4477 1314.7929 0.6639 -0.8984 -216.2956 -0.0017 -0.0006 1.0000
-2.3840 -0.7223 1407.6940 0.9013 -1.1569 -305.0011 -0.0017 -0.0009 1.0000
-2.3297 -0.9156 1415.7383 0.9619 -1.2807 -314.1255 -0.0016 -0.0012 1.0000
-2.4385 -1.1766 1511.8249 1.2130 -1.5174 -416.4642 -0.0015 -0.0015 1.0000
-1.9558 -0.3623 1145.2586 0.3948 -0.6299 -111.9246 -0.0017 -0.0005 1.0000
-1.9939 -0.5185 1188.9958 0.5222 -0.7881 -155.3112 -0.0017 -0.0007 1.0000
-1.9962 -0.5182 1191.4582 0.5401 -0.7642 -173.0853 -0.0017 -0.0007 1.0000
-2.2950 -0.9815 1414.2145 1.0604 -1.2916 -379.2963 -0.0016 -0.0013 1.0000
-1.9942 -0.5095 1191.5310 0.5421 -0.7660 -176.9011 -0.0017 -0.0007 1.0000
-1.7946 -0.4209 1083.7973 0.2912 -0.6045 -57.0724 -0.0016 -0.0005 1.0000
-2.3967 -1.1378 1492.8309 1.3069 -1.5958 -470.7318 -0.0015 -0.0016 1.0000
-1.9309 -0.3358 1129.7002 0.4286 -0.6486 -137.4393 -0.0017 -0.0004 1.0000
-1.9658 -0.8502 1237.6009 0.7560 -1.1288 -234.6765 -0.0015 -0.0012 1.0000
-1.6885 -0.4064 1021.9327 0.2464 -0.6339 -28.5688 -0.0016 -0.0006 1.0000
-1.7061 -0.4783 1043.0719 0.3053 -0.7007 -52.4146 -0.0016 -0.0007 1.0000
-1.9139 -0.4266 1132.1491 0.4582 -0.8072 -129.6776 -0.0017 -0.0006 1.0000
-1.9482 -0.5640 1177.1756 0.5487 -0.9332 -159.5264 -0.0016 -0.0008 1.0000
-2.2404 -0.5646 1317.7579 0.8055 -1.1105 -287.8972 -0.0017 -0.0008 1.0000
-2.1811 -0.6181 1303.8716 0.7469 -1.1283 -246.5486 -0.0017 -0.0009 1.0000
-2.2027 -0.6025 1313.8435 0.7490 -1.1208 -250.3609 -0.0017 -0.0009 1.0000
-1.8178 -0.5726 1120.9089 0.3704 -0.8779 -60.9807 -0.0016 -0.0009 1.0000
-2.0024 -0.5317 1206.9008 0.4636 -0.9195 -113.8685 -0.0016 -0.0008 1.0000
-1.8232 -0.3980 1094.5876 0.2338 -0.6935 -16.9750 -0.0016 -0.0006 1.0000
