634.490610 236.706573 695.786385 237.908451 722.227700 520.349765 650.115023 523.955399 
638.869651 224.389428 700.288911 224.210400 724.803314 512.676178 655.329861 511.948315 
638.751536 221.487405 700.059330 223.122279 723.427537 507.294114 656.735155 510.042757 
641.032746 217.627918 701.604846 219.957614 727.231505 505.733679 656.564054 505.733679 
641.012931 214.020773 703.120183 215.511070 727.661281 502.576125 658.179114 504.211000 
643.890564 210.286196 705.198358 211.921070 729.721476 498.024111 660.239309 498.024111 
646.781506 204.609242 708.954881 206.440278 733.834487 493.802195 664.487197 493.802195 
650.688467 199.790659 711.873053 200.690432 736.169511 486.680199 665.912093 486.770606 
653.737632 192.270694 716.266678 193.899829 740.385982 480.008609 670.903815 480.008609 
660.960295 186.180716 722.268089 186.998154 745.156333 474.736069 675.232757 474.753802 
666.459710 178.793064 728.161644 179.951558 753.011737 468.057319 682.344286 468.833885 
673.264889 174.422894 735.390121 175.199459 759.463648 464.081787 690.349328 463.305221 
681.184104 171.219336 742.630968 171.585603 766.618927 461.168687 695.171908 460.887855 
686.879585 169.051073 749.587240 169.788810 771.972212 458.024911 703.109801 457.506289 
692.314849 168.950214 755.396707 169.050313 777.892355 458.143167 707.807328 457.405430 
695.812033 167.047670 759.044729 168.458065 780.169156 455.566438 712.297340 456.304175 
698.146616 167.239193 760.541125 168.707299 782.389300 457.682430 713.606568 456.853722 
700.200615 167.068307 761.725312 169.132188 783.031160 458.092754 713.121346 457.426946 
701.038849 168.434683 763.180694 169.351496 783.927488 458.345938 713.620424 456.227782 
701.292019 167.927712 764.368544 170.731113 783.992351 458.780574 712.505624 457.378874 
701.692253 169.218358 764.532028 170.094963 784.102088 460.278580 713.277703 458.907786 
702.719516 169.169329 766.007200 170.174809 783.868204 459.057136 714.007287 457.705395 
702.696896 167.900780 766.419676 171.061077 782.593827 460.190385 712.018205 458.858769 
704.274007 169.825155 767.502410 170.882323 782.169356 460.660972 712.734114 459.437676 
704.513131 170.010894 767.152853 172.593975 782.249349 462.555512 713.175333 460.922732 
706.151944 172.198387 768.896487 174.522259 783.157939 464.412754 712.348936 461.133132 
705.927913 172.881270 769.606276 175.210966 782.983318 464.791203 712.917002 462.540162 
707.394960 174.069614 769.069784 177.573865 781.685089 467.025027 711.600062 464.221626 
708.243596 176.085668 771.320120 179.589919 782.476072 469.487869 711.917142 467.381632 
710.829751 178.060015 773.404262 182.551009 781.911493 471.567532 712.020608 467.684705 
711.981601 180.605037 775.058126 184.810139 781.365778 473.560450 711.280751 470.056199 
714.161826 181.439286 776.729140 187.052195 780.940719 475.643357 711.808273 472.556462 
714.882598 183.503567 777.903414 190.076498 779.686640 478.681493 710.586607 473.001436 
716.722892 185.108667 779.003702 190.616586 779.525379 481.643513 708.702615 475.741616 
716.197050 187.689027 778.572724 194.697530 775.769323 482.746991 707.055185 476.812931 
717.131294 188.155813 778.262794 195.119816 772.461579 485.463874 703.852026 477.348766 
714.106748 188.634729 776.231980 197.176949 768.466326 486.835841 699.352006 479.070187 
712.333269 189.986150 772.827714 198.838995 763.237131 486.556474 692.414367 479.179103 
708.556777 189.830445 770.063082 199.541967 757.114386 487.650449 688.324440 479.557514 
702.507460 192.304237 766.181520 200.908840 749.290804 489.704995 680.135493 480.558429 
697.178633 191.601018 758.527299 201.696368 740.868560 491.321310 673.105106 481.259910 
689.024175 192.439060 750.256357 204.242854 731.157417 491.816482 663.203376 480.156539 
681.096703 193.476307 740.853410 204.542364 719.459034 492.259843 652.324955 481.193786 
670.885191 193.478160 730.243516 206.381823 706.072389 493.453136 639.501850 481.557771 
659.088901 194.911352 717.335673 207.584255 693.889357 494.686890 625.696589 482.240548 
648.796390 196.473899 707.520635 209.609585 679.515435 495.550147 613.252769 482.368245 
638.475019 194.290888 699.448992 211.111295 667.910730 497.058205 599.928254 483.041199 
632.017653 196.784811 692.512097 211.539553 660.051663 497.043821 591.442111 485.240027 
631.178633 197.909747 690.371259 212.746389 653.586583 498.849430 585.739290 483.318122 
632.660522 198.784016 689.881130 215.132761 650.644141 499.600927 582.796849 483.252182 
633.983427 198.688833 692.414417 215.487743 649.321562 498.147656 582.856311 482.079134 
639.492511 198.828939 695.422429 216.038145 649.818035 494.827273 586.143975 480.199448 
646.760603 196.436384 702.279381 215.860586 654.050583 493.789254 588.655602 476.623071 
656.601640 194.602817 712.514349 212.463821 659.707902 492.027364 596.806105 473.389794 
671.537515 188.989200 726.313722 207.722717 671.933604 487.603159 609.963686 468.421994 
689.505776 181.671014 744.641920 201.085149 687.176080 479.095561 625.050849 460.457991 
710.374452 172.813972 765.048473 192.482762 705.476200 471.421170 643.100526 452.498212 
729.749345 160.215740 786.684207 181.362974 727.309279 459.530446 663.054220 440.009922 
749.669166 147.647927 808.944383 168.506788 747.865282 448.146046 682.370824 426.805155 
768.084165 132.291295 827.916254 154.254973 766.569429 437.510687 700.509681 416.133387 
784.325271 119.491129 843.196694 139.815787 785.026121 423.660146 719.146196 403.335488 
800.049975 104.469710 861.724799 125.495218 802.152526 412.142979 737.674301 392.519171 
816.992277 93.262542 876.564550 111.484649 820.496529 401.636660 756.719154 382.012853 
833.760134 79.585979 894.473320 98.508316 842.772380 387.804784 776.107465 370.120567 
849.823852 65.923815 912.016797 82.565777 861.976088 376.922890 795.745738 359.997356 
864.284657 50.435838 927.803824 68.252190 882.875633 364.158551 814.708722 347.891447 
876.009351 38.031814 941.741112 52.801463 900.075099 348.777192 830.169000 334.306484 
887.136054 17.531220 950.037851 32.285963 918.198670 333.593336 845.978088 318.062028 
888.277880 4.968715 953.848407 15.168574 922.520266 321.164365 852.578371 308.050259 
887.797935 -9.670891 952.391980 6.998540 927.165182 311.963097 855.592004 300.886296 
0.000000 0.000000 0.000000 0.000000 0.000000 0.000000 0.000000 0.000000 
0.000000 0.000000 0.000000 0.000000 0.000000 0.000000 0.000000 0.000000 
0.000000 0.000000 0.000000 0.000000 0.000000 0.000000 0.000000 0.000000 
0.000000 0.000000 0.000000 0.000000 0.000000 0.000000 0.000000 0.000000 
0.000000 0.000000 0.000000 0.000000 0.000000 0.000000 0.000000 0.000000 
0.000000 0.000000 0.000000 0.000000 0.000000 0.000000 0.000000 0.000000 
0.000000 0.000000 0.000000 0.000000 0.000000 0.000000 0.000000 0.000000 
0.000000 0.000000 0.000000 0.000000 0.000000 0.000000 0.000000 0.000000 
0.000000 0.000000 0.000000 0.000000 0.000000 0.000000 0.000000 0.000000 
0.000000 0.000000 0.000000 0.000000 0.000000 0.000000 0.000000 0.000000 
0.000000 0.000000 0.000000 0.000000 0.000000 0.000000 0.000000 0.000000 
0.000000 0.000000 0.000000 0.000000 0.000000 0.000000 0.000000 0.000000 
0.000000 0.000000 0.000000 0.000000 0.000000 0.000000 0.000000 0.000000 
0.000000 0.000000 0.000000 0.000000 0.000000 0.000000 0.000000 0.000000 
0.000000 0.000000 0.000000 0.000000 0.000000 0.000000 0.000000 0.000000 
0.000000 0.000000 0.000000 0.000000 0.000000 0.000000 0.000000 0.000000 
0.000000 0.000000 0.000000 0.000000 0.000000 0.000000 0.000000 0.000000 
0.000000 0.000000 0.000000 0.000000 0.000000 0.000000 0.000000 0.000000 
0.000000 0.000000 0.000000 0.000000 0.000000 0.000000 0.000000 0.000000 
0.000000 0.000000 0.000000 0.000000 0.000000 0.000000 0.000000 0.000000 
0.000000 0.000000 0.000000 0.000000 0.000000 0.000000 0.000000 0.000000 
0.000000 0.000000 0.000000 0.000000 0.000000 0.000000 0.000000 0.000000 
0.000000 0.000000 0.000000 0.000000 0.000000 0.000000 0.000000 0.000000 
0.000000 0.000000 0.000000 0.000000 0.000000 0.000000 0.000000 0.000000 
0.000000 0.000000 0.000000 0.000000 0.000000 0.000000 0.000000 0.000000 
0.000000 0.000000 0.000000 0.000000 0.000000 0.000000 0.000000 0.000000 
0.000000 0.000000 0.000000 0.000000 0.000000 0.000000 0.000000 0.000000 
0.000000 0.000000 0.000000 0.000000 0.000000 0.000000 0.000000 0.000000 
0.000000 0.000000 0.000000 0.000000 0.000000 0.000000 0.000000 0.000000 
832.973622 11.569755 899.093201 9.758260 927.456160 302.979986 856.047244 303.402524 
835.060623 24.293018 899.968214 22.608628 928.491540 312.067567 856.655015 313.123986 
837.146738 37.363731 902.378232 35.810600 930.334586 323.916362 859.667135 325.469493 
840.218635 51.652797 903.664028 50.177323 933.173513 337.157065 863.826223 340.108013 
841.148118 64.115474 907.028043 62.012924 935.762904 350.763235 865.677877 352.164935 
842.450700 73.699589 908.109304 71.486377 937.618789 360.679331 866.058288 361.417068 
845.713458 81.482204 910.135352 80.153917 939.357654 368.392082 869.622614 370.384512 
848.778734 87.597840 912.036945 86.214100 942.960217 374.789136 872.404827 375.811678 
850.467144 92.168369 915.115374 90.548212 945.251935 379.298523 875.166908 381.401073 
852.967504 95.387691 916.412896 94.649954 947.397856 381.629696 877.312829 383.105170 
854.973414 97.448250 919.001762 97.039438 949.685180 385.045153 878.555439 385.045153 
855.840921 97.928914 920.100037 97.163925 950.258779 384.911155 881.085573 386.329947 
857.726185 99.636237 921.503559 98.935387 951.640121 386.283997 882.255944 387.685698 
859.795959 100.989576 922.794778 99.185493 953.155612 385.715861 882.946184 387.613413 
860.400401 100.134641 923.847672 100.080604 953.357157 387.798083 884.009867 387.060345 
860.694320 101.610929 925.277673 100.279314 954.573214 388.574072 884.663399 388.574072 
861.612662 102.318863 924.514459 99.989167 954.800509 388.871494 886.170094 389.590932 
862.071537 102.879164 924.447211 101.477464 954.583772 388.125224 885.199596 389.526924 
861.589602 101.724164 925.666505 100.434096 954.636508 389.199610 885.482307 390.134127 
861.884206 102.636157 924.803039 100.538863 954.541018 387.052807 884.954445 387.868200 
861.203555 100.998331 925.681780 100.297481 951.613240 385.543541 885.032464 386.945241 
861.370636 100.838972 926.291503 98.625760 952.112302 384.867765 883.502750 386.343239 
862.413262 99.265697 923.930633 97.652992 952.326898 383.646058 883.364543 383.238263 
860.983907 96.807090 925.438834 96.030524 951.842058 381.806590 881.951172 382.583155 
861.511040 94.370816 924.991481 93.790320 949.841573 379.566386 881.503819 381.119516 
862.125452 91.920215 925.386069 92.128227 950.523554 377.547523 881.859578 377.632495 
862.286841 89.523603 925.923329 88.196045 947.864348 375.027871 880.730269 374.290134 
861.667595 85.721404 924.218482 84.985511 948.502943 372.719590 880.064915 371.247804 
861.688252 82.188985 925.448358 79.736673 948.147258 366.462131 878.812620 366.115458 
862.769593 76.011299 925.033531 74.323125 945.684578 360.856395 878.797937 360.635830 
862.534378 69.304307 927.117730 68.638499 946.426155 354.935834 879.179572 354.935834 
864.709116 61.477972 927.048045 61.395009 945.532028 346.345610 877.296291 346.345610 
864.591216 52.038949 928.892063 52.794441 944.310769 337.339651 876.328293 338.040501 
866.386263 43.516207 929.046434 43.188705 945.349892 330.310711 876.513070 331.216459 
868.035238 35.980647 932.254449 35.968168 944.648891 322.947161 877.909590 321.993743 
869.471304 28.397931 934.054656 29.063738 944.041772 317.358497 876.795189 316.026881 
871.644960 22.758502 935.715111 23.297369 943.552197 311.719068 876.305614 310.387452 
872.965851 17.964900 936.042375 19.366600 943.050877 308.116911 876.470102 305.313510 
876.121308 12.558500 939.914662 14.892403 942.248565 304.296398 876.121308 301.184527 
877.011227 8.979618 941.588770 11.431930 943.223645 300.804719 876.193789 297.534970 
881.150981 5.640145 943.858637 7.853356 942.383163 299.259521 875.990419 296.324370 
881.623017 4.583430 946.607668 8.868132 943.037083 297.371416 875.195964 293.800831 
884.195513 2.013102 949.746450 5.499854 942.075596 296.992321 874.432607 292.808218 
886.410528 1.507979 950.638924 5.648641 942.532035 295.942554 875.023555 290.249068 
889.819034 0.500000 953.899143 5.571933 942.396980 295.426444 874.534217 289.675362 
892.715569 1.218563 954.252470 6.536120 943.014970 295.829341 875.574767 290.670653 
894.119577 0.500000 957.542233 5.293573 942.792778 297.596185 875.470060 292.955090 
897.026946 2.655689 958.734397 7.395370 944.132437 298.874917 875.470060 292.955090 
897.026946 2.655689 961.250216 8.749952 944.168263 298.843713 875.426946 291.061677 
899.081457 5.179857 962.841563 11.719355 944.040506 301.092144 877.828088 293.735209 
899.019458 5.769287 962.846435 12.062087 943.968033 302.429887 876.545170 294.339143 
900.060442 8.561900 964.892906 16.189249 943.917697 304.121661 878.131814 296.494312 
900.044910 9.913174 963.570859 17.184978 943.314285 304.340867 876.835329 296.619760 
900.862875 10.917841 965.304464 18.312777 943.119655 307.771716 876.565227 299.320360 
901.412823 11.866009 965.313052 19.698284 942.997900 308.669303 876.951013 299.699973 
902.772616 12.954145 966.174951 20.200127 941.719765 309.133628 875.600186 300.981900 
903.124112 13.691970 966.410891 21.050898 942.126429 309.520869 876.631971 300.690156 
902.943609 12.966669 966.151213 22.574230 941.686762 311.699563 873.853511 299.467337 
902.966836 13.714479 966.151213 22.574230 941.686762 311.699563 876.451537 301.347973 
903.477280 14.323462 966.703986 23.355848 940.610425 312.392219 876.380120 301.352635 
903.532482 15.878872 966.407948 23.928304 940.781290 311.257500 875.549797 301.938716 
903.815884 16.022656 967.406290 23.971457 940.579088 312.115485 875.001481 302.179484 
904.226160 16.042737 965.817001 25.100213 941.361814 313.127968 875.242236 304.070491 
904.150975 18.627042 966.828571 25.683230 941.537212 312.998507 874.783557 304.454040 
904.275567 18.501269 967.794734 27.022133 941.457519 314.407630 874.065232 305.112143 
905.570167 23.455335 967.189844 27.548747 940.589973 316.572470 873.732210 305.730671 
903.714432 22.298426 967.315138 30.452363 941.222540 319.917114 875.175653 308.501603 
903.334417 25.194668 965.557525 34.227054 942.474759 321.256228 873.226462 311.220243 
902.837303 29.761231 965.930910 36.402664 940.693467 324.640828 875.607430 315.342823 
902.836585 34.132485 965.738382 41.121574 940.888289 329.227336 874.880231 319.908551 
902.663153 40.649686 964.011819 48.415340 940.714857 334.967971 873.930233 324.872621 
901.468554 45.774536 962.760204 53.939632 940.281458 340.752608 875.593284 330.402500 
899.685497 53.709536 963.087832 60.955517 940.444141 348.077524 873.418815 337.208552 
898.883519 63.247712 961.008750 69.787210 941.390256 355.072814 874.360401 345.263567 
896.907177 70.558044 960.158913 77.881929 940.850488 362.847649 874.269713 354.192148 
895.185125 80.451393 956.582393 88.625979 939.888956 371.797049 872.833210 364.089492 
890.805029 92.265285 953.221721 98.601927 937.282468 382.933713 869.410652 373.343130 
886.325466 103.956607 947.251869 109.829031 933.174799 393.089808 867.402344 384.734364 
878.629931 115.408006 939.992722 122.132814 926.776986 404.290333 859.992362 394.971549 
870.464086 126.576608 931.390489 133.917138 919.645640 415.059457 852.846813 406.250820 
865.843343 134.681678 925.600051 141.321312 915.271731 423.874631 847.399915 415.021786 
857.295934 144.788281 918.755600 151.622972 907.798666 432.760065 840.856093 425.269960 
848.449624 155.318101 908.839997 161.292018 898.327243 440.931275 834.549868 433.922773 
840.132431 167.185790 898.849935 174.106864 890.285236 453.706940 824.775580 445.174743 
829.778251 178.115828 890.020114 184.574468 881.499250 465.762974 815.738593 455.099195 
818.381004 188.685481 876.623409 195.674570 868.048822 475.611719 804.402827 466.695893 
804.511700 200.462117 863.388111 208.365093 852.230505 485.213201 789.468969 477.542347 
788.801413 214.053389 843.536379 221.433476 833.727126 498.584791 772.419338 490.370334 
770.065458 226.354038 825.995376 233.237720 814.809392 511.166388 752.080509 502.770090 
749.689927 239.681599 806.995278 248.378178 792.996945 525.596252 729.532879 515.827300 
730.023618 254.399287 785.224135 264.605866 769.144878 540.749632 705.657096 529.977569 
707.220089 271.184616 764.297646 280.969340 742.308569 555.743296 680.312098 545.972281 
689.606751 283.168849 744.660730 294.179645 721.171033 570.917645 658.776523 559.172797 
675.172514 292.740078 730.232437 305.754241 706.206289 584.057126 641.135470 571.042962 
664.640693 299.310092 721.728618 312.582440 694.541629 592.101596 628.721000 578.387572 
653.981815 306.867761 711.949665 322.265471 679.342750 599.424253 616.846162 584.932291 
646.726265 312.162302 705.543027 327.340821 671.391359 606.246111 606.882652 591.067592 
642.231067 316.802631 697.881091 331.098771 663.727625 610.651218 597.950579 595.471900 
638.103709 317.889797 696.468729 334.197670 660.419746 614.006444 591.755017 597.698570 
635.315331 320.112298 692.092479 336.199157 655.187333 617.246042 588.947326 601.159183 
633.658931 322.873501 690.007340 339.159301 653.120484 620.237146 586.724142 604.006929 
632.473065 323.728977 690.974281 340.071672 651.138446 621.525822 585.750588 604.761188 
631.520987 324.166611 689.010430 341.312774 648.864202 623.765314 581.057781 606.599132 
630.607157 325.102163 686.528017 343.076725 644.986953 625.102944 579.679231 608.700811 
630.385710 326.561688 687.321718 345.999594 641.370165 628.134898 575.463437 609.161749 
631.907634 331.833634 687.404823 349.850680 636.913081 632.160488 569.895769 612.007688 
632.955752 333.637750 686.673496 353.684707 630.948555 635.720901 564.711054 613.641734 
633.839350 336.835911 688.184209 357.668107 622.970378 640.261375 559.568042 613.994693 
636.249321 340.587741 689.555228 363.806679 616.927193 642.173502 551.145865 616.144837 
637.695121 338.609416 692.295653 365.781384 614.115329 640.365937 548.329447 611.763379 
640.543861 339.595692 694.122182 365.764346 607.812710 640.750338 542.578807 610.642382 
643.422725 339.817292 695.958427 367.675586 602.222365 639.840426 538.837196 609.204261 
645.406804 337.948500 698.227779 367.528245 597.290043 637.788930 534.482759 605.222629 
650.096714 334.641378 700.202902 366.296166 591.044337 633.791779 529.831696 600.859087 
650.458709 331.044500 699.357183 363.243772 581.288685 627.112708 522.777387 591.833837 
649.587055 323.357442 696.672379 356.328930 569.558838 617.154415 513.490816 579.308501 
646.834713 309.895459 692.910614 344.480987 557.011670 600.747567 502.832518 562.085379 
643.468374 293.248189 688.423291 328.889743 546.150686 579.794140 490.783515 539.845674 
638.710446 271.839335 681.607397 307.632332 534.068569 553.498434 480.994874 512.068325 
631.794652 239.827017 676.684112 279.565228 523.618413 522.409846 469.162347 477.520386 
631.429677 211.774389 676.871056 252.322081 521.671268 491.413646 465.940885 445.437499 
631.886537 179.850539 676.888502 223.377030 520.488231 459.452910 465.157947 411.499997 
632.803421 145.712504 675.302811 190.873207 519.747051 424.693331 466.065609 377.518730 
637.846422 109.287428 679.899252 153.032735 520.103577 391.870256 466.383404 345.509011 
639.177805 76.271386 684.032223 122.527503 524.238361 365.722547 467.469489 318.765579 
640.139590 42.912364 681.885737 86.556062 522.491360 333.237836 470.921806 288.066693 
638.598488 10.757602 679.408735 52.595035 521.919617 307.823300 468.652156 262.698870 
629.414254 -16.686846 673.984229 25.672327 523.413067 284.893962 465.957932 241.524605 
0.000000 0.000000 0.000000 0.000000 0.000000 0.000000 0.000000 0.000000 
0.000000 0.000000 0.000000 0.000000 0.000000 0.000000 0.000000 0.000000 
0.000000 0.000000 0.000000 0.000000 0.000000 0.000000 0.000000 0.000000 
0.000000 0.000000 0.000000 0.000000 0.000000 0.000000 0.000000 0.000000 
0.000000 0.000000 0.000000 0.000000 0.000000 0.000000 0.000000 0.000000 
0.000000 0.000000 0.000000 0.000000 0.000000 0.000000 0.000000 0.000000 
0.000000 0.000000 0.000000 0.000000 0.000000 0.000000 0.000000 0.000000 
0.000000 0.000000 0.000000 0.000000 0.000000 0.000000 0.000000 0.000000 
0.000000 0.000000 0.000000 0.000000 0.000000 0.000000 0.000000 0.000000 
0.000000 0.000000 0.000000 0.000000 0.000000 0.000000 0.000000 0.000000 
455.246236 -8.866433 519.208816 12.798312 498.405527 317.927901 427.660465 302.690503 
447.391161 9.289454 513.977931 28.386539 504.760097 335.010711 432.095182 320.477728 
442.377150 22.169464 508.901042 40.148895 508.901042 347.597153 435.062790 336.475367 
437.851444 41.592660 505.765957 57.580915 516.051579 361.032835 440.802393 353.655464 
436.611574 66.230859 504.003759 79.105262 524.144084 380.728196 449.780182 373.756580 
435.641394 80.033316 502.671249 92.294875 528.829242 393.929223 456.077326 389.842037 
434.172970 95.530733 502.510725 104.849517 533.573341 407.710022 460.576193 404.603760 
431.235780 106.551663 499.842461 114.935589 539.178370 417.954387 464.628092 417.954387 
430.367064 115.768473 498.143688 122.348602 542.285300 424.800387 468.715947 424.800387 
427.790577 126.932090 495.351767 132.368048 545.828518 436.005117 471.362547 435.538657 
426.135145 139.635949 492.357944 144.205349 549.737854 443.182207 474.496940 445.512722 
422.363129 152.804229 488.371188 155.910491 554.379247 454.888168 477.001807 458.649142 
418.277879 161.663670 485.307734 164.115982 555.607338 463.298018 481.220547 467.385205 
412.254214 169.631124 481.111978 171.190304 558.575483 467.178286 483.371255 475.352658 
408.648028 180.025290 474.900039 177.749173 560.730951 472.844024 486.199449 481.355176 
399.784503 189.991839 465.996921 187.539527 560.819643 480.999503 485.615415 492.443625 
394.248258 193.712932 462.095550 190.443183 565.937774 480.238777 490.705854 494.529843 
390.246042 199.923485 458.093335 195.836299 570.899677 481.121902 496.512886 498.288084 
385.106064 210.075974 452.135919 201.901601 574.973136 485.826279 501.182155 504.353387 
378.934835 221.039107 446.865909 209.264388 584.539552 488.234665 508.456752 510.315959 
375.374197 240.163857 442.459934 224.222472 594.761402 495.267458 521.622279 520.220805 
378.889775 268.027235 443.717663 248.197528 606.544519 504.415467 537.879790 534.660646 
383.003546 297.547377 447.952417 275.209356 619.092373 520.298677 550.894925 554.360575 
395.316305 340.328790 455.162648 315.114341 645.869687 549.015170 578.759687 585.353604 
399.125258 365.397901 460.679119 338.027582 662.526573 568.476126 595.114932 608.879610 
406.373287 376.807534 468.326426 348.412346 675.697352 577.294778 610.445121 619.838327 
413.728270 382.440698 474.443955 350.812822 684.171658 581.047561 619.730070 624.360760 
418.807032 383.996274 478.602568 352.157093 692.934617 581.243884 629.256255 624.731547 
431.560442 387.740766 488.649814 355.756697 707.738635 583.609071 643.107433 627.426835 
446.364436 391.997498 505.503734 361.083774 725.477281 583.239078 658.922854 627.608696 
465.169982 393.971429 522.713478 362.248733 745.692127 584.218792 680.589223 628.571835 
484.583301 395.389794 542.892783 362.681730 765.689395 584.740605 702.969986 629.052388 
505.659965 397.748314 563.224782 365.776442 787.879536 584.876038 724.765708 630.865959 
525.965292 399.330884 582.767781 366.871626 811.410688 587.536767 746.522518 631.696772 
545.548722 402.984636 603.751971 369.920258 832.450480 589.028184 766.338101 634.919747 
566.866397 406.533810 624.343110 375.149018 853.184540 590.599576 788.131818 636.811466 
580.786600 404.785446 638.491074 373.516929 875.067431 593.977731 808.263816 637.821841 
597.279920 403.895497 654.500528 372.832881 890.063385 593.117563 824.490319 636.686088 
607.389433 403.830452 664.414922 373.856585 902.465250 593.100992 835.634269 637.654980 
615.487645 402.826882 673.768877 371.841923 911.637049 594.877367 843.511513 638.080585 
620.903753 401.781641 679.282814 371.317624 916.135260 594.191892 848.574070 639.232685 
623.306892 399.759398 683.878993 370.249913 917.625177 597.007008 848.510857 639.718105 
625.559464 402.863419 684.498238 373.556040 918.529664 602.527327 848.952753 643.640956 
624.866974 404.327043 687.150670 375.704197 913.891617 606.631052 844.916060 647.910804 
625.432637 406.946578 686.593765 378.034044 914.557969 613.782392 843.388657 653.815131 
624.891175 413.171501 687.195784 385.820368 911.381716 623.742818 839.280292 664.758775 
624.093271 413.726148 686.879650 386.798156 908.309213 625.426552 837.093184 665.617776 
623.297604 414.112022 686.240273 387.954029 905.313458 629.098021 835.013854 669.969884 
623.335451 416.862225 684.083566 392.098663 903.418271 634.362282 831.159178 672.499025 
620.638383 418.781162 683.850318 395.441380 902.014703 639.637038 827.972917 677.497298 
620.495064 422.072591 683.437733 397.549473 899.241169 643.598088 825.671816 681.200202 
617.673286 423.138323 682.140786 399.507725 898.064873 647.493405 822.380342 685.380667 
614.920480 424.337988 680.807605 400.878375 894.029732 647.796622 820.399684 685.467809 
617.458381 423.268556 680.879129 400.713995 890.415792 643.188908 816.620352 679.163503 
615.379020 419.046580 679.687103 396.402888 889.621294 640.166755 814.417067 676.133994 
611.847178 409.037243 675.921461 385.751604 886.914279 631.418067 810.927355 668.304924 
607.265929 394.486164 673.145855 372.759806 879.195834 617.356550 801.401454 653.099914 
600.267830 374.881117 666.760323 353.719327 868.959457 600.861647 791.302918 634.253959 
592.429785 354.415115 656.884713 334.224415 858.015150 581.172210 780.358610 613.787957 
577.252028 327.711274 645.830227 307.071233 841.577707 557.414950 762.346584 589.373722 
566.456961 303.736311 633.591039 286.030620 826.878166 539.812191 748.772536 568.904032 
557.421847 285.525340 627.139662 268.436993 818.174750 526.256705 737.411949 554.989624 
553.247916 273.393177 623.332943 257.974471 810.459965 515.887370 731.360263 544.095210 
549.902033 263.843572 619.987060 247.613355 805.896816 508.034561 726.221206 536.068571 
546.719514 255.263954 616.066804 240.509212 801.976559 502.405891 722.167700 528.876054 
543.901663 249.827631 613.248953 236.548362 798.420971 497.707305 717.936631 524.298142 
541.614382 244.751510 612.400260 232.136205 795.322180 493.553355 715.149070 519.216014 
542.686297 242.775946 612.056089 228.401326 791.926990 489.791626 712.600871 516.139240 
538.254850 235.965826 608.339877 224.051371 789.860097 488.271923 709.963166 513.502532 
533.767953 234.816802 603.882053 222.403012 786.313378 489.391922 706.229165 512.997792 
529.774032 234.488931 596.820873 223.103619 780.250910 491.923500 700.553721 514.061608 
525.148216 237.835142 594.883256 226.090293 776.928412 494.019657 695.448524 518.977460 
517.138144 240.710762 590.911856 229.062281 770.298463 498.530474 687.872674 522.846691 
511.900138 244.013609 585.279069 231.489751 766.218806 504.840770 681.573178 527.361166 
505.872687 245.986741 578.908662 236.396158 757.441047 507.883420 674.814489 531.491008 
501.387073 249.783782 572.054524 239.688432 752.217695 513.816017 669.093192 535.568686 
497.242244 253.596971 570.054448 243.653769 749.441054 518.557919 664.018861 539.525185 
491.607181 256.546107 563.093909 248.135904 742.511578 521.467509 659.110396 543.894718 
486.261223 259.466394 560.034935 249.371044 739.176376 524.585099 653.222783 546.795591 
478.705546 260.677954 554.036250 251.842416 732.111096 527.162500 647.915059 549.233306 
472.682347 264.993618 548.704012 256.001808 726.087897 531.478164 641.777323 552.210889 
468.078202 268.146602 542.589652 258.556020 721.122037 535.207442 637.020004 557.339556 
463.836146 274.520297 539.459385 265.104136 717.292861 540.008286 631.870667 564.081813 
459.155734 279.749523 535.784613 270.545170 714.645749 547.664585 629.223556 570.184981 
458.829024 287.549576 534.478984 279.445701 713.788660 554.450817 626.813336 575.418083 
454.665501 291.837771 531.759031 282.726717 713.169221 561.751551 623.570416 583.391483 
453.349798 295.023376 531.006337 286.849003 710.512025 566.843098 621.688286 586.638103 
452.489901 297.290661 528.775150 287.512670 710.995521 569.340254 621.864713 590.752901 
453.807835 297.178609 530.426260 288.359840 711.079894 568.740820 621.161796 591.629063 
452.840116 295.281007 529.117338 287.525797 707.836897 567.507504 619.647852 589.532563 
451.448495 291.888626 529.648630 283.773518 708.918752 564.851363 618.914822 586.983477 
454.148224 286.841131 529.627843 278.805666 709.014450 559.145774 618.156298 580.113039 
455.328583 280.278852 530.024928 273.961718 708.032179 556.531887 616.396933 574.982902 
454.347398 271.930285 531.581097 266.603823 706.022730 549.572119 614.141259 568.880544 
453.980993 261.926590 530.488061 257.343580 703.598078 543.991340 611.085842 561.512597 
454.379048 250.415778 529.705892 247.309517 700.550279 533.862148 607.362431 551.723152 
452.651140 237.059512 533.760373 235.373232 695.612950 527.198333 604.059977 541.912204 
454.494819 225.887956 532.893178 225.567602 692.687039 519.924715 600.875654 533.941720 
456.139605 219.762009 536.535891 220.461107 692.434777 516.179622 599.700213 529.029315 
459.262353 211.277032 540.478100 213.641594 688.816207 511.930180 598.551055 521.814761 
461.711024 204.894647 541.089996 207.559201 689.046140 510.828424 595.858293 519.002797 
465.454384 199.342190 545.199427 204.715278 688.250947 508.801938 595.216207 514.479416 
468.194532 193.838938 546.542856 199.304013 687.765109 505.084560 593.007711 511.651091 
471.654751 188.276423 552.417552 196.042077 687.539931 505.891670 592.798952 508.997931 
476.059903 184.259922 558.686461 194.588242 687.052721 506.651046 591.155289 508.195883 
483.731285 183.144736 561.344196 193.343755 686.487800 509.102132 592.406812 508.057099 
491.200992 182.037821 569.206774 195.260757 688.552613 514.061288 591.277580 509.156665 
498.490624 181.474763 575.443738 195.331272 686.852981 518.330273 589.782307 511.341184 
501.636609 178.911337 581.622844 196.772342 685.682607 520.600111 589.388498 512.834457 
508.182438 180.046203 587.891245 199.566727 683.867157 526.535510 588.704600 515.961892 
513.958877 175.193050 592.485281 196.712402 685.190471 524.539920 588.818921 513.353936 
520.248482 174.325510 599.755011 196.009109 686.489406 526.683992 589.816694 514.035226 
528.328659 170.511651 603.505715 193.155343 687.740247 526.470480 590.825248 511.072769 
536.623704 166.959398 610.393352 190.745025 685.483331 523.189951 589.972241 505.120285 
541.419596 160.534289 618.408147 189.518214 686.339221 522.833351 590.329970 502.906902 
549.359579 157.426721 624.349579 185.154116 685.278478 522.364512 591.785441 498.991253 
554.150050 149.927892 631.806589 182.625382 687.417808 521.449686 593.387038 495.703852 
563.618299 145.338665 636.410430 177.860915 686.201461 517.546394 594.364670 490.991177 
570.310611 142.019743 643.449734 175.577694 687.671553 514.063628 596.728574 485.630108 
577.017727 138.162242 649.477539 173.486400 687.518941 513.141771 596.038428 483.252098 
582.250895 134.316493 652.627488 169.504790 686.864749 512.828438 597.467456 478.591177 
586.075504 129.491362 658.997878 168.065906 687.005860 509.582587 597.561014 477.960672 
589.202806 127.581797 659.974319 165.425464 687.146749 507.798078 596.571983 472.473919 
590.689028 123.692220 661.020820 163.612269 685.614918 506.032687 594.406129 469.032895 
590.030089 121.177032 659.947522 162.155260 682.236764 505.331433 592.922196 469.203715 
589.234689 118.845789 657.815661 161.925162 679.732752 504.362073 589.233262 464.791581 
585.817755 114.968488 654.343765 159.283864 673.520620 500.177838 584.970980 461.677995 
583.241107 112.450755 651.932458 156.554889 670.002124 502.459918 582.235176 459.436905 
581.204487 110.195489 650.041309 154.577124 669.062010 496.949737 579.392992 455.285345 
580.374778 109.240824 650.272380 155.067134 667.391794 497.764769 578.706448 454.359924 
578.907189 110.351035 648.649758 155.638418 668.576206 498.916779 578.907189 455.440892 
577.079664 115.185628 647.946476 161.856899 667.979221 504.400164 577.208993 459.015050 
575.663567 121.665622 643.730171 166.959570 669.343922 508.476252 580.170121 466.735324 
573.675825 133.138227 643.275382 178.902319 671.877939 518.319335 584.640862 476.173723 
571.244361 144.620304 640.812574 190.697951 676.048422 529.504183 586.603577 487.040469 
569.961941 160.491408 639.704510 203.061548 682.274650 539.999676 590.794137 501.052527 
568.316210 172.149825 637.843954 214.475422 684.495758 548.795682 595.998413 511.198354 
565.260693 186.499158 633.906831 227.496157 690.158527 559.285824 599.583762 522.102500 
562.246346 198.037773 631.822688 235.144237 695.417896 569.522143 602.507591 531.172451 
558.119588 206.028845 628.507687 243.381975 699.454821 572.976520 606.579059 537.988317 
554.420380 208.284934 625.675875 248.428875 703.956558 576.605587 610.621897 541.479639 
554.703864 206.348311 625.099417 243.415014 709.953671 568.530752 615.565231 533.254264 
550.529555 208.015705 622.989367 242.434116 713.275942 568.207595 620.272124 534.084861 
548.682836 207.279621 623.542880 242.558492 721.635351 559.207872 627.845181 528.231302 
553.317016 204.874428 625.595679 237.571918 729.711372 549.058537 636.781663 519.802887 
548.136448 197.612522 624.717412 232.030933 735.716787 544.378012 639.345237 515.122363 
546.948978 190.853961 624.390402 224.411912 741.038520 536.355832 644.180988 505.782421 
547.962305 184.991588 624.490276 218.802283 745.860462 523.133495 647.133967 495.055317 
546.149742 176.103347 622.796746 207.903700 749.182765 515.307111 651.335525 486.768333 
542.434869 165.643665 619.876294 198.341155 749.805795 502.944092 651.939719 474.462214 
542.137414 157.943431 618.976516 189.823484 749.766478 492.275270 652.879901 465.154591 
540.351557 148.335170 617.076218 181.533340 749.868900 484.005562 653.225337 455.971551 
538.187468 140.383945 615.484517 173.490914 751.783433 475.126231 653.719693 445.501302 
534.936626 132.553258 614.146297 167.498701 750.045241 466.476378 652.198001 438.520024 
534.522963 128.148433 612.826078 162.639091 748.341927 460.781735 650.931311 429.906049 
531.555477 123.605765 609.212016 157.120693 748.313615 453.765970 650.083879 425.240114 
527.696069 121.656915 601.469781 156.602358 742.028118 451.697208 647.287140 421.411158 
520.562138 123.784456 594.839550 157.675218 736.457855 449.403972 640.404481 419.193637 
510.128212 126.046609 585.455055 159.438921 729.375485 452.000321 632.048979 420.364894 
497.899528 131.363895 572.340106 166.383593 716.301730 453.637611 621.715338 423.844344 
481.376512 137.608000 556.703355 171.000312 704.250780 459.882639 608.733237 431.149719 
473.767630 136.614042 551.773484 173.761525 702.427171 459.537591 606.133062 430.804671 
463.739793 138.672158 542.235023 175.817223 694.319531 463.165833 599.003895 432.328421 
456.991462 139.550691 535.465438 177.152805 693.639184 461.747009 593.503484 431.375792 
450.782107 139.247480 530.540551 176.628668 687.488504 457.827085 589.396033 428.399344 
440.689569 136.805310 520.675804 173.303884 682.201407 455.197122 582.024471 424.911072 
432.181442 133.930254 509.837981 171.532368 670.873121 451.913347 574.415525 421.668169 
416.315204 131.791515 496.912985 168.936580 662.313648 449.276687 562.092060 417.738425 
402.385977 134.353497 478.878456 168.726556 644.869309 447.591190 549.701220 418.081705 
383.063722 140.109332 459.085387 174.441697 629.112336 451.552928 531.019865 420.490312 
364.891265 150.708159 439.441681 184.277557 610.981950 458.296005 513.706917 425.598514 
343.538644 161.501749 419.887512 195.316664 595.029994 467.596994 495.684468 435.953604 
316.057029 179.441730 397.596395 214.387173 575.429871 485.408496 472.923239 453.569315 
303.270942 186.837615 388.194027 227.631679 565.783959 497.227492 464.215692 463.871047 
309.934661 183.961738 392.720928 223.557655 571.292141 491.006777 470.998720 458.391030 
309.416541 187.932480 389.829887 224.081599 575.739643 494.093387 475.407394 460.157480 
316.806552 189.881487 391.609564 225.268747 574.299288 485.793774 477.841692 454.731159 
315.185602 184.765462 397.102979 221.348240 582.387503 486.195869 480.718105 451.221596 
316.390305 177.151893 399.626924 217.326432 585.185182 480.541229 483.715219 446.678399 
324.075662 172.125151 404.958927 211.706323 589.097425 475.867627 491.004954 440.588756 
337.211376 166.955277 410.780729 204.557391 596.338987 468.589626 498.684714 431.141807 
356.499651 163.122973 419.600715 196.347617 600.594341 458.851855 508.801119 422.981975 
367.595171 151.141979 435.156361 187.640552 612.989836 456.332179 519.801989 415.174213 
384.425727 139.043444 453.454079 178.370083 627.124776 452.122199 531.005968 405.341126 
404.976371 124.942384 475.643822 170.759743 642.605382 446.440458 546.355585 397.218567 
434.282867 114.807520 503.141076 160.828044 663.230033 439.692677 571.546642 389.132602 
464.103030 110.609581 527.294836 154.225758 681.482467 431.244250 593.624945 378.710886 
489.912978 101.845962 550.407422 146.110190 703.119007 426.450297 615.599364 372.845824 
511.734392 93.023724 574.340190 140.323888 724.754230 421.588107 635.488038 366.257823 
530.093049 82.737735 596.325614 134.688280 742.504022 419.691185 651.274234 360.574282 
549.475091 77.286470 617.841705 133.025729 759.953173 418.801795 669.871587 357.453129 
570.419356 73.362709 637.372908 131.736511 776.378114 418.289141 686.590917 355.493911 
581.907945 69.942448 647.842090 126.255398 787.025461 414.891154 698.423455 349.656427 
598.888521 69.598655 662.648627 126.001826 796.708338 413.739741 710.059988 346.709885 
613.629223 68.916723 674.937017 123.685020 808.179291 411.422935 723.177098 346.150373 
626.330358 66.863583 689.641030 122.661308 821.657147 413.873331 734.681823 345.535577 
639.547026 61.967618 704.803597 123.759275 836.803212 417.707996 746.954734 343.388885 
662.645486 68.819408 722.877705 124.749326 851.086286 415.584898 767.621639 345.027155 
683.528984 74.110539 737.266407 126.295467 864.623132 413.624664 782.307200 344.510343 
692.852415 67.325023 752.102368 125.293682 878.537744 419.407505 792.579761 343.618816 
704.842529 61.454848 769.328519 128.051623 889.426734 420.513017 804.913175 344.895622 
722.085293 64.515730 777.935578 123.151048 897.701903 418.323975 815.068723 340.931925 
730.667691 56.612146 790.128170 123.902654 907.021698 423.084690 822.825660 341.340964 
747.583367 62.798263 801.591218 125.154336 911.831399 418.840341 833.976250 341.016427 
753.375371 52.149068 811.927189 124.380517 916.088170 425.088739 836.382376 340.854207 
763.742897 51.883032 820.946804 124.548887 918.931114 425.562330 843.725279 342.386766 
774.213465 53.693839 825.659987 124.471132 919.195833 424.599194 848.433932 340.010255 
782.591198 53.575849 832.574372 125.162311 916.384031 424.995257 849.783578 341.998300 
789.500308 56.910003 835.507912 128.331380 912.784997 428.407334 848.554693 343.101461 
791.186412 55.251358 836.790806 130.971862 908.137135 439.075615 842.814028 345.226470 
789.197101 51.558095 834.609639 135.186098 897.552308 444.994819 835.427076 346.084910 
786.036478 62.587033 826.210415 139.835557 881.461022 444.166769 826.210415 349.969013 
782.581534 64.994042 819.581326 142.435466 872.069403 448.759323 818.172327 350.555333 
772.304874 60.404860 808.434421 139.689142 856.607149 449.801082 805.423625 353.455625 
759.760496 59.139856 796.154001 142.702223 840.037475 454.188842 789.270319 349.212689 
745.953053 62.905772 776.852012 138.857385 814.982272 442.743975 772.426143 350.192651 
733.867327 64.780592 762.280567 136.377739 798.464631 442.253406 757.122221 346.432153 
725.220659 63.001151 754.545049 141.087674 789.311544 447.497152 746.801874 344.991266 
717.382521 62.515331 745.208913 137.807355 778.763728 447.925061 737.981940 345.757341 

