299.669331 318.092918 414.252120 375.384313 284.298469 639.483667 239.583235 619.920752 
316.157357 320.052443 425.745092 378.499235 288.557483 639.074517 247.157672 618.780492 
327.301153 316.811239 437.963977 379.520173 294.102305 641.422190 255.370317 621.134006 
346.650007 325.914418 449.371113 385.945264 302.499389 639.823530 264.732374 623.038191 
358.655620 330.145366 461.465826 390.992223 308.299600 642.772322 271.581669 623.888814 
374.162392 332.682229 473.549273 396.731552 316.738861 648.511651 276.984109 628.634275 
390.022401 339.390440 486.695468 403.174732 323.248221 650.338862 286.372927 629.409641 
405.594362 340.856055 498.962815 412.193750 327.962165 652.433927 293.342401 629.354085 
417.970477 343.113024 514.451309 414.020623 335.438681 653.479073 300.566091 632.555519 
435.964686 351.234234 531.283098 424.466673 342.971113 656.950605 305.773684 633.702212 
445.163476 353.708795 540.630096 434.488243 345.500520 664.237583 310.880756 635.912322 
461.405794 356.955834 555.271182 443.091131 350.975926 666.159463 316.742667 637.447698 
472.713022 365.269416 564.997431 448.154486 355.648541 671.175141 323.178101 640.413671 
486.464223 368.691538 578.208956 460.436272 362.338994 674.507317 327.260126 642.126823 
499.664351 377.713165 590.556966 471.446175 365.219024 676.901358 331.134293 646.603819 
510.353565 383.259127 597.511062 478.961476 368.509011 681.474485 334.329600 649.858530 
521.198783 389.524345 606.027808 491.319175 370.820057 687.197105 336.117274 655.579014 
528.126039 395.487882 614.984467 501.016812 368.209122 693.404170 338.173965 659.310207 
538.338262 405.875725 618.390040 513.810706 368.340667 698.199632 337.759089 662.221305 
545.822854 413.171809 624.715877 521.947783 368.047195 704.594009 334.764994 666.441242 
552.240154 421.633203 628.980630 533.255713 362.880539 709.659145 334.974911 669.793962 
557.073437 432.440418 634.710879 546.056188 360.139436 716.479842 332.682292 676.714323 
563.657997 440.117106 640.111942 556.147210 356.782617 722.546972 328.899413 681.171896 
567.771830 448.548842 638.532528 568.144389 355.489734 727.605118 326.587477 686.743306 
571.335290 458.524331 640.451550 575.927293 354.518530 732.148975 326.114588 691.436658 
574.349850 464.047647 645.359706 589.024993 350.905503 741.459484 322.501561 696.013176 
578.855013 470.594408 646.077677 597.465350 346.889484 745.165850 319.432339 701.613139 
579.142053 478.423778 647.332497 609.559246 342.049127 752.234635 317.920201 707.124034 
578.730029 490.877966 643.773221 616.768015 337.440768 760.492488 311.213674 713.283719 
574.610995 497.780735 640.703271 629.965287 334.370817 768.444341 308.143724 724.382824 
564.439307 509.647608 631.898670 638.270127 331.479640 773.188853 305.395353 730.914319 
552.042255 521.993779 617.655362 651.231717 323.390519 785.440345 296.548794 734.739307 
548.603737 528.319228 616.374547 658.877700 305.426125 800.399097 279.513757 753.557508 
549.189524 532.349716 610.408456 666.124419 298.645376 806.701226 271.436961 760.220185 
544.470309 541.689409 608.519632 673.100952 291.585912 811.138287 267.291341 762.549145 
550.810585 539.120387 612.651311 677.157721 291.300396 810.777861 264.797227 763.293018 
553.187089 535.153994 613.277464 673.361856 288.789441 805.560680 261.748772 760.492899 
554.876728 531.615926 613.404558 667.444663 284.323552 796.647609 264.446176 751.371363 
558.078187 514.626929 619.974127 659.400486 286.365497 780.045116 264.334738 734.934515 
563.481708 499.749480 622.009538 636.682516 286.302740 760.363968 264.216766 720.609215 
567.796747 481.643085 625.220279 620.784718 286.200585 743.361871 263.010312 702.502820 
565.510018 459.560419 621.829251 598.702052 280.600960 717.966310 258.514986 679.315856 
564.387784 445.852618 614.371829 578.368459 274.945288 698.097684 255.184154 666.712354 
560.019197 422.050483 611.921235 560.087818 268.484347 681.560672 246.398373 639.597323 
550.221906 404.301461 607.731089 540.121021 261.452390 664.928185 233.309598 625.772996 
539.746175 387.617047 596.418159 525.433006 249.946260 654.232969 226.762267 613.016981 
529.732232 381.092674 583.842867 520.234307 238.197381 640.602863 209.485615 600.848110 
519.831663 370.668496 577.340846 516.276854 228.614948 642.307617 196.801357 595.810831 
512.072584 372.943051 564.687368 520.998608 220.855869 640.911373 190.265878 594.414586 
502.540155 379.623408 554.987396 520.998608 211.155897 640.911373 180.565906 594.414586 
499.338542 386.145615 554.722526 530.401573 203.098628 646.321539 176.050636 601.241552 
498.045272 390.656189 553.107256 536.264546 198.263359 653.730112 171.344167 607.233325 
501.757284 399.390217 551.741330 543.530255 193.716074 656.284962 166.980422 612.113015 
503.368478 400.689234 554.503028 550.440417 192.908709 658.796964 163.688966 610.097392 
500.650130 407.379736 554.488514 551.764493 188.632221 661.888461 161.713029 615.391675 
505.010491 408.296450 555.178076 557.575606 188.098184 657.910777 159.955392 613.861190 
510.980851 409.681487 558.636837 559.089444 185.116947 659.553414 156.780955 611.897428 
514.078184 410.988832 561.798570 560.267989 186.153479 660.603159 154.339889 612.882773 
515.279925 412.841687 562.732542 563.334274 184.467390 662.306877 155.995819 613.498470 
520.150620 419.746066 566.518607 565.290023 182.694719 663.177995 156.934726 614.234009 
526.254427 419.818190 568.283888 574.378145 180.528212 666.571802 153.412430 617.763395 
527.891894 427.212225 571.277144 581.772180 179.454101 672.610049 152.338319 626.513220 
530.091874 433.418795 572.595862 587.978750 178.467977 678.138723 150.131985 631.770737 
530.840832 446.268539 570.158716 594.049549 176.979883 686.243206 145.796734 637.434799 
528.616930 451.112585 573.664034 604.516235 170.675078 694.610443 143.890314 648.345850 
530.890828 460.336509 573.394816 614.896463 165.098935 701.192438 138.050943 657.400451 
528.439123 469.509243 570.943111 625.357197 161.359230 714.229171 130.447240 662.709186 
530.515962 475.680504 575.257002 631.596248 159.029755 721.078327 126.490817 670.914132 
528.040425 487.228599 574.137254 641.788554 153.842639 727.203266 121.303702 681.106437 
527.836011 488.063067 576.358988 646.476317 145.360776 732.105101 115.390702 685.009270 
526.105959 489.523379 574.914366 654.929647 141.061861 737.632781 107.167134 691.535952 
530.114928 493.236346 576.684968 656.982617 139.527493 742.611401 106.477787 694.539101 
529.539806 497.870579 578.348212 659.209479 137.716762 741.912613 106.533613 693.104206 
533.248032 500.707173 581.771009 659.120424 140.782772 743.322061 103.676966 694.799084 
542.286115 500.334074 586.527653 658.747324 139.830831 745.803255 102.725024 694.425984 
546.195447 496.215274 595.216542 660.673141 141.376081 738.158098 108.168242 692.299654 
558.271020 497.142225 600.871608 659.024458 145.045321 735.705515 109.544831 690.264889 
562.084323 491.959597 607.942767 659.580115 146.195677 733.902421 106.662536 688.043977 
570.759366 495.716138 616.868876 654.332853 148.396254 728.108069 113.349561 681.837119 
575.697210 491.996058 622.267251 655.742329 150.557810 726.348519 113.001326 675.271700 
582.937810 494.107839 628.796254 652.240403 149.654582 723.400058 114.865418 671.216311 
592.882787 489.339687 631.319408 654.474796 151.573442 718.535830 111.713243 670.134160 
594.594763 490.834654 635.054363 652.673055 151.037663 714.111708 115.073573 667.658093 
598.923516 492.689476 637.982259 653.431228 151.250225 707.512565 113.693741 663.947043 
597.511643 497.019424 637.044784 650.408012 149.996484 707.335735 115.207320 664.639942 
603.377233 500.525360 638.332853 656.993372 150.618732 708.594524 113.998559 666.980692 
605.190663 510.210455 638.240369 660.436392 148.503816 708.508692 110.947331 667.947689 
603.006386 521.992634 639.060611 664.707274 143.315020 711.277314 108.763055 670.716311 
604.249695 528.680450 638.801660 675.901867 149.065107 716.462870 108.504104 672.897349 
609.815850 544.479504 639.861037 682.687366 147.119965 720.243850 105.056703 679.682847 
606.000865 551.766859 637.627378 693.253890 146.584150 723.215850 108.299424 684.931124 
606.104611 572.639020 636.149798 700.726398 141.194870 730.771585 103.243055 689.657118 
604.534893 586.775020 631.575562 706.955769 135.829971 732.494179 98.273487 693.435435 
605.574744 599.801476 629.610893 719.982225 138.372081 733.502559 99.313337 698.950594 
599.803285 611.304380 628.267147 723.578501 131.730893 740.973084 93.779078 703.021268 
605.033487 620.202133 628.753372 737.220231 132.217118 738.801556 94.265303 705.593718 
601.555493 630.044138 627.093902 742.713591 128.343793 738.206813 89.285049 705.157107 
599.861614 642.420922 622.000173 749.951066 125.463919 735.719135 87.512104 704.092622 
600.269452 646.955331 622.402017 753.929395 120.730548 733.641210 85.687320 700.442363 
597.779078 652.675908 616.754986 755.462075 120.218732 730.160865 82.266916 695.371700 
596.667827 656.807965 616.197199 760.463862 115.944830 724.409637 79.890605 691.359931 
596.304035 655.992795 615.577810 759.370317 114.459654 719.070605 77.664265 687.531700 
596.377810 660.179539 614.687896 761.717291 110.328242 708.451585 75.372622 678.489625 
593.325360 663.328818 608.306340 754.879251 105.611239 698.284438 77.313833 671.651585 
592.891931 661.710375 609.491354 753.929395 105.975504 694.909222 70.932277 661.710375 
593.721902 660.511527 605.987032 755.128242 101.364553 685.041787 68.073487 653.502882 
592.303816 661.188323 602.819631 755.830663 98.060484 674.708657 63.508519 641.658951 
589.789960 660.536369 603.310294 755.178709 94.044369 666.545406 59.492403 636.500219 
594.445429 658.184427 598.952207 758.835804 95.695320 664.193464 59.641095 628.139239 
593.995101 659.742651 601.901729 756.203516 90.348048 653.492194 59.026114 620.010127 
596.580692 663.554755 598.425072 761.306916 93.064841 650.644092 59.865994 617.445245 
594.736311 674.621037 600.269452 761.306916 91.220461 645.110951 52.488473 611.912104 
598.425072 678.309798 603.958213 764.995677 89.376081 645.110951 56.177233 606.378963 
596.580692 683.842939 605.802594 777.906340 93.064841 645.110951 52.488473 602.690202 
603.958213 694.909222 598.425072 781.595101 93.064841 641.422190 52.488473 599.001441 
598.425072 707.819885 596.580692 790.817003 89.376081 637.733429 50.644092 597.157061 
598.568473 714.912911 595.405821 797.141844 79.893660 635.846628 51.429798 599.476138 
594.736311 724.419308 592.891931 811.105187 80.154179 630.355908 46.955331 599.001441 
593.053314 742.807781 586.395101 817.712680 72.048127 634.611816 38.757061 592.997983 
587.596023 746.941729 582.852046 829.170663 67.339885 629.923631 42.038674 598.297118 
581.825648 763.151297 574.448127 840.615274 63.554755 628.511527 26.667147 591.623919 
582.392795 774.106916 570.740922 847.347262 61.387608 630.955331 34.754755 592.670605 
580.437752 780.308646 563.792219 866.865418 64.426225 628.834294 32.799712 587.220461 
574.443516 793.149914 561.792911 873.797522 60.512680 625.529395 33.630144 582.833602 
570.182997 804.029683 559.113718 883.095965 67.321441 626.921210 35.694928 582.644092 
572.603746 816.638329 556.004323 894.102305 67.243516 624.822767 43.266571 586.090778 
575.805591 826.153026 553.667032 897.312680 66.618732 623.743343 39.736196 582.628876 
574.620576 834.191988 550.900692 908.514294 73.340346 620.713026 43.295159 579.598559 
571.471331 841.040692 545.932922 913.149141 75.725741 617.204046 45.680553 573.638524 
565.226225 849.837176 541.249280 919.923631 74.621037 617.445245 56.177233 575.024496 
565.899424 851.358790 535.937464 926.263689 84.843516 611.663112 63.204323 573.378386 
566.231009 862.296438 534.683562 928.395850 82.503493 603.907827 67.480899 569.355862 
557.764092 862.452277 529.300231 930.449280 86.529049 601.533545 69.134467 563.581729 
558.784726 862.097695 527.158213 932.008934 91.045245 599.098271 72.735159 559.148991 
561.903539 866.730363 521.342536 937.336553 96.203135 593.319159 76.673764 552.758156 
556.934997 865.548023 522.383032 933.149695 100.248150 590.634559 83.723297 547.069037 
555.229042 868.030333 519.550382 932.251920 101.396488 584.028199 89.979316 541.213807 
558.611159 864.500023 519.552415 929.097176 109.435608 582.075262 95.915274 541.514259 
557.947228 859.887942 517.386225 924.485095 116.282974 581.969960 95.251343 535.399919 
560.116194 854.964274 523.509889 920.042149 114.061587 578.383302 100.503696 536.353840 
563.738903 846.413480 525.205950 914.916507 117.042081 578.109957 99.916324 533.868419 
558.119827 840.507378 524.911988 906.923055 110.604669 581.169971 99.535389 536.892853 
560.828069 828.641556 521.294928 906.126513 110.150259 581.954755 99.080980 550.328242 
554.226744 827.735873 524.181556 902.848841 102.046674 593.383412 88.526340 561.835965 
556.004323 827.704611 524.649856 907.012968 91.220461 604.534582 85.687320 580.557637 
552.315562 820.327089 526.494236 907.012968 87.531700 624.822767 74.621037 593.468300 
554.159942 827.704611 533.871758 910.701729 87.531700 646.955331 72.776657 613.756484 
557.848703 829.548991 532.027378 916.234870 78.309798 661.710375 61.710375 624.822767 
552.315562 831.393372 528.338617 923.612392 72.776657 678.309798 59.865994 645.110951 
557.848703 840.615274 535.716138 930.989914 70.932277 694.909222 50.644092 658.021614 
559.693084 847.992795 532.027378 943.900576 63.554755 717.041787 52.488473 683.842939 
558.789337 851.787608 538.814697 949.996254 69.410663 731.939769 47.771470 693.655043 
563.381844 857.214697 544.938040 960.500000 70.932277 750.240634 46.955331 707.819885 
576.292507 860.903458 554.159942 967.877522 69.087896 770.528818 50.644092 720.730548 
576.292507 853.525937 559.693084 973.410663 78.309798 777.906340 56.177233 728.108069 
583.670029 864.592219 567.070605 977.099424 83.842939 787.128242 63.554755 737.329971 
602.113833 860.903458 579.981268 986.321326 93.064841 796.350144 72.776657 748.396254 
611.335735 857.214697 587.358790 990.010086 105.975504 803.727666 83.842939 757.618156 
613.180115 860.903458 592.891931 993.698847 109.664265 811.105187 91.220461 757.618156 
631.623919 853.525937 609.491354 993.698847 111.508646 814.793948 96.753602 761.306916 
635.312680 846.148415 615.024496 993.698847 120.730548 812.949568 100.442363 757.618156 
639.001441 844.304035 618.713256 984.476945 133.641210 814.793948 117.041787 761.306916 
648.223343 827.704611 624.246398 980.788184 137.329971 812.949568 122.574928 757.618156 
651.912104 824.015850 627.935159 964.188761 142.863112 800.038905 128.108069 753.929395 
655.600865 803.727666 631.623919 956.811239 148.396254 794.505764 137.329971 744.707493 
653.756484 790.817003 631.623919 945.744957 157.618156 790.817003 137.329971 729.952450 
650.067723 774.217579 635.312680 927.301153 159.462536 787.128242 148.396254 724.419308 
645.601787 759.985648 628.207205 916.536888 155.390836 777.380231 144.321556 720.452507 
637.157061 753.929395 624.246398 910.701729 157.618156 770.528818 144.707493 717.041787 
626.847331 741.278790 613.326997 897.513764 158.142409 771.323977 143.119816 714.238121 
619.714311 733.641210 601.161408 896.335900 150.183146 767.892724 137.338829 713.661161 
610.956058 724.910006 594.431205 888.656277 145.255654 768.475527 136.242098 712.891931 
596.989068 726.524641 581.290458 883.510745 138.875074 773.620472 127.457903 713.680323 
579.790110 725.545397 566.232219 884.172719 135.091293 781.132749 121.533402 722.833819 
558.984392 726.739585 545.464058 878.467781 120.324657 783.825441 115.817879 737.255401 
544.661831 728.073012 532.459730 882.632967 101.318803 798.574044 97.251436 748.409848 
524.401695 726.736115 519.894916 881.468830 96.257775 819.876196 81.235182 764.292599 
509.160922 721.682876 514.312921 877.530831 87.985045 828.586845 73.817049 779.642859 
502.181167 711.445647 511.671690 864.649813 83.242342 837.534032 69.684451 784.658258 
493.984455 695.310611 506.186557 837.668464 89.959310 844.447409 69.622474 792.927424 
484.796466 670.779944 507.980459 812.459903 98.396579 847.235893 71.348587 791.851909 
476.142651 649.906340 511.185879 777.814121 101.180115 842.644092 80.154179 793.583573 
465.629683 621.134006 509.894813 750.240634 113.353026 844.304035 85.687320 790.817003 
456.407781 595.312680 508.050432 724.419308 120.730548 836.926513 94.909222 790.817003 
445.341499 567.646974 509.894813 700.442363 135.485591 831.393372 104.131124 787.128242 
439.808357 551.047550 509.894813 678.309798 150.240634 827.704611 111.508646 787.128242 
434.275216 523.381844 513.583573 658.021614 155.773775 820.327089 118.886167 777.906340 
432.430836 497.560519 519.116715 630.355908 172.373199 816.638329 131.796830 774.217579 
434.275216 480.961095 517.272334 611.912104 185.283862 807.416427 148.396254 761.306916 
430.586455 456.984150 526.494236 580.557637 207.416427 794.505764 164.995677 753.929395 
430.586455 431.162824 533.871758 554.736311 218.482709 779.750720 174.217579 744.707493 
434.275216 410.874640 537.560519 527.070605 233.237752 770.528818 187.128242 733.641210 
432.430836 386.897695 533.871758 497.560519 247.992795 753.929395 200.038905 713.353026 
428.742075 362.920749 543.093660 480.961095 257.214697 733.641210 212.949568 704.131124 
421.364553 338.943804 543.093660 447.762248 259.059078 724.419308 212.949568 694.909222 
421.364553 320.500000 541.249280 427.474063 266.436599 704.131124 212.949568 670.932277 
415.831412 298.367435 541.249280 416.407781 268.280980 691.220461 220.327089 658.021614 
414.804166 279.529828 541.507909 396.934213 269.501709 674.752512 216.030404 638.717503 
415.185879 262.125360 534.332853 377.768012 266.252161 658.113833 215.439481 623.070605 
408.453890 237.502882 537.560519 362.920749 260.903458 645.110951 211.105187 610.067723 
408.453890 217.214697 528.338617 340.788184 251.681556 628.511527 207.416427 591.623919 
404.765130 204.304035 526.494236 322.344380 246.148415 611.912104 203.727666 578.713256 
388.165706 182.171470 520.961095 313.122478 242.459654 591.623919 190.817003 558.425072 
386.321326 163.727666 509.894813 290.989914 235.082133 580.557637 185.283862 541.825648 
367.877522 154.505764 502.517291 279.923631 231.393372 567.646974 181.595101 532.603746 
366.033141 139.750720 489.606628 263.324207 225.860231 558.425072 174.217579 523.381844 
344.692169 130.112729 478.915287 254.845324 221.315362 553.118921 168.439588 512.445249 
335.008629 126.704710 470.587537 248.725727 214.343401 546.999324 166.890783 510.393019 
323.783710 133.972247 456.651040 245.146951 211.253217 552.911072 155.665864 519.016345 
307.840072 148.017039 447.700419 265.043043 212.221263 557.608055 162.271139 529.065127 
306.080677 176.652994 434.523853 283.688974 214.743308 573.399693 169.074623 547.711058 
313.290641 211.435338 440.306670 305.627000 221.953271 605.327744 180.566026 573.930523 
312.546110 230.125360 450.874640 320.500000 238.770893 628.511527 200.038905 604.534582 
328.942695 249.165412 462.894656 339.325385 259.390715 642.005297 219.462727 623.973302 
348.923649 263.509037 481.475380 347.774066 281.700985 652.643047 241.935466 637.494278 
372.025233 268.585396 499.593816 350.309020 306.247682 661.257442 266.382500 641.324851 
395.134603 280.229006 524.696446 354.976223 331.350312 659.944867 293.478389 642.005535 
417.897101 275.401606 549.308644 354.911111 354.952077 658.593247 309.675831 637.611572 
439.343567 269.904954 574.675370 358.027989 370.104040 659.115023 326.042522 630.789762 
459.740838 269.282873 590.876306 352.160489 387.354060 650.100272 340.145291 620.725928 
475.357408 267.200664 606.492876 350.078280 396.022407 643.680446 355.761861 618.643718 
498.912842 267.812119 621.049794 353.970744 413.701015 635.169774 368.254707 609.606226 
524.361326 265.685474 644.090551 354.029369 426.718074 629.522828 381.383708 600.462337 
548.182552 266.369089 662.745120 353.474512 444.034764 623.311964 403.322446 593.961224 
576.758613 263.158406 687.188480 352.606599 466.328745 615.429684 423.261097 585.613620 
599.224528 256.927356 709.722196 351.886290 482.749556 609.682376 449.690052 578.567549 
0.000000 0.000000 0.000000 0.000000 0.000000 0.000000 0.000000 0.000000 
0.000000 0.000000 0.000000 0.000000 0.000000 0.000000 0.000000 0.000000 
0.000000 0.000000 0.000000 0.000000 0.000000 0.000000 0.000000 0.000000 
0.000000 0.000000 0.000000 0.000000 0.000000 0.000000 0.000000 0.000000 
0.000000 0.000000 0.000000 0.000000 0.000000 0.000000 0.000000 0.000000 
0.000000 0.000000 0.000000 0.000000 0.000000 0.000000 0.000000 0.000000 
0.000000 0.000000 0.000000 0.000000 0.000000 0.000000 0.000000 0.000000 
0.000000 0.000000 0.000000 0.000000 0.000000 0.000000 0.000000 0.000000 
0.000000 0.000000 0.000000 0.000000 0.000000 0.000000 0.000000 0.000000 
0.000000 0.000000 0.000000 0.000000 0.000000 0.000000 0.000000 0.000000 
0.000000 0.000000 0.000000 0.000000 0.000000 0.000000 0.000000 0.000000 
0.000000 0.000000 0.000000 0.000000 0.000000 0.000000 0.000000 0.000000 
0.000000 0.000000 0.000000 0.000000 0.000000 0.000000 0.000000 0.000000 
0.000000 0.000000 0.000000 0.000000 0.000000 0.000000 0.000000 0.000000 
0.000000 0.000000 0.000000 0.000000 0.000000 0.000000 0.000000 0.000000 
0.000000 0.000000 0.000000 0.000000 0.000000 0.000000 0.000000 0.000000 
0.000000 0.000000 0.000000 0.000000 0.000000 0.000000 0.000000 0.000000 
0.000000 0.000000 0.000000 0.000000 0.000000 0.000000 0.000000 0.000000 
0.000000 0.000000 0.000000 0.000000 0.000000 0.000000 0.000000 0.000000 
0.000000 0.000000 0.000000 0.000000 0.000000 0.000000 0.000000 0.000000 
0.000000 0.000000 0.000000 0.000000 0.000000 0.000000 0.000000 0.000000 
0.000000 0.000000 0.000000 0.000000 0.000000 0.000000 0.000000 0.000000 
0.000000 0.000000 0.000000 0.000000 0.000000 0.000000 0.000000 0.000000 
0.000000 0.000000 0.000000 0.000000 0.000000 0.000000 0.000000 0.000000 
601.108238 114.297175 703.918445 216.058298 471.021853 455.249392 432.205755 417.482377 
608.979110 116.510314 712.838400 223.516856 473.647307 457.462531 440.076627 425.990019 
0.000000 0.000000 0.000000 0.000000 0.000000 0.000000 0.000000 0.000000 
0.000000 0.000000 0.000000 0.000000 0.000000 0.000000 0.000000 0.000000 
643.923222 131.893483 746.536690 236.644732 502.034428 467.393742 463.650433 429.009747 
0.000000 0.000000 0.000000 0.000000 0.000000 0.000000 0.000000 0.000000 
0.000000 0.000000 0.000000 0.000000 0.000000 0.000000 0.000000 0.000000 
691.584847 122.882064 789.822921 233.399898 537.195891 470.869306 507.782512 429.690577 
705.977035 124.735630 791.079250 247.661053 547.007630 469.182577 516.119515 434.034031 
713.961907 133.228808 857.286784 204.891246 555.340021 467.453649 525.629571 434.772154 
0.000000 0.000000 0.000000 0.000000 0.000000 0.000000 0.000000 0.000000 
0.000000 0.000000 0.000000 0.000000 0.000000 0.000000 0.000000 0.000000 
0.000000 0.000000 0.000000 0.000000 0.000000 0.000000 0.000000 0.000000 
701.595019 172.737397 798.220870 281.441480 525.328993 484.899330 494.713468 452.482891 
676.022007 206.752284 749.140918 309.118759 507.884651 483.270634 489.142873 449.535432 
645.004132 219.702684 717.074150 331.294971 465.991504 492.871304 445.067950 456.836295 
615.765798 226.940364 682.325703 343.869926 425.980123 503.074023 402.594211 464.397322 
584.406133 240.899883 644.203906 357.348178 387.178389 506.318070 364.098547 466.452888 
552.160646 255.861119 604.614833 370.211247 358.080153 503.444882 339.196646 468.825119 
528.189738 263.208536 580.014475 379.814194 325.873938 506.386147 304.944717 468.514224 
506.994791 269.791645 556.826268 390.383822 295.709325 511.972628 274.780104 469.117557 
488.124510 280.395443 535.844896 400.308207 276.441772 514.102974 254.416979 471.276987 
477.613899 294.972041 519.577249 416.444895 257.858462 513.623179 239.085385 472.764128 
474.253907 314.106343 510.232234 432.834822 243.992615 517.383890 229.601284 473.310439 
483.769914 327.165559 510.280260 451.196107 237.602414 519.365569 227.187635 476.759655 
493.628142 358.802679 517.547251 466.438671 242.477494 522.249926 232.511198 479.394855 
511.921621 388.147833 526.871064 487.810788 258.777714 525.682711 254.791195 487.810788 
537.885202 405.149881 543.731772 507.464855 283.559408 529.876707 280.636123 487.976289 
576.266776 427.952682 572.848835 533.054370 318.212226 539.035767 318.212226 494.602533 
626.173373 443.820911 615.758594 559.330277 360.123113 546.075104 358.229517 499.681998 
671.343866 468.713215 657.391052 576.349207 415.210069 555.419987 419.196588 508.578397 
721.881157 485.891332 711.177868 592.924228 465.961100 558.916063 465.961100 518.072896 
0.000000 0.000000 0.000000 0.000000 0.000000 0.000000 0.000000 0.000000 
0.000000 0.000000 0.000000 0.000000 0.000000 0.000000 0.000000 0.000000 
0.000000 0.000000 0.000000 0.000000 0.000000 0.000000 0.000000 0.000000 
0.000000 0.000000 0.000000 0.000000 0.000000 0.000000 0.000000 0.000000 
0.000000 0.000000 0.000000 0.000000 0.000000 0.000000 0.000000 0.000000 
0.000000 0.000000 0.000000 0.000000 0.000000 0.000000 0.000000 0.000000 
0.000000 0.000000 0.000000 0.000000 0.000000 0.000000 0.000000 0.000000 
0.000000 0.000000 0.000000 0.000000 0.000000 0.000000 0.000000 0.000000 
0.000000 0.000000 0.000000 0.000000 0.000000 0.000000 0.000000 0.000000 
0.000000 0.000000 0.000000 0.000000 0.000000 0.000000 0.000000 0.000000 
0.000000 0.000000 0.000000 0.000000 0.000000 0.000000 0.000000 0.000000 
0.000000 0.000000 0.000000 0.000000 0.000000 0.000000 0.000000 0.000000 
0.000000 0.000000 0.000000 0.000000 0.000000 0.000000 0.000000 0.000000 
0.000000 0.000000 0.000000 0.000000 0.000000 0.000000 0.000000 0.000000 
0.000000 0.000000 0.000000 0.000000 0.000000 0.000000 0.000000 0.000000 
0.000000 0.000000 0.000000 0.000000 0.000000 0.000000 0.000000 0.000000 
0.000000 0.000000 0.000000 0.000000 0.000000 0.000000 0.000000 0.000000 
0.000000 0.000000 0.000000 0.000000 0.000000 0.000000 0.000000 0.000000 
0.000000 0.000000 0.000000 0.000000 0.000000 0.000000 0.000000 0.000000 
0.000000 0.000000 0.000000 0.000000 0.000000 0.000000 0.000000 0.000000 
0.000000 0.000000 0.000000 0.000000 0.000000 0.000000 0.000000 0.000000 
0.000000 0.000000 0.000000 0.000000 0.000000 0.000000 0.000000 0.000000 
0.000000 0.000000 0.000000 0.000000 0.000000 0.000000 0.000000 0.000000 
0.000000 0.000000 0.000000 0.000000 0.000000 0.000000 0.000000 0.000000 
0.000000 0.000000 0.000000 0.000000 0.000000 0.000000 0.000000 0.000000 
0.000000 0.000000 0.000000 0.000000 0.000000 0.000000 0.000000 0.000000 
0.000000 0.000000 0.000000 0.000000 0.000000 0.000000 0.000000 0.000000 
0.000000 0.000000 0.000000 0.000000 0.000000 0.000000 0.000000 0.000000 
0.000000 0.000000 0.000000 0.000000 0.000000 0.000000 0.000000 0.000000 
0.000000 0.000000 0.000000 0.000000 0.000000 0.000000 0.000000 0.000000 
0.000000 0.000000 0.000000 0.000000 0.000000 0.000000 0.000000 0.000000 
0.000000 0.000000 0.000000 0.000000 0.000000 0.000000 0.000000 0.000000 
0.000000 0.000000 0.000000 0.000000 0.000000 0.000000 0.000000 0.000000 
0.000000 0.000000 0.000000 0.000000 0.000000 0.000000 0.000000 0.000000 
0.000000 0.000000 0.000000 0.000000 0.000000 0.000000 0.000000 0.000000 
0.000000 0.000000 0.000000 0.000000 0.000000 0.000000 0.000000 0.000000 
0.000000 0.000000 0.000000 0.000000 0.000000 0.000000 0.000000 0.000000 
0.000000 0.000000 0.000000 0.000000 0.000000 0.000000 0.000000 0.000000 
0.000000 0.000000 0.000000 0.000000 0.000000 0.000000 0.000000 0.000000 
0.000000 0.000000 0.000000 0.000000 0.000000 0.000000 0.000000 0.000000 
0.000000 0.000000 0.000000 0.000000 0.000000 0.000000 0.000000 0.000000 
0.000000 0.000000 0.000000 0.000000 0.000000 0.000000 0.000000 0.000000 
0.000000 0.000000 0.000000 0.000000 0.000000 0.000000 0.000000 0.000000 
0.000000 0.000000 0.000000 0.000000 0.000000 0.000000 0.000000 0.000000 
0.000000 0.000000 0.000000 0.000000 0.000000 0.000000 0.000000 0.000000 
0.000000 0.000000 0.000000 0.000000 0.000000 0.000000 0.000000 0.000000 
0.000000 0.000000 0.000000 0.000000 0.000000 0.000000 0.000000 0.000000 
0.000000 0.000000 0.000000 0.000000 0.000000 0.000000 0.000000 0.000000 
0.000000 0.000000 0.000000 0.000000 0.000000 0.000000 0.000000 0.000000 
0.000000 0.000000 0.000000 0.000000 0.000000 0.000000 0.000000 0.000000 
0.000000 0.000000 0.000000 0.000000 0.000000 0.000000 0.000000 0.000000 
0.000000 0.000000 0.000000 0.000000 0.000000 0.000000 0.000000 0.000000 
0.000000 0.000000 0.000000 0.000000 0.000000 0.000000 0.000000 0.000000 
0.000000 0.000000 0.000000 0.000000 0.000000 0.000000 0.000000 0.000000 
0.000000 0.000000 0.000000 0.000000 0.000000 0.000000 0.000000 0.000000 
0.000000 0.000000 0.000000 0.000000 0.000000 0.000000 0.000000 0.000000 
0.000000 0.000000 0.000000 0.000000 0.000000 0.000000 0.000000 0.000000 
0.000000 0.000000 0.000000 0.000000 0.000000 0.000000 0.000000 0.000000 
0.000000 0.000000 0.000000 0.000000 0.000000 0.000000 0.000000 0.000000 
0.000000 0.000000 0.000000 0.000000 0.000000 0.000000 0.000000 0.000000 
0.000000 0.000000 0.000000 0.000000 0.000000 0.000000 0.000000 0.000000 
0.000000 0.000000 0.000000 0.000000 0.000000 0.000000 0.000000 0.000000 
0.000000 0.000000 0.000000 0.000000 0.000000 0.000000 0.000000 0.000000 
0.000000 0.000000 0.000000 0.000000 0.000000 0.000000 0.000000 0.000000 
0.000000 0.000000 0.000000 0.000000 0.000000 0.000000 0.000000 0.000000 
0.000000 0.000000 0.000000 0.000000 0.000000 0.000000 0.000000 0.000000 
0.000000 0.000000 0.000000 0.000000 0.000000 0.000000 0.000000 0.000000 
0.000000 0.000000 0.000000 0.000000 0.000000 0.000000 0.000000 0.000000 
0.000000 0.000000 0.000000 0.000000 0.000000 0.000000 0.000000 0.000000 
0.000000 0.000000 0.000000 0.000000 0.000000 0.000000 0.000000 0.000000 
0.000000 0.000000 0.000000 0.000000 0.000000 0.000000 0.000000 0.000000 
0.000000 0.000000 0.000000 0.000000 0.000000 0.000000 0.000000 0.000000 
0.000000 0.000000 0.000000 0.000000 0.000000 0.000000 0.000000 0.000000 
0.000000 0.000000 0.000000 0.000000 0.000000 0.000000 0.000000 0.000000 
0.000000 0.000000 0.000000 0.000000 0.000000 0.000000 0.000000 0.000000 
0.000000 0.000000 0.000000 0.000000 0.000000 0.000000 0.000000 0.000000 
185.578817 513.618369 313.470497 638.188187 14.317675 957.708860 -22.820269 920.570915 
215.088904 526.529032 342.980583 651.098850 43.827762 970.619523 6.689817 933.481578 
230.493355 528.745647 369.634988 648.009904 86.934527 981.508105 46.075476 951.692041 
256.858310 534.209152 392.676495 641.244674 125.537417 990.234446 79.665050 950.658286 
284.880403 521.537464 430.586455 637.733429 163.151297 999.231988 109.664265 947.589337 
312.546110 519.693084 465.629683 637.733429 190.817003 997.387608 135.485591 956.811239 
332.834294 516.004323 487.762248 634.044669 211.105187 1001.076369 155.773775 956.811239 
353.122478 510.471182 506.206052 634.044669 222.171470 1002.920749 168.684438 953.122478 
365.139769 511.505418 521.691009 633.267493 229.145764 1004.879020 176.962017 951.113948 
374.586167 507.407458 533.825660 638.104023 233.373787 1006.157568 179.292450 944.564934 
381.864442 503.671605 540.277692 640.677659 230.586924 1001.745697 176.355361 948.941281 
390.278708 508.250269 543.482874 646.540755 227.584019 1004.469071 171.996666 946.170141 
396.370283 510.809785 546.862870 654.523427 216.050335 1005.672799 167.241929 947.373868 
401.563949 516.119072 545.705735 665.969444 208.899186 1009.911726 157.521915 947.117284 
405.871758 522.275216 546.044669 672.961095 197.364553 1014.632565 146.551873 948.050432 
415.874166 531.228212 548.598781 689.641462 186.103596 1013.603694 139.007765 946.527813 
419.494810 535.171443 551.006351 701.933500 175.452776 1015.120777 132.067526 947.331323 
427.684980 552.393618 551.846716 716.515454 166.517189 1016.216197 122.275651 949.140316 
430.956507 564.427059 550.836804 735.684627 152.662959 1016.832467 114.130006 946.902293 
434.736311 579.912104 545.122478 755.128242 136.868876 1019.704611 96.569164 947.865994 
433.629683 592.914986 529.998559 773.387608 116.488473 1013.433718 84.949568 943.347262 
430.586455 608.223343 517.272334 798.194524 93.064841 1010.298271 69.087896 940.211816 
421.364553 624.085014 503.716138 816.822767 72.684438 1009.560519 48.154179 937.721902 
419.263550 641.795585 488.367481 838.591562 39.191931 1009.849130 18.160300 931.731643 
413.778145 656.006158 471.104312 856.647743 15.720723 1002.020196 -6.385102 926.228795 
0.000000 0.000000 0.000000 0.000000 0.000000 0.000000 0.000000 0.000000 
0.000000 0.000000 0.000000 0.000000 0.000000 0.000000 0.000000 0.000000 
0.000000 0.000000 0.000000 0.000000 0.000000 0.000000 0.000000 0.000000 
0.000000 0.000000 0.000000 0.000000 0.000000 0.000000 0.000000 0.000000 
0.000000 0.000000 0.000000 0.000000 0.000000 0.000000 0.000000 0.000000 
0.000000 0.000000 0.000000 0.000000 0.000000 0.000000 0.000000 0.000000 
0.000000 0.000000 0.000000 0.000000 0.000000 0.000000 0.000000 0.000000 
0.000000 0.000000 0.000000 0.000000 0.000000 0.000000 0.000000 0.000000 
0.000000 0.000000 0.000000 0.000000 0.000000 0.000000 0.000000 0.000000 
0.000000 0.000000 0.000000 0.000000 0.000000 0.000000 0.000000 0.000000 
0.000000 0.000000 0.000000 0.000000 0.000000 0.000000 0.000000 0.000000 
0.000000 0.000000 0.000000 0.000000 0.000000 0.000000 0.000000 0.000000 
0.000000 0.000000 0.000000 0.000000 0.000000 0.000000 0.000000 0.000000 
466.494300 681.881620 450.023856 874.821104 -7.802474 827.396862 5.093507 756.468966 
480.176021 698.824010 450.503013 889.579065 -6.655740 836.603587 16.615993 763.463855 
484.242143 722.493753 461.058149 916.981696 -0.045716 840.989718 20.562278 771.437739 
489.287259 744.732856 462.171478 937.254905 1.203191 855.907560 24.251606 782.694950 
497.556967 773.302032 463.305453 960.258210 5.191459 866.066548 32.307241 793.282082 
506.206052 794.505764 461.940922 990.010086 4.534582 873.814121 34.044669 800.038905 
509.915422 829.506237 459.965299 1019.316708 4.705598 883.737801 33.248526 819.516213 
513.486099 847.947859 452.201044 1036.287299 -0.710466 891.295825 32.174198 824.031740 
499.932600 862.058716 442.958483 1059.882518 -0.449128 889.782321 29.740880 822.693413 
503.871444 868.219849 429.210893 1060.527329 -17.548328 883.076237 33.614396 820.544019 
496.936738 874.991408 417.234882 1064.626858 -16.443275 875.040779 27.541240 811.507591 
494.467868 877.497757 406.004245 1060.743833 -24.197637 859.982954 29.590987 796.414580 
481.823423 876.930329 396.220573 1056.915810 -21.644248 847.101828 23.991358 788.427476 
473.175052 872.551528 385.324602 1050.448690 -28.837845 833.411639 9.821610 775.422456 
467.125667 872.473392 371.404069 1045.968788 -25.209619 826.787540 8.439992 759.488317 
0.000000 0.000000 0.000000 0.000000 0.000000 0.000000 0.000000 0.000000 
0.000000 0.000000 0.000000 0.000000 0.000000 0.000000 0.000000 0.000000 
0.000000 0.000000 0.000000 0.000000 0.000000 0.000000 0.000000 0.000000 
0.000000 0.000000 0.000000 0.000000 0.000000 0.000000 0.000000 0.000000 
0.000000 0.000000 0.000000 0.000000 0.000000 0.000000 0.000000 0.000000 
0.000000 0.000000 0.000000 0.000000 0.000000 0.000000 0.000000 0.000000 
395.712555 876.069658 282.285354 1009.621040 -39.278310 718.759435 5.242350 674.238775 
385.464981 880.469068 276.997624 1007.875171 -49.033193 693.919569 18.314713 665.056180 
387.027009 887.907746 270.726486 1008.021400 -26.386525 689.086529 26.917875 655.771279 
392.378644 892.155331 265.524836 1005.554947 -9.569167 677.508577 41.068336 649.657950 
390.855746 900.248196 263.411572 1005.999744 3.100069 668.408264 53.264265 641.292482 
390.775892 905.384789 264.687508 1007.068970 17.933896 655.919599 70.809670 634.226973 
397.770882 910.283193 266.394921 1000.443167 35.842988 647.531270 92.514972 626.923276 
402.281274 909.711994 273.838099 996.767924 55.484700 641.408471 111.143409 618.574129 
411.819931 914.709293 281.628929 991.428991 82.855167 627.591637 130.514373 611.317762 
424.970079 912.191254 291.018118 986.895232 105.546172 619.815340 155.778157 605.647344 
432.033551 909.885340 307.654647 983.117779 130.966859 613.468327 177.463645 600.681711 
454.358790 911.546619 327.655047 975.479701 150.967259 611.642347 196.301626 598.855731 
466.830504 906.666874 344.470539 974.930854 160.286593 613.002960 211.806578 597.546965 
481.977905 895.000687 370.385618 962.421027 159.987659 617.182388 211.134124 599.746093 
487.066690 867.534930 377.247774 948.882275 150.830999 623.492896 192.860460 607.223427 
479.367425 827.922507 389.885346 922.827742 132.285421 639.467825 160.756992 624.554145 
485.139170 805.806605 405.519424 907.960242 106.569810 691.634893 130.605960 663.091965 
479.761023 777.095646 415.361042 878.847616 75.329141 711.407665 110.105131 670.191677 
484.602790 750.309582 439.861751 857.416919 77.866067 717.770644 103.626060 679.808550 
481.895004 721.181095 434.442386 845.913690 75.158281 711.690571 103.629851 665.593742 
463.231988 707.174352 400.154179 822.817003 60.234870 684.396254 88.269452 644.096542 
424.002108 699.795298 355.738128 802.835268 38.890220 646.987314 71.090211 604.483326 
389.906699 697.340651 315.267121 785.439825 24.050406 587.216683 50.969598 555.403093 
362.701803 689.323839 273.195489 769.530796 12.813486 520.772988 40.711557 501.011854 
340.488410 686.724512 246.332418 755.307272 9.198807 467.027196 28.959941 458.890258 
323.917177 680.655948 219.299408 741.101771 14.713548 426.086043 47.261298 413.299426 
313.273355 682.844074 209.623881 739.651959 12.291229 397.808021 54.149670 387.841725 
308.444296 687.726505 205.744519 745.150036 13.596549 395.087356 59.977094 389.565862 
307.012968 696.753602 209.260807 753.929395 13.756484 431.162824 43.266571 421.940922 
311.290970 712.934210 214.626598 767.996194 6.614659 473.108680 26.192253 463.319883 
327.301153 724.419308 240.615274 798.194524 2.690202 523.381844 13.756484 512.315562 
0.000000 0.000000 0.000000 0.000000 0.000000 0.000000 0.000000 0.000000 
366.889326 733.978677 306.949178 818.180314 5.821288 641.214161 15.811312 628.369843 
393.892488 730.686259 344.948503 826.127031 19.470998 700.096268 32.930594 678.071475 
415.173836 727.183665 383.776615 827.083912 44.115772 769.998056 58.387236 734.319397 
444.868358 721.787233 433.855961 820.898804 80.235665 820.898804 92.471661 787.861613 
465.361410 717.359860 464.137810 816.471431 125.200709 872.757014 131.318708 833.601826 
489.671406 710.988821 504.354602 810.100392 166.641101 914.106362 170.311900 874.951173 
500.649693 702.296534 528.547764 794.127687 208.882358 947.567083 211.207197 903.395136 
513.583573 691.220461 550.471182 774.217579 249.837176 964.188761 246.148415 919.923631 
519.575488 671.054987 562.585015 746.612265 292.903654 958.172643 283.604297 926.787312 
521.843296 652.310679 571.150232 718.402954 319.370134 963.888550 307.830212 924.023368 
519.452369 628.742871 577.256883 693.523792 336.072531 954.640736 324.112976 917.765442 
514.820888 608.864096 568.638885 668.661870 340.410716 943.731627 328.451161 907.852963 
498.411344 590.724537 548.825975 645.411594 329.223261 921.410335 318.969438 894.921292 
0.000000 0.000000 0.000000 0.000000 0.000000 0.000000 0.000000 0.000000 
0.000000 0.000000 0.000000 0.000000 0.000000 0.000000 0.000000 0.000000 
0.000000 0.000000 0.000000 0.000000 0.000000 0.000000 0.000000 0.000000 
0.000000 0.000000 0.000000 0.000000 0.000000 0.000000 0.000000 0.000000 
0.000000 0.000000 0.000000 0.000000 0.000000 0.000000 0.000000 0.000000 
0.000000 0.000000 0.000000 0.000000 0.000000 0.000000 0.000000 0.000000 
391.051660 564.455891 396.578935 641.837738 78.949186 697.077694 80.885361 683.524470 
387.451613 600.105441 384.875614 663.217423 57.723709 674.809419 66.739707 651.625426 
387.239472 652.238174 372.128016 694.085281 46.650511 652.238174 62.924386 625.502521 
376.131674 691.366348 355.330480 735.415935 43.312571 641.198763 62.890166 616.726770 
359.283067 727.842020 336.234653 773.938848 43.384212 627.513628 67.788415 609.888370 
335.559928 780.818048 309.799936 814.712775 42.709488 627.613882 72.536847 612.700202 
298.509327 837.942604 272.749335 851.500495 54.467293 630.506875 78.871497 622.372141 
280.198089 871.844513 241.838240 897.417745 67.475291 633.548482 97.698202 632.386063 
273.239298 908.638938 212.793476 936.537010 96.551510 648.256934 113.987805 645.932095 
274.714777 938.264727 202.857955 964.024720 122.866400 656.260599 135.068501 656.260599 
277.331501 955.073685 207.520055 974.555949 149.885023 665.275007 165.308483 663.651485 
290.538101 961.437672 239.268985 974.929545 182.603120 666.415391 193.396618 665.515932 
316.929034 956.166902 279.241523 964.762299 210.478344 661.939839 221.718479 661.939839 
362.151789 931.914486 340.789657 940.459339 235.687969 655.061260 246.796278 655.061260 
407.031517 874.388109 402.835182 876.486277 254.914374 632.049764 267.503379 631.000681 
0.000000 0.000000 0.000000 0.000000 0.000000 0.000000 0.000000 0.000000 
0.000000 0.000000 0.000000 0.000000 0.000000 0.000000 0.000000 0.000000 
0.000000 0.000000 0.000000 0.000000 0.000000 0.000000 0.000000 0.000000 
621.627228 567.793726 610.584242 592.088297 309.110703 514.787389 319.049391 502.640104 
629.416008 512.361094 615.463194 557.209424 318.467586 501.398169 329.430511 481.465577 
594.827354 481.015194 577.884652 540.812968 295.838487 480.018565 305.804783 459.089344 
0.000000 0.000000 0.000000 0.000000 0.000000 0.000000 0.000000 0.000000 
0.000000 0.000000 0.000000 0.000000 0.000000 0.000000 0.000000 0.000000 
0.000000 0.000000 0.000000 0.000000 0.000000 0.000000 0.000000 0.000000 
0.000000 0.000000 0.000000 0.000000 0.000000 0.000000 0.000000 0.000000 
271.201783 732.536103 236.582019 770.303118 34.108857 584.615295 56.139615 575.173541 
347.793619 789.246791 315.768957 831.210141 89.387729 647.896561 103.743611 640.166470 
383.837626 792.768853 366.795260 814.545209 124.414952 678.206285 144.297712 667.791507 
0.000000 0.000000 0.000000 0.000000 0.000000 0.000000 0.000000 0.000000 
519.847927 715.035312 513.407929 742.083304 231.336011 691.851319 244.216008 675.107324 
565.325096 672.291974 559.030593 700.617235 260.041726 679.635560 270.532564 664.948388 
582.250008 641.749418 579.260119 677.628082 277.281364 677.628082 286.251030 659.688750 
586.859359 616.850498 586.859359 660.024490 288.239245 678.013653 299.032743 655.527199 
587.839248 601.134601 587.839248 645.208052 292.816967 675.789629 300.912091 655.102091 
578.193340 584.971794 578.193340 621.501039 293.265228 672.641982 299.759316 656.406762 
568.211799 567.091541 573.338710 604.688893 287.086146 674.756685 294.776513 653.394553 
565.035232 542.461450 569.452427 582.216203 291.169160 671.664395 295.586355 653.995617 
557.235878 524.244793 564.926245 562.696630 293.199930 675.488685 295.763386 652.417582 
541.903059 507.935458 554.079474 547.711747 292.692431 677.593508 295.127714 652.428917 
529.228584 498.739099 540.796178 534.213055 288.622622 678.422397 290.164968 656.829554 
512.866125 489.311197 527.477823 525.028681 282.326000 683.322077 283.137761 662.216291 
491.305171 478.603846 510.958333 510.219801 277.683855 688.807222 276.829370 664.027149 
476.021080 471.386602 493.603823 503.621632 273.086917 693.368737 270.889074 669.192465 
459.126532 457.539643 480.372347 491.239901 272.309884 696.371906 269.379427 676.591320 
445.305815 453.005128 466.185323 483.628406 273.397869 700.775286 268.525984 681.287745 
428.550396 441.071851 456.433599 473.452345 274.743048 702.814180 269.346299 684.825016 
414.889354 433.540392 443.941853 464.301862 279.880681 706.121192 273.044799 689.031486 
403.685685 426.503613 434.532603 454.265839 285.696224 707.981741 278.755667 690.244763 
390.479225 417.853607 425.182008 446.387006 292.540260 709.356983 284.057357 692.391178 
381.671410 415.509788 418.558540 441.957165 299.545346 711.302814 291.193543 695.991175 
373.665572 412.839789 412.494130 437.016061 309.195513 713.944268 300.404142 697.826753 
368.190191 412.057591 408.119427 433.630320 316.602339 712.874770 304.869379 698.013020 
364.907836 409.749335 405.923129 425.984555 327.310484 714.800575 313.638720 699.419840 
362.324879 402.719577 404.816508 420.302321 333.752921 712.615428 324.961549 700.160985 
363.607551 401.461059 405.882085 415.852389 343.819471 712.673587 333.025973 699.181714 
362.596985 399.112918 404.912787 412.997791 353.340403 706.563669 343.422637 696.645903 
360.187429 396.468209 409.115075 406.385976 360.848613 709.208436 348.947294 696.645932 
359.821557 391.138292 406.305962 403.609718 368.324802 708.025880 356.420259 696.121337 
359.861771 388.870760 408.046825 399.641537 377.435143 709.159646 360.995537 695.554454 
357.200834 388.749675 406.822724 396.915302 381.069591 708.465396 364.738336 694.018517 
358.403851 385.457869 406.769491 394.879746 384.156984 708.314216 367.825729 695.751712 
357.755594 384.780742 406.749358 392.946369 387.277478 707.637089 370.318097 693.818335 
357.855453 384.323081 407.270288 390.586933 391.262666 707.259466 372.471109 694.731762 
364.815767 379.416946 412.142651 386.376782 396.135029 703.745299 379.431423 690.521611 
376.836462 372.188115 427.206120 381.182697 410.116415 699.590891 393.026709 686.998477 
390.800529 368.104843 442.469117 375.045400 424.732139 695.082175 407.766334 681.201062 
0.000000 0.000000 0.000000 0.000000 0.000000 0.000000 0.000000 0.000000 

