1.0000 -0.0000 0.0000 0.0000 1.0000 0.0000 0.0000 -0.0000 1.0000
1.0179 -0.0307 5.2789 -0.0038 0.9992 6.6178 0.0000 -0.0000 1.0000
1.0107 -0.0027 4.0556 -0.0050 1.0109 8.5191 0.0000 0.0000 1.0000
1.0077 -0.0194 10.1306 -0.0008 0.9996 6.1093 0.0000 -0.0000 1.0000
0.9956 -0.0096 9.3669 -0.0056 0.9969 10.8905 0.0000 -0.0000 1.0000
0.9831 -0.0282 16.2053 -0.0087 0.9733 18.5787 0.0000 -0.0000 1.0000
0.9761 -0.0116 17.7679 -0.0192 0.9824 28.0541 -0.0000 -0.0000 1.0000
0.9894 -0.0096 12.6705 -0.0118 0.9926 25.1470 0.0000 -0.0000 1.0000
0.9642 -0.0178 22.5351 -0.0163 0.9688 31.9896 -0.0000 -0.0000 1.0000
0.9803 -0.0354 20.2087 -0.0165 0.9593 35.8591 0.0000 -0.0000 1.0000
0.9661 -0.0180 24.3875 -0.0157 0.9715 36.5717 -0.0000 -0.0000 1.0000
0.9711 -0.0124 22.6657 -0.0082 0.9772 34.8113 -0.0000 -0.0000 1.0000
0.9794 -0.0194 21.8288 -0.0173 0.9686 49.1026 0.0000 -0.0000 1.0000
1.0088 -0.0168 9.2201 -0.0086 0.9724 51.0674 0.0000 -0.0000 1.0000
0.9852 -0.0151 18.3277 -0.0206 0.9703 59.0985 0.0000 -0.0000 1.0000
0.9387 -0.0172 39.6022 -0.0292 0.9408 72.6610 -0.0000 -0.0000 1.0000
0.9712 -0.0170 32.3112 -0.0197 0.9515 71.0348 0.0000 -0.0000 1.0000
0.9609 -0.0185 38.6826 -0.0159 0.9469 70.9628 0.0000 -0.0000 1.0000
0.9759 -0.0243 38.9237 -0.0148 0.9502 74.9280 0.0000 -0.0000 1.0000
0.9544 -0.0249 49.8770 -0.0201 0.9380 82.4829 0.0000 -0.0000 1.0000
0.9466 -0.0159 51.2486 -0.0255 0.9451 85.1025 -0.0000 -0.0000 1.0000
0.9501 -0.0117 47.9803 -0.0223 0.9430 85.9584 -0.0000 -0.0000 1.0000
0.9596 -0.0092 45.4779 -0.0246 0.9571 87.9654 -0.0000 -0.0000 1.0000
0.9215 -0.0237 57.3059 -0.0309 0.9281 92.5594 -0.0000 -0.0000 1.0000
0.9872 -0.0142 31.0407 -0.0199 0.9642 87.0156 0.0000 -0.0000 1.0000
0.9659 -0.0287 41.5196 -0.0227 0.9430 89.6959 0.0000 -0.0001 1.0000
0.9561 -0.0189 42.8309 -0.0345 0.9494 92.1968 -0.0000 -0.0000 1.0000
0.9735 -0.0173 37.0822 -0.0233 0.9552 83.1534 0.0000 -0.0000 1.0000
0.9705 -0.0261 37.2685 -0.0274 0.9528 82.5807 0.0000 -0.0000 1.0000
0.9608 -0.0169 41.1162 -0.0234 0.9606 72.9492 -0.0000 -0.0000 1.0000
0.9434 -0.0071 45.2419 -0.0239 0.9590 69.2072 -0.0000 -0.0000 1.0000
0.9612 -0.0291 44.8859 -0.0122 0.9556 59.7030 -0.0000 -0.0000 1.0000
0.9772 -0.0326 39.8435 -0.0107 0.9592 55.7238 0.0000 -0.0000 1.0000
0.9835 -0.0270 36.8159 -0.0097 0.9675 53.5405 0.0000 -0.0000 1.0000
0.9751 -0.0284 42.3027 -0.0108 0.9659 54.1950 0.0000 -0.0000 1.0000
0.9899 -0.0186 37.4088 -0.0068 0.9841 51.2035 0.0000 -0.0000 1.0000
1.0071 -0.0292 35.1031 0.0022 0.9780 49.1895 0.0000 -0.0000 1.0000
0.9918 -0.0230 43.0882 -0.0058 0.9828 56.2082 0.0000 -0.0000 1.0000
0.9945 -0.0271 44.3136 0.0019 0.9733 54.3849 0.0000 -0.0000 1.0000
0.9967 -0.0324 47.0309 0.0042 0.9669 56.6510 0.0000 -0.0000 1.0000
0.9635 -0.0394 60.5983 -0.0043 0.9416 66.9292 0.0000 -0.0000 1.0000
0.9723 -0.0284 56.1891 -0.0079 0.9567 71.8315 0.0000 -0.0000 1.0000
0.9440 -0.0164 60.4467 -0.0106 0.9514 73.3228 0.0000 -0.0000 1.0000
0.9217 -0.0241 69.1308 -0.0113 0.9268 78.6217 -0.0000 -0.0000 1.0000
0.9358 -0.0226 58.5335 -0.0156 0.9273 85.2300 0.0000 -0.0000 1.0000
0.9415 -0.0151 51.7088 -0.0086 0.9368 81.1991 0.0000 -0.0000 1.0000
0.9663 -0.0288 43.4747 0.0052 0.9342 77.0973 0.0000 -0.0000 1.0000
0.9391 -0.0329 52.2431 -0.0006 0.9183 81.6475 0.0000 -0.0000 1.0000
0.9252 -0.0179 53.8602 -0.0011 0.9193 83.4376 0.0000 -0.0000 1.0000
0.9149 -0.0267 58.2813 -0.0034 0.9116 88.9937 0.0000 -0.0000 1.0000
0.9122 -0.0316 58.5022 -0.0002 0.8993 91.0856 0.0000 -0.0000 1.0000
0.9404 -0.0144 51.3355 0.0116 0.9279 87.2592 0.0000 0.0000 1.0000
0.8877 -0.0198 72.9694 0.0056 0.8926 95.2934 0.0000 -0.0000 1.0000
0.8650 -0.0373 86.9188 -0.0011 0.8640 104.9697 0.0000 -0.0000 1.0000
0.8394 -0.0390 99.1729 -0.0102 0.8527 116.6002 -0.0000 -0.0000 1.0000
0.8520 -0.0331 95.4133 0.0035 0.8559 114.2262 0.0000 -0.0000 1.0000
0.8604 -0.0314 93.2890 0.0022 0.8556 121.8271 0.0000 -0.0000 1.0000
0.8585 -0.0190 92.9172 0.0035 0.8609 128.4093 0.0000 0.0000 1.0000
0.8424 -0.0207 100.1745 0.0040 0.8497 130.6046 0.0000 0.0000 1.0000
0.8110 -0.0378 112.9570 -0.0029 0.8161 140.7346 -0.0000 -0.0000 1.0000
0.8238 -0.0200 105.6952 0.0042 0.8317 135.2456 -0.0000 0.0000 1.0000
0.8251 -0.0197 107.5207 0.0042 0.8256 138.4312 0.0000 0.0000 1.0000
0.8031 -0.0232 115.9607 -0.0003 0.8097 141.2888 -0.0000 0.0000 1.0000
0.8084 -0.0221 118.0927 0.0037 0.8188 138.9251 0.0000 0.0000 1.0000
0.8065 -0.0208 116.7194 0.0075 0.8101 137.6368 0.0000 -0.0000 1.0000
0.7935 -0.0231 123.0570 -0.0025 0.7990 146.6783 -0.0000 0.0000 1.0000
0.7934 -0.0265 126.4356 0.0039 0.7981 144.1135 0.0000 -0.0000 1.0000
0.7577 -0.0197 136.0549 -0.0145 0.7760 159.0961 -0.0000 0.0000 1.0000
0.8050 -0.0202 123.3626 0.0089 0.8017 149.1019 0.0000 0.0000 1.0000
0.7526 -0.0332 141.4330 -0.0097 0.7564 167.4580 -0.0000 -0.0000 1.0000
0.7420 -0.0231 146.4552 -0.0064 0.7626 166.3656 -0.0000 -0.0000 1.0000
0.7501 -0.0241 145.9953 -0.0090 0.7595 177.4054 -0.0000 -0.0000 1.0000
0.7626 -0.0325 149.3290 0.0083 0.7609 171.2733 0.0000 -0.0000 1.0000
0.7410 -0.0285 159.6969 -0.0068 0.7503 186.6132 -0.0000 -0.0000 1.0000
0.7667 -0.0192 154.8788 0.0055 0.7637 185.8218 0.0000 0.0000 1.0000
0.7015 -0.0200 176.3943 -0.0229 0.7341 204.5423 -0.0000 0.0000 1.0000
0.7301 -0.0337 178.0072 0.0019 0.7360 197.5784 -0.0000 -0.0000 1.0000
0.6671 -0.0259 197.9660 -0.0299 0.7094 220.0702 -0.0001 -0.0000 1.0000
0.6647 -0.0287 202.5940 -0.0277 0.7030 226.2350 -0.0001 -0.0000 1.0000
0.7224 -0.0231 187.8437 -0.0074 0.7371 224.8288 -0.0000 0.0000 1.0000
0.6804 -0.0135 202.0279 -0.0233 0.7245 238.9019 -0.0000 0.0000 1.0000
0.6960 -0.0388 206.1929 -0.0040 0.7135 239.5699 -0.0000 -0.0000 1.0000
0.7026 -0.0279 204.0309 0.0035 0.7238 244.2796 -0.0000 0.0000 1.0000
0.7022 -0.0306 205.0345 0.0044 0.7219 252.6040 -0.0000 0.0000 1.0000
0.6885 -0.0407 212.0322 0.0032 0.7037 262.8785 -0.0000 0.0000 1.0000
0.7629 -0.0417 194.4783 0.0439 0.7343 251.9414 0.0000 0.0000 1.0000
0.6900 -0.0686 218.2600 0.0217 0.6822 261.8944 -0.0000 -0.0000 1.0000
0.6358 -0.0692 232.5552 0.0159 0.6659 259.0758 -0.0001 -0.0000 1.0000
0.6274 -0.0762 233.3133 0.0176 0.6592 258.0126 -0.0001 -0.0000 1.0000
0.6785 -0.0705 213.7765 0.0349 0.6899 249.1842 -0.0000 0.0000 1.0000
0.6946 -0.0874 210.7558 0.0598 0.6891 232.6267 0.0000 0.0000 1.0000
0.6734 -0.0978 214.5136 0.0647 0.6728 222.2456 -0.0000 -0.0000 1.0000
0.6789 -0.1113 207.5581 0.0703 0.6615 212.9140 0.0000 -0.0000 1.0000
0.6550 -0.0990 203.3390 0.0604 0.6621 209.8872 -0.0000 0.0000 1.0000
0.6634 -0.1197 197.1002 0.0762 0.6522 196.0227 -0.0000 -0.0000 1.0000
0.6389 -0.1003 192.6662 0.0696 0.6607 191.2419 -0.0000 0.0000 1.0000
0.6508 -0.1105 183.7299 0.0790 0.6543 187.4992 -0.0000 0.0000 1.0000
0.6485 -0.1171 176.1242 0.0803 0.6439 186.3145 -0.0000 -0.0000 1.0000
0.6176 -0.1033 176.3612 0.0674 0.6444 189.8285 -0.0000 0.0000 1.0000
0.6043 -0.1072 175.0589 0.0672 0.6284 189.9375 -0.0000 0.0000 1.0000
0.5794 -0.0995 180.3880 0.0595 0.6204 196.1382 -0.0001 0.0000 1.0000
0.6055 -0.1051 168.6011 0.0767 0.6197 191.9929 -0.0000 0.0000 1.0000
0.5874 -0.0939 170.7110 0.0690 0.6196 194.7869 -0.0000 0.0000 1.0000
0.5684 -0.1195 182.4415 0.0707 0.5802 196.7364 -0.0000 -0.0000 1.0000
0.5749 -0.1101 181.2383 0.0732 0.5866 196.8673 -0.0000 0.0000 1.0000
0.5683 -0.1198 186.7965 0.0816 0.5791 188.4117 -0.0000 -0.0000 1.0000
0.5410 -0.1080 197.1680 0.0730 0.5708 187.9682 -0.0001 0.0000 1.0000
0.5380 -0.1291 207.7524 0.0797 0.5528 182.8238 -0.0001 -0.0000 1.0000
0.5070 -0.1251 219.8946 0.0662 0.5386 187.4343 -0.0001 -0.0000 1.0000
0.5309 -0.1138 219.8693 0.0898 0.5671 173.6613 -0.0001 0.0000 1.0000
0.5080 -0.1232 229.4686 0.0747 0.5451 182.7517 -0.0001 -0.0000 1.0000
0.5244 -0.1194 223.6778 0.0885 0.5567 178.9619 -0.0001 0.0000 1.0000
0.4999 -0.1255 232.7003 0.0761 0.5376 192.0143 -0.0001 -0.0000 1.0000
0.5112 -0.1195 228.0837 0.0757 0.5432 201.0564 -0.0001 -0.0000 1.0000
0.5390 -0.1209 218.4228 0.0870 0.5487 207.4232 -0.0000 -0.0000 1.0000
0.5260 -0.1335 226.7065 0.0788 0.5311 221.2040 -0.0000 -0.0000 1.0000
0.5047 -0.0983 223.9347 0.0552 0.5428 238.0216 -0.0001 0.0000 1.0000
0.5301 -0.1060 218.1169 0.0647 0.5388 246.0765 -0.0000 -0.0000 1.0000
0.5135 -0.1080 225.1676 0.0418 0.5192 265.9813 -0.0001 -0.0000 1.0000
0.5116 -0.0785 224.4963 0.0309 0.5414 276.6881 -0.0001 -0.0000 1.0000
0.5106 -0.0843 225.6914 0.0247 0.5226 286.8338 -0.0001 -0.0000 1.0000
0.5297 -0.0550 220.0973 0.0189 0.5476 299.2413 -0.0000 -0.0000 1.0000
0.5244 -0.0616 226.1551 0.0163 0.5345 303.3421 -0.0000 -0.0000 1.0000
0.4786 -0.0542 246.1726 -0.0175 0.5152 323.7300 -0.0001 -0.0000 1.0000
0.4955 -0.0523 246.5761 -0.0169 0.5183 329.9060 -0.0001 -0.0000 1.0000
0.4992 -0.0474 249.3230 -0.0199 0.5175 334.1845 -0.0001 -0.0000 1.0000
0.4884 -0.0348 255.8082 -0.0224 0.5236 331.9578 -0.0001 -0.0000 1.0000
0.4845 -0.0365 262.9986 -0.0339 0.5219 342.0587 -0.0001 -0.0000 1.0000
0.4597 -0.0338 273.0635 -0.0478 0.5057 348.7907 -0.0001 -0.0000 1.0000
0.5057 -0.0181 262.7650 -0.0318 0.5395 345.1011 -0.0001 -0.0000 1.0000
0.4755 -0.0333 280.5607 -0.0452 0.5132 350.2204 -0.0001 -0.0000 1.0000
0.4646 -0.0154 282.9430 -0.0554 0.5221 351.9650 -0.0001 -0.0000 1.0000
0.5361 -0.0045 266.5570 -0.0194 0.5605 338.0707 -0.0000 0.0000 1.0000
0.5014 -0.0168 283.0545 -0.0301 0.5333 339.0886 -0.0001 -0.0000 1.0000
0.4605 -0.0071 294.2950 -0.0582 0.5260 347.5345 -0.0001 0.0000 1.0000
0.4868 -0.0386 298.8290 -0.0358 0.5108 338.2880 -0.0001 -0.0000 1.0000
0.4884 -0.0222 301.4604 -0.0370 0.5230 338.8501 -0.0001 -0.0000 1.0000
0.4575 -0.0424 316.0082 -0.0479 0.4922 341.3430 -0.0001 -0.0000 1.0000
0.4733 -0.0176 308.9532 -0.0492 0.5206 340.6686 -0.0001 -0.0000 1.0000
0.5187 -0.0217 302.7658 -0.0236 0.5409 328.7484 -0.0000 -0.0000 1.0000
0.5013 -0.0276 310.2417 -0.0307 0.5263 328.8578 -0.0001 -0.0000 1.0000
0.4738 -0.0201 319.9202 -0.0436 0.5238 330.4386 -0.0001 -0.0000 1.0000
0.4986 -0.0216 315.8019 -0.0382 0.5307 329.2311 -0.0001 -0.0000 1.0000
0.4840 -0.0129 319.9280 -0.0417 0.5378 323.7941 -0.0001 -0.0000 1.0000
0.5222 -0.0039 310.1623 -0.0279 0.5535 318.9390 -0.0001 0.0000 1.0000
0.5001 -0.0318 321.3800 -0.0311 0.5248 316.9127 -0.0001 -0.0000 1.0000
0.4735 -0.0305 329.4460 -0.0463 0.5177 320.2667 -0.0001 -0.0000 1.0000
0.4723 -0.0325 333.0327 -0.0415 0.5153 315.7408 -0.0001 -0.0000 1.0000
0.4797 -0.0018 323.3199 -0.0451 0.5457 310.1379 -0.0001 0.0000 1.0000
0.4889 -0.0080 326.0763 -0.0430 0.5429 310.1523 -0.0001 0.0000 1.0000
0.5094 -0.0344 323.2635 -0.0314 0.5259 305.1320 -0.0001 -0.0000 1.0000
0.5043 -0.0254 325.6026 -0.0318 0.5339 300.8591 -0.0001 -0.0000 1.0000
0.5076 -0.0110 324.0397 -0.0287 0.5481 294.9508 -0.0001 0.0000 1.0000
0.5145 0.0064 319.5742 -0.0314 0.5649 293.6574 -0.0001 0.0000 1.0000
0.4954 -0.0035 326.9370 -0.0347 0.5483 289.7208 -0.0001 0.0000 1.0000
0.5005 -0.0073 328.8946 -0.0362 0.5483 289.1444 -0.0001 0.0000 1.0000
0.4786 -0.0020 331.1425 -0.0456 0.5466 285.9238 -0.0001 0.0000 1.0000
0.5011 -0.0051 326.6348 -0.0337 0.5509 280.7412 -0.0001 0.0000 1.0000
0.5193 0.0077 321.9263 -0.0278 0.5687 277.5125 -0.0001 0.0000 1.0000
0.4956 -0.0070 328.9944 -0.0351 0.5470 281.0819 -0.0001 0.0000 1.0000
0.5241 -0.0088 319.9174 -0.0261 0.5546 277.8536 -0.0001 0.0000 1.0000
0.5096 -0.0180 324.4544 -0.0266 0.5444 276.5107 -0.0001 -0.0000 1.0000
0.5302 -0.0076 313.9453 -0.0225 0.5561 276.4196 -0.0000 0.0000 1.0000
0.4951 -0.0113 322.9079 -0.0336 0.5376 279.7016 -0.0001 -0.0000 1.0000
0.5312 -0.0065 312.9054 -0.0200 0.5572 273.4786 -0.0000 0.0000 1.0000
0.4926 -0.0201 324.3756 -0.0363 0.5367 276.5383 -0.0001 -0.0000 1.0000
0.4875 -0.0197 326.5070 -0.0368 0.5314 274.9788 -0.0001 -0.0000 1.0000
0.5168 -0.0041 319.1591 -0.0235 0.5528 265.7442 -0.0001 0.0000 1.0000
0.5047 -0.0068 326.2688 -0.0269 0.5473 263.0293 -0.0001 0.0000 1.0000
0.5183 -0.0074 322.7076 -0.0251 0.5495 261.4917 -0.0001 0.0000 1.0000
0.5014 -0.0323 329.4680 -0.0242 0.5269 256.4838 -0.0001 -0.0000 1.0000
0.5164 0.0029 315.2116 -0.0234 0.5552 252.8944 -0.0001 0.0000 1.0000
0.5058 -0.0159 320.4794 -0.0223 0.5377 249.3583 -0.0001 -0.0000 1.0000
0.5385 -0.0026 306.0966 -0.0095 0.5598 241.0868 -0.0000 0.0000 1.0000
0.5150 -0.0211 313.0179 -0.0173 0.5363 241.2129 -0.0000 -0.0000 1.0000
0.5475 -0.0246 305.7380 -0.0031 0.5494 234.0570 -0.0000 -0.0000 1.0000
0.5582 -0.0244 308.2836 0.0054 0.5537 225.9998 0.0000 -0.0000 1.0000
0.5395 -0.0221 321.9933 -0.0047 0.5488 229.7787 -0.0000 -0.0000 1.0000
0.5576 -0.0399 329.3652 0.0059 0.5437 223.4773 0.0000 -0.0000 1.0000
0.5167 -0.0263 347.8608 -0.0099 0.5408 225.5314 -0.0000 -0.0000 1.0000
0.5502 -0.0358 350.6973 0.0053 0.5442 218.9041 0.0000 -0.0000 1.0000
0.5741 -0.0253 353.9866 0.0148 0.5655 211.7287 0.0000 -0.0000 1.0000
0.5756 -0.0199 363.6768 0.0153 0.5743 208.9979 0.0000 -0.0000 1.0000
0.5644 -0.0020 371.5450 0.0106 0.5797 209.7332 0.0000 0.0000 1.0000
0.5654 -0.0157 384.5362 0.0138 0.5729 208.9576 0.0000 -0.0000 1.0000
0.5836 -0.0148 392.1284 0.0188 0.5786 208.4141 0.0000 -0.0000 1.0000
0.5694 -0.0100 403.7445 0.0114 0.5715 210.7495 0.0000 -0.0000 1.0000
0.5499 -0.0233 422.8537 0.0078 0.5565 211.9680 0.0000 -0.0000 1.0000
0.5739 -0.0212 432.6443 0.0122 0.5633 215.0269 0.0000 -0.0000 1.0000
0.5497 -0.0089 450.1348 0.0024 0.5594 217.7829 0.0000 -0.0000 1.0000
0.5746 -0.0104 461.0206 0.0103 0.5625 215.4081 0.0000 -0.0000 1.0000
0.5200 -0.0369 493.4100 -0.0077 0.5287 223.7116 0.0000 -0.0000 1.0000
0.5347 -0.0162 503.6818 0.0019 0.5410 220.2010 0.0000 -0.0000 1.0000
0.5030 -0.0039 525.1888 -0.0132 0.5407 227.2829 0.0000 -0.0000 1.0000
0.4858 -0.0445 549.8921 -0.0127 0.5078 230.0479 -0.0000 -0.0000 1.0000
0.4745 -0.0162 558.4716 -0.0177 0.5121 232.6213 -0.0000 -0.0000 1.0000
0.5271 0.0030 563.9611 0.0011 0.5404 228.1127 0.0000 -0.0000 1.0000
0.4719 -0.0091 590.3774 -0.0176 0.5165 238.0167 -0.0000 -0.0000 1.0000
0.4768 -0.0152 600.4168 -0.0192 0.5129 240.9584 -0.0000 -0.0000 1.0000
0.5314 -0.0326 603.5846 0.0050 0.5209 231.6199 0.0000 -0.0000 1.0000
0.5264 -0.0152 608.5222 0.0005 0.5294 232.5471 0.0000 -0.0000 1.0000
0.5283 -0.0355 617.5874 -0.0008 0.5181 237.1517 0.0000 -0.0000 1.0000
0.5349 -0.0107 614.6364 -0.0033 0.5351 235.7973 0.0000 -0.0000 1.0000
0.5300 -0.0267 617.7435 -0.0014 0.5277 234.8426 0.0000 -0.0000 1.0000
0.4906 -0.0019 622.8429 -0.0134 0.5292 237.1821 -0.0000 -0.0000 1.0000
0.5175 -0.0177 620.3968 -0.0037 0.5295 232.4763 0.0000 -0.0000 1.0000
0.5246 0.0152 612.7820 -0.0101 0.5484 236.3618 0.0000 0.0000 1.0000
0.5327 -0.0111 610.9025 -0.0029 0.5354 233.0241 0.0000 -0.0000 1.0000
0.4925 -0.0076 617.2819 -0.0147 0.5285 236.1071 -0.0000 -0.0000 1.0000
0.5198 -0.0020 607.2470 -0.0054 0.5403 230.4896 0.0000 -0.0000 1.0000
0.5171 -0.0197 607.2234 -0.0074 0.5317 232.7824 0.0000 -0.0000 1.0000
0.5305 0.0130 595.7557 -0.0043 0.5513 230.6616 0.0000 0.0000 1.0000
0.5153 -0.0245 597.9013 -0.0070 0.5241 231.5617 0.0000 -0.0000 1.0000
0.5081 -0.0026 591.5323 -0.0134 0.5371 233.4212 0.0000 -0.0000 1.0000
0.5195 0.0061 583.3886 -0.0137 0.5433 234.4062 0.0000 0.0000 1.0000
0.5403 -0.0251 581.8336 -0.0053 0.5328 231.4874 0.0000 -0.0000 1.0000
0.5297 -0.0215 581.6534 -0.0071 0.5257 231.8609 0.0000 -0.0000 1.0000
0.5521 0.0179 574.7614 -0.0018 0.5555 228.6107 0.0000 0.0000 1.0000
0.5169 -0.0113 582.9876 -0.0137 0.5295 233.0118 0.0000 -0.0000 1.0000
0.5396 -0.0109 581.2718 -0.0039 0.5360 228.2541 0.0000 -0.0000 1.0000
0.5496 -0.0101 581.1861 -0.0060 0.5378 229.7242 0.0001 -0.0000 1.0000
0.5342 -0.0232 588.5315 -0.0019 0.5262 226.1509 0.0000 -0.0000 1.0000
0.5407 -0.0364 586.8355 -0.0065 0.5199 229.2214 0.0000 -0.0000 1.0000
0.5460 -0.0070 584.7088 -0.0077 0.5399 227.7506 0.0000 -0.0000 1.0000
0.5176 0.0081 584.5724 -0.0144 0.5420 226.3306 0.0000 -0.0000 1.0000
0.5429 -0.0080 581.5809 -0.0048 0.5436 222.8944 0.0000 -0.0000 1.0000
0.5435 0.0278 573.6789 -0.0066 0.5618 221.7129 0.0000 0.0000 1.0000
0.5484 -0.0074 571.9188 0.0032 0.5457 217.3653 0.0001 -0.0000 1.0000
0.5403 0.0044 566.4421 -0.0054 0.5482 224.6643 0.0000 -0.0000 1.0000
0.6065 0.0091 547.9745 0.0141 0.5733 221.8169 0.0001 -0.0000 1.0000
0.5754 -0.0071 546.7456 0.0020 0.5561 229.5247 0.0001 -0.0000 1.0000
0.5394 -0.0259 541.4889 -0.0052 0.5340 233.7250 0.0000 -0.0000 1.0000
0.5659 -0.0191 519.1849 0.0007 0.5463 236.3329 0.0001 -0.0000 1.0000
0.5381 -0.0002 504.2278 -0.0101 0.5499 241.5726 0.0000 -0.0000 1.0000
0.5742 -0.0177 472.4447 0.0024 0.5529 238.1778 0.0001 -0.0000 1.0000
0.5506 -0.0025 452.8607 -0.0059 0.5551 242.2406 0.0001 -0.0000 1.0000
0.5970 -0.0183 416.7475 0.0054 0.5577 242.7342 0.0001 -0.0000 1.0000
0.5958 -0.0007 388.0419 -0.0049 0.5698 248.1451 0.0001 -0.0000 1.0000
0.6060 0.0103 366.1429 0.0058 0.5850 239.5568 0.0001 -0.0000 1.0000
0.6186 0.0037 350.5753 0.0137 0.5876 236.7672 0.0001 -0.0000 1.0000
0.6704 0.0067 325.0075 0.0347 0.6126 224.9284 0.0002 -0.0000 1.0000
0.6723 0.0041 321.4988 0.0335 0.6163 223.5446 0.0002 -0.0000 1.0000
0.6870 0.0020 317.7697 0.0421 0.6179 220.0057 0.0002 -0.0000 1.0000
0.6947 -0.0036 312.9786 0.0466 0.6243 214.3220 0.0002 -0.0000 1.0000
0.6696 0.0147 316.2825 0.0311 0.6343 217.0158 0.0002 -0.0000 1.0000
0.6657 0.0182 323.3915 0.0351 0.6363 212.4765 0.0002 -0.0000 1.0000
0.6639 0.0084 330.4658 0.0273 0.6260 216.9186 0.0002 -0.0000 1.0000
0.6732 0.0014 336.9988 0.0428 0.6303 203.6186 0.0002 -0.0000 1.0000
0.6889 -0.0092 340.1217 0.0516 0.6293 196.8792 0.0002 -0.0000 1.0000
0.6794 -0.0107 347.3225 0.0458 0.6301 196.7038 0.0002 -0.0000 1.0000
0.7053 0.0211 344.9077 0.0598 0.6648 185.7573 0.0002 0.0000 1.0000
0.6512 -0.0065 362.2333 0.0432 0.6290 190.0005 0.0002 -0.0000 1.0000
0.6933 -0.0208 359.2389 0.0645 0.6371 178.1947 0.0002 -0.0001 1.0000
0.6542 -0.0255 369.3931 0.0490 0.6245 180.5964 0.0002 -0.0001 1.0000
0.7560 -0.0116 346.2660 0.0815 0.6752 166.7803 0.0003 -0.0000 1.0000
0.7278 -0.0170 350.5246 0.0801 0.6667 163.0970 0.0003 -0.0000 1.0000
0.7102 0.0169 347.1071 0.0738 0.6871 161.5402 0.0002 0.0000 1.0000
0.6869 0.0068 345.7149 0.0682 0.6729 162.3240 0.0002 -0.0000 1.0000
0.7085 -0.0174 335.6546 0.0755 0.6732 158.4559 0.0002 -0.0000 1.0000
0.7190 -0.0191 322.6958 0.0757 0.6838 156.2126 0.0002 -0.0000 1.0000
0.6696 -0.0355 328.7012 0.0623 0.6518 160.3306 0.0002 -0.0001 1.0000
0.7481 -0.0343 296.6622 0.0889 0.6935 146.5728 0.0003 -0.0000 1.0000
0.7269 -0.0411 291.6076 0.0793 0.6843 148.4823 0.0002 -0.0001 1.0000
0.7606 -0.0454 273.8483 0.0933 0.7001 139.2782 0.0003 -0.0001 1.0000
0.7655 -0.0214 257.1239 0.0904 0.7270 133.1244 0.0003 -0.0000 1.0000
0.7828 -0.0323 242.4029 0.0981 0.7228 126.9671 0.0003 -0.0001 1.0000
0.8039 -0.0320 228.4782 0.1040 0.7396 123.1754 0.0003 -0.0000 1.0000
0.7962 -0.0385 221.7260 0.0981 0.7305 123.2902 0.0003 -0.0001 1.0000
0.8122 -0.0230 216.0020 0.1054 0.7552 117.1348 0.0003 -0.0000 1.0000
0.8184 -0.0219 210.2053 0.1024 0.7609 119.3602 0.0003 -0.0000 1.0000
0.8127 -0.0220 211.1143 0.1009 0.7609 118.1907 0.0003 -0.0000 1.0000
0.8190 -0.0330 204.8067 0.1035 0.7498 118.4330 0.0003 -0.0001 1.0000
0.7900 -0.0338 214.7627 0.0928 0.7368 123.8673 0.0003 -0.0000 1.0000
0.8184 -0.0534 212.5928 0.0972 0.7265 127.4453 0.0003 -0.0001 1.0000
0.8409 -0.0229 216.9150 0.1072 0.7585 122.9260 0.0003 -0.0000 1.0000
0.7725 -0.0495 249.3339 0.0815 0.7036 138.5742 0.0003 -0.0001 1.0000
0.7893 -0.0079 256.7702 0.0748 0.7367 143.3341 0.0003 -0.0000 1.0000
0.7794 -0.0221 274.3178 0.0678 0.7181 153.0774 0.0003 -0.0000 1.0000
0.7883 -0.0396 291.6930 0.0735 0.7038 157.4901 0.0003 -0.0001 1.0000
0.7359 -0.0152 311.2509 0.0495 0.6962 169.0140 0.0002 -0.0000 1.0000
0.7522 -0.0096 313.7994 0.0467 0.6963 175.1155 0.0002 -0.0000 1.0000
0.7140 -0.0190 328.6924 0.0297 0.6731 187.2923 0.0002 -0.0000 1.0000
0.7203 -0.0286 326.4329 0.0306 0.6653 191.5029 0.0002 -0.0001 1.0000
0.6934 -0.0143 325.9334 0.0169 0.6590 201.0059 0.0001 -0.0000 1.0000
0.7521 -0.0118 299.8046 0.0328 0.6783 200.8160 0.0002 -0.0000 1.0000
0.7183 -0.0226 299.1895 0.0165 0.6574 212.4714 0.0002 -0.0000 1.0000
0.6939 0.0111 286.0372 0.0010 0.6670 223.1834 0.0001 -0.0000 1.0000
0.6972 -0.0164 276.9508 0.0045 0.6491 226.9951 0.0001 -0.0000 1.0000
0.7078 0.0007 257.9540 0.0071 0.6626 228.4837 0.0001 -0.0000 1.0000
0.7244 -0.0093 239.7628 0.0091 0.6570 231.9275 0.0001 -0.0000 1.0000
0.6849 -0.0040 239.3446 -0.0056 0.6484 235.9898 0.0001 -0.0000 1.0000
0.6976 -0.0003 222.7119 -0.0002 0.6554 231.7379 0.0001 -0.0000 1.0000
0.6657 0.0131 218.9369 -0.0177 0.6480 238.6213 0.0001 -0.0000 1.0000
0.6663 0.0111 215.4783 -0.0191 0.6518 236.9234 0.0001 -0.0000 1.0000
0.6675 -0.0197 217.7429 -0.0076 0.6124 239.5204 0.0001 -0.0001 1.0000
0.6316 0.0124 223.0336 -0.0366 0.6315 248.2522 0.0000 0.0000 1.0000
0.6442 0.0128 220.1276 -0.0235 0.6337 241.4400 0.0000 0.0000 1.0000
0.6281 0.0179 224.8418 -0.0326 0.6234 249.6904 0.0000 0.0000 1.0000
0.5956 0.0193 233.9361 -0.0323 0.6077 247.3003 0.0000 0.0000 1.0000
0.5833 0.0106 237.6903 -0.0356 0.5955 250.0994 -0.0000 0.0000 1.0000
0.5931 0.0016 230.2808 -0.0303 0.5883 247.6462 0.0000 -0.0000 1.0000
0.5920 0.0197 226.7330 -0.0327 0.6012 248.8410 0.0000 0.0000 1.0000
0.5408 -0.0056 242.3853 -0.0463 0.5643 251.7722 -0.0000 -0.0000 1.0000
0.5360 0.0113 242.5422 -0.0398 0.5682 247.0821 -0.0000 0.0000 1.0000
0.5487 0.0055 242.5273 -0.0307 0.5694 240.9305 -0.0000 0.0000 1.0000
0.5564 0.0031 240.8818 -0.0261 0.5707 237.2596 -0.0000 0.0000 1.0000
0.5176 -0.0010 258.1523 -0.0361 0.5475 240.7708 -0.0001 0.0000 1.0000
0.5187 -0.0028 263.6319 -0.0381 0.5494 241.3919 -0.0001 0.0000 1.0000
0.4941 -0.0062 278.8231 -0.0387 0.5369 240.7914 -0.0001 0.0000 1.0000
0.5023 -0.0002 283.0095 -0.0324 0.5418 238.7583 -0.0001 0.0000 1.0000
0.5202 -0.0076 289.4838 -0.0245 0.5371 239.9206 -0.0000 0.0000 1.0000
0.4552 0.0198 310.6744 -0.0443 0.5376 242.1429 -0.0001 0.0000 1.0000
0.4678 -0.0043 319.2724 -0.0388 0.5237 244.5884 -0.0001 0.0000 1.0000
0.4621 0.0048 327.5949 -0.0421 0.5261 244.8764 -0.0001 0.0000 1.0000
0.4725 0.0107 334.6848 -0.0400 0.5342 245.8033 -0.0001 0.0000 1.0000
0.4609 0.0156 344.8051 -0.0421 0.5380 243.3710 -0.0001 0.0000 1.0000
0.4594 0.0141 357.9302 -0.0426 0.5333 247.0131 -0.0001 0.0000 1.0000
0.4478 0.0096 366.6373 -0.0471 0.5210 251.1747 -0.0001 0.0000 1.0000
0.4204 0.0057 381.8831 -0.0553 0.5142 253.1861 -0.0001 0.0000 1.0000
0.4480 0.0133 380.5823 -0.0420 0.5271 250.8402 -0.0001 0.0000 1.0000
0.4411 0.0236 386.3688 -0.0488 0.5309 255.2073 -0.0001 0.0000 1.0000
0.4335 0.0074 394.5758 -0.0517 0.5159 257.9713 -0.0001 0.0000 1.0000
0.4005 0.0220 403.8369 -0.0653 0.5128 264.7929 -0.0001 0.0000 1.0000
0.4046 0.0190 406.5910 -0.0686 0.5108 269.6115 -0.0001 0.0000 1.0000
0.4249 0.0219 406.5847 -0.0588 0.5192 268.7203 -0.0001 0.0000 1.0000
0.4345 0.0266 405.3396 -0.0595 0.5258 271.5595 -0.0001 0.0000 1.0000
0.4234 0.0347 405.0976 -0.0644 0.5189 276.3006 -0.0001 0.0000 1.0000
0.4239 0.0422 404.4126 -0.0659 0.5232 277.2594 -0.0001 0.0000 1.0000
0.4254 0.0581 403.8845 -0.0682 0.5315 279.1650 -0.0001 0.0001 1.0000
0.4432 0.0516 402.9976 -0.0640 0.5331 280.8078 -0.0001 0.0000 1.0000
0.4266 0.0510 405.0410 -0.0726 0.5240 282.2515 -0.0001 0.0000 1.0000
0.4213 0.0551 406.5883 -0.0756 0.5232 280.8495 -0.0001 0.0000 1.0000
0.4358 0.0423 402.9214 -0.0720 0.5110 279.4159 -0.0001 0.0000 1.0000
0.3828 0.0609 415.1663 -0.0959 0.5062 283.6655 -0.0001 0.0000 1.0000
0.4252 0.0668 408.1543 -0.0826 0.5170 278.0617 -0.0001 0.0000 1.0000
0.3853 0.0773 417.3031 -0.1000 0.5085 283.2199 -0.0001 0.0001 1.0000
0.3936 0.0840 416.2307 -0.1004 0.5112 283.9775 -0.0001 0.0001 1.0000
0.3865 0.0846 420.8160 -0.1078 0.5052 290.3864 -0.0001 0.0001 1.0000
0.3799 0.0895 428.3283 -0.1114 0.5035 295.9474 -0.0001 0.0001 1.0000
0.4035 0.1209 421.4925 -0.1098 0.5283 300.2572 -0.0001 0.0001 1.0000
0.4057 0.1056 427.5907 -0.1095 0.5181 303.8574 -0.0001 0.0001 1.0000
0.3949 0.1273 430.9601 -0.1201 0.5256 309.8480 -0.0001 0.0001 1.0000
0.4019 0.1165 432.9602 -0.1150 0.5167 306.5751 -0.0001 0.0001 1.0000
0.3956 0.1145 438.5122 -0.1169 0.5113 306.3377 -0.0001 0.0001 1.0000
0.3977 0.1266 436.6818 -0.1212 0.5198 305.9746 -0.0001 0.0001 1.0000
0.3841 0.1176 437.9569 -0.1247 0.5052 306.8626 -0.0001 0.0001 1.0000
0.3940 0.1209 433.2428 -0.1255 0.5150 303.9284 -0.0001 0.0001 1.0000
0.4169 0.1458 421.0619 -0.1229 0.5324 304.3330 -0.0001 0.0001 1.0000
0.3970 0.1367 423.6725 -0.1331 0.5201 309.0280 -0.0001 0.0001 1.0000
0.4381 0.1293 412.1350 -0.1185 0.5271 304.7573 -0.0001 0.0001 1.0000
0.4048 0.1513 415.5056 -0.1313 0.5306 308.5955 -0.0001 0.0001 1.0000
0.4088 0.1275 414.3003 -0.1314 0.5132 311.9042 -0.0001 0.0001 1.0000
0.4240 0.1409 405.4671 -0.1292 0.5263 311.0903 -0.0001 0.0001 1.0000
0.4098 0.1367 407.1794 -0.1332 0.5168 312.5102 -0.0001 0.0001 1.0000
0.4280 0.1394 402.6116 -0.1280 0.5236 310.6830 -0.0001 0.0001 1.0000
0.4036 0.1400 410.5447 -0.1369 0.5181 314.2653 -0.0001 0.0001 1.0000
0.4423 0.1182 404.1087 -0.1247 0.5143 314.7538 -0.0001 0.0001 1.0000
0.4624 0.1341 394.3314 -0.1200 0.5309 312.0838 -0.0001 0.0001 1.0000
0.4068 0.1283 406.9564 -0.1404 0.5055 323.4990 -0.0001 0.0001 1.0000
0.4332 0.1293 400.3223 -0.1331 0.5123 324.4854 -0.0001 0.0001 1.0000
0.4551 0.1545 392.1833 -0.1290 0.5391 322.1582 -0.0001 0.0001 1.0000
0.4668 0.1547 386.3190 -0.1223 0.5396 317.5144 -0.0001 0.0001 1.0000
0.4341 0.1661 390.8736 -0.1384 0.5348 324.1693 -0.0001 0.0001 1.0000
0.4341 0.1644 391.9404 -0.1400 0.5386 323.5087 -0.0001 0.0001 1.0000
0.4559 0.1526 386.4233 -0.1293 0.5341 317.1306 -0.0001 0.0001 1.0000
0.4657 0.1669 385.9319 -0.1307 0.5461 319.7670 -0.0001 0.0001 1.0000
0.4264 0.1503 398.8530 -0.1452 0.5211 329.4590 -0.0001 0.0001 1.0000
0.4504 0.1339 401.1488 -0.1359 0.5169 331.2414 -0.0001 0.0001 1.0000
0.4702 0.1601 398.9567 -0.1380 0.5384 342.1252 -0.0001 0.0001 1.0000
0.4471 0.1621 405.1872 -0.1420 0.5348 349.3712 -0.0001 0.0001 1.0000
0.4576 0.1324 410.6746 -0.1340 0.5177 357.5095 -0.0001 0.0001 1.0000
0.4581 0.1413 412.4057 -0.1374 0.5251 371.1131 -0.0001 0.0001 1.0000
0.4196 0.1229 426.9771 -0.1477 0.5044 382.2995 -0.0001 0.0001 1.0000
0.4690 0.1386 413.3682 -0.1339 0.5309 387.8315 -0.0000 0.0001 1.0000
0.4444 0.1332 417.3421 -0.1456 0.5202 400.4229 -0.0001 0.0001 1.0000
0.4768 0.1404 409.2342 -0.1308 0.5376 403.2960 -0.0000 0.0001 1.0000
0.4616 0.1105 413.3878 -0.1330 0.5126 410.8507 -0.0001 0.0000 1.0000
0.4742 0.1259 404.7751 -0.1202 0.5285 409.0195 -0.0000 0.0001 1.0000
0.4731 0.1118 401.4856 -0.1204 0.5234 416.1072 -0.0000 0.0001 1.0000
0.4517 0.0938 400.0448 -0.1171 0.5054 417.0957 -0.0001 0.0000 1.0000
0.4417 0.0915 395.1102 -0.1169 0.5081 424.0735 -0.0001 0.0000 1.0000
0.4450 0.0712 383.6654 -0.1066 0.4989 428.0017 -0.0001 0.0000 1.0000
0.4580 0.0464 370.6989 -0.0866 0.4915 425.8954 -0.0000 0.0000 1.0000
0.4634 0.0445 355.2605 -0.0742 0.5011 422.7287 -0.0000 0.0000 1.0000
0.4342 0.0288 347.3258 -0.0682 0.4904 413.3213 -0.0001 0.0000 1.0000
0.4311 -0.0134 337.1702 -0.0499 0.4637 400.9291 -0.0001 -0.0000 1.0000
0.4585 -0.0272 315.0192 -0.0226 0.4719 372.8107 -0.0000 -0.0000 1.0000
0.4305 -0.0314 298.0441 -0.0263 0.4624 351.8866 -0.0001 0.0000 1.0000
0.4957 -0.0365 263.9545 0.0328 0.4985 309.5510 -0.0000 0.0000 1.0000
0.4599 -0.0684 261.4660 0.0345 0.4620 286.9659 -0.0000 -0.0000 1.0000
0.4185 -0.0771 252.7963 0.0312 0.4479 254.7603 -0.0001 0.0000 1.0000
0.4259 -0.0847 239.8459 0.0527 0.4567 220.3564 -0.0001 0.0000 1.0000
0.4504 -0.0832 223.0433 0.0821 0.4779 177.1878 -0.0000 0.0001 1.0000
0.4158 -0.1093 232.4276 0.0797 0.4413 150.2936 -0.0001 0.0000 1.0000
0.4669 -0.1002 223.2174 0.1252 0.4804 97.1007 -0.0000 0.0001 1.0000
0.4046 -0.1059 250.0843 0.0924 0.4426 88.5130 -0.0001 0.0000 1.0000
0.4294 -0.1095 269.6814 0.1193 0.4527 52.7217 -0.0000 0.0001 1.0000
0.4042 -0.1167 293.5661 0.1155 0.4307 51.1679 -0.0001 0.0000 1.0000
0.3879 -0.1181 330.7887 0.1133 0.4219 49.3857 -0.0001 0.0000 1.0000
0.3726 -0.1297 373.2182 0.1081 0.4063 60.8466 -0.0001 0.0000 1.0000
0.2970 -0.1360 426.0752 0.0740 0.3670 95.2824 -0.0001 -0.0000 1.0000
0.2558 -0.1278 473.2408 0.0589 0.3572 122.8085 -0.0002 -0.0000 1.0000
0.2620 -0.1031 501.0316 0.0530 0.3690 149.8228 -0.0002 0.0000 1.0000
0.2713 -0.1022 537.2049 0.0614 0.3756 171.0026 -0.0001 0.0000 1.0000
0.2425 -0.0798 567.0989 0.0369 0.3786 204.4266 -0.0002 0.0000 1.0000
0.1900 -0.0692 595.6832 0.0084 0.3650 230.5255 -0.0002 0.0000 1.0000
0.1758 -0.0381 606.6036 -0.0066 0.3744 244.9850 -0.0002 0.0001 1.0000
0.1904 -0.0399 617.8060 -0.0038 0.3738 250.9230 -0.0002 0.0001 1.0000
0.2153 -0.0597 621.2233 0.0028 0.3643 251.0502 -0.0002 0.0000 1.0000
0.2034 -0.0385 620.4234 -0.0099 0.3697 252.8409 -0.0002 0.0000 1.0000
0.1924 -0.0414 621.9946 -0.0187 0.3643 254.4513 -0.0002 0.0000 1.0000
0.2004 -0.0587 621.1542 -0.0217 0.3532 257.6813 -0.0002 0.0000 1.0000
0.2107 -0.0289 610.3529 -0.0230 0.3669 259.0334 -0.0002 0.0000 1.0000
0.2050 -0.0257 607.7942 -0.0287 0.3653 263.3965 -0.0002 0.0000 1.0000
0.1806 -0.0218 609.1563 -0.0406 0.3552 270.8561 -0.0002 0.0000 1.0000
0.1853 -0.0187 606.1317 -0.0425 0.3546 274.6655 -0.0002 0.0000 1.0000
0.2039 -0.0191 598.9885 -0.0399 0.3513 277.5838 -0.0002 0.0000 1.0000
0.2085 -0.0027 594.8458 -0.0414 0.3603 276.3294 -0.0002 0.0000 1.0000
0.2021 -0.0146 594.3708 -0.0440 0.3471 276.2992 -0.0002 0.0000 1.0000
0.2074 0.0039 585.4687 -0.0500 0.3527 275.1387 -0.0002 0.0000 1.0000
0.1951 -0.0089 581.9831 -0.0609 0.3379 276.2442 -0.0002 0.0000 1.0000
0.2077 0.0161 570.2641 -0.0587 0.3518 270.0152 -0.0002 0.0000 1.0000
0.1925 0.0170 563.5295 -0.0654 0.3458 264.7999 -0.0002 0.0000 1.0000
0.1847 0.0077 555.0738 -0.0666 0.3326 259.4711 -0.0002 0.0000 1.0000
0.2120 0.0116 540.4780 -0.0627 0.3377 256.5287 -0.0002 0.0000 1.0000
0.2048 0.0299 532.3381 -0.0708 0.3401 257.6739 -0.0002 0.0000 1.0000
0.2060 0.0357 523.2086 -0.0727 0.3409 255.7858 -0.0002 0.0000 1.0000
0.2048 0.0273 518.9032 -0.0741 0.3303 255.5497 -0.0002 0.0000 1.0000
0.2127 0.0434 510.5875 -0.0755 0.3395 255.2017 -0.0001 0.0000 1.0000
0.2144 0.0709 504.7728 -0.0835 0.3473 261.5252 -0.0001 0.0001 1.0000
0.1927 0.0505 511.4751 -0.0855 0.3261 261.6102 -0.0002 0.0000 1.0000
0.2019 0.0421 512.7056 -0.0836 0.3206 262.9905 -0.0001 0.0000 1.0000
0.1835 0.0387 517.0188 -0.0900 0.3106 266.0731 -0.0002 0.0000 1.0000
0.1732 0.0677 518.7292 -0.0947 0.3216 266.9285 -0.0002 0.0000 1.0000
0.1726 0.0794 519.8984 -0.0978 0.3227 269.4437 -0.0002 0.0001 1.0000
0.1686 0.0843 524.9811 -0.0993 0.3236 270.2052 -0.0002 0.0001 1.0000
0.1855 0.0710 526.8379 -0.0942 0.3161 271.3045 -0.0001 0.0000 1.0000
0.1733 0.0758 532.2630 -0.0978 0.3139 273.4516 -0.0002 0.0000 1.0000
0.1361 0.0862 541.4862 -0.1089 0.3105 278.1137 -0.0002 0.0001 1.0000
0.1413 0.0687 544.1249 -0.1055 0.2981 282.4163 -0.0002 0.0000 1.0000
0.1682 0.0585 545.5754 -0.0974 0.2993 286.5140 -0.0001 0.0000 1.0000
0.1506 0.0831 548.6914 -0.1048 0.3091 293.0748 -0.0002 0.0001 1.0000
0.1510 0.0718 551.4445 -0.1000 0.2997 296.5008 -0.0002 0.0000 1.0000
0.1640 0.0649 552.6349 -0.0944 0.2956 301.0790 -0.0001 0.0000 1.0000
0.1321 0.0713 555.8699 -0.1066 0.2930 307.1669 -0.0002 0.0000 1.0000
0.1427 0.0844 551.4376 -0.1049 0.3011 311.9150 -0.0002 0.0001 1.0000
0.1383 0.0898 550.8401 -0.1043 0.3040 313.7825 -0.0002 0.0001 1.0000
0.1358 0.0609 551.2793 -0.1025 0.2853 317.4112 -0.0002 0.0000 1.0000
0.1289 0.0772 547.9405 -0.1065 0.2930 321.4976 -0.0002 0.0001 1.0000
0.1444 0.0375 546.0641 -0.0941 0.2726 319.4084 -0.0002 0.0000 1.0000
0.1624 0.0347 538.3357 -0.0830 0.2755 315.1948 -0.0001 0.0000 1.0000
0.1547 0.0339 536.9598 -0.0863 0.2761 316.5349 -0.0001 0.0000 1.0000
0.1431 0.0499 533.1356 -0.0920 0.2841 318.2798 -0.0002 0.0000 1.0000
0.1167 0.0423 534.1380 -0.0983 0.2746 317.8801 -0.0002 0.0000 1.0000
0.1404 0.0358 527.6474 -0.0860 0.2734 315.1162 -0.0002 0.0000 1.0000
0.1239 0.0573 525.6040 -0.0926 0.2845 314.4089 -0.0002 0.0000 1.0000
0.1541 0.0411 519.1185 -0.0790 0.2799 311.8515 -0.0001 0.0000 1.0000
