1.0000 -0.0000 -0.0000 -0.0000 1.0000 0.0000 -0.0000 -0.0000 1.0000
0.9978 -0.0095 6.9368 -0.0046 0.9920 4.0015 -0.0000 -0.0000 1.0000
0.9906 -0.0139 12.1356 -0.0025 0.9775 3.7781 -0.0000 -0.0000 1.0000
0.9675 -0.0156 20.9358 -0.0177 0.9693 13.0850 -0.0000 -0.0000 1.0000
0.9834 -0.0119 18.0272 -0.0029 0.9799 2.4631 -0.0000 -0.0000 1.0000
0.9998 -0.0087 16.2311 -0.0011 0.9903 1.2493 0.0000 -0.0000 1.0000
0.9748 -0.0026 21.9191 -0.0041 0.9881 1.5314 -0.0000 0.0000 1.0000
0.9734 0.0018 26.8032 -0.0059 0.9964 -0.6979 -0.0000 0.0000 1.0000
0.9649 -0.0040 29.2830 -0.0154 0.9822 5.4699 -0.0000 -0.0000 1.0000
0.9577 -0.0210 39.6914 -0.0024 0.9614 0.7612 -0.0000 -0.0000 1.0000
0.9968 -0.0060 26.4736 -0.0021 1.0019 -5.3513 -0.0000 0.0000 1.0000
0.9658 -0.0085 34.5018 -0.0052 0.9787 -4.6241 -0.0000 -0.0000 1.0000
0.9985 -0.0220 32.6312 0.0082 0.9849 -9.7812 -0.0000 -0.0000 1.0000
0.9901 -0.0121 36.4818 0.0109 1.0005 -16.6330 -0.0000 0.0000 1.0000
0.9944 -0.0082 38.3446 0.0110 0.9974 -17.1228 -0.0000 0.0000 1.0000
0.9612 -0.0343 52.9436 0.0032 0.9591 -11.9362 -0.0000 -0.0000 1.0000
0.9925 -0.0226 48.0462 0.0191 0.9900 -28.1179 0.0000 -0.0000 1.0000
0.9848 -0.0145 48.1540 0.0124 0.9887 -27.2322 -0.0000 0.0000 1.0000
1.0182 -0.0168 42.7436 0.0282 1.0122 -40.6618 0.0000 0.0000 1.0000
0.9832 -0.0210 56.2576 0.0126 0.9947 -37.4615 -0.0000 0.0000 1.0000
0.9981 -0.0300 58.9580 0.0220 0.9976 -43.4010 0.0000 0.0000 1.0000
1.0017 -0.0365 58.5055 0.0211 0.9860 -42.9909 -0.0000 -0.0000 1.0000
0.9666 -0.0337 73.1547 0.0165 0.9819 -44.6564 -0.0000 0.0000 1.0000
1.0067 -0.0185 64.0446 0.0275 1.0105 -52.8144 -0.0000 0.0000 1.0000
0.9983 -0.0384 72.5349 0.0323 0.9879 -50.6731 0.0000 -0.0000 1.0000
0.9867 -0.0365 74.7323 0.0227 0.9805 -47.1497 -0.0000 0.0000 1.0000
0.9697 -0.0313 81.3371 0.0189 0.9719 -45.1481 -0.0000 0.0000 1.0000
0.9850 -0.0445 83.5476 0.0252 0.9706 -46.7013 -0.0000 -0.0000 1.0000
1.0059 -0.0353 79.9916 0.0266 0.9896 -50.1206 -0.0000 0.0000 1.0000
0.9758 -0.0314 91.2157 0.0173 0.9787 -44.1169 -0.0000 0.0000 1.0000
1.0297 -0.0374 85.6023 0.0426 0.9992 -57.8158 0.0000 0.0000 1.0000
0.9759 -0.0462 101.2625 0.0192 0.9618 -43.8884 -0.0000 -0.0000 1.0000
1.0146 -0.0221 92.6775 0.0326 0.9932 -51.1545 0.0000 0.0000 1.0000
1.0146 -0.0221 92.6775 0.0326 0.9932 -51.1545 0.0000 0.0000 1.0000
1.0086 -0.0323 96.9035 0.0243 0.9787 -47.9158 0.0000 -0.0000 1.0000
1.0093 -0.0366 98.1014 0.0276 0.9854 -48.5829 0.0000 -0.0000 1.0000
1.0677 -0.0146 80.6802 0.0350 1.0358 -56.8689 0.0001 0.0000 1.0000
1.0508 -0.0465 83.1900 0.0393 1.0020 -53.5086 0.0001 -0.0000 1.0000
1.0621 -0.0405 75.2728 0.0429 1.0021 -50.1018 0.0001 -0.0000 1.0000
1.0608 -0.0473 73.8458 0.0480 1.0026 -49.8147 0.0001 0.0000 1.0000
1.1109 -0.0637 65.1187 0.0721 1.0050 -58.7827 0.0001 -0.0000 1.0000
1.0848 -0.0608 77.1828 0.0619 1.0054 -51.8219 0.0001 -0.0000 1.0000
1.0871 -0.0674 84.4101 0.0790 1.0052 -57.1050 0.0001 -0.0000 1.0000
1.0790 -0.0845 95.5959 0.0887 0.9970 -62.6170 0.0001 -0.0000 1.0000
1.0886 -0.0782 100.0007 0.1014 0.9992 -62.3050 0.0001 0.0000 1.0000
1.0820 -0.0887 110.7165 0.1153 1.0000 -66.8911 0.0001 0.0000 1.0000
1.0854 -0.1166 122.9139 0.1311 0.9834 -67.4885 0.0001 -0.0000 1.0000
1.1153 -0.1063 119.0168 0.1500 1.0092 -73.5845 0.0001 0.0000 1.0000
1.0864 -0.1337 133.6411 0.1631 0.9691 -73.5175 0.0001 -0.0000 1.0000
1.1065 -0.1709 143.1955 0.1876 0.9531 -80.9724 0.0001 -0.0000 1.0000
1.0895 -0.1528 152.6277 0.1826 0.9681 -82.3788 0.0001 -0.0000 1.0000
1.1126 -0.1841 158.3122 0.1967 0.9374 -84.4638 0.0002 -0.0001 1.0000
1.1279 -0.1711 159.4474 0.2077 0.9689 -98.9907 0.0002 -0.0000 1.0000
1.1151 -0.1547 160.3927 0.2049 0.9704 -100.6312 0.0002 -0.0000 1.0000
1.1735 -0.1688 155.4825 0.2328 0.9959 -115.7164 0.0002 0.0000 1.0000
1.1030 -0.1776 177.2242 0.2105 0.9461 -97.8901 0.0002 -0.0000 1.0000
1.0774 -0.1668 180.4873 0.2103 0.9483 -101.6347 0.0002 0.0000 1.0000
1.1026 -0.1824 169.2317 0.2122 0.9279 -97.0431 0.0002 -0.0000 1.0000
1.1473 -0.1805 160.1189 0.2276 0.9507 -101.2692 0.0002 -0.0000 1.0000
1.1635 -0.1563 143.8320 0.2294 0.9668 -104.6294 0.0003 0.0000 1.0000
1.1777 -0.1583 142.1864 0.2320 0.9677 -100.3428 0.0003 0.0000 1.0000
1.1667 -0.1481 143.8628 0.2261 0.9664 -97.0748 0.0003 0.0000 1.0000
1.1838 -0.1524 138.0936 0.2272 0.9495 -93.6734 0.0003 -0.0000 1.0000
1.1479 -0.1377 140.2278 0.2012 0.9470 -86.0472 0.0003 -0.0000 1.0000
1.1649 -0.0990 134.3347 0.2098 0.9704 -90.6417 0.0003 0.0000 1.0000
1.1662 -0.1327 143.3730 0.1969 0.9436 -84.6014 0.0003 -0.0000 1.0000
1.1416 -0.0880 151.4328 0.1704 0.9580 -73.3455 0.0003 0.0000 1.0000
1.0771 -0.1041 173.4939 0.1484 0.9060 -61.6858 0.0002 -0.0000 1.0000
1.1365 -0.0883 162.2005 0.1526 0.9336 -65.0074 0.0003 0.0000 1.0000
1.1149 -0.0842 175.9666 0.1476 0.9162 -64.9748 0.0003 -0.0000 1.0000
1.1116 -0.0780 184.8174 0.1334 0.9207 -61.2404 0.0003 -0.0000 1.0000
1.1403 -0.0541 185.2692 0.1334 0.9350 -62.1771 0.0003 0.0000 1.0000
1.0808 -0.0650 213.3571 0.1094 0.9118 -53.9140 0.0002 -0.0000 1.0000
1.1523 -0.0567 209.7810 0.1254 0.9304 -64.2048 0.0003 0.0000 1.0000
1.1199 -0.0596 232.6013 0.1023 0.9150 -54.6980 0.0003 -0.0000 1.0000
1.1218 -0.0889 259.3268 0.1108 0.9018 -62.5560 0.0003 -0.0000 1.0000
1.1288 -0.0629 274.4613 0.1102 0.9014 -62.2396 0.0003 -0.0000 1.0000
1.1399 -0.0486 289.5589 0.1037 0.9127 -64.7890 0.0003 -0.0000 1.0000
1.1276 -0.0974 322.7576 0.0863 0.8829 -56.1142 0.0003 -0.0001 1.0000
1.1280 -0.0354 332.8550 0.0845 0.9059 -59.5573 0.0002 0.0000 1.0000
1.0651 -0.0350 366.5652 0.0669 0.8805 -52.9508 0.0002 0.0000 1.0000
1.1279 -0.0594 375.4489 0.0801 0.8852 -60.1077 0.0003 -0.0000 1.0000
1.0974 -0.0611 396.3016 0.0680 0.8705 -56.1114 0.0002 -0.0000 1.0000
1.0646 -0.0464 410.3789 0.0623 0.8595 -52.3745 0.0002 -0.0000 1.0000
1.1029 -0.0691 422.7518 0.0588 0.8628 -53.2712 0.0002 -0.0000 1.0000
1.1143 -0.0603 430.6795 0.0591 0.8715 -57.5299 0.0002 -0.0000 1.0000
1.0943 -0.0613 447.0394 0.0419 0.8680 -53.1230 0.0002 -0.0000 1.0000
1.0593 -0.0535 462.7121 0.0397 0.8533 -52.1431 0.0002 -0.0000 1.0000
1.1221 -0.0394 462.9327 0.0516 0.8786 -61.4640 0.0002 0.0000 1.0000
1.0831 -0.0519 476.1770 0.0458 0.8545 -56.2468 0.0002 -0.0000 1.0000
1.0819 -0.0280 486.3661 0.0402 0.8638 -55.4064 0.0002 0.0000 1.0000
1.0725 -0.0320 497.7943 0.0394 0.8550 -54.2018 0.0002 0.0000 1.0000
0.9816 -0.0280 524.6287 0.0268 0.8287 -45.7612 0.0001 0.0000 1.0000
1.0248 -0.0397 530.4443 0.0378 0.8285 -47.5307 0.0002 -0.0000 1.0000
1.0357 -0.0829 541.1022 0.0379 0.8187 -50.6434 0.0002 -0.0000 1.0000
1.0715 -0.0197 531.0828 0.0454 0.8455 -56.8342 0.0002 0.0000 1.0000
1.0583 -0.0673 540.4952 0.0385 0.8122 -49.6268 0.0002 -0.0000 1.0000
1.0372 -0.0839 553.1824 0.0374 0.8004 -52.2106 0.0002 -0.0001 1.0000
1.0651 -0.0463 539.9292 0.0353 0.8239 -55.1630 0.0002 -0.0000 1.0000
1.1175 -0.0157 520.5057 0.0428 0.8393 -63.1830 0.0003 0.0000 1.0000
1.0508 -0.0542 537.1289 0.0398 0.8116 -62.7873 0.0003 -0.0000 1.0000
1.0283 -0.0505 539.8186 0.0360 0.7907 -56.8273 0.0002 -0.0000 1.0000
1.0374 -0.0281 540.8870 0.0332 0.8113 -62.6498 0.0003 -0.0000 1.0000
1.0448 -0.0371 541.0083 0.0392 0.7977 -63.8602 0.0003 -0.0000 1.0000
1.0607 -0.0203 537.4811 0.0395 0.7957 -62.4252 0.0003 -0.0000 1.0000
1.0577 -0.0658 548.2061 0.0415 0.7765 -64.1037 0.0003 -0.0000 1.0000
1.0476 -0.0254 546.8040 0.0336 0.7961 -60.4116 0.0003 -0.0000 1.0000
0.9742 -0.0799 558.6655 0.0283 0.7508 -52.6400 0.0003 -0.0001 1.0000
1.0273 -0.0322 538.8590 0.0371 0.7669 -53.3707 0.0003 -0.0000 1.0000
1.0539 -0.0253 528.8756 0.0649 0.7750 -61.6397 0.0003 -0.0000 1.0000
0.9586 -0.0386 533.2811 0.0368 0.7524 -45.2687 0.0003 -0.0000 1.0000
0.9581 -0.0599 530.9942 0.0521 0.7384 -39.2000 0.0003 -0.0001 1.0000
1.1233 -0.0393 495.1365 0.0801 0.7798 -39.8686 0.0004 -0.0000 1.0000
0.9990 -0.0528 501.4005 0.0774 0.7301 -25.7809 0.0003 -0.0001 1.0000
0.9150 -0.0511 504.9922 0.0573 0.7109 -7.4115 0.0003 -0.0000 1.0000
1.0272 -0.0933 483.9536 0.0976 0.7116 -17.7648 0.0004 -0.0001 1.0000
1.0090 -0.0576 484.0532 0.0862 0.7331 -11.8947 0.0004 -0.0001 1.0000
0.9776 -0.0481 485.1838 0.0824 0.7239 -4.1946 0.0004 -0.0000 1.0000
1.0119 -0.1185 480.5252 0.1005 0.6981 -9.4524 0.0004 -0.0001 1.0000
1.0050 -0.0847 475.0348 0.1050 0.7056 -9.0178 0.0004 -0.0001 1.0000
1.0258 -0.0451 460.9038 0.1078 0.7332 -11.1791 0.0004 -0.0000 1.0000
1.0367 -0.0223 454.7452 0.1186 0.7554 -17.5090 0.0005 -0.0000 1.0000
0.8374 -0.0556 464.5175 0.0860 0.6801 0.8786 0.0003 -0.0001 1.0000
0.9320 0.0010 442.3673 0.1137 0.7318 -11.1149 0.0004 0.0000 1.0000
1.0943 -0.0787 424.2146 0.1405 0.7396 -15.6954 0.0005 -0.0001 1.0000
0.8547 -0.0631 450.0612 0.1046 0.6733 1.9174 0.0003 -0.0001 1.0000
0.9473 -0.0769 437.1804 0.1203 0.6932 -0.1490 0.0004 -0.0001 1.0000
0.9139 -0.0584 437.7838 0.1322 0.6909 -2.4480 0.0004 -0.0001 1.0000
1.0011 -0.0602 427.2498 0.1411 0.7091 1.9124 0.0005 -0.0001 1.0000
0.8584 -0.0894 447.5380 0.1183 0.6464 15.9707 0.0003 -0.0001 1.0000
1.0806 -0.0437 415.9355 0.1749 0.7422 -4.5398 0.0006 -0.0000 1.0000
0.8123 -0.0854 444.5926 0.1126 0.6211 26.4542 0.0003 -0.0001 1.0000
0.8411 -0.0485 429.8393 0.1242 0.6499 20.1499 0.0004 -0.0000 1.0000
0.9165 0.0408 397.5821 0.1537 0.7328 -1.3502 0.0004 0.0001 1.0000
1.0000 0.0000 0.0000 0.0000 1.0000 0.0000 0.0000 0.0000 1.0000
1.0000 0.0000 0.0000 0.0000 1.0000 0.0000 0.0000 0.0000 1.0000
1.0000 0.0000 0.0000 0.0000 1.0000 0.0000 0.0000 0.0000 1.0000
1.0000 0.0000 0.0000 0.0000 1.0000 0.0000 0.0000 0.0000 1.0000
1.0000 0.0000 0.0000 0.0000 1.0000 0.0000 0.0000 0.0000 1.0000
1.0000 0.0000 0.0000 0.0000 1.0000 0.0000 0.0000 0.0000 1.0000
1.0000 0.0000 0.0000 0.0000 1.0000 0.0000 0.0000 0.0000 1.0000
1.0000 0.0000 0.0000 0.0000 1.0000 0.0000 0.0000 0.0000 1.0000
1.0000 0.0000 0.0000 0.0000 1.0000 0.0000 0.0000 0.0000 1.0000
1.0000 0.0000 0.0000 0.0000 1.0000 0.0000 0.0000 0.0000 1.0000
1.0000 0.0000 0.0000 0.0000 1.0000 0.0000 0.0000 0.0000 1.0000
0.7882 -0.0027 347.2693 0.1191 0.6649 -51.4403 0.0004 -0.0000 1.0000
0.7502 0.0655 345.5238 0.0959 0.6928 -52.4803 0.0004 0.0001 1.0000
0.9870 -0.0081 318.2489 0.1400 0.7147 -79.9521 0.0007 -0.0000 1.0000
1.0539 -0.0398 307.2102 0.1399 0.7021 -79.7108 0.0008 -0.0001 1.0000
0.9950 0.0189 312.3986 0.1423 0.7326 -92.3906 0.0007 0.0000 1.0000
0.9737 -0.0296 316.2799 0.1418 0.6891 -97.2139 0.0007 -0.0001 1.0000
0.9008 -0.0227 331.1961 0.1157 0.6861 -98.6545 0.0006 -0.0000 1.0000
0.8983 -0.0150 321.3553 0.1242 0.6802 -114.3883 0.0006 -0.0000 1.0000
0.7991 0.0369 328.4218 0.0998 0.6921 -123.7997 0.0005 0.0001 1.0000
1.0000 0.0000 0.0000 0.0000 1.0000 0.0000 0.0000 0.0000 1.0000
1.0000 0.0000 0.0000 0.0000 1.0000 0.0000 0.0000 0.0000 1.0000
1.0000 0.0000 0.0000 0.0000 1.0000 0.0000 0.0000 0.0000 1.0000
1.0000 0.0000 0.0000 0.0000 1.0000 0.0000 0.0000 0.0000 1.0000
1.0000 0.0000 0.0000 0.0000 1.0000 0.0000 0.0000 0.0000 1.0000
1.0000 0.0000 0.0000 0.0000 1.0000 0.0000 0.0000 0.0000 1.0000
1.0000 0.0000 0.0000 0.0000 1.0000 0.0000 0.0000 0.0000 1.0000
1.0000 0.0000 0.0000 0.0000 1.0000 0.0000 0.0000 0.0000 1.0000
1.0000 0.0000 0.0000 0.0000 1.0000 0.0000 0.0000 0.0000 1.0000
1.0000 0.0000 0.0000 0.0000 1.0000 0.0000 0.0000 0.0000 1.0000
1.0000 0.0000 0.0000 0.0000 1.0000 0.0000 0.0000 0.0000 1.0000
1.0000 0.0000 0.0000 0.0000 1.0000 0.0000 0.0000 0.0000 1.0000
1.0000 0.0000 0.0000 0.0000 1.0000 0.0000 0.0000 0.0000 1.0000
1.0000 0.0000 0.0000 0.0000 1.0000 0.0000 0.0000 0.0000 1.0000
1.0000 0.0000 0.0000 0.0000 1.0000 0.0000 0.0000 0.0000 1.0000
1.0000 0.0000 0.0000 0.0000 1.0000 0.0000 0.0000 0.0000 1.0000
1.0000 0.0000 0.0000 0.0000 1.0000 0.0000 0.0000 0.0000 1.0000
1.0000 0.0000 0.0000 0.0000 1.0000 0.0000 0.0000 0.0000 1.0000
1.0000 0.0000 0.0000 0.0000 1.0000 0.0000 0.0000 0.0000 1.0000
1.0000 0.0000 0.0000 0.0000 1.0000 0.0000 0.0000 0.0000 1.0000
1.0000 0.0000 0.0000 0.0000 1.0000 0.0000 0.0000 0.0000 1.0000
1.0000 0.0000 0.0000 0.0000 1.0000 0.0000 0.0000 0.0000 1.0000
1.0000 0.0000 0.0000 0.0000 1.0000 0.0000 0.0000 0.0000 1.0000
1.0000 0.0000 0.0000 0.0000 1.0000 0.0000 0.0000 0.0000 1.0000
1.0000 0.0000 0.0000 0.0000 1.0000 0.0000 0.0000 0.0000 1.0000
1.0000 0.0000 0.0000 0.0000 1.0000 0.0000 0.0000 0.0000 1.0000
1.0000 0.0000 0.0000 0.0000 1.0000 0.0000 0.0000 0.0000 1.0000
1.0000 0.0000 0.0000 0.0000 1.0000 0.0000 0.0000 0.0000 1.0000
1.0000 0.0000 0.0000 0.0000 1.0000 0.0000 0.0000 0.0000 1.0000
1.0000 0.0000 0.0000 0.0000 1.0000 0.0000 0.0000 0.0000 1.0000
1.0000 0.0000 0.0000 0.0000 1.0000 0.0000 0.0000 0.0000 1.0000
0.7107 0.1025 -100.4140 0.0615 0.7000 -97.0333 0.0007 -0.0000 1.0000
0.7209 0.0908 -109.1380 0.0747 0.6864 -91.8490 0.0008 -0.0001 1.0000
0.7282 0.0839 -116.8359 0.0897 0.6831 -81.8070 0.0008 -0.0001 1.0000
0.6624 0.0794 -108.5920 0.0732 0.6402 -59.9051 0.0007 -0.0001 1.0000
0.7273 0.1094 -139.8934 0.0983 0.7095 -68.1922 0.0008 -0.0000 1.0000
0.7406 0.0972 -147.3502 0.1085 0.7182 -65.7766 0.0008 -0.0000 1.0000
0.7036 0.0761 -140.5431 0.1082 0.6664 -51.7040 0.0008 -0.0001 1.0000
0.7392 0.0882 -155.6440 0.1204 0.7056 -51.2047 0.0009 -0.0001 1.0000
0.7131 0.0938 -158.0671 0.1079 0.6959 -37.3063 0.0008 -0.0000 1.0000
0.7292 0.0826 -160.2879 0.1318 0.7011 -41.0925 0.0008 -0.0001 1.0000
0.6944 0.0730 -153.7328 0.1156 0.6682 -31.1738 0.0008 -0.0001 1.0000
0.6564 0.0747 -146.3822 0.1047 0.6320 -18.6046 0.0007 -0.0001 1.0000
0.6667 0.0739 -150.5113 0.1166 0.6694 -26.0216 0.0007 -0.0001 1.0000
0.7259 0.0802 -170.3678 0.1388 0.7073 -35.1312 0.0009 -0.0000 1.0000
0.7281 0.0820 -170.7419 0.1346 0.7269 -33.8139 0.0009 0.0000 1.0000
0.7121 0.0569 -165.1416 0.1431 0.6709 -39.8661 0.0008 -0.0001 1.0000
0.6947 0.0604 -160.3157 0.1347 0.6556 -36.9093 0.0008 -0.0002 1.0000
0.6726 0.0737 -152.1143 0.1181 0.6873 -36.0783 0.0007 -0.0000 1.0000
0.6771 0.0539 -141.7616 0.1409 0.6764 -46.9760 0.0008 -0.0001 1.0000
0.6565 0.0504 -129.4857 0.1360 0.6621 -45.5403 0.0007 -0.0001 1.0000
0.7390 0.0481 -141.2745 0.1584 0.7406 -60.0368 0.0009 0.0000 1.0000
0.7108 0.0387 -121.8920 0.1544 0.7065 -56.1805 0.0008 -0.0000 1.0000
0.6561 0.0254 -96.8711 0.1303 0.6442 -40.3644 0.0007 -0.0001 1.0000
0.7193 0.0373 -90.5392 0.1656 0.7247 -55.8890 0.0008 0.0001 1.0000
0.7351 0.0109 -77.2842 0.1712 0.6799 -50.9052 0.0009 -0.0001 1.0000
0.7235 0.0292 -64.1462 0.1622 0.6969 -51.0306 0.0008 -0.0000 1.0000
0.7443 0.0177 -46.0765 0.1758 0.7043 -53.6696 0.0008 0.0000 1.0000
0.6676 0.0089 -13.4443 0.1421 0.6443 -37.7376 0.0007 -0.0000 1.0000
0.7391 -0.0127 -9.4824 0.1770 0.6777 -59.5872 0.0008 -0.0001 1.0000
0.7212 -0.0059 1.8016 0.1444 0.6740 -48.4000 0.0007 0.0000 1.0000
0.7365 -0.0232 9.9547 0.1541 0.6639 -60.7571 0.0007 -0.0000 1.0000
0.6729 -0.0274 36.5325 0.1461 0.6315 -61.3115 0.0006 -0.0001 1.0000
0.7112 -0.0386 38.3744 0.1678 0.6517 -76.2858 0.0007 -0.0001 1.0000
0.7493 -0.0530 40.1590 0.1706 0.6510 -83.6581 0.0008 -0.0001 1.0000
0.7802 -0.0449 44.0555 0.1821 0.7104 -103.3304 0.0008 0.0000 1.0000
0.7584 -0.0418 47.7972 0.1624 0.6893 -97.9879 0.0008 -0.0000 1.0000
0.7455 -0.0898 67.0185 0.1739 0.6328 -100.6476 0.0008 -0.0002 1.0000
0.7959 -0.0547 63.3892 0.1933 0.7042 -119.3726 0.0009 -0.0000 1.0000
0.7373 -0.0699 85.6245 0.1765 0.6717 -114.6532 0.0008 -0.0001 1.0000
0.7539 -0.0521 80.8538 0.1685 0.6778 -107.4495 0.0008 -0.0000 1.0000
0.7452 -0.0662 91.7941 0.1705 0.6639 -103.9735 0.0008 -0.0001 1.0000
0.7499 -0.0532 96.7285 0.1704 0.6725 -102.5592 0.0008 -0.0000 1.0000
0.6981 -0.0713 115.2355 0.1538 0.6344 -89.0665 0.0007 -0.0001 1.0000
0.7251 -0.0496 116.4177 0.1604 0.6665 -86.7906 0.0007 -0.0000 1.0000
0.7015 -0.0671 131.3657 0.1629 0.6385 -78.2314 0.0007 -0.0001 1.0000
0.7194 -0.0439 128.1712 0.1578 0.6626 -71.2069 0.0007 -0.0000 1.0000
0.7287 -0.0806 136.2910 0.1621 0.6375 -59.6016 0.0007 -0.0001 1.0000
0.7230 -0.0565 141.0247 0.1703 0.6483 -48.7914 0.0007 -0.0001 1.0000
0.7280 -0.0750 146.8338 0.1707 0.6247 -30.7883 0.0007 -0.0001 1.0000
0.7655 -0.0534 148.8611 0.1900 0.6576 -25.6647 0.0008 -0.0001 1.0000
0.7232 -0.0457 159.3977 0.1784 0.6465 -4.0593 0.0007 -0.0000 1.0000
0.7083 -0.0811 170.4329 0.1853 0.6045 13.7843 0.0007 -0.0002 1.0000
0.7032 -0.0688 172.2781 0.1850 0.6193 24.1544 0.0007 -0.0001 1.0000
0.7139 -0.0755 169.8774 0.1971 0.6117 37.4128 0.0007 -0.0001 1.0000
0.7482 -0.0622 166.2527 0.2202 0.6456 38.9161 0.0008 -0.0001 1.0000
0.7029 -0.0576 172.3426 0.1965 0.6315 54.3858 0.0007 -0.0001 1.0000
0.7174 -0.0702 172.8093 0.2172 0.6252 56.8680 0.0007 -0.0001 1.0000
0.7172 -0.0757 171.8164 0.2180 0.6267 60.7598 0.0007 -0.0001 1.0000
0.7338 -0.0710 166.8254 0.2233 0.6419 59.7867 0.0008 -0.0001 1.0000
0.7227 -0.0653 171.5978 0.2265 0.6496 59.0451 0.0007 -0.0001 1.0000
0.7236 -0.0814 177.9155 0.2363 0.6342 61.2368 0.0008 -0.0001 1.0000
0.6872 -0.0864 191.4416 0.2211 0.6238 68.4667 0.0007 -0.0001 1.0000
0.6858 -0.0992 196.7956 0.2192 0.6053 73.3962 0.0007 -0.0001 1.0000
0.7135 -0.0832 194.6258 0.2299 0.6425 69.4970 0.0007 -0.0001 1.0000
0.7617 -0.0906 192.2548 0.2531 0.6574 64.1989 0.0008 -0.0001 1.0000
0.7324 -0.0946 203.7045 0.2378 0.6428 75.4493 0.0008 -0.0001 1.0000
0.7239 -0.0919 210.1711 0.2343 0.6400 79.0980 0.0007 -0.0001 1.0000
0.7744 -0.0856 209.7883 0.2724 0.6730 67.2122 0.0008 -0.0001 1.0000
0.7165 -0.0819 227.0346 0.2472 0.6495 84.4631 0.0008 -0.0001 1.0000
0.7226 -0.0999 232.6293 0.2516 0.6345 91.1918 0.0008 -0.0001 1.0000
0.7878 -0.0685 223.3223 0.2737 0.6980 92.8939 0.0008 -0.0000 1.0000
0.7953 -0.0798 226.4624 0.2782 0.6924 96.1138 0.0008 -0.0001 1.0000
0.7211 -0.0997 241.6617 0.2425 0.6334 112.1475 0.0007 -0.0001 1.0000
0.6838 -0.0726 250.1811 0.2214 0.6398 122.7848 0.0007 -0.0001 1.0000
0.6762 -0.1194 259.0675 0.2190 0.5911 127.5363 0.0007 -0.0002 1.0000
0.7015 -0.1091 257.1414 0.2354 0.6104 124.7677 0.0007 -0.0002 1.0000
0.7152 -0.0991 254.6056 0.2244 0.6272 129.8405 0.0007 -0.0002 1.0000
0.7108 -0.0897 260.4792 0.2345 0.6395 126.1459 0.0007 -0.0001 1.0000
0.7718 -0.0790 250.5643 0.2633 0.6792 117.9057 0.0008 -0.0001 1.0000
0.7301 -0.0603 252.1952 0.2370 0.6871 122.3681 0.0007 -0.0001 1.0000
0.7550 -0.0554 247.7682 0.2494 0.6990 122.1834 0.0008 -0.0001 1.0000
0.7675 -0.0611 246.8430 0.2523 0.7032 121.6122 0.0008 -0.0001 1.0000
0.7879 -0.0362 241.6125 0.2551 0.7308 118.1041 0.0008 -0.0000 1.0000
0.8189 -0.0259 233.9956 0.2734 0.7545 104.2409 0.0009 -0.0000 1.0000
0.8253 -0.0091 229.5189 0.2709 0.7631 102.1389 0.0009 -0.0000 1.0000
0.8409 -0.0119 235.5447 0.2767 0.7785 91.7729 0.0009 -0.0000 1.0000
0.7250 -0.0766 250.3550 0.2072 0.6395 116.0292 0.0008 -0.0002 1.0000
0.7799 -0.0292 239.1438 0.2275 0.7157 100.5432 0.0008 -0.0001 1.0000
0.7362 -0.0380 243.2588 0.1948 0.6845 103.7225 0.0008 -0.0001 1.0000
0.7343 -0.0525 244.4331 0.1968 0.6673 97.0228 0.0008 -0.0002 1.0000
0.8109 -0.0173 232.3828 0.2283 0.7350 81.1722 0.0009 -0.0001 1.0000
0.7958 0.0174 227.0695 0.2051 0.7696 75.2769 0.0008 -0.0000 1.0000
0.7040 -0.0637 244.2622 0.1729 0.6249 89.4186 0.0007 -0.0002 1.0000
0.6870 -0.0333 243.2749 0.1540 0.6531 86.0271 0.0007 -0.0001 1.0000
0.7911 0.0231 217.5377 0.1881 0.7614 61.7436 0.0008 -0.0000 1.0000
0.7955 0.0502 210.3500 0.1948 0.7850 51.3722 0.0008 0.0000 1.0000
0.8184 0.0028 209.3742 0.1968 0.7311 57.6836 0.0009 -0.0001 1.0000
0.7871 0.0054 217.2807 0.1790 0.7174 62.5368 0.0008 -0.0001 1.0000
0.7674 0.0312 222.1916 0.1573 0.7296 65.9130 0.0008 -0.0000 1.0000
0.7989 -0.0025 233.4413 0.1940 0.6995 54.5123 0.0008 -0.0001 1.0000
0.8545 0.0547 230.1390 0.1990 0.7564 51.1928 0.0009 -0.0000 1.0000
0.8646 0.0808 241.9751 0.1907 0.7774 54.3032 0.0009 0.0000 1.0000
0.8083 0.0477 263.7459 0.1547 0.7266 67.3949 0.0007 -0.0000 1.0000
0.9143 0.0144 260.5514 0.1882 0.7190 63.6989 0.0009 -0.0001 1.0000
0.7591 0.0206 296.6423 0.1220 0.6609 88.2640 0.0006 -0.0001 1.0000
0.9215 0.0540 282.8488 0.1799 0.7276 72.9152 0.0008 -0.0000 1.0000
0.8717 -0.0006 295.1920 0.1790 0.6521 74.6885 0.0008 -0.0002 1.0000
0.9426 0.0789 274.1710 0.1745 0.7537 66.9505 0.0008 -0.0000 1.0000
1.0059 0.0860 265.2151 0.1953 0.7758 61.6771 0.0009 0.0000 1.0000
0.9115 0.0470 275.0139 0.1654 0.6979 72.1252 0.0008 -0.0001 1.0000
0.8502 0.0332 271.7344 0.1501 0.6606 75.6399 0.0007 -0.0001 1.0000
0.8959 0.0251 258.1145 0.1763 0.6870 54.9440 0.0008 -0.0001 1.0000
0.9149 0.0956 229.6845 0.1529 0.7480 50.4750 0.0008 0.0000 1.0000
0.7933 0.0403 244.1565 0.1297 0.6666 52.3894 0.0007 -0.0001 1.0000
0.8835 0.0640 206.8085 0.1451 0.7221 34.7048 0.0008 -0.0001 1.0000
0.8034 0.0156 208.7302 0.1162 0.6545 37.7396 0.0007 -0.0002 1.0000
0.9432 0.0765 163.6654 0.1544 0.7488 14.0316 0.0008 -0.0000 1.0000
0.9314 0.1025 153.0182 0.1433 0.7542 12.2963 0.0008 -0.0000 1.0000
0.8973 0.0471 152.5249 0.1357 0.6954 13.4386 0.0008 -0.0001 1.0000
0.8673 0.0430 151.9611 0.1358 0.6755 13.6608 0.0008 -0.0001 1.0000
0.8313 0.0330 148.8367 0.1130 0.6581 18.7199 0.0007 -0.0002 1.0000
0.8823 0.0900 120.3152 0.1226 0.7234 7.0009 0.0008 -0.0000 1.0000
0.8929 0.1174 104.9185 0.1161 0.7530 0.8224 0.0008 0.0000 1.0000
0.8199 0.0660 116.3976 0.0946 0.6862 7.9618 0.0007 -0.0001 1.0000
0.8261 0.0631 108.5463 0.0951 0.6705 9.7656 0.0007 -0.0001 1.0000
0.8193 0.0470 116.9559 0.1014 0.6523 7.2513 0.0007 -0.0002 1.0000
0.8792 0.1225 114.7640 0.1010 0.7285 3.4329 0.0008 -0.0000 1.0000
0.8899 0.1004 128.4559 0.1073 0.7062 3.4639 0.0008 -0.0001 1.0000
0.8491 0.1363 154.5876 0.0840 0.7225 7.2920 0.0007 0.0000 1.0000
0.9850 0.1664 147.5298 0.1178 0.7716 -3.9694 0.0009 0.0000 1.0000
0.8805 0.0946 189.6944 0.0840 0.6854 17.0043 0.0007 -0.0001 1.0000
0.8511 0.0498 204.4616 0.0660 0.6284 24.8787 0.0006 -0.0002 1.0000
0.8848 0.0854 210.6272 0.0662 0.6671 21.8908 0.0007 -0.0001 1.0000
0.9047 0.1471 215.1311 0.0811 0.7270 13.8260 0.0007 0.0001 1.0000
0.8267 0.0519 232.1954 0.0503 0.6248 34.4730 0.0006 -0.0001 1.0000
0.8663 0.1038 220.0216 0.0611 0.6752 19.5881 0.0006 -0.0000 1.0000
0.8465 0.0995 216.4670 0.0522 0.6494 23.2602 0.0006 -0.0001 1.0000
0.9208 0.1959 197.1041 0.0430 0.7529 12.0425 0.0006 0.0001 1.0000
0.7574 0.1486 225.5946 0.0354 0.6782 3.0048 0.0004 0.0001 1.0000
0.7731 0.0908 216.0351 0.0205 0.6240 3.5839 0.0005 -0.0001 1.0000
0.9102 0.1628 182.4241 0.0026 0.7252 -12.9657 0.0006 0.0001 1.0000
1.0118 0.1769 151.0892 0.0451 0.7733 -52.8275 0.0008 0.0001 1.0000
0.9073 0.0283 175.2599 0.0209 0.6309 -33.2449 0.0007 -0.0002 1.0000
0.8421 0.1992 163.8239 0.0096 0.7311 -54.3598 0.0005 0.0001 1.0000
1.1258 0.1577 127.6128 0.0012 0.7684 -58.0997 0.0009 0.0000 1.0000
0.8475 0.1588 164.0507 0.0027 0.6994 -57.1064 0.0005 0.0000 1.0000
1.0000 0.0000 0.0000 0.0000 1.0000 0.0000 0.0000 0.0000 1.0000
1.0000 0.0000 0.0000 0.0000 1.0000 0.0000 0.0000 0.0000 1.0000
1.0000 0.0000 0.0000 0.0000 1.0000 0.0000 0.0000 0.0000 1.0000
1.0000 0.0000 0.0000 0.0000 1.0000 0.0000 0.0000 0.0000 1.0000
1.0000 0.0000 0.0000 0.0000 1.0000 0.0000 0.0000 0.0000 1.0000
1.0000 0.0000 0.0000 0.0000 1.0000 0.0000 0.0000 0.0000 1.0000
1.0000 0.0000 0.0000 0.0000 1.0000 0.0000 0.0000 0.0000 1.0000
1.0000 0.0000 0.0000 0.0000 1.0000 0.0000 0.0000 0.0000 1.0000
1.0000 0.0000 0.0000 0.0000 1.0000 0.0000 0.0000 0.0000 1.0000
1.0000 0.0000 0.0000 0.0000 1.0000 0.0000 0.0000 0.0000 1.0000
1.0000 0.0000 0.0000 0.0000 1.0000 0.0000 0.0000 0.0000 1.0000
1.0000 0.0000 0.0000 0.0000 1.0000 0.0000 0.0000 0.0000 1.0000
1.0000 0.0000 0.0000 0.0000 1.0000 0.0000 0.0000 0.0000 1.0000
1.0000 0.0000 0.0000 0.0000 1.0000 0.0000 0.0000 0.0000 1.0000
1.0000 0.0000 0.0000 0.0000 1.0000 0.0000 0.0000 0.0000 1.0000
1.0000 0.0000 0.0000 0.0000 1.0000 0.0000 0.0000 0.0000 1.0000
1.0000 0.0000 0.0000 0.0000 1.0000 0.0000 0.0000 0.0000 1.0000
1.0000 0.0000 0.0000 0.0000 1.0000 0.0000 0.0000 0.0000 1.0000
1.0000 0.0000 0.0000 0.0000 1.0000 0.0000 0.0000 0.0000 1.0000
1.0000 0.0000 0.0000 0.0000 1.0000 0.0000 0.0000 0.0000 1.0000
1.0000 0.0000 0.0000 0.0000 1.0000 0.0000 0.0000 0.0000 1.0000
1.0000 0.0000 0.0000 0.0000 1.0000 0.0000 0.0000 0.0000 1.0000
1.0000 0.0000 0.0000 0.0000 1.0000 0.0000 0.0000 0.0000 1.0000
1.0000 0.0000 0.0000 0.0000 1.0000 0.0000 0.0000 0.0000 1.0000
1.0000 0.0000 0.0000 0.0000 1.0000 0.0000 0.0000 0.0000 1.0000
1.0000 0.0000 0.0000 0.0000 1.0000 0.0000 0.0000 0.0000 1.0000
1.0000 0.0000 0.0000 0.0000 1.0000 0.0000 0.0000 0.0000 1.0000
1.0000 0.0000 0.0000 0.0000 1.0000 0.0000 0.0000 0.0000 1.0000
1.0000 0.0000 0.0000 0.0000 1.0000 0.0000 0.0000 0.0000 1.0000
1.0000 0.0000 0.0000 0.0000 1.0000 0.0000 0.0000 0.0000 1.0000
1.0000 0.0000 0.0000 0.0000 1.0000 0.0000 0.0000 0.0000 1.0000
1.0000 0.0000 0.0000 0.0000 1.0000 0.0000 0.0000 0.0000 1.0000
1.0000 0.0000 0.0000 0.0000 1.0000 0.0000 0.0000 0.0000 1.0000
0.9868 0.1292 147.7619 -0.1015 0.7294 -40.8536 0.0004 -0.0001 1.0000
0.7607 0.1310 209.9042 -0.1131 0.6657 15.6627 0.0002 -0.0000 1.0000
0.9286 0.1108 190.1177 -0.0698 0.7224 20.8737 0.0004 -0.0000 1.0000
0.9364 0.1118 184.4882 -0.0515 0.7297 40.4382 0.0004 -0.0000 1.0000
0.9247 0.0623 197.9394 -0.0448 0.7032 65.6818 0.0003 -0.0001 1.0000
0.9685 0.1005 186.7084 -0.0143 0.7487 71.5623 0.0004 -0.0000 1.0000
0.9372 0.0584 195.3104 -0.0052 0.7207 90.2986 0.0003 -0.0001 1.0000
0.8952 0.0431 197.5694 -0.0011 0.7053 111.2663 0.0003 -0.0001 1.0000
0.9480 0.0119 179.8590 0.0256 0.7025 118.5700 0.0003 -0.0001 1.0000
1.0474 0.0084 156.0716 0.0810 0.7428 111.6621 0.0004 -0.0001 1.0000
0.9598 -0.0276 177.4382 0.0698 0.7050 130.8168 0.0004 -0.0001 1.0000
0.9168 -0.0380 170.9468 0.0516 0.6786 142.6310 0.0003 -0.0001 1.0000
0.9802 -0.0523 156.4249 0.0914 0.6966 132.8134 0.0004 -0.0001 1.0000
1.0277 -0.0467 145.0485 0.1131 0.7345 126.4954 0.0004 -0.0001 1.0000
0.9857 -0.0570 150.4478 0.0963 0.7223 131.8831 0.0004 -0.0001 1.0000
0.9985 -0.0383 140.9315 0.1069 0.7377 129.6996 0.0004 -0.0001 1.0000
0.9694 -0.0670 152.8014 0.1051 0.7114 131.0490 0.0004 -0.0001 1.0000
1.0381 -0.0871 137.6497 0.1381 0.7246 120.2079 0.0004 -0.0001 1.0000
1.0075 -0.0960 144.5344 0.1352 0.7156 120.0465 0.0004 -0.0002 1.0000
1.0189 -0.0817 136.0541 0.1342 0.7332 118.3802 0.0004 -0.0001 1.0000
0.9932 -0.0889 140.9137 0.1261 0.7252 118.4512 0.0003 -0.0001 1.0000
1.0164 -0.1061 137.0380 0.1363 0.7255 114.8072 0.0004 -0.0002 1.0000
0.9801 -0.1150 144.7092 0.1252 0.6976 121.2552 0.0003 -0.0002 1.0000
0.9957 -0.1198 142.1045 0.1331 0.7288 105.6626 0.0003 -0.0002 1.0000
1.0088 -0.0898 132.1262 0.1337 0.7591 99.5798 0.0003 -0.0001 1.0000
1.0037 -0.0955 139.5220 0.1317 0.7555 90.1799 0.0003 -0.0001 1.0000
0.9930 -0.0986 142.9677 0.1170 0.7659 83.8587 0.0003 -0.0001 1.0000
1.0125 -0.1000 143.6936 0.1152 0.7664 82.7174 0.0003 -0.0001 1.0000
1.0172 -0.0842 145.4875 0.1185 0.7856 70.6456 0.0003 -0.0001 1.0000
1.0126 -0.0877 159.0355 0.1184 0.7938 62.6105 0.0003 -0.0001 1.0000
1.0669 -0.1105 162.3018 0.1379 0.8008 50.2472 0.0003 -0.0001 1.0000
1.0164 -0.0608 167.1311 0.1099 0.8182 55.2427 0.0003 -0.0000 1.0000
1.0302 -0.0812 167.5980 0.1083 0.8064 54.1405 0.0003 -0.0001 1.0000
1.0147 -0.0710 175.8914 0.0998 0.8218 54.5767 0.0002 -0.0000 1.0000
1.0171 -0.1064 182.0295 0.1029 0.7897 59.4846 0.0003 -0.0001 1.0000
0.9864 -0.0930 183.4626 0.0883 0.7865 65.6663 0.0002 -0.0001 1.0000
1.0475 -0.0905 166.5355 0.1081 0.8213 56.7945 0.0003 -0.0001 1.0000
1.0371 -0.0950 166.5137 0.1067 0.8164 59.4140 0.0003 -0.0001 1.0000
1.0145 -0.0872 163.7750 0.0935 0.8104 67.4025 0.0002 -0.0001 1.0000
0.9997 -0.0747 157.4659 0.0777 0.8118 74.3846 0.0002 -0.0001 1.0000
1.0232 -0.0783 145.4059 0.0890 0.8203 73.0868 0.0002 -0.0001 1.0000
0.9828 -0.0910 150.8732 0.0689 0.7992 81.3076 0.0002 -0.0001 1.0000
0.9944 -0.0600 138.1393 0.0708 0.8209 82.4011 0.0002 -0.0001 1.0000
1.0359 -0.0707 125.3212 0.0762 0.8354 83.1997 0.0002 -0.0001 1.0000
0.9813 -0.0728 129.7569 0.0608 0.8133 89.8807 0.0002 -0.0001 1.0000
1.0050 -0.1026 120.7011 0.0761 0.7919 84.4926 0.0002 -0.0001 1.0000
0.9909 -0.0549 100.2199 0.0608 0.8353 79.3759 0.0002 -0.0001 1.0000
0.9684 -0.0646 95.2689 0.0504 0.8166 85.3692 0.0002 -0.0001 1.0000
1.0160 -0.0616 67.3133 0.0605 0.8439 70.4267 0.0002 -0.0001 1.0000
1.0042 -0.0422 58.8141 0.0456 0.8572 72.4573 0.0002 -0.0000 1.0000
1.0133 -0.0249 38.5346 0.0492 0.8767 60.7252 0.0002 -0.0000 1.0000
1.0067 -0.0310 32.1853 0.0515 0.8812 49.9009 0.0002 -0.0000 1.0000
1.0020 -0.0024 18.1797 0.0407 0.9090 48.8194 0.0002 0.0000 1.0000
1.0186 -0.0271 14.3369 0.0454 0.8969 43.6787 0.0002 -0.0000 1.0000
1.0093 -0.0241 10.1946 0.0541 0.8872 38.7012 0.0002 -0.0000 1.0000
1.0236 -0.0101 -2.2484 0.0538 0.9054 35.6705 0.0002 -0.0000 1.0000
1.0020 -0.0095 4.3603 0.0405 0.8988 38.4319 0.0001 -0.0000 1.0000
0.9991 -0.0089 11.2482 0.0425 0.8981 38.1716 0.0002 -0.0000 1.0000
0.9816 -0.0148 22.5005 0.0359 0.8755 43.9567 0.0001 -0.0000 1.0000
0.9704 0.0003 33.1899 0.0271 0.8912 41.8422 0.0001 -0.0000 1.0000
0.9460 0.0190 48.3844 0.0039 0.9006 49.2890 0.0001 0.0000 1.0000
0.9401 0.0428 60.3479 0.0002 0.9211 46.9453 0.0001 0.0000 1.0000
0.9129 0.0105 78.6239 -0.0088 0.8657 54.5328 0.0001 -0.0000 1.0000
0.9339 0.0256 82.3949 -0.0119 0.8972 44.3557 0.0001 -0.0000 1.0000
0.9243 0.0510 83.6521 -0.0173 0.9033 40.3824 0.0000 0.0000 1.0000
0.8520 0.0554 108.2545 -0.0639 0.8681 54.4787 -0.0000 0.0000 1.0000
0.8678 0.0737 105.5120 -0.0603 0.8932 47.6335 -0.0000 0.0000 1.0000
0.8497 0.0906 102.8455 -0.0700 0.8904 53.3642 -0.0000 0.0000 1.0000
0.8584 0.1042 96.4061 -0.0826 0.9119 55.7859 -0.0000 0.0001 1.0000
0.8445 0.1073 97.4097 -0.0960 0.9115 62.8658 -0.0001 0.0001 1.0000
0.8293 0.0968 94.4417 -0.0921 0.8876 63.4304 -0.0001 0.0000 1.0000
0.8340 0.1100 81.1885 -0.1020 0.8991 67.2591 -0.0001 0.0000 1.0000
0.8507 0.1060 70.5021 -0.0948 0.8978 67.0972 -0.0000 0.0000 1.0000
0.8509 0.1059 63.2397 -0.0949 0.8978 69.1721 -0.0000 0.0000 1.0000
0.8390 0.1224 52.9775 -0.1064 0.9095 76.7576 -0.0001 0.0000 1.0000
0.8429 0.1290 47.5143 -0.1137 0.9123 82.1469 -0.0001 0.0000 1.0000
0.8155 0.1396 49.9557 -0.1258 0.9162 88.1746 -0.0001 0.0000 1.0000
0.7961 0.1427 52.9777 -0.1403 0.9098 97.2774 -0.0001 0.0000 1.0000
0.7920 0.1386 60.0374 -0.1432 0.8968 104.9202 -0.0001 0.0000 1.0000
0.7772 0.1397 71.5673 -0.1438 0.8943 105.8728 -0.0001 0.0000 1.0000
0.7665 0.1383 85.0771 -0.1467 0.8933 111.8682 -0.0001 0.0000 1.0000
0.7399 0.1259 103.4078 -0.1436 0.8705 114.3492 -0.0001 -0.0000 1.0000
0.7212 0.1319 113.3537 -0.1619 0.8692 122.2662 -0.0001 0.0000 1.0000
0.7117 0.1252 126.9089 -0.1500 0.8594 118.5840 -0.0001 -0.0000 1.0000
0.6730 0.1273 147.5528 -0.1592 0.8428 124.9693 -0.0002 -0.0000 1.0000
0.6553 0.1360 164.2563 -0.1641 0.8446 123.1005 -0.0002 -0.0000 1.0000
0.6345 0.1078 185.0847 -0.1804 0.8150 128.7785 -0.0002 -0.0000 1.0000
0.6147 0.1154 199.5170 -0.1799 0.8137 124.2221 -0.0002 -0.0000 1.0000
0.6290 0.1386 197.6902 -0.1733 0.8409 108.7581 -0.0002 0.0000 1.0000
0.6252 0.1519 203.4802 -0.1654 0.8413 99.8465 -0.0002 0.0000 1.0000
0.5916 0.1736 211.4234 -0.1745 0.8427 88.9302 -0.0002 0.0000 1.0000
0.6141 0.1584 206.5506 -0.1593 0.8554 69.9551 -0.0002 0.0000 1.0000
0.6180 0.1521 199.1173 -0.1601 0.8466 63.4564 -0.0002 0.0000 1.0000
0.5676 0.1402 208.9455 -0.1655 0.8185 61.5422 -0.0002 -0.0000 1.0000
0.6102 0.2107 183.0755 -0.1669 0.8807 52.0394 -0.0002 0.0001 1.0000
0.5966 0.1941 181.5190 -0.1638 0.8593 49.2416 -0.0002 0.0001 1.0000
0.6140 0.1864 176.3913 -0.1590 0.8649 43.9533 -0.0002 0.0000 1.0000
0.6056 0.1950 169.8972 -0.1581 0.8658 40.3031 -0.0002 0.0001 1.0000
0.5878 0.1969 169.7503 -0.1629 0.8569 44.4723 -0.0002 0.0001 1.0000
0.5796 0.1893 167.7170 -0.1666 0.8554 43.7056 -0.0002 0.0001 1.0000
0.6117 0.1964 153.3417 -0.1624 0.8704 39.4784 -0.0002 0.0001 1.0000
0.5921 0.1950 152.8850 -0.1648 0.8589 43.1031 -0.0002 0.0001 1.0000
0.5634 0.1921 157.5278 -0.1700 0.8359 50.7071 -0.0002 0.0000 1.0000
0.5843 0.1953 147.5054 -0.1703 0.8459 50.1285 -0.0002 0.0000 1.0000
0.5667 0.1989 149.3776 -0.1731 0.8367 54.6717 -0.0002 0.0000 1.0000
0.5598 0.2143 150.8425 -0.1702 0.8510 49.3804 -0.0002 0.0001 1.0000
0.5590 0.1912 148.5891 -0.1745 0.8334 54.2018 -0.0002 0.0000 1.0000
0.5613 0.1928 146.6006 -0.1712 0.8266 56.1676 -0.0002 0.0000 1.0000
0.5561 0.2031 148.0425 -0.1771 0.8446 54.8767 -0.0002 0.0001 1.0000
