59.870915 196.922230 574.367820 206.529018 582.907188 508.609151 127.118436 489.395574 
59.992958 198.246479 572.714085 209.063380 584.492488 510.253991 127.057746 490.062441 
62.877465 199.207981 574.396714 209.063380 586.415493 510.734742 128.740376 490.302817 
67.204225 200.650235 576.800469 212.669014 588.819249 510.734742 131.384507 491.745070 
70.088732 202.573239 580.406103 214.111268 591.463380 513.378873 134.269014 492.706573 
74.415493 203.534742 584.011737 215.072770 595.069014 513.859624 138.355399 493.908451 
77.059624 205.457746 588.819249 216.274648 599.155399 514.580751 141.961033 494.629577 
82.828638 206.900000 592.905634 217.476526 602.520657 516.744131 145.566667 496.312207 
84.270892 207.140376 595.549765 218.678404 605.405164 517.705634 148.210798 497.514085 
84.751643 207.140376 599.395775 218.918779 607.808920 518.907512 149.412676 498.235211 
86.915023 207.861502 601.318779 217.716901 611.174178 518.907512 150.614554 499.196714 
87.636150 205.457746 605.164789 216.274648 614.539437 517.705634 152.297183 498.475587 
89.559155 203.534742 609.010798 213.149765 618.385446 517.946009 153.739437 497.754460 
91.962911 202.573239 613.337559 212.428638 622.952582 518.186385 157.104695 497.994836 
91.001408 202.813615 616.943192 211.707512 625.837089 520.109390 156.864319 499.677465 
90.280282 202.332864 618.145070 211.467136 627.519718 521.311268 157.104695 500.879343 
88.357277 202.332864 619.106573 209.544131 628.481221 522.513146 156.383568 501.840845 
85.713146 202.813615 620.548826 209.784507 631.606103 525.397653 155.902817 504.965728 
85.953521 204.255869 622.952582 210.024883 635.932864 526.599531 157.104695 507.369484 
84.992019 204.736620 626.317840 209.303756 638.336620 529.003286 156.383568 509.292488 
81.386385 202.813615 627.519718 207.621127 640.980751 528.282160 155.181690 509.532864 
80.424883 200.409859 630.404225 202.813615 643.624883 526.118779 155.181690 507.369484 
77.059624 193.679343 633.769484 195.602347 649.393897 522.993897 155.902817 505.927230 
79.223005 183.823944 640.500000 185.025822 656.124413 516.744131 158.546948 499.917840 
80.424883 179.016432 646.509390 175.410798 665.739437 510.734742 163.354460 497.514085 
87.636150 177.814554 658.528169 173.007042 677.758216 511.936620 170.565728 497.514085 
93.645540 176.612676 672.950704 169.401408 690.978873 511.936620 177.776995 498.715962 
105.664319 179.016432 683.767606 169.401408 702.997653 514.340376 193.401408 502.321596 
117.683099 183.823944 698.190141 171.805164 715.016432 516.744131 203.016432 505.927230 
127.298122 188.631455 711.410798 175.410798 728.237089 519.147887 215.035211 508.330986 
136.913146 189.833333 724.631455 171.805164 740.255869 516.744131 227.053991 510.734742 
150.133803 187.429577 737.852113 169.401408 754.678404 515.542254 237.870892 510.734742 
165.758216 185.025822 754.678404 166.997653 775.110329 511.936620 255.899061 509.532864 
180.180751 188.631455 779.917840 158.584507 795.542254 507.129108 270.321596 507.129108 
203.016432 185.025822 803.955399 157.382629 817.176056 503.523474 293.157277 509.532864 
228.255869 185.025822 832.800469 152.575117 847.223005 501.119718 319.598592 508.330986 
261.908451 185.025822 873.664319 151.373239 879.673709 502.321596 347.241784 511.936620 
296.762911 187.429577 907.316901 150.171362 912.124413 499.917840 377.288732 517.946009 
329.213615 192.237089 949.382629 150.171362 950.584507 501.119718 408.537559 521.551643 
366.471831 194.640845 990.246479 151.373239 985.438967 501.119718 439.786385 525.157277 
400.124413 194.640845 1029.908451 147.767606 1014.284038 501.119718 471.035211 529.964789 
427.767606 198.246479 1062.359155 148.969484 1043.129108 497.514085 492.669014 535.974178 
453.007042 201.852113 1086.396714 151.373239 1063.561033 498.715962 513.100939 543.185446 
466.227700 206.659624 1103.223005 148.969484 1074.377934 496.312207 525.119718 547.992958 
480.650235 213.870892 1108.030516 154.978873 1076.781690 497.514085 533.532864 557.607981 
481.852113 224.687793 1106.828638 157.382629 1071.974178 499.917840 532.330986 567.223005 
474.640845 236.706573 1096.011737 164.593897 1062.359155 501.119718 525.119718 576.838028 
468.631455 245.119718 1081.589202 171.805164 1043.129108 504.725352 513.100939 585.251174 
453.007042 254.734742 1057.551643 179.016432 1022.697183 508.330986 501.082160 596.068075 
438.584507 267.955399 1034.715962 185.025822 1001.063380 508.330986 481.852113 605.683099 
420.556338 275.166667 1016.687793 192.237089 981.833333 509.532864 469.833333 614.096244 
407.335681 279.974178 997.457746 192.237089 965.007042 509.532864 457.814554 622.509390 
397.720657 285.983568 985.438967 192.237089 950.584507 509.532864 443.392019 627.316901 
392.913146 288.387324 974.622066 193.438967 939.527230 508.330986 437.382629 632.845540 
388.105634 288.627700 969.333803 190.073709 933.277465 504.965728 431.613615 636.691549 
385.221127 286.704695 968.612676 183.583568 929.912207 500.879343 427.767606 638.854930 
381.134742 279.974178 969.814554 174.689671 929.671831 496.071831 422.238967 644.623944 
377.048357 279.493427 970.776056 169.161033 927.989202 496.792958 413.825822 656.161972 
360.462441 283.579812 972.218310 165.795775 921.739437 501.119718 404.931925 669.382629 
350.847418 288.387324 972.218310 165.795775 916.931925 505.927230 391.711268 688.612676 
341.232394 293.194836 974.622066 164.593897 915.730047 508.330986 382.096244 703.035211 
335.223005 291.992958 972.458685 157.142254 909.720657 506.648357 374.644601 708.563850 
334.982629 287.425822 975.823944 145.604225 908.038028 503.523474 371.760094 713.371362 
332.819249 277.570423 978.708451 133.825822 909.239906 494.869953 370.317840 713.852113 
333.540376 278.531925 979.910329 129.979812 906.355399 490.062441 370.077465 719.861502 
338.611756 277.562079 980.943448 124.977539 903.857429 489.851361 371.565917 724.420502 
345.014429 282.357105 980.508403 121.916812 899.321415 485.948791 372.232907 729.517808 
354.301923 280.408494 980.464817 114.103661 894.443464 484.256152 378.741514 728.467654 
366.524921 265.623925 977.388202 107.442486 893.458358 465.455723 385.203419 713.907889 
377.288732 252.330986 973.420188 93.683099 888.086854 453.044601 389.307512 700.631455 
384.500000 229.495305 969.814554 76.856808 885.683099 436.218310 392.913146 686.208920 
390.509390 209.063380 966.208920 61.232394 883.279343 422.997653 396.518779 672.988263 
397.720657 194.640845 958.997653 48.011737 877.269953 407.373239 398.922535 657.363850 
414.546948 180.218310 952.988263 37.194836 870.058685 391.748826 413.345070 633.326291 
436.180751 164.593897 946.978873 27.579812 865.251174 376.124413 428.969484 606.884977 
462.622066 146.565728 940.969484 21.570423 860.443662 360.500000 448.199531 582.847418 
483.053991 134.546948 934.960094 16.762911 858.039906 346.077465 467.429577 558.809859 
508.293427 130.941315 928.950704 16.762911 852.030516 338.866197 483.053991 537.176056 
529.927230 132.143192 918.133803 20.368545 842.415493 330.453052 497.476526 522.753521 
544.349765 132.143192 906.115023 26.377934 832.800469 323.241784 508.293427 505.927230 
557.570423 135.748826 891.692488 34.791080 823.185446 316.030516 519.110329 489.100939 
569.589202 138.152582 880.875587 39.598592 814.772300 310.021127 529.927230 474.678404 
579.204225 140.556338 868.856808 46.809859 805.157277 305.213615 538.340376 462.659624 
588.819249 142.960094 856.838028 51.617371 795.542254 302.809859 546.753521 448.237089 
593.626761 146.565728 847.223005 58.828638 789.532864 296.800469 551.561033 439.823944 
596.030516 148.969484 835.204225 64.838028 778.715962 296.800469 555.166667 431.410798 
599.636150 148.969484 826.791080 68.443662 769.100939 294.396714 553.964789 424.199531 
596.030516 147.767606 815.974178 73.251174 759.485915 290.791080 550.359155 415.786385 
591.223005 150.171362 801.551643 79.260563 748.669014 290.791080 544.349765 409.776995 
585.213615 151.373239 789.532864 84.068075 736.650235 291.992958 537.138498 403.767606 
576.800469 153.776995 773.908451 88.875587 721.025822 290.791080 527.523474 401.363850 
568.387324 152.575117 759.485915 94.884977 702.997653 293.194836 513.100939 397.758216 
558.772300 156.180751 745.063380 99.692488 687.373239 296.800469 503.485915 396.556338 
551.561033 154.978873 734.246479 104.500000 675.354460 298.002347 495.072770 392.950704 
546.753521 154.978873 727.035211 108.105634 669.345070 296.800469 485.457746 391.748826 
552.762911 164.593897 723.429577 124.931925 665.739437 313.626761 495.072770 395.354460 
565.983568 197.044601 729.438967 151.373239 683.767606 337.664319 517.908451 415.786385 
600.838028 245.119718 753.476526 185.025822 711.410798 374.922535 569.589202 447.035211 
641.701878 277.570423 783.523474 201.852113 755.880282 367.711268 618.866197 474.678404 
660.931925 293.194836 808.762911 209.063380 787.129108 378.528169 638.096244 491.504695 
629.683099 320.838028 785.927230 229.495305 776.312207 396.556338 621.269953 514.340376 
574.396714 354.490610 710.208920 271.561033 727.035211 420.593897 599.636150 517.946009 
527.523474 372.518779 675.354460 308.819249 654.922535 480.687793 504.687793 567.223005 
520.312207 372.518779 680.161972 314.828638 658.528169 477.082160 493.870892 568.424883 
549.157277 350.884977 698.190141 288.387324 672.950704 457.852113 528.725352 552.800469 
575.598592 314.828638 731.842723 255.936620 705.401408 427.805164 552.762911 513.138498 
550.359155 316.030516 722.227700 247.523474 701.795775 409.776995 526.321596 508.330986 
522.715962 307.617371 654.922535 260.744131 624.875587 425.401408 497.476526 485.495305 
461.420188 289.589202 621.269953 245.119718 592.424883 408.575117 426.565728 484.293427 
427.767606 255.936620 599.636150 219.880282 561.176056 389.345070 396.518779 442.227700 
415.748826 217.476526 588.819249 182.622066 544.349765 352.086854 374.884977 410.978873 
379.692488 228.293427 569.589202 186.227700 531.129108 350.884977 346.039906 419.392019 
358.058685 258.340376 535.936620 217.476526 471.035211 408.575117 306.377934 454.246479 
353.251174 273.964789 515.504695 246.321596 466.227700 414.584507 293.157277 487.899061 
377.288732 254.734742 568.387324 209.063380 522.715962 385.739437 337.626761 447.035211 
461.420188 200.650235 629.683099 177.814554 576.800469 343.673709 414.546948 376.124413 
509.495305 144.161972 682.565728 128.537559 621.269953 304.011737 442.190141 359.298122 
519.110329 176.612676 682.565728 162.190141 623.673709 342.471831 457.814554 376.124413 
514.302817 261.946009 677.758216 230.697183 630.884977 385.739437 469.833333 437.420188 
558.772300 301.607981 716.218310 249.927230 698.190141 413.382629 546.753521 466.265258 
622.471831 279.974178 782.321596 222.284038 773.908451 370.115023 612.856808 442.227700 
693.382629 187.429577 847.223005 88.875587 844.819249 265.551643 705.401408 371.316901 
707.805164 168.199531 870.058685 60.030516 870.058685 234.302817 721.025822 361.701878 
647.711268 247.523474 823.185446 130.941315 831.598592 289.589202 658.528169 397.758216 
553.964789 353.288732 735.448357 258.340376 733.044601 413.382629 567.185446 510.734742 
495.072770 419.392019 666.941315 356.894366 653.720657 514.340376 478.246479 617.701878 
484.255869 406.171362 645.307512 353.288732 634.490610 510.734742 471.035211 572.030516 
502.284038 224.687793 677.758216 187.429577 657.326291 314.828638 491.467136 352.086854 
0.000000 0.000000 0.000000 0.000000 0.000000 0.000000 0.000000 0.000000 
0.000000 0.000000 0.000000 0.000000 0.000000 0.000000 0.000000 0.000000 
0.000000 0.000000 0.000000 0.000000 0.000000 0.000000 0.000000 0.000000 
0.000000 0.000000 0.000000 0.000000 0.000000 0.000000 0.000000 0.000000 
0.000000 0.000000 0.000000 0.000000 0.000000 0.000000 0.000000 0.000000 
0.000000 0.000000 0.000000 0.000000 0.000000 0.000000 0.000000 0.000000 
0.000000 0.000000 0.000000 0.000000 0.000000 0.000000 0.000000 0.000000 
0.000000 0.000000 0.000000 0.000000 0.000000 0.000000 0.000000 0.000000 
0.000000 0.000000 0.000000 0.000000 0.000000 0.000000 0.000000 0.000000 
0.000000 0.000000 0.000000 0.000000 0.000000 0.000000 0.000000 0.000000 
0.000000 0.000000 0.000000 0.000000 0.000000 0.000000 0.000000 0.000000 
0.000000 0.000000 0.000000 0.000000 0.000000 0.000000 0.000000 0.000000 
0.000000 0.000000 0.000000 0.000000 0.000000 0.000000 0.000000 0.000000 
0.000000 0.000000 0.000000 0.000000 0.000000 0.000000 0.000000 0.000000 
0.000000 0.000000 0.000000 0.000000 0.000000 0.000000 0.000000 0.000000 
0.000000 0.000000 0.000000 0.000000 0.000000 0.000000 0.000000 0.000000 
0.000000 0.000000 0.000000 0.000000 0.000000 0.000000 0.000000 0.000000 
0.000000 0.000000 0.000000 0.000000 0.000000 0.000000 0.000000 0.000000 
0.000000 0.000000 0.000000 0.000000 0.000000 0.000000 0.000000 0.000000 
0.000000 0.000000 0.000000 0.000000 0.000000 0.000000 0.000000 0.000000 
0.000000 0.000000 0.000000 0.000000 0.000000 0.000000 0.000000 0.000000 
0.000000 0.000000 0.000000 0.000000 0.000000 0.000000 0.000000 0.000000 
0.000000 0.000000 0.000000 0.000000 0.000000 0.000000 0.000000 0.000000 
0.000000 0.000000 0.000000 0.000000 0.000000 0.000000 0.000000 0.000000 
0.000000 0.000000 0.000000 0.000000 0.000000 0.000000 0.000000 0.000000 
0.000000 0.000000 0.000000 0.000000 0.000000 0.000000 0.000000 0.000000 
0.000000 0.000000 0.000000 0.000000 0.000000 0.000000 0.000000 0.000000 
0.000000 0.000000 0.000000 0.000000 0.000000 0.000000 0.000000 0.000000 
0.000000 0.000000 0.000000 0.000000 0.000000 0.000000 0.000000 0.000000 
0.000000 0.000000 0.000000 0.000000 0.000000 0.000000 0.000000 0.000000 
0.000000 0.000000 0.000000 0.000000 0.000000 0.000000 0.000000 0.000000 
0.000000 0.000000 0.000000 0.000000 0.000000 0.000000 0.000000 0.000000 
0.000000 0.000000 0.000000 0.000000 0.000000 0.000000 0.000000 0.000000 
0.000000 0.000000 0.000000 0.000000 0.000000 0.000000 0.000000 0.000000 
0.000000 0.000000 0.000000 0.000000 0.000000 0.000000 0.000000 0.000000 
0.000000 0.000000 0.000000 0.000000 0.000000 0.000000 0.000000 0.000000 
0.000000 0.000000 0.000000 0.000000 0.000000 0.000000 0.000000 0.000000 
0.000000 0.000000 0.000000 0.000000 0.000000 0.000000 0.000000 0.000000 
0.000000 0.000000 0.000000 0.000000 0.000000 0.000000 0.000000 0.000000 
0.000000 0.000000 0.000000 0.000000 0.000000 0.000000 0.000000 0.000000 
0.000000 0.000000 0.000000 0.000000 0.000000 0.000000 0.000000 0.000000 
0.000000 0.000000 0.000000 0.000000 0.000000 0.000000 0.000000 0.000000 
0.000000 0.000000 0.000000 0.000000 0.000000 0.000000 0.000000 0.000000 
0.000000 0.000000 0.000000 0.000000 0.000000 0.000000 0.000000 0.000000 
0.000000 0.000000 0.000000 0.000000 0.000000 0.000000 0.000000 0.000000 
0.000000 0.000000 0.000000 0.000000 0.000000 0.000000 0.000000 0.000000 
0.000000 0.000000 0.000000 0.000000 0.000000 0.000000 0.000000 0.000000 
0.000000 0.000000 0.000000 0.000000 0.000000 0.000000 0.000000 0.000000 
3.504695 462.659624 419.354460 284.781690 472.237089 498.715962 99.654930 710.246479 
81.626761 431.410798 481.852113 264.349765 528.725352 480.687793 168.161972 682.603286 
150.133803 406.171362 547.955399 243.917840 579.204225 462.659624 229.457746 654.960094 
217.438967 377.326291 600.838028 225.889671 623.673709 450.640845 289.551643 629.720657 
270.321596 356.894366 648.913146 212.669014 659.730047 438.622066 329.213615 614.096244 
312.387324 337.664319 689.776995 201.852113 693.382629 431.410798 362.866197 596.068075 
343.636150 320.838028 721.025822 194.640845 721.025822 424.199531 388.105634 582.847418 
376.086854 304.011737 748.669014 188.631455 741.457746 416.988263 404.931925 567.223005 
394.115023 285.983568 767.899061 182.622066 754.678404 412.180751 418.152582 549.194836 
412.143192 266.753521 791.936620 174.208920 766.697183 407.373239 426.565728 535.974178 
420.556338 248.725352 807.561033 168.199531 775.110329 403.767606 428.969484 520.349765 
424.161972 231.899061 818.377934 165.795775 781.119718 403.767606 426.565728 508.330986 
422.960094 218.678404 824.387324 164.593897 782.321596 404.969484 421.758216 498.715962 
415.748826 209.063380 827.992958 163.392019 781.119718 407.373239 407.335681 492.706573 
401.326291 199.448357 829.194836 164.593897 776.312207 410.978873 392.913146 486.697183 
391.711268 195.842723 827.992958 165.795775 770.302817 416.988263 378.490610 484.293427 
374.884977 193.438967 825.589202 170.603286 765.495305 424.199531 361.664319 487.899061 
361.664319 198.246479 819.579812 181.420188 759.485915 436.218310 342.434272 492.706573 
342.434272 203.053991 814.772300 192.237089 751.072770 453.044601 325.607981 504.725352 
322.002347 210.265258 811.166667 204.255869 747.467136 466.265258 307.579812 514.340376 
302.772300 217.476526 807.561033 215.072770 741.457746 484.293427 288.349765 526.359155 
279.936620 223.485915 802.753521 225.889671 735.448357 496.312207 270.321596 531.166667 
259.504695 225.889671 796.744131 234.302817 728.237089 510.734742 252.293427 537.176056 
240.274648 228.293427 787.129108 246.321596 718.622066 521.551643 234.265258 540.781690 
215.035211 228.293427 775.110329 254.734742 707.805164 533.570423 212.631455 539.579812 
190.997653 218.678404 765.495305 258.340376 694.584507 538.377934 189.795775 534.772300 
164.556338 198.246479 747.467136 253.532864 680.161972 538.377934 164.556338 521.551643 
140.518779 174.208920 729.438967 245.119718 658.528169 533.570423 140.518779 497.514085 
120.086854 148.969484 713.814554 234.302817 640.500000 526.359155 117.683099 478.284038 
102.058685 123.730047 699.392019 219.880282 622.471831 519.147887 102.058685 453.044601 
92.443662 99.692488 683.767606 210.265258 610.453052 508.330986 91.241784 431.410798 
85.232394 79.260563 674.152582 197.044601 600.838028 499.917840 87.636150 413.382629 
87.636150 64.838028 670.546948 187.429577 597.232394 487.899061 88.838028 392.950704 
105.664319 52.819249 671.748826 180.218310 600.838028 478.284038 102.058685 374.922535 
127.298122 44.406103 682.565728 173.007042 608.049296 469.870892 122.490610 362.903756 
160.950704 43.204225 696.988263 173.007042 624.875587 462.659624 153.739437 353.288732 
194.603286 43.204225 716.218310 173.007042 646.509390 460.255869 194.603286 342.471831 
246.284038 49.213615 746.265258 181.420188 674.152582 461.457746 235.467136 337.664319 
284.744131 55.223005 763.091549 186.227700 693.382629 460.255869 271.523474 338.866197 
306.377934 55.223005 775.110329 191.035211 700.593897 461.457746 290.753521 330.453052 
325.607981 51.617371 778.715962 193.438967 701.795775 460.255869 305.176056 324.443662 
337.626761 49.213615 775.110329 193.438967 695.786385 455.448357 311.185446 312.424883 
343.636150 46.809859 765.495305 197.044601 683.767606 450.640845 313.589202 300.406103 
350.847418 44.406103 752.274648 199.448357 670.546948 444.631455 314.791080 293.194836 
356.856808 44.406103 741.457746 200.650235 660.931925 438.622066 319.598592 284.781690 
363.106573 46.569484 734.246479 204.255869 652.518779 433.814554 324.406103 279.974178 
372.481221 54.021127 727.035211 209.063380 645.307512 431.410798 334.021127 278.772300 
385.701878 60.030516 722.227700 215.072770 644.105634 431.410798 344.838028 277.570423 
396.278404 68.924413 719.823944 221.562911 642.903756 431.651174 351.328169 280.214554 
410.941315 79.260563 721.025822 228.293427 644.105634 430.208920 366.471831 279.974178 
426.565728 85.269953 721.025822 230.697183 647.711268 425.401408 382.096244 279.974178 
440.988263 94.884977 723.429577 235.504695 650.115023 425.401408 395.316901 282.377934 
456.612676 104.500000 724.631455 240.312207 653.720657 420.593897 412.143192 283.579812 
471.035211 111.711268 728.237089 245.119718 657.326291 421.795775 422.960094 284.781690 
483.053991 120.124413 729.438967 251.129108 660.931925 422.997653 434.978873 288.387324 
493.870892 130.941315 730.640845 257.138498 663.335681 425.401408 445.795775 291.992958 
504.687793 139.354460 731.842723 264.349765 664.537559 426.603286 456.612676 296.800469 
516.706573 146.565728 734.246479 269.157277 666.941315 424.199531 466.227700 299.204225 
527.523474 146.565728 735.448357 266.753521 670.546948 419.392019 475.842723 296.800469 
535.936620 145.363850 740.255869 261.946009 672.950704 412.180751 485.457746 289.589202 
546.753521 140.556338 742.659624 258.340376 677.758216 404.969484 495.072770 284.781690 
552.762911 136.950704 745.544131 252.811737 682.084977 397.517840 503.005164 277.330047 
554.685915 135.748826 744.823005 251.129108 681.363850 394.152582 506.851174 274.445540 
556.368545 137.431455 743.621127 249.206103 681.844601 391.027700 509.254930 273.484038 
555.647418 137.431455 743.380751 248.244601 682.565728 389.825822 510.697183 274.685915 
555.407042 140.075587 741.938498 247.763850 683.046479 388.143192 512.620188 274.926291 
557.570423 140.075587 741.217371 244.398592 685.690610 385.739437 515.985446 276.128169 
561.416432 140.315962 743.861502 241.994836 690.017371 384.056808 521.754460 276.368545 
562.137559 142.479343 745.784507 240.552582 696.026761 383.576056 524.638967 279.012676 
567.185446 146.565728 752.274648 240.312207 702.997653 384.537559 533.532864 281.176056 
575.598592 150.171362 758.284038 240.312207 712.612676 384.537559 540.744131 285.983568 
582.329108 152.094366 765.976056 240.552582 723.429577 385.739437 552.762911 289.589202 
590.021127 153.776995 773.908451 239.110329 731.842723 388.143192 562.377934 289.589202 
593.626761 154.978873 776.312207 239.110329 739.053991 390.546948 568.387324 293.194836 
596.030516 154.978873 779.917840 236.706573 742.659624 389.345070 571.992958 294.396714 
594.828638 154.978873 776.792958 234.783568 743.380751 389.345070 575.838967 295.838967 
591.223005 154.738498 773.427700 234.062441 740.976995 391.748826 572.954460 300.646479 
583.290610 156.661502 765.014554 233.341315 735.448357 394.873709 567.425822 303.771362 
573.915962 158.103756 756.841784 234.062441 730.160094 397.517840 561.416432 305.934742 
566.945070 159.786385 746.986385 233.581690 724.150704 398.960094 554.685915 309.780751 
554.685915 162.190141 736.409859 234.302817 717.420188 402.565728 547.474648 313.867136 
544.349765 165.074648 724.871831 236.225822 709.968545 406.171362 541.465258 318.193897 
535.696244 168.439906 714.776056 238.148826 705.641784 411.219249 536.898122 323.482160 
529.927230 174.208920 711.410798 242.715962 702.997653 416.988263 534.734742 328.049296 
528.004225 179.977934 707.564789 246.081221 703.959155 421.795775 536.176995 333.337559 
525.840845 183.583568 706.362911 247.042723 708.526291 423.959155 537.138498 337.904695 
524.398592 183.823944 706.122535 245.840845 714.295305 424.920657 541.224883 340.068075 
523.917840 185.987324 707.324413 244.879343 718.141315 425.401408 545.311268 342.952582 
523.196714 187.429577 707.805164 244.398592 724.631455 426.603286 547.715023 344.394836 
522.956338 188.631455 706.843662 243.437089 729.679343 426.603286 551.561033 347.279343 
522.235211 191.996714 706.603286 243.196714 735.207981 427.564789 555.407042 349.923474 
518.869953 193.438967 704.439906 242.475587 737.130986 426.603286 559.253052 351.846479 
514.062441 196.083099 698.911268 241.514085 738.573239 425.641784 559.974178 353.529108 
504.928169 195.121596 692.180751 238.389202 737.611737 421.074648 558.291549 352.327230 
495.313146 195.602347 682.806103 234.783568 736.650235 418.670892 555.166667 352.567606 
485.698122 197.525352 674.633333 234.543192 733.765728 416.267136 549.157277 351.365728 
473.198592 199.929108 661.893427 234.302817 727.996714 414.103756 542.667136 352.086854 
460.218310 201.852113 648.913146 233.100939 722.227700 410.978873 534.734742 352.086854 
440.988263 206.659624 633.288732 235.504695 716.218310 408.815493 527.523474 352.086854 
425.363850 210.265258 615.260563 235.504695 706.603286 407.373239 517.908451 353.288732 
413.345070 213.870892 602.039906 237.908451 699.392019 404.969484 511.899061 355.692488 
400.124413 218.678404 586.415493 237.908451 692.180751 401.363850 501.082160 354.490610 
386.903756 223.485915 571.992958 239.110329 684.969484 398.960094 496.274648 356.894366 
372.481221 227.091549 562.377934 239.110329 680.161972 396.556338 490.265258 359.298122 
358.058685 231.899061 549.157277 245.119718 674.152582 396.556338 483.053991 360.500000 
353.251174 239.110329 540.744131 247.523474 670.546948 397.758216 477.044601 362.903756 
341.232394 248.725352 528.725352 252.330986 666.941315 396.556338 475.842723 368.913146 
335.223005 255.936620 526.321596 258.340376 665.739437 397.758216 473.438967 373.720657 
326.809859 263.147887 520.312207 265.551643 665.739437 400.161972 468.631455 378.528169 
324.406103 275.166667 516.706573 273.964789 666.941315 407.373239 469.833333 386.941315 
324.406103 282.377934 515.504695 283.579812 668.143192 410.978873 471.035211 392.950704 
328.011737 295.598592 515.504695 290.791080 671.748826 415.786385 472.237089 398.960094 
323.204225 304.011737 520.312207 298.002347 676.556338 420.593897 475.842723 403.767606 
322.002347 311.223005 521.514085 304.011737 680.161972 421.795775 472.237089 406.171362 
322.002347 316.030516 523.917840 310.021127 683.767606 424.199531 477.044601 410.978873 
320.800469 320.838028 525.119718 313.626761 686.171362 425.401408 477.044601 413.382629 
315.992958 323.241784 523.917840 313.626761 687.373239 424.199531 477.044601 415.786385 
312.387324 325.645540 522.715962 314.828638 689.296244 425.401408 474.640845 418.190141 
305.176056 329.251174 520.312207 317.232394 690.978873 425.401408 471.035211 416.988263 
300.368545 331.654930 517.908451 317.232394 689.776995 424.199531 467.429577 419.392019 
291.955399 331.654930 515.504695 317.232394 686.171362 421.795775 460.218310 418.190141 
282.340376 334.058685 508.293427 317.232394 682.565728 421.795775 451.805164 419.392019 
270.321596 336.462441 498.678404 318.434272 681.363850 422.997653 443.392019 422.997653 
253.495305 338.866197 493.870892 318.434272 675.354460 422.997653 434.978873 422.997653 
243.880282 337.664319 484.255869 318.434272 669.345070 421.795775 425.363850 420.593897 
231.861502 336.462441 478.246479 314.828638 662.133803 416.988263 412.143192 419.392019 
212.391080 335.981690 466.227700 310.021127 654.922535 413.382629 404.931925 419.392019 
190.997653 329.251174 457.814554 305.213615 647.711268 409.776995 391.711268 414.584507 
177.776995 326.847418 450.603286 298.002347 639.298122 402.565728 379.692488 410.978873 
158.546948 318.434272 443.392019 285.983568 634.490610 394.152582 365.269953 403.767606 
148.931925 308.819249 438.584507 275.166667 629.683099 386.941315 354.453052 396.556338 
138.115023 296.800469 438.584507 260.744131 632.086854 377.326291 343.636150 388.143192 
130.903756 285.983568 444.593897 247.523474 634.490610 366.509390 337.626761 378.528169 
129.701878 273.964789 454.208920 234.302817 640.500000 356.894366 335.223005 372.518779 
135.711268 263.147887 469.833333 221.082160 651.316901 347.279343 340.030516 364.105634 
145.326291 255.936620 493.870892 213.870892 666.941315 342.471831 346.039906 355.692488 
160.950704 247.523474 519.110329 207.861502 684.969484 340.068075 355.654930 352.086854 
181.382629 236.706573 553.964789 199.448357 707.805164 332.856808 370.077465 347.279343 
203.016432 230.697183 590.021127 194.640845 734.246479 329.251174 385.701878 341.269953 
230.659624 227.091549 621.269953 193.438967 753.476526 329.251174 403.730047 336.462441 
264.312207 223.485915 657.326291 193.438967 784.725352 331.654930 432.575117 336.462441 
289.551643 225.889671 690.978873 199.448357 811.166667 340.068075 457.814554 340.068075 
314.791080 231.899061 719.823944 211.467136 832.800469 349.683099 475.842723 347.279343 
334.021127 239.110329 749.870892 223.485915 854.434272 359.298122 492.669014 353.288732 
356.856808 249.927230 772.706573 236.706573 872.462441 371.316901 505.889671 360.500000 
370.077465 259.542254 790.734742 251.129108 883.279343 382.133803 516.706573 368.913146 
379.692488 269.157277 807.561033 266.753521 891.692488 392.950704 525.119718 379.730047 
385.701878 281.176056 815.974178 281.176056 895.298122 407.373239 522.715962 385.739437 
388.105634 288.387324 824.387324 294.396714 897.701878 418.190141 522.715962 394.152582 
385.701878 296.800469 825.589202 310.021127 896.500000 429.007042 519.110329 402.565728 
379.692488 304.011737 827.992958 319.636150 892.894366 436.218310 515.504695 406.171362 
370.077465 305.213615 825.589202 325.645540 888.086854 441.025822 508.293427 409.776995 
359.260563 304.011737 819.579812 328.049296 884.481221 443.429577 499.880282 412.180751 
348.443662 306.415493 813.570423 329.251174 871.260563 444.631455 486.659624 409.776995 
337.626761 304.011737 805.157277 329.251174 866.453052 444.631455 477.044601 410.978873 
328.011737 301.607981 799.147887 328.049296 856.838028 443.429577 465.025822 407.373239 
324.406103 300.406103 796.744131 326.847418 850.828638 443.429577 456.612676 408.575117 
319.598592 300.406103 797.946009 324.443662 847.223005 442.227700 450.603286 404.969484 
317.194836 294.396714 800.349765 318.434272 844.819249 437.420188 449.401408 404.969484 
313.589202 285.983568 802.753521 311.223005 846.021127 431.410798 446.997653 401.363850 
318.396714 277.570423 811.166667 299.204225 849.626761 425.401408 445.795775 395.354460 
325.607981 270.359155 830.396714 287.185446 860.443662 418.190141 449.401408 389.345070 
338.828638 260.744131 846.021127 271.561033 872.462441 408.575117 457.814554 383.335681 
359.260563 248.725352 873.664319 257.138498 891.692488 398.960094 472.237089 379.730047 
382.096244 236.706573 903.711268 243.917840 912.124413 386.941315 489.063380 371.316901 
407.335681 227.091549 932.556338 221.082160 933.758216 374.922535 508.293427 364.105634 
433.776995 216.274648 956.593897 207.861502 950.584507 362.903756 528.725352 356.894366 
459.016432 204.255869 984.237089 191.035211 969.814554 353.288732 543.147887 348.481221 
477.044601 194.640845 1003.467136 176.612676 986.640845 344.875587 558.772300 347.279343 
496.274648 189.833333 1021.495305 163.392019 997.457746 334.058685 571.992958 340.068075 
511.899061 182.622066 1033.514085 153.776995 1007.072770 329.251174 581.607981 338.866197 
517.908451 180.218310 1041.927230 144.161972 1010.678404 323.241784 587.617371 340.068075 
522.715962 179.016432 1043.129108 138.152582 1010.678404 320.838028 587.617371 343.673709 
515.504695 181.420188 1038.321596 138.152582 1004.669014 323.241784 582.809859 350.884977 
507.091549 188.631455 1026.302817 136.950704 993.852113 328.049296 569.589202 359.298122 
490.265258 198.246479 1009.476526 140.556338 983.035211 335.260563 555.166667 371.316901 
473.438967 207.861502 989.044601 150.171362 966.208920 346.077465 540.744131 389.345070 
451.805164 221.082160 968.612676 159.786385 946.978873 359.298122 526.321596 403.767606 
434.978873 237.908451 946.978873 173.007042 930.152582 377.326291 510.697183 425.401408 
419.354460 258.340376 922.941315 193.438967 910.922535 397.758216 497.476526 448.237089 
410.941315 282.377934 907.316901 216.274648 897.701878 419.392019 484.255869 472.274648 
403.730047 306.415493 895.298122 235.504695 892.894366 438.622066 481.852113 493.908451 
402.528169 331.654930 884.481221 260.744131 883.279343 468.669014 477.044601 522.753521 
397.720657 349.683099 876.068075 277.570423 878.471831 484.293427 475.842723 540.781690 
398.922535 364.105634 872.462441 289.589202 879.673709 498.715962 471.035211 555.204225 
397.720657 373.720657 871.260563 296.800469 879.673709 507.129108 471.035211 568.424883 
394.595775 377.326291 873.183568 299.684977 883.038967 514.580751 469.112207 580.443662 
395.316901 379.730047 877.269953 296.800469 888.086854 517.946009 471.035211 585.251174 
392.913146 374.922535 879.673709 291.992958 891.692488 519.147887 469.833333 587.654930 
389.307512 368.913146 883.279343 279.974178 897.701878 516.744131 469.833333 587.654930 
391.711268 362.903756 885.202347 273.003286 902.028638 512.417371 472.237089 586.693427 
391.230516 357.855869 886.404225 265.070892 903.711268 509.532864 472.237089 585.491549 
386.903756 351.846479 885.683099 258.340376 903.711268 509.532864 469.833333 586.453052 
385.701878 348.481221 883.279343 253.532864 902.509390 508.330986 467.429577 587.654930 
389.307512 347.279343 880.875587 252.330986 902.509390 503.523474 469.833333 584.049296 
390.509390 343.673709 877.269953 249.927230 898.903756 501.119718 469.833333 584.049296 
396.518779 344.875587 876.068075 249.927230 898.903756 501.119718 473.438967 581.645540 
396.518779 342.471831 871.260563 253.532864 894.096244 501.119718 473.438967 584.049296 
397.720657 346.077465 867.654930 254.734742 889.288732 504.725352 472.477465 583.808920 
397.720657 347.279343 862.847418 259.542254 884.481221 507.129108 467.429577 585.251174 
396.038028 349.683099 855.636150 265.551643 876.068075 513.138498 463.823944 588.856808 
397.720657 353.288732 850.828638 273.964789 871.260563 520.349765 463.823944 590.058685 
397.720657 349.683099 848.424883 276.368545 868.376056 522.272770 460.699061 590.779812 
397.720657 350.884977 846.021127 279.974178 866.453052 523.955399 459.016432 590.058685 
404.931925 346.077465 846.021127 279.974178 864.049296 525.157277 460.218310 586.453052 
407.335681 338.866197 852.030516 277.570423 866.453052 523.955399 462.622066 580.443662 
418.152582 334.058685 853.232394 276.368545 867.654930 520.349765 466.227700 575.636150 
426.565728 320.838028 861.645540 267.955399 871.260563 516.744131 471.035211 567.223005 
431.373239 312.424883 866.453052 261.946009 876.068075 511.936620 477.044601 558.809859 
436.180751 306.415493 868.856808 258.340376 877.269953 509.532864 475.842723 555.204225 
436.180751 296.800469 873.664319 252.330986 878.471831 507.129108 474.640845 549.194836 
434.978873 287.185446 872.462441 243.917840 877.269953 504.725352 471.035211 543.185446 
428.969484 276.368545 868.856808 235.504695 873.664319 499.917840 466.227700 535.974178 
422.960094 266.753521 867.654930 227.091549 871.260563 490.302817 460.218310 529.964789 
414.546948 255.936620 862.847418 216.274648 868.856808 484.293427 451.805164 521.551643 
408.537559 246.321596 859.241784 205.457746 866.453052 478.284038 444.593897 516.744131 
395.316901 239.110329 856.838028 199.448357 862.847418 475.880282 436.180751 513.138498 
384.500000 231.899061 854.434272 189.833333 861.645540 472.274648 425.363850 509.532864 
372.481221 225.889671 848.424883 179.016432 859.241784 468.669014 415.748826 509.532864 
365.269953 219.880282 846.021127 174.208920 855.636150 466.265258 410.941315 508.330986 
358.058685 216.274648 843.617371 166.997653 854.434272 465.063380 404.931925 507.129108 
350.847418 212.669014 842.415493 163.392019 854.434272 462.659624 398.922535 508.330986 
341.232394 212.669014 840.011737 163.392019 855.636150 466.265258 391.711268 516.744131 
334.021127 217.476526 841.213615 163.392019 856.838028 472.274648 385.701878 523.955399 
326.809859 222.284038 842.415493 163.392019 860.443662 479.485915 383.298122 534.772300 
322.002347 224.687793 845.780751 166.757277 865.972300 488.620188 379.452113 543.906573 
318.637089 229.495305 852.270892 166.036150 872.462441 493.668075 377.288732 549.915962 
314.069953 229.014554 857.799531 164.353521 879.914085 497.514085 376.086854 556.886854 
308.300939 227.572300 865.972300 160.026761 889.288732 502.321596 372.961972 563.617371 
304.454930 229.254930 873.183568 159.065258 897.701878 508.571362 372.481221 572.030516 
300.849296 235.504695 877.510329 162.190141 902.749765 519.869014 368.875587 585.491549 
290.753521 243.917840 880.635211 166.516901 905.153521 528.282160 360.943192 597.029577 
281.859624 250.167606 879.433333 172.526291 902.509390 535.974178 355.414554 604.240845 
277.292488 259.061502 872.222066 181.660563 894.336620 544.146948 350.607042 611.211737 
275.609859 270.118779 860.203286 195.842723 884.000469 550.396714 349.405164 614.817371 
278.253991 285.262441 843.617371 215.313146 867.654930 558.329108 345.799531 619.624883 
275.369484 299.925352 826.550704 238.629577 846.021127 570.828638 344.116901 624.432394 
282.340376 318.193897 800.590141 263.628638 817.176056 575.636150 342.434272 622.509390 
296.762911 328.049296 781.119718 284.781690 797.946009 572.030516 349.645540 612.894366 
308.781690 335.260563 761.889671 296.800469 775.110329 569.626761 352.049296 603.279343 
319.598592 332.856808 746.265258 305.213615 759.485915 561.213615 358.058685 584.049296 
334.021127 330.453052 736.650235 310.021127 743.861502 551.598592 365.269953 568.424883 
354.453052 322.039906 727.035211 312.424883 731.842723 540.781690 377.288732 549.194836 
367.673709 312.424883 723.429577 311.223005 722.227700 526.359155 388.105634 526.359155 
385.701878 296.800469 721.025822 310.021127 716.218310 514.340376 396.518779 503.523474 
403.730047 284.781690 719.823944 304.011737 707.805164 498.715962 407.335681 481.889671 
416.950704 270.359155 717.420188 301.607981 699.392019 486.697183 412.143192 459.053991 
421.758216 261.946009 711.410798 300.406103 689.776995 479.485915 412.143192 441.025822 
427.767606 252.330986 704.199531 300.406103 678.960094 469.870892 410.941315 425.401408 
430.171362 247.523474 694.584507 301.607981 663.335681 465.063380 407.335681 410.978873 
433.776995 234.302817 684.969484 299.204225 650.115023 455.448357 402.528169 396.556338 
433.776995 223.485915 676.556338 294.396714 635.692488 445.833333 398.922535 379.730047 
433.776995 219.880282 670.546948 289.589202 628.481221 433.814554 398.922535 365.307512 
432.575117 218.678404 659.730047 288.387324 617.664319 431.410798 398.922535 365.307512 
433.776995 225.889671 658.528169 294.396714 614.058685 438.622066 398.922535 373.720657 
437.382629 242.715962 656.124413 306.415493 617.664319 445.833333 401.326291 385.739437 
438.584507 265.551643 654.922535 318.434272 628.481221 454.246479 412.143192 402.565728 
445.795775 282.377934 658.528169 324.443662 641.701878 461.457746 432.575117 421.795775 
456.612676 301.607981 664.537559 329.251174 656.124413 462.659624 448.199531 436.218310 
457.814554 317.232394 664.537559 330.453052 660.931925 461.457746 459.016432 447.035211 
453.007042 326.847418 657.326291 326.847418 662.133803 455.448357 466.227700 451.842723 
445.795775 330.453052 644.105634 319.636150 656.124413 447.035211 465.025822 453.044601 
425.363850 331.654930 623.673709 310.021127 647.711268 437.420188 454.208920 451.842723 
409.739437 335.260563 602.039906 300.406103 632.086854 424.199531 446.997653 448.237089 
392.913146 332.856808 575.598592 290.791080 616.462441 412.180751 431.373239 445.833333 
372.481221 330.453052 555.166667 282.377934 596.030516 396.556338 418.152582 439.823944 
358.058685 326.847418 533.532864 270.359155 580.406103 383.335681 409.739437 431.410798 
361.664319 314.828638 528.725352 255.936620 578.002347 368.913146 410.941315 422.997653 
365.269953 299.204225 534.734742 240.312207 580.406103 348.481221 414.546948 404.969484 
368.875587 275.166667 534.734742 224.687793 582.809859 335.260563 421.758216 382.133803 
373.683099 247.523474 545.551643 197.044601 586.415493 312.424883 414.546948 360.500000 
377.288732 215.072770 547.955399 177.814554 584.011737 298.002347 420.556338 332.856808 
377.288732 191.035211 547.955399 164.593897 581.607981 277.570423 415.748826 306.415493 
380.894366 175.410798 547.955399 150.171362 576.800469 263.147887 412.143192 287.185446 
388.105634 160.988263 552.762911 141.758216 574.396714 254.734742 414.546948 270.359155 
398.922535 148.969484 568.387324 134.546948 586.415493 242.715962 421.758216 255.936620 
420.556338 142.960094 584.011737 134.546948 594.828638 239.110329 437.382629 242.715962 
438.584507 130.941315 597.232394 127.335681 604.443662 231.899061 454.208920 234.302817 
453.007042 124.931925 608.049296 124.931925 614.058685 227.091549 461.420188 225.889671 
465.025822 122.528169 618.866197 127.335681 621.269953 229.495305 472.237089 222.284038 
477.044601 123.730047 629.683099 130.941315 629.683099 234.302817 481.852113 224.687793 
484.255869 127.335681 635.692488 135.748826 634.490610 241.514085 487.861502 227.091549 
485.457746 128.537559 638.096244 141.758216 634.490610 247.523474 486.659624 230.697183 
478.246479 118.922535 638.096244 138.152582 633.288732 246.321596 475.842723 227.091549 
471.035211 115.316901 636.894366 134.546948 632.086854 246.321596 472.237089 223.485915 
466.227700 108.105634 635.692488 129.739437 627.279343 243.917840 466.227700 218.678404 
460.218310 93.683099 630.884977 116.518779 622.471831 235.504695 459.016432 210.265258 
451.805164 64.838028 630.884977 87.673709 622.471831 218.678404 450.603286 191.035211 
445.795775 44.406103 633.288732 66.039906 624.875587 203.053991 445.795775 176.612676 
442.190141 23.974178 635.692488 44.406103 630.884977 188.631455 445.795775 165.795775 
442.190141 21.570423 640.500000 39.598592 635.692488 177.814554 444.593897 154.978873 
446.997653 20.368545 642.903756 34.791080 641.701878 174.208920 450.603286 157.382629 
446.997653 25.176056 647.711268 42.002347 648.913146 179.016432 454.208920 166.997653 
449.401408 50.415493 645.307512 51.617371 650.115023 194.640845 463.823944 188.631455 
446.997653 72.049296 641.701878 72.049296 647.711268 204.255869 461.420188 205.457746 
440.988263 94.884977 628.481221 96.086854 640.500000 222.284038 459.016432 222.284038 
430.171362 123.730047 618.866197 117.720657 630.884977 237.908451 454.208920 241.514085 
420.556338 144.161972 604.443662 132.143192 618.866197 257.138498 445.795775 261.946009 
413.345070 162.190141 591.223005 148.969484 609.251174 266.753521 438.584507 276.368545 
408.537559 181.420188 578.002347 166.997653 599.636150 281.176056 437.382629 291.992958 
402.528169 193.438967 565.983568 179.016432 588.819249 291.992958 430.171362 300.406103 
398.922535 204.255869 558.772300 192.237089 580.406103 300.406103 426.565728 310.021127 
394.115023 212.669014 551.561033 203.053991 573.194836 306.415493 422.960094 313.626761 
393.634272 219.159155 544.590141 208.342254 566.223944 311.463380 419.594836 317.472770 
395.316901 222.524413 539.301878 213.870892 560.935681 314.828638 420.315962 320.838028 
398.201408 225.408920 539.542254 218.918779 558.291549 317.953521 421.758216 319.636150 
401.566667 226.130047 540.503756 221.322535 558.291549 318.434272 423.200469 319.155399 
406.133803 223.726291 540.023005 220.601408 555.407042 315.309390 425.844601 314.588263 
411.422066 218.438028 540.023005 216.755399 555.407042 311.703756 429.690610 310.742254 
414.787324 211.226761 541.705634 210.746009 554.685915 303.530986 430.892488 301.127230 
419.354460 199.448357 539.542254 201.852113 552.762911 295.598592 433.776995 289.589202 
421.758216 186.227700 543.147887 189.833333 552.762911 283.579812 436.180751 278.772300 
425.363850 176.612676 543.869014 179.737559 553.964789 271.320657 439.065258 266.272770 
428.969484 160.988263 545.070892 164.353521 554.926291 257.138498 440.267136 250.407981 
432.094366 146.565728 548.195775 151.373239 557.089671 240.792958 443.872770 234.302817 
437.382629 128.537559 551.561033 135.748826 559.974178 227.091549 450.603286 218.678404 
443.392019 117.720657 556.368545 122.528169 563.579812 212.669014 455.410798 203.053991 
450.603286 106.903756 563.579812 111.711268 569.589202 200.650235 461.420188 193.438967 
456.612676 99.692488 569.589202 103.298122 576.800469 192.237089 463.823944 186.227700 
462.622066 92.481221 578.002347 96.086854 584.011737 186.227700 471.035211 177.814554 
472.237089 89.115962 584.492488 93.202347 592.184507 183.343192 483.775117 174.689671 
478.486854 86.952582 592.184507 91.760094 600.357277 182.141315 490.024883 173.487793 
486.659624 88.875587 603.241784 92.481221 611.654930 186.227700 496.274648 179.016432 
489.063380 88.875587 608.049296 92.481221 616.462441 186.227700 501.082160 176.612676 
492.669014 92.240845 611.654930 95.125352 621.510329 189.833333 505.889671 182.622066 
497.957277 97.048357 617.904695 99.692488 629.202347 196.804225 511.418310 189.112207 
499.399531 99.692488 622.231455 102.336620 633.529108 200.650235 514.062441 193.198592 
499.399531 103.057746 624.875587 104.500000 637.855869 206.419249 515.023944 198.967606 
498.438028 106.423005 627.760094 107.865258 640.740376 210.505634 514.543192 203.294366 
493.630516 107.624883 629.442723 109.067136 643.865258 213.870892 512.860563 207.861502 
491.226761 108.826761 631.606103 109.788263 646.028638 218.438028 509.976056 211.467136 
488.823005 111.951643 633.529108 112.432394 648.192019 224.928169 507.572300 219.159155 
484.976995 114.836150 635.692488 115.076526 651.797653 231.418310 506.130047 225.649296 
483.534742 120.124413 639.057746 118.922535 657.807042 238.629577 505.649296 232.139437 
481.130986 124.451174 644.346009 121.807042 663.816432 247.763850 505.168545 242.956338 
481.371362 128.056808 651.797653 123.249296 674.152582 254.253991 508.293427 251.129108 
482.092488 133.705634 663.455869 126.494366 686.171362 261.345070 514.182629 260.263380 
484.736620 139.955399 674.392958 128.056808 703.238028 269.758216 520.071831 272.642723 
490.986385 152.454930 688.575117 132.263380 723.189202 278.291549 531.369484 289.469014 
495.553521 165.555399 702.877465 134.546948 744.702817 284.901878 542.787324 304.011737 
502.284038 182.622066 721.025822 136.950704 769.100939 288.387324 556.368545 318.434272 
508.293427 199.448357 731.842723 142.960094 795.542254 295.598592 575.598592 342.471831 
516.706573 228.293427 734.246479 151.373239 811.166667 305.213615 597.232394 366.509390 
513.100939 257.138498 733.044601 165.795775 818.377934 312.424883 606.847418 391.748826 
503.485915 294.396714 721.025822 183.823944 818.377934 326.847418 604.443662 416.988263 
487.861502 326.847418 699.392019 205.457746 807.561033 338.866197 596.030516 445.833333 
465.025822 361.701878 666.941315 229.495305 788.330986 355.692488 586.415493 472.274648 
442.190141 397.758216 634.490610 258.340376 767.899061 376.124413 567.185446 502.321596 
420.556338 433.814554 603.241784 288.387324 741.457746 400.161972 556.368545 526.359155 
398.922535 465.063380 574.396714 314.828638 721.025822 418.190141 541.946009 547.992958 
380.894366 487.899061 547.955399 337.664319 705.401408 433.814554 527.523474 568.424883 
360.462441 508.330986 528.725352 352.086854 688.575117 445.833333 515.504695 581.645540 
343.636150 516.744131 508.293427 360.500000 678.960094 450.640845 503.485915 586.453052 
331.617371 511.936620 493.870892 355.692488 664.537559 447.035211 498.678404 584.049296 
322.002347 497.514085 481.852113 338.866197 658.528169 429.007042 490.265258 578.039906 
308.781690 483.091549 471.035211 319.636150 653.720657 410.978873 485.457746 557.607981 
296.762911 457.852113 461.420188 290.791080 652.518779 386.941315 475.842723 538.377934 
288.349765 436.218310 453.007042 263.147887 648.913146 362.903756 473.438967 511.936620 
278.734742 412.180751 446.997653 237.908451 647.711268 335.260563 466.227700 492.706573 

