1.0000 0.0000 -0.0000 -0.0000 1.0000 0.0000 -0.0000 0.0000 1.0000
0.9905 0.0148 1.6020 -0.0069 1.0141 -0.6287 -0.0000 0.0000 1.0000
0.9666 -0.0015 12.6717 -0.0152 0.9933 4.0125 -0.0000 0.0000 1.0000
0.9717 0.0138 5.8024 -0.0144 1.0014 2.1340 -0.0000 0.0000 1.0000
0.9702 0.0072 10.3865 -0.0176 0.9969 1.9022 -0.0000 0.0000 1.0000
0.9873 0.0176 1.1036 -0.0198 1.0011 4.4411 -0.0000 0.0000 1.0000
0.9672 0.0298 5.2823 -0.0230 0.9991 5.3425 -0.0000 0.0000 1.0000
0.9756 -0.0005 11.1930 -0.0294 0.9867 10.6811 -0.0000 -0.0000 1.0000
0.9812 0.0247 3.9106 -0.0362 1.0004 12.8784 -0.0000 0.0000 1.0000
1.0027 0.0234 -0.8781 -0.0326 1.0190 8.2935 -0.0000 -0.0000 1.0000
0.9759 0.0365 3.6381 -0.0442 1.0029 18.8931 -0.0000 0.0000 1.0000
0.9697 0.0591 -0.2423 -0.0546 1.0012 28.1063 -0.0000 0.0000 1.0000
0.9915 0.0488 -2.2021 -0.0523 1.0043 27.4249 -0.0000 0.0000 1.0000
0.9693 0.0551 0.6792 -0.0680 0.9905 40.5306 -0.0000 0.0000 1.0000
0.9489 0.0607 6.0562 -0.0798 0.9845 48.0437 -0.0001 0.0000 1.0000
0.9694 0.0696 -3.0041 -0.0804 0.9936 51.0354 -0.0000 -0.0000 1.0000
1.0116 0.0702 -13.1498 -0.0841 1.0148 55.2892 -0.0000 -0.0000 1.0000
0.9954 0.1025 -18.3307 -0.0986 1.0176 65.6014 -0.0000 0.0000 1.0000
0.9772 0.0847 -9.9789 -0.1121 0.9914 81.1185 -0.0000 -0.0000 1.0000
0.9735 0.1145 -19.0537 -0.1237 0.9948 91.9270 -0.0000 -0.0000 1.0000
0.9723 0.1177 -20.9171 -0.1330 0.9852 103.0434 -0.0000 -0.0000 1.0000
0.9688 0.1341 -26.4533 -0.1489 0.9937 116.8950 -0.0000 -0.0000 1.0000
0.9442 0.1215 -17.1124 -0.1618 0.9599 133.5122 -0.0000 -0.0000 1.0000
0.9798 0.1571 -38.7052 -0.1716 0.9979 138.9483 -0.0000 -0.0000 1.0000
0.9613 0.1855 -42.3560 -0.1884 0.9849 159.4820 -0.0000 0.0000 1.0000
0.9635 0.1884 -44.8203 -0.1943 0.9820 168.3151 -0.0000 -0.0000 1.0000
0.9285 0.1683 -35.2223 -0.2108 0.9432 191.0263 -0.0000 -0.0000 1.0000
0.9242 0.1806 -40.6621 -0.2191 0.9371 204.2690 -0.0000 -0.0000 1.0000
0.9417 0.1880 -51.7998 -0.2260 0.9566 211.1671 -0.0000 -0.0000 1.0000
0.9497 0.2229 -70.7092 -0.2337 0.9697 222.2821 -0.0000 -0.0000 1.0000
0.9207 0.2262 -69.1972 -0.2384 0.9485 234.7956 -0.0000 -0.0000 1.0000
0.9526 0.1857 -70.5063 -0.2308 0.9447 234.8703 0.0000 -0.0001 1.0000
0.9618 0.2314 -87.9096 -0.2393 0.9719 244.9967 0.0000 -0.0000 1.0000
0.9527 0.2368 -94.0578 -0.2431 0.9509 256.0287 -0.0000 -0.0000 1.0000
0.9773 0.2329 -99.2615 -0.2380 0.9728 252.6399 0.0000 -0.0000 1.0000
0.9618 0.2538 -106.1470 -0.2421 0.9605 263.6387 0.0000 -0.0000 1.0000
0.9471 0.2367 -104.1306 -0.2426 0.9422 265.5148 0.0000 -0.0000 1.0000
0.9759 0.2530 -116.7914 -0.2396 0.9600 266.9082 0.0000 -0.0000 1.0000
0.9880 0.2422 -121.3318 -0.2319 0.9653 261.4481 0.0000 -0.0000 1.0000
1.0193 0.2295 -128.8433 -0.2238 0.9630 257.2013 0.0001 -0.0001 1.0000
1.0070 0.2543 -134.1937 -0.2333 0.9686 258.4230 0.0000 -0.0000 1.0000
1.0404 0.2232 -130.8156 -0.2174 0.9667 249.3740 0.0001 -0.0001 1.0000
1.0354 0.2286 -133.5883 -0.2237 0.9507 251.8343 0.0001 -0.0000 1.0000
1.0263 0.1964 -121.3730 -0.2104 0.9393 238.4227 0.0001 -0.0001 1.0000
1.0732 0.2220 -141.0743 -0.2099 0.9820 230.4201 0.0001 -0.0000 1.0000
1.0571 0.2254 -139.1356 -0.2066 0.9619 228.5320 0.0001 -0.0000 1.0000
1.0696 0.2046 -136.1903 -0.1958 0.9584 215.5451 0.0001 -0.0001 1.0000
1.1048 0.2391 -155.0497 -0.2024 0.9858 213.0346 0.0001 -0.0000 1.0000
1.1320 0.2420 -167.5766 -0.1958 1.0074 198.5539 0.0001 -0.0000 1.0000
1.1250 0.2560 -171.2622 -0.1928 0.9944 195.3811 0.0001 0.0000 1.0000
1.1339 0.2409 -170.5431 -0.1955 1.0064 184.3281 0.0002 0.0000 1.0000
1.1538 0.2506 -184.8425 -0.1928 1.0032 179.2204 0.0002 0.0000 1.0000
1.1216 0.2546 -179.4066 -0.2002 0.9818 178.0729 0.0001 0.0000 1.0000
1.1675 0.2472 -191.4148 -0.1908 1.0184 157.4905 0.0002 0.0000 1.0000
1.1774 0.2406 -198.7070 -0.1959 1.0143 152.6693 0.0002 0.0000 1.0000
1.1635 0.2585 -201.9948 -0.2019 1.0172 147.9194 0.0002 0.0000 1.0000
1.1476 0.2334 -193.9091 -0.2008 1.0031 139.5256 0.0002 0.0000 1.0000
1.2307 0.2541 -225.1851 -0.1937 1.0574 123.5995 0.0002 0.0000 1.0000
1.2178 0.2767 -229.6932 -0.2024 1.0499 126.7275 0.0002 0.0001 1.0000
1.1702 0.2620 -213.1664 -0.2048 1.0132 127.6152 0.0002 0.0000 1.0000
1.1600 0.2887 -219.8258 -0.2090 1.0227 121.6103 0.0002 0.0001 1.0000
1.1911 0.2854 -227.3590 -0.2057 1.0293 118.4556 0.0002 0.0001 1.0000
1.1618 0.2882 -217.9747 -0.2081 1.0241 112.2701 0.0002 0.0001 1.0000
1.1694 0.2856 -220.7078 -0.2115 1.0203 111.4246 0.0002 0.0001 1.0000
1.1888 0.2799 -219.9884 -0.2099 1.0261 105.6760 0.0002 0.0000 1.0000
1.2197 0.3040 -230.2654 -0.2063 1.0511 97.9125 0.0003 0.0001 1.0000
1.1905 0.3223 -221.6454 -0.2148 1.0409 101.1865 0.0002 0.0001 1.0000
1.2132 0.3205 -222.3215 -0.2122 1.0438 98.3247 0.0003 0.0001 1.0000
1.1342 0.2861 -184.9841 -0.2174 0.9845 103.0569 0.0002 0.0001 1.0000
1.1409 0.3207 -191.8948 -0.2217 0.9990 101.1242 0.0002 0.0001 1.0000
1.2005 0.3426 -211.9272 -0.2245 1.0323 92.7884 0.0003 0.0001 1.0000
1.1558 0.3244 -183.7150 -0.2292 0.9955 96.4776 0.0003 0.0001 1.0000
1.1441 0.3313 -175.1562 -0.2355 0.9920 92.9833 0.0002 0.0001 1.0000
1.1810 0.3620 -185.0367 -0.2444 1.0107 88.4561 0.0003 0.0001 1.0000
1.1608 0.3415 -163.0429 -0.2503 0.9955 85.5722 0.0003 0.0001 1.0000
1.1787 0.3465 -163.1837 -0.2531 0.9846 82.3585 0.0003 0.0001 1.0000
1.1564 0.3397 -142.3890 -0.2583 0.9694 83.4073 0.0003 0.0001 1.0000
1.1700 0.3366 -135.6212 -0.2721 0.9864 77.1394 0.0003 0.0001 1.0000
1.1555 0.3512 -129.0366 -0.2724 0.9651 77.9185 0.0003 0.0001 1.0000
1.1755 0.3887 -133.2765 -0.2857 0.9841 78.9508 0.0003 0.0001 1.0000
1.1543 0.3688 -117.7210 -0.2955 0.9736 78.9418 0.0002 0.0001 1.0000
1.1142 0.3683 -104.9675 -0.2947 0.9386 79.2746 0.0002 0.0001 1.0000
1.1810 0.3828 -120.6595 -0.2982 0.9807 67.4297 0.0002 0.0001 1.0000
1.1929 0.4153 -127.7381 -0.3063 0.9804 72.2826 0.0003 0.0001 1.0000
1.1340 0.3889 -100.1753 -0.3080 0.9589 75.1740 0.0002 0.0001 1.0000
1.1730 0.4220 -117.3503 -0.3085 0.9620 78.6599 0.0002 0.0001 1.0000
1.1305 0.3799 -97.5835 -0.3091 0.9414 84.0832 0.0002 0.0001 1.0000
1.1746 0.3861 -108.9923 -0.3038 0.9542 88.1219 0.0002 0.0001 1.0000
1.1671 0.3675 -107.1852 -0.2973 0.9471 92.8544 0.0002 0.0001 1.0000
1.1996 0.3761 -116.8353 -0.2898 0.9648 97.0029 0.0003 0.0001 1.0000
1.2136 0.3921 -129.4265 -0.2830 0.9506 113.6430 0.0003 0.0001 1.0000
1.2450 0.3837 -138.9021 -0.2665 0.9647 117.4647 0.0003 0.0001 1.0000
1.2482 0.3701 -138.0442 -0.2589 0.9565 130.1642 0.0003 0.0001 1.0000
1.2704 0.3481 -144.3510 -0.2414 0.9605 137.9415 0.0003 0.0001 1.0000
1.2909 0.3656 -155.7964 -0.2254 0.9807 144.2157 0.0003 0.0001 1.0000
1.3365 0.3799 -171.2891 -0.2115 0.9987 154.4359 0.0004 0.0001 1.0000
1.2820 0.3417 -148.8252 -0.2011 0.9519 173.8333 0.0003 0.0001 1.0000
1.3613 0.3255 -165.9874 -0.1762 0.9709 176.3645 0.0004 0.0000 1.0000
1.3473 0.3386 -166.3475 -0.1653 0.9861 180.0389 0.0004 0.0001 1.0000
1.3773 0.3048 -161.2345 -0.1445 0.9842 183.4527 0.0004 0.0000 1.0000
1.3950 0.3335 -172.4353 -0.1354 1.0131 188.1529 0.0004 0.0001 1.0000
1.2575 0.2718 -117.8686 -0.1398 0.9277 204.7855 0.0003 0.0000 1.0000
1.3424 0.2954 -143.3225 -0.1142 0.9861 196.4883 0.0003 0.0000 1.0000
1.2635 0.2322 -103.8495 -0.1072 0.9144 207.1846 0.0003 -0.0000 1.0000
1.2763 0.2472 -107.9911 -0.0952 0.9238 206.8053 0.0003 -0.0000 1.0000
1.3537 0.2451 -125.1721 -0.0815 0.9518 207.1134 0.0004 0.0000 1.0000
1.3228 0.2461 -111.5039 -0.0833 0.9506 210.1094 0.0003 0.0000 1.0000
1.2986 0.2078 -96.2430 -0.0712 0.9242 206.7156 0.0003 -0.0000 1.0000
1.3109 0.2165 -97.6581 -0.0638 0.9268 208.3377 0.0003 -0.0000 1.0000
1.3250 0.2201 -99.5985 -0.0538 0.9505 200.9651 0.0003 0.0000 1.0000
1.3499 0.2211 -99.3697 -0.0469 0.9594 203.2430 0.0003 0.0000 1.0000
1.3454 0.2610 -95.9819 -0.0371 0.9839 195.4683 0.0003 0.0001 1.0000
1.2758 0.0517 -37.8047 -0.0379 0.8547 206.0181 0.0003 -0.0001 1.0000
1.3077 0.1286 -55.7305 -0.0270 0.8933 198.5155 0.0003 -0.0001 1.0000
1.3369 0.1633 -59.5322 -0.0208 0.9261 196.0968 0.0003 -0.0000 1.0000
1.2867 0.0523 -22.4429 -0.0215 0.8421 202.1327 0.0003 -0.0001 1.0000
1.3256 0.1594 -41.0228 -0.0146 0.9182 188.7627 0.0003 -0.0000 1.0000
1.3297 0.0476 -14.3117 -0.0125 0.8528 197.8264 0.0003 -0.0001 1.0000
1.4068 0.1247 -39.7917 0.0065 0.9147 182.1704 0.0003 -0.0001 1.0000
1.2689 -0.0313 32.0305 -0.0173 0.7913 197.3852 0.0003 -0.0002 1.0000
1.4038 0.2373 -37.0418 -0.0038 0.9700 177.2493 0.0003 0.0000 1.0000
1.4019 0.1783 -13.0912 0.0029 0.9479 172.0428 0.0003 0.0000 1.0000
1.3368 -0.0243 46.2401 -0.0056 0.8203 185.7191 0.0003 -0.0002 1.0000
1.3530 0.0709 34.0929 -0.0099 0.8670 182.2123 0.0003 -0.0001 1.0000
1.3257 -0.0271 67.5544 -0.0095 0.7964 187.5879 0.0003 -0.0002 1.0000
1.3207 -0.0256 76.4075 -0.0112 0.7952 185.8071 0.0003 -0.0002 1.0000
1.4423 0.1563 21.1106 0.0032 0.9211 170.8407 0.0003 -0.0000 1.0000
1.4445 0.1562 28.3728 0.0032 0.9211 170.8406 0.0003 -0.0000 1.0000
1.4641 0.1886 25.1941 0.0096 0.9302 169.7872 0.0003 0.0000 1.0000
1.3765 0.0838 68.4506 -0.0040 0.8661 178.1066 0.0003 -0.0001 1.0000
1.4276 0.1582 46.0350 0.0039 0.9128 173.7774 0.0003 -0.0000 1.0000
1.5025 0.1938 21.7482 0.0125 0.9635 165.0681 0.0003 0.0000 1.0000
1.4721 0.0809 53.1518 0.0086 0.8992 172.1360 0.0003 -0.0001 1.0000
1.5061 0.1575 32.1324 0.0119 0.9391 169.4290 0.0003 -0.0000 1.0000
1.4564 0.0786 61.5999 0.0052 0.8774 181.2571 0.0003 -0.0001 1.0000
1.4731 0.2282 36.3498 -0.0011 0.9512 177.8679 0.0003 0.0000 1.0000
1.4808 0.1191 55.1260 0.0037 0.9059 181.4313 0.0003 -0.0001 1.0000
1.5012 0.1386 49.1339 0.0019 0.9230 183.2471 0.0003 -0.0000 1.0000
1.4348 0.0667 79.2347 -0.0052 0.8671 191.8803 0.0003 -0.0001 1.0000
1.4972 0.0853 63.5878 0.0018 0.8847 193.0923 0.0003 -0.0001 1.0000
1.4807 0.0684 71.7672 -0.0044 0.8676 197.9201 0.0003 -0.0001 1.0000
1.5486 0.0976 49.7916 0.0070 0.9018 190.6638 0.0003 -0.0001 1.0000
1.5353 0.1447 51.5295 -0.0046 0.9182 197.2547 0.0003 -0.0000 1.0000
1.5637 0.0912 55.2699 -0.0001 0.9057 195.6995 0.0003 -0.0001 1.0000
1.5128 0.1228 61.5010 -0.0127 0.8694 207.5020 0.0003 -0.0001 1.0000
1.4975 -0.0516 96.7017 -0.0116 0.8067 210.7790 0.0003 -0.0002 1.0000
1.4794 0.0962 81.3347 -0.0243 0.8780 207.4130 0.0003 -0.0001 1.0000
1.5414 0.0859 66.5044 -0.0124 0.8717 206.5626 0.0003 -0.0001 1.0000
1.6030 0.2278 27.5155 -0.0092 0.9511 199.4519 0.0003 0.0000 1.0000
1.4505 -0.0595 107.0793 -0.0287 0.7636 224.1281 0.0003 -0.0002 1.0000
1.6744 0.2644 3.8670 0.0022 0.9840 195.2823 0.0004 0.0000 1.0000
1.5921 0.1817 34.7588 -0.0130 0.9168 208.2598 0.0004 -0.0000 1.0000
1.5177 0.0933 66.9373 -0.0214 0.8544 218.7317 0.0003 -0.0001 1.0000
1.5613 0.0430 62.3291 -0.0026 0.8509 212.8105 0.0004 -0.0001 1.0000
1.6134 0.1390 34.2588 0.0037 0.9064 209.4309 0.0004 -0.0001 1.0000
1.6268 0.2404 8.0095 0.0070 0.9524 203.6790 0.0004 0.0000 1.0000
1.5680 -0.0571 65.7135 0.0169 0.7927 216.0929 0.0004 -0.0002 1.0000
1.4793 -0.2130 106.5396 0.0089 0.6893 229.9544 0.0004 -0.0003 1.0000
1.6768 0.2127 -15.2098 0.0339 0.9480 203.5580 0.0005 0.0000 1.0000
1.5274 -0.0217 53.4640 0.0180 0.8013 220.1045 0.0004 -0.0002 1.0000
1.5452 -0.0325 45.9437 0.0316 0.7965 216.6625 0.0004 -0.0002 1.0000
1.7212 0.1243 -27.8580 0.0691 0.9302 195.5086 0.0005 -0.0001 1.0000
1.6542 0.1170 -16.9203 0.0590 0.9042 202.5180 0.0005 -0.0000 1.0000
1.5647 -0.0286 23.7381 0.0540 0.7968 214.1915 0.0005 -0.0002 1.0000
1.6285 0.0663 -13.0899 0.0722 0.8584 205.4288 0.0005 -0.0001 1.0000
1.5546 -0.0221 12.8246 0.0622 0.7953 211.8664 0.0005 -0.0002 1.0000
1.7748 0.2227 -86.6351 0.1082 0.9844 184.6794 0.0006 0.0000 1.0000
1.7995 0.2008 -89.9770 0.1228 0.9888 179.6451 0.0006 0.0000 1.0000
1.7217 0.0990 -59.9011 0.1124 0.9214 188.5629 0.0006 -0.0001 1.0000
1.8049 0.2838 -112.7880 0.1324 1.0367 173.4123 0.0006 0.0001 1.0000
1.6384 0.1046 -46.5048 0.1019 0.8826 198.9848 0.0005 -0.0001 1.0000
1.7755 0.1821 -98.7256 0.1451 0.9661 179.0448 0.0006 0.0000 1.0000
1.6653 -0.0058 -42.0960 0.1264 0.8447 194.2244 0.0006 -0.0002 1.0000
1.7024 0.2102 -90.3442 0.1247 0.9680 185.3000 0.0006 0.0001 1.0000
1.6881 0.0056 -55.4117 0.1362 0.8610 189.0098 0.0006 -0.0001 1.0000
1.7027 0.0115 -61.4498 0.1366 0.8645 190.0002 0.0006 -0.0001 1.0000
1.7246 -0.0029 -66.7791 0.1501 0.8601 184.1614 0.0006 -0.0002 1.0000
1.7481 0.1038 -93.9044 0.1446 0.9271 179.2779 0.0006 -0.0001 1.0000
1.6941 0.0094 -61.8144 0.1365 0.8730 180.7340 0.0006 -0.0001 1.0000
1.7935 0.1163 -105.4339 0.1555 0.9481 170.1777 0.0007 -0.0000 1.0000
1.7102 0.0075 -68.3914 0.1334 0.8808 176.8513 0.0006 -0.0001 1.0000
1.6708 0.0009 -57.1611 0.1197 0.8482 184.2447 0.0006 -0.0001 1.0000
1.7366 0.1518 -101.7143 0.1208 0.9418 177.7350 0.0006 -0.0000 1.0000
1.7493 0.0892 -91.5722 0.1211 0.9216 177.4874 0.0006 -0.0001 1.0000
1.6831 -0.0084 -61.1635 0.1074 0.8371 189.9906 0.0006 -0.0002 1.0000
1.6986 -0.0072 -66.5998 0.1051 0.8616 183.4415 0.0006 -0.0002 1.0000
1.7097 -0.0083 -70.6563 0.0949 0.8511 191.6065 0.0006 -0.0002 1.0000
1.6940 0.1194 -93.8455 0.0754 0.9081 190.5661 0.0006 -0.0001 1.0000
1.7592 0.1639 -114.8942 0.0812 0.9546 187.6423 0.0006 -0.0000 1.0000
1.7041 0.0891 -93.7473 0.0599 0.8952 201.4461 0.0006 -0.0001 1.0000
1.7091 0.1959 -117.0160 0.0411 0.9418 207.6812 0.0006 -0.0000 1.0000
1.7384 0.1970 -130.3557 0.0314 0.9580 209.4198 0.0006 -0.0000 1.0000
1.7537 0.2908 -154.9788 0.0145 1.0038 216.6124 0.0006 0.0001 1.0000
1.8738 0.3307 -193.1875 0.0300 1.0450 217.5596 0.0007 0.0001 1.0000
1.6703 0.2341 -129.3612 -0.0223 0.9391 242.8310 0.0006 -0.0000 1.0000
1.7453 0.2855 -160.3676 -0.0235 0.9806 246.4338 0.0006 0.0000 1.0000
1.5361 0.0295 -69.8870 -0.0690 0.7906 280.4100 0.0005 -0.0002 1.0000
1.4420 0.0168 -41.9544 -0.0947 0.7526 295.9581 0.0004 -0.0002 1.0000
1.5944 0.1678 -108.1486 -0.0878 0.8631 296.1815 0.0005 -0.0001 1.0000
1.5611 0.2334 -118.4560 -0.1138 0.8610 316.1436 0.0005 -0.0001 1.0000
1.6111 0.3598 -159.6049 -0.1266 0.9475 319.9846 0.0005 0.0000 1.0000
1.5809 0.3936 -162.6524 -0.1508 0.9423 340.6939 0.0005 0.0000 1.0000
1.4290 0.0873 -74.8840 -0.1632 0.7459 359.7425 0.0005 -0.0002 1.0000
1.3690 0.0706 -62.3076 -0.1883 0.7164 376.5444 0.0005 -0.0003 1.0000
1.5297 0.2678 -148.8319 -0.1839 0.8587 378.4921 0.0006 -0.0001 1.0000
1.4426 0.3317 -145.7652 -0.2241 0.8477 406.0480 0.0005 -0.0001 1.0000
1.4073 0.2853 -136.4777 -0.2328 0.8161 414.0738 0.0005 -0.0001 1.0000
1.3330 0.2552 -115.5849 -0.2537 0.7671 433.1198 0.0004 -0.0002 1.0000
1.3933 0.4372 -169.3301 -0.2635 0.8734 438.6315 0.0005 -0.0000 1.0000
1.3789 0.3049 -147.6155 -0.2655 0.8162 444.4920 0.0005 -0.0002 1.0000
1.3688 0.3852 -169.9374 -0.2868 0.8310 461.6540 0.0005 -0.0001 1.0000
1.2278 0.2374 -111.7896 -0.3060 0.7187 471.3677 0.0004 -0.0002 1.0000
1.3129 0.4868 -182.8878 -0.3191 0.8448 482.8896 0.0005 -0.0000 1.0000
1.2295 0.3797 -144.3223 -0.3346 0.7771 487.9155 0.0004 -0.0001 1.0000
1.1786 0.2759 -115.6553 -0.3373 0.7113 487.0923 0.0004 -0.0002 1.0000
1.2419 0.5362 -183.6674 -0.3671 0.8465 496.0844 0.0004 0.0000 1.0000
1.2196 0.5488 -184.4295 -0.3787 0.8376 496.0011 0.0004 0.0000 1.0000
1.2697 0.5485 -197.2565 -0.3830 0.8272 502.4433 0.0005 0.0000 1.0000
1.2598 0.5749 -205.9419 -0.3994 0.8590 489.8538 0.0005 0.0000 1.0000
1.1760 0.5833 -187.3094 -0.4302 0.8363 493.9484 0.0004 0.0001 1.0000
1.1748 0.5719 -187.5850 -0.4238 0.8187 482.3475 0.0004 0.0000 1.0000
1.1722 0.5827 -195.9820 -0.4415 0.8342 476.5620 0.0004 0.0000 1.0000
1.1228 0.5943 -183.0938 -0.4587 0.8210 483.0132 0.0004 0.0000 1.0000
1.0650 0.5619 -163.8819 -0.4566 0.7833 474.4997 0.0004 0.0000 1.0000
1.0522 0.6238 -175.9136 -0.4823 0.8083 484.4819 0.0003 0.0001 1.0000
1.0508 0.6232 -176.0893 -0.4826 0.7975 486.4375 0.0003 0.0001 1.0000
1.0953 0.6433 -195.1336 -0.4827 0.8241 486.1176 0.0004 0.0001 1.0000
1.0317 0.6329 -178.7526 -0.4915 0.7961 493.8000 0.0003 0.0001 1.0000
1.0057 0.6369 -176.5084 -0.4930 0.7846 496.6115 0.0003 0.0001 1.0000
1.0201 0.6239 -179.1600 -0.4930 0.7913 498.3722 0.0003 0.0000 1.0000
1.0506 0.6910 -208.2508 -0.5097 0.8447 507.0672 0.0003 0.0001 1.0000
1.0313 0.6663 -200.0766 -0.5018 0.8193 508.6854 0.0003 0.0001 1.0000
1.0342 0.6518 -202.9827 -0.5043 0.8226 515.0167 0.0003 0.0000 1.0000
0.9679 0.6379 -185.1974 -0.5088 0.7881 521.8077 0.0003 0.0000 1.0000
0.9642 0.6198 -184.7324 -0.5026 0.7872 520.6434 0.0003 0.0000 1.0000
0.9665 0.6561 -199.4457 -0.5061 0.8052 526.7583 0.0003 0.0001 1.0000
0.9675 0.6380 -200.3556 -0.5022 0.8081 522.4221 0.0003 0.0000 1.0000
0.9540 0.6333 -201.9448 -0.5081 0.8109 528.5554 0.0002 0.0000 1.0000
0.9592 0.6476 -212.1675 -0.5055 0.8275 527.1256 0.0002 0.0001 1.0000
0.9436 0.6078 -201.6913 -0.4935 0.8138 520.4119 0.0002 0.0000 1.0000
0.9527 0.6110 -208.5328 -0.4888 0.8237 519.6944 0.0002 0.0000 1.0000
0.9701 0.6273 -221.7637 -0.4815 0.8592 508.9595 0.0002 0.0000 1.0000
0.9958 0.6191 -229.6994 -0.4665 0.8688 502.2596 0.0003 0.0000 1.0000
0.9550 0.5826 -213.7572 -0.4694 0.8468 501.7023 0.0002 0.0000 1.0000
0.9695 0.5990 -226.1746 -0.4583 0.8635 493.4697 0.0002 0.0000 1.0000
0.9312 0.5616 -207.8680 -0.4528 0.8522 484.4875 0.0002 0.0000 1.0000
0.9156 0.5456 -204.3445 -0.4454 0.8422 476.1530 0.0002 0.0000 1.0000
0.9488 0.5311 -210.1264 -0.4281 0.8756 456.8305 0.0002 -0.0000 1.0000
0.9329 0.5258 -204.8446 -0.4184 0.8815 443.5898 0.0002 0.0000 1.0000
0.9639 0.5195 -211.6255 -0.4056 0.9085 428.4605 0.0002 0.0000 1.0000
0.9233 0.4901 -188.6448 -0.3972 0.8957 417.5970 0.0001 0.0000 1.0000
0.8958 0.4620 -169.8860 -0.3828 0.8792 405.9785 0.0001 0.0000 1.0000
0.9299 0.4693 -175.1011 -0.3678 0.9194 390.5844 0.0001 0.0000 1.0000
0.8922 0.4240 -149.1860 -0.3535 0.9004 377.5148 0.0001 0.0000 1.0000
0.8789 0.3851 -129.6115 -0.3365 0.8876 362.9811 0.0001 -0.0000 1.0000
0.8315 0.3449 -97.5935 -0.3246 0.8590 353.2649 0.0001 -0.0001 1.0000
0.8374 0.3383 -90.0211 -0.3080 0.8697 342.2274 0.0001 -0.0000 1.0000
0.8751 0.3733 -101.7251 -0.2923 0.9389 319.3339 0.0001 0.0000 1.0000
0.8196 0.3299 -69.2890 -0.2794 0.8949 313.0512 0.0000 -0.0000 1.0000
0.8196 0.3299 -69.2890 -0.2794 0.8949 313.0512 0.0000 -0.0000 1.0000
0.7420 0.2709 -14.9443 -0.2629 0.8586 297.0092 -0.0000 -0.0000 1.0000
0.7613 0.2595 -6.2315 -0.2502 0.8828 283.2012 0.0000 -0.0000 1.0000
0.7314 0.2210 16.0983 -0.2333 0.8612 270.2301 -0.0000 -0.0001 1.0000
0.7094 0.2076 37.0796 -0.2341 0.8701 265.3595 -0.0000 -0.0001 1.0000
0.6629 0.2175 53.7740 -0.2261 0.8514 262.1760 -0.0001 -0.0000 1.0000
0.6497 0.1981 71.4478 -0.2184 0.8619 251.6367 -0.0001 -0.0000 1.0000
0.6676 0.2014 72.9940 -0.2076 0.8920 244.8285 -0.0000 -0.0000 1.0000
0.6020 0.1955 94.5992 -0.2131 0.8457 250.1820 -0.0001 -0.0000 1.0000
0.5834 0.1994 108.0261 -0.2109 0.8586 244.3312 -0.0001 0.0000 1.0000
0.5928 0.1815 117.5691 -0.1967 0.8718 233.2088 -0.0001 -0.0000 1.0000
0.5556 0.1495 141.7977 -0.1952 0.8402 232.9941 -0.0001 -0.0000 1.0000
0.5519 0.1446 149.4502 -0.1949 0.8487 229.2750 -0.0001 -0.0000 1.0000
0.5644 0.1567 152.6619 -0.1861 0.8816 220.8241 -0.0001 -0.0000 1.0000
0.5006 0.1274 177.9436 -0.1959 0.8287 225.5346 -0.0001 -0.0000 1.0000
0.5105 0.1659 172.6158 -0.1925 0.8699 218.3847 -0.0001 0.0000 1.0000
0.5069 0.1301 186.6442 -0.1836 0.8629 211.0057 -0.0001 -0.0000 1.0000
0.4957 0.1277 192.8258 -0.1888 0.8538 213.7841 -0.0001 -0.0000 1.0000
0.4760 0.1240 202.0267 -0.1912 0.8430 213.0119 -0.0001 -0.0000 1.0000
0.4713 0.1415 202.7712 -0.1944 0.8624 206.9106 -0.0001 -0.0000 1.0000
0.4576 0.1445 207.9442 -0.2023 0.8593 208.8547 -0.0002 -0.0000 1.0000
0.4424 0.1186 223.6064 -0.2020 0.8553 203.1704 -0.0002 -0.0000 1.0000
0.4270 0.0994 235.8030 -0.2032 0.8407 202.3179 -0.0002 -0.0001 1.0000
0.4210 0.1304 231.7440 -0.2146 0.8601 204.4864 -0.0002 -0.0000 1.0000
0.4236 0.0976 242.8762 -0.2049 0.8492 197.1999 -0.0002 -0.0001 1.0000
0.3914 0.0908 253.2901 -0.2124 0.8329 200.4427 -0.0002 -0.0001 1.0000
0.3980 0.1269 249.5767 -0.2169 0.8724 196.0703 -0.0002 -0.0000 1.0000
0.3851 0.1061 258.8835 -0.2177 0.8633 193.7339 -0.0002 -0.0000 1.0000
0.3765 0.1026 264.5033 -0.2254 0.8559 198.5239 -0.0002 -0.0000 1.0000
0.3664 0.1003 273.1414 -0.2249 0.8570 195.4989 -0.0002 -0.0000 1.0000
0.3717 0.0879 275.8359 -0.2202 0.8566 191.2949 -0.0002 -0.0001 1.0000
0.3719 0.1021 280.9068 -0.2216 0.8799 185.9136 -0.0002 -0.0000 1.0000
0.3367 0.1125 289.5705 -0.2351 0.8694 192.9283 -0.0003 -0.0000 1.0000
0.3384 0.1140 294.0313 -0.2402 0.8844 191.8395 -0.0003 -0.0000 1.0000
0.3394 0.1076 300.2757 -0.2379 0.8886 187.0081 -0.0003 -0.0000 1.0000
0.3442 0.1267 300.6973 -0.2385 0.9213 177.9032 -0.0003 -0.0000 1.0000
0.2972 0.1401 313.0994 -0.2532 0.8874 189.7000 -0.0003 0.0000 1.0000
0.2826 0.1052 330.2103 -0.2556 0.8683 189.3612 -0.0003 -0.0000 1.0000
0.2721 0.1137 338.5992 -0.2553 0.8742 185.3255 -0.0003 -0.0000 1.0000
0.2607 0.1205 346.2592 -0.2594 0.8810 185.0453 -0.0003 -0.0000 1.0000
0.2617 0.1127 352.8275 -0.2558 0.8860 180.2645 -0.0003 -0.0000 1.0000
0.2159 0.0755 378.3903 -0.2636 0.8372 192.7838 -0.0003 -0.0001 1.0000
0.2332 0.1332 370.8455 -0.2611 0.8933 184.6394 -0.0003 -0.0000 1.0000
0.1999 0.1229 384.7077 -0.2650 0.8653 191.3244 -0.0003 -0.0000 1.0000
0.1873 0.1029 399.1050 -0.2615 0.8666 186.9129 -0.0003 -0.0000 1.0000
0.1721 0.1178 403.1316 -0.2655 0.8667 189.3634 -0.0004 -0.0000 1.0000
0.1489 0.1005 419.1705 -0.2669 0.8460 194.4222 -0.0004 -0.0000 1.0000
0.1656 0.1329 416.4686 -0.2602 0.9006 181.5801 -0.0003 -0.0000 1.0000
0.1367 0.1398 426.3461 -0.2635 0.8933 184.0069 -0.0004 0.0000 1.0000
0.1280 0.0881 440.4021 -0.2573 0.8594 184.6846 -0.0003 -0.0001 1.0000
0.1197 0.1391 438.7341 -0.2611 0.9024 182.4865 -0.0003 0.0000 1.0000
0.0982 0.1611 441.8870 -0.2637 0.9043 183.7416 -0.0004 0.0000 1.0000
0.0733 0.1638 450.8596 -0.2668 0.8892 188.9959 -0.0004 0.0000 1.0000
0.0685 0.1505 454.7021 -0.2635 0.8828 189.1830 -0.0004 0.0000 1.0000
0.0636 0.0928 470.6381 -0.2604 0.8602 187.1939 -0.0004 -0.0000 1.0000
0.0485 0.1651 466.9366 -0.2640 0.9050 184.3579 -0.0004 0.0000 1.0000
0.0373 0.1786 468.9354 -0.2653 0.9148 183.6330 -0.0004 0.0000 1.0000
0.0253 0.1840 475.8055 -0.2629 0.9201 177.1971 -0.0004 0.0001 1.0000
0.0035 0.1503 483.0278 -0.2707 0.8670 191.9276 -0.0004 0.0000 1.0000
0.0194 0.1778 480.7145 -0.2668 0.9057 183.8171 -0.0004 0.0000 1.0000
0.0088 0.1341 494.0425 -0.2640 0.8731 184.3487 -0.0004 -0.0000 1.0000
0.0290 0.2675 475.1040 -0.2594 0.9916 164.2357 -0.0004 0.0001 1.0000
0.0011 0.2036 487.2286 -0.2644 0.9084 177.7047 -0.0004 0.0001 1.0000
-0.0044 0.1476 498.4547 -0.2637 0.8674 182.0001 -0.0004 -0.0000 1.0000
-0.0005 0.2060 494.9882 -0.2710 0.9205 176.1323 -0.0004 0.0000 1.0000
-0.0149 0.1735 502.2496 -0.2704 0.8823 178.1467 -0.0004 0.0000 1.0000
-0.0289 0.1670 507.2055 -0.2734 0.8578 184.8063 -0.0004 -0.0000 1.0000
-0.0289 0.1670 507.2055 -0.2734 0.8578 184.8063 -0.0004 -0.0000 1.0000
-0.0212 0.1947 506.0388 -0.2710 0.8824 180.2119 -0.0004 0.0000 1.0000
-0.0312 0.2346 500.2795 -0.2745 0.8969 181.7228 -0.0004 0.0001 1.0000
-0.0116 0.2374 496.2180 -0.2736 0.9241 177.0741 -0.0004 0.0000 1.0000
-0.0321 0.2308 503.9192 -0.2709 0.8941 180.9839 -0.0004 0.0000 1.0000
-0.0196 0.2492 495.1355 -0.2716 0.9158 181.7418 -0.0004 0.0001 1.0000
-0.0090 0.2403 491.5376 -0.2653 0.9275 171.3823 -0.0004 0.0000 1.0000
-0.0098 0.2304 487.5812 -0.2683 0.9042 178.0011 -0.0004 0.0000 1.0000
-0.0456 0.1984 497.8024 -0.2824 0.8438 198.0945 -0.0004 -0.0000 1.0000
-0.0202 0.2352 484.2143 -0.2760 0.8983 182.5967 -0.0004 0.0000 1.0000
-0.0324 0.2197 485.9132 -0.2774 0.8568 192.8113 -0.0004 0.0000 1.0000
-0.0200 0.2359 471.3344 -0.2820 0.8772 190.6499 -0.0004 0.0000 1.0000
-0.0166 0.2762 465.1648 -0.2870 0.9053 193.0095 -0.0004 0.0001 1.0000
0.0028 0.2708 452.2485 -0.2810 0.9067 191.9675 -0.0004 0.0000 1.0000
0.0146 0.2654 448.6848 -0.2834 0.9191 191.2222 -0.0004 0.0000 1.0000
0.0141 0.1648 455.3923 -0.2793 0.8389 198.7453 -0.0004 -0.0001 1.0000
0.0414 0.2228 433.6330 -0.2747 0.9067 186.7578 -0.0003 -0.0000 1.0000
0.0520 0.2066 424.2070 -0.2775 0.8924 192.0511 -0.0003 -0.0000 1.0000
0.0495 0.2388 410.1247 -0.2878 0.8984 201.5531 -0.0004 0.0000 1.0000
0.1067 0.2870 385.8219 -0.2721 1.0017 176.5766 -0.0003 0.0001 1.0000
0.0955 0.1630 393.3061 -0.2780 0.8761 197.0696 -0.0003 -0.0000 1.0000
0.1036 0.1710 378.6164 -0.2824 0.8681 202.1580 -0.0003 -0.0000 1.0000
0.1233 0.1878 365.8442 -0.2796 0.8895 197.6412 -0.0003 -0.0000 1.0000
0.1505 0.1586 355.5077 -0.2731 0.8739 196.0345 -0.0003 -0.0000 1.0000
0.1531 0.1019 362.2347 -0.2731 0.8415 197.2153 -0.0003 -0.0001 1.0000
0.1707 0.1681 340.6200 -0.2777 0.8862 194.1374 -0.0003 -0.0000 1.0000
0.1927 0.1274 338.2467 -0.2661 0.8711 185.7155 -0.0003 -0.0000 1.0000
0.2113 0.1395 328.0055 -0.2720 0.8836 187.6500 -0.0003 -0.0000 1.0000
0.2422 0.1114 326.5431 -0.2604 0.8906 178.1503 -0.0003 -0.0000 1.0000
0.2677 0.0866 321.8344 -0.2533 0.8861 171.7610 -0.0003 -0.0001 1.0000
0.2651 0.1135 316.9053 -0.2587 0.8900 176.2863 -0.0003 -0.0000 1.0000
0.2712 0.0966 316.4303 -0.2562 0.8725 177.0145 -0.0003 -0.0000 1.0000
0.3217 0.1079 305.2079 -0.2452 0.9233 162.6194 -0.0003 -0.0000 1.0000
0.3029 0.0488 322.5452 -0.2409 0.8637 168.4953 -0.0003 -0.0001 1.0000
0.3234 0.0135 321.5357 -0.2317 0.8457 167.2441 -0.0003 -0.0001 1.0000
0.3468 0.0285 316.7351 -0.2262 0.8833 157.1960 -0.0003 -0.0001 1.0000
0.3649 0.0332 309.7588 -0.2135 0.8829 150.8982 -0.0003 -0.0001 1.0000
0.3541 0.0200 317.5178 -0.2119 0.8613 155.4278 -0.0003 -0.0001 1.0000
0.3860 0.0248 310.8064 -0.1989 0.8983 140.7176 -0.0003 -0.0000 1.0000
0.3862 0.0030 315.0282 -0.1949 0.8834 138.4254 -0.0003 -0.0000 1.0000
0.4075 -0.0033 311.4617 -0.1859 0.8915 131.5917 -0.0003 -0.0000 1.0000
0.4028 -0.0450 324.2634 -0.1821 0.8653 131.2184 -0.0003 -0.0001 1.0000
0.4337 -0.0373 314.2171 -0.1694 0.8897 118.2181 -0.0003 -0.0000 1.0000
0.4232 -0.0524 322.4722 -0.1712 0.8778 118.2656 -0.0003 -0.0000 1.0000
0.4654 -0.0414 312.1002 -0.1572 0.9221 102.5190 -0.0003 -0.0000 1.0000
0.4510 -0.0756 322.6314 -0.1522 0.8738 106.1623 -0.0003 -0.0001 1.0000
0.4847 -0.0825 317.3333 -0.1398 0.9060 91.1192 -0.0003 -0.0001 1.0000
0.4997 -0.0644 310.4179 -0.1316 0.9237 82.2765 -0.0003 -0.0000 1.0000
0.4684 -0.0738 318.2674 -0.1327 0.8887 86.9316 -0.0003 -0.0000 1.0000
0.5001 -0.0819 311.4452 -0.1216 0.9146 72.3925 -0.0003 -0.0000 1.0000
0.4670 -0.1054 320.8650 -0.1275 0.8702 80.2498 -0.0003 -0.0000 1.0000
0.4902 -0.1052 314.7081 -0.1133 0.8883 66.2072 -0.0003 -0.0000 1.0000
0.4876 -0.0894 309.2370 -0.1167 0.9022 62.8219 -0.0003 -0.0000 1.0000
0.4841 -0.1035 310.6999 -0.1161 0.8918 60.2854 -0.0003 -0.0000 1.0000
0.4956 -0.1058 304.1890 -0.1136 0.8984 52.6684 -0.0003 -0.0000 1.0000
0.5076 -0.1062 296.5694 -0.1156 0.9136 46.3141 -0.0003 -0.0000 1.0000
0.5183 -0.0943 287.7417 -0.1149 0.9162 43.3369 -0.0003 -0.0000 1.0000
0.5272 -0.0993 285.2887 -0.1137 0.9316 35.9013 -0.0003 -0.0000 1.0000
0.5089 -0.0784 279.4115 -0.1173 0.9290 36.8294 -0.0003 -0.0000 1.0000
0.5055 -0.0908 279.6739 -0.1225 0.9197 41.7132 -0.0003 -0.0000 1.0000
0.5349 -0.0802 266.4749 -0.1167 0.9446 31.8431 -0.0003 -0.0000 1.0000
0.5273 -0.0719 263.5762 -0.1224 0.9432 37.4487 -0.0003 -0.0000 1.0000
0.5200 -0.0647 261.5938 -0.1212 0.9363 39.0111 -0.0003 -0.0000 1.0000
0.5081 -0.0753 262.9798 -0.1272 0.9215 46.5069 -0.0003 -0.0000 1.0000
0.5201 -0.0594 254.8229 -0.1248 0.9328 45.6976 -0.0003 -0.0000 1.0000
0.5456 -0.0492 244.7671 -0.1206 0.9536 42.8942 -0.0003 -0.0000 1.0000
0.5266 -0.0622 251.3361 -0.1252 0.9271 53.1109 -0.0003 -0.0000 1.0000
0.5489 -0.0534 241.5209 -0.1271 0.9469 53.9364 -0.0003 -0.0000 1.0000
0.5578 -0.0580 234.7251 -0.1259 0.9385 59.4470 -0.0003 -0.0000 1.0000
0.5585 -0.0249 222.0601 -0.1285 0.9432 64.2209 -0.0003 -0.0000 1.0000
0.5738 -0.0174 214.2316 -0.1278 0.9523 64.3583 -0.0003 -0.0000 1.0000
0.5734 -0.0162 211.2957 -0.1298 0.9507 68.5765 -0.0003 -0.0000 1.0000
0.5916 -0.0381 207.3262 -0.1292 0.9437 69.5113 -0.0003 -0.0000 1.0000
0.6197 -0.0472 199.4794 -0.1277 0.9645 67.1687 -0.0003 -0.0001 1.0000
0.6037 -0.0451 197.4126 -0.1327 0.9364 78.3180 -0.0003 -0.0001 1.0000
0.6376 -0.0572 186.1133 -0.1281 0.9473 77.0099 -0.0003 -0.0001 1.0000
0.6655 -0.0315 165.8053 -0.1278 0.9801 75.4579 -0.0003 -0.0000 1.0000
0.6840 -0.0168 150.0856 -0.1208 0.9908 70.6633 -0.0003 -0.0000 1.0000
0.6640 -0.0084 144.9579 -0.1310 0.9644 86.4481 -0.0003 -0.0000 1.0000
0.6729 -0.0447 143.4230 -0.1298 0.9432 91.9185 -0.0003 -0.0001 1.0000
0.7321 -0.0049 105.6152 -0.1179 0.9909 81.1802 -0.0002 -0.0000 1.0000
0.7534 -0.0341 98.5429 -0.1143 0.9826 83.0337 -0.0002 -0.0001 1.0000
0.7500 -0.0277 86.9561 -0.1163 0.9733 86.7604 -0.0002 -0.0001 1.0000
0.8014 -0.0138 59.5514 -0.1020 1.0109 75.3749 -0.0002 -0.0000 1.0000
0.7929 -0.0078 47.4988 -0.1060 1.0006 82.7431 -0.0002 -0.0000 1.0000
0.8636 -0.0063 13.1716 -0.0957 1.0393 73.8526 -0.0001 -0.0000 1.0000
0.8837 -0.0040 -9.1039 -0.0899 1.0407 69.3315 -0.0001 -0.0001 1.0000
0.9008 -0.0089 -26.4735 -0.0926 1.0203 78.9236 -0.0001 -0.0001 1.0000
0.9324 0.0040 -48.2319 -0.0849 1.0415 70.3920 -0.0001 -0.0001 1.0000
0.9311 0.0314 -62.9371 -0.0841 1.0238 77.0163 -0.0001 -0.0000 1.0000
0.9722 0.0347 -80.8382 -0.0787 1.0433 73.0208 -0.0001 -0.0000 1.0000
0.9786 0.0186 -80.6444 -0.0708 1.0184 72.6327 -0.0001 -0.0001 1.0000
1.0461 0.0413 -110.9080 -0.0577 1.0628 61.8005 -0.0000 -0.0000 1.0000
1.0421 0.0352 -108.3932 -0.0530 1.0417 64.6713 -0.0000 -0.0000 1.0000
1.0887 0.0224 -115.3748 -0.0340 1.0569 51.9018 0.0000 -0.0000 1.0000
1.1464 0.0366 -135.2949 -0.0156 1.0813 40.3450 0.0001 -0.0000 1.0000
1.1096 0.0298 -117.7555 -0.0158 1.0367 49.4651 0.0000 -0.0000 1.0000
1.1495 0.0307 -124.3623 0.0017 1.0482 41.9474 0.0001 -0.0000 1.0000
1.1634 0.0250 -123.6888 0.0173 1.0542 33.0486 0.0001 -0.0000 1.0000
1.2083 0.0327 -132.4901 0.0350 1.0819 22.6185 0.0001 0.0000 1.0000
1.2418 0.0212 -135.7777 0.0555 1.0892 14.0178 0.0001 0.0000 1.0000
1.2427 0.0233 -132.5870 0.0734 1.0732 9.8817 0.0001 0.0000 1.0000
1.1979 -0.0123 -106.7970 0.0700 1.0294 17.1124 0.0001 -0.0000 1.0000
1.2237 -0.0117 -109.8607 0.0868 1.0385 11.7064 0.0001 -0.0000 1.0000
1.2936 -0.0048 -125.6372 0.1187 1.0714 -5.2346 0.0002 0.0000 1.0000
1.2448 -0.0305 -103.4178 0.1195 1.0307 -2.8990 0.0002 -0.0000 1.0000
1.3047 -0.0382 -116.0319 0.1429 1.0684 -17.2458 0.0002 -0.0000 1.0000
1.3471 -0.0588 -123.2316 0.1723 1.0664 -27.9859 0.0002 -0.0000 1.0000
1.3160 -0.0520 -117.3067 0.1691 1.0523 -23.4910 0.0002 -0.0000 1.0000
1.3449 -0.0447 -128.6619 0.1917 1.0792 -36.5566 0.0002 0.0000 1.0000
1.2975 -0.0628 -109.1880 0.1749 1.0439 -21.0323 0.0002 -0.0000 1.0000
1.2950 -0.0584 -115.1477 0.1716 1.0325 -15.3346 0.0002 -0.0000 1.0000
1.2831 -0.0699 -108.2520 0.1775 1.0184 -15.0032 0.0002 -0.0000 1.0000
1.2366 -0.0712 -97.3683 0.1559 0.9869 1.0732 0.0002 -0.0000 1.0000
1.2896 -0.0459 -119.6818 0.1661 1.0328 -7.1472 0.0002 -0.0000 1.0000
1.3184 -0.0330 -130.6143 0.1688 1.0484 -2.0368 0.0003 0.0000 1.0000
1.2847 -0.0177 -128.2778 0.1540 1.0425 3.2096 0.0002 0.0000 1.0000
1.3161 -0.0280 -132.5085 0.1549 1.0474 8.2577 0.0003 -0.0000 1.0000
1.3679 -0.0386 -141.6172 0.1756 1.0631 2.6311 0.0003 -0.0000 1.0000
1.3286 -0.0178 -137.1010 0.1520 1.0460 16.1211 0.0003 -0.0000 1.0000
1.2825 -0.0096 -128.4607 0.1343 1.0388 27.4338 0.0002 -0.0000 1.0000
1.2503 -0.0120 -119.4454 0.1294 1.0035 40.0060 0.0002 -0.0000 1.0000
1.2809 -0.0054 -130.2428 0.1309 1.0272 41.0672 0.0002 -0.0000 1.0000
1.3674 -0.0343 -145.0808 0.1607 1.0459 36.4099 0.0003 -0.0001 1.0000
1.2740 -0.0118 -126.0382 0.1314 1.0081 55.6008 0.0002 -0.0000 1.0000
1.3281 0.0020 -140.6305 0.1401 1.0396 54.1642 0.0003 -0.0000 1.0000
1.2806 -0.0172 -123.0737 0.1214 1.0130 60.9356 0.0003 -0.0000 1.0000
1.2591 -0.0143 -125.3846 0.1069 1.0064 55.9852 0.0002 -0.0000 1.0000
1.2604 -0.0030 -135.2012 0.1005 1.0088 49.7264 0.0002 -0.0000 1.0000
1.3987 0.0283 -186.4621 0.1339 1.0789 20.7987 0.0003 0.0000 1.0000
1.2792 0.0126 -154.4966 0.0938 1.0672 14.1003 0.0002 0.0000 1.0000
1.3165 0.0119 -176.3093 0.1090 1.0819 -6.9763 0.0002 0.0000 1.0000
1.3083 0.0160 -182.6027 0.1126 1.0847 -19.3248 0.0002 0.0000 1.0000
1.2962 -0.0099 -183.2868 0.1144 1.0649 -26.1172 0.0002 -0.0000 1.0000
1.3409 0.0069 -206.8565 0.1218 1.1075 -35.8894 0.0003 0.0000 1.0000
1.3236 0.0296 -219.0541 0.1152 1.1184 -40.0181 0.0003 0.0000 1.0000
1.2789 0.0211 -210.2199 0.1057 1.0957 -35.7806 0.0002 0.0000 1.0000
1.2936 0.0227 -214.5419 0.1081 1.1033 -37.1603 0.0002 0.0000 1.0000
1.3426 0.0084 -227.9412 0.1270 1.1073 -42.9724 0.0003 0.0000 1.0000
1.3062 0.0123 -218.0939 0.1164 1.0797 -30.4950 0.0003 0.0000 1.0000
1.3205 0.0102 -220.2887 0.1180 1.0999 -34.3896 0.0003 0.0000 1.0000
1.2906 0.0261 -217.3747 0.1131 1.0975 -33.8718 0.0002 0.0000 1.0000
1.2737 -0.0004 -203.2444 0.1065 1.0717 -25.8457 0.0002 0.0000 1.0000
1.2982 -0.0068 -204.3538 0.1154 1.0783 -28.9147 0.0003 -0.0000 1.0000
1.3444 0.0129 -217.6950 0.1278 1.1182 -37.2410 0.0003 0.0000 1.0000
1.3209 0.0085 -207.9595 0.1204 1.1036 -30.8005 0.0003 0.0000 1.0000
1.3090 0.0283 -207.0709 0.1134 1.1157 -28.7662 0.0003 0.0000 1.0000
1.2535 0.0074 -184.4601 0.0993 1.0507 -6.2726 0.0002 -0.0000 1.0000
1.2982 0.0215 -194.8363 0.1100 1.0981 -16.6912 0.0002 0.0000 1.0000
1.2598 0.0264 -181.6371 0.1001 1.0758 -8.5154 0.0002 0.0000 1.0000
1.2488 -0.0090 -163.0629 0.0985 1.0487 0.4644 0.0002 -0.0000 1.0000
1.2637 0.0076 -164.8739 0.1039 1.0588 1.1579 0.0002 -0.0000 1.0000
1.2336 0.0051 -147.6243 0.0942 1.0450 10.5466 0.0002 0.0000 1.0000
1.2312 -0.0004 -139.6831 0.1001 1.0175 17.2114 0.0002 -0.0000 1.0000
1.1950 -0.0125 -120.1371 0.0878 1.0015 25.0076 0.0002 -0.0000 1.0000
1.2392 0.0043 -129.4067 0.0940 1.0378 23.3078 0.0002 0.0000 1.0000
1.1940 0.0034 -111.1096 0.0811 1.0011 36.4102 0.0002 -0.0000 1.0000
1.2503 -0.0103 -117.3832 0.1001 1.0122 32.9204 0.0002 -0.0000 1.0000
1.2532 0.0233 -123.5057 0.0934 1.0481 32.8666 0.0002 0.0000 1.0000
1.2326 -0.0099 -104.0821 0.0902 1.0130 39.0434 0.0002 -0.0000 1.0000
1.2332 -0.0100 -100.9697 0.0902 1.0130 39.0434 0.0002 -0.0000 1.0000
1.1657 -0.0111 -79.8837 0.0657 0.9812 54.7719 0.0001 -0.0000 1.0000
1.2105 0.0270 -99.9683 0.0750 1.0220 47.1491 0.0002 0.0000 1.0000
1.2273 0.0235 -101.7373 0.0793 1.0311 43.4687 0.0002 0.0000 1.0000
1.1864 0.0143 -89.6382 0.0712 0.9907 52.6251 0.0002 -0.0000 1.0000
1.2492 0.0167 -105.7922 0.0853 1.0354 40.1426 0.0002 -0.0000 1.0000
1.1945 0.0107 -88.0315 0.0708 0.9946 52.2020 0.0002 -0.0000 1.0000
1.1961 0.0092 -89.1407 0.0703 1.0002 51.2903 0.0002 -0.0000 1.0000
1.1673 0.0070 -81.7235 0.0538 0.9741 61.1538 0.0001 -0.0000 1.0000
1.1835 0.0251 -92.3267 0.0615 0.9926 55.4258 0.0002 -0.0000 1.0000
1.1908 -0.0090 -87.3256 0.0642 0.9832 54.3545 0.0002 -0.0001 1.0000
1.2269 0.0108 -99.6043 0.0710 1.0125 46.5748 0.0002 -0.0000 1.0000
1.1941 0.0268 -95.6934 0.0591 1.0015 51.6216 0.0002 -0.0000 1.0000
1.2051 0.0219 -98.9742 0.0599 1.0111 49.6547 0.0002 -0.0000 1.0000
