1.0000 0.0000 -0.0000 0.0000 1.0000 -0.0000 0.0000 0.0000 1.0000
1.0326 -0.0072 -7.0777 0.0059 1.0373 -15.7631 0.0000 0.0000 1.0000
1.1498 -0.0484 -27.5545 0.0599 1.0455 -32.4435 0.0001 -0.0001 1.0000
0.9340 -0.0105 23.2396 -0.0227 0.9824 -1.6219 -0.0001 0.0000 1.0000
1.0530 -0.0228 -10.5241 0.0205 1.0208 -25.6413 0.0000 -0.0000 1.0000
0.9532 0.0100 5.8781 -0.0295 1.0183 -14.8278 -0.0001 0.0000 1.0000
1.0695 -0.0376 -22.7285 0.0204 1.0454 -44.3768 0.0000 -0.0000 1.0000
1.1107 -0.0324 -48.0958 0.0321 1.0599 -56.3430 0.0000 -0.0000 1.0000
1.1233 -0.0075 -65.7446 0.0131 1.1231 -69.6891 0.0000 0.0001 1.0000
1.0390 -0.1030 -32.7936 -0.0086 0.9701 -28.9625 -0.0000 -0.0001 1.0000
1.2898 -0.0851 -124.9597 0.0430 1.1538 -88.9364 0.0001 -0.0000 1.0000
1.1511 -0.0918 -102.3690 0.0206 1.0574 -75.4877 0.0000 -0.0001 1.0000
1.1836 -0.0219 -148.5010 -0.0257 1.1729 -86.1745 -0.0000 0.0000 1.0000
1.3294 -0.1626 -184.7401 0.0363 1.1303 -107.5535 0.0002 -0.0002 1.0000
1.2913 -0.1640 -200.0243 0.0155 1.0935 -97.4047 0.0001 -0.0002 1.0000
1.3928 -0.1017 -279.0761 0.0135 1.2197 -133.6451 0.0001 -0.0001 1.0000
1.6218 -0.0942 -383.8585 0.0442 1.4008 -189.7267 0.0003 -0.0000 1.0000
1.5154 -0.0443 -390.3361 -0.0363 1.3932 -161.0488 0.0001 0.0001 1.0000
1.5642 -0.2134 -381.7224 0.0085 1.2688 -155.8352 0.0003 -0.0003 1.0000
1.4362 -0.1135 -394.2840 -0.0792 1.2894 -136.2297 0.0000 -0.0000 1.0000
1.6647 -0.0934 -514.1598 -0.0681 1.4597 -182.5462 0.0002 -0.0000 1.0000
1.5551 -0.1207 -485.1894 -0.0951 1.3481 -150.8782 0.0001 -0.0001 1.0000
1.5232 -0.1476 -483.1952 -0.1128 1.2998 -132.4545 0.0001 -0.0002 1.0000
1.6825 -0.1458 -568.3935 -0.1058 1.3900 -152.4931 0.0002 -0.0002 1.0000
1.7851 -0.1356 -641.8568 -0.1161 1.4631 -164.2676 0.0002 -0.0002 1.0000
1.8171 -0.0979 -683.5509 -0.1725 1.5193 -142.9283 0.0002 -0.0001 1.0000
1.8425 -0.1031 -700.2923 -0.1840 1.5396 -132.6014 0.0002 -0.0002 1.0000
2.0447 -0.0654 -811.0740 -0.1757 1.7284 -167.2075 0.0003 -0.0001 1.0000
1.7285 -0.0314 -688.2193 -0.2434 1.5013 -75.8267 0.0001 -0.0001 1.0000
1.6807 0.0038 -681.1022 -0.2956 1.5039 -35.4738 0.0001 -0.0000 1.0000
1.7204 0.0196 -699.8873 -0.3106 1.5395 -18.4051 0.0001 -0.0001 1.0000
1.8469 0.0368 -756.5823 -0.3237 1.6644 -21.4389 0.0002 -0.0000 1.0000
1.7392 0.0397 -701.7596 -0.3144 1.5469 10.0048 0.0002 -0.0001 1.0000
1.6462 0.0701 -659.8137 -0.3554 1.5382 38.7556 0.0001 -0.0001 1.0000
1.5776 0.0506 -612.0339 -0.3522 1.4504 70.9945 0.0001 -0.0001 1.0000
1.7448 0.1421 -699.1139 -0.3755 1.6653 57.5662 0.0002 0.0000 1.0000
1.5255 0.0834 -585.0349 -0.3852 1.3947 128.5557 0.0001 -0.0001 1.0000
1.5155 0.1301 -587.6925 -0.4250 1.4962 136.0840 0.0000 -0.0000 1.0000
1.6211 0.1640 -639.8720 -0.4320 1.6210 134.4837 0.0001 0.0000 1.0000
1.6473 0.1663 -648.7470 -0.4435 1.6168 165.6697 0.0001 0.0000 1.0000
1.5495 0.1790 -608.9030 -0.4717 1.6150 179.0871 0.0001 0.0001 1.0000
1.5981 0.1183 -612.4730 -0.4315 1.5637 190.4645 0.0002 -0.0001 1.0000
1.5894 0.1681 -627.8068 -0.4589 1.6391 194.2110 0.0001 0.0000 1.0000
1.6580 0.1688 -660.3946 -0.4526 1.6754 208.2159 0.0002 0.0000 1.0000
1.4189 0.1434 -563.0186 -0.5287 1.4776 280.3533 -0.0001 0.0000 1.0000
1.0000 0.0000 0.0000 0.0000 1.0000 0.0000 0.0000 0.0000 1.0000
1.0000 0.0000 0.0000 0.0000 1.0000 0.0000 0.0000 0.0000 1.0000
1.0000 0.0000 0.0000 0.0000 1.0000 0.0000 0.0000 0.0000 1.0000
1.0000 0.0000 0.0000 0.0000 1.0000 0.0000 0.0000 0.0000 1.0000
1.0000 0.0000 0.0000 0.0000 1.0000 0.0000 0.0000 0.0000 1.0000
1.0000 0.0000 0.0000 0.0000 1.0000 0.0000 0.0000 0.0000 1.0000
1.0000 0.0000 0.0000 0.0000 1.0000 0.0000 0.0000 0.0000 1.0000
1.0000 0.0000 0.0000 0.0000 1.0000 0.0000 0.0000 0.0000 1.0000
1.0000 0.0000 0.0000 0.0000 1.0000 0.0000 0.0000 0.0000 1.0000
1.0000 0.0000 0.0000 0.0000 1.0000 0.0000 0.0000 0.0000 1.0000
1.0000 0.0000 0.0000 0.0000 1.0000 0.0000 0.0000 0.0000 1.0000
1.0000 0.0000 0.0000 0.0000 1.0000 0.0000 0.0000 0.0000 1.0000
1.0000 0.0000 0.0000 0.0000 1.0000 0.0000 0.0000 0.0000 1.0000
1.0000 0.0000 0.0000 0.0000 1.0000 0.0000 0.0000 0.0000 1.0000
1.0000 0.0000 0.0000 0.0000 1.0000 0.0000 0.0000 0.0000 1.0000
1.0000 0.0000 0.0000 0.0000 1.0000 0.0000 0.0000 0.0000 1.0000
1.0000 0.0000 0.0000 0.0000 1.0000 0.0000 0.0000 0.0000 1.0000
1.0000 0.0000 0.0000 0.0000 1.0000 0.0000 0.0000 0.0000 1.0000
1.0000 0.0000 0.0000 0.0000 1.0000 0.0000 0.0000 0.0000 1.0000
1.0000 0.0000 0.0000 0.0000 1.0000 0.0000 0.0000 0.0000 1.0000
1.0000 0.0000 0.0000 0.0000 1.0000 0.0000 0.0000 0.0000 1.0000
1.0000 0.0000 0.0000 0.0000 1.0000 0.0000 0.0000 0.0000 1.0000
1.0000 0.0000 0.0000 0.0000 1.0000 0.0000 0.0000 0.0000 1.0000
1.0000 0.0000 0.0000 0.0000 1.0000 0.0000 0.0000 0.0000 1.0000
1.0000 0.0000 0.0000 0.0000 1.0000 0.0000 0.0000 0.0000 1.0000
1.0000 0.0000 0.0000 0.0000 1.0000 0.0000 0.0000 0.0000 1.0000
1.0000 0.0000 0.0000 0.0000 1.0000 0.0000 0.0000 0.0000 1.0000
1.0000 0.0000 0.0000 0.0000 1.0000 0.0000 0.0000 0.0000 1.0000
1.0000 0.0000 0.0000 0.0000 1.0000 0.0000 0.0000 0.0000 1.0000
1.0000 0.0000 0.0000 0.0000 1.0000 0.0000 0.0000 0.0000 1.0000
1.0000 0.0000 0.0000 0.0000 1.0000 0.0000 0.0000 0.0000 1.0000
1.0000 0.0000 0.0000 0.0000 1.0000 0.0000 0.0000 0.0000 1.0000
1.0000 0.0000 0.0000 0.0000 1.0000 0.0000 0.0000 0.0000 1.0000
1.0000 0.0000 0.0000 0.0000 1.0000 0.0000 0.0000 0.0000 1.0000
1.0000 0.0000 0.0000 0.0000 1.0000 0.0000 0.0000 0.0000 1.0000
1.0000 0.0000 0.0000 0.0000 1.0000 0.0000 0.0000 0.0000 1.0000
1.0000 0.0000 0.0000 0.0000 1.0000 0.0000 0.0000 0.0000 1.0000
1.0000 0.0000 0.0000 0.0000 1.0000 0.0000 0.0000 0.0000 1.0000
1.0000 0.0000 0.0000 0.0000 1.0000 0.0000 0.0000 0.0000 1.0000
1.0000 0.0000 0.0000 0.0000 1.0000 0.0000 0.0000 0.0000 1.0000
1.0000 0.0000 0.0000 0.0000 1.0000 0.0000 0.0000 0.0000 1.0000
1.0000 0.0000 0.0000 0.0000 1.0000 0.0000 0.0000 0.0000 1.0000
1.0000 0.0000 0.0000 0.0000 1.0000 0.0000 0.0000 0.0000 1.0000
1.0000 0.0000 0.0000 0.0000 1.0000 0.0000 0.0000 0.0000 1.0000
1.0000 0.0000 0.0000 0.0000 1.0000 0.0000 0.0000 0.0000 1.0000
1.0000 0.0000 0.0000 0.0000 1.0000 0.0000 0.0000 0.0000 1.0000
1.0000 0.0000 0.0000 0.0000 1.0000 0.0000 0.0000 0.0000 1.0000
1.0000 0.0000 0.0000 0.0000 1.0000 0.0000 0.0000 0.0000 1.0000
1.0000 0.0000 0.0000 0.0000 1.0000 0.0000 0.0000 0.0000 1.0000
1.0000 0.0000 0.0000 0.0000 1.0000 0.0000 0.0000 0.0000 1.0000
2.6590 -2.0521 -585.2175 1.5213 2.0467 -914.8142 0.0008 -0.0001 1.0000
1.4682 -1.3112 -215.1078 0.6978 1.1665 -408.3934 -0.0001 -0.0001 1.0000
1.4459 -1.3232 -159.4681 0.7277 1.2501 -455.8088 -0.0001 0.0000 1.0000
1.1589 -1.1517 -51.3763 0.5563 1.0120 -341.2168 -0.0003 0.0000 1.0000
1.1718 -1.2492 9.6213 0.6369 0.9575 -371.7534 -0.0001 -0.0001 1.0000
1.1106 -1.1942 61.8870 0.6353 0.9525 -379.8938 -0.0002 0.0000 1.0000
1.0709 -1.1901 118.2805 0.6870 0.8759 -392.2102 -0.0001 -0.0000 1.0000
0.8360 -1.0112 178.6505 0.5766 0.7340 -322.1031 -0.0003 -0.0000 1.0000
0.8665 -1.0598 218.7313 0.6342 0.7078 -342.0165 -0.0002 -0.0000 1.0000
0.8133 -1.0411 263.8032 0.6512 0.6266 -330.8584 -0.0002 -0.0001 1.0000
0.8888 -1.1232 299.1648 0.7376 0.6037 -361.6114 -0.0001 -0.0001 1.0000
0.7755 -0.9926 337.0308 0.6999 0.6493 -360.0911 -0.0002 0.0001 1.0000
0.7352 -0.9608 367.8772 0.6787 0.6146 -336.0238 -0.0002 0.0001 1.0000
0.5790 -0.8800 407.1881 0.5749 0.5056 -259.1624 -0.0003 0.0001 1.0000
0.5780 -0.8576 423.9142 0.5980 0.4742 -250.1447 -0.0002 0.0000 1.0000
0.5495 -0.8597 445.3228 0.5699 0.4058 -204.0760 -0.0002 -0.0000 1.0000
0.5653 -0.7981 474.4427 0.5735 0.5443 -213.4880 -0.0002 0.0002 1.0000
0.4503 -0.7147 488.9027 0.4838 0.4980 -150.5636 -0.0003 0.0001 1.0000
0.4401 -0.6568 497.8311 0.4627 0.5227 -123.3542 -0.0003 0.0002 1.0000
0.4269 -0.6509 509.7903 0.4231 0.5055 -80.1489 -0.0003 0.0002 1.0000
0.3623 -0.5703 506.7155 0.3439 0.5034 -34.6165 -0.0004 0.0002 1.0000
0.3551 -0.5239 517.1411 0.3292 0.5430 -19.4488 -0.0004 0.0002 1.0000
0.3286 -0.4917 514.3937 0.2699 0.5330 17.7365 -0.0004 0.0002 1.0000
0.2924 -0.4412 513.6151 0.2228 0.5411 42.8896 -0.0004 0.0002 1.0000
0.3360 -0.4331 504.5735 0.2307 0.5567 47.3611 -0.0004 0.0002 1.0000
0.3451 -0.4437 504.7524 0.2116 0.5409 64.6354 -0.0004 0.0002 1.0000
0.3652 -0.4237 494.6650 0.2001 0.5624 68.1245 -0.0004 0.0002 1.0000
0.3415 -0.4021 484.3079 0.1426 0.5412 95.3301 -0.0004 0.0001 1.0000
0.4072 -0.4153 470.6880 0.1590 0.5417 94.4148 -0.0003 0.0001 1.0000
0.3509 -0.3348 461.3016 0.0914 0.5822 106.2678 -0.0004 0.0002 1.0000
0.4367 -0.3698 437.8042 0.1016 0.5602 112.1798 -0.0003 0.0001 1.0000
0.3318 -0.2828 434.8531 0.0034 0.5698 142.7784 -0.0004 0.0001 1.0000
0.4137 -0.2309 397.8483 0.0069 0.6464 129.9624 -0.0003 0.0002 1.0000
0.3599 -0.1301 385.9904 -0.0625 0.7118 146.2495 -0.0004 0.0003 1.0000
0.3945 -0.0546 357.4441 -0.0973 0.7894 156.4173 -0.0004 0.0004 1.0000
0.3386 -0.0705 352.1724 -0.1575 0.6933 207.9906 -0.0004 0.0002 1.0000
0.4244 0.0849 293.2936 -0.1967 0.8936 208.7856 -0.0004 0.0005 1.0000
0.4517 -0.0593 290.9486 -0.1844 0.7410 245.3530 -0.0003 0.0002 1.0000
0.4124 0.1258 224.5954 -0.2857 0.9286 245.8732 -0.0005 0.0005 1.0000
0.6074 0.1949 149.3437 -0.2468 1.1679 224.5446 -0.0003 0.0007 1.0000
0.7096 -0.0896 148.7096 -0.1148 0.9790 229.1380 -0.0001 0.0003 1.0000
0.4998 0.0112 127.0634 -0.2041 0.9359 238.3203 -0.0004 0.0005 1.0000
0.5115 -0.0033 118.4938 -0.1939 1.1004 186.5899 -0.0005 0.0008 1.0000
0.5264 -0.3213 195.7888 -0.0539 0.7139 171.3199 -0.0003 0.0002 1.0000
0.3664 -0.3179 305.7850 -0.0576 0.7667 109.0237 -0.0005 0.0005 1.0000
0.4774 -0.5341 375.7900 0.0980 0.6110 47.5877 -0.0003 0.0001 1.0000
0.1132 -0.2616 436.6435 0.1020 0.3729 37.4601 -0.0006 0.0002 1.0000
0.3405 -0.2381 407.2092 0.2619 0.5529 -67.2724 -0.0004 0.0006 1.0000
0.3184 -0.5951 457.8222 0.1889 0.4908 -28.6136 -0.0004 0.0002 1.0000
1.0000 0.0000 0.0000 0.0000 1.0000 0.0000 0.0000 0.0000 1.0000
0.2028 -0.2077 360.5665 0.0476 0.6122 140.2239 -0.0006 0.0006 1.0000
1.0000 0.0000 0.0000 0.0000 1.0000 0.0000 0.0000 0.0000 1.0000
1.0000 0.0000 0.0000 0.0000 1.0000 0.0000 0.0000 0.0000 1.0000
1.0000 0.0000 0.0000 0.0000 1.0000 0.0000 0.0000 0.0000 1.0000
0.4250 -0.1590 676.1453 0.2417 0.5720 -125.6094 -0.0002 0.0004 1.0000
0.2726 -0.5448 727.5819 0.0915 0.6416 -83.7144 -0.0004 0.0003 1.0000
0.1138 -0.5008 660.1325 0.0596 0.4805 10.4798 -0.0005 0.0002 1.0000
0.3301 -0.5737 567.6897 0.1845 0.4525 19.2149 -0.0003 0.0001 1.0000
0.3355 -0.2949 515.7311 0.2883 0.4953 13.3097 -0.0003 0.0004 1.0000
0.0774 -0.6032 665.4818 0.0352 0.3626 94.5748 -0.0005 0.0001 1.0000
1.0000 0.0000 0.0000 0.0000 1.0000 0.0000 0.0000 0.0000 1.0000
0.0568 -0.1821 663.2116 0.1532 0.3958 -14.3919 -0.0005 0.0004 1.0000
0.2858 -0.5121 639.2497 0.0711 0.6848 -32.3515 -0.0004 0.0003 1.0000
0.1870 -0.3778 519.9231 0.0481 0.4587 99.0732 -0.0005 0.0002 1.0000
0.2121 -0.3521 470.5418 0.1044 0.3544 116.6697 -0.0004 0.0001 1.0000
0.1314 -0.2822 459.2585 0.0137 0.4564 78.2281 -0.0006 0.0002 1.0000
0.2524 -0.3095 429.6343 0.0885 0.5109 -55.8887 -0.0004 0.0001 1.0000
1.0000 0.0000 0.0000 0.0000 1.0000 0.0000 0.0000 0.0000 1.0000
1.0000 0.0000 0.0000 0.0000 1.0000 0.0000 0.0000 0.0000 1.0000
1.0000 0.0000 0.0000 0.0000 1.0000 0.0000 0.0000 0.0000 1.0000
1.0000 0.0000 0.0000 0.0000 1.0000 0.0000 0.0000 0.0000 1.0000
1.0000 0.0000 0.0000 0.0000 1.0000 0.0000 0.0000 0.0000 1.0000
1.0000 0.0000 0.0000 0.0000 1.0000 0.0000 0.0000 0.0000 1.0000
1.0000 0.0000 0.0000 0.0000 1.0000 0.0000 0.0000 0.0000 1.0000
1.0000 0.0000 0.0000 0.0000 1.0000 0.0000 0.0000 0.0000 1.0000
1.0000 0.0000 0.0000 0.0000 1.0000 0.0000 0.0000 0.0000 1.0000
1.0000 0.0000 0.0000 0.0000 1.0000 0.0000 0.0000 0.0000 1.0000
1.0000 0.0000 0.0000 0.0000 1.0000 0.0000 0.0000 0.0000 1.0000
1.0000 0.0000 0.0000 0.0000 1.0000 0.0000 0.0000 0.0000 1.0000
1.0000 0.0000 0.0000 0.0000 1.0000 0.0000 0.0000 0.0000 1.0000
1.0000 0.0000 0.0000 0.0000 1.0000 0.0000 0.0000 0.0000 1.0000
1.0000 0.0000 0.0000 0.0000 1.0000 0.0000 0.0000 0.0000 1.0000
1.0000 0.0000 0.0000 0.0000 1.0000 0.0000 0.0000 0.0000 1.0000
1.0000 0.0000 0.0000 0.0000 1.0000 0.0000 0.0000 0.0000 1.0000
1.0000 0.0000 0.0000 0.0000 1.0000 0.0000 0.0000 0.0000 1.0000
1.0000 0.0000 0.0000 0.0000 1.0000 0.0000 0.0000 0.0000 1.0000
1.0000 0.0000 0.0000 0.0000 1.0000 0.0000 0.0000 0.0000 1.0000
1.0000 0.0000 0.0000 0.0000 1.0000 0.0000 0.0000 0.0000 1.0000
1.0000 0.0000 0.0000 0.0000 1.0000 0.0000 0.0000 0.0000 1.0000
1.0000 0.0000 0.0000 0.0000 1.0000 0.0000 0.0000 0.0000 1.0000
0.3431 0.2202 -58.7539 -0.6783 0.8789 567.6660 -0.0006 0.0004 1.0000
0.5871 0.3009 -139.9061 -0.6200 1.2615 499.0716 -0.0004 0.0006 1.0000
0.5525 0.2888 -94.5458 -0.5670 1.1926 444.0087 -0.0004 0.0006 1.0000
0.5342 0.1142 -22.5242 -0.4165 0.8424 415.0282 -0.0003 0.0003 1.0000
0.6781 0.1384 -58.6161 -0.3686 1.0055 351.9089 -0.0002 0.0004 1.0000
0.5604 0.0805 1.2767 -0.3632 0.8833 311.6044 -0.0003 0.0003 1.0000
0.6119 0.0581 7.0056 -0.2948 0.9331 242.5959 -0.0003 0.0004 1.0000
0.7495 0.0412 -16.8948 -0.1988 1.0037 172.4738 -0.0002 0.0005 1.0000
0.7459 -0.0170 19.3884 -0.1420 0.9616 124.6057 -0.0002 0.0004 1.0000
0.7852 -0.0720 47.7574 -0.0678 0.9334 78.0059 -0.0001 0.0004 1.0000
0.6002 -0.1673 150.3250 -0.0664 0.7446 85.0305 -0.0002 0.0002 1.0000
0.6391 -0.2129 175.1346 0.0003 0.7269 51.7899 -0.0002 0.0002 1.0000
0.5990 -0.2701 227.6707 0.0418 0.6593 36.3676 -0.0002 0.0001 1.0000
0.4649 -0.1652 263.9272 0.0149 0.6799 26.5661 -0.0004 0.0003 1.0000
0.4986 -0.2680 297.4708 0.0615 0.5971 22.3161 -0.0003 0.0001 1.0000
0.5653 -0.3565 325.2857 0.1232 0.5613 5.4701 -0.0002 0.0000 1.0000
0.4492 -0.2382 348.4131 0.0887 0.6060 -2.9618 -0.0003 0.0002 1.0000
0.4791 -0.3369 374.4623 0.1224 0.5351 -0.5992 -0.0002 0.0001 1.0000
0.4290 -0.1991 374.9093 0.1002 0.6411 -16.8001 -0.0004 0.0003 1.0000
0.3993 -0.2218 384.3985 0.0906 0.6035 -5.6194 -0.0004 0.0002 1.0000
0.4940 -0.2294 366.0646 0.1400 0.6427 -27.0302 -0.0003 0.0003 1.0000
0.4854 -0.2401 369.2639 0.1399 0.6300 -18.9557 -0.0003 0.0002 1.0000
0.4153 -0.2557 376.0452 0.0959 0.5670 17.2442 -0.0003 0.0001 1.0000
0.5389 -0.2001 344.8727 0.1423 0.7146 -20.3766 -0.0003 0.0003 1.0000
0.5573 -0.1633 327.0710 0.1311 0.7449 -10.2068 -0.0003 0.0003 1.0000
0.5009 -0.1908 335.7939 0.1093 0.6807 15.1190 -0.0003 0.0002 1.0000
0.6075 -0.1699 309.4125 0.1541 0.7691 -9.1308 -0.0002 0.0003 1.0000
0.6569 -0.1289 293.3130 0.1547 0.8227 -6.8928 -0.0002 0.0003 1.0000
0.6181 -0.0535 298.8114 0.0890 0.8853 16.2782 -0.0002 0.0004 1.0000
0.6651 -0.0809 306.6510 0.1185 0.8637 18.9249 -0.0002 0.0003 1.0000
0.6663 -0.0424 304.4168 0.0797 0.8774 34.3889 -0.0002 0.0003 1.0000
0.7076 -0.0537 302.1581 0.0978 0.8487 31.9117 -0.0001 0.0002 1.0000
0.7196 -0.0061 296.9679 0.0873 0.8732 23.9120 -0.0001 0.0002 1.0000
0.6171 0.0388 315.4470 0.0130 0.8559 43.7848 -0.0002 0.0002 1.0000
0.6480 0.0583 310.4958 0.0275 0.8657 25.7271 -0.0002 0.0002 1.0000
0.7773 0.0683 283.3988 0.0595 0.9032 2.8320 -0.0000 0.0002 1.0000
0.7313 0.0920 292.0578 0.0337 0.8795 6.1106 -0.0001 0.0002 1.0000
0.9905 0.1824 218.4726 0.0896 1.0461 -55.6845 0.0001 0.0003 1.0000
0.8362 0.2685 233.0844 0.0119 1.0372 -42.5424 -0.0000 0.0004 1.0000
0.6956 0.2581 261.3138 -0.0396 0.9694 -24.5644 -0.0001 0.0003 1.0000
0.7286 0.2600 247.8417 -0.0448 0.9919 -38.4890 -0.0001 0.0003 1.0000
0.7714 0.2888 227.1944 -0.0640 1.0184 -40.0271 -0.0001 0.0003 1.0000
0.8499 0.3022 200.6844 -0.0550 1.0730 -61.9755 -0.0000 0.0003 1.0000
0.7294 0.3306 213.9890 -0.1056 1.0389 -38.4034 -0.0001 0.0003 1.0000
0.8075 0.3665 181.4727 -0.1090 1.0888 -46.9668 -0.0001 0.0003 1.0000
0.8437 0.4129 158.9715 -0.1241 1.1402 -49.6820 -0.0000 0.0004 1.0000
0.7572 0.4697 162.3853 -0.1752 1.1442 -28.6119 -0.0001 0.0004 1.0000
0.7612 0.4529 156.0125 -0.1892 1.1266 -16.8103 -0.0001 0.0003 1.0000
0.9908 0.4261 102.2752 -0.1588 1.2027 -34.1843 0.0001 0.0003 1.0000
0.8784 0.5353 108.1523 -0.2183 1.2317 -15.7468 -0.0000 0.0004 1.0000
0.8392 0.5880 104.4968 -0.2481 1.2313 1.7990 -0.0000 0.0004 1.0000
0.9368 0.7250 57.8139 -0.2749 1.3536 -2.1879 0.0000 0.0005 1.0000
0.8901 0.6706 82.6085 -0.2993 1.2961 27.5927 -0.0000 0.0004 1.0000
0.9803 0.2785 -285.3632 -0.4435 1.2561 105.5727 -0.0002 0.0003 1.0000
1.0831 0.3677 -339.0203 -0.4808 1.3767 127.9408 -0.0001 0.0004 1.0000
1.0735 0.4557 -353.6178 -0.5417 1.4525 166.1309 -0.0002 0.0005 1.0000
1.0840 0.4567 -353.0072 -0.5669 1.4221 209.3725 -0.0001 0.0004 1.0000
1.0481 0.5548 -360.4575 -0.6409 1.5121 240.8550 -0.0002 0.0005 1.0000
1.0597 0.5954 -367.0917 -0.6699 1.5241 276.2966 -0.0001 0.0005 1.0000
0.9773 1.1982 0.8627 -0.5477 1.5464 183.4529 0.0001 0.0006 1.0000
0.8062 0.9019 100.7474 -0.5430 1.2640 236.5110 0.0000 0.0003 1.0000
0.7530 1.0968 87.7254 -0.6074 1.3603 245.0262 -0.0000 0.0005 1.0000
0.9504 1.3430 -7.8365 -0.6652 1.5295 256.8269 0.0001 0.0006 1.0000
0.7133 0.9871 121.7366 -0.6164 1.2181 279.4744 0.0000 0.0003 1.0000
0.8529 1.2974 34.4768 -0.6813 1.3881 291.5676 0.0001 0.0005 1.0000
0.8230 1.2808 45.5999 -0.6925 1.3232 308.8455 0.0001 0.0004 1.0000
0.5747 1.1872 125.2564 -0.7095 1.1764 327.3383 -0.0001 0.0004 1.0000
0.8128 1.3465 36.5790 -0.7513 1.2772 348.6610 0.0002 0.0004 1.0000
0.8022 1.3376 42.7236 -0.7719 1.2175 374.6771 0.0002 0.0003 1.0000
0.8475 1.6037 -16.6949 -0.8473 1.3166 398.1526 0.0003 0.0005 1.0000
0.6474 1.5392 46.3278 -0.8432 1.1916 406.2121 0.0001 0.0005 1.0000
0.4750 1.6298 77.5805 -0.8684 1.1369 420.6268 -0.0000 0.0006 1.0000
0.7035 1.7364 6.2589 -0.9005 1.1859 443.4823 0.0002 0.0005 1.0000
0.5307 1.8154 38.5924 -0.9352 1.1166 467.3855 0.0001 0.0006 1.0000
0.6577 2.1015 -40.8808 -1.0005 1.1795 503.5745 0.0003 0.0008 1.0000
0.4406 1.9137 42.4824 -0.9559 1.0353 488.0709 0.0001 0.0007 1.0000
0.5642 1.9063 9.6125 -0.9639 0.9824 517.0448 0.0003 0.0006 1.0000
0.4807 1.8539 34.7800 -0.9548 0.8993 527.3355 0.0003 0.0006 1.0000
0.3092 1.6325 104.4117 -0.9007 0.7771 504.6308 0.0001 0.0004 1.0000
0.2070 1.4981 140.9846 -0.8401 0.6592 494.3552 0.0001 0.0004 1.0000
0.3141 1.8124 53.1986 -0.9222 0.7389 542.0770 0.0002 0.0006 1.0000
0.2705 1.8477 35.0150 -0.9306 0.7239 547.2789 0.0002 0.0006 1.0000
0.2890 1.8959 10.8841 -0.9498 0.7190 569.2318 0.0002 0.0007 1.0000
0.2005 1.8370 20.4951 -0.9279 0.6671 563.7030 0.0001 0.0007 1.0000
0.3009 1.8168 -14.1289 -0.9303 0.6443 583.8614 0.0003 0.0006 1.0000
0.1587 1.7861 16.1075 -0.9079 0.6052 570.9892 0.0001 0.0007 1.0000
0.1148 1.9185 -14.8983 -0.9389 0.6327 585.6850 0.0000 0.0009 1.0000
-0.0754 1.8340 43.3362 -0.8864 0.5798 552.7244 -0.0003 0.0010 1.0000
0.1787 1.9666 -49.4060 -0.9276 0.6026 611.9964 0.0002 0.0008 1.0000
0.1315 1.7554 -11.5613 -0.8684 0.5312 586.9699 0.0001 0.0007 1.0000
0.1632 1.8531 -42.3169 -0.8967 0.5494 611.9028 0.0002 0.0008 1.0000
0.0553 1.8178 -17.6503 -0.8590 0.5270 581.7521 -0.0000 0.0009 1.0000
0.1523 1.8141 -42.8090 -0.8480 0.5135 591.3718 0.0002 0.0008 1.0000
0.1326 1.7187 -23.2304 -0.8102 0.4525 579.9642 0.0001 0.0007 1.0000
0.0775 1.8113 -24.8808 -0.8207 0.4710 576.2650 0.0000 0.0009 1.0000
0.0794 1.7030 -3.0842 -0.7874 0.4436 550.5878 0.0001 0.0008 1.0000
0.0712 1.8399 -28.3391 -0.7893 0.4707 543.9014 0.0000 0.0010 1.0000
0.0308 1.8493 -13.7975 -0.7982 0.4749 540.5483 -0.0001 0.0011 1.0000
0.1710 1.6082 -4.8157 -0.7001 0.3659 515.2857 0.0002 0.0007 1.0000
0.1621 1.5974 2.7099 -0.7005 0.3597 509.5061 0.0002 0.0007 1.0000
0.0721 1.5367 42.6322 -0.6603 0.3348 477.1081 0.0000 0.0008 1.0000
0.0515 1.4587 66.1395 -0.6292 0.3118 453.8998 0.0000 0.0007 1.0000
0.0033 1.4505 89.0556 -0.6210 0.3052 443.0990 -0.0001 0.0008 1.0000
0.1650 1.1662 106.3980 -0.5414 0.2149 425.3712 0.0002 0.0003 1.0000
-0.0241 1.2287 150.8279 -0.5432 0.2289 405.4838 -0.0001 0.0006 1.0000
-0.0052 1.0429 185.6218 -0.5043 0.1854 386.5174 -0.0001 0.0004 1.0000
0.0626 1.3082 146.9749 -0.5456 0.2204 420.8644 0.0001 0.0006 1.0000
0.0495 1.2644 159.9639 -0.5326 0.2061 409.9898 0.0001 0.0005 1.0000
0.0457 1.2635 165.7386 -0.5278 0.1852 410.3701 0.0001 0.0005 1.0000
0.0217 1.3187 178.6902 -0.5367 0.1947 413.4601 0.0000 0.0006 1.0000
0.0339 1.1501 203.6558 -0.4983 0.1414 399.8461 0.0001 0.0004 1.0000
0.0323 1.2422 191.1073 -0.5181 0.1454 414.6500 0.0001 0.0005 1.0000
0.0686 1.3679 174.7851 -0.5473 0.1607 438.8760 0.0001 0.0006 1.0000
-0.0587 1.4849 190.3692 -0.5624 0.1772 439.9053 -0.0001 0.0008 1.0000
-0.0380 1.3881 209.5470 -0.5347 0.1389 440.2803 0.0000 0.0007 1.0000
-0.0516 1.3511 215.1961 -0.5379 0.1208 447.8236 -0.0000 0.0006 1.0000
-0.0353 1.2693 227.5080 -0.5337 0.0914 457.1573 0.0000 0.0005 1.0000
-0.0733 1.5154 208.4510 -0.5822 0.1199 494.5946 -0.0000 0.0008 1.0000
-0.0170 1.3432 221.6731 -0.5501 0.0674 496.8323 0.0001 0.0005 1.0000
-0.1345 1.3414 250.1299 -0.5454 0.0726 486.7394 -0.0001 0.0006 1.0000
-0.1778 1.7357 215.0612 -0.6379 0.1153 558.3337 -0.0001 0.0011 1.0000
-0.0183 1.3081 235.0787 -0.5497 0.0119 539.1222 0.0002 0.0004 1.0000
-0.1246 1.5065 238.0840 -0.5990 0.0318 572.6664 0.0000 0.0007 1.0000
-0.1592 1.3954 258.6289 -0.5865 0.0153 564.4709 -0.0000 0.0006 1.0000
-0.1445 1.4559 254.2215 -0.6125 -0.0090 603.2777 0.0000 0.0006 1.0000
-0.1885 1.4348 259.7736 -0.6021 -0.0319 600.0555 -0.0000 0.0006 1.0000
-0.1640 1.6432 233.1472 -0.6506 -0.0459 659.1379 0.0001 0.0007 1.0000
-0.1645 1.6736 227.3408 -0.6693 -0.0750 687.5670 0.0001 0.0007 1.0000
-0.2505 1.7799 234.8781 -0.6977 -0.0668 702.2522 0.0001 0.0009 1.0000
-0.2411 1.7930 231.6072 -0.7100 -0.0933 722.7010 0.0001 0.0008 1.0000
-0.2599 1.6849 239.2434 -0.6855 -0.1349 708.1868 0.0001 0.0007 1.0000
-0.2264 2.1846 182.0741 -0.8038 -0.1425 829.2533 0.0003 0.0011 1.0000
-0.3188 1.8492 229.1745 -0.7333 -0.1638 748.7655 0.0001 0.0008 1.0000
-0.2086 1.8843 206.5326 -0.7279 -0.2583 799.1763 0.0004 0.0007 1.0000
-0.2725 2.0692 187.1839 -0.7754 -0.2666 830.6803 0.0003 0.0009 1.0000
-0.3046 2.0972 194.9633 -0.7995 -0.2981 855.9657 0.0003 0.0009 1.0000
-0.4531 2.1138 215.4926 -0.8088 -0.2585 826.9653 0.0000 0.0011 1.0000
-0.3815 1.9966 213.1269 -0.7587 -0.3335 822.4081 0.0002 0.0008 1.0000
-0.4465 2.0785 216.2477 -0.7916 -0.3312 838.9040 0.0001 0.0010 1.0000
-0.4543 2.0122 229.6123 -0.7771 -0.3694 837.8025 0.0002 0.0009 1.0000
-0.4458 1.8962 244.7354 -0.7491 -0.3998 824.2751 0.0002 0.0007 1.0000
-0.4640 2.0426 234.5617 -0.7835 -0.4434 867.9469 0.0002 0.0009 1.0000
-0.5888 2.1126 264.3144 -0.7909 -0.4244 856.9480 0.0000 0.0011 1.0000
-0.5350 2.0091 273.2960 -0.7750 -0.4665 862.9419 0.0001 0.0009 1.0000
-0.5585 2.0593 279.7463 -0.7734 -0.5115 880.2898 0.0002 0.0009 1.0000
-0.5572 1.8731 303.9206 -0.7187 -0.5487 845.3441 0.0001 0.0007 1.0000
-0.5636 1.8973 304.3917 -0.7309 -0.5865 869.5732 0.0001 0.0008 1.0000
-0.5941 1.9623 316.4761 -0.7292 -0.6207 887.9127 0.0002 0.0008 1.0000
-0.6654 2.1925 311.6037 -0.7755 -0.6854 951.6165 0.0002 0.0011 1.0000
-0.6266 2.0189 318.1334 -0.7301 -0.7153 929.3691 0.0002 0.0009 1.0000
-0.6984 2.1529 333.6316 -0.7563 -0.7678 974.9685 0.0002 0.0010 1.0000
-0.6937 2.0409 346.9006 -0.7483 -0.7702 970.4624 0.0002 0.0010 1.0000
-0.6894 2.4198 333.5551 -0.8437 -0.9810 1162.0893 0.0006 0.0011 1.0000
-0.7150 2.2297 332.9283 -0.7631 -0.9750 1092.7122 0.0004 0.0010 1.0000
-0.7379 1.9061 370.1733 -0.6939 -0.8829 994.0666 0.0001 0.0008 1.0000
-0.7820 2.1657 369.5630 -0.7359 -1.0241 1117.1587 0.0003 0.0011 1.0000
-0.7283 1.8876 381.8704 -0.6641 -1.0057 1057.0585 0.0003 0.0008 1.0000
-0.7733 1.7297 411.8665 -0.6083 -0.9574 999.2898 0.0001 0.0008 1.0000
-0.6783 1.6140 413.8470 -0.5652 -1.0817 1045.1863 0.0004 0.0005 1.0000
-0.7463 1.6626 420.0203 -0.5710 -1.0377 1037.0164 0.0002 0.0007 1.0000
-0.7485 1.6526 437.3678 -0.5719 -1.1092 1087.7309 0.0003 0.0007 1.0000
-0.8205 1.7596 452.6944 -0.5851 -1.1385 1125.3610 0.0002 0.0009 1.0000
-0.7769 1.5538 463.0032 -0.5395 -1.1300 1084.4707 0.0002 0.0007 1.0000
-0.8159 1.6723 482.0643 -0.5569 -1.2081 1157.3174 0.0003 0.0008 1.0000
-0.8869 1.7413 503.6725 -0.5561 -1.2419 1182.5355 0.0003 0.0010 1.0000
-0.8279 1.6038 494.4864 -0.4963 -1.2849 1159.7608 0.0004 0.0007 1.0000
-0.8665 1.6113 502.1927 -0.4834 -1.2993 1154.8002 0.0003 0.0009 1.0000
-0.8357 1.5888 511.5417 -0.4593 -1.4142 1204.3683 0.0005 0.0007 1.0000
-0.9288 1.7190 528.0002 -0.4948 -1.4378 1243.6532 0.0003 0.0010 1.0000
-0.8977 1.4700 524.3326 -0.4585 -1.3084 1124.3046 0.0001 0.0009 1.0000
-0.8071 1.3179 527.7704 -0.3794 -1.4060 1122.0061 0.0004 0.0005 1.0000
-0.8633 1.4520 542.8665 -0.4051 -1.4489 1173.0771 0.0003 0.0008 1.0000
-0.8378 1.3438 559.7099 -0.3740 -1.4334 1138.3984 0.0003 0.0007 1.0000
-0.8437 1.3838 584.3755 -0.3837 -1.4570 1165.6768 0.0004 0.0007 1.0000
-0.8272 1.2827 591.6677 -0.3480 -1.3366 1078.5965 0.0002 0.0007 1.0000
-0.8577 1.2889 616.1060 -0.3766 -1.2430 1057.0384 0.0002 0.0008 1.0000
-0.7610 1.2067 611.7738 -0.3237 -1.2571 1042.3139 0.0003 0.0006 1.0000
-0.7887 1.2803 636.2866 -0.3420 -1.1862 1039.2946 0.0002 0.0008 1.0000
-0.7129 1.0708 626.7393 -0.3017 -1.0618 936.9566 0.0001 0.0005 1.0000
-0.7636 1.3120 657.2405 -0.3482 -1.0960 1022.3573 0.0002 0.0009 1.0000
-0.7445 1.3861 673.5894 -0.3357 -1.1069 1044.0302 0.0003 0.0009 1.0000
-0.7682 1.3213 654.0606 -0.3738 -0.8776 941.2801 0.0000 0.0009 1.0000
-0.7584 1.5133 665.2548 -0.3887 -0.8914 1000.4157 0.0001 0.0011 1.0000
-0.6951 1.4620 645.0363 -0.3742 -0.8667 982.8883 0.0002 0.0009 1.0000
-0.6724 1.6664 634.1580 -0.4339 -0.7565 1027.5826 0.0003 0.0010 1.0000
-0.7508 2.2124 617.8190 -0.5223 -0.6459 1112.5142 0.0002 0.0016 1.0000
-0.5386 1.9812 575.9057 -0.4980 -0.6576 1103.7508 0.0004 0.0012 1.0000
-0.6353 2.5077 535.0458 -0.6046 -0.4054 1117.8757 0.0003 0.0018 1.0000
-0.6040 2.4514 518.8768 -0.6412 -0.2997 1079.0404 0.0002 0.0017 1.0000
-0.5518 2.0380 501.1212 -0.6179 -0.2574 965.5466 0.0001 0.0012 1.0000
-0.2874 1.6871 474.3808 -0.5397 -0.2770 915.9480 0.0003 0.0007 1.0000
-0.3567 1.7884 464.7293 -0.6097 -0.1280 879.7026 0.0002 0.0009 1.0000
-0.3445 1.7396 450.7551 -0.6332 -0.0281 830.5919 0.0001 0.0008 1.0000
-0.3251 1.4019 457.4447 -0.5904 -0.0109 735.0075 -0.0000 0.0005 1.0000
-0.3961 1.6646 438.1551 -0.6639 0.1464 725.8902 -0.0002 0.0008 1.0000
-0.3421 1.6053 430.7707 -0.6623 0.1797 706.7783 -0.0001 0.0008 1.0000
-0.0775 2.1475 320.5091 -0.7437 0.3285 804.1303 0.0003 0.0010 1.0000
-0.1100 1.9877 329.2859 -0.7259 0.3980 734.5320 0.0001 0.0010 1.0000
-0.1052 2.1710 299.7730 -0.7834 0.5553 729.0774 0.0001 0.0012 1.0000
-0.0196 1.6792 322.5131 -0.6856 0.4546 664.5702 0.0001 0.0007 1.0000
0.0344 2.0806 250.6495 -0.7734 0.6689 690.1234 0.0001 0.0010 1.0000
0.0370 1.9773 241.0757 -0.7668 0.7378 644.8839 0.0000 0.0010 1.0000
0.0786 2.0765 216.0629 -0.8043 0.8712 638.8319 0.0000 0.0011 1.0000
0.1637 1.7114 231.6618 -0.7231 0.7751 597.9460 0.0001 0.0008 1.0000
0.1820 1.9670 180.2458 -0.7772 0.9981 579.6865 0.0000 0.0011 1.0000
0.2162 1.7981 189.8548 -0.7438 1.0120 544.6706 0.0000 0.0010 1.0000
0.3384 1.5071 180.9207 -0.6596 0.9173 510.9281 0.0001 0.0006 1.0000
0.3669 1.4783 177.1106 -0.6557 0.9938 480.0884 0.0001 0.0007 1.0000
0.4488 1.3694 170.4641 -0.6135 0.9999 451.7176 0.0002 0.0005 1.0000
0.6132 1.3168 140.2582 -0.5684 1.0589 421.9349 0.0004 0.0005 1.0000
0.4482 1.4933 152.9568 -0.6369 1.1852 402.7881 0.0001 0.0008 1.0000
0.5322 1.3668 161.4397 -0.5801 1.1608 381.2802 0.0002 0.0006 1.0000
0.5525 1.2788 175.7815 -0.5623 1.1835 356.6080 0.0002 0.0006 1.0000
0.5011 1.3315 197.0242 -0.5715 1.2330 351.3584 0.0001 0.0007 1.0000
0.5699 1.1673 216.8445 -0.5023 1.1632 337.7667 0.0002 0.0005 1.0000
0.5252 1.3075 218.8576 -0.5517 1.2767 338.1701 0.0001 0.0007 1.0000
0.4527 1.1695 272.9308 -0.5296 1.1991 335.5774 0.0001 0.0005 1.0000
0.7831 1.3329 198.5656 -0.5049 1.4124 325.4435 0.0004 0.0006 1.0000
0.7232 1.1218 255.8648 -0.4594 1.2940 311.7570 0.0003 0.0004 1.0000
0.6918 1.2017 263.5864 -0.4875 1.3711 308.4551 0.0003 0.0005 1.0000
0.4864 0.8257 370.5532 -0.4526 1.1065 312.2603 0.0001 0.0002 1.0000
0.7208 1.1096 298.3962 -0.4619 1.3785 296.5938 0.0003 0.0004 1.0000
0.7406 1.2142 288.2025 -0.4753 1.4842 288.8881 0.0003 0.0005 1.0000
0.5413 1.4104 306.8843 -0.5541 1.6080 280.7564 0.0001 0.0008 1.0000
0.6563 1.2856 301.3482 -0.5089 1.5918 271.9345 0.0002 0.0007 1.0000
0.6863 1.3143 280.4275 -0.5103 1.6298 267.1925 0.0002 0.0007 1.0000
0.6502 0.8343 360.0428 -0.4233 1.3247 271.5796 0.0003 0.0002 1.0000
0.6618 1.4167 285.9308 -0.5265 1.8010 233.2372 0.0002 0.0009 1.0000
0.7902 1.2006 264.2569 -0.4509 1.6872 217.8009 0.0004 0.0006 1.0000
0.8556 1.6435 200.6130 -0.5219 2.1131 172.4833 0.0004 0.0011 1.0000
0.6665 1.5043 248.7630 -0.5402 1.9737 179.1032 0.0002 0.0010 1.0000
0.6625 1.3585 251.9285 -0.5175 1.8809 176.2585 0.0002 0.0009 1.0000
0.9130 1.3608 195.9983 -0.4676 2.0096 144.4081 0.0005 0.0009 1.0000
0.9156 1.5909 163.6986 -0.5156 2.2306 118.6163 0.0004 0.0011 1.0000
0.8123 1.7338 164.7250 -0.5689 2.3484 104.5206 0.0003 0.0013 1.0000
0.9964 1.1867 201.6204 -0.3999 1.9884 104.4456 0.0006 0.0007 1.0000
0.8019 1.0110 266.2156 -0.4127 1.7953 123.1739 0.0004 0.0006 1.0000
0.7814 1.0439 272.5083 -0.4238 1.8268 118.4287 0.0004 0.0006 1.0000
1.0005 1.2709 214.3890 -0.4223 2.1487 68.6721 0.0006 0.0008 1.0000
0.9064 1.0225 273.5524 -0.3999 1.9167 91.8645 0.0005 0.0006 1.0000
0.8130 1.7131 227.3435 -0.5547 2.4567 53.9393 0.0003 0.0013 1.0000
0.8584 1.2155 300.0886 -0.4429 2.0827 77.5770 0.0004 0.0008 1.0000
0.7858 1.2275 324.0881 -0.4629 2.0791 78.2940 0.0003 0.0008 1.0000
0.7267 2.0054 260.9687 -0.6431 2.7111 36.2599 0.0002 0.0016 1.0000
0.8381 1.7243 280.4763 -0.5516 2.5247 31.9934 0.0003 0.0013 1.0000
0.9369 1.2847 328.6296 -0.4503 2.2519 37.0560 0.0005 0.0008 1.0000
0.9138 1.4321 329.6657 -0.4916 2.3562 35.8914 0.0004 0.0009 1.0000
1.0731 1.6292 297.0664 -0.4956 2.6191 -6.9240 0.0005 0.0011 1.0000
0.9478 1.2186 366.7226 -0.4402 2.2219 32.3284 0.0005 0.0007 1.0000
1.0722 1.4636 323.5075 -0.4793 2.5037 -1.1523 0.0005 0.0009 1.0000
1.0974 1.2568 358.8398 -0.4345 2.3756 2.0382 0.0006 0.0007 1.0000
1.1886 1.4575 322.2739 -0.4674 2.6054 -25.4394 0.0006 0.0009 1.0000
1.2347 1.1983 350.5551 -0.4124 2.4543 -21.9446 0.0006 0.0006 1.0000
1.3048 1.7921 278.4444 -0.5106 2.9991 -84.1631 0.0006 0.0012 1.0000
1.3713 1.7317 275.2689 -0.4845 2.9946 -88.5634 0.0007 0.0011 1.0000
1.3446 1.6416 294.1112 -0.4980 2.9698 -79.3017 0.0006 0.0010 1.0000
1.5314 1.5819 271.5227 -0.4461 3.0677 -113.4307 0.0007 0.0009 1.0000
1.5825 1.1699 294.1346 -0.3625 2.7684 -88.9603 0.0008 0.0006 1.0000
1.6282 1.4935 235.3901 -0.4171 3.1011 -131.0071 0.0007 0.0009 1.0000
1.7305 1.2325 233.6301 -0.3491 2.9724 -132.0795 0.0008 0.0007 1.0000
2.0593 1.3371 137.4866 -0.3024 3.2231 -170.9892 0.0010 0.0008 1.0000
1.7248 1.2571 169.7184 -0.3529 3.0455 -147.6525 0.0007 0.0008 1.0000
1.5835 0.9362 211.5974 -0.2958 2.6765 -107.7518 0.0006 0.0005 1.0000
1.7585 1.0466 140.0622 -0.2689 2.8671 -145.5734 0.0006 0.0007 1.0000
1.6056 0.9643 153.2127 -0.2713 2.7205 -132.8299 0.0005 0.0006 1.0000
1.6416 0.9317 132.1527 -0.2342 2.7311 -157.2176 0.0005 0.0007 1.0000
1.6437 0.7449 114.9591 -0.1914 2.5304 -144.4333 0.0005 0.0005 1.0000
1.3673 0.6964 166.3905 -0.2256 2.3256 -106.1698 0.0003 0.0005 1.0000
1.3547 0.4497 181.3784 -0.1660 2.0693 -83.9370 0.0003 0.0003 1.0000
1.6238 0.6182 76.3412 -0.1070 2.3763 -161.4158 0.0005 0.0005 1.0000
1.4429 0.5808 104.8425 -0.1455 2.2239 -124.4829 0.0003 0.0005 1.0000
1.4753 0.6251 72.1834 -0.1200 2.2571 -143.5404 0.0003 0.0006 1.0000
1.3473 0.2659 140.8169 -0.0803 1.8174 -75.8407 0.0003 0.0002 1.0000
1.3961 0.5920 42.6065 -0.1301 2.1341 -130.9359 0.0002 0.0006 1.0000
1.3591 0.1315 117.5815 -0.0536 1.6300 -51.4923 0.0003 0.0001 1.0000
1.2983 0.3922 78.6886 -0.1093 1.8392 -82.3239 0.0002 0.0004 1.0000
1.2785 0.3843 74.8036 -0.1041 1.8034 -77.4481 0.0002 0.0004 1.0000
1.2109 0.3485 92.0204 -0.1144 1.7162 -54.6698 0.0001 0.0003 1.0000
1.2719 0.2537 88.7141 -0.0703 1.6333 -50.1007 0.0002 0.0002 1.0000
1.2183 0.2685 95.7698 -0.0872 1.5959 -37.3270 0.0002 0.0002 1.0000
0.9826 0.3420 139.2514 -0.1669 1.5188 -1.2256 -0.0001 0.0004 1.0000
1.2313 0.3171 76.8696 -0.0820 1.5919 -45.5845 0.0001 0.0003 1.0000
1.1450 0.3822 92.0439 -0.1207 1.6234 -50.8959 0.0000 0.0004 1.0000
1.1504 0.2696 111.1752 -0.0806 1.4817 -45.2374 0.0001 0.0002 1.0000
1.1830 0.2927 101.9513 -0.0686 1.4904 -60.6505 0.0001 0.0003 1.0000
1.0851 0.2688 138.0539 -0.0764 1.3908 -50.3104 0.0001 0.0002 1.0000
1.0211 0.2681 160.6486 -0.0883 1.3276 -43.8283 0.0000 0.0002 1.0000
1.0273 0.1351 193.2106 -0.0411 1.1862 -43.5332 0.0001 0.0001 1.0000
0.9245 0.2049 218.2025 -0.0779 1.1714 -35.1182 -0.0000 0.0002 1.0000
0.8665 0.3648 210.7910 -0.1015 1.2438 -52.1143 -0.0001 0.0004 1.0000
0.9390 0.2513 219.1597 -0.0545 1.1797 -63.5522 -0.0000 0.0002 1.0000
0.8610 0.2818 235.4059 -0.0773 1.1546 -51.2170 -0.0001 0.0002 1.0000
0.8588 0.3347 232.5847 -0.0769 1.1556 -51.4575 -0.0001 0.0003 1.0000
0.9758 0.3310 214.3212 -0.0674 1.1937 -58.4302 0.0000 0.0003 1.0000
0.9589 0.2009 242.3348 -0.0615 1.0783 -35.9509 0.0000 0.0002 1.0000
0.7713 0.2785 282.7158 -0.1080 1.0365 -7.3354 -0.0001 0.0002 1.0000
0.7039 0.4632 273.1791 -0.1457 1.1085 -1.6393 -0.0002 0.0004 1.0000
0.6858 0.2958 301.9412 -0.1374 0.9547 36.4685 -0.0002 0.0002 1.0000
0.5978 0.3309 318.6245 -0.1700 0.9253 61.8504 -0.0002 0.0003 1.0000
0.7102 0.3054 300.6336 -0.1591 0.9352 69.9359 -0.0001 0.0002 1.0000
0.5811 0.4278 312.4696 -0.2095 0.9384 96.1957 -0.0002 0.0004 1.0000
0.5766 0.3764 320.9353 -0.2086 0.9004 105.9325 -0.0002 0.0003 1.0000
0.4679 0.2557 365.0726 -0.2164 0.7607 138.0054 -0.0003 0.0002 1.0000
0.5909 0.3062 331.8671 -0.1983 0.8162 129.8713 -0.0002 0.0002 1.0000
0.5185 0.2493 356.7585 -0.2055 0.7480 143.8353 -0.0002 0.0002 1.0000
0.3659 0.2868 381.9237 -0.2433 0.7080 160.6904 -0.0003 0.0002 1.0000
0.4947 0.3807 341.0965 -0.2219 0.8067 138.4358 -0.0003 0.0003 1.0000
0.5011 0.3318 345.6970 -0.2145 0.7637 145.1915 -0.0002 0.0003 1.0000
0.4812 0.4836 330.9957 -0.2305 0.8307 140.4705 -0.0003 0.0005 1.0000
0.4025 0.3366 373.5658 -0.2181 0.7103 151.5120 -0.0003 0.0003 1.0000
0.4314 0.2617 385.8700 -0.2037 0.6590 157.9084 -0.0002 0.0002 1.0000
0.4227 0.3557 393.6961 -0.2224 0.7076 157.5647 -0.0003 0.0003 1.0000
0.3105 0.3249 432.7404 -0.2439 0.6350 173.0156 -0.0003 0.0003 1.0000
0.4621 0.5045 393.8243 -0.2389 0.7533 153.9308 -0.0002 0.0005 1.0000
0.4539 0.4750 404.0474 -0.2332 0.6899 159.9243 -0.0002 0.0005 1.0000
0.3671 0.4209 431.7835 -0.2383 0.6261 161.6164 -0.0003 0.0004 1.0000
0.4421 0.3588 429.3220 -0.2263 0.5978 163.9372 -0.0002 0.0003 1.0000
0.3682 0.4957 422.3890 -0.2516 0.6201 169.4567 -0.0003 0.0005 1.0000
0.1761 0.5521 447.5561 -0.2961 0.6157 178.0735 -0.0005 0.0006 1.0000
0.2772 0.5379 410.6782 -0.2814 0.6399 175.2620 -0.0004 0.0006 1.0000
0.2456 0.3577 417.9616 -0.2431 0.5081 199.7415 -0.0003 0.0004 1.0000
0.2978 0.5001 371.0640 -0.2497 0.6175 208.0756 -0.0003 0.0006 1.0000
0.2744 0.5557 297.0672 -0.2820 0.6317 247.9745 -0.0004 0.0007 1.0000
0.3045 0.4402 256.7056 -0.2681 0.5946 287.1299 -0.0004 0.0006 1.0000
0.1912 0.4135 221.0565 -0.3577 0.6460 314.7219 -0.0006 0.0006 1.0000
0.2371 0.3178 187.4731 -0.3284 0.6178 353.6674 -0.0005 0.0006 1.0000
0.3519 0.3033 106.9255 -0.3109 0.7148 371.8835 -0.0004 0.0006 1.0000
0.5502 0.1940 56.1356 -0.1363 0.7201 350.2748 -0.0001 0.0005 1.0000
0.4671 0.1117 95.5145 -0.1115 0.6263 336.7338 -0.0002 0.0003 1.0000
0.3971 0.0341 142.2180 -0.1403 0.5322 346.5240 -0.0003 0.0002 1.0000
0.6046 0.1350 113.2537 0.0115 0.6628 284.5654 -0.0001 0.0004 1.0000
0.4567 0.1050 212.3875 -0.0658 0.6437 264.9588 -0.0003 0.0004 1.0000
0.3073 0.1500 302.3591 -0.0837 0.5414 263.2226 -0.0004 0.0004 1.0000
0.2828 0.1459 390.3791 -0.0658 0.5954 223.0536 -0.0004 0.0005 1.0000
0.5663 0.2998 365.0388 0.0972 0.7315 123.3174 -0.0001 0.0006 1.0000
0.3412 0.0880 457.5864 0.0422 0.5413 121.1356 -0.0002 0.0003 1.0000
0.3170 0.1646 463.5915 0.0219 0.5933 100.3860 -0.0003 0.0004 1.0000
0.6451 0.2350 406.2012 0.1491 0.7468 27.7305 -0.0000 0.0005 1.0000
0.3635 0.0910 468.1031 0.0341 0.5770 78.1447 -0.0002 0.0002 1.0000
0.4540 0.1563 440.4642 0.0479 0.6562 57.1390 -0.0002 0.0003 1.0000
0.4569 0.1498 429.8589 0.0285 0.6680 56.4114 -0.0002 0.0003 1.0000
0.5116 0.1099 409.7090 0.0255 0.6756 52.6334 -0.0002 0.0002 1.0000
0.6010 0.2067 369.1275 0.0137 0.7922 38.5266 -0.0001 0.0003 1.0000
0.6964 0.2840 325.1412 -0.0076 0.9097 26.3970 -0.0001 0.0004 1.0000
0.8087 0.1087 309.4656 0.0229 0.8463 24.6353 0.0000 0.0001 1.0000
0.6341 0.3232 305.2255 -0.0695 0.9317 35.5203 -0.0002 0.0004 1.0000
0.7967 0.2029 276.0750 -0.0504 0.9419 22.9933 -0.0001 0.0002 1.0000
0.7461 0.2332 272.6726 -0.0837 0.9647 17.6444 -0.0001 0.0002 1.0000
0.7522 0.1686 271.9957 -0.1029 0.9297 26.9246 -0.0001 0.0001 1.0000
0.7622 0.2545 248.4616 -0.1435 1.0025 22.5798 -0.0001 0.0002 1.0000
