1.0000 -0.0000 0.0000 -0.0000 1.0000 0.0000 -0.0000 -0.0000 1.0000
1.9796 -0.5996 -162.0679 0.4417 0.9812 -147.4352 0.0011 -0.0009 1.0000
-251.6106 -13.6184 80321.7541 -84.8240 -145.8668 60911.8079 -0.1925 -0.0210 1.0000
-31.4617 -2.6010 9989.5550 -10.3231 -19.2136 7737.9465 -0.0251 -0.0040 1.0000
-2.7497 -0.8129 1359.2032 -1.0241 -1.6652 904.0290 -0.0025 -0.0012 1.0000
0.9876 0.0406 67.3527 0.0119 1.1007 -34.6313 0.0000 0.0001 1.0000
-69.9610 -5.4876 22744.1807 -21.6151 -36.7130 14736.0344 -0.0527 -0.0057 1.0000
-5.1533 -1.9992 2337.1393 -1.5893 -3.9094 1587.8428 -0.0039 -0.0026 1.0000
-59.7151 -3.2873 19376.4662 -17.1351 -31.8221 12286.2126 -0.0444 -0.0038 1.0000
11.4211 4.9268 -4265.3140 2.0641 10.4286 -2655.7363 0.0057 0.0064 1.0000
11.9133 5.3915 -4365.0322 2.1923 11.2469 -2818.9615 0.0060 0.0073 1.0000
-70.4048 -5.5356 22752.5939 -21.9955 -37.5536 15076.4219 -0.0527 -0.0057 1.0000
2.0285 -0.5291 -135.5293 0.4083 1.0264 -120.3624 0.0011 -0.0008 1.0000
15.1493 7.5454 -5645.7954 3.0020 15.2008 -3802.8275 0.0079 0.0102 1.0000
3.2578 0.2662 -695.1377 0.6462 2.2716 -404.3567 0.0016 0.0002 1.0000
-8.1276 -6.1086 4274.7810 -1.6564 -9.5438 2751.5334 -0.0041 -0.0082 1.0000
14.6812 6.1713 -5595.5050 3.2388 14.3402 -3682.7081 0.0076 0.0081 1.0000
-6.2419 -2.0349 2768.4472 -2.2537 -4.8386 1957.7209 -0.0046 -0.0027 1.0000
-939.9850 -51.9174 312480.3349 -357.7555 -512.9030 204410.4270 -0.6891 -0.0457 1.0000
13.7930 6.3241 -5124.4234 3.5623 15.0015 -3383.6448 0.0073 0.0093 1.0000
3.1887 -0.1696 -855.9792 0.7490 1.6546 -183.3323 0.0013 -0.0002 1.0000
68.4093 -0.9318 -23168.5848 28.6972 31.7789 -12493.9692 0.0496 0.0007 1.0000
5.8426 1.9360 -2142.7638 1.5850 5.8133 -1069.3437 0.0027 0.0031 1.0000
-7.8172 -1.4311 3342.4381 -3.4169 -6.2304 2507.3788 -0.0058 -0.0028 1.0000
-878.6953 -16.6284 299376.9981 -409.1063 -537.1247 213161.1353 -0.6891 -0.0457 1.0000
3.2710 -0.0560 -842.5282 0.9934 2.2829 -368.5973 0.0017 -0.0000 1.0000
3.3248 -0.0813 -849.0492 0.9605 2.2127 -359.7930 0.0017 -0.0001 1.0000
1.1820 -0.3821 -10.3903 -0.0273 0.7395 225.0070 0.0001 -0.0003 1.0000
1.8603 0.1118 -393.4148 0.0011 1.5317 46.3861 0.0002 0.0003 1.0000
7.3091 -1.9868 -1445.3121 2.6317 2.5330 -986.8556 0.0050 -0.0021 1.0000
4.6931 -1.9659 -724.4575 1.5765 0.7394 -332.5606 0.0030 -0.0023 1.0000
7.6275 -1.7566 -1532.9342 2.4094 2.3353 -910.2676 0.0050 -0.0021 1.0000
4.0090 -1.7869 -401.5916 1.2242 0.6569 -241.7295 0.0026 -0.0022 1.0000
-17.0387 2.9526 4638.4798 -6.4131 -4.7953 3301.3733 -0.0136 0.0037 1.0000
-1028.6066 -26.5711 299594.5380 -303.9200 -550.9642 221684.6886 -0.6891 -0.0457 1.0000
59.8402 -1.0312 -18052.1885 16.5579 29.6467 -11923.2399 0.0380 -0.0000 1.0000
7.3620 -1.7045 -1473.5706 2.1750 2.6509 -1047.9333 0.0050 -0.0021 1.0000
3.3103 0.0092 -591.0542 0.7050 2.2440 -487.8999 0.0016 0.0001 1.0000
-16.9767 2.7613 5112.9707 -6.5222 -5.2220 3600.2332 -0.0140 0.0037 1.0000
512.7245 22.6220 -159133.5970 167.1505 294.3611 -122980.1529 0.3713 0.0322 1.0000
477.1469 15.3501 -147382.3260 153.8374 276.4616 -115634.3315 0.3492 0.0302 1.0000
3.1475 -1.5873 -243.9992 0.9881 0.6525 -246.0815 0.0024 -0.0022 1.0000
3.3216 0.0390 -758.9287 0.6422 2.3039 -568.1380 0.0017 0.0001 1.0000
3.4325 -1.4118 -505.9231 0.9389 0.9249 -360.9135 0.0026 -0.0022 1.0000
-7.2363 -1.8401 3208.0664 -1.8660 -4.8786 1984.5516 -0.0053 -0.0027 1.0000
11.0835 3.6958 -4385.8976 1.7129 10.0487 -2867.0156 0.0059 0.0057 1.0000
3.5133 -1.2923 -688.6468 0.8876 1.0988 -434.7261 0.0027 -0.0022 1.0000
-124.1179 -6.4149 44130.9780 -33.4424 -79.7172 32350.6551 -0.1016 -0.0088 1.0000
-2.8497 -0.7041 1424.2864 -0.9234 -1.8417 944.0782 -0.0028 -0.0011 1.0000
-6.2382 -1.7131 2893.6085 -1.6642 -4.7025 1916.4213 -0.0049 -0.0027 1.0000
-2.9523 -1.5470 1674.2206 -0.8141 -2.7539 1126.5064 -0.0023 -0.0025 1.0000
-866.5825 -57.4472 318946.9714 -250.1918 -530.1987 214436.7843 -0.6940 -0.0460 1.0000
17.7378 6.9981 -7579.3260 3.2084 17.8436 -5177.5075 0.0101 0.0105 1.0000
-867.9282 -57.5460 316713.7574 -256.7104 -516.6093 208601.8938 -0.6891 -0.0457 1.0000
-58.4433 -4.4367 21279.4396 -16.6352 -37.6401 14637.3325 -0.0477 -0.0041 1.0000
384.4984 18.7079 -142506.0381 102.6962 230.2344 -89296.6742 0.2946 0.0089 1.0000
13.5877 4.5399 -5696.4116 2.4299 12.8129 -3742.1039 0.0074 0.0065 1.0000
-8.4783 -5.2207 4521.4625 -1.4759 -9.5873 2961.1470 -0.0045 -0.0082 1.0000
-5.8432 -0.2047 2400.4928 -1.9554 -2.9973 1594.0906 -0.0053 -0.0001 1.0000
205.0110 9.3213 -74008.6774 58.2039 127.3155 -51541.3485 0.1588 0.0076 1.0000
-5.7443 -0.2010 2364.2729 -1.9338 -2.8829 1547.8883 -0.0052 -0.0001 1.0000
97.7189 4.7864 -36030.2449 27.5631 61.2096 -24790.5781 0.0742 0.0023 1.0000
3.5080 0.1804 -1005.2701 0.6432 2.5793 -613.1172 0.0019 0.0001 1.0000
3.4048 -1.2742 -631.1823 1.0439 0.9574 -371.7165 0.0026 -0.0022 1.0000
97.8260 3.6702 -35535.5160 29.9501 59.0034 -23808.4959 0.0742 0.0023 1.0000
-3.2616 -1.5836 1793.8435 -1.0164 -3.1818 1299.5750 -0.0025 -0.0026 1.0000
2.2520 -0.4938 -403.6089 0.4725 1.2732 -237.5250 0.0013 -0.0009 1.0000
98.2542 4.8027 -36023.0099 31.3102 57.9702 -23342.2096 0.0742 0.0023 1.0000
-1.3768 -1.5051 1094.5152 -0.4491 -1.9894 817.4196 -0.0011 -0.0025 1.0000
-5.3538 -1.6170 2478.1997 -1.6938 -4.3274 1728.4338 -0.0043 -0.0024 1.0000
6.4110 -1.0763 -1672.1680 2.0908 2.9036 -1155.4717 0.0050 -0.0021 1.0000
6.5564 -1.0783 -1755.5616 1.9274 2.9131 -1075.6831 0.0050 -0.0021 1.0000
-5.4445 -0.2251 2217.6797 -1.9165 -2.7343 1451.6892 -0.0050 -0.0002 1.0000
2.2935 -0.3899 -435.5906 0.4347 1.3086 -262.5878 0.0013 -0.0009 1.0000
-7.9969 -5.0051 4240.0614 -1.4261 -9.1153 2863.5876 -0.0043 -0.0076 1.0000
11.1284 -3.3493 -2850.9933 3.4344 3.1258 -1753.5947 0.0099 -0.0062 1.0000
4.2173 0.3724 -1275.2877 0.6577 3.2341 -822.2299 0.0024 0.0002 1.0000
-6.1147 -1.7643 2874.2798 -1.4486 -4.6167 1794.5284 -0.0047 -0.0023 1.0000
-3.3978 -1.6482 1888.7833 -0.8542 -2.9846 1206.0965 -0.0025 -0.0024 1.0000
-3.2313 -1.5324 1801.1907 -0.7859 -2.7487 1097.6045 -0.0025 -0.0022 1.0000
-6.6042 -1.7712 3090.1491 -1.6181 -4.5682 1770.0918 -0.0050 -0.0022 1.0000
-5.6754 0.6326 2130.4941 -2.0583 -1.8853 1324.9148 -0.0057 0.0014 1.0000
526.7276 38.4679 -202453.6310 129.2668 318.4891 -118602.2526 0.3943 0.0050 1.0000
-6.1603 -0.3322 2575.0791 -1.9050 -3.3474 1631.0398 -0.0056 -0.0001 1.0000
3.1648 -1.0717 -637.8994 0.7906 1.1274 -342.7065 0.0024 -0.0021 1.0000
-20.4601 2.5086 7261.6368 -7.0203 -7.8479 4491.6415 -0.0188 0.0054 1.0000
-2.4618 -0.8913 1390.4267 -0.8089 -1.9983 972.8757 -0.0023 -0.0015 1.0000
-5.6012 -0.2752 2375.1473 -1.8794 -3.3171 1699.5258 -0.0055 -0.0002 1.0000
-5.5896 -0.2769 2391.2105 -1.7976 -3.4343 1730.1639 -0.0055 -0.0002 1.0000
5.8285 -0.9058 -1758.6002 1.5741 3.4097 -1379.9703 0.0050 -0.0021 1.0000
-17.3555 -6.4755 8868.2104 -2.8858 -19.1716 6560.0426 -0.0094 -0.0136 1.0000
-12.4555 -4.7375 6514.4863 -1.8940 -13.5250 4491.5104 -0.0071 -0.0098 1.0000
39.3110 0.8586 -16316.0836 10.0981 26.0118 -10577.3884 0.0311 -0.0004 1.0000
39.3110 0.3916 -16121.4087 10.5470 25.5384 -10368.2861 0.0311 -0.0004 1.0000
60.2484 1.9371 -24583.8945 17.7820 40.5905 -16452.5933 0.0497 0.0007 1.0000
-6.6430 -0.1174 2889.2432 -2.6818 -4.1747 2269.2632 -0.0064 -0.0001 1.0000
-5.9638 -0.0851 2562.5535 -2.4567 -3.7581 2010.9846 -0.0059 -0.0002 1.0000
-9.6071 -1.4326 4495.9700 -3.0275 -7.7949 3169.6493 -0.0074 -0.0029 1.0000
34.7674 0.1890 -14174.6345 11.2665 22.4522 -9063.0960 0.0266 -0.0007 1.0000
3.4640 -1.0410 -932.6008 1.1703 1.3822 -545.4512 0.0028 -0.0022 1.0000
34.8993 0.1856 -14171.4458 11.3318 23.2517 -9394.6232 0.0266 -0.0007 1.0000
34.9274 0.1846 -14168.5849 11.2345 22.8522 -9230.6856 0.0266 -0.0007 1.0000
3.5153 -0.9924 -979.9075 1.0371 1.4193 -507.5757 0.0027 -0.0022 1.0000
-4.1500 -1.3223 2252.7499 -1.1775 -3.8343 1543.6530 -0.0032 -0.0024 1.0000
-3.8604 -0.5983 1917.1908 -1.3509 -2.7430 1363.2497 -0.0036 -0.0010 1.0000
53.1396 1.1165 -21562.2034 14.2288 37.8219 -14790.4366 0.0414 -0.0006 1.0000
70.2726 1.8310 -28290.7183 19.0688 49.6841 -19408.2144 0.0559 -0.0000 1.0000
-38.9647 4.5145 14712.1394 -12.5102 -19.3728 9632.5418 -0.0361 0.0108 1.0000
125.2993 3.2685 -50689.7789 31.7257 89.7525 -33718.6618 0.1005 0.0000 1.0000
6.3198 -0.8035 -2140.4845 1.7172 3.5819 -1359.9402 0.0050 -0.0021 1.0000
133.0629 5.0201 -54595.7671 34.6885 90.7287 -33913.4491 0.1070 -0.0000 1.0000
3.3978 -0.9599 -928.3301 0.9392 1.4903 -541.0535 0.0027 -0.0022 1.0000
6.3196 -0.7309 -2170.6725 1.6559 3.6939 -1320.1942 0.0050 -0.0021 1.0000
-59.9128 6.1969 22623.1206 -19.5575 -31.0051 14714.1166 -0.0562 0.0175 1.0000
-6.7783 -0.2459 2991.9982 -2.2367 -4.0665 1947.7239 -0.0063 0.0001 1.0000
24.7046 6.5122 -11508.5823 4.1713 23.6902 -6881.7119 0.0148 0.0092 1.0000
2.0927 0.1619 -698.6310 0.0945 1.9519 -315.4303 0.0007 -0.0000 1.0000
6.5121 -0.6659 -2192.8055 1.6980 3.6039 -1281.5587 0.0050 -0.0021 1.0000
6.6818 -0.8231 -2210.9606 1.6800 3.6115 -1285.2223 0.0050 -0.0021 1.0000
-7.5663 -0.2299 3271.5456 -2.4193 -4.2988 2117.4206 -0.0066 0.0002 1.0000
6.8747 -0.7726 -2314.8057 1.7592 3.7094 -1411.9777 0.0050 -0.0021 1.0000
-8.0268 -0.1505 3428.4717 -2.4419 -4.4976 2196.0747 -0.0068 0.0002 1.0000
4.5989 0.0336 -1577.0226 0.7300 3.3663 -928.4955 0.0025 -0.0002 1.0000
3.7658 -1.3232 -807.0846 1.0443 1.5614 -623.4560 0.0028 -0.0022 1.0000
6.9268 -1.3471 -1898.0373 1.9407 3.6925 -1488.2423 0.0050 -0.0021 1.0000
12.7116 3.4397 -5113.3113 2.4278 11.5382 -3411.7598 0.0067 0.0048 1.0000
-38.1187 5.2095 12519.7702 -13.1997 -15.9278 8703.3142 -0.0321 0.0097 1.0000
2.8499 -0.5683 -619.4763 0.5507 1.5974 -380.8048 0.0015 -0.0010 1.0000
49.3019 0.5756 -17746.8737 13.1849 30.8374 -12029.6155 0.0334 -0.0009 1.0000
-56.9186 7.8656 19053.5975 -19.7514 -24.5489 13586.4288 -0.0448 0.0135 1.0000
1.2570 -0.6363 -8.9311 0.1001 0.6894 -7.3456 0.0004 -0.0010 1.0000
7.5492 -1.2129 -2201.7669 2.0128 3.8077 -1534.3474 0.0050 -0.0021 1.0000
7.4158 -1.2159 -2115.9635 1.9467 3.9805 -1608.0971 0.0050 -0.0021 1.0000
-14.8144 -5.5232 7093.9971 -2.5204 -15.8503 5552.2483 -0.0078 -0.0082 1.0000
-3.5376 -1.6916 2042.5892 -0.7070 -3.2411 1313.5100 -0.0023 -0.0024 1.0000
2.3661 0.0977 -625.4332 0.1288 2.1594 -519.7402 0.0008 -0.0001 1.0000
-12.0259 -2.1202 5377.5158 -2.0145 -8.0686 3108.4042 -0.0079 -0.0024 1.0000
16.9479 4.0174 -7149.9677 1.9577 14.3549 -4707.1152 0.0088 0.0044 1.0000
2.2307 -0.7213 -389.8671 0.2522 1.1591 -289.5680 0.0011 -0.0013 1.0000
5.1436 0.2868 -1769.6832 0.5210 3.5519 -985.2350 0.0026 -0.0001 1.0000
43.5215 3.2251 -17649.5154 7.2709 29.2490 -10695.8555 0.0285 -0.0018 1.0000
-4.7900 -1.7721 2571.0372 -0.8411 -4.1354 1570.8027 -0.0033 -0.0021 1.0000
-5.6058 -1.8996 2960.6283 -1.1040 -4.2433 1636.5854 -0.0037 -0.0022 1.0000
6.0316 0.6013 -2219.2313 0.6334 4.1608 -996.9770 0.0031 -0.0001 1.0000
-11.7049 -2.1479 5437.8505 -1.9533 -7.1218 2410.9760 -0.0075 -0.0016 1.0000
7.8686 -0.7066 -2492.3406 1.3820 3.8500 -1128.3539 0.0050 -0.0021 1.0000
-9.5303 -4.6776 5185.0366 -1.1340 -8.3797 2491.7470 -0.0052 -0.0045 1.0000
2.2441 -0.5607 -407.1181 0.1631 1.0511 -67.7069 0.0011 -0.0013 1.0000
7.8803 -0.5664 -2550.3176 1.3459 3.7196 -1074.9690 0.0050 -0.0021 1.0000
-2.1291 -1.9427 1595.4262 -0.3007 -2.3620 835.2646 -0.0013 -0.0025 1.0000
-9.6523 -0.4847 4016.1547 -2.4180 -5.0502 2276.4231 -0.0075 0.0004 1.0000
-3.2773 -1.0743 1781.8295 -0.8278 -2.3510 1065.9263 -0.0026 -0.0013 1.0000
7.7124 -0.7141 -2493.3278 1.3591 4.0634 -1305.9298 0.0050 -0.0021 1.0000
-6.3849 -1.9188 3306.4566 -1.2372 -4.6546 1789.9231 -0.0040 -0.0022 1.0000
-2.6792 -1.1714 1596.5892 -0.7283 -2.0874 969.7638 -0.0020 -0.0015 1.0000
-2.4347 -1.1615 1480.1844 -0.6729 -1.9663 908.7038 -0.0019 -0.0015 1.0000
-5.1952 -0.8890 2427.7419 -1.4568 -3.3722 1562.3340 -0.0039 -0.0009 1.0000
-11.0159 -0.3320 4507.3141 -2.9319 -5.8824 2655.3273 -0.0081 0.0005 1.0000
-5.3841 -1.8592 2788.4206 -1.2475 -4.2560 1655.2907 -0.0035 -0.0022 1.0000
2.6063 0.1944 -761.9220 0.1759 2.1682 -371.2317 0.0008 -0.0001 1.0000
20.9316 4.5386 -9030.9178 3.2208 17.2889 -5035.8288 0.0107 0.0041 1.0000
7.9792 -0.7807 -2634.6880 1.6896 4.2886 -1391.1547 0.0050 -0.0021 1.0000
3.5098 -0.3153 -1021.0291 0.5189 2.1912 -484.7279 0.0018 -0.0010 1.0000
-5.3886 -1.8452 2877.7998 -1.2183 -4.3897 1674.4231 -0.0036 -0.0021 1.0000
-10.3968 -2.3571 4945.3759 -2.2710 -7.2208 2640.7744 -0.0070 -0.0020 1.0000
-11.5116 -2.4352 5531.0516 -2.1642 -7.6547 2697.1766 -0.0076 -0.0018 1.0000
-3.3393 -1.5657 1987.6327 -0.6836 -3.0663 1197.5312 -0.0023 -0.0021 1.0000
37.4905 1.3742 -15457.4951 6.7249 23.3692 -8125.7484 0.0240 -0.0021 1.0000
-3.8535 -0.9219 2057.4733 -0.9458 -2.7637 1233.4923 -0.0029 -0.0012 1.0000
-5.6931 -0.7390 2794.9259 -1.3181 -3.6498 1574.8714 -0.0044 -0.0007 1.0000
14.4220 5.7960 -7415.0338 0.5793 16.2493 -4131.9991 0.0056 0.0080 1.0000
5.2897 -1.5326 -1612.8593 1.3602 1.6305 -692.3202 0.0041 -0.0035 1.0000
3.8834 -0.8066 -1227.7142 0.7639 1.7811 -501.7937 0.0027 -0.0021 1.0000
5.6739 0.3225 -2406.1435 0.7811 4.3457 -1179.3421 0.0030 -0.0003 1.0000
27.3166 5.3833 -13505.7755 3.2380 24.5743 -6908.0797 0.0157 0.0054 1.0000
-10.4718 -1.8743 5345.8872 -2.2285 -8.6294 3077.0435 -0.0077 -0.0019 1.0000
-5.4852 -2.0554 3252.1107 -0.8055 -6.0967 2010.0197 -0.0032 -0.0036 1.0000
6.8133 -0.3671 -2837.5656 1.4793 4.1585 -1342.4191 0.0050 -0.0021 1.0000
137.6251 -6.2514 -61531.0749 38.7597 81.9503 -34049.1649 0.1235 -0.0409 1.0000
-2.6035 -0.6160 1504.4479 -0.8454 -2.4622 1109.2619 -0.0026 -0.0013 1.0000
-4.6875 -0.4514 2528.3826 -1.3348 -3.7776 1658.0127 -0.0044 -0.0008 1.0000
3.5389 0.3907 -1865.1983 0.2627 3.5952 -951.7393 0.0012 0.0007 1.0000
-3.7517 -0.3896 2177.6431 -1.1669 -2.9805 1453.3667 -0.0038 -0.0003 1.0000
20.4625 1.1540 -11387.8910 4.0329 18.1283 -6703.1886 0.0157 -0.0019 1.0000
-4.8266 -0.6631 2903.0510 -1.4856 -4.4062 1952.3732 -0.0049 -0.0007 1.0000
50.2962 9.6810 -31805.3199 2.8363 60.6925 -17812.2261 0.0201 0.0307 1.0000
3.1212 -0.1191 -1702.1783 0.6000 2.5060 -808.1558 0.0019 -0.0011 1.0000
-4.1522 -0.4490 2676.7057 -0.9204 -4.4906 1787.5383 -0.0029 -0.0023 1.0000
-4.2818 -0.3735 2787.4559 -0.8990 -4.6025 1800.0895 -0.0030 -0.0022 1.0000
5.7435 0.0350 -3626.7565 1.5175 3.6302 -1476.0318 0.0050 -0.0035 1.0000
1.0000 0.0000 0.0000 0.0000 1.0000 0.0000 0.0000 0.0000 1.0000
1.0000 0.0000 0.0000 0.0000 1.0000 0.0000 0.0000 0.0000 1.0000
1.0000 0.0000 0.0000 0.0000 1.0000 0.0000 0.0000 0.0000 1.0000
1.0000 0.0000 0.0000 0.0000 1.0000 0.0000 0.0000 0.0000 1.0000
1.0000 0.0000 0.0000 0.0000 1.0000 0.0000 0.0000 0.0000 1.0000
1.0000 0.0000 0.0000 0.0000 1.0000 0.0000 0.0000 0.0000 1.0000
1.0000 0.0000 0.0000 0.0000 1.0000 0.0000 0.0000 0.0000 1.0000
1.0000 0.0000 0.0000 0.0000 1.0000 0.0000 0.0000 0.0000 1.0000
1.0000 0.0000 0.0000 0.0000 1.0000 0.0000 0.0000 0.0000 1.0000
1.0000 0.0000 0.0000 0.0000 1.0000 0.0000 0.0000 0.0000 1.0000
1.0000 0.0000 0.0000 0.0000 1.0000 0.0000 0.0000 0.0000 1.0000
1.0000 0.0000 0.0000 0.0000 1.0000 0.0000 0.0000 0.0000 1.0000
1.0000 0.0000 0.0000 0.0000 1.0000 0.0000 0.0000 0.0000 1.0000
1.0000 0.0000 0.0000 0.0000 1.0000 0.0000 0.0000 0.0000 1.0000
1.0000 0.0000 0.0000 0.0000 1.0000 0.0000 0.0000 0.0000 1.0000
1.0000 0.0000 0.0000 0.0000 1.0000 0.0000 0.0000 0.0000 1.0000
1.0000 0.0000 0.0000 0.0000 1.0000 0.0000 0.0000 0.0000 1.0000
1.0000 0.0000 0.0000 0.0000 1.0000 0.0000 0.0000 0.0000 1.0000
1.0000 0.0000 0.0000 0.0000 1.0000 0.0000 0.0000 0.0000 1.0000
1.0000 0.0000 0.0000 0.0000 1.0000 0.0000 0.0000 0.0000 1.0000
1.0000 0.0000 0.0000 0.0000 1.0000 0.0000 0.0000 0.0000 1.0000
1.0000 0.0000 0.0000 0.0000 1.0000 0.0000 0.0000 0.0000 1.0000
1.0000 0.0000 0.0000 0.0000 1.0000 0.0000 0.0000 0.0000 1.0000
1.0000 0.0000 0.0000 0.0000 1.0000 0.0000 0.0000 0.0000 1.0000
1.0000 0.0000 0.0000 0.0000 1.0000 0.0000 0.0000 0.0000 1.0000
1.0000 0.0000 0.0000 0.0000 1.0000 0.0000 0.0000 0.0000 1.0000
1.0000 0.0000 0.0000 0.0000 1.0000 0.0000 0.0000 0.0000 1.0000
1.0000 0.0000 0.0000 0.0000 1.0000 0.0000 0.0000 0.0000 1.0000
1.0000 0.0000 0.0000 0.0000 1.0000 0.0000 0.0000 0.0000 1.0000
1.0000 0.0000 0.0000 0.0000 1.0000 0.0000 0.0000 0.0000 1.0000
1.0000 0.0000 0.0000 0.0000 1.0000 0.0000 0.0000 0.0000 1.0000
1.0000 0.0000 0.0000 0.0000 1.0000 0.0000 0.0000 0.0000 1.0000
1.0000 0.0000 0.0000 0.0000 1.0000 0.0000 0.0000 0.0000 1.0000
1.0000 0.0000 0.0000 0.0000 1.0000 0.0000 0.0000 0.0000 1.0000
1.0000 0.0000 0.0000 0.0000 1.0000 0.0000 0.0000 0.0000 1.0000
1.0000 0.0000 0.0000 0.0000 1.0000 0.0000 0.0000 0.0000 1.0000
1.0000 0.0000 0.0000 0.0000 1.0000 0.0000 0.0000 0.0000 1.0000
-3.9207 -1.1582 3000.4995 0.0989 -4.2613 1320.1256 -0.0030 -0.0018 1.0000
-5.4966 -1.1959 3958.5214 -0.2209 -4.8816 1641.3327 -0.0053 0.0003 1.0000
-2.4773 -0.5950 1775.7747 -0.2091 -2.3023 860.2504 -0.0025 -0.0009 1.0000
-3.6689 -0.5593 2432.3629 -0.2677 -2.9324 1035.2991 -0.0035 -0.0004 1.0000
-7.9593 -1.7141 5304.2481 -0.2098 -7.3344 2278.2294 -0.0059 -0.0016 1.0000
-3.0907 -0.7255 2036.4106 -0.3814 -2.9914 1122.8417 -0.0028 -0.0012 1.0000
61.4704 2.3749 -34735.1212 10.8792 37.1811 -14755.5110 0.0563 -0.0277 1.0000
23.8620 2.3145 -13808.0969 2.0726 17.8064 -5698.8688 0.0183 -0.0067 1.0000
7.3063 1.1091 -4292.7400 0.0887 6.3011 -1676.2590 0.0039 -0.0007 1.0000
-32.6296 -7.6612 20153.9937 -0.8902 -32.1404 9669.8189 -0.0181 -0.0072 1.0000
-3.4151 -0.6940 2116.2830 -0.5259 -2.7012 1102.5438 -0.0028 -0.0008 1.0000
-8.4436 -1.0501 4740.4033 -1.0576 -6.6498 2464.2363 -0.0063 -0.0003 1.0000
-3.2227 -0.4643 1863.6709 -0.6033 -2.4643 1099.2848 -0.0029 -0.0005 1.0000
-30.5888 -1.0411 15657.6431 -4.2879 -21.0086 8289.6054 -0.0243 0.0081 1.0000
-4.2952 -0.8056 2495.9364 -0.5555 -3.3656 1352.6126 -0.0034 -0.0006 1.0000
23.7871 1.8240 -11866.1423 1.8896 19.5099 -6650.7048 0.0148 -0.0022 1.0000
31.7736 -0.2643 -15172.5067 3.1976 20.7678 -7519.4656 0.0208 -0.0074 1.0000
-8.4265 -1.0445 4391.2863 -0.9967 -6.4645 2456.5681 -0.0060 -0.0005 1.0000
-25.8145 -1.3174 12502.4817 -3.2832 -18.7080 7185.8781 -0.0177 0.0024 1.0000
23.5974 1.0455 -11161.3259 1.9202 17.0087 -5741.9681 0.0134 -0.0022 1.0000
-10.7065 -2.2209 5788.0760 -1.0833 -9.2784 3413.0011 -0.0062 -0.0021 1.0000
5.7464 -0.5676 -2330.9166 0.5178 3.7512 -1255.7228 0.0031 -0.0021 1.0000
-26.8239 0.9420 12232.7553 -4.3296 -16.2092 6914.2815 -0.0188 0.0058 1.0000
-35.1557 -0.8914 16718.0799 -4.2833 -23.8142 9162.9948 -0.0218 0.0033 1.0000
3.8601 -0.3858 -1512.3399 0.2115 2.6862 -810.5206 0.0017 -0.0014 1.0000
-7.7608 -1.8823 4381.3009 -0.6980 -6.3291 2347.2486 -0.0042 -0.0021 1.0000
22.5154 1.0590 -10545.9695 1.8251 16.4893 -5817.0564 0.0123 -0.0021 1.0000
-6.9003 -0.6803 3562.2582 -0.7538 -4.7538 1907.7860 -0.0048 -0.0001 1.0000
-50.4248 -5.7820 25153.4330 -2.8615 -39.9521 14042.7436 -0.0276 -0.0019 1.0000
21.8717 0.9294 -10254.4745 1.3338 16.5238 -5895.4226 0.0115 -0.0021 1.0000
-50.0425 -2.0972 23998.9621 -4.0092 -35.9315 13641.6471 -0.0300 0.0048 1.0000
-50.2265 -2.0683 24006.8471 -4.1535 -35.9111 13647.5282 -0.0300 0.0048 1.0000
-41.9665 -1.4139 19900.2814 -3.9577 -28.2470 10763.9047 -0.0251 0.0040 1.0000
-12.0143 -1.1082 5985.7164 -1.2811 -8.2382 3197.5346 -0.0073 -0.0003 1.0000
-37.4715 -0.7796 17193.2449 -4.2762 -25.7655 9899.5969 -0.0226 0.0033 1.0000
-38.8911 -0.8960 17974.3533 -4.2722 -25.0911 9381.0313 -0.0228 0.0036 1.0000
24.1373 0.8364 -10867.7966 1.7968 17.1881 -5712.2492 0.0124 -0.0022 1.0000
29.7680 -1.2681 -12695.4193 3.7069 18.8392 -7170.3487 0.0168 -0.0060 1.0000
3.9601 -1.3076 -1153.6199 0.4130 1.8633 -603.2961 0.0021 -0.0026 1.0000
10.1551 -0.3866 -4150.4757 0.7548 6.9714 -2269.7389 0.0050 -0.0021 1.0000
2.5309 -0.9377 -618.9267 0.1117 1.3743 -341.4288 0.0010 -0.0017 1.0000
24.4985 0.6457 -10660.5679 1.7102 17.0030 -5675.9482 0.0120 -0.0022 1.0000
3.8793 -0.2210 -1385.1924 -0.0674 2.9388 -733.7562 0.0013 -0.0008 1.0000
4.1224 -0.1612 -1513.8500 -0.0784 3.2262 -855.9882 0.0013 -0.0009 1.0000
-84.8733 -1.0938 37859.6609 -5.5445 -55.6840 20154.0990 -0.0435 0.0076 1.0000
9.5718 0.0651 -3937.2320 0.1743 7.1690 -2280.5093 0.0038 -0.0009 1.0000
1781.5725 111.1672 -807734.8099 108.9599 1262.3383 -460659.8807 0.7911 0.0046 1.0000
15.6535 0.8422 -6734.1901 0.9804 12.1636 -4437.1118 0.0059 0.0001 1.0000
-91.0854 2.1362 38114.0869 -9.1269 -60.0921 24220.5350 -0.0456 0.0075 1.0000
7.8067 0.4093 -3148.8126 0.2501 6.6367 -2231.8904 0.0024 0.0001 1.0000
5.6486 -0.2787 -2045.8585 0.3199 4.5426 -1597.4848 0.0017 -0.0006 1.0000
3.2446 -0.5189 -950.9479 0.0645 2.6331 -823.8651 0.0007 -0.0008 1.0000
-26.3998 -2.8582 12177.8955 -2.5178 -20.4661 8108.8143 -0.0115 -0.0027 1.0000
11.7014 -1.4197 -4295.5084 1.0309 7.9480 -3109.7206 0.0050 -0.0021 1.0000
4.3933 -0.5902 -1446.6016 0.1574 3.1384 -1042.6600 0.0013 -0.0009 1.0000
21.3445 -0.5985 -8821.9540 1.5984 14.3223 -5621.9531 0.0090 -0.0019 1.0000
8.1253 -1.3286 -2876.1370 0.4115 5.2092 -1973.1156 0.0034 -0.0021 1.0000
-8.9463 -0.9146 4483.1037 -0.5379 -5.8741 2419.3441 -0.0046 -0.0005 1.0000
-26.4246 -3.4598 12904.6188 -0.0527 -19.2791 6953.3369 -0.0115 -0.0021 1.0000
-12.0274 -1.4545 5983.0540 -0.0620 -8.3616 3098.6132 -0.0058 -0.0009 1.0000
383.0689 27.8918 -178316.2776 -9.4198 289.3973 -101819.1677 0.1653 -0.0026 1.0000
-6.4280 -2.1456 3780.8900 0.2181 -5.2173 1851.6625 -0.0029 -0.0020 1.0000
-27.2911 -6.2466 14350.2872 1.3052 -23.0786 7925.7350 -0.0107 -0.0048 1.0000
19.8329 1.8948 -9338.8301 -1.1772 15.7490 -5159.0709 0.0074 -0.0002 1.0000
-22.6059 -1.7355 10895.9907 0.2734 -15.4447 5519.9611 -0.0110 0.0003 1.0000
28.1365 -1.6348 -11949.6360 -0.0456 19.3350 -7051.1475 0.0131 -0.0047 1.0000
-53.4791 -14.5226 28572.3526 1.4199 -49.5810 17470.4748 -0.0173 -0.0149 1.0000
123.4157 5.6049 -57366.3087 1.0683 95.2885 -35333.3917 0.0525 -0.0014 1.0000
-8.6872 -1.3827 4543.4394 -0.4869 -7.0270 2870.7329 -0.0043 -0.0015 1.0000
-12.1408 -1.5963 6305.1912 -0.3786 -9.3574 3581.9769 -0.0061 -0.0009 1.0000
33.5977 6.6043 -18110.8455 -0.8531 30.3077 -10268.9605 0.0108 0.0053 1.0000
7.4149 -0.2716 -3313.7756 -0.0936 5.8122 -1937.0606 0.0033 -0.0021 1.0000
-8.1406 -1.4230 4581.1006 -0.0712 -6.3117 2240.4390 -0.0047 -0.0004 1.0000
-19.4495 -5.7097 11615.1106 1.4229 -17.3798 5135.9200 -0.0084 -0.0033 1.0000
31.2714 9.1849 -18428.3342 -4.5851 26.7455 -6083.9207 0.0114 0.0029 1.0000
-343.7935 -63.0590 189432.0432 29.3756 -260.1192 68090.2765 -0.1563 0.0083 1.0000
-22.3397 -5.2395 12670.1942 1.0873 -17.3679 5141.5228 -0.0103 -0.0013 1.0000
-27.9579 -4.8278 14981.2744 0.2373 -22.3548 7446.9611 -0.0123 -0.0017 1.0000
88.4255 7.5179 -44230.5012 1.5201 67.8928 -24090.3864 0.0365 -0.0021 1.0000
17.8627 3.6572 -9247.3057 0.0553 18.0393 -6367.2668 0.0043 0.0043 1.0000
4.8139 0.0750 -2049.2424 0.0432 4.8401 -1713.0019 0.0008 0.0002 1.0000
-10.7733 -2.2474 5791.5331 -0.9668 -10.9190 4554.8044 -0.0036 -0.0042 1.0000
13.1710 -0.9696 -5530.4526 1.5138 11.5457 -5037.1793 0.0047 -0.0004 1.0000
-12.8082 0.9538 5794.0482 -2.0988 -9.2291 4589.3469 -0.0070 0.0008 1.0000
28.4689 -3.8581 -11970.2480 3.5998 21.3278 -9805.6959 0.0129 -0.0044 1.0000
26.7415 0.7724 -12757.0641 2.0938 24.4480 -10088.4411 0.0095 0.0014 1.0000
32.4613 1.3650 -15837.6939 1.5284 29.7002 -11578.7430 0.0119 0.0017 1.0000
6.7780 -0.1980 -3114.1051 0.1683 5.9444 -2191.3577 0.0021 -0.0008 1.0000
-16.4662 -0.7465 8581.5190 -0.8550 -12.8564 5073.7660 -0.0083 0.0005 1.0000
-18.3491 -2.1902 10088.2560 -0.8316 -15.4168 5963.7051 -0.0086 -0.0007 1.0000
-38.0581 -5.2134 20957.5553 0.2102 -33.7160 11698.8465 -0.0167 -0.0019 1.0000
-43.5686 -5.3229 23778.5352 -0.1657 -38.2105 13540.2703 -0.0188 -0.0020 1.0000
105.8840 3.0921 -53989.2438 2.9212 86.2882 -32343.4485 0.0493 -0.0107 1.0000
-52.0306 -0.7229 26230.8203 -3.5872 -42.1807 17520.4646 -0.0235 0.0015 1.0000
-59.6405 -6.6517 31938.0024 -3.0167 -53.1879 21676.2240 -0.0201 -0.0103 1.0000
-9.3068 -0.3515 4805.6747 -0.9452 -6.9084 3232.7757 -0.0044 -0.0010 1.0000
-4.8854 -0.2353 2559.5501 -0.7612 -3.6818 1960.7435 -0.0025 -0.0012 1.0000
-5.4969 -0.5686 2919.3565 -0.8461 -4.8952 2580.2210 -0.0022 -0.0023 1.0000
1.0000 0.0000 0.0000 0.0000 1.0000 0.0000 0.0000 0.0000 1.0000
1.0000 0.0000 0.0000 0.0000 1.0000 0.0000 0.0000 0.0000 1.0000
1.0000 0.0000 0.0000 0.0000 1.0000 0.0000 0.0000 0.0000 1.0000
1.0000 0.0000 0.0000 0.0000 1.0000 0.0000 0.0000 0.0000 1.0000
1.0000 0.0000 0.0000 0.0000 1.0000 0.0000 0.0000 0.0000 1.0000
1.0000 0.0000 0.0000 0.0000 1.0000 0.0000 0.0000 0.0000 1.0000
1.0000 0.0000 0.0000 0.0000 1.0000 0.0000 0.0000 0.0000 1.0000
1.0000 0.0000 0.0000 0.0000 1.0000 0.0000 0.0000 0.0000 1.0000
-23.3438 -5.8124 14577.2544 3.0709 -19.4625 5873.5748 -0.0086 -0.0032 1.0000
-4.9239 -0.5099 2854.0673 0.2732 -2.9200 948.8815 -0.0032 0.0002 1.0000
-14.0189 -2.0215 7945.9843 1.6634 -8.8867 2219.7143 -0.0069 0.0010 1.0000
13.6923 1.9419 -7141.1291 -2.7357 10.0859 -1898.6724 0.0050 -0.0021 1.0000
10.8716 3.2190 -5961.2937 -2.1159 9.2632 -1964.3890 0.0028 0.0000 1.0000
16.8979 5.8400 -9638.7599 -3.1783 14.5331 -3170.9002 0.0037 0.0016 1.0000
8.4843 0.7317 -3952.4636 -1.0283 6.5771 -1633.1400 0.0022 -0.0011 1.0000
10.6139 2.0996 -5422.0875 -1.2224 9.1262 -2465.7673 0.0025 -0.0002 1.0000
-40.2287 -4.9827 21300.4131 0.8647 -28.6505 9765.9108 -0.0141 0.0003 1.0000
335.6066 40.2049 -175956.6091 -10.5364 287.2013 -99666.2686 0.1019 0.0170 1.0000
10.8605 0.7486 -5605.8554 -0.3861 8.9755 -3097.9870 0.0023 -0.0001 1.0000
-10.2135 -2.0982 5950.8135 -0.0586 -9.3610 3631.5714 -0.0031 -0.0031 1.0000
-24.9964 0.6954 12495.8905 -1.2342 -18.8930 8081.6796 -0.0112 0.0021 1.0000
36.1209 -0.4887 -18009.2641 0.7122 31.6134 -12942.5029 0.0124 -0.0017 1.0000
121.2149 1.7063 -61961.7851 2.8634 109.3814 -45515.8385 0.0411 0.0002 1.0000
-5.4105 -1.0591 3256.6171 -0.1056 -4.7942 1996.0969 -0.0023 -0.0015 1.0000
-23.5698 -1.2120 12489.2372 0.0147 -20.6930 8271.2156 -0.0088 -0.0012 1.0000
-10.0292 -1.3864 5719.0437 -0.0014 -9.0926 3645.6614 -0.0037 -0.0018 1.0000
-4.5164 -1.0774 2808.0458 -0.0707 -4.0836 1682.1028 -0.0019 -0.0016 1.0000
-15.2955 -0.9144 8234.1986 -0.3848 -13.3019 5519.6365 -0.0061 -0.0007 1.0000
-12.6779 -1.8969 7266.8994 0.0763 -11.3125 4371.0433 -0.0043 -0.0023 1.0000
-10.4413 -0.7553 5663.1476 -0.4041 -8.9220 3702.7585 -0.0046 -0.0006 1.0000
-16.4403 0.0837 8326.8751 -0.6096 -12.7951 5178.1694 -0.0073 0.0006 1.0000
-5.8410 -0.9900 3365.9256 -0.3349 -5.1725 2150.5003 -0.0026 -0.0012 1.0000
-15.4158 -2.5417 8682.7505 -0.2768 -14.2498 5435.9810 -0.0053 -0.0023 1.0000
-7.3562 -1.3910 4296.7011 -0.4360 -6.6451 2735.8837 -0.0028 -0.0015 1.0000
-84.9833 -9.2524 45624.2092 -0.0664 -78.7010 28681.5227 -0.0252 -0.0071 1.0000
-19.1686 -2.6902 10667.0936 -0.3664 -17.3504 6550.8414 -0.0062 -0.0023 1.0000
-14.2078 -2.4989 8144.9025 -0.2950 -12.9469 4902.4793 -0.0046 -0.0022 1.0000
39.5541 1.2184 -20216.6981 0.6443 33.5246 -12483.8440 0.0124 -0.0020 1.0000
-145.1272 -17.2299 79540.9176 -1.1104 -135.6773 50446.9637 -0.0417 -0.0106 1.0000
-13.8621 -1.0897 7586.3966 -0.3515 -11.5377 4468.9158 -0.0054 -0.0003 1.0000
-14.0095 -1.4870 7799.2799 -0.2511 -12.0749 4621.8363 -0.0052 -0.0009 1.0000
-9.7881 -1.4916 5664.5020 -0.3086 -8.6285 3408.3820 -0.0036 -0.0013 1.0000
67.0942 4.3941 -35782.1702 0.1268 59.9833 -22254.1885 0.0186 0.0015 1.0000
-30.4892 -1.2079 16156.8069 -1.1173 -25.7396 10225.9769 -0.0109 0.0004 1.0000
-64.5293 -0.5055 33307.2342 -2.9580 -54.1059 21784.8617 -0.0229 0.0031 1.0000
-9.9454 -0.4733 5399.2204 -0.9312 -8.0298 3549.6582 -0.0041 -0.0002 1.0000
-9.8721 -0.2130 5282.6823 -0.8715 -7.7438 3386.0835 -0.0043 0.0001 1.0000
-36.9901 -0.6245 19357.8061 -2.5942 -31.9264 13258.8491 -0.0127 0.0005 1.0000
-130.8093 0.0554 67270.0548 -7.9902 -114.0191 46126.6563 -0.0415 0.0021 1.0000
-76.4914 1.8862 38642.6396 -6.0867 -65.2788 27160.0935 -0.0263 0.0036 1.0000
-58.0450 2.7570 29039.6902 -5.0802 -46.9888 19858.4060 -0.0209 0.0045 1.0000
-23.3770 1.8614 11556.3996 -2.9738 -17.4460 8024.7549 -0.0098 0.0030 1.0000
-29.9522 0.9196 15327.3021 -2.8677 -24.0831 10334.0533 -0.0113 0.0023 1.0000
-46.6180 -1.6623 24932.0266 -2.4973 -41.7714 16517.3464 -0.0146 -0.0007 1.0000
-21.0709 0.3937 10986.3182 -1.8924 -16.8221 7202.3332 -0.0083 0.0016 1.0000
-42.9241 -1.2690 23059.8674 -2.0522 -37.2734 14730.7677 -0.0142 0.0009 1.0000
-10.2620 -0.9322 5846.0666 -0.5892 -8.9521 3649.0363 -0.0038 -0.0007 1.0000
114.4763 1.6595 -60580.5473 2.2622 100.3829 -37948.0282 0.0353 -0.0061 1.0000
-184.9243 -5.9848 99761.8539 -0.3684 -163.2882 60286.8824 -0.0562 0.0043 1.0000
-12.0730 -0.4012 6640.2411 -0.7079 -9.8706 4113.3163 -0.0048 0.0003 1.0000
-49.2303 -1.5192 26707.9807 -0.8036 -42.6423 16362.1980 -0.0157 0.0012 1.0000
-17.4215 -1.3599 9837.3764 -0.3607 -15.7169 6144.1346 -0.0055 -0.0010 1.0000
-13.6464 -0.8497 7664.0511 -0.5697 -11.7478 4785.2091 -0.0048 -0.0004 1.0000
-10.3214 -0.7520 5872.1673 -0.5224 -8.8462 3677.9592 -0.0038 -0.0006 1.0000
-7.5787 -0.7645 4414.7868 -0.4936 -6.5780 2816.8011 -0.0029 -0.0008 1.0000
-23.2847 -0.4678 12612.9531 -0.9222 -20.4660 8335.7622 -0.0075 -0.0001 1.0000
-141.9044 5.6346 73082.7949 -7.3135 -122.0736 50779.5004 -0.0454 0.0107 1.0000
-367.3774 9.1046 190832.4193 -17.5265 -325.0144 134120.8313 -0.1101 0.0188 1.0000
-13.7453 -0.9047 7729.3112 -0.5344 -12.4101 5066.3848 -0.0043 -0.0010 1.0000
-28.8593 -1.1857 15830.8759 -1.1782 -26.3231 10758.8267 -0.0084 -0.0007 1.0000
-15.5583 -1.3741 8893.0530 -0.5140 -14.4616 5859.8408 -0.0044 -0.0014 1.0000
-47.2869 -0.7184 25536.4022 -1.1946 -42.0198 16786.3849 -0.0133 0.0002 1.0000
-16.2856 -1.4014 9297.3895 -0.4941 -15.1881 6151.9835 -0.0046 -0.0014 1.0000
-35.9869 -1.6414 19820.8269 -0.6931 -33.7213 13402.9007 -0.0095 -0.0015 1.0000
-11.2598 -1.2273 6582.2996 -0.3526 -10.3602 4228.2228 -0.0033 -0.0014 1.0000
-15.0465 -0.2593 8210.8144 -0.7365 -12.9777 5462.2949 -0.0048 -0.0003 1.0000
-19.3582 -0.3019 10531.3999 -0.9815 -16.8823 7127.3171 -0.0058 -0.0003 1.0000
-11.1591 -1.1839 6510.3645 -0.5740 -10.2447 4337.7337 -0.0031 -0.0015 1.0000
-14.8574 -0.5404 8217.8930 -0.7316 -13.2898 5605.9885 -0.0044 -0.0008 1.0000
-25.7107 -0.4332 13948.4792 -1.5296 -23.4924 10067.3932 -0.0066 -0.0013 1.0000
-12.8212 -0.4981 7121.1966 -0.8990 -11.5757 5059.2362 -0.0036 -0.0012 1.0000
-16.9032 -0.1016 9134.9125 -1.4774 -15.3250 6875.1902 -0.0047 -0.0009 1.0000
-13.5122 -0.1530 7386.1794 -1.2546 -11.9022 5410.1168 -0.0038 -0.0009 1.0000
-22.3729 1.1134 11613.3639 -2.2574 -19.3005 8882.6464 -0.0064 0.0001 1.0000
-30.0810 0.3452 15996.1736 -2.3120 -27.9519 12281.0123 -0.0074 -0.0014 1.0000
-28.3649 0.6570 14999.5273 -2.3814 -26.1052 11623.0443 -0.0073 -0.0008 1.0000
-18.8290 0.2347 10084.6616 -1.6227 -16.9565 7590.9563 -0.0050 -0.0009 1.0000
-13.4052 -0.3613 7411.3644 -1.0643 -12.4960 5529.4297 -0.0035 -0.0013 1.0000
-16.6255 0.3006 8914.2361 -1.4117 -14.7861 6637.6488 -0.0045 -0.0007 1.0000
-12.5804 0.1463 6798.2328 -1.1596 -11.1165 5069.0435 -0.0037 -0.0006 1.0000
-11.9654 0.0476 6515.0948 -1.1157 -10.5347 4830.3394 -0.0035 -0.0007 1.0000
-12.6056 -0.1813 6922.1639 -0.9757 -11.6226 5185.1196 -0.0034 -0.0012 1.0000
-26.8852 0.9813 14124.4143 -1.7536 -24.8112 10890.4386 -0.0065 -0.0010 1.0000
-13.2763 -0.5070 7405.1932 -0.8523 -12.9611 5702.7209 -0.0031 -0.0018 1.0000
-13.1153 -0.0661 7162.4885 -1.0852 -12.0769 5514.8014 -0.0033 -0.0013 1.0000
-8.2937 -0.5275 4759.2303 -0.6828 -7.8837 3612.3706 -0.0022 -0.0014 1.0000
-9.2473 -0.0976 5123.6153 -0.7670 -8.3495 3868.3616 -0.0026 -0.0010 1.0000
-7.6255 -0.2778 4303.8009 -0.6266 -6.9266 3209.2246 -0.0022 -0.0011 1.0000
-10.7292 -0.3313 6007.5077 -0.7154 -10.0300 4539.1595 -0.0026 -0.0014 1.0000
-9.8286 0.1280 5354.1389 -0.6948 -8.6269 3961.0490 -0.0028 -0.0008 1.0000
-11.0617 0.0223 6056.3451 -0.7041 -10.0630 4561.9668 -0.0029 -0.0010 1.0000
-7.9462 -0.5753 4615.2968 -0.4455 -7.4542 3338.6100 -0.0020 -0.0014 1.0000
-6.4035 -0.6534 3821.8705 -0.3571 -5.8806 2639.1195 -0.0018 -0.0013 1.0000
-8.4687 -0.6378 4944.1234 -0.3216 -7.8003 3399.6890 -0.0022 -0.0013 1.0000
-7.3278 -0.6347 4323.6040 -0.3106 -6.7753 2975.8186 -0.0020 -0.0012 1.0000
-6.0628 -0.6137 3641.1507 -0.2638 -5.4404 2398.7414 -0.0018 -0.0011 1.0000
-7.7983 -0.5629 4574.1998 -0.2715 -7.0168 3045.9973 -0.0022 -0.0010 1.0000
-6.9776 -0.7110 4181.3791 -0.2465 -6.4739 2807.6240 -0.0019 -0.0012 1.0000
-7.9753 -0.6554 4707.9927 -0.2887 -7.3663 3194.9047 -0.0021 -0.0012 1.0000
-6.4052 -0.7459 3894.9318 -0.2473 -5.8842 2559.5594 -0.0018 -0.0012 1.0000
-9.4853 -0.4145 5450.0057 -0.3221 -8.7309 3761.8230 -0.0024 -0.0011 1.0000
-7.5926 -0.4297 4427.0480 -0.4115 -6.8933 3065.6096 -0.0021 -0.0011 1.0000
-6.8062 -0.5174 4023.9688 -0.3730 -6.4919 2879.1621 -0.0019 -0.0012 1.0000
-7.7271 -0.1807 4402.2766 -0.5261 -7.0380 3184.8806 -0.0022 -0.0009 1.0000
-6.9246 -0.2688 4003.1919 -0.5766 -6.3646 2942.3766 -0.0021 -0.0009 1.0000
-6.4541 -0.2793 3756.5586 -0.4980 -5.8999 2702.5772 -0.0020 -0.0009 1.0000
-7.4012 -0.1458 4234.2622 -0.4299 -6.7118 2981.0550 -0.0023 -0.0007 1.0000
-5.8182 -0.5522 3526.9068 -0.2736 -5.3884 2348.2259 -0.0018 -0.0010 1.0000
-6.6834 -0.4939 3982.2745 -0.3067 -6.2108 2700.0113 -0.0020 -0.0010 1.0000
-6.4563 -0.5529 3885.5501 -0.3206 -5.9647 2611.5197 -0.0019 -0.0010 1.0000
-6.1552 -0.5785 3731.3716 -0.2835 -5.6731 2471.4527 -0.0019 -0.0010 1.0000
-6.7574 -0.4984 4029.4451 -0.3051 -6.2417 2713.9110 -0.0020 -0.0009 1.0000
-6.3166 -0.4850 3780.4387 -0.2977 -5.7243 2499.6550 -0.0019 -0.0009 1.0000
-7.3302 -0.2119 4242.3898 -0.3412 -6.4076 2801.9599 -0.0022 -0.0006 1.0000
-6.1216 -0.4203 3658.1231 -0.2824 -5.3740 2352.6632 -0.0019 -0.0008 1.0000
-7.1255 -0.5504 4263.3941 -0.2967 -6.4938 2815.5811 -0.0020 -0.0009 1.0000
-6.8897 -0.4069 4074.9650 -0.3427 -6.1751 2719.0776 -0.0020 -0.0008 1.0000
-6.6169 -0.5826 3990.0637 -0.2403 -6.1389 2642.5167 -0.0019 -0.0010 1.0000
-6.8856 -0.6236 4162.1203 -0.2121 -6.3940 2729.6657 -0.0019 -0.0010 1.0000
-7.0849 -0.5119 4225.7858 -0.2437 -6.5250 2804.0554 -0.0019 -0.0009 1.0000
-7.1180 -0.5266 4256.1773 -0.2904 -6.5261 2835.4561 -0.0019 -0.0010 1.0000
-6.7769 -0.5532 4080.3905 -0.2071 -6.2242 2660.5631 -0.0019 -0.0010 1.0000
-6.9163 -0.5827 4172.0525 -0.2821 -6.3554 2762.1657 -0.0019 -0.0010 1.0000
-6.7625 -0.6038 4097.8218 -0.1818 -6.2577 2658.6397 -0.0018 -0.0010 1.0000
-7.0860 -0.7307 4331.5262 -0.1591 -6.6155 2788.2458 -0.0018 -0.0011 1.0000
-6.5946 -0.7335 4064.3182 -0.1355 -6.1010 2564.5096 -0.0018 -0.0010 1.0000
-6.5966 -0.7794 4089.0617 -0.1313 -6.1363 2577.7977 -0.0017 -0.0011 1.0000
-6.8400 -0.6812 4183.8024 -0.1167 -6.3306 2646.9368 -0.0019 -0.0009 1.0000
-6.6838 -0.6997 4110.0258 -0.1816 -6.1609 2621.0767 -0.0018 -0.0010 1.0000
-6.9306 -0.7501 4271.8214 -0.0829 -6.4350 2670.3190 -0.0018 -0.0010 1.0000
-5.9831 -0.7113 3725.7199 -0.1493 -5.4803 2324.9924 -0.0017 -0.0010 1.0000
-7.4368 -0.6077 4498.2190 -0.1443 -6.8082 2859.5886 -0.0020 -0.0009 1.0000
-6.7430 -0.8046 4193.0208 -0.0922 -6.3165 2632.4430 -0.0017 -0.0011 1.0000
-6.1381 -0.7766 3844.4676 -0.1561 -5.6569 2405.0010 -0.0017 -0.0010 1.0000
-7.3306 -0.7665 4510.5693 -0.1154 -6.8238 2854.2143 -0.0018 -0.0011 1.0000
-8.0602 -0.6050 4853.3612 -0.0959 -7.4541 3098.2171 -0.0020 -0.0009 1.0000
-6.8734 -0.6840 4222.2737 -0.1356 -6.3477 2675.9287 -0.0018 -0.0009 1.0000
-6.9857 -0.7453 4306.0682 -0.0802 -6.6139 2750.5797 -0.0018 -0.0010 1.0000
-6.2289 -0.7152 3877.3600 -0.1267 -5.6832 2400.7581 -0.0017 -0.0009 1.0000
-6.6963 -0.8205 4178.6008 -0.0142 -6.2393 2553.8462 -0.0018 -0.0010 1.0000
-6.3456 -0.7689 3960.6378 -0.0612 -5.8761 2436.9563 -0.0017 -0.0010 1.0000
-6.4733 -0.7057 4009.5311 -0.0390 -5.9410 2450.2756 -0.0018 -0.0009 1.0000
-6.3423 -0.7887 3972.1866 0.0058 -5.8394 2380.0106 -0.0018 -0.0010 1.0000
-5.8986 -0.7594 3715.7700 -0.0370 -5.3752 2220.6142 -0.0017 -0.0009 1.0000
-6.7621 -0.8640 4236.5559 0.0947 -6.3758 2543.9247 -0.0018 -0.0011 1.0000
-6.4175 -0.8885 4050.8556 0.0545 -6.1236 2470.1840 -0.0017 -0.0011 1.0000
-6.4160 -0.6955 3976.9490 -0.0439 -5.9175 2448.6693 -0.0018 -0.0009 1.0000
-6.3095 -0.7145 3930.6811 -0.0151 -5.8220 2393.4744 -0.0018 -0.0009 1.0000
-6.1753 -0.9150 3933.1371 0.0243 -5.9153 2409.3796 -0.0016 -0.0012 1.0000
-5.7200 -0.9295 3683.4255 0.0465 -5.5571 2250.8663 -0.0015 -0.0012 1.0000
-5.1058 -0.7170 3250.4455 -0.0751 -4.7768 2009.3110 -0.0016 -0.0010 1.0000
-5.4795 -0.7389 3475.9472 -0.0618 -5.1834 2170.8723 -0.0016 -0.0011 1.0000
-5.2990 -0.6496 3342.0415 -0.0711 -4.9111 2068.1399 -0.0016 -0.0010 1.0000
-5.6681 -0.5429 3508.9460 -0.0845 -5.3024 2240.2795 -0.0017 -0.0009 1.0000
-5.4877 -0.6075 3426.7820 -0.0608 -5.3384 2246.0399 -0.0016 -0.0010 1.0000
-5.3730 -0.5942 3362.6378 -0.0501 -5.1693 2171.9337 -0.0016 -0.0011 1.0000
-4.1639 -0.5980 2683.6964 -0.0944 -3.9045 1682.1330 -0.0014 -0.0010 1.0000
-4.4942 -0.5718 2862.2059 -0.0997 -4.3073 1857.6704 -0.0015 -0.0011 1.0000
1.0000 0.0000 0.0000 0.0000 1.0000 0.0000 0.0000 0.0000 1.0000
1.0000 0.0000 0.0000 0.0000 1.0000 0.0000 0.0000 0.0000 1.0000
1.0000 0.0000 0.0000 0.0000 1.0000 0.0000 0.0000 0.0000 1.0000
1.0000 0.0000 0.0000 0.0000 1.0000 0.0000 0.0000 0.0000 1.0000
1.0000 0.0000 0.0000 0.0000 1.0000 0.0000 0.0000 0.0000 1.0000
1.0000 0.0000 0.0000 0.0000 1.0000 0.0000 0.0000 0.0000 1.0000
1.0000 0.0000 0.0000 0.0000 1.0000 0.0000 0.0000 0.0000 1.0000
