357.305324 604.293677 485.092346 610.683028 448.886023 825.791181 338.137271 827.920965 
355.175541 604.293677 478.702995 608.553245 438.237105 825.791181 331.747920 823.661398 
348.786190 606.423461 476.573211 608.553245 436.107321 825.791181 327.488353 823.661398 
346.656406 608.553245 474.443428 606.423461 436.107321 825.791181 327.488353 825.791181 
346.656406 612.812812 474.443428 612.812812 431.847754 830.050749 325.358569 832.180532 
346.656406 614.942596 474.443428 617.072379 436.107321 838.569884 325.358569 838.569884 
348.786190 625.591514 474.443428 627.721298 436.107321 842.829451 329.618136 842.829451 
348.786190 634.110649 474.443428 631.980865 433.977537 853.478369 325.358569 855.608153 
348.786190 640.500000 474.443428 638.370216 438.237105 859.867720 329.618136 857.737937 
348.786190 640.500000 474.443428 640.500000 438.237105 864.127288 325.358569 870.516639 
348.786190 646.889351 476.573211 646.889351 440.366889 870.516639 329.618136 870.516639 
350.915973 651.148918 474.443428 651.148918 438.237105 870.516639 329.618136 876.905990 
348.786190 651.148918 476.573211 649.019135 440.366889 870.516639 329.618136 883.295341 
342.396839 644.759567 470.183860 644.759567 436.107321 872.646423 325.358569 874.776206 
346.656406 649.019135 472.313644 651.148918 438.237105 876.905990 327.488353 883.295341 
340.267055 651.148918 474.443428 646.889351 438.237105 874.776206 323.228785 879.035774 
340.267055 646.889351 474.443428 644.759567 433.977537 876.905990 327.488353 879.035774 
338.137271 646.889351 468.054077 642.629784 431.847754 872.646423 325.358569 874.776206 
336.007488 642.629784 465.924293 640.500000 427.588186 870.516639 323.228785 874.776206 
331.747920 640.500000 465.924293 636.240433 429.717970 866.257072 321.099002 868.386855 
336.007488 631.980865 465.924293 627.721298 427.588186 859.867720 318.969218 866.257072 
333.877704 623.461730 463.794509 621.331947 429.717970 851.348586 323.228785 859.867720 
336.007488 614.942596 468.054077 612.812812 433.977537 844.959235 323.228785 849.218802 
338.137271 604.293677 468.054077 606.423461 433.977537 836.440100 325.358569 842.829451 
333.877704 600.034110 470.183860 595.774542 436.107321 832.180532 325.358569 838.569884 
336.007488 593.644759 470.183860 587.255408 438.237105 821.531614 327.488353 832.180532 
340.267055 589.385191 470.183860 580.866057 442.496672 819.401830 329.618136 821.531614 
340.267055 582.995840 472.313644 574.476705 444.626456 808.752912 331.747920 817.272047 
342.396839 580.866057 472.313644 572.346922 440.366889 806.623128 329.618136 813.012479 
336.007488 576.606489 476.573211 563.827787 444.626456 804.493344 333.877704 810.882696 
340.267055 570.217138 472.313644 561.698003 440.366889 800.233777 329.618136 808.752912 
338.137271 565.957571 472.313644 561.698003 440.366889 800.233777 331.747920 806.623128 
336.007488 563.827787 470.183860 557.438436 442.496672 793.844426 331.747920 806.623128 
338.137271 557.438436 472.313644 551.049085 442.496672 791.714642 327.488353 802.363561 
331.747920 553.178869 472.313644 548.919301 442.496672 793.844426 329.618136 802.363561 
336.007488 555.308652 476.573211 546.789517 444.626456 791.714642 325.358569 798.103993 
338.137271 553.178869 476.573211 546.789517 440.366889 791.714642 327.488353 800.233777 
340.267055 548.919301 474.443428 542.529950 446.756240 793.844426 331.747920 798.103993 
340.267055 551.049085 478.702995 544.659734 444.626456 791.714642 329.618136 795.974210 
344.526622 544.659734 482.962562 540.400166 444.626456 789.584859 331.747920 800.233777 
344.526622 546.789517 485.092346 540.400166 451.015807 787.455075 336.007488 798.103993 
350.915973 542.529950 491.481697 540.400166 453.145591 783.195507 340.267055 793.844426 
353.045757 542.529950 493.611481 536.140599 457.405158 787.455075 342.396839 793.844426 
355.175541 544.659734 493.611481 540.400166 459.534942 789.584859 344.526622 798.103993 
355.175541 544.659734 495.741265 542.529950 463.794509 789.584859 346.656406 798.103993 
359.435108 544.659734 497.871048 542.529950 459.534942 795.974210 346.656406 802.363561 
363.694676 546.789517 502.130616 544.659734 463.794509 793.844426 348.786190 800.233777 
361.564892 548.919301 502.130616 544.659734 463.794509 800.233777 346.656406 806.623128 
361.564892 551.049085 504.260399 546.789517 463.794509 802.363561 346.656406 808.752912 
359.435108 551.049085 502.130616 544.659734 463.794509 804.493344 344.526622 810.882696 
361.564892 555.308652 504.260399 553.178869 463.794509 804.493344 348.786190 808.752912 
359.435108 555.308652 504.260399 551.049085 461.664725 808.752912 342.396839 815.142263 
357.305324 559.568220 500.000832 553.178869 459.534942 810.882696 346.656406 819.401830 
357.305324 561.698003 500.000832 553.178869 459.534942 813.012479 342.396839 817.272047 
355.175541 559.568220 497.871048 553.178869 459.534942 815.142263 342.396839 823.661398 
355.175541 561.698003 500.000832 555.308652 463.794509 815.142263 344.526622 825.791181 
353.045757 563.827787 500.000832 557.438436 463.794509 819.401830 344.526622 825.791181 
357.305324 563.827787 502.130616 555.308652 461.664725 813.012479 344.526622 823.661398 
355.175541 559.568220 500.000832 553.178869 459.534942 819.401830 342.396839 825.791181 
353.045757 561.698003 495.741265 553.178869 459.534942 819.401830 342.396839 823.661398 
346.656406 555.308652 493.611481 551.049085 451.015807 815.142263 338.137271 819.401830 
344.526622 551.049085 489.351913 544.659734 448.886023 810.882696 329.618136 815.142263 
336.007488 544.659734 482.962562 542.529950 444.626456 804.493344 323.228785 810.882696 
327.488353 544.659734 474.443428 540.400166 433.977537 804.493344 312.579867 808.752912 
321.099002 538.270383 465.924293 536.140599 427.588186 804.493344 297.671381 808.752912 
310.450083 529.751248 457.405158 531.881032 414.809484 804.493344 295.541597 806.623128 
306.190516 534.010815 455.275374 531.881032 412.679700 800.233777 289.152246 806.623128 
306.190516 534.010815 455.275374 527.621464 414.809484 804.493344 297.671381 806.623128 
308.320300 536.140599 455.275374 527.621464 414.809484 800.233777 295.541597 806.623128 
310.450083 536.140599 455.275374 529.751248 419.069052 806.623128 299.801165 810.882696 
312.579867 536.140599 455.275374 529.751248 423.328619 804.493344 299.801165 810.882696 
312.579867 531.881032 461.664725 525.491681 427.588186 806.623128 301.930948 815.142263 
316.839434 529.751248 463.794509 523.361897 429.717970 804.493344 308.320300 813.012479 
316.839434 527.621464 470.183860 519.102329 429.717970 800.233777 308.320300 808.752912 
316.839434 523.361897 472.313644 512.712978 431.847754 795.974210 308.320300 806.623128 
321.099002 516.972546 472.313644 510.583195 436.107321 791.714642 312.579867 802.363561 
323.228785 512.712978 474.443428 502.064060 440.366889 787.455075 314.709651 800.233777 
321.099002 508.453411 474.443428 499.934276 438.237105 785.325291 314.709651 795.974210 
321.099002 502.064060 474.443428 491.415141 442.496672 776.806156 316.839434 791.714642 
316.839434 497.804493 472.313644 487.155574 438.237105 774.676373 314.709651 787.455075 
316.839434 493.544925 470.183860 482.896007 438.237105 770.416805 314.709651 785.325291 
310.450083 487.155574 470.183860 476.506656 436.107321 766.157238 312.579867 776.806156 
316.839434 476.506656 468.054077 467.987521 436.107321 761.897671 310.450083 772.546589 
312.579867 465.857737 470.183860 459.468386 433.977537 755.508319 308.320300 766.157238 
312.579867 461.598170 472.313644 450.949251 431.847754 749.118968 310.450083 757.638103 
312.579867 455.208819 472.313644 446.689684 433.977537 742.729617 308.320300 755.508319 
316.839434 444.559900 472.313644 438.170549 433.977537 738.470050 306.190516 746.989185 
316.839434 440.300333 474.443428 429.651414 440.366889 732.080699 312.579867 742.729617 
318.969218 433.910982 480.832779 423.262063 442.496672 723.561564 314.709651 736.340266 
321.099002 423.262063 485.092346 414.742928 444.626456 717.172213 318.969218 732.080699 
323.228785 416.872712 487.222130 404.094010 446.756240 710.782862 321.099002 723.561564 
325.358569 408.353577 485.092346 393.445092 448.886023 704.393511 323.228785 717.172213 
327.488353 401.964226 491.481697 389.185524 446.756240 702.263727 323.228785 708.653078 
329.618136 393.445092 491.481697 384.925957 448.886023 695.874376 327.488353 706.523295 
331.747920 389.185524 491.481697 382.796173 453.145591 691.614809 329.618136 702.263727 
329.618136 380.666389 489.351913 372.147255 451.015807 685.225458 323.228785 693.744592 
327.488353 378.536606 487.222130 367.887687 448.886023 678.836106 323.228785 689.485025 
325.358569 374.277038 491.481697 363.628120 446.756240 678.836106 321.099002 687.355241 
327.488353 372.147255 489.351913 361.498336 444.626456 674.576539 318.969218 687.355241 
325.358569 367.887687 489.351913 355.108985 444.626456 674.576539 316.839434 683.095674 
325.358569 359.368552 489.351913 348.719634 444.626456 672.446755 316.839434 683.095674 
323.228785 357.238769 489.351913 348.719634 444.626456 672.446755 316.839434 680.965890 
323.228785 350.849418 491.481697 342.330283 444.626456 672.446755 314.709651 678.836106 
323.228785 350.849418 491.481697 340.200499 444.626456 666.057404 314.709651 674.576539 
321.099002 346.589850 489.351913 335.940932 444.626456 666.057404 314.709651 674.576539 
325.358569 338.070715 495.741265 329.551581 448.886023 659.668053 312.579867 670.316972 
325.358569 335.940932 491.481697 325.292013 446.756240 653.278702 316.839434 666.057404 
329.618136 327.421797 502.130616 316.772879 448.886023 655.408486 314.709651 663.927621 
329.618136 323.162230 506.390183 312.513311 453.145591 649.019135 325.358569 657.538270 
333.877704 310.383527 508.519967 301.864393 455.275374 638.370216 325.358569 649.019135 
338.137271 301.864393 510.649750 295.475042 455.275374 634.110649 327.488353 642.629784 
342.396839 289.085691 514.909318 280.566556 459.534942 623.461730 327.488353 629.851082 
342.396839 276.306988 519.168885 269.917637 459.534942 617.072379 329.618136 623.461730 
346.656406 259.268719 523.428453 259.268719 461.664725 604.293677 327.488353 610.683028 
348.786190 240.100666 523.428453 240.100666 463.794509 595.774542 327.488353 602.163894 
348.786190 223.062396 525.558236 225.192180 461.664725 585.125624 327.488353 589.385191 
348.786190 206.024126 536.207155 210.283694 463.794509 576.606489 329.618136 580.866057 
348.786190 199.634775 531.947587 197.504992 470.183860 561.698003 331.747920 561.698003 
350.915973 182.596506 536.207155 180.466722 468.054077 546.789517 331.747920 553.178869 
355.175541 169.817804 540.466722 169.817804 470.183860 538.270383 331.747920 542.529950 
357.305324 159.168885 544.726290 157.039101 465.924293 529.751248 331.747920 534.010815 
359.435108 148.519967 546.856073 144.260399 472.313644 519.102329 336.007488 521.232113 
361.564892 135.741265 551.115641 133.611481 474.443428 508.453411 336.007488 512.712978 
365.824459 122.962562 555.375208 125.092346 474.443428 504.193844 338.137271 508.453411 
367.954243 114.443428 557.504992 114.443428 474.443428 495.674709 338.137271 499.934276 
372.213810 108.054077 563.894343 108.054077 480.832779 489.285358 342.396839 495.674709 
374.343594 97.405158 566.024126 95.275374 482.962562 487.155574 344.526622 489.285358 
376.473378 91.015807 568.153910 91.015807 482.962562 480.766223 344.526622 485.025790 
378.603161 82.496672 570.283694 80.366889 482.962562 472.247088 346.656406 472.247088 
376.473378 67.588186 570.283694 71.847754 482.962562 463.727953 344.526622 463.727953 
380.732945 52.679700 576.673045 56.939268 485.092346 455.208819 344.526622 457.338602 
387.122296 37.771215 578.802829 42.030782 485.092346 446.689684 344.526622 448.819468 
393.511647 18.603161 589.451747 18.603161 489.351913 433.910982 342.396839 433.910982 
387.122296 1.564892 589.451747 12.213810 489.351913 423.262063 348.786190 416.872712 
0.000000 0.000000 0.000000 0.000000 0.000000 0.000000 0.000000 0.000000 
0.000000 0.000000 0.000000 0.000000 0.000000 0.000000 0.000000 0.000000 
0.000000 0.000000 0.000000 0.000000 0.000000 0.000000 0.000000 0.000000 
0.000000 0.000000 0.000000 0.000000 0.000000 0.000000 0.000000 0.000000 
0.000000 0.000000 0.000000 0.000000 0.000000 0.000000 0.000000 0.000000 
0.000000 0.000000 0.000000 0.000000 0.000000 0.000000 0.000000 0.000000 
0.000000 0.000000 0.000000 0.000000 0.000000 0.000000 0.000000 0.000000 
0.000000 0.000000 0.000000 0.000000 0.000000 0.000000 0.000000 0.000000 
0.000000 0.000000 0.000000 0.000000 0.000000 0.000000 0.000000 0.000000 
0.000000 0.000000 0.000000 0.000000 0.000000 0.000000 0.000000 0.000000 
0.000000 0.000000 0.000000 0.000000 0.000000 0.000000 0.000000 0.000000 
0.000000 0.000000 0.000000 0.000000 0.000000 0.000000 0.000000 0.000000 
0.000000 0.000000 0.000000 0.000000 0.000000 0.000000 0.000000 0.000000 
0.000000 0.000000 0.000000 0.000000 0.000000 0.000000 0.000000 0.000000 
0.000000 0.000000 0.000000 0.000000 0.000000 0.000000 0.000000 0.000000 
0.000000 0.000000 0.000000 0.000000 0.000000 0.000000 0.000000 0.000000 
0.000000 0.000000 0.000000 0.000000 0.000000 0.000000 0.000000 0.000000 
0.000000 0.000000 0.000000 0.000000 0.000000 0.000000 0.000000 0.000000 
0.000000 0.000000 0.000000 0.000000 0.000000 0.000000 0.000000 0.000000 
0.000000 0.000000 0.000000 0.000000 0.000000 0.000000 0.000000 0.000000 
0.000000 0.000000 0.000000 0.000000 0.000000 0.000000 0.000000 0.000000 
0.000000 0.000000 0.000000 0.000000 0.000000 0.000000 0.000000 0.000000 
0.000000 0.000000 0.000000 0.000000 0.000000 0.000000 0.000000 0.000000 
0.000000 0.000000 0.000000 0.000000 0.000000 0.000000 0.000000 0.000000 
0.000000 0.000000 0.000000 0.000000 0.000000 0.000000 0.000000 0.000000 
0.000000 0.000000 0.000000 0.000000 0.000000 0.000000 0.000000 0.000000 
0.000000 0.000000 0.000000 0.000000 0.000000 0.000000 0.000000 0.000000 
0.000000 0.000000 0.000000 0.000000 0.000000 0.000000 0.000000 0.000000 
0.000000 0.000000 0.000000 0.000000 0.000000 0.000000 0.000000 0.000000 
0.000000 0.000000 0.000000 0.000000 0.000000 0.000000 0.000000 0.000000 
0.000000 0.000000 0.000000 0.000000 0.000000 0.000000 0.000000 0.000000 
0.000000 0.000000 0.000000 0.000000 0.000000 0.000000 0.000000 0.000000 
0.000000 0.000000 0.000000 0.000000 0.000000 0.000000 0.000000 0.000000 
0.000000 0.000000 0.000000 0.000000 0.000000 0.000000 0.000000 0.000000 
0.000000 0.000000 0.000000 0.000000 0.000000 0.000000 0.000000 0.000000 
0.000000 0.000000 0.000000 0.000000 0.000000 0.000000 0.000000 0.000000 
0.000000 0.000000 0.000000 0.000000 0.000000 0.000000 0.000000 0.000000 
0.000000 0.000000 0.000000 0.000000 0.000000 0.000000 0.000000 0.000000 
0.000000 0.000000 0.000000 0.000000 0.000000 0.000000 0.000000 0.000000 
0.000000 0.000000 0.000000 0.000000 0.000000 0.000000 0.000000 0.000000 
0.000000 0.000000 0.000000 0.000000 0.000000 0.000000 0.000000 0.000000 
0.000000 0.000000 0.000000 0.000000 0.000000 0.000000 0.000000 0.000000 
0.000000 0.000000 0.000000 0.000000 0.000000 0.000000 0.000000 0.000000 
0.000000 0.000000 0.000000 0.000000 0.000000 0.000000 0.000000 0.000000 
0.000000 0.000000 0.000000 0.000000 0.000000 0.000000 0.000000 0.000000 
0.000000 0.000000 0.000000 0.000000 0.000000 0.000000 0.000000 0.000000 
0.000000 0.000000 0.000000 0.000000 0.000000 0.000000 0.000000 0.000000 
0.000000 0.000000 0.000000 0.000000 0.000000 0.000000 0.000000 0.000000 
0.000000 0.000000 0.000000 0.000000 0.000000 0.000000 0.000000 0.000000 
0.000000 0.000000 0.000000 0.000000 0.000000 0.000000 0.000000 0.000000 
0.000000 0.000000 0.000000 0.000000 0.000000 0.000000 0.000000 0.000000 
0.000000 0.000000 0.000000 0.000000 0.000000 0.000000 0.000000 0.000000 
0.000000 0.000000 0.000000 0.000000 0.000000 0.000000 0.000000 0.000000 
0.000000 0.000000 0.000000 0.000000 0.000000 0.000000 0.000000 0.000000 
0.000000 0.000000 0.000000 0.000000 0.000000 0.000000 0.000000 0.000000 
0.000000 0.000000 0.000000 0.000000 0.000000 0.000000 0.000000 0.000000 
0.000000 0.000000 0.000000 0.000000 0.000000 0.000000 0.000000 0.000000 
0.000000 0.000000 0.000000 0.000000 0.000000 0.000000 0.000000 0.000000 
0.000000 0.000000 0.000000 0.000000 0.000000 0.000000 0.000000 0.000000 
0.000000 0.000000 0.000000 0.000000 0.000000 0.000000 0.000000 0.000000 
0.000000 0.000000 0.000000 0.000000 0.000000 0.000000 0.000000 0.000000 
0.000000 0.000000 0.000000 0.000000 0.000000 0.000000 0.000000 0.000000 
0.000000 0.000000 0.000000 0.000000 0.000000 0.000000 0.000000 0.000000 
0.000000 0.000000 0.000000 0.000000 0.000000 0.000000 0.000000 0.000000 
0.000000 0.000000 0.000000 0.000000 0.000000 0.000000 0.000000 0.000000 
0.000000 0.000000 0.000000 0.000000 0.000000 0.000000 0.000000 0.000000 
0.000000 0.000000 0.000000 0.000000 0.000000 0.000000 0.000000 0.000000 
0.000000 0.000000 0.000000 0.000000 0.000000 0.000000 0.000000 0.000000 
0.000000 0.000000 0.000000 0.000000 0.000000 0.000000 0.000000 0.000000 
0.000000 0.000000 0.000000 0.000000 0.000000 0.000000 0.000000 0.000000 
0.000000 0.000000 0.000000 0.000000 0.000000 0.000000 0.000000 0.000000 
0.000000 0.000000 0.000000 0.000000 0.000000 0.000000 0.000000 0.000000 
0.000000 0.000000 0.000000 0.000000 0.000000 0.000000 0.000000 0.000000 
0.000000 0.000000 0.000000 0.000000 0.000000 0.000000 0.000000 0.000000 
0.000000 0.000000 0.000000 0.000000 0.000000 0.000000 0.000000 0.000000 
0.000000 0.000000 0.000000 0.000000 0.000000 0.000000 0.000000 0.000000 
0.000000 0.000000 0.000000 0.000000 0.000000 0.000000 0.000000 0.000000 
0.000000 0.000000 0.000000 0.000000 0.000000 0.000000 0.000000 0.000000 
0.000000 0.000000 0.000000 0.000000 0.000000 0.000000 0.000000 0.000000 
0.000000 0.000000 0.000000 0.000000 0.000000 0.000000 0.000000 0.000000 
0.000000 0.000000 0.000000 0.000000 0.000000 0.000000 0.000000 0.000000 
0.000000 0.000000 0.000000 0.000000 0.000000 0.000000 0.000000 0.000000 
0.000000 0.000000 0.000000 0.000000 0.000000 0.000000 0.000000 0.000000 
0.000000 0.000000 0.000000 0.000000 0.000000 0.000000 0.000000 0.000000 
0.000000 0.000000 0.000000 0.000000 0.000000 0.000000 0.000000 0.000000 
0.000000 0.000000 0.000000 0.000000 0.000000 0.000000 0.000000 0.000000 
0.000000 0.000000 0.000000 0.000000 0.000000 0.000000 0.000000 0.000000 
0.000000 0.000000 0.000000 0.000000 0.000000 0.000000 0.000000 0.000000 
0.000000 0.000000 0.000000 0.000000 0.000000 0.000000 0.000000 0.000000 
0.000000 0.000000 0.000000 0.000000 0.000000 0.000000 0.000000 0.000000 
0.000000 0.000000 0.000000 0.000000 0.000000 0.000000 0.000000 0.000000 
0.000000 0.000000 0.000000 0.000000 0.000000 0.000000 0.000000 0.000000 
0.000000 0.000000 0.000000 0.000000 0.000000 0.000000 0.000000 0.000000 
0.000000 0.000000 0.000000 0.000000 0.000000 0.000000 0.000000 0.000000 
0.000000 0.000000 0.000000 0.000000 0.000000 0.000000 0.000000 0.000000 
0.000000 0.000000 0.000000 0.000000 0.000000 0.000000 0.000000 0.000000 
0.000000 0.000000 0.000000 0.000000 0.000000 0.000000 0.000000 0.000000 
0.000000 0.000000 0.000000 0.000000 0.000000 0.000000 0.000000 0.000000 
0.000000 0.000000 0.000000 0.000000 0.000000 0.000000 0.000000 0.000000 
0.000000 0.000000 0.000000 0.000000 0.000000 0.000000 0.000000 0.000000 
0.000000 0.000000 0.000000 0.000000 0.000000 0.000000 0.000000 0.000000 
0.000000 0.000000 0.000000 0.000000 0.000000 0.000000 0.000000 0.000000 
0.000000 0.000000 0.000000 0.000000 0.000000 0.000000 0.000000 0.000000 
0.000000 0.000000 0.000000 0.000000 0.000000 0.000000 0.000000 0.000000 
0.000000 0.000000 0.000000 0.000000 0.000000 0.000000 0.000000 0.000000 
0.000000 0.000000 0.000000 0.000000 0.000000 0.000000 0.000000 0.000000 
0.000000 0.000000 0.000000 0.000000 0.000000 0.000000 0.000000 0.000000 
0.000000 0.000000 0.000000 0.000000 0.000000 0.000000 0.000000 0.000000 
0.000000 0.000000 0.000000 0.000000 0.000000 0.000000 0.000000 0.000000 
0.000000 0.000000 0.000000 0.000000 0.000000 0.000000 0.000000 0.000000 
0.000000 0.000000 0.000000 0.000000 0.000000 0.000000 0.000000 0.000000 
0.000000 0.000000 0.000000 0.000000 0.000000 0.000000 0.000000 0.000000 
0.000000 0.000000 0.000000 0.000000 0.000000 0.000000 0.000000 0.000000 
0.000000 0.000000 0.000000 0.000000 0.000000 0.000000 0.000000 0.000000 
0.000000 0.000000 0.000000 0.000000 0.000000 0.000000 0.000000 0.000000 
0.000000 0.000000 0.000000 0.000000 0.000000 0.000000 0.000000 0.000000 
0.000000 0.000000 0.000000 0.000000 0.000000 0.000000 0.000000 0.000000 
0.000000 0.000000 0.000000 0.000000 0.000000 0.000000 0.000000 0.000000 
0.000000 0.000000 0.000000 0.000000 0.000000 0.000000 0.000000 0.000000 
0.000000 0.000000 0.000000 0.000000 0.000000 0.000000 0.000000 0.000000 
0.000000 0.000000 0.000000 0.000000 0.000000 0.000000 0.000000 0.000000 
0.000000 0.000000 0.000000 0.000000 0.000000 0.000000 0.000000 0.000000 
0.000000 0.000000 0.000000 0.000000 0.000000 0.000000 0.000000 0.000000 
0.000000 0.000000 0.000000 0.000000 0.000000 0.000000 0.000000 0.000000 
0.000000 0.000000 0.000000 0.000000 0.000000 0.000000 0.000000 0.000000 
0.000000 0.000000 0.000000 0.000000 0.000000 0.000000 0.000000 0.000000 
0.000000 0.000000 0.000000 0.000000 0.000000 0.000000 0.000000 0.000000 
0.000000 0.000000 0.000000 0.000000 0.000000 0.000000 0.000000 0.000000 
0.000000 0.000000 0.000000 0.000000 0.000000 0.000000 0.000000 0.000000 
0.000000 0.000000 0.000000 0.000000 0.000000 0.000000 0.000000 0.000000 
0.000000 0.000000 0.000000 0.000000 0.000000 0.000000 0.000000 0.000000 
0.000000 0.000000 0.000000 0.000000 0.000000 0.000000 0.000000 0.000000 
0.000000 0.000000 0.000000 0.000000 0.000000 0.000000 0.000000 0.000000 
0.000000 0.000000 0.000000 0.000000 0.000000 0.000000 0.000000 0.000000 
0.000000 0.000000 0.000000 0.000000 0.000000 0.000000 0.000000 0.000000 
0.000000 0.000000 0.000000 0.000000 0.000000 0.000000 0.000000 0.000000 
0.000000 0.000000 0.000000 0.000000 0.000000 0.000000 0.000000 0.000000 
0.000000 0.000000 0.000000 0.000000 0.000000 0.000000 0.000000 0.000000 
0.000000 0.000000 0.000000 0.000000 0.000000 0.000000 0.000000 0.000000 
0.000000 0.000000 0.000000 0.000000 0.000000 0.000000 0.000000 0.000000 
0.000000 0.000000 0.000000 0.000000 0.000000 0.000000 0.000000 0.000000 
0.000000 0.000000 0.000000 0.000000 0.000000 0.000000 0.000000 0.000000 
0.000000 0.000000 0.000000 0.000000 0.000000 0.000000 0.000000 0.000000 
0.000000 0.000000 0.000000 0.000000 0.000000 0.000000 0.000000 0.000000 
0.000000 0.000000 0.000000 0.000000 0.000000 0.000000 0.000000 0.000000 
0.000000 0.000000 0.000000 0.000000 0.000000 0.000000 0.000000 0.000000 
0.000000 0.000000 0.000000 0.000000 0.000000 0.000000 0.000000 0.000000 
0.000000 0.000000 0.000000 0.000000 0.000000 0.000000 0.000000 0.000000 
0.000000 0.000000 0.000000 0.000000 0.000000 0.000000 0.000000 0.000000 
394.576539 7.954243 652.280366 7.954243 581.997504 678.836106 383.927621 698.004160 
388.187188 16.473378 645.891015 16.473378 581.997504 685.225458 379.668053 700.133943 
377.538270 22.862729 639.501664 24.992512 575.608153 689.485025 377.538270 708.653078 
378.603161 31.381864 636.306988 31.381864 572.413478 693.744592 372.213810 710.782862 
376.473378 33.511647 634.177205 39.900998 568.153910 698.004160 370.084027 721.431780 
376.473378 37.771215 629.917637 44.160566 561.764559 708.653078 363.694676 727.821131 
372.213810 48.420133 627.787854 52.679700 561.764559 717.172213 361.564892 732.080699 
372.213810 59.069052 623.528286 61.198835 559.634775 725.691348 359.435108 742.729617 
363.694676 59.069052 621.398502 65.458403 555.375208 732.080699 355.175541 746.989185 
361.564892 67.588186 617.138935 71.847754 553.245424 738.470050 355.175541 753.378536 
361.564892 71.847754 615.009151 78.237105 553.245424 736.340266 353.045757 755.508319 
357.305324 73.977537 610.749584 80.366889 551.115641 749.118968 344.526622 764.027454 
355.175541 73.977537 610.749584 78.237105 553.245424 749.118968 346.656406 764.027454 
353.045757 82.496672 606.490017 88.886023 551.115641 755.508319 348.786190 770.416805 
353.045757 88.886023 602.230449 88.886023 555.375208 751.248752 348.786190 774.676373 
348.786190 86.756240 604.360233 88.886023 553.245424 755.508319 350.915973 781.065724 
344.526622 91.015807 602.230449 95.275374 551.115641 761.897671 350.915973 785.325291 
348.786190 97.405158 602.230449 101.664725 553.245424 768.287022 348.786190 787.455075 
346.656406 97.405158 600.100666 103.794509 555.375208 772.546589 348.786190 789.584859 
346.656406 101.664725 600.100666 103.794509 557.504992 774.676373 348.786190 795.974210 
348.786190 103.794509 604.360233 108.054077 557.504992 778.935940 350.915973 800.233777 
353.045757 108.054077 604.360233 110.183860 561.764559 785.325291 355.175541 804.493344 
355.175541 110.183860 604.360233 112.313644 559.634775 785.325291 353.045757 808.752912 
357.305324 114.443428 606.490017 116.573211 561.764559 789.584859 357.305324 808.752912 
359.435108 114.443428 610.749584 118.702995 563.894343 791.714642 359.435108 810.882696 
359.435108 114.443428 615.009151 120.832779 570.283694 798.103993 359.435108 817.272047 
363.694676 118.702995 615.009151 122.962562 570.283694 802.363561 361.564892 819.401830 
365.824459 120.832779 619.268719 122.962562 574.543261 804.493344 363.694676 819.401830 
367.954243 116.573211 619.268719 125.092346 580.932612 804.493344 363.694676 821.531614 
372.213810 116.573211 627.787854 120.832779 578.802829 804.493344 370.084027 825.791181 
372.213810 116.573211 625.658070 120.832779 583.062396 804.493344 372.213810 821.531614 
376.473378 116.573211 625.658070 120.832779 585.192180 804.493344 372.213810 823.661398 
378.603161 118.702995 625.658070 122.962562 589.451747 806.623128 376.473378 823.661398 
376.473378 114.443428 632.047421 118.702995 593.711314 802.363561 378.603161 821.531614 
378.603161 114.443428 632.047421 114.443428 591.581531 806.623128 378.603161 825.791181 
378.603161 112.313644 632.047421 116.573211 597.970882 806.623128 382.862729 825.791181 
382.862729 110.183860 634.177205 116.573211 595.841098 804.493344 382.862729 821.531614 
380.732945 108.054077 638.436772 108.054077 600.100666 804.493344 387.122296 823.661398 
380.732945 103.794509 636.306988 108.054077 600.100666 802.363561 382.862729 821.531614 
387.122296 101.664725 638.436772 105.924293 597.970882 802.363561 387.122296 819.401830 
387.122296 101.664725 642.696339 103.794509 602.230449 800.233777 389.252080 819.401830 
389.252080 95.275374 644.826123 97.405158 604.360233 800.233777 387.122296 819.401830 
387.122296 88.886023 644.826123 95.275374 606.490017 798.103993 389.252080 813.012479 
389.252080 86.756240 644.826123 91.015807 602.230449 795.974210 389.252080 813.012479 
387.122296 82.496672 646.955907 86.756240 608.619800 793.844426 387.122296 813.012479 
391.381864 82.496672 649.085691 86.756240 602.230449 791.714642 384.992512 808.752912 
391.381864 71.847754 646.955907 80.366889 604.360233 793.844426 389.252080 808.752912 
391.381864 69.717970 653.345258 73.977537 606.490017 791.714642 387.122296 808.752912 
391.381864 67.588186 651.215474 71.847754 602.230449 789.584859 384.992512 808.752912 
391.381864 63.328619 651.215474 67.588186 604.360233 785.325291 387.122296 802.363561 
393.511647 59.069052 653.345258 67.588186 606.490017 789.584859 384.992512 800.233777 
393.511647 54.809484 651.215474 65.458403 604.360233 785.325291 387.122296 800.233777 
391.381864 54.809484 651.215474 63.328619 608.619800 785.325291 387.122296 800.233777 
395.641431 52.679700 653.345258 63.328619 606.490017 785.325291 387.122296 800.233777 
395.641431 52.679700 653.345258 61.198835 604.360233 783.195507 384.992512 798.103993 
393.511647 54.809484 655.475042 65.458403 606.490017 787.455075 387.122296 800.233777 
393.511647 52.679700 651.215474 65.458403 606.490017 787.455075 387.122296 800.233777 
395.641431 59.069052 653.345258 69.717970 606.490017 789.584859 387.122296 806.623128 
395.641431 61.198835 651.215474 69.717970 608.619800 791.714642 389.252080 806.623128 
393.511647 67.588186 651.215474 76.107321 608.619800 800.233777 391.381864 810.882696 
393.511647 76.107321 649.085691 84.626456 608.619800 806.623128 387.122296 821.531614 
393.511647 78.237105 649.085691 91.015807 612.879368 817.272047 389.252080 834.310316 
391.381864 95.275374 644.826123 105.924293 610.749584 832.180532 387.122296 840.699667 
389.252080 112.313644 642.696339 120.832779 610.749584 842.829451 389.252080 855.608153 
387.122296 120.832779 640.566556 129.351913 615.009151 857.737937 389.252080 868.386855 
389.252080 142.130616 636.306988 152.779534 612.879368 866.257072 389.252080 881.165557 
384.992512 154.909318 632.047421 163.428453 615.009151 883.295341 389.252080 893.944260 
384.992512 171.947587 634.177205 180.466722 615.009151 889.684692 387.122296 904.593178 
378.603161 178.336938 629.917637 188.985857 617.138935 904.593178 387.122296 917.371880 
378.603161 193.245424 621.398502 197.504992 608.619800 910.982529 387.122296 925.891015 
374.343594 197.504992 617.138935 210.283694 610.749584 921.631448 382.862729 936.539933 
367.954243 210.283694 615.009151 214.543261 606.490017 928.020799 376.473378 942.929285 
361.564892 214.543261 606.490017 223.062396 602.230449 930.150582 372.213810 953.578203 
361.564892 220.932612 600.100666 227.321963 600.100666 936.539933 372.213810 957.837770 
348.786190 220.932612 595.841098 233.711314 593.711314 945.059068 363.694676 959.967554 
344.526622 223.062396 589.451747 235.841098 589.451747 940.799501 361.564892 964.227121 
338.137271 225.192180 585.192180 237.970882 587.321963 940.799501 348.786190 962.097338 
338.137271 225.192180 578.802829 233.711314 576.673045 945.059068 344.526622 959.967554 
329.618136 223.062396 570.283694 237.970882 568.153910 940.799501 336.007488 959.967554 
325.358569 220.932612 566.024126 233.711314 559.634775 940.799501 329.618136 959.967554 
325.358569 216.673045 566.024126 229.451747 557.504992 936.539933 325.358569 962.097338 
323.228785 212.413478 559.634775 227.321963 548.985857 934.410150 323.228785 949.318636 
316.839434 203.894343 557.504992 225.192180 544.726290 932.280366 314.709651 949.318636 
316.839434 197.504992 557.504992 216.673045 540.466722 930.150582 310.450083 949.318636 
312.579867 191.115641 557.504992 210.283694 540.466722 925.891015 310.450083 940.799501 
308.320300 180.466722 557.504992 199.634775 540.466722 919.501664 310.450083 934.410150 
310.450083 176.207155 553.245424 199.634775 536.207155 915.242097 306.190516 928.020799 
310.450083 167.688020 548.985857 186.856073 538.336938 908.852745 308.320300 925.891015 
308.320300 161.298669 553.245424 180.466722 540.466722 902.463394 306.190516 917.371880 
306.190516 152.779534 553.245424 174.077371 540.466722 896.074043 308.320300 908.852745 
308.320300 148.519967 553.245424 167.688020 542.596506 889.684692 308.320300 906.722962 
306.190516 144.260399 553.245424 165.558236 544.726290 887.554908 312.579867 904.593178 
308.320300 137.871048 555.375208 157.039101 548.985857 876.905990 314.709651 896.074043 
308.320300 129.351913 557.504992 148.519967 553.245424 872.646423 318.969218 893.944260 
316.839434 125.092346 561.764559 144.260399 559.634775 870.516639 325.358569 889.684692 
314.709651 125.092346 566.024126 142.130616 566.024126 866.257072 331.747920 887.554908 
316.839434 122.962562 568.153910 140.000832 572.413478 866.257072 336.007488 883.295341 
323.228785 122.962562 572.413478 140.000832 574.543261 866.257072 340.267055 881.165557 
327.488353 122.962562 576.673045 135.741265 580.932612 861.997504 344.526622 881.165557 
331.747920 127.222130 576.673045 140.000832 583.062396 864.127288 350.915973 883.295341 
336.007488 125.092346 578.802829 140.000832 587.321963 866.257072 353.045757 887.554908 
338.137271 131.481697 585.192180 146.390183 593.711314 872.646423 355.175541 889.684692 
346.656406 140.000832 591.581531 148.519967 600.100666 876.905990 361.564892 893.944260 
350.915973 140.000832 600.100666 157.039101 604.360233 885.425125 367.954243 900.333611 
357.305324 144.260399 608.619800 159.168885 612.879368 887.554908 372.213810 906.722962 
365.824459 144.260399 612.879368 163.428453 617.138935 891.814476 380.732945 906.722962 
372.213810 146.390183 617.138935 165.558236 625.658070 900.333611 387.122296 910.982529 
374.343594 159.168885 619.268719 171.947587 634.177205 902.463394 393.511647 919.501664 
374.343594 165.558236 617.138935 171.947587 640.566556 906.722962 404.160566 925.891015 
376.473378 176.207155 619.268719 182.596506 653.345258 910.982529 410.549917 932.280366 
378.603161 180.466722 621.398502 186.856073 657.604825 915.242097 412.679700 936.539933 
378.603161 182.596506 625.658070 184.726290 663.994176 917.371880 421.198835 936.539933 
378.603161 182.596506 621.398502 184.726290 668.253744 917.371880 423.328619 938.669717 
378.603161 184.726290 623.528286 186.856073 672.513311 919.501664 425.458403 940.799501 
380.732945 186.856073 621.398502 186.856073 672.513311 917.371880 427.588186 942.929285 
380.732945 186.856073 623.528286 193.245424 674.643095 917.371880 429.717970 942.929285 
387.122296 191.115641 627.787854 193.245424 676.772879 921.631448 431.847754 942.929285 
393.511647 182.596506 638.436772 188.985857 678.902662 923.761231 433.977537 942.929285 
402.030782 178.336938 646.955907 182.596506 678.902662 921.631448 433.977537 938.669717 
406.290349 171.947587 651.215474 180.466722 683.162230 919.501664 433.977537 932.280366 
412.679700 167.688020 657.604825 176.207155 685.292013 913.112313 436.107321 928.020799 
416.939268 157.039101 663.994176 167.688020 687.421797 906.722962 438.237105 923.761231 
425.458403 148.519967 670.383527 161.298669 689.551581 902.463394 442.496672 917.371880 
431.847754 142.130616 678.902662 150.649750 700.200499 893.944260 448.886023 904.593178 
436.107321 133.611481 685.292013 140.000832 706.589850 887.554908 455.275374 898.203827 
438.237105 122.962562 689.551581 131.481697 710.849418 881.165557 463.794509 889.684692 
444.626456 114.443428 693.811148 122.962562 719.368552 876.905990 468.054077 885.425125 
446.756240 108.054077 698.070715 118.702995 720.500000 870.516639 472.313644 883.295341 
449.953058 105.718599 699.380838 108.553006 729.187809 864.904909 477.336343 879.296421 
451.238306 103.261058 705.502011 109.106201 732.023500 862.316473 482.324513 875.633752 
451.486123 99.209737 703.217462 109.380700 741.652624 858.866359 484.153356 873.171874 
454.200226 103.382841 702.815767 109.033194 742.447087 855.423055 487.747512 869.379196 
455.058737 103.574229 705.222283 106.416996 737.829046 856.372545 488.769555 871.699283 
454.948784 103.165650 705.835970 111.258785 737.017329 859.611401 486.045947 872.820421 
455.662018 107.393993 705.516484 118.751014 734.492771 864.890384 486.339859 871.783520 
455.207908 115.492322 705.258581 122.160340 737.617627 866.418391 488.592499 876.184083 
460.273297 122.253383 703.059169 128.642484 742.698854 871.886588 490.639092 881.398277 
460.218506 128.806757 707.663956 137.054938 735.019668 875.659148 490.458104 889.836630 
462.655253 135.219472 711.867888 141.015114 732.741926 882.043447 492.907121 888.995181 
463.450442 134.851871 709.829315 144.977030 755.967641 883.190235 494.758568 894.073946 
465.560633 137.383639 712.109410 145.252217 758.376960 885.533025 494.314320 895.435374 
463.844597 132.583633 714.857717 146.078962 723.463544 886.180099 498.513509 895.299695 
460.623489 133.294782 707.043587 138.537763 752.511992 881.188379 497.823346 891.241878 
452.642014 133.386178 701.407581 138.411745 748.782066 876.100155 502.242710 889.796786 
448.471313 133.611481 689.684692 133.611481 758.777175 870.597967 503.408163 890.241737 
442.109371 137.757273 683.500732 140.245844 761.354296 870.123002 503.650493 889.071811 
436.467099 138.027486 674.534138 135.467625 758.472518 864.406190 501.988938 886.848503 
426.862584 140.144495 667.906138 137.580202 750.837363 860.266591 493.853996 886.290223 
415.767700 140.153578 656.394260 135.292435 742.389172 859.634191 491.157832 881.895196 
401.911904 138.299647 645.874621 132.878253 734.376644 857.488563 480.943927 883.116590 
394.339204 142.285351 633.287486 139.659546 724.401364 856.889303 471.969995 883.306539 
382.862729 146.390183 623.528286 142.130616 710.849418 853.478369 461.664725 881.165557 
380.732945 146.390183 615.009151 146.390183 706.589850 853.478369 455.275374 881.165557 
376.473378 142.130616 612.879368 144.260399 698.070715 855.608153 446.756240 881.165557 
376.473378 140.000832 610.749584 144.260399 689.551581 855.608153 442.496672 876.905990 
378.603161 133.611481 612.879368 140.000832 687.421797 851.348586 438.237105 874.776206 
380.732945 133.611481 617.138935 133.611481 685.292013 853.478369 433.977537 870.516639 
387.122296 118.702995 625.658070 129.351913 676.772879 851.348586 427.588186 864.127288 
387.122296 112.313644 625.658070 125.092346 674.643095 847.089018 425.458403 859.867720 
393.511647 103.794509 627.787854 120.832779 668.253744 840.699667 421.198835 851.348586 
389.252080 97.405158 625.658070 116.573211 663.994176 836.440100 414.809484 847.089018 
387.122296 99.534942 621.398502 118.702995 657.604825 838.569884 410.549917 842.829451 
384.992512 103.794509 619.268719 122.962562 651.215474 836.440100 408.420133 838.569884 
380.732945 105.924293 617.138935 127.222130 649.085691 838.569884 402.030782 842.829451 
376.473378 116.573211 608.619800 133.611481 646.955907 842.829451 397.771215 851.348586 
367.954243 122.962562 604.360233 142.130616 642.696339 851.348586 397.771215 859.867720 
367.954243 137.871048 593.711314 150.649750 638.436772 859.867720 393.511647 870.516639 
359.435108 154.909318 587.321963 171.947587 638.436772 868.386855 393.511647 876.905990 
355.175541 167.688020 583.062396 182.596506 634.177205 881.165557 391.381864 887.554908 
355.175541 182.596506 580.932612 197.504992 636.306988 891.814476 389.252080 902.463394 
353.045757 193.245424 578.802829 208.153910 634.177205 902.463394 389.252080 913.112313 
353.045757 203.894343 574.543261 220.932612 634.177205 910.982529 389.252080 921.631448 
350.915973 214.543261 574.543261 229.451747 636.306988 917.371880 384.992512 928.020799 
353.045757 212.413478 574.543261 231.581531 638.436772 921.631448 384.992512 930.150582 
353.045757 214.543261 574.543261 231.581531 636.306988 923.761231 384.992512 934.410150 
353.045757 210.283694 572.413478 227.321963 632.047421 919.501664 384.992512 930.150582 
348.786190 206.024126 570.283694 225.192180 629.917637 917.371880 380.732945 925.891015 
346.656406 206.024126 568.153910 223.062396 627.787854 910.982529 378.603161 919.501664 
342.396839 197.504992 563.894343 216.673045 625.658070 902.463394 378.603161 913.112313 
342.396839 197.504992 568.153910 210.283694 625.658070 893.944260 378.603161 910.982529 
340.267055 186.856073 563.894343 203.894343 627.787854 889.684692 384.992512 902.463394 
344.526622 174.077371 568.153910 182.596506 636.306988 883.295341 389.252080 896.074043 
353.045757 169.817804 580.932612 182.596506 646.955907 872.646423 397.771215 885.425125 
367.954243 163.428453 602.230449 169.817804 672.513311 864.127288 414.809484 876.905990 
391.381864 154.909318 629.917637 157.039101 704.460067 855.608153 433.977537 872.646423 
418.971000 137.006258 663.114768 145.235823 727.132857 849.434800 469.836150 861.834641 
454.217042 118.258459 691.930702 123.482935 750.874508 841.525654 494.356901 847.859422 
0.000000 0.000000 0.000000 0.000000 0.000000 0.000000 0.000000 0.000000 
0.000000 0.000000 0.000000 0.000000 0.000000 0.000000 0.000000 0.000000 
0.000000 0.000000 0.000000 0.000000 0.000000 0.000000 0.000000 0.000000 
0.000000 0.000000 0.000000 0.000000 0.000000 0.000000 0.000000 0.000000 
0.000000 0.000000 0.000000 0.000000 0.000000 0.000000 0.000000 0.000000 

