292.480033 283.827787 378.736273 286.223794 382.330283 337.737937 294.876040 335.341930 
299.543209 287.667128 385.960953 288.263113 385.960953 340.113759 300.735177 339.517775 
307.941441 290.883190 394.178623 291.344351 394.639785 342.994428 309.786087 342.994428 
318.765145 292.611191 405.119917 292.968029 405.119917 345.780038 320.549334 345.066362 
332.350909 294.908596 417.787127 294.908596 418.757993 347.335366 333.321775 346.364499 
345.916274 296.773036 431.837924 297.258469 432.808791 349.199805 348.343439 349.199805 
363.404844 298.639036 448.294703 298.639036 449.045941 350.474436 364.907320 350.098817 
381.174305 300.136668 467.327325 300.136668 467.327325 352.161439 383.255295 352.993835 
399.999023 302.127941 485.007498 302.523330 486.193663 353.528415 401.580577 354.714579 
420.444938 304.149116 504.854943 304.149116 505.871931 355.676509 421.800922 356.354501 
442.518400 307.291447 526.375306 307.291447 528.159496 359.032942 443.945751 359.746618 
464.862816 310.188739 548.997387 309.270907 549.609275 360.975426 466.698479 361.893257 
488.551717 313.442279 573.249869 313.442279 573.249869 365.613764 490.161948 366.257857 
514.395652 317.555070 597.306448 316.331295 597.918336 368.647701 514.701596 370.789308 
538.227198 321.390814 622.925350 320.746722 622.925350 373.240253 539.837429 374.850484 
564.843953 324.565536 648.672580 323.341760 648.978524 376.881942 565.455840 377.799774 
590.253176 327.125090 674.741403 325.876495 675.157601 379.566059 591.917968 380.398455 
616.877898 330.524893 701.805318 329.097541 701.805318 382.980064 618.305249 383.693740 
644.000419 332.528190 727.706669 331.656250 727.125376 384.263303 643.419126 385.425890 
669.828668 334.299452 753.967289 332.421357 753.216051 386.510471 669.453049 388.012946 
694.894527 335.904597 779.661638 333.971796 779.661638 388.366326 694.894527 389.746898 
720.583044 337.276149 805.451880 334.950975 805.161233 389.592555 720.292397 390.755142 
745.643647 336.426753 831.093777 334.682873 830.512484 389.324453 745.934294 390.777686 
770.558398 335.975699 856.324387 333.941723 855.985391 388.859076 770.897394 390.215060 
795.413051 334.651915 882.025768 332.617388 880.863181 387.840261 795.994344 389.293494 
820.849186 332.172872 907.203958 330.745521 906.490282 386.412233 820.492348 388.196423 
843.880206 329.271349 930.591815 327.487159 930.234977 383.510710 843.523368 384.581223 
866.402790 325.753455 953.388206 323.776513 952.597430 379.526257 865.612013 381.503199 
885.236602 320.510641 973.779591 318.665995 971.934946 375.388847 884.775441 376.772331 
902.625541 314.337143 990.246208 311.270420 988.493794 368.661956 901.311231 370.852473 
914.402793 306.284069 1003.219747 303.911097 1000.846775 361.201422 914.063797 362.896402 
924.255326 297.023583 1012.525754 295.521108 1010.647660 352.615172 922.752851 353.742028 
927.955888 288.421197 1017.879039 286.993846 1015.738011 344.801585 925.814860 346.585775 
928.818436 280.691994 1018.027912 279.264643 1016.243722 337.072383 926.677409 338.856572 
924.823447 275.155927 1013.486181 272.245604 1011.701991 330.053344 922.135678 331.837533 
915.535735 268.790876 1006.059876 267.288400 1003.430544 324.758083 913.657641 326.260559 
904.199472 264.432924 993.765785 263.005572 991.267920 319.742799 901.344769 321.526988 
890.114340 260.315081 979.270289 258.959097 977.236313 316.249422 888.419359 316.927414 
872.484940 257.087265 962.657877 255.731281 960.284905 313.021606 871.467952 314.377590 
854.555017 254.259604 943.201064 252.757128 940.947351 310.602430 852.676923 311.353668 
834.008960 251.983914 921.927574 251.661868 919.995297 308.342000 831.754636 308.986092 
811.071346 249.730096 898.345868 249.086004 896.091545 305.766136 808.817023 306.410228 
785.945032 247.256905 872.769194 246.994596 870.933034 302.604029 784.108872 303.128647 
758.834849 244.481005 844.982531 244.481005 843.601959 299.151649 757.454277 299.703878 
730.189314 240.400294 816.581648 240.024675 815.079173 294.865026 729.813695 295.240645 
700.299643 237.909179 786.608026 236.943040 785.319841 292.657034 700.299643 292.012941 
670.011903 233.830587 756.009837 234.544263 754.225648 288.783624 670.011903 288.069948 
639.315833 230.701425 724.290719 230.701425 722.546367 285.523932 637.571481 284.527160 
607.002027 228.425432 691.580217 228.716079 689.836337 282.776365 605.548794 282.195072 
572.482527 225.632410 658.563301 225.942611 657.632698 281.003286 571.707025 280.227784 
538.366658 224.264861 624.238225 225.369318 622.581539 279.763848 537.538315 277.831048 
504.192581 224.913094 589.642711 225.494387 589.642711 279.264027 503.901935 278.101440 
469.056515 225.530274 555.646543 227.902604 555.646543 281.280018 470.242679 279.303077 
436.615359 227.624888 522.381348 229.658864 522.720344 283.220233 437.293351 280.847261 
407.013826 232.078118 492.279304 233.204974 491.528066 286.918469 406.638207 285.791612 
380.136623 238.315353 465.563617 240.349329 465.224621 293.571702 380.136623 291.198730 
357.746974 247.856718 442.834972 249.212702 442.834972 302.774071 358.424966 300.401098 
338.632827 258.590237 424.297118 260.425900 424.297118 313.660138 338.938771 311.212587 
323.286186 271.770292 408.213606 272.840806 408.570444 325.652815 323.999862 323.511788 
312.323105 284.609892 396.893688 286.037243 397.250526 338.492415 313.036781 336.708225 
306.773993 298.173453 389.137419 300.363970 388.699316 351.183956 305.459683 348.993439 
302.254657 312.232936 385.544749 313.254901 384.011802 364.353117 301.743674 362.820170 
303.244703 324.764154 384.870271 327.069961 383.947948 376.414231 303.244703 374.108424 
307.449315 336.544985 387.831747 337.671842 387.456129 387.253529 307.073696 385.375435 
316.329119 349.235141 395.547133 350.662492 394.833457 399.192447 315.972281 397.408257 
329.201174 362.505381 407.446428 364.586372 406.197834 412.032962 328.368777 409.951972 
345.278014 375.004472 421.152100 375.310415 421.152100 422.731719 344.972070 421.202000 
364.303082 385.455570 439.218751 386.331777 437.904441 433.208833 363.426875 431.018316 
385.293324 394.912759 460.208994 396.161353 459.376598 441.526953 384.877126 439.445962 
408.627364 403.590608 480.155521 404.268600 480.155521 448.677077 407.949372 446.982097 
431.598585 410.738140 500.799753 412.150943 500.125986 455.013045 431.316579 453.603016 
453.905395 417.971204 521.892406 419.098060 521.892406 460.791752 454.281014 460.791752 
476.762337 422.799638 544.230250 423.675845 543.792147 466.609971 476.324234 465.295661 
498.656486 426.557072 565.099704 427.235064 564.421711 468.931573 498.656486 467.914585 
520.385013 429.658167 586.489234 429.997163 586.150238 471.015679 520.724009 470.337687 
543.589452 431.196777 607.069037 431.572396 607.069037 472.139231 543.589452 472.139231 
565.539146 431.211047 629.481420 431.211047 628.900127 471.610938 565.539146 471.901585 
588.969305 429.961521 652.264381 429.961521 651.765995 470.081629 588.720111 470.081629 
612.338903 426.264926 675.135593 427.012505 674.637206 467.132613 611.591323 467.132613 
634.533352 421.730280 697.976454 421.086188 697.654408 461.341964 635.177444 461.341964 
657.079406 416.809538 720.050532 415.862604 719.340331 456.107308 656.842673 456.580775 
678.392158 411.728347 740.296998 410.941422 740.559307 450.287719 678.916775 451.074645 
696.864038 406.580475 759.663048 404.648198 760.307140 445.226020 697.830176 446.514205 
714.581629 402.324613 777.011087 400.488452 777.535704 440.621675 714.319320 441.933218 
729.782306 398.023611 791.872101 395.525746 792.585776 435.134753 730.495982 436.918942 
744.030627 392.116312 806.156359 390.459626 807.260816 429.943980 744.582855 431.324552 
756.509222 388.434382 818.884487 384.705426 819.901475 424.367959 757.865206 427.418923 
767.940613 383.324539 830.095531 381.070215 831.705762 419.393714 769.550844 421.648037 
777.451839 379.474544 839.881564 375.728761 841.546356 415.267586 779.532830 418.597172 
786.527764 375.702852 848.541291 371.957068 849.789885 410.663498 788.192557 414.825479 
792.529799 372.264183 854.655532 368.674696 856.588332 408.159051 794.186486 412.576880 
796.781648 371.267159 858.614520 366.114419 860.546797 405.726103 798.391879 410.234749 
799.775385 369.598231 862.896441 364.767538 864.184626 403.735129 802.029709 408.887868 
800.588592 370.103049 863.387602 364.950310 865.319879 404.561993 802.520869 409.070640 
800.910736 370.721771 864.547066 365.214780 866.994617 406.517206 803.970175 411.106365 
800.887016 372.982113 864.523346 367.475123 866.970897 407.859718 803.640511 413.060764 
799.081268 375.062903 863.871504 368.833073 865.366663 409.451567 801.822393 415.183011 
798.425112 376.075266 861.817365 370.312334 863.851341 410.652859 800.798084 417.093783 
794.861164 378.377844 860.576383 372.303328 861.956954 413.720482 797.898422 418.414427 
793.060971 379.138589 858.043031 373.128688 860.296744 415.197998 795.690303 420.081043 
790.133259 380.429043 855.898484 375.005107 857.932460 416.362619 792.506231 421.447559 
788.326204 380.782190 854.733446 375.248253 856.116930 416.752779 791.093173 422.747877 
786.619822 381.533383 852.773425 375.399937 855.402045 418.334063 789.248442 423.591303 
783.494513 380.972365 850.954718 374.870437 854.344678 418.261926 785.528489 424.024858 
779.742672 381.080702 848.144840 374.754490 849.726393 417.456422 782.115002 423.782634 
775.012735 381.048313 844.167920 374.946385 845.862900 419.015866 777.385707 424.439802 
769.631518 379.392047 840.010628 375.042776 842.778345 419.326261 773.190012 424.070920 
764.102837 378.171164 834.630956 373.340471 836.563234 418.748986 765.391022 422.935586 
755.023561 376.374866 827.420748 372.440236 830.043834 416.770398 758.695882 421.754262 
746.085083 374.675310 819.006886 369.953754 820.843047 415.857767 749.232786 421.103940 
735.990220 372.390050 810.105129 367.449056 810.686422 414.533821 738.315394 418.893522 
724.142434 370.198442 799.661591 366.244560 801.243144 413.295762 725.723987 416.458868 
713.316726 368.165419 789.185545 363.069752 790.317916 411.761680 714.449096 415.724977 
700.700218 363.542800 778.134043 359.974421 779.918232 409.574889 703.198084 412.072754 
688.416721 360.317705 768.284180 356.775197 768.928272 407.336451 690.671044 409.590775 
677.431683 354.380801 758.408944 351.381643 758.608887 403.167102 678.031514 406.366203 
665.054330 348.769436 747.690475 346.891342 748.066094 398.726742 666.556805 401.356074 
652.804035 341.508741 737.812510 339.136411 737.812510 392.909214 654.780976 394.886155 
642.587467 333.157538 728.386719 331.180597 728.782107 386.139565 644.169020 386.534953 
632.267346 324.403413 721.289012 322.900937 720.913393 378.492526 633.769822 380.370620 
622.238609 316.364283 712.626243 314.058476 713.548566 372.625973 624.544416 371.703651 
614.473378 307.440887 706.450167 306.929905 706.450167 365.181871 615.495343 365.181871 
605.789466 299.895321 700.445414 298.392845 700.445414 358.867479 606.165085 359.618717 
597.712449 292.002180 694.970403 292.002180 694.648357 352.868913 598.356541 353.513005 
590.140463 286.081961 690.796004 286.081961 690.490060 349.412347 590.446407 349.106403 
584.304244 279.234544 687.975045 278.483307 686.848188 344.592223 584.679863 344.592223 
579.294211 271.711841 685.961550 271.421194 685.380257 339.432522 579.584858 338.851229 
575.993382 263.313001 685.519214 262.874898 684.204904 333.409534 577.307692 332.533327 
574.498133 254.242990 687.966895 255.119197 686.214482 326.968143 575.374339 324.777626 
575.446762 244.325109 692.393138 244.561842 690.972737 319.369645 575.210029 318.185977 
577.105662 234.565911 698.054930 234.565911 696.176835 311.943392 577.856900 310.816536 
580.189166 224.842987 706.152945 225.556663 704.725593 306.558866 580.546004 305.131515 
586.646498 218.011025 717.249170 218.724701 715.821818 301.511094 587.360174 300.797418 
595.162951 210.716745 731.571899 211.507521 729.990346 297.702161 595.953727 296.120608 
610.681312 202.750250 751.335539 202.750250 750.413216 293.599046 611.142473 292.676723 
628.908581 195.751103 775.826533 194.502508 772.913145 288.147095 628.908581 288.563293 
649.061376 188.855390 802.166961 187.933067 800.322315 285.238123 650.906022 285.238123 
674.275417 183.259473 832.041159 181.317741 829.128561 282.287816 673.789984 283.744115 
699.616254 176.154480 862.911603 174.177539 860.539274 277.769262 699.616254 278.955426 
725.744599 169.081312 894.990833 165.853182 891.762704 274.687273 725.744599 275.148434 
751.628575 163.398148 925.555597 160.331424 922.488874 269.857257 751.628575 272.923980 
777.646116 158.665142 954.530335 154.086962 949.952156 267.292863 775.565125 270.622448 
798.752010 156.621107 981.833086 151.548332 977.682633 267.761005 798.752010 270.989134 
822.376720 155.540002 1009.019678 149.085491 1004.178794 268.493953 821.300968 272.796961 
842.918703 155.352537 1035.794674 147.671635 1029.820639 269.712625 845.479003 274.833226 
867.849666 153.105791 1061.702673 145.978842 1057.426503 268.562361 867.849666 277.114699 
889.457788 153.620318 1088.175511 145.147857 1084.324392 271.464549 888.687564 279.166786 
911.141117 155.114069 1114.118177 143.992038 1109.252289 275.371026 910.445990 283.712549 
930.985571 159.896121 1137.021189 148.009451 1131.077854 280.743936 930.325200 289.989124 
949.523417 169.512939 1157.078444 155.729988 1151.403112 291.127213 947.901894 301.667117 
963.862554 179.557453 1174.520767 165.689671 1167.256690 302.386379 962.541813 314.273050 
973.785702 189.445249 1185.982341 174.079285 1181.592066 308.714394 973.053990 322.616932 
987.172909 195.558048 1194.266468 182.319190 1188.592672 314.707766 985.281644 327.946624 
993.143610 203.681432 1195.827986 187.583755 1192.169423 314.901739 991.680185 330.999415 
994.670832 208.131179 1191.848108 191.956481 1186.456542 317.502949 996.981503 330.596753 
992.729709 212.158446 1183.889612 196.865654 1179.718850 317.122611 994.119963 332.415403 
991.385470 219.092287 1172.850182 203.726323 1169.923332 319.336905 991.385470 333.239444 
983.787406 231.210310 1159.134969 215.611907 1157.521341 326.414355 984.863158 342.012758 
974.666374 243.608776 1142.400499 227.759882 1141.079758 334.739915 976.647485 348.607697 
963.507510 250.306753 1125.091536 235.677747 1125.091536 337.415837 967.338118 351.267517 
954.687400 254.350875 1108.084245 239.302450 1107.598812 336.389061 956.143699 350.952053 
941.880147 256.354700 1090.374118 241.136374 1089.912956 335.213300 943.724792 348.586980 
929.329500 257.137073 1071.253074 241.321543 1070.836876 331.636544 930.578095 345.787282 
914.077274 257.771182 1050.802533 243.497666 1050.426914 329.890000 915.579750 343.036660 
900.464080 258.394210 1031.780428 245.548045 1031.423590 328.334438 903.318783 341.537440 
886.496787 256.907484 1013.680247 243.315359 1013.194814 323.411812 889.894818 334.576773 
870.685089 255.445883 994.295944 243.376136 993.879745 320.788995 875.263269 331.193949 
856.370349 255.057875 974.477481 243.376136 974.868241 317.816693 859.260542 328.964578 
842.211192 252.731508 954.896845 241.087324 956.399320 312.454904 844.464905 323.347850 
828.040161 251.189746 936.376543 241.700428 938.353485 309.707208 831.203267 319.987303 
814.501914 250.033308 920.216247 240.460750 922.297238 307.884853 817.831499 317.041213 
802.675342 249.745505 903.103959 240.651575 905.080900 303.913696 805.443059 312.216850 
788.363106 251.768713 886.024005 243.860948 887.210170 305.146128 792.316989 312.658505 
774.282899 252.943884 869.558618 245.450288 870.629132 304.328541 777.851278 311.465299 
759.230872 254.129005 850.741743 247.304466 852.292774 303.762020 761.720548 311.775506 
742.723132 258.756633 830.963792 251.671617 832.251977 308.029702 744.977455 314.148580 
725.437385 262.958551 810.457583 258.127858 812.067815 311.587528 727.047616 317.062314 
707.520295 267.763431 790.907678 262.129149 792.410153 315.467024 709.774008 319.974451 
689.532478 270.926286 770.607610 266.031184 772.137330 317.735702 691.674085 322.630804 
670.066270 273.774251 749.965224 268.746901 751.401609 319.918141 672.400397 324.047750 
651.393246 274.666410 728.797051 270.077251 730.632715 321.169882 653.228909 324.229321 
630.808776 277.218563 707.455773 273.676055 708.743958 321.338894 632.096961 325.203448 
610.228117 280.143954 686.297624 276.471633 687.609168 324.736424 613.113512 327.884128 
590.709934 285.398850 666.420624 282.064309 667.446099 330.005289 592.330019 332.056240 
572.577044 290.637228 646.836622 288.643682 647.833395 335.242814 574.321396 337.485553 
554.815111 297.751477 629.573075 296.007124 629.822268 342.855448 556.808656 345.098187 
539.199410 304.347347 612.960602 303.101381 612.711408 349.700512 540.943762 351.195672 
523.953531 312.411852 597.399953 310.051074 597.662261 357.528939 525.527383 358.053557 
510.213266 319.670455 584.605940 318.704317 584.605940 365.723063 512.145544 365.723063 
499.348336 326.830354 572.130778 326.508308 572.452825 372.882962 499.026290 373.527054 
485.506927 334.982722 559.331189 334.110781 560.203129 379.451667 486.088221 380.614254 
473.338022 341.818130 547.047973 340.963522 547.688929 386.471405 474.406282 387.326013 
464.248292 349.367814 536.268020 348.984050 536.523862 394.651977 464.887899 394.651977 
456.125986 356.196331 528.241024 356.196331 528.433845 400.737973 457.475732 401.123615 
450.853723 362.200290 522.640806 361.986638 522.854458 406.853565 451.494679 407.067217 
447.776293 366.343729 519.298889 366.169708 519.298889 411.763188 448.298356 411.241125 
446.066530 370.666151 516.902861 370.463182 517.105831 415.116457 446.269499 413.898640 
445.604567 373.450581 516.846837 374.059489 516.237928 418.306825 445.198628 417.494947 
446.903962 375.626459 518.421168 376.301150 518.646065 420.830731 447.128859 420.156040 
449.561170 378.476939 521.412349 379.288816 520.803440 423.130214 449.764140 422.724275 
454.328317 381.942664 526.532051 381.942664 526.058584 426.685306 453.854850 425.975105 
460.511824 384.198430 532.971911 384.807339 532.363002 429.663583 460.917763 428.445766 
469.342690 384.594365 541.770729 385.021669 541.557077 429.674944 469.983646 429.674944 
479.926042 383.922925 552.690461 384.670505 551.693688 429.026897 479.178462 428.777704 
490.725595 380.924879 563.677917 381.796819 562.805977 427.718998 490.434948 426.847058 
502.304390 377.313505 575.256711 377.604152 574.966065 423.235684 502.885683 422.654390 
515.520744 371.324642 589.281935 371.823028 589.032742 417.674580 515.520744 417.176193 
529.462960 366.379833 602.889495 365.767945 602.889495 412.271417 530.074848 412.271417 
545.164578 362.409175 618.873308 362.409175 619.135617 408.313188 545.426887 408.313188 
562.978339 358.903459 636.069824 358.228768 636.744514 405.007319 563.203236 405.232215 
581.524410 355.830242 655.783988 354.335083 655.783988 401.930987 582.770376 402.678566 
602.614228 352.791992 676.888992 351.963649 676.612878 398.903091 603.166457 400.835892 
624.063381 350.591743 698.279350 349.017464 698.054453 396.020912 625.187865 397.595190 
645.576751 347.983736 720.085522 344.993417 720.833102 392.589321 645.825944 394.832060 
667.206948 343.518206 741.757827 341.309291 742.862284 389.353190 668.587520 391.285991 
688.398824 340.949976 763.739277 338.251214 764.638865 386.154248 689.298411 387.953423 
708.340892 337.937999 783.846436 333.452521 785.341595 382.045198 709.586858 385.284710 
727.874466 334.076939 803.136664 330.099669 804.360440 378.132860 729.404185 382.416075 
745.105806 331.388608 820.860543 326.653937 823.103282 374.997421 748.096125 378.984512 
763.156982 328.289382 838.497435 323.566548 840.071713 371.244686 765.181054 375.967520 
779.435981 325.596467 854.641496 320.041514 856.350713 368.540525 781.786153 373.027218 
794.844839 322.875465 870.107037 317.368475 871.636756 365.401667 797.292390 369.990825 
808.395433 322.379581 883.913436 315.751042 885.333838 363.571220 810.526035 369.489558 
820.103919 321.811767 895.227688 315.426246 897.105782 363.505458 823.484489 369.139741 
830.311775 322.029652 905.568126 316.049015 907.312479 363.644919 833.052901 369.376363 
839.107884 323.314105 914.115042 317.084275 916.606974 365.178566 841.599816 370.910009 
846.846569 324.692134 921.417639 318.063594 923.784974 365.883772 849.924105 371.565377 
853.858769 325.701185 927.855681 318.940046 931.236251 366.268020 857.239339 372.277921 
858.970334 326.224670 933.040961 319.461699 934.973238 365.836353 862.512842 372.921369 
862.896509 326.355698 937.129856 319.273365 938.441399 366.226612 865.519595 373.046637 
865.095064 326.726974 938.996193 318.930066 940.691173 366.050511 868.485024 372.491435 
863.943298 326.190034 938.287665 318.847380 940.735216 365.962740 867.614625 372.693506 
863.109651 325.510320 936.332788 318.391404 938.705760 365.511848 866.160615 371.613776 
859.694805 324.980468 932.189242 318.219329 934.442955 364.044828 862.324137 371.181586 
853.221656 325.579083 925.839734 318.952339 928.600878 365.615666 855.982800 371.414068 
845.810848 326.379854 918.677436 319.183154 920.476611 365.062117 848.734507 372.258817 
836.462084 326.345497 908.804048 319.442638 910.736849 367.210423 838.394885 371.628253 
825.678885 327.655192 897.881645 321.842258 899.411364 367.121954 827.820493 372.934888 
813.829144 328.933329 886.750947 322.637921 887.800182 369.066552 815.927613 374.575033 
801.429164 329.627434 873.495013 324.933490 874.599471 370.768474 803.361965 375.186304 
787.909632 330.779136 860.454778 326.033192 861.810762 371.797653 791.299592 375.865605 
775.177012 330.610901 846.787272 326.938580 847.311890 371.531050 776.750863 376.252606 
760.882258 330.600617 832.849258 326.327577 833.523949 371.981642 761.781845 375.355096 
745.270462 328.592359 817.137615 323.846415 818.154603 369.271880 746.965442 373.339832 
729.883294 325.894712 800.968937 323.009317 801.493555 368.388713 731.194837 371.536417 
713.275557 323.174559 785.356813 320.676694 784.999975 365.638270 714.702909 369.206649 
697.173056 321.523021 768.942579 318.234054 768.897474 363.986731 698.525740 366.626243 
680.593037 318.958484 752.859069 316.466551 753.108263 362.567296 681.340617 364.810035 
664.084462 316.871850 735.814729 315.214715 736.761663 360.904291 665.031396 362.324693 
648.094564 315.380029 720.609790 313.635676 720.858983 359.736421 648.842144 361.231580 
632.638365 313.831432 705.707360 312.122216 705.280056 358.698359 633.065669 359.766619 
617.695472 312.254095 690.337163 311.185835 690.337163 358.189282 618.336428 358.616586 
602.837666 310.968897 676.935268 310.732163 676.461801 356.658473 603.074399 357.605407 
588.773693 310.770229 663.600686 310.770229 663.048457 356.605214 589.602036 357.157443 
576.575384 311.064475 651.582541 310.566088 651.333348 357.912799 578.070543 357.912799 
564.619683 312.475138 640.374421 312.238405 639.900954 358.874915 566.276818 358.874915 
554.947044 313.580217 629.967317 314.104834 629.442700 361.320390 554.684735 360.795773 
544.770325 316.418233 621.471997 317.128434 620.525063 364.711878 545.243792 363.291477 
536.668848 319.176586 613.262972 319.963512 612.738355 367.703686 536.668848 367.441377 
530.934260 320.789816 607.266076 321.314433 607.003768 369.841533 530.934260 369.054607 
525.798060 322.155799 603.047956 322.903379 602.549570 372.492829 525.798060 370.748476 
523.240173 324.495148 600.276081 325.323491 600.276081 373.367391 523.240173 372.539048 
522.022486 325.064391 599.913973 325.459780 599.123196 374.883312 522.813263 373.697147 
0.000000 0.000000 0.000000 0.000000 0.000000 0.000000 0.000000 0.000000 
0.000000 0.000000 0.000000 0.000000 0.000000 0.000000 0.000000 0.000000 
0.000000 0.000000 0.000000 0.000000 0.000000 0.000000 0.000000 0.000000 
0.000000 0.000000 0.000000 0.000000 0.000000 0.000000 0.000000 0.000000 
0.000000 0.000000 0.000000 0.000000 0.000000 0.000000 0.000000 0.000000 
554.986748 323.890894 634.623944 323.600248 634.623944 373.591480 554.986748 372.428893 
568.647480 323.731758 646.553148 323.731758 646.290839 373.045784 569.434406 373.045784 
582.003925 323.626697 660.972633 323.626697 660.696519 372.775054 582.832268 372.775054 
597.764750 323.289844 676.388698 322.648887 676.816002 372.429811 598.405706 372.857115 
615.314148 322.767058 693.578261 321.867471 694.252951 371.119887 616.663529 371.569680 
633.740404 321.060923 712.004517 320.161336 712.679208 369.413752 635.089785 369.863545 
652.630411 320.687337 731.126274 318.444598 731.873854 368.034048 653.876377 369.778401 
670.612499 319.836428 750.354328 316.846109 752.098681 366.933945 672.606045 369.425877 
690.001765 318.431456 770.903274 314.841969 772.007732 365.370898 693.039023 368.408156 
710.794136 317.282190 790.798273 312.560634 792.372125 363.186203 713.679531 366.858524 
730.792303 314.974305 810.334777 310.239634 812.465379 360.663881 734.343306 363.978151 
751.635224 313.405103 831.708390 306.778358 834.193419 357.031172 755.224710 362.829574 
773.142515 311.591845 853.133537 304.614435 856.622242 355.699044 776.631220 361.181295 
794.279162 310.523732 875.434806 302.472577 877.689129 353.355878 798.143716 359.474756 
815.342814 309.874041 896.723890 301.307612 900.395217 351.482411 819.626029 359.742896 
835.638158 309.924009 916.539667 299.155549 919.853040 351.065049 840.332102 358.796252 
855.624437 309.383195 937.005513 298.919914 941.655860 349.783086 861.146724 358.793134 
875.112068 310.219153 956.132113 299.710277 960.200065 349.542690 880.536004 360.729558 
893.149894 311.862194 973.491947 301.014321 979.254879 351.185730 898.573830 362.372598 
909.874743 316.151932 990.163271 302.592091 995.872677 353.263073 915.940988 364.681886 
923.851552 319.784768 1004.140079 306.938603 1010.563162 355.825396 932.058824 369.028398 
935.733115 326.609168 1015.736172 312.710332 1022.177096 362.203748 943.869019 375.085597 
945.068738 335.399605 1025.694132 321.870001 1032.044763 371.018358 953.076054 385.100191 
952.285975 348.380159 1032.276997 333.677760 1040.001987 383.267209 959.761772 396.474450 
957.814893 362.887356 1037.357367 348.209876 1044.932840 398.397389 965.863833 411.654469 
959.245893 380.275388 1039.365405 365.319745 1047.697834 414.673365 968.432930 429.842659 
960.499229 400.169255 1039.126810 385.789892 1046.775407 433.823084 968.147826 449.426222 
957.820751 421.568458 1036.513345 406.658282 1044.244547 456.082754 966.104182 470.440701 
952.982338 444.269989 1030.080199 429.584682 1037.116909 477.923818 960.936879 491.997237 
945.446195 464.917830 1021.321201 451.395551 1028.833578 500.601620 952.958572 512.621423 
934.133526 484.646583 1009.632913 471.499923 1016.769671 519.954754 942.397141 531.974557 
920.182556 501.175613 995.219322 488.293765 1003.270477 537.244788 927.911665 547.872313 
903.051516 515.097756 978.550904 503.453572 983.809567 551.908403 909.812655 562.801349 
883.473132 525.406148 958.576239 514.361574 962.717954 563.233816 889.823762 572.897819 
861.311434 532.870661 935.394708 523.714301 939.972887 571.577090 866.305812 580.733449 
836.343058 537.394029 909.586027 528.383981 914.527021 576.631333 842.155992 585.350734 
811.554434 538.300894 884.658923 530.249739 888.523477 577.590531 815.741035 585.641686 
783.884490 536.496656 857.054797 529.869911 860.368169 576.809353 787.750091 583.712212 
756.085917 531.921808 828.456945 526.108874 831.363412 573.193640 758.992384 578.715927 
726.256062 525.719789 798.716458 520.245004 800.970781 566.619657 727.866293 572.094443 
695.905120 516.045256 768.413823 512.067985 769.943543 558.877401 698.352671 563.160616 
663.962335 505.419337 735.752070 502.105964 736.580413 549.321521 664.790678 551.254321 
629.358443 493.143739 702.242584 491.787755 702.581580 538.230208 630.714427 539.586192 
594.927661 479.964635 668.461276 479.383342 667.879982 526.758754 594.927661 527.049401 
559.835244 466.251869 633.696113 466.251869 632.038978 513.361846 559.835244 512.888379 
524.416839 450.711522 598.125569 450.973830 597.338643 497.664769 522.842987 497.664769 
488.274829 434.422976 563.032793 435.170556 561.537634 482.517267 486.032090 481.271301 
452.059462 416.282941 528.063392 418.774873 525.571460 465.623197 450.813496 463.878845 
416.698326 398.834382 492.878356 401.893821 490.430804 448.703237 414.862662 445.337854 
381.181010 380.195201 459.086679 384.392139 456.463592 431.870005 377.770998 426.886140 
345.756276 362.744833 424.448871 366.941771 422.088093 414.944253 343.395499 410.747315 
312.091344 345.388831 392.331560 350.621888 388.842855 398.965372 309.101026 393.483121 
279.751609 329.093675 360.509660 335.479196 358.255947 383.558407 277.497896 378.299744 
250.699233 314.563086 332.690272 320.389861 328.944488 369.917442 248.202044 364.090668 
223.505243 299.353934 306.744875 306.845501 304.247687 356.373082 221.008054 349.713911 
201.471966 286.827558 284.483730 292.461840 282.605636 342.794765 198.842634 336.033626 
183.004402 273.136663 267.450927 279.591174 264.761548 329.075763 180.315022 322.621251 
168.310395 259.722085 253.737389 266.502005 250.686425 317.012409 166.615415 310.232489 
157.121927 248.861867 243.711955 254.792691 240.944237 305.797776 155.935762 299.471564 
151.024312 237.614185 236.688603 244.039007 235.464827 295.743525 149.494593 289.012760 
148.639173 229.479123 234.379949 235.582703 233.508009 286.445876 148.348526 280.051648 
149.861284 220.556416 235.892707 227.241291 234.439474 277.813816 149.570637 272.582176 
154.404784 214.215435 239.424982 220.656359 239.102936 270.573521 153.760691 266.064874 
161.928730 208.722963 247.593020 214.519794 246.948928 265.403095 162.572822 259.928309 
172.183672 205.773634 259.169089 209.519418 258.336692 261.544188 173.432267 256.549810 
187.590546 202.973900 272.339547 207.380848 272.339547 258.569245 187.590546 254.501293 
204.467727 202.083786 289.395147 204.581652 289.751985 255.966309 205.181403 252.041092 
223.393292 200.668478 308.283151 202.546572 308.658770 254.757592 225.647005 251.001403 
246.096075 201.056872 329.828089 202.751852 329.828089 253.601252 247.791055 251.228280 
270.144698 201.104148 352.426779 202.208606 353.807351 252.461420 272.077499 251.080848 
295.052969 200.585289 377.657821 200.891233 379.187540 252.289807 298.418352 251.066032 
321.700753 201.225698 403.059794 201.225698 404.843983 251.183004 324.555456 251.539842 
350.607506 202.104814 430.238701 201.729195 432.492414 250.184026 353.612457 252.062120 
378.366810 202.381191 457.590177 201.415052 459.522454 249.721983 381.587273 250.688122 
407.232245 202.260079 485.247939 199.506584 488.307378 249.069495 410.597628 251.211102 
436.665058 201.787176 514.529309 198.749918 516.462109 246.793818 441.082887 250.659419 
465.495074 201.185185 542.928898 196.903130 546.497277 246.503598 471.561318 249.715139 
495.564964 201.216021 572.159089 196.494466 575.831410 244.496948 500.024211 249.480813 
525.776888 201.786191 601.135700 195.667313 603.712070 243.974244 529.641442 249.771075 
554.168218 201.266440 629.425331 194.486520 634.510271 242.962949 559.253158 249.064877 
582.708179 200.885242 657.287300 194.444318 661.694248 242.242755 588.810107 248.344683 
610.129318 201.525298 684.199945 194.440281 688.064499 242.425166 613.993872 250.154275 
635.678582 203.809364 709.953346 195.249819 714.371176 242.741489 641.476984 251.853263 
660.184883 205.980808 734.459647 197.421263 738.877477 244.912934 665.983284 254.024708 
683.752326 209.928031 756.936439 199.697994 761.395686 247.175859 689.523117 256.881279 
705.167602 214.960000 778.679600 204.244692 783.663464 250.843823 711.397432 260.811552 
726.282677 219.348210 798.497064 208.665609 803.624713 255.241752 731.196674 266.351657 
744.120604 226.359431 816.517791 215.342468 821.239346 262.820333 749.366777 273.312679 
760.097230 235.616642 831.964383 224.429774 837.049323 269.855239 765.521166 281.720099 
774.314092 245.072374 846.394474 233.737153 851.335468 280.240625 780.127026 291.575847 
785.943414 257.154850 859.675893 245.223038 863.347220 292.338398 792.980124 303.352378 
797.758507 271.060039 870.680311 259.518459 874.352632 306.209398 802.742371 316.177127 
807.005969 284.868108 878.972970 274.522852 883.470907 320.176918 812.628391 331.196865 
814.710068 300.768776 886.775918 290.000316 891.469862 336.111415 821.060699 346.603761 
821.026752 318.980666 895.677062 307.966686 894.759230 355.387990 825.004022 364.566306 
0.000000 0.000000 0.000000 0.000000 0.000000 0.000000 0.000000 0.000000 
826.204846 358.041478 898.072000 347.871598 901.122964 393.975055 830.272798 403.805939 
826.061269 377.763660 898.722944 369.044259 900.757471 414.385145 830.130323 423.395192 
825.227465 397.182083 898.673886 388.263589 900.247738 435.741454 829.162094 443.610714 
821.765817 415.906002 894.136846 408.058542 896.171373 455.143307 825.253578 461.828181 
816.730970 432.786810 887.939412 426.101936 888.811352 472.024115 820.218730 478.418342 
809.917123 448.764827 881.410657 442.373021 882.831058 489.246265 811.337525 494.927870 
800.070285 464.868005 870.988079 459.636364 872.441313 505.267896 802.395458 510.790184 
789.354065 478.686287 860.271860 473.454647 861.725094 519.086179 791.679239 524.608466 
776.117751 489.427309 847.907486 486.230196 848.779426 531.571081 778.733571 534.768195 
762.158465 499.043706 833.948200 495.846592 834.820140 541.187478 764.774286 544.384591 
748.908815 506.420448 820.054942 505.138536 820.482246 550.432767 749.122467 552.355635 
733.349395 511.929548 804.369461 510.932775 804.618654 557.033520 733.100201 557.781100 
716.248848 514.046042 787.210240 512.941585 786.658011 558.500455 716.248848 559.052684 
698.964165 512.190367 769.747498 511.953634 768.800564 556.933009 698.964165 556.933009 
680.693727 506.479062 751.611522 506.479062 750.448935 552.401241 678.949847 551.819948 
661.417409 496.817066 732.437475 498.474201 731.727275 543.690310 660.470475 541.322974 
643.641304 484.434287 714.464638 486.270448 711.841552 531.912152 641.542834 529.551375 
625.096773 470.913980 696.116839 473.655106 693.375714 518.759078 622.355647 515.270373 
607.449045 454.967325 677.995644 457.808128 675.865042 503.024237 604.608242 499.946700 
590.166649 436.291953 661.660183 440.316423 659.056113 486.242733 585.905445 482.454996 
572.808583 418.019441 644.302116 422.043911 641.461313 468.443688 569.731046 462.998816 
557.189509 399.744195 629.606303 404.691927 625.558160 451.020683 553.816056 444.723571 
542.053029 380.938772 614.069868 386.421023 610.082776 432.770960 538.065937 426.790323 
527.058654 361.989581 599.841096 367.786413 595.654496 413.516974 523.194099 407.398096 
513.622895 341.313237 586.885700 347.044681 582.898608 393.893006 510.134190 386.915596 
501.622245 320.761680 575.613318 327.058793 570.440690 374.287137 497.574102 367.315333 
489.047616 300.501692 563.162525 306.895920 559.965411 353.399392 486.141149 347.295811 
478.960719 280.620260 553.787712 287.247005 549.922111 334.462561 475.371232 328.111931 
469.522904 261.535357 544.031675 269.011153 540.792163 315.859478 465.785005 308.383681 
461.644762 243.568882 536.927344 250.913524 532.992714 298.916006 458.234750 291.571364 
454.600545 227.402556 530.853668 234.130773 527.614157 282.723450 451.610226 275.247653 
450.790355 214.312202 526.295899 220.542032 522.558001 269.633095 446.554071 261.658912 
443.676422 202.026059 524.139667 209.062769 521.692116 257.401904 443.064535 250.059251 
443.777576 192.796029 523.709266 199.932787 520.140887 248.462741 441.993387 240.969145 
439.374119 187.355658 524.382594 193.286482 521.614876 242.314625 438.583343 234.802249 
443.513433 182.132698 529.499770 187.607484 524.991123 236.880553 442.547294 230.439629 
454.573409 178.282620 533.812878 184.707441 530.753439 233.658465 453.043690 227.845531 
463.432302 177.301789 541.296553 181.995733 539.087639 232.248547 461.499502 226.726260 
473.120433 177.489406 550.984684 181.355007 549.327998 231.055593 471.739861 227.466106 
485.380123 178.900294 563.564085 182.678701 561.820205 232.669933 484.798829 228.600879 
498.420790 182.074299 576.916653 184.815424 575.670687 234.404874 497.922404 231.414555 
514.529829 185.417530 593.222423 188.178673 591.289623 238.155374 513.977601 235.394230 
531.644968 191.405709 609.393251 193.150061 608.396478 243.237898 530.648195 240.496772 
549.820037 197.657404 627.132060 198.529344 626.841413 248.811223 550.401331 246.776697 
569.516897 204.491053 646.828919 205.362993 646.247626 255.644872 570.098190 254.191639 
590.336245 212.327912 667.475874 212.777706 668.375461 262.929709 590.786039 262.030122 
612.450342 218.275242 689.152014 218.985443 689.388747 267.515822 612.450342 267.752555 
635.471279 224.475626 711.402730 223.371168 712.231073 271.691182 636.299622 272.243411 
658.723779 227.728670 734.530978 226.679436 735.317904 274.944227 660.035322 275.993461 
683.487028 230.080096 758.531565 229.133162 759.005032 277.426807 683.960495 278.610474 
708.231404 232.488181 783.650571 230.565313 783.650571 278.637020 708.658708 280.559888 
733.044755 234.290826 807.553527 230.802121 808.799493 278.896411 734.290722 281.886730 
757.716499 236.521042 832.382261 232.023104 833.281849 279.926139 759.515674 283.074695 
782.317818 239.606129 857.362354 235.581659 857.835821 283.165103 783.738219 286.479373 
805.877701 243.525127 880.897974 238.278954 882.209517 286.543746 808.500787 290.740684 
830.008207 247.743993 905.289477 242.535855 906.236412 290.829500 831.428609 294.380503 
853.072245 252.320345 927.962904 247.597510 929.762079 293.926267 854.196729 299.323792 
875.449328 257.030611 950.456485 252.295940 952.200838 299.642651 877.692067 304.875708 
896.663564 262.239861 972.418301 256.794989 972.655035 304.615167 899.504367 308.876371 
916.372292 267.478956 991.150503 261.924003 993.073372 308.927450 919.149769 314.268751 
934.930846 272.784059 1009.688810 267.800194 1011.000353 314.491134 937.291624 319.999615 
950.232287 279.249991 1025.059280 273.175475 1026.715966 320.943260 951.612859 325.637204 
963.207353 284.664647 1038.772703 279.267122 1039.447394 326.270569 965.231425 330.993404 
972.879050 290.629144 1048.423940 284.071428 1049.735484 331.549293 976.026754 336.270848 
981.781081 295.694332 1056.446844 289.397219 1058.246019 335.501079 983.580256 341.348398 
986.177002 299.862230 1061.197275 294.353748 1063.033435 341.306996 988.537779 345.766243 
989.757576 304.948101 1064.266347 299.465851 1065.013927 346.563368 990.255963 351.796426 
989.757576 309.460194 1064.266347 303.977943 1065.013927 351.075460 990.255963 356.308518 
986.139045 313.359886 1060.710114 307.441548 1061.893782 354.551525 988.269647 359.286196 
981.118894 315.834005 1054.943156 311.474305 1056.105743 358.559070 982.281481 362.628124 
973.503211 317.830593 1047.837547 313.332656 1049.731416 360.442633 974.450146 364.467103 
964.735465 318.769477 1039.838573 313.799418 1040.666916 360.462746 966.392151 364.052233 
953.435731 317.488653 1027.710496 311.966366 1029.367182 359.181922 954.816303 363.047523 
941.093909 315.191105 1016.101067 310.705627 1015.851874 357.553952 942.339876 361.042657 
925.888906 310.781534 999.713168 307.875067 1001.166401 354.087893 926.760846 356.994360 
908.301953 307.440534 983.583223 304.599732 983.346489 351.709709 908.301953 354.550512 
889.403816 304.794070 963.330082 301.779674 963.093348 348.889651 888.634709 351.453205 
867.138757 302.474239 942.421338 299.588844 941.896721 346.542092 866.876448 348.902870 
843.503879 300.244555 916.766684 298.251009 917.265071 344.351754 842.756299 346.594493 
817.899970 297.097647 892.471040 296.150712 892.234306 342.550489 817.899970 344.207624 
792.358342 295.351395 866.329381 294.302160 865.804763 340.730791 791.833725 341.517717 
765.561090 292.725076 839.271042 291.870468 839.057390 338.660263 765.561090 339.087567 
738.241600 289.527479 812.907363 288.852788 811.108188 336.530926 737.342013 336.980720 
711.564375 285.939435 785.274327 286.366739 783.992414 332.729230 710.496115 332.729230 
684.458639 282.185899 757.775020 282.185899 757.100330 329.189346 684.008845 328.514656 
656.617960 277.491375 730.952296 278.675042 730.005361 325.311553 656.144493 324.127885 
629.330168 271.841934 704.220828 273.416213 702.646550 320.869453 629.105271 318.845382 
601.389562 267.341831 676.167773 268.410091 675.099513 316.909102 600.748606 314.558930 
572.161907 262.243053 647.679911 264.136921 646.022776 312.193833 571.925174 309.589764 
543.883716 256.985072 618.875580 259.121592 616.952711 306.765995 542.388152 304.629475 
512.821461 252.564840 588.881585 255.342316 587.172368 303.200372 512.394157 299.995591 
483.911059 247.917823 560.375997 250.995360 558.718862 299.762472 482.964124 295.974735 
454.839532 243.257315 531.591042 247.493599 530.594269 295.587890 454.091952 292.099185 
427.586311 238.324492 506.418585 242.348962 504.287983 291.352808 425.929176 287.328338 
401.737702 234.709656 480.793604 238.778710 479.049724 288.188649 401.447055 283.538302 
378.366337 230.069957 459.157400 234.529204 456.796622 284.630155 377.579411 280.433217 
357.694655 228.846776 438.596164 233.264606 438.043935 283.517421 357.694655 278.547362 
340.275629 230.909657 422.011003 235.893522 420.515844 285.732165 339.278856 280.997494 
326.077188 235.279436 408.330204 240.220430 407.167617 289.921015 324.333308 286.433255 
315.105202 240.526897 398.627885 246.645775 396.486278 296.514630 314.493314 291.619528 
310.168698 242.473540 393.897619 246.959018 392.402459 298.292820 309.421119 293.558149 
312.219756 235.310034 394.663585 240.140727 394.019492 291.346074 310.931571 284.905150 
319.273834 222.681253 402.184629 227.882299 400.654910 278.363042 319.273834 274.997659 
331.516662 216.540599 414.668503 220.999846 412.307725 271.625415 331.778971 266.903859 
345.341720 218.850506 426.243229 222.992222 425.414886 272.692808 344.513377 268.827207 
358.541693 227.834760 439.280294 231.572658 437.785135 281.909687 357.794113 277.424209 
371.739811 238.702445 451.591167 241.761884 450.367392 291.324795 370.821979 287.347524 
387.174086 246.337603 466.142794 249.374861 465.866680 297.970989 387.450200 295.485960 
406.571038 248.186492 485.001323 250.809578 484.739014 298.287444 406.833346 296.451283 
429.325110 246.475633 507.465475 248.408434 506.361018 296.728448 430.153453 295.071762 
452.586053 246.333784 529.050991 247.683165 529.050991 295.811097 452.810950 294.686612 
473.867183 251.381479 551.006812 251.831273 550.557018 300.408999 474.991667 299.734308 
494.258243 260.155296 570.272319 260.155296 570.429373 308.213782 494.415296 307.585567 
513.594680 266.917138 588.103451 266.917138 589.847804 315.260622 514.591453 315.260622 
534.026899 268.729013 608.917559 268.953910 609.592250 315.282666 535.151384 316.182254 
555.470436 265.644470 630.278239 264.697536 630.988440 311.807513 556.417371 313.938115 
577.640374 263.239226 652.306137 261.440051 652.755931 308.668395 579.214652 310.467570 
599.355734 263.913030 673.065685 261.135554 674.133946 308.993609 601.064950 310.916478 
619.232798 265.839719 692.774076 263.140956 694.123458 310.144404 620.807076 313.292960 
638.294629 268.534476 711.017054 264.504518 713.398393 312.131295 639.027349 315.245354 
655.550021 272.162737 728.191712 267.462392 730.328232 315.534100 658.113845 318.311576 
672.238464 276.200999 745.104490 271.126763 747.540123 318.418640 674.877067 323.492876 
688.186971 280.315173 761.613505 274.196295 763.755113 320.699767 692.470185 326.512701 
704.785070 284.193008 777.201864 277.670999 779.450833 323.999755 707.933626 330.071971 
719.267979 286.997816 792.008722 280.385022 794.653840 326.674585 722.243737 333.618020 
732.498062 290.880252 803.991595 282.831311 807.542598 328.994354 736.285798 337.043295 
744.134312 293.009947 816.188460 284.485231 820.247848 331.980078 748.396670 339.489947 
755.958442 294.656683 827.215241 286.371008 831.002978 332.534051 760.219646 341.293193 
765.008095 296.087040 836.775741 287.863664 840.264446 334.213602 769.991960 341.689398 
772.161501 299.242798 843.453810 289.797129 848.176645 335.676092 777.559026 344.447070 

