1.0000 -0.0000 0.0000 -0.0000 1.0000 0.0000 -0.0000 -0.0000 1.0000
1.0477 0.0081 -10.9990 0.0196 1.0493 -15.7593 0.0000 0.0000 1.0000
1.0314 0.0155 -12.4499 0.0098 1.0331 -7.0306 0.0000 0.0000 1.0000
1.0376 0.0028 -9.8686 0.0182 1.0364 -11.8767 0.0000 0.0000 1.0000
1.0552 0.0075 -15.2869 0.0286 1.0557 -19.9997 0.0000 0.0000 1.0000
1.0596 0.0051 -15.4561 0.0350 1.0606 -23.7801 0.0000 0.0000 1.0000
1.0705 0.0086 -21.3044 0.0400 1.0667 -25.3727 0.0000 0.0001 1.0000
1.0687 0.0015 -20.1380 0.0463 1.0652 -27.7121 0.0000 0.0001 1.0000
1.0626 -0.0138 -15.6022 0.0533 1.0605 -31.6676 0.0000 0.0000 1.0000
1.0505 -0.0335 -9.4110 0.0584 1.0448 -31.8138 0.0000 0.0000 1.0000
1.0425 -0.0381 -8.2763 0.0614 1.0378 -30.6046 0.0000 0.0000 1.0000
1.0468 -0.0537 -5.7988 0.0772 1.0415 -39.0285 0.0000 0.0000 1.0000
1.0494 -0.0486 -12.6511 0.0812 1.0418 -39.6451 0.0000 0.0000 1.0000
1.0390 -0.0847 3.1625 0.0990 1.0293 -47.1370 0.0000 0.0000 1.0000
1.0299 -0.0989 6.8397 0.1056 1.0162 -47.1509 0.0000 0.0000 1.0000
1.0285 -0.1086 9.0847 0.1196 1.0197 -54.8732 0.0000 0.0000 1.0000
1.0494 -0.1073 2.8080 0.1372 1.0339 -63.0571 0.0000 0.0000 1.0000
0.9959 -0.1494 27.5790 0.1322 0.9795 -52.2993 0.0000 -0.0000 1.0000
0.9759 -0.1715 38.8298 0.1395 0.9562 -50.9609 -0.0000 -0.0000 1.0000
1.0514 -0.1558 20.1853 0.1855 1.0288 -80.4677 0.0001 0.0000 1.0000
1.0107 -0.1848 38.4214 0.1838 0.9890 -73.2261 0.0000 -0.0000 1.0000
1.0045 -0.1954 44.0767 0.1937 0.9794 -74.6034 0.0000 -0.0000 1.0000
1.0064 -0.2108 50.7741 0.2080 0.9787 -78.9449 0.0000 -0.0000 1.0000
1.0063 -0.2230 57.7826 0.2161 0.9755 -81.6325 0.0000 -0.0000 1.0000
1.0167 -0.2253 60.5500 0.2308 0.9850 -88.4267 0.0000 -0.0000 1.0000
1.0169 -0.2406 69.9869 0.2441 0.9829 -93.6566 0.0000 -0.0000 1.0000
1.0007 -0.2464 78.9844 0.2399 0.9694 -88.8321 0.0000 -0.0000 1.0000
0.9720 -0.2529 89.6346 0.2271 0.9368 -75.9170 -0.0000 -0.0000 1.0000
0.9724 -0.2649 100.8472 0.2324 0.9381 -76.6366 0.0000 -0.0001 1.0000
0.9507 -0.2659 106.5032 0.2175 0.9163 -64.6889 -0.0000 -0.0001 1.0000
0.9269 -0.2549 110.8022 0.2054 0.8939 -53.8779 -0.0000 -0.0001 1.0000
0.9728 -0.2551 109.9402 0.2281 0.9421 -68.8666 -0.0000 -0.0000 1.0000
0.9079 -0.2744 129.3567 0.1933 0.8770 -42.9496 -0.0000 -0.0001 1.0000
0.9587 -0.2533 120.8829 0.2191 0.9344 -60.9782 -0.0000 -0.0000 1.0000
0.9734 -0.2471 117.9251 0.2185 0.9512 -60.1963 -0.0000 -0.0000 1.0000
0.9676 -0.2286 112.2267 0.2097 0.9437 -53.1330 -0.0000 -0.0000 1.0000
0.9624 -0.2334 116.5060 0.2026 0.9403 -48.1920 -0.0000 -0.0000 1.0000
0.9671 -0.2205 113.9587 0.1989 0.9481 -45.3996 -0.0000 -0.0000 1.0000
0.9844 -0.2117 111.6764 0.2041 0.9667 -49.4510 0.0000 -0.0000 1.0000
0.9831 -0.2121 113.2766 0.1944 0.9556 -40.8497 0.0000 -0.0000 1.0000
0.9428 -0.2095 119.4024 0.1666 0.9255 -25.0735 -0.0000 -0.0001 1.0000
0.9749 -0.1835 108.4552 0.1718 0.9654 -32.1728 -0.0000 -0.0000 1.0000
0.9753 -0.1744 105.7943 0.1636 0.9622 -27.4964 -0.0000 -0.0000 1.0000
0.9864 -0.1695 102.6554 0.1599 0.9728 -26.3416 -0.0000 -0.0000 1.0000
0.9793 -0.1405 94.8827 0.1479 0.9732 -20.9066 -0.0000 0.0000 1.0000
0.9537 -0.1580 103.1707 0.1333 0.9498 -14.9193 -0.0000 -0.0000 1.0000
0.9506 -0.1607 103.7839 0.1259 0.9423 -11.3559 -0.0000 -0.0000 1.0000
0.9803 -0.1345 88.2979 0.1307 0.9749 -18.3234 -0.0000 -0.0000 1.0000
1.0064 -0.1260 78.7548 0.1333 0.9898 -21.0596 0.0000 -0.0000 1.0000
0.9857 -0.1429 85.7952 0.1279 0.9672 -19.7128 -0.0000 -0.0000 1.0000
1.0210 -0.1285 72.8973 0.1370 1.0028 -30.8006 0.0000 -0.0000 1.0000
1.0089 -0.1207 67.7252 0.1274 0.9863 -25.5860 0.0000 -0.0000 1.0000
1.0062 -0.1344 70.7822 0.1285 0.9845 -30.7838 0.0000 -0.0000 1.0000
1.0158 -0.1224 60.0478 0.1272 0.9875 -31.4057 0.0000 -0.0000 1.0000
0.9895 -0.1300 62.5049 0.1161 0.9623 -26.0757 -0.0000 -0.0000 1.0000
0.9969 -0.1282 56.9142 0.1218 0.9739 -34.6206 -0.0000 -0.0000 1.0000
1.0052 -0.1379 55.1597 0.1273 0.9745 -39.6955 0.0000 -0.0000 1.0000
1.0232 -0.1339 46.1791 0.1380 0.9832 -47.7765 0.0000 -0.0000 1.0000
1.0569 -0.1217 32.0396 0.1538 1.0196 -63.7402 0.0000 0.0000 1.0000
1.0125 -0.1367 37.5691 0.1286 0.9741 -48.1151 -0.0000 -0.0000 1.0000
0.9902 -0.1532 42.9183 0.1249 0.9452 -45.7099 -0.0000 -0.0001 1.0000
1.0500 -0.1187 15.6640 0.1495 1.0134 -70.6465 0.0000 0.0000 1.0000
1.0226 -0.1406 22.4185 0.1393 0.9760 -63.3987 -0.0000 -0.0000 1.0000
1.0568 -0.1298 7.0058 0.1545 1.0059 -76.8454 0.0000 -0.0000 1.0000
1.0416 -0.1380 8.2757 0.1510 0.9906 -76.7139 0.0000 -0.0000 1.0000
1.0372 -0.1532 9.6889 0.1543 0.9831 -81.3859 0.0000 -0.0000 1.0000
1.0878 -0.1344 -10.5615 0.1763 1.0251 -99.0069 0.0000 0.0000 1.0000
1.0857 -0.1346 -14.6750 0.1780 1.0287 -102.6015 0.0000 0.0000 1.0000
1.1084 -0.1379 -21.3114 0.1914 1.0417 -112.9413 0.0001 0.0000 1.0000
1.1012 -0.1276 -28.3830 0.1862 1.0359 -110.4301 0.0000 0.0000 1.0000
1.0899 -0.1271 -30.0017 0.1774 1.0304 -108.1695 0.0000 0.0000 1.0000
1.0884 -0.1410 -27.6691 0.1822 1.0221 -110.8073 0.0000 0.0000 1.0000
1.1204 -0.1150 -46.1902 0.1906 1.0496 -119.1246 0.0001 0.0000 1.0000
1.1014 -0.1305 -40.2284 0.1857 1.0261 -115.7742 0.0000 0.0000 1.0000
1.1610 -0.1128 -59.4814 0.2097 1.0801 -135.3226 0.0001 0.0000 1.0000
1.0987 -0.1453 -38.6028 0.1855 1.0183 -117.6632 0.0000 -0.0000 1.0000
1.0951 -0.1324 -46.9198 0.1755 1.0133 -113.7941 0.0000 -0.0000 1.0000
1.1311 -0.1195 -58.8472 0.1917 1.0483 -126.5529 0.0001 0.0000 1.0000
1.1526 -0.1140 -67.6358 0.1975 1.0585 -130.7255 0.0001 0.0000 1.0000
1.1247 -0.1234 -58.8353 0.1873 1.0395 -124.8899 0.0001 0.0000 1.0000
1.1503 -0.1064 -73.6311 0.1883 1.0586 -129.1734 0.0001 0.0000 1.0000
1.1368 -0.1063 -72.6268 0.1802 1.0445 -124.2763 0.0001 0.0000 1.0000
1.1188 -0.1221 -64.1486 0.1739 1.0265 -121.4586 0.0000 -0.0000 1.0000
1.1231 -0.1047 -73.3698 0.1703 1.0279 -119.8672 0.0000 0.0000 1.0000
1.1746 -0.0754 -94.7731 0.1838 1.0748 -133.3395 0.0001 0.0000 1.0000
1.1415 -0.0861 -87.0245 0.1648 1.0452 -122.1589 0.0000 0.0000 1.0000
1.1344 -0.0938 -85.1282 0.1624 1.0354 -121.9278 0.0000 0.0000 1.0000
1.1090 -0.0978 -81.1556 0.1452 1.0120 -111.9737 0.0000 -0.0000 1.0000
1.0896 -0.0888 -83.1338 0.1287 1.0079 -107.2910 -0.0000 -0.0000 1.0000
1.1352 -0.0861 -94.6857 0.1500 1.0322 -121.1180 0.0000 -0.0000 1.0000
1.1651 -0.0663 -110.7928 0.1555 1.0560 -127.0237 0.0001 0.0000 1.0000
1.1876 -0.0636 -119.6193 0.1627 1.0721 -135.4045 0.0001 0.0000 1.0000
1.1395 -0.0643 -115.5329 0.1297 1.0336 -116.4330 0.0000 0.0000 1.0000
1.0879 -0.0858 -101.6924 0.1078 0.9783 -98.6465 -0.0000 -0.0000 1.0000
1.1009 -0.0631 -115.7804 0.1048 1.0001 -104.0593 -0.0000 -0.0000 1.0000
1.1534 -0.0391 -139.4305 0.1189 1.0363 -115.2766 0.0000 0.0000 1.0000
1.1599 -0.0435 -141.8463 0.1164 1.0501 -119.9772 0.0000 0.0000 1.0000
1.2059 -0.0087 -168.3068 0.1258 1.0889 -130.7790 0.0001 0.0001 1.0000
1.2252 -0.0123 -174.0345 0.1297 1.0910 -132.7288 0.0001 0.0000 1.0000
1.1816 -0.0196 -165.8130 0.1059 1.0548 -116.2499 0.0000 0.0000 1.0000
1.2160 -0.0018 -182.6166 0.1114 1.0851 -123.0900 0.0001 0.0000 1.0000
1.2167 -0.0016 -183.5496 0.1073 1.0837 -121.6282 0.0001 0.0000 1.0000
1.1976 -0.0041 -182.3826 0.0914 1.0668 -111.9289 0.0001 0.0000 1.0000
1.2504 0.0214 -204.7811 0.0989 1.1031 -119.6082 0.0001 0.0000 1.0000
1.2339 0.0202 -201.6289 0.0850 1.0896 -110.1774 0.0001 0.0000 1.0000
1.2754 0.0484 -221.2921 0.0942 1.1295 -120.4068 0.0001 0.0001 1.0000
1.2343 0.0410 -208.5396 0.0679 1.0994 -102.4122 0.0001 0.0000 1.0000
1.2510 0.0591 -217.4701 0.0626 1.1064 -96.8651 0.0001 0.0001 1.0000
1.2366 0.0604 -212.7472 0.0511 1.0886 -85.0723 0.0001 0.0000 1.0000
1.2277 0.0670 -211.0526 0.0375 1.0891 -76.8057 0.0001 0.0000 1.0000
1.2403 0.0652 -209.4694 0.0366 1.0974 -73.8179 0.0001 0.0000 1.0000
1.2191 0.0796 -207.3658 0.0168 1.0827 -59.5776 0.0001 0.0000 1.0000
1.2124 0.0884 -202.8740 0.0066 1.0843 -51.4244 0.0001 0.0000 1.0000
1.1987 0.1005 -197.9818 -0.0083 1.0775 -40.0464 0.0001 0.0000 1.0000
1.1797 0.1016 -189.0155 -0.0217 1.0551 -25.9862 0.0001 0.0000 1.0000
1.2014 0.1245 -193.1507 -0.0242 1.0862 -26.5968 0.0001 0.0001 1.0000
1.1925 0.1283 -184.7961 -0.0356 1.0812 -16.1862 0.0001 0.0000 1.0000
1.2033 0.1484 -186.9767 -0.0408 1.0911 -10.5599 0.0001 0.0001 1.0000
1.2734 0.1827 -201.3891 -0.0251 1.1560 -22.7925 0.0001 0.0001 1.0000
1.1768 0.1532 -163.4995 -0.0646 1.0786 8.4550 0.0001 0.0000 1.0000
1.1198 0.1443 -140.9360 -0.0903 1.0319 30.9531 0.0000 0.0000 1.0000
1.1578 0.1818 -151.2084 -0.0910 1.0717 31.2818 0.0001 0.0001 1.0000
1.1539 0.1698 -136.6214 -0.0913 1.0713 31.9010 0.0001 0.0000 1.0000
1.0538 0.1496 -104.4039 -0.1341 0.9949 65.3517 -0.0000 0.0000 1.0000
1.0460 0.1546 -96.2767 -0.1420 0.9925 72.1259 -0.0000 -0.0000 1.0000
1.0382 0.1860 -99.0923 -0.1631 0.9943 88.0460 -0.0000 0.0000 1.0000
1.0003 0.1563 -74.3431 -0.1659 0.9664 92.3889 -0.0000 -0.0000 1.0000
1.0118 0.1828 -80.6029 -0.1778 0.9781 102.1742 -0.0000 0.0000 1.0000
0.9539 0.1460 -52.4649 -0.1860 0.9318 111.9027 -0.0001 -0.0000 1.0000
0.9943 0.1830 -68.3703 -0.1799 0.9737 106.8152 -0.0000 0.0000 1.0000
0.9536 0.1616 -51.0004 -0.1908 0.9439 116.6710 -0.0001 -0.0000 1.0000
0.9964 0.1812 -62.8748 -0.1820 0.9889 106.9252 -0.0000 0.0000 1.0000
1.0262 0.1998 -72.1671 -0.1704 1.0116 102.9829 0.0000 0.0000 1.0000
0.9650 0.1770 -54.8498 -0.1921 0.9621 121.0905 -0.0000 0.0000 1.0000
0.9240 0.1479 -37.4825 -0.1942 0.9280 127.5705 -0.0001 -0.0000 1.0000
0.9601 0.1682 -50.4574 -0.1822 0.9708 117.9685 -0.0000 0.0000 1.0000
0.9195 0.1319 -33.3007 -0.1827 0.9326 122.6171 -0.0001 -0.0000 1.0000
0.9616 0.1429 -44.5036 -0.1652 0.9779 109.6271 -0.0000 0.0000 1.0000
0.9704 0.1457 -49.0438 -0.1576 0.9879 106.9430 -0.0000 0.0000 1.0000
0.9125 0.0962 -25.1192 -0.1537 0.9309 112.1322 -0.0001 -0.0000 1.0000
0.9383 0.0817 -25.5812 -0.1308 0.9568 96.7596 -0.0000 -0.0000 1.0000
0.9072 0.0496 -13.2187 -0.1266 0.9223 100.0362 -0.0001 -0.0001 1.0000
0.9908 0.0901 -44.0654 -0.0914 1.0007 76.4850 -0.0000 0.0000 1.0000
0.9696 0.0538 -31.3061 -0.0804 0.9745 75.1870 -0.0000 -0.0000 1.0000
0.9973 0.0450 -32.3639 -0.0500 1.0117 54.4542 -0.0000 0.0000 1.0000
0.9776 0.0089 -17.6439 -0.0340 0.9830 52.1527 -0.0000 -0.0000 1.0000
1.0062 -0.0016 -18.7060 -0.0023 0.9978 38.6559 0.0000 -0.0000 1.0000
1.0405 -0.0187 -16.1701 0.0379 1.0199 18.8132 0.0000 0.0000 1.0000
0.9744 -0.0728 17.5995 0.0445 0.9648 18.5794 0.0000 -0.0000 1.0000
1.0084 -0.1098 28.7830 0.0924 0.9975 -9.7318 0.0000 -0.0000 1.0000
0.9787 -0.1234 40.9154 0.0983 0.9712 -9.4827 -0.0000 -0.0000 1.0000
0.9476 -0.1762 68.3952 0.1166 0.9411 -16.0969 -0.0000 -0.0000 1.0000
0.9752 -0.1933 75.2580 0.1564 0.9670 -38.8969 0.0000 -0.0000 1.0000
1.0081 -0.1942 74.2930 0.1900 0.9999 -58.4610 0.0000 -0.0000 1.0000
0.9893 -0.2111 85.8064 0.1919 0.9754 -55.1576 0.0000 -0.0000 1.0000
0.9664 -0.2213 95.5611 0.1813 0.9490 -44.3908 -0.0000 -0.0000 1.0000
0.9738 -0.2111 92.7989 0.1826 0.9563 -43.9533 -0.0000 -0.0000 1.0000
0.9770 -0.2158 96.0682 0.1831 0.9627 -45.5928 0.0000 -0.0000 1.0000
0.9534 -0.2038 94.6588 0.1585 0.9430 -30.4309 -0.0000 -0.0000 1.0000
0.9504 -0.1795 86.1236 0.1354 0.9429 -15.7866 -0.0000 -0.0000 1.0000
0.9891 -0.1456 66.6434 0.1338 0.9792 -15.5768 0.0000 -0.0000 1.0000
0.9189 -0.1546 81.0638 0.0803 0.9127 20.0009 -0.0000 -0.0001 1.0000
0.9828 -0.1153 56.4084 0.0836 0.9702 16.0275 0.0000 -0.0000 1.0000
0.9503 -0.1149 62.5235 0.0576 0.9461 30.2139 -0.0000 -0.0001 1.0000
0.9735 -0.0779 46.3502 0.0421 0.9718 37.4591 -0.0000 -0.0000 1.0000
1.0301 -0.0280 20.7960 0.0379 1.0261 38.1513 0.0000 0.0000 1.0000
0.9884 -0.0323 28.9848 0.0051 0.9880 58.9134 0.0000 -0.0000 1.0000
0.9951 -0.0174 22.9167 -0.0057 0.9960 63.9115 0.0000 -0.0000 1.0000
0.9869 -0.0067 20.6859 -0.0242 0.9908 74.0977 0.0000 -0.0000 1.0000
0.9886 0.0046 17.8857 -0.0352 0.9884 81.8110 0.0000 -0.0000 1.0000
0.9570 -0.0029 25.8018 -0.0576 0.9632 95.9330 -0.0000 -0.0000 1.0000
0.9487 0.0068 24.4105 -0.0699 0.9552 103.6561 -0.0000 -0.0000 1.0000
0.9919 0.0375 9.5248 -0.0611 1.0036 95.4205 0.0000 -0.0000 1.0000
0.9921 0.0419 10.2191 -0.0662 1.0021 99.0085 0.0000 -0.0000 1.0000
0.9779 0.0402 17.6489 -0.0756 0.9911 105.7054 0.0000 -0.0000 1.0000
0.9378 0.0208 37.3733 -0.0904 0.9569 117.5880 -0.0000 -0.0000 1.0000
0.9650 0.0430 31.9062 -0.0841 0.9877 113.6737 0.0000 -0.0000 1.0000
0.9396 0.0451 42.9002 -0.1004 0.9724 124.3171 -0.0000 -0.0000 1.0000
0.9033 0.0343 61.8262 -0.1176 0.9435 138.0072 -0.0000 -0.0000 1.0000
0.9024 0.0393 69.2713 -0.1207 0.9436 141.1600 -0.0000 -0.0000 1.0000
0.8701 0.0398 85.3745 -0.1419 0.9221 156.1775 -0.0001 -0.0000 1.0000
0.8363 0.0279 106.1693 -0.1542 0.8961 166.2623 -0.0001 -0.0001 1.0000
0.8096 0.0155 128.5237 -0.1592 0.8815 170.6621 -0.0001 -0.0001 1.0000
0.7839 0.0031 145.1799 -0.1724 0.8561 179.9041 -0.0001 -0.0001 1.0000
0.7573 0.0045 161.7526 -0.1883 0.8499 188.9793 -0.0001 -0.0001 1.0000
0.7414 -0.0025 177.6500 -0.1914 0.8467 188.0310 -0.0001 -0.0001 1.0000
0.7449 0.0079 182.6959 -0.1936 0.8580 186.7137 -0.0001 -0.0001 1.0000
0.7333 -0.0071 198.4061 -0.1964 0.8595 183.9602 -0.0001 -0.0001 1.0000
0.7374 0.0062 203.5489 -0.1932 0.8779 177.2219 -0.0001 -0.0001 1.0000
0.7074 -0.0070 219.4667 -0.2029 0.8599 181.4874 -0.0001 -0.0001 1.0000
0.7085 -0.0050 227.6297 -0.2008 0.8709 176.3959 -0.0001 -0.0001 1.0000
0.7197 0.0071 231.1159 -0.1944 0.8937 167.4486 -0.0001 -0.0001 1.0000
0.6848 0.0006 244.3288 -0.2068 0.8732 172.1188 -0.0002 -0.0001 1.0000
0.6667 -0.0103 256.4362 -0.2080 0.8623 170.6036 -0.0002 -0.0001 1.0000
0.6546 -0.0075 263.6038 -0.2118 0.8633 169.1031 -0.0002 -0.0001 1.0000
0.6596 -0.0077 269.0558 -0.2072 0.8764 160.3479 -0.0002 -0.0000 1.0000
0.5962 -0.0440 291.8109 -0.2243 0.8222 172.0822 -0.0002 -0.0001 1.0000
0.6619 -0.0088 278.6200 -0.2009 0.8885 149.7495 -0.0002 -0.0000 1.0000
0.6313 -0.0207 291.5349 -0.2071 0.8715 152.9837 -0.0002 -0.0000 1.0000
0.6186 -0.0418 304.4354 -0.2010 0.8591 148.2621 -0.0002 -0.0001 1.0000
0.6010 -0.0440 312.8075 -0.2025 0.8538 148.1779 -0.0002 -0.0001 1.0000
0.6674 -0.0153 305.3982 -0.1725 0.9165 125.6102 -0.0001 -0.0000 1.0000
0.6220 -0.0338 319.7459 -0.1849 0.8843 133.4317 -0.0002 -0.0000 1.0000
0.6194 -0.0361 324.7391 -0.1829 0.8851 132.5360 -0.0002 -0.0000 1.0000
0.6111 -0.0540 336.6145 -0.1771 0.8782 129.2690 -0.0002 -0.0000 1.0000
0.5989 -0.0543 344.5812 -0.1782 0.8736 130.5261 -0.0002 -0.0000 1.0000
0.6189 -0.0394 347.7043 -0.1701 0.9045 121.5980 -0.0001 -0.0000 1.0000
0.5981 -0.0562 361.6247 -0.1729 0.8815 127.0277 -0.0002 -0.0000 1.0000
0.5883 -0.0538 369.3162 -0.1707 0.8835 125.1051 -0.0002 -0.0000 1.0000
0.6121 -0.0347 371.0455 -0.1629 0.9124 119.2573 -0.0001 0.0000 1.0000
0.5632 -0.0654 393.0883 -0.1728 0.8701 128.8746 -0.0002 -0.0000 1.0000
0.5602 -0.0642 401.7476 -0.1720 0.8728 129.5672 -0.0002 -0.0000 1.0000
0.5254 -0.0671 416.6047 -0.1836 0.8480 140.5350 -0.0002 -0.0000 1.0000
0.5238 -0.0784 429.0121 -0.1792 0.8475 137.4534 -0.0002 -0.0000 1.0000
0.4923 -0.1040 449.6617 -0.1808 0.8218 140.6977 -0.0002 -0.0001 1.0000
0.5669 -0.0532 440.7381 -0.1608 0.8967 123.3161 -0.0002 -0.0000 1.0000
0.5017 -0.0719 460.2712 -0.1859 0.8432 144.4177 -0.0002 -0.0000 1.0000
0.5305 -0.0427 462.9395 -0.1752 0.8885 132.6620 -0.0002 0.0000 1.0000
0.4849 -0.0812 485.9034 -0.1844 0.8465 141.7376 -0.0002 -0.0000 1.0000
0.4872 -0.0507 489.5929 -0.1880 0.8627 144.6899 -0.0002 -0.0000 1.0000
0.4968 -0.0493 497.1203 -0.1825 0.8764 139.6102 -0.0002 0.0000 1.0000
0.4691 -0.0647 511.1842 -0.1894 0.8609 144.1251 -0.0002 -0.0000 1.0000
0.4813 -0.0404 513.7930 -0.1905 0.8857 142.8178 -0.0002 0.0000 1.0000
0.4710 -0.0217 516.5265 -0.1996 0.8917 147.5872 -0.0002 0.0000 1.0000
0.5270 0.0134 512.6577 -0.1813 0.9481 133.8384 -0.0001 0.0001 1.0000
0.4834 -0.0164 528.7429 -0.1899 0.9122 141.9439 -0.0002 0.0000 1.0000
0.4259 -0.0744 550.7314 -0.1984 0.8536 152.3611 -0.0002 -0.0000 1.0000
0.4869 -0.0150 539.2852 -0.1825 0.9248 138.3572 -0.0001 0.0000 1.0000
0.4662 -0.0133 543.5285 -0.1897 0.9159 144.0206 -0.0002 0.0000 1.0000
0.4535 -0.0354 552.2035 -0.1871 0.9059 143.5360 -0.0001 0.0000 1.0000
0.4308 -0.0450 556.6462 -0.1941 0.8887 151.5469 -0.0002 0.0000 1.0000
0.4431 -0.0459 560.1916 -0.1836 0.9071 145.6507 -0.0001 0.0000 1.0000
0.4004 -0.0509 562.4323 -0.1994 0.8706 161.1844 -0.0002 0.0000 1.0000
0.3986 -0.0810 570.4349 -0.1872 0.8627 154.9722 -0.0002 -0.0000 1.0000
0.4491 -0.0135 552.3173 -0.1799 0.9254 147.9971 -0.0001 0.0001 1.0000
0.4070 -0.0703 566.2476 -0.1813 0.8752 152.7922 -0.0002 0.0000 1.0000
0.3977 -0.0565 561.4213 -0.1901 0.8687 161.3721 -0.0002 0.0000 1.0000
0.4027 -0.0515 559.4005 -0.1853 0.8790 158.5704 -0.0002 0.0000 1.0000
0.4206 -0.0376 553.8675 -0.1801 0.8934 156.3520 -0.0001 0.0001 1.0000
0.4214 -0.0471 554.9993 -0.1736 0.8942 151.7690 -0.0001 0.0001 1.0000
0.4242 -0.0426 551.8773 -0.1699 0.8963 150.0257 -0.0001 0.0001 1.0000
0.4388 -0.0435 551.7598 -0.1597 0.9131 141.1791 -0.0001 0.0001 1.0000
0.4368 -0.0642 554.8826 -0.1519 0.8993 137.6125 -0.0001 0.0001 1.0000
0.4267 -0.0835 557.6534 -0.1485 0.8769 138.2949 -0.0001 0.0000 1.0000
0.4078 -0.0927 560.7154 -0.1503 0.8642 137.6621 -0.0001 0.0000 1.0000
0.4390 -0.0790 553.2293 -0.1362 0.8911 127.0506 -0.0001 0.0001 1.0000
0.4226 -0.1096 562.1293 -0.1318 0.8697 124.4513 -0.0001 0.0000 1.0000
0.4310 -0.0757 552.3396 -0.1351 0.8868 124.7711 -0.0001 0.0001 1.0000
0.4202 -0.0976 555.6868 -0.1318 0.8651 123.5728 -0.0001 0.0000 1.0000
0.4572 -0.0883 553.3264 -0.1096 0.9038 105.4471 -0.0001 0.0001 1.0000
0.4416 -0.0893 552.7474 -0.1121 0.8869 107.1020 -0.0001 0.0001 1.0000
0.4405 -0.0935 552.4787 -0.1117 0.8868 105.8902 -0.0001 0.0001 1.0000
0.5166 -0.0619 544.3336 -0.0782 0.9625 78.9986 -0.0001 0.0001 1.0000
0.4503 -0.0980 551.8607 -0.1018 0.8895 99.0123 -0.0001 0.0001 1.0000
0.4711 -0.0922 549.1737 -0.0902 0.9090 89.2965 -0.0001 0.0001 1.0000
0.4784 -0.0793 545.6952 -0.0870 0.9148 88.0313 -0.0001 0.0001 1.0000
0.4692 -0.1072 554.8417 -0.0803 0.9033 83.5473 -0.0001 0.0001 1.0000
0.5240 -0.0638 542.8862 -0.0617 0.9621 67.8565 -0.0000 0.0001 1.0000
0.4873 -0.0797 546.8864 -0.0760 0.9238 80.1774 -0.0001 0.0001 1.0000
0.4941 -0.0922 550.5383 -0.0672 0.9244 74.9030 -0.0001 0.0001 1.0000
0.5090 -0.0719 547.5644 -0.0604 0.9478 69.7662 -0.0001 0.0001 1.0000
0.4864 -0.0999 554.6387 -0.0658 0.9112 77.3379 -0.0001 0.0001 1.0000
0.5110 -0.0802 550.8510 -0.0545 0.9379 69.5889 -0.0000 0.0001 1.0000
0.5014 -0.0925 553.6235 -0.0519 0.9281 69.4656 -0.0000 0.0001 1.0000
0.5191 -0.0774 550.0965 -0.0485 0.9419 70.1931 -0.0000 0.0001 1.0000
0.5430 -0.0581 544.5881 -0.0409 0.9672 65.7448 -0.0000 0.0002 1.0000
0.5194 -0.0729 547.4558 -0.0455 0.9423 72.3618 -0.0000 0.0001 1.0000
0.5123 -0.0870 550.5419 -0.0422 0.9324 73.6252 -0.0000 0.0001 1.0000
0.5315 -0.0840 548.0943 -0.0314 0.9513 68.4817 -0.0000 0.0001 1.0000
0.5101 -0.1097 553.7009 -0.0332 0.9226 74.6838 -0.0000 0.0001 1.0000
0.5370 -0.0917 547.0694 -0.0200 0.9516 68.7605 0.0000 0.0001 1.0000
0.5626 -0.0632 540.0011 -0.0078 0.9859 63.2763 0.0000 0.0002 1.0000
0.5181 -0.0804 542.0823 -0.0239 0.9454 78.9012 -0.0000 0.0001 1.0000
0.5825 -0.0469 529.8241 0.0042 1.0072 64.4269 0.0000 0.0002 1.0000
0.5435 -0.0813 535.7743 -0.0069 0.9612 77.8371 0.0000 0.0001 1.0000
0.5342 -0.0799 532.0826 -0.0090 0.9541 84.8951 0.0000 0.0001 1.0000
0.5495 -0.0729 527.9084 0.0032 0.9754 80.3929 0.0000 0.0002 1.0000
0.5533 -0.0911 526.2847 0.0136 0.9683 79.8022 0.0000 0.0001 1.0000
0.5449 -0.1148 528.5582 0.0196 0.9542 82.2282 0.0000 0.0001 1.0000
0.5756 -0.0789 515.1559 0.0284 0.9920 81.3761 0.0001 0.0002 1.0000
0.4983 -0.1460 525.8437 0.0046 0.8871 105.1753 -0.0000 0.0001 1.0000
0.5324 -0.1188 513.6546 0.0203 0.9263 98.3925 0.0000 0.0001 1.0000
0.5310 -0.1474 517.1143 0.0289 0.9164 97.7115 0.0000 0.0001 1.0000
0.5479 -0.1353 507.5603 0.0390 0.9361 93.9139 0.0000 0.0001 1.0000
0.5702 -0.1313 503.6090 0.0556 0.9553 87.8615 0.0001 0.0001 1.0000
0.5530 -0.1641 506.9761 0.0533 0.9241 93.1376 0.0000 0.0001 1.0000
0.5853 -0.1503 498.6157 0.0720 0.9537 85.5256 0.0001 0.0001 1.0000
0.5958 -0.1587 496.3092 0.0859 0.9569 80.5534 0.0001 0.0001 1.0000
0.5814 -0.1530 492.2846 0.0764 0.9478 88.1002 0.0001 0.0001 1.0000
0.5844 -0.1804 494.9576 0.0909 0.9334 83.0480 0.0001 0.0001 1.0000
0.6004 -0.1659 487.4176 0.0991 0.9552 78.6745 0.0001 0.0001 1.0000
0.6031 -0.1718 485.5949 0.1051 0.9521 78.0170 0.0001 0.0001 1.0000
0.6018 -0.1684 481.7083 0.1055 0.9471 80.7834 0.0001 0.0001 1.0000
0.6290 -0.1773 482.2945 0.1327 0.9709 66.1235 0.0001 0.0001 1.0000
0.6240 -0.1706 478.7037 0.1275 0.9681 71.1617 0.0001 0.0002 1.0000
0.6081 -0.1823 479.0422 0.1232 0.9447 75.7041 0.0001 0.0001 1.0000
0.5985 -0.2117 485.6232 0.1285 0.9195 76.2920 0.0001 0.0001 1.0000
0.6260 -0.1934 478.5744 0.1401 0.9489 69.5932 0.0001 0.0001 1.0000
0.6152 -0.1860 477.7416 0.1335 0.9429 74.3429 0.0001 0.0001 1.0000
0.6156 -0.1989 483.1049 0.1392 0.9382 72.7214 0.0001 0.0001 1.0000
0.6313 -0.1999 484.5667 0.1515 0.9439 68.2786 0.0001 0.0001 1.0000
0.6474 -0.1867 483.4842 0.1616 0.9642 62.4682 0.0001 0.0001 1.0000
0.6569 -0.1800 485.2285 0.1663 0.9754 60.5010 0.0001 0.0002 1.0000
0.6280 -0.1840 490.7126 0.1463 0.9417 73.5246 0.0001 0.0001 1.0000
0.6569 -0.1759 494.1700 0.1648 0.9733 62.2186 0.0001 0.0001 1.0000
0.6710 -0.1614 496.8326 0.1733 0.9924 55.9516 0.0001 0.0002 1.0000
0.6097 -0.1743 506.1001 0.1304 0.9212 83.2255 0.0001 0.0001 1.0000
0.6608 -0.1520 509.4923 0.1610 0.9796 62.7526 0.0001 0.0002 1.0000
0.6573 -0.1622 520.3431 0.1597 0.9714 62.6686 0.0001 0.0001 1.0000
0.6028 -0.1824 529.7347 0.1250 0.9028 83.7001 0.0001 0.0001 1.0000
0.6480 -0.1457 532.8545 0.1459 0.9612 69.9117 0.0001 0.0001 1.0000
0.5571 -0.1946 551.8634 0.1015 0.8642 94.2095 0.0000 0.0001 1.0000
0.6022 -0.1432 548.9978 0.1145 0.9246 84.1399 0.0001 0.0001 1.0000
0.6313 -0.1141 547.6208 0.1220 0.9545 78.2017 0.0001 0.0001 1.0000
0.6017 -0.1341 561.6198 0.1069 0.9251 85.1227 0.0001 0.0001 1.0000
0.6168 -0.1180 564.2606 0.1139 0.9473 76.5761 0.0001 0.0001 1.0000
0.6925 -0.0506 553.6008 0.1403 1.0374 56.2588 0.0001 0.0002 1.0000
0.6886 -0.0643 560.8092 0.1406 1.0258 54.2705 0.0001 0.0002 1.0000
0.6580 -0.0431 560.1526 0.1163 1.0139 64.8445 0.0001 0.0002 1.0000
0.6585 -0.0648 567.3568 0.1204 1.0049 60.7442 0.0001 0.0002 1.0000
0.6887 -0.0342 562.2801 0.1270 1.0396 52.4942 0.0001 0.0002 1.0000
0.6539 -0.0435 562.1717 0.1046 1.0061 62.6722 0.0001 0.0002 1.0000
0.6354 -0.0488 565.0208 0.0955 0.9902 66.3861 0.0001 0.0002 1.0000
0.6153 -0.0751 570.0084 0.0884 0.9668 66.2320 0.0001 0.0001 1.0000
0.6370 -0.0337 556.2797 0.0860 0.9932 66.2699 0.0001 0.0002 1.0000
0.5972 -0.0546 558.4906 0.0667 0.9594 73.4674 0.0001 0.0002 1.0000
0.5734 -0.0712 554.9009 0.0543 0.9247 80.3430 0.0001 0.0001 1.0000
0.5867 -0.0395 544.5988 0.0541 0.9566 73.5502 0.0001 0.0002 1.0000
0.6180 -0.0047 527.2339 0.0590 0.9841 68.4236 0.0001 0.0002 1.0000
0.5896 -0.0095 516.7986 0.0378 0.9535 78.1759 0.0001 0.0002 1.0000
0.6061 -0.0176 510.8187 0.0509 0.9696 64.3420 0.0001 0.0001 1.0000
0.6317 0.0154 492.5922 0.0523 0.9991 59.7571 0.0001 0.0002 1.0000
0.5441 -0.0770 501.3151 0.0177 0.8862 79.8338 0.0001 0.0000 1.0000
0.6101 0.0057 468.3234 0.0319 0.9658 64.9675 0.0001 0.0001 1.0000
0.6457 0.0658 441.5622 0.0296 1.0106 60.1925 0.0001 0.0002 1.0000
0.5986 0.0566 436.8577 0.0014 0.9751 66.6968 0.0001 0.0002 1.0000
0.6079 0.1151 417.8423 -0.0151 0.9986 67.7153 0.0001 0.0002 1.0000
0.5869 0.1167 411.9545 -0.0329 0.9695 73.3568 0.0001 0.0002 1.0000
0.5464 0.1097 412.8546 -0.0555 0.9344 78.9535 0.0001 0.0001 1.0000
0.5438 0.1466 401.6081 -0.0725 0.9348 79.5726 0.0001 0.0001 1.0000
0.6353 0.2946 363.9778 -0.0758 1.0429 65.1936 0.0001 0.0003 1.0000
0.6525 0.3030 360.6939 -0.0754 1.0480 51.0644 0.0002 0.0003 1.0000
0.6090 0.3175 361.9294 -0.1083 1.0033 63.4754 0.0001 0.0002 1.0000
0.5805 0.3196 361.7331 -0.1309 0.9697 65.9291 0.0001 0.0002 1.0000
0.6202 0.4116 341.7198 -0.1418 1.0128 56.1049 0.0001 0.0003 1.0000
0.5888 0.4582 336.4822 -0.1751 0.9931 67.0269 0.0001 0.0003 1.0000
0.5566 0.4388 339.4867 -0.1894 0.9587 66.2949 0.0001 0.0002 1.0000
0.4621 0.4558 343.9783 -0.2349 0.9170 83.7440 -0.0000 0.0002 1.0000
0.5357 0.5507 313.3029 -0.2397 0.9685 79.0107 0.0001 0.0003 1.0000
0.5257 0.5413 310.7269 -0.2426 0.9607 80.1484 0.0001 0.0003 1.0000
0.5499 0.5515 298.5870 -0.2391 0.9578 87.6216 0.0001 0.0003 1.0000
0.5192 0.4972 302.6959 -0.2402 0.8990 106.9727 0.0001 0.0002 1.0000
0.5223 0.5173 291.8530 -0.2403 0.9085 118.4813 0.0001 0.0002 1.0000
0.4673 0.4076 309.4213 -0.2272 0.8509 121.5980 0.0001 0.0001 1.0000
0.5367 0.4841 283.8851 -0.2228 0.9119 133.2958 0.0001 0.0002 1.0000
0.5475 0.4771 277.1518 -0.2141 0.9213 141.9254 0.0001 0.0002 1.0000
0.5537 0.4520 274.6766 -0.2023 0.9217 148.2669 0.0001 0.0002 1.0000
0.5282 0.4139 279.0638 -0.2011 0.9038 159.6603 0.0001 0.0002 1.0000
0.6225 0.4249 263.0438 -0.1510 0.9864 133.7901 0.0002 0.0002 1.0000
0.6250 0.3978 266.5801 -0.1383 0.9920 137.3890 0.0002 0.0002 1.0000
0.7091 0.4151 252.4503 -0.0915 1.0758 112.6600 0.0003 0.0003 1.0000
0.6416 0.3249 275.8717 -0.0992 1.0096 127.0167 0.0002 0.0002 1.0000
0.6745 0.3149 273.0646 -0.0705 1.0423 113.7085 0.0002 0.0002 1.0000
0.6646 0.2793 279.2264 -0.0546 1.0375 106.7232 0.0002 0.0002 1.0000
0.7463 0.2979 266.8398 -0.0064 1.1275 76.6205 0.0003 0.0003 1.0000
0.6205 0.1618 303.1102 -0.0325 0.9741 100.9191 0.0001 0.0002 1.0000
0.5987 0.1113 314.2254 -0.0287 0.9433 101.3124 0.0001 0.0001 1.0000
0.6628 0.1361 305.3788 0.0131 1.0203 73.2914 0.0002 0.0002 1.0000
0.6951 0.1454 299.3212 0.0339 1.0542 60.3375 0.0002 0.0002 1.0000
0.6249 0.0619 325.0353 0.0247 0.9733 65.7763 0.0001 0.0002 1.0000
0.6417 0.0546 328.3928 0.0408 0.9820 57.0656 0.0002 0.0002 1.0000
0.6611 0.0303 340.6853 0.0642 0.9983 40.2306 0.0002 0.0002 1.0000
0.6909 0.0493 344.1273 0.0762 1.0291 31.9515 0.0002 0.0002 1.0000
0.7354 0.0763 352.7848 0.0970 1.0808 17.5865 0.0003 0.0003 1.0000
0.6321 0.0411 387.0797 0.0519 0.9635 55.2204 0.0001 0.0002 1.0000
0.7943 0.1799 386.4818 0.1259 1.1409 14.7531 0.0003 0.0004 1.0000
0.9145 0.2956 388.4675 0.1656 1.2766 -15.2560 0.0004 0.0005 1.0000
1.0362 0.5511 362.2829 0.1809 1.4698 -45.0696 0.0005 0.0008 1.0000
1.1920 0.7097 357.4052 0.2037 1.6146 -71.4634 0.0006 0.0009 1.0000
0.7840 0.3227 466.5626 0.0504 1.1636 33.2149 0.0002 0.0004 1.0000
0.6744 0.2440 496.1162 0.0058 1.0447 56.4960 0.0002 0.0003 1.0000
0.6724 0.2799 493.7248 -0.0128 1.0458 63.0406 0.0001 0.0003 1.0000
0.6745 0.3368 489.9573 -0.0110 1.0837 56.8667 0.0002 0.0004 1.0000
0.7515 0.4059 465.9665 0.0199 1.1671 38.0111 0.0002 0.0004 1.0000
0.7011 0.2418 480.4312 0.0219 1.0712 51.6551 0.0002 0.0003 1.0000
0.5665 0.1239 497.5750 -0.0063 0.9399 88.2357 0.0001 0.0002 1.0000
0.6711 0.1514 471.9584 0.0478 1.0270 68.7828 0.0002 0.0002 1.0000
0.7224 0.1352 458.9080 0.0863 1.0660 59.6114 0.0002 0.0002 1.0000
0.7127 0.1074 448.3914 0.0899 1.0601 71.2224 0.0002 0.0002 1.0000
0.5647 0.0021 460.5174 0.0354 0.9106 118.2273 0.0001 0.0001 1.0000
0.7512 0.1229 407.2254 0.1337 1.1125 71.2208 0.0003 0.0003 1.0000
0.6876 0.0583 405.4441 0.1042 1.0369 95.5865 0.0002 0.0002 1.0000
0.6836 0.0546 401.5239 0.1025 1.0330 100.6986 0.0002 0.0002 1.0000
1.0115 0.3345 348.5530 0.2697 1.4616 6.1325 0.0005 0.0006 1.0000
0.6592 0.0759 420.0286 0.0832 1.0188 110.0089 0.0002 0.0002 1.0000
0.6948 0.1157 408.9567 0.0876 1.0632 99.1126 0.0002 0.0003 1.0000
0.7538 0.1416 394.2432 0.1324 1.1106 75.7449 0.0003 0.0003 1.0000
0.7788 0.1460 372.2886 0.1335 1.1265 69.5991 0.0003 0.0003 1.0000
0.6733 0.0974 364.4031 0.0814 1.0194 95.7436 0.0002 0.0002 1.0000
0.7004 0.0841 348.7681 0.0873 1.0332 82.8404 0.0003 0.0002 1.0000
0.6565 0.1391 323.5510 0.0337 1.0135 107.0084 0.0002 0.0002 1.0000
0.6681 0.1390 317.4288 0.0405 1.0248 93.3295 0.0002 0.0002 1.0000
0.7429 0.1999 296.0787 0.0639 1.1082 70.0012 0.0003 0.0003 1.0000
0.7160 0.2162 291.2979 0.0378 1.0903 77.1503 0.0003 0.0003 1.0000
0.7445 0.2496 276.4258 0.0392 1.1077 72.5146 0.0003 0.0003 1.0000
0.7410 0.2645 271.5386 0.0291 1.1092 70.9023 0.0003 0.0003 1.0000
0.6754 0.2451 275.7928 -0.0103 1.0348 89.9774 0.0002 0.0002 1.0000
0.6935 0.2555 270.1886 -0.0049 1.0464 80.0773 0.0003 0.0002 1.0000
0.7117 0.3178 252.6886 -0.0190 1.0788 79.1129 0.0003 0.0003 1.0000
0.7152 0.3252 249.0281 -0.0201 1.0796 71.1718 0.0003 0.0003 1.0000
0.6834 0.3244 247.9879 -0.0426 1.0474 77.7166 0.0003 0.0003 1.0000
0.7085 0.3763 230.2194 -0.0506 1.0727 77.1346 0.0003 0.0003 1.0000
0.6776 0.3654 230.3898 -0.0654 1.0440 81.5265 0.0003 0.0003 1.0000
0.6936 0.3872 216.7998 -0.0676 1.0518 82.3031 0.0003 0.0003 1.0000
0.7387 0.4360 192.9381 -0.0582 1.1028 72.1510 0.0003 0.0003 1.0000
0.7137 0.4389 184.3297 -0.0768 1.0742 89.2153 0.0003 0.0003 1.0000
0.5643 0.3686 201.4709 -0.1368 0.9477 125.6934 0.0001 0.0002 1.0000
0.6301 0.3776 175.5281 -0.1083 0.9716 119.9466 0.0002 0.0002 1.0000
0.6018 0.3664 165.1402 -0.1193 0.9467 131.1142 0.0002 0.0002 1.0000
0.6762 0.4257 124.0600 -0.0965 1.0187 121.7158 0.0003 0.0002 1.0000
0.6648 0.4290 105.0786 -0.1097 1.0079 134.6005 0.0003 0.0002 1.0000
0.7020 0.4748 70.7093 -0.1008 1.0534 133.3797 0.0003 0.0003 1.0000
0.7088 0.4830 49.4454 -0.1004 1.0557 137.7876 0.0003 0.0003 1.0000
0.6910 0.4764 38.0584 -0.1067 1.0456 141.6583 0.0003 0.0003 1.0000
0.7653 0.5679 -8.6411 -0.0977 1.1440 138.1297 0.0004 0.0004 1.0000
0.6684 0.4849 12.8891 -0.1283 1.0189 164.6224 0.0003 0.0002 1.0000
0.7533 0.5871 -34.5598 -0.1125 1.1397 152.9952 0.0004 0.0004 1.0000
0.7360 0.5866 -39.3071 -0.1216 1.1125 163.6946 0.0004 0.0004 1.0000
0.7555 0.6331 -56.4109 -0.1275 1.1469 170.3844 0.0004 0.0004 1.0000
0.6660 0.5730 -29.2084 -0.1628 1.0351 198.6859 0.0003 0.0003 1.0000
0.6806 0.6040 -42.8868 -0.1657 1.0457 202.9576 0.0003 0.0003 1.0000
0.6628 0.5950 -36.0014 -0.1697 1.0220 210.4391 0.0003 0.0003 1.0000
0.6336 0.5942 -29.0198 -0.1876 0.9980 223.3667 0.0003 0.0003 1.0000
0.6770 0.6544 -49.4905 -0.1812 1.0385 227.7021 0.0004 0.0003 1.0000
0.6761 0.6795 -51.6530 -0.1880 1.0416 236.7765 0.0004 0.0004 1.0000
0.6548 0.6873 -44.9511 -0.1979 1.0222 249.6459 0.0003 0.0003 1.0000
0.7461 0.8268 -89.6551 -0.1946 1.1319 258.2407 0.0005 0.0005 1.0000
0.7341 0.8384 -87.8147 -0.1978 1.1183 265.0059 0.0004 0.0005 1.0000
0.6515 0.7429 -49.8441 -0.2116 0.9927 279.4395 0.0004 0.0003 1.0000
0.6430 0.7787 -51.4709 -0.2245 0.9970 291.7532 0.0004 0.0004 1.0000
0.5776 0.7159 -25.2863 -0.2454 0.8975 308.4470 0.0003 0.0003 1.0000
0.5948 0.7737 -35.1659 -0.2538 0.9370 315.9582 0.0003 0.0003 1.0000
0.6206 0.8475 -52.4947 -0.2602 0.9747 325.4047 0.0004 0.0004 1.0000
0.6435 0.8995 -66.7872 -0.2569 0.9936 327.2836 0.0004 0.0004 1.0000
0.5620 0.8251 -32.4827 -0.2781 0.8953 339.6015 0.0003 0.0003 1.0000
0.5746 0.8645 -43.5296 -0.2871 0.8997 346.7172 0.0003 0.0004 1.0000
0.5438 0.8333 -33.8656 -0.2882 0.8450 345.8035 0.0003 0.0003 1.0000
0.6272 1.0007 -81.0705 -0.2859 0.9655 346.8190 0.0004 0.0005 1.0000
0.6056 1.0072 -80.6918 -0.2986 0.9379 353.6747 0.0004 0.0005 1.0000
0.5804 1.0016 -76.0876 -0.3117 0.9015 362.1294 0.0004 0.0005 1.0000
0.5849 1.0433 -89.0037 -0.3171 0.9082 362.4106 0.0004 0.0005 1.0000
0.6422 1.1422 -120.4586 -0.3074 0.9570 365.8122 0.0005 0.0006 1.0000
0.5451 1.0476 -88.3948 -0.3392 0.8483 377.0146 0.0004 0.0004 1.0000
0.5091 1.0319 -82.0007 -0.3512 0.8062 384.9018 0.0004 0.0004 1.0000
0.4762 1.0388 -76.1355 -0.3745 0.7795 399.5259 0.0003 0.0005 1.0000
0.5527 1.1716 -123.4698 -0.3612 0.8485 400.6118 0.0005 0.0006 1.0000
0.5181 1.1446 -115.4098 -0.3684 0.8056 405.5164 0.0004 0.0005 1.0000
0.4730 1.0993 -100.0816 -0.3779 0.7498 412.5168 0.0004 0.0005 1.0000
0.5088 1.2010 -128.6208 -0.3847 0.7900 426.7379 0.0004 0.0006 1.0000
0.4989 1.2190 -131.5126 -0.3926 0.7799 439.1479 0.0005 0.0006 1.0000
0.4776 1.1946 -127.0735 -0.3911 0.7432 443.1174 0.0004 0.0005 1.0000
0.4465 1.1897 -116.9187 -0.4041 0.7179 458.3652 0.0004 0.0005 1.0000
0.4362 1.1798 -118.9729 -0.4065 0.6804 470.5447 0.0004 0.0005 1.0000
0.4474 1.2402 -132.2341 -0.4097 0.7034 483.5865 0.0004 0.0005 1.0000
0.4454 1.2390 -133.9038 -0.4044 0.6797 492.5588 0.0004 0.0005 1.0000
0.4302 1.2507 -132.8063 -0.4140 0.6736 505.0828 0.0004 0.0005 1.0000
0.4370 1.3097 -145.4979 -0.4241 0.6953 524.1553 0.0004 0.0006 1.0000
0.4083 1.2580 -130.0001 -0.4229 0.6439 532.8311 0.0004 0.0005 1.0000
0.3983 1.2687 -132.3373 -0.4283 0.6353 544.6225 0.0004 0.0006 1.0000
0.4143 1.3268 -145.2835 -0.4353 0.6499 567.4298 0.0005 0.0006 1.0000
0.3603 1.2189 -114.3263 -0.4338 0.5698 568.4976 0.0004 0.0005 1.0000
0.3597 1.2336 -115.2638 -0.4314 0.5716 579.1617 0.0004 0.0005 1.0000
0.3346 1.2078 -104.5418 -0.4408 0.5426 591.7733 0.0004 0.0005 1.0000
0.3567 1.2651 -121.6373 -0.4416 0.5576 609.7565 0.0004 0.0005 1.0000
0.3603 1.2710 -127.4935 -0.4308 0.5502 610.7787 0.0004 0.0005 1.0000
0.3863 1.3765 -149.9770 -0.4488 0.6019 638.1806 0.0005 0.0006 1.0000
0.3742 1.3383 -141.1915 -0.4400 0.5630 639.8517 0.0005 0.0006 1.0000
0.3383 1.2952 -124.2692 -0.4561 0.5262 645.2990 0.0004 0.0005 1.0000
0.3743 1.3785 -148.4319 -0.4484 0.5628 656.6413 0.0005 0.0006 1.0000
0.3528 1.3494 -136.1539 -0.4554 0.5289 662.0861 0.0005 0.0006 1.0000
0.3403 1.3404 -129.5603 -0.4650 0.5082 667.9347 0.0004 0.0006 1.0000
0.3448 1.3672 -132.9427 -0.4677 0.5123 675.6637 0.0005 0.0006 1.0000
0.3867 1.4900 -164.5974 -0.4735 0.5662 693.5492 0.0006 0.0007 1.0000
0.2578 1.1801 -72.7924 -0.4709 0.3902 655.5793 0.0003 0.0004 1.0000
0.3221 1.4056 -122.3563 -0.4991 0.4892 697.3828 0.0004 0.0007 1.0000
0.4156 1.6895 -186.7378 -0.5179 0.6272 741.5894 0.0006 0.0010 1.0000
0.2803 1.3068 -87.9175 -0.4941 0.4060 687.4038 0.0004 0.0005 1.0000
0.2864 1.4080 -96.4332 -0.5176 0.4572 706.4631 0.0004 0.0007 1.0000
0.3383 1.4909 -127.7357 -0.4986 0.4683 709.8537 0.0005 0.0007 1.0000
0.2990 1.4546 -102.4868 -0.5191 0.4456 711.5144 0.0005 0.0007 1.0000
0.3253 1.5587 -122.9066 -0.5332 0.4745 732.6551 0.0005 0.0008 1.0000
0.3211 1.5386 -116.6130 -0.5275 0.4425 729.7147 0.0005 0.0008 1.0000
0.3725 1.7162 -152.0263 -0.5426 0.5127 758.3708 0.0006 0.0010 1.0000
0.2623 1.4101 -70.4406 -0.5211 0.3583 709.9141 0.0004 0.0006 1.0000
0.2406 1.4225 -55.7770 -0.5367 0.3607 716.2072 0.0004 0.0007 1.0000
0.2363 1.4209 -50.1722 -0.5327 0.3495 712.1434 0.0004 0.0007 1.0000
0.2143 1.3533 -28.1380 -0.5189 0.3086 699.2863 0.0004 0.0006 1.0000
0.2042 1.3367 -16.5794 -0.5203 0.2917 699.5171 0.0004 0.0006 1.0000
0.2328 1.4318 -29.7276 -0.5257 0.3179 717.1044 0.0004 0.0007 1.0000
0.1852 1.2907 2.1930 -0.5104 0.2520 688.6150 0.0003 0.0005 1.0000
0.1869 1.3134 6.5354 -0.5143 0.2491 698.7066 0.0004 0.0005 1.0000
0.2217 1.4107 -12.7363 -0.5206 0.2711 716.4846 0.0004 0.0006 1.0000
0.1625 1.2745 27.8681 -0.5121 0.2203 691.9435 0.0003 0.0005 1.0000
0.1998 1.3963 10.1042 -0.5228 0.2504 719.3820 0.0004 0.0006 1.0000
0.1698 1.3169 29.6699 -0.5142 0.2154 702.6538 0.0003 0.0005 1.0000
0.1539 1.2875 45.2173 -0.5179 0.1998 703.6409 0.0003 0.0005 1.0000
0.1244 1.2277 66.4745 -0.5143 0.1764 694.5525 0.0003 0.0004 1.0000
0.1472 1.2969 55.0173 -0.5166 0.1934 706.3576 0.0003 0.0005 1.0000
0.1430 1.3149 58.7172 -0.5217 0.1967 711.0778 0.0003 0.0005 1.0000
0.1454 1.2875 64.1806 -0.5133 0.1729 709.1414 0.0003 0.0005 1.0000
0.1236 1.2829 76.8020 -0.5229 0.1727 710.4647 0.0003 0.0005 1.0000
0.1399 1.3148 72.6617 -0.5207 0.1720 720.0604 0.0003 0.0005 1.0000
0.1293 1.2710 80.0019 -0.5127 0.1482 710.8158 0.0003 0.0005 1.0000
0.1302 1.2782 84.1275 -0.5157 0.1480 714.7808 0.0003 0.0005 1.0000
0.1374 1.3111 82.1645 -0.5180 0.1539 722.7428 0.0003 0.0005 1.0000
0.1373 1.3299 83.4193 -0.5192 0.1559 726.9564 0.0004 0.0005 1.0000
0.1478 1.3513 81.0367 -0.5204 0.1541 734.3062 0.0004 0.0005 1.0000
0.1607 1.3938 75.4047 -0.5208 0.1634 741.8016 0.0004 0.0006 1.0000
0.1241 1.3156 101.8450 -0.5192 0.1382 731.4941 0.0003 0.0005 1.0000
0.1181 1.2867 111.1842 -0.5130 0.1221 727.6265 0.0003 0.0005 1.0000
0.1358 1.3186 104.1855 -0.5059 0.1240 732.0394 0.0004 0.0005 1.0000
0.0960 1.2596 127.6814 -0.5165 0.1044 728.6662 0.0003 0.0005 1.0000
0.1175 1.2993 119.9588 -0.5141 0.1062 738.1362 0.0003 0.0005 1.0000
0.1106 1.2903 128.2433 -0.5114 0.0991 738.4514 0.0003 0.0005 1.0000
0.0971 1.2581 139.3282 -0.5094 0.0859 734.8665 0.0003 0.0005 1.0000
