433.776995 221.082160 842.415493 187.429577 848.424883 632.124413 422.960094 634.528169 
433.105791 221.524499 847.894209 188.740535 857.871938 636.312918 424.553452 639.163697 
432.902673 222.500891 847.128062 187.767706 856.132962 636.726281 425.184187 636.726281 
434.404225 221.828953 847.724860 187.311812 857.871938 636.312918 423.783566 637.873649 
435.009445 223.396989 847.894209 187.315145 856.446548 634.887528 423.306240 638.312029 
434.988902 222.563596 847.488245 186.166595 857.414700 635.062939 422.856568 639.474697 
433.167602 223.183032 847.045619 186.510296 856.475751 633.917672 424.166898 639.791527 
435.081735 222.196498 850.007545 187.619348 856.294299 635.026724 423.675282 636.947937 
434.469505 223.325448 847.561678 188.486349 854.529498 635.422219 424.515476 639.403830 
433.694430 223.404213 846.524656 187.779270 855.954788 636.234438 423.216506 640.425608 
434.093297 221.609273 851.114692 187.032122 858.558266 636.116679 424.798958 637.691123 
435.283388 223.176720 848.375561 187.342218 858.329589 637.264296 424.333957 638.259699 
434.184821 223.079789 849.317570 187.145747 855.936999 634.430007 423.782861 641.049436 
435.344832 222.684463 848.175057 190.202897 856.557396 636.562480 424.866907 637.610273 
433.722403 223.895329 849.696006 188.270386 859.126138 635.677762 425.340064 638.821139 
433.740395 223.396637 850.651496 186.999636 859.475012 635.895980 423.813940 640.307738 
435.025002 223.056231 849.275339 188.251598 857.285359 635.886457 424.547077 641.125419 
436.825302 224.378439 848.607735 187.705704 856.990075 635.113080 424.251793 640.352042 
436.491029 222.800853 848.587799 188.957156 857.546425 635.893026 423.550792 638.879234 
434.791294 224.086196 848.878870 189.247097 857.837496 634.192160 423.841863 638.173772 
433.629570 222.664273 850.703355 188.820576 858.666577 635.756446 422.680139 636.751849 
435.518334 221.973718 849.396352 187.396567 857.778691 635.851736 423.992617 638.995113 
435.620170 221.738537 847.716941 186.899438 856.675566 634.830710 422.679933 638.812321 
434.637929 222.398701 849.720908 186.564199 857.684130 634.495472 423.688498 638.477083 
434.866205 222.200119 849.949184 186.365617 856.917004 636.287695 425.907580 636.287695 
435.231086 219.536214 848.323259 184.697115 857.281885 633.623791 424.281655 635.614596 
435.396408 218.350206 849.583525 184.307430 857.148586 630.646057 424.994449 636.319854 
435.400888 215.923826 849.488464 181.084727 856.456284 630.011402 423.456054 632.997611 
435.981198 212.815318 848.277049 179.718174 855.842111 627.948067 422.742340 627.002435 
435.005181 206.577881 848.097354 174.724990 857.055979 622.656263 423.060347 621.660860 
436.244803 201.756803 851.327782 169.903913 855.309394 617.835185 423.304567 617.835185 
434.952428 197.796819 851.030810 165.943929 853.021615 612.879798 422.012191 613.875201 
435.577949 192.399696 848.408174 162.013715 852.395843 608.784627 421.956647 609.421091 
433.543408 189.348874 850.617193 157.495983 853.603401 606.422659 421.598574 606.422659 
437.204572 184.405513 851.391689 155.090900 854.228587 601.429528 420.183184 601.429528 
435.292758 182.323830 849.479874 152.063584 853.262405 598.402211 423.112139 597.794411 
434.255159 179.463603 850.228762 145.934244 850.228762 595.437206 421.681650 592.293828 
435.018154 175.344914 849.943964 146.006725 852.039549 591.318516 421.396852 592.366309 
433.614430 171.302227 848.697409 140.444739 850.688215 587.380609 420.674193 586.385206 
434.662368 162.532431 848.849484 132.272185 851.686382 578.610813 423.314775 579.556446 
433.343572 154.208848 848.399255 123.275463 850.642838 568.367839 420.622833 569.863561 
432.252345 138.421840 846.957567 108.642476 849.163446 555.332941 421.222951 555.332941 
428.194344 125.813019 846.263532 94.379245 848.623225 545.462559 418.764212 543.882206 
426.492419 115.486597 842.570801 82.638304 844.561607 531.564979 415.542988 529.574173 
424.683121 102.556943 841.707136 72.296697 842.652768 518.635325 415.226794 519.580958 
423.827278 94.580193 841.896466 60.736497 840.901063 507.672366 413.873250 510.658575 
423.121448 89.183171 840.145463 57.409913 841.138377 504.221357 412.199391 506.207186 
423.388886 85.490933 840.410281 55.104952 841.458074 502.512328 410.815377 500.416743 
423.479862 83.087392 839.453464 51.653618 841.549049 501.156579 410.906352 500.108787 
421.523059 84.146823 838.596844 53.289336 839.592247 500.225205 411.569031 500.225205 
422.000655 83.294107 837.133404 51.142595 839.970302 499.372488 411.598696 498.426856 
422.146048 81.111758 838.224430 50.254270 841.210638 497.190140 412.192020 497.190140 
422.678106 82.391440 839.751891 48.547744 839.751891 497.474419 411.728675 499.465225 
422.655229 81.528322 840.724416 50.670835 839.729013 499.597510 410.710395 499.597510 
421.710110 82.931914 839.779298 52.074427 840.774701 497.019491 410.760679 498.014893 
422.718266 80.736184 840.787454 51.869502 839.792051 498.805371 411.768835 498.805371 
423.792584 83.884180 840.956859 52.212272 841.454563 499.102896 410.445139 497.112090 
422.300300 80.891019 842.303057 51.103589 839.324315 498.907947 410.385328 496.922119 
424.200118 80.628259 840.278500 51.313646 841.224133 498.597906 411.906893 494.815376 
425.459131 80.665351 840.542110 50.803266 841.537513 497.739135 411.523492 494.752927 
424.356716 80.256420 841.430500 49.398932 840.435097 496.334801 412.411882 497.330204 
424.484363 77.768485 839.617112 48.453872 840.562745 493.846867 412.191138 493.846867 
423.977063 77.297361 840.055445 46.439873 842.046251 495.366548 410.872673 491.606680 
424.069631 74.548025 844.129624 43.690537 842.138818 492.617212 411.129394 490.626406 
425.473235 70.515148 845.103813 39.981051 842.117605 490.898532 413.098986 486.916921 
423.574909 68.933309 841.591838 39.145880 839.339319 488.644755 410.667023 486.950238 
422.628720 68.259097 840.697908 38.397012 840.697908 484.337479 413.670095 484.337479 
426.196940 66.375852 843.270725 35.518364 840.284516 482.454234 412.261301 483.449637 
424.478008 64.552657 842.547195 33.695169 842.547195 482.621845 412.533174 480.631039 
424.525603 65.882916 841.599388 36.020831 840.603985 484.947506 413.576172 480.965895 
424.607123 65.524563 843.522403 35.264317 841.631138 483.494210 415.150796 480.657312 
424.993595 65.202242 845.053588 35.340157 841.071976 482.276026 413.048761 481.280624 
423.684708 67.000671 843.744701 36.143183 841.753895 485.069858 412.735277 482.083650 
427.360216 68.483008 844.434001 35.634715 841.447792 484.561390 413.424576 482.570584 
426.867613 67.392678 841.858635 37.679717 843.839499 486.345429 414.982428 485.354997 
426.189415 70.274242 843.213430 40.486813 844.206344 488.291171 414.274443 484.319514 
425.559010 71.920863 843.628198 42.058778 841.637392 489.990051 412.618774 487.003842 
426.913300 73.300893 843.987085 42.443406 841.996279 492.365484 412.977661 488.383872 
427.566745 74.909112 845.635932 45.047027 843.645127 492.978300 414.626508 491.982897 
428.132161 77.170776 846.201348 49.299496 844.210543 496.235366 415.191924 496.235366 
427.678474 81.430185 843.756856 50.572698 845.747661 499.499373 416.729043 497.508567 
430.688382 87.036775 846.766764 56.179287 847.762167 503.115157 417.748146 504.110560 
435.442060 94.462600 849.529636 64.600515 850.525039 511.536385 421.506420 511.536385 
435.610574 106.015290 851.688956 76.153205 854.675165 524.084477 425.656546 524.084477 
443.132376 122.956542 860.206160 94.089860 863.192369 542.021132 435.169153 542.021132 
454.011839 146.085026 869.539778 111.370365 872.927119 560.272143 441.718614 561.217775 
465.220926 169.232506 879.308502 137.379616 888.267128 586.306291 457.257704 586.306291 
489.245458 206.234732 901.027891 165.370826 911.505815 612.778202 484.006496 620.112749 
493.345336 218.520024 906.437510 178.703911 922.363955 627.630586 488.368322 633.603003 
505.453844 242.458871 914.564406 195.674938 936.463269 647.587821 504.458441 657.541850 
512.820144 259.954411 921.930706 212.175075 950.797388 662.097153 515.806352 676.032792 
518.960486 269.618454 926.080242 217.857507 956.937730 667.779585 522.137701 684.667473 
521.307282 274.659495 930.417844 220.907742 962.270734 672.820626 528.275102 688.747071 
524.021742 279.705488 933.184696 219.881541 967.237948 673.675450 531.356289 694.631299 
526.096477 280.388514 933.216234 219.668941 972.036944 672.577228 536.050506 701.443910 
527.169497 279.620687 937.904138 218.848725 976.672458 670.447271 540.790799 695.594290 
528.412669 278.671323 936.527829 213.970140 980.325553 665.883023 546.329920 694.749705 
530.109426 274.384511 938.748482 208.373587 981.707972 656.828755 548.969690 689.310321 
534.588765 272.682962 928.768285 207.981778 971.570606 642.972814 554.496821 674.825704 
539.416384 272.061646 920.655667 207.360463 961.467183 625.429650 558.329038 657.282541 
539.115265 264.716902 921.349951 202.006524 963.156870 616.094100 559.023322 650.933199 
541.107761 264.273202 911.795774 199.970179 954.349245 604.700969 561.911680 637.798113 
542.285480 259.872354 908.245330 194.623698 947.016270 594.626325 563.089399 625.832203 
541.031950 258.216745 898.575669 195.332172 940.798168 587.911581 560.795673 619.353868 
542.036443 253.570682 898.686302 190.843320 939.011035 580.649071 561.750757 612.908857 
545.317587 254.132296 893.006395 192.301039 933.331128 572.249633 565.928006 604.509419 
545.705842 247.537830 894.760143 186.944051 933.164651 568.428825 564.481379 599.152431 
545.162591 241.329954 895.070326 181.589609 932.621400 563.074383 563.938128 592.091122 
542.814559 235.913551 893.171469 176.622382 930.003862 558.421579 562.578282 588.965514 
541.003044 231.073003 889.203912 172.186092 927.608419 551.963999 559.778581 583.541039 
539.001791 225.991195 889.762959 169.664584 923.046866 552.002791 556.070461 577.605796 
537.183535 222.664144 887.919100 167.329649 921.119796 547.860711 552.506933 574.251009 
533.259800 219.174146 882.718360 166.171434 913.262295 547.072279 546.769928 571.420924 
525.206601 217.614217 873.407469 168.115074 903.277641 548.746415 537.154670 570.935686 
519.357860 216.262517 865.459424 168.035250 893.066428 548.582068 527.868555 568.037876 
509.788423 211.169599 859.696157 166.791057 882.738862 545.715531 519.176191 563.637635 
503.347476 204.232375 854.108644 161.560700 872.884181 542.192041 506.761210 557.553844 
497.256371 193.757061 845.457239 155.352553 864.232776 536.837327 498.109805 547.078529 
488.017541 182.362827 841.339010 145.665187 854.140513 528.003394 488.017541 537.391163 
476.455504 167.437397 830.577503 136.764447 837.630673 514.195893 473.895204 519.905432 
476.528916 161.282394 830.703818 128.851921 838.384719 508.629828 473.076389 514.222191 
473.808828 149.163440 825.679460 119.976014 832.976316 500.223309 469.755019 501.844833 
472.115928 142.037516 826.256692 115.647219 829.661892 493.624381 466.156828 493.624381 
470.702590 135.278052 826.545955 108.887754 827.397255 488.567517 461.338291 487.716217 
471.464049 130.913789 824.145442 105.780172 824.145442 485.216706 460.113383 483.595182 
471.211522 128.391063 825.514439 104.068209 822.321036 482.511961 458.239333 481.072457 
469.633395 125.987853 823.125550 102.475760 820.693264 480.290770 458.282729 477.858485 
469.961947 123.465792 823.454102 103.196746 818.589531 479.390233 456.989758 474.525662 
470.118759 122.738399 823.610915 102.469354 817.124820 482.716649 453.903523 474.609031 
469.193741 121.787842 823.496658 104.072696 815.794421 484.563220 452.315658 473.407708 
468.624434 121.860679 822.558335 104.725248 812.317133 486.210022 451.064376 474.032728 
468.561958 121.387598 823.675637 109.226171 809.892686 486.230419 447.482150 474.879753 
468.023751 121.099520 820.461916 109.181321 807.692417 487.158483 445.889953 471.835085 
470.139299 121.003226 825.167635 114.175758 808.098965 489.686498 444.536294 470.910961 
469.868721 120.894272 825.793162 116.840463 805.524116 492.223188 439.870534 472.764904 
471.318028 122.394479 826.346364 118.980745 802.450226 497.051785 440.521646 471.800593 
469.607013 124.654334 823.909931 123.843572 798.776314 501.658582 436.365779 474.092680 
479.092833 132.916508 821.103007 134.020660 794.501476 497.038524 444.605849 469.356199 
482.717696 140.811977 814.684125 142.352424 787.726294 494.344670 448.827852 468.157063 
491.239402 151.154573 804.720461 154.235468 777.762630 490.053015 456.579334 463.095185 
491.228210 149.153420 807.019941 154.544986 778.521663 488.822086 454.257471 461.094031 
503.014945 161.074038 795.699964 167.560133 767.323300 479.703435 466.530663 452.137533 
502.366008 164.085444 787.733901 173.597707 757.733687 476.526702 463.585243 448.721625 
500.388137 164.528275 782.290024 175.311407 749.940627 474.158216 463.417398 441.038595 
499.679160 165.061704 774.254293 178.964242 740.193074 469.527295 460.056926 437.551456 
499.234095 171.917783 758.099360 189.087417 723.099720 462.480835 459.611861 428.141565 
495.107964 166.212152 753.973229 187.344010 715.011365 458.756316 450.863135 421.115193 
491.243154 160.817820 751.220621 184.452136 707.427626 456.941888 446.059904 414.539146 
489.345313 155.565327 748.627654 183.370404 703.444404 455.860156 440.686429 410.676906 
490.426670 154.748669 748.318756 183.248873 700.541705 455.830281 437.323097 407.782440 
491.331662 152.363774 749.223749 182.949359 697.784357 454.048857 436.416635 405.389973 
491.392740 148.230545 748.937264 182.569814 695.447247 452.661379 435.261241 401.152474 
492.916655 146.271168 751.781920 182.591550 694.329680 452.022744 433.483304 397.872357 
493.340854 143.409877 751.545748 181.711370 691.670586 451.567164 433.247132 393.690324 
496.765047 141.690289 753.266880 182.007650 690.705457 451.021768 433.508497 391.935980 
497.790202 137.624607 753.599157 181.876937 688.952353 448.805674 432.039388 387.789712 
498.944080 135.114310 754.955103 180.535621 688.887742 448.934274 431.500316 382.866913 
500.960545 131.184088 757.445048 178.937959 689.665360 449.286489 430.099962 381.506801 
503.091845 130.244479 758.259035 178.781716 686.839957 446.429909 430.979379 378.477777 
505.396118 128.300517 758.887717 180.134933 687.171606 446.407621 430.951934 376.824551 
503.875098 126.045457 759.974490 179.460473 686.071522 443.608702 429.972131 375.559435 
505.492864 126.145117 759.909316 179.669890 685.530736 445.208373 431.042474 373.987629 
507.318651 124.284366 758.259468 179.199392 685.271142 441.957368 430.159563 373.139803 
505.893531 124.691210 761.352674 180.892221 683.985048 445.109963 429.737532 370.803353 
508.357999 125.053245 760.689070 179.968272 682.627783 444.310715 428.418403 370.433048 
511.563983 123.069362 760.846438 182.959983 681.959194 444.029645 430.338403 368.066845 
511.925619 122.542940 762.171310 180.933601 682.231714 445.776958 430.595769 367.227616 
515.786572 121.921264 766.727390 183.092433 683.312159 443.765028 431.035665 367.079891 
517.220829 120.553828 769.551901 180.334743 685.441544 443.787846 433.805599 364.543377 
525.164398 115.313206 774.716888 176.931105 692.302948 441.888069 441.980235 357.933682 
532.822031 111.186383 785.262860 171.918524 700.384205 434.603328 454.528789 355.578373 
543.833380 103.744570 795.966447 165.146279 715.478067 427.099370 465.232376 350.269553 
556.200583 98.019989 810.617035 150.154508 733.457947 415.692991 482.517129 343.399792 
569.566966 89.342087 824.934644 136.903402 751.246512 405.949811 499.322561 337.392640 
581.978147 82.615279 839.870234 127.103402 769.815699 395.619919 514.550836 332.860970 
595.492999 75.710595 853.953786 112.113523 789.884633 385.863540 534.336080 326.890797 
598.341168 76.014876 857.623509 108.685841 796.713729 382.924317 540.645634 328.345948 
604.961444 73.668839 866.468191 101.404403 808.355581 376.778932 552.131798 325.270027 
608.559394 73.482714 870.726511 95.935314 816.576124 373.290954 561.012712 328.385755 
610.308774 74.225802 872.475891 92.055807 824.929210 370.071819 566.724316 329.789214 
610.635302 76.874366 873.462790 88.100666 832.519815 366.777047 572.994180 332.437778 
614.165037 80.679460 874.351043 85.962425 841.332514 363.978436 580.486138 334.922131 
610.608082 88.876415 872.185653 86.999064 847.154307 366.098578 587.454086 344.821933 
612.092555 98.999306 873.071005 88.334321 856.132500 368.133333 593.899346 354.958940 
612.957456 111.123786 873.151717 93.338355 863.270922 373.952925 600.441783 366.048289 
615.561612 124.617016 874.148826 100.287573 870.673191 381.813976 607.915216 380.423722 
616.162724 144.025820 872.664557 116.220743 877.530446 394.966638 614.772470 398.442273 
612.925894 153.273618 871.791159 122.896571 876.413753 400.912583 613.586265 406.195547 
610.707436 164.177444 865.412366 129.673082 876.077351 406.962685 613.844197 415.745614 
608.868316 173.013276 862.681943 136.519879 876.818675 413.369343 614.608851 424.051692 
604.506407 187.047462 858.395779 148.308473 876.275312 423.653286 614.042158 437.360928 
604.246430 192.049142 856.943834 151.522200 878.399274 427.462997 614.974150 445.342530 
601.522960 200.091500 854.339561 155.660860 877.493556 431.631456 615.290201 451.030750 
600.250613 206.180260 852.316273 160.998679 876.096052 436.844118 614.871665 456.977417 
597.162758 211.905686 849.358280 165.481635 876.334418 439.007126 615.355967 461.591800 
597.509349 215.336145 849.649263 166.920251 876.656769 441.606344 616.462508 465.320251 
595.736302 220.761957 844.696008 168.592682 877.714536 443.306840 616.868160 471.042404 
593.332785 223.444832 843.578476 169.920059 877.639695 443.800065 617.636376 472.027388 
591.938270 227.343600 841.625952 171.023070 877.921404 444.490531 618.783895 476.456083 
590.443509 231.174191 840.063585 171.740840 880.346190 443.813516 620.820555 480.794268 
590.236835 234.689919 836.597983 172.770273 881.390919 444.821487 622.514098 483.685946 
590.427319 236.305923 835.424802 174.231089 882.311113 444.322654 624.106219 486.586370 
588.579273 241.540859 833.345625 176.362283 884.656419 445.397255 626.715673 490.467546 
587.983529 245.236592 831.660270 175.897682 885.810657 447.309987 628.266134 493.535927 
588.745354 251.173774 831.344649 179.575702 888.345056 447.894693 631.148096 496.553577 
590.911268 256.520181 833.927639 183.219047 892.700620 451.329500 635.156097 502.838404 
593.297632 264.996469 835.653632 186.412371 897.728466 456.503936 640.183942 512.635434 
598.745643 274.707326 838.460161 194.142116 905.817960 463.573310 648.933807 520.365179 
603.643008 288.162878 845.547176 205.442774 914.364741 471.676384 659.253162 532.847553 
609.507328 296.811447 848.033179 211.524587 923.612591 479.172780 668.445402 543.657967 
612.782237 308.768584 849.227921 220.014779 928.967668 484.196026 673.107089 554.228326 
619.671296 322.226587 854.624195 230.469834 940.124806 493.922936 684.318100 565.521009 
621.005967 329.066452 855.263739 235.919445 942.154604 497.982293 687.738151 573.056000 
621.230150 335.040870 852.451314 240.649952 943.183670 503.334756 689.279416 579.432860 
620.915920 340.311688 852.868798 243.725632 944.332866 505.678724 689.696900 583.971966 
620.832097 345.586826 851.931915 245.608022 943.555842 506.563586 691.058739 586.550825 
620.038329 348.651720 851.515593 248.553444 943.967473 509.921166 691.636402 591.251015 
618.880211 351.001375 846.420935 251.464425 943.967473 509.921166 691.636402 591.251015 
617.146689 352.779656 844.709291 251.803325 942.761800 510.209170 692.077412 594.870126 
617.742006 355.335311 846.768033 252.163842 941.890664 511.921796 691.644973 596.068739 
615.109856 355.863363 843.720243 253.935165 939.095914 511.667894 690.099888 596.850745 
612.241414 356.033404 840.243043 253.849747 937.560812 513.827215 686.619994 598.632699 
608.303301 355.830132 836.756763 255.836125 931.641588 513.484917 681.291628 596.691609 
602.367287 356.349707 830.661601 258.300226 923.589094 514.399617 674.806829 597.083135 
594.885240 353.547216 824.277123 259.009955 913.948496 516.902042 665.788186 597.536764 
584.865569 352.175127 814.048914 258.020186 899.445256 517.858628 651.284946 593.766488 
572.089698 351.219116 804.262089 258.767236 886.287066 518.744704 636.736502 591.733030 
561.849902 345.107906 793.327166 257.521914 873.266761 517.499382 622.325944 589.097455 
545.346948 335.912663 779.778502 254.026712 853.079635 515.533459 600.818077 581.570517 
534.024080 332.987508 769.776374 255.327929 839.115285 516.735620 586.028263 580.527417 
525.614140 332.212849 764.007917 256.270233 830.705345 518.437350 577.783415 578.531073 
517.537749 327.277568 754.610785 255.297175 818.666730 516.803922 563.763689 575.576903 
514.102961 325.824503 752.017847 255.997616 809.713381 518.755592 555.883693 575.489392 
509.006390 323.743628 748.676319 256.764592 802.166335 520.252451 547.923665 571.100985 
503.887603 323.164795 744.262491 258.448479 796.431767 523.257078 541.528725 572.124501 
502.379199 320.781354 743.081341 258.381862 791.167876 522.528440 536.131776 569.610560 
500.406647 317.892104 742.815477 259.924775 786.290974 525.388793 531.158861 568.194373 
499.139026 317.234110 738.814170 261.539364 783.870594 528.123205 527.299291 568.173360 
498.909059 316.487292 742.949004 263.789720 779.962775 529.159635 524.003141 565.546054 
500.395176 313.902203 740.671009 263.714039 777.684779 530.338658 521.097793 563.588317 
498.221970 313.818054 741.634563 265.511947 776.138926 533.391270 518.924587 563.504168 
498.949608 312.931931 743.616906 267.762584 773.102452 534.387202 516.515466 563.872748 
499.929771 309.196162 743.969716 267.163575 770.945854 534.415546 514.986220 559.509628 
500.871324 308.128164 743.436992 266.409253 770.256292 534.006268 514.578966 558.441630 
500.565769 305.137141 746.707344 266.398153 768.758768 533.995167 513.081442 556.046592 
500.742449 302.558374 747.926996 266.262921 768.577857 534.098330 510.754987 552.871840 
501.899157 298.375663 746.580570 263.331778 767.231431 533.670321 510.034345 548.063345 
501.900797 294.878460 747.195447 262.256154 764.761304 528.880773 506.292262 545.191926 
504.854800 287.089695 749.786526 256.770477 765.243383 524.292993 508.421767 536.777377 
507.090814 281.043257 751.444435 254.223957 763.364124 523.608925 506.494829 530.760738 
509.500736 269.935447 755.225121 247.288038 763.151714 514.527462 507.235995 519.056944 
511.893473 264.821805 759.823001 244.558334 762.206939 512.155348 504.145676 514.539286 
512.098967 261.634205 757.644557 243.754672 757.048572 511.947671 501.967231 510.159717 
513.950886 257.400971 761.284430 244.289314 755.920570 511.886328 501.435213 505.926484 
516.105707 255.412773 764.537116 246.629845 753.872131 512.627111 498.539849 504.471535 
520.908332 252.641026 770.029828 249.065119 754.534233 516.066149 499.452892 501.762523 
525.113512 253.416679 773.639024 251.032741 755.163507 518.033771 498.890196 499.558253 
529.452369 252.275002 777.256426 256.039114 755.299105 523.918437 499.339471 499.451707 
533.998222 252.429290 781.637187 259.032996 754.561993 525.822707 499.658952 496.106031 
541.265584 244.417480 789.069642 261.983338 747.664407 524.843844 496.096237 487.202721 
543.351172 247.445212 753.660672 260.354235 722.463867 486.262137 507.851359 455.065332 
542.756394 246.662468 756.239362 261.346482 721.788407 487.254385 505.481590 455.062509 
543.397426 246.017853 754.971903 260.917464 721.596774 487.987537 505.189716 455.282497 
546.401869 245.435189 756.711369 260.495716 722.825184 487.479370 508.212676 453.593185 
549.215115 243.111100 762.666943 259.530472 726.431089 487.136930 510.148335 452.599632 
555.313643 241.978127 764.240668 258.546808 729.890964 486.532535 515.529609 451.076970 
556.239176 240.830006 768.162304 257.504161 732.124615 485.563567 516.974231 451.139506 
558.506519 240.002665 771.145844 255.191189 732.844350 485.000148 519.544655 448.019396 
560.707123 236.964080 772.253738 256.381402 734.952040 482.235517 520.339533 444.933819 
563.658677 234.606534 777.110505 252.724461 736.911355 479.764734 524.025712 441.830324 
567.726297 232.252321 779.479569 250.936433 739.280418 478.542892 525.262405 440.042297 
570.786712 231.332779 782.171964 251.234189 740.755515 477.679968 526.143008 438.415023 
572.201361 227.867971 781.972985 248.845133 741.094412 474.753036 528.095532 434.412339 
573.509733 222.830568 783.281357 245.959234 740.789156 471.867137 527.790276 429.374936 
573.257105 220.792474 786.793860 244.996893 739.998652 469.829043 528.613400 428.950471 
575.664335 218.439898 787.587463 243.182192 741.868006 468.014343 528.869127 425.522142 
577.239284 214.971906 788.632604 240.188876 741.954384 465.532009 529.488001 420.999914 
578.220619 213.866060 791.219499 239.146231 743.348539 464.516257 530.887535 419.872553 
580.039330 211.710123 793.462848 236.678892 745.308796 462.586795 532.479771 417.405214 
583.687544 209.744911 794.534920 233.949329 748.277588 459.857232 536.472264 414.695655 
587.898894 209.992510 798.208394 233.121176 753.026813 459.029079 541.641561 415.461126 
592.301428 210.376827 803.982146 232.104911 758.593744 457.219264 547.006610 416.468247 
597.704791 210.142875 808.552167 230.582162 766.059966 457.027941 554.136839 415.611492 
606.120427 210.759713 818.581431 229.047496 775.551354 456.031150 564.703978 416.766205 
613.970883 212.955085 826.431887 229.629240 786.629066 457.150771 573.630186 418.423702 
624.846788 217.081051 838.991864 231.288258 800.264795 460.961293 586.190163 423.309976 
633.953400 222.816804 848.565908 234.650076 812.528219 463.785234 598.453587 430.436925 
645.517784 233.041535 857.688246 239.001380 828.370157 470.694971 611.546671 438.656168 
652.004522 243.008965 868.149977 248.118787 841.088468 478.812195 622.878539 452.000669 
662.415694 256.465280 877.028202 258.078908 855.513163 489.903447 637.135524 464.085401 
668.386178 270.055859 884.531632 266.478984 868.180203 499.997832 647.435909 478.025599 
670.382406 277.952880 884.483931 273.865023 870.477987 505.685231 650.454102 486.433602 
669.284509 282.620554 883.897016 276.166043 872.063745 509.066333 651.534602 491.854302 
670.795791 289.938205 884.870423 280.794314 875.188656 513.156728 655.197389 497.558325 
673.722562 293.600576 886.291141 283.891914 879.648373 517.921744 657.882115 503.614244 
677.273358 297.988604 892.961618 287.231085 885.969230 522.820755 663.288583 507.760228 
682.218701 302.677823 897.906960 288.693048 891.452449 524.820594 669.847554 512.449447 
688.818021 304.320245 903.430529 290.523727 900.875618 526.086503 675.532485 514.844896 
694.129050 306.610253 909.252540 292.302753 907.719594 527.865529 683.909407 519.178832 
698.836166 310.639518 916.675929 293.427487 916.138054 529.555033 690.768027 522.024770 
705.479187 313.258791 923.157587 294.863433 925.201516 532.981120 698.836418 524.805405 
712.209181 317.327387 930.586820 296.888100 934.351952 534.091398 708.981925 529.788391 
718.535650 322.107909 936.725032 300.135676 942.856818 537.231399 717.513685 534.165506 
726.909861 326.699904 944.211749 301.957610 953.355640 539.698784 726.371985 539.160908 
732.134493 332.919127 949.974257 304.411701 961.269652 543.766503 735.361749 543.766503 
737.153853 336.654484 953.917864 306.533430 971.129895 545.888232 742.532613 549.653364 
740.827104 340.890888 959.204743 309.156206 977.492526 547.973132 747.281615 554.427644 
743.276522 342.963480 960.040533 308.539418 982.093448 550.045724 752.958289 557.575987 
743.460846 345.582080 960.762734 307.930762 985.505028 548.899192 756.369869 557.505207 
744.957633 347.750504 962.259520 306.871931 988.615442 548.916113 760.018160 559.673632 
745.475805 349.889121 962.324744 306.292859 991.766375 546.355392 763.027546 561.076208 
744.867262 350.606504 961.093398 304.887047 993.365955 544.779725 763.692921 561.991755 
744.487582 350.089809 960.175842 304.370352 994.599903 541.573650 765.464744 563.626564 
744.313804 349.749531 958.361542 302.308872 996.765886 540.076939 766.339825 562.102960 
743.489536 350.473665 957.026292 299.913325 998.442741 537.116623 769.307582 562.396793 
744.106616 347.587896 956.992259 297.197411 998.889965 533.862833 771.283506 560.473538 
743.780720 347.562611 954.628096 294.850767 998.733925 533.129817 772.288146 558.947863 
740.667249 347.287221 952.420521 292.933440 999.980079 529.032677 771.807436 558.474308 
739.142170 345.193325 950.895442 289.707174 999.021186 527.504966 771.414727 556.380412 
737.548516 346.000981 945.904677 287.683903 996.861347 524.349325 769.254888 556.055697 
736.813332 347.188232 946.301863 289.437339 992.729051 523.271835 766.821149 556.676763 
731.219515 344.018937 941.802673 286.640942 989.716256 522.068180 763.753430 554.602095 
728.017822 342.659222 935.288322 286.747016 986.682370 521.691235 761.904007 553.883111 
724.715013 343.345506 930.806433 285.028428 981.196917 519.995295 756.987570 551.701667 
719.166581 342.247920 926.437082 286.335714 976.136820 516.761775 751.923227 551.777500 
714.321121 340.105658 922.677282 281.222395 970.236840 514.490705 746.593679 548.461819 
709.800526 339.135382 916.826701 281.418994 965.132808 514.166603 741.795481 546.788909 
704.310080 337.210770 909.778697 279.658043 956.573905 510.406829 736.044762 545.906642 
698.262391 336.342680 905.068992 277.936204 953.343732 508.582184 731.637519 544.341250 
695.419543 334.628501 899.274532 278.151525 946.069740 507.824560 726.616349 541.710745 
690.008771 332.861130 894.967821 275.110237 943.093565 504.981437 721.715144 540.651106 
687.242199 331.586430 891.124081 273.415145 938.564741 503.276436 717.739766 538.856931 
684.292775 331.299363 890.384195 273.548471 935.679013 503.419670 715.999147 537.390783 
684.234721 329.905118 886.929029 272.154226 936.187144 500.893055 715.941093 538.261279 
681.717551 329.548150 886.676600 271.231072 934.236159 500.536086 715.688664 536.205755 
680.846362 329.344777 884.673041 270.461514 933.364970 498.634158 715.383660 536.002383 
679.770127 331.133261 877.508726 271.417330 927.084215 494.507032 715.261670 531.688649 
675.505337 332.325546 871.292186 272.083439 922.390402 492.612582 711.543026 529.726023 
673.732767 330.746490 868.578333 270.880895 919.407612 490.011561 710.442801 529.545444 
669.741735 331.364027 854.893308 271.097471 903.840020 480.331219 706.439543 519.058288 
669.058393 332.379981 849.040945 273.076235 897.382898 475.478226 704.890188 514.582541 
668.844789 331.579869 846.937781 271.622762 897.595598 474.311989 704.463388 514.732197 
665.595609 332.737369 843.278670 272.260906 891.445764 470.816374 703.594095 510.955620 
662.073382 333.355516 836.829281 274.081586 888.949461 472.342664 700.908026 511.688291 
657.277327 332.969140 832.723052 273.414169 882.620460 471.930738 693.761453 511.634052 
651.751978 331.555207 825.485913 275.078231 874.432625 471.402957 687.789667 511.743653 
642.656184 333.140358 815.368154 277.443303 864.422442 472.127506 680.468864 513.006079 
634.235916 333.037860 807.969851 278.873751 852.936281 475.090900 671.537614 513.414562 
627.994280 334.145470 800.274471 281.136180 844.618780 477.882197 658.576563 514.071231 
619.454173 334.609645 794.210072 282.668308 835.471882 479.754128 649.065590 514.705308 
610.302068 336.366917 785.057967 286.290666 824.914575 481.485851 638.917069 515.210674 
600.729835 335.448474 777.427466 286.419736 813.349512 484.961854 627.428652 515.058704 
590.613598 331.101560 765.369497 286.135130 800.627266 484.396208 616.162706 514.544156 
581.182392 329.897964 756.423724 286.694423 786.520573 485.721974 603.997745 511.935359 
568.696387 328.143714 742.531177 288.921937 773.037003 483.093945 588.065166 509.241796 
566.192632 327.443536 740.948531 286.181726 768.618215 483.752979 584.153655 508.510065 
559.898300 324.535598 736.523116 287.642686 760.964671 483.175120 576.038949 505.772028 
554.180121 323.405058 730.392319 286.997579 753.693105 484.083399 570.199411 504.471587 
548.831073 321.291265 724.094311 287.250636 748.934770 484.134273 563.091337 502.534613 
544.689288 320.268792 721.314104 286.604010 742.988690 483.058767 557.601807 501.505223 
541.108711 319.120450 718.194689 286.839152 738.485790 483.293908 552.176584 500.356880 
537.225046 317.179909 715.378977 285.626761 732.369133 483.198013 546.933707 499.217304 
531.357274 314.929210 710.541536 286.890596 725.437049 483.598992 539.681237 497.618298 
526.865153 312.407369 704.048218 286.193985 717.640343 483.279804 532.690350 495.901064 
521.893507 309.028393 699.318785 286.740982 710.680995 482.520598 524.515556 492.134776 
517.403539 303.778531 694.950678 284.409752 702.790422 480.864508 518.325862 487.320768 
511.702962 297.610105 689.711262 281.930618 694.322876 478.846536 508.474832 480.691181 
509.155386 293.909281 687.901545 280.328078 687.901545 476.598370 503.898146 477.036473 
505.192527 287.245499 683.062479 277.607225 681.748169 472.125104 496.868564 471.248897 
500.115539 279.909538 677.415957 272.834170 673.253975 468.863505 488.045792 464.285325 
493.476296 271.910287 673.654724 267.758710 664.936413 462.882815 479.360935 454.579661 
489.913740 262.887887 671.792338 261.639292 658.890194 458.084826 472.017219 447.263673 
487.046037 253.106688 666.843644 254.355282 651.860510 449.968419 467.068525 437.066276 
484.782988 244.374095 666.245387 248.536077 647.932668 443.733016 463.140683 428.749882 
482.581335 233.970994 663.627536 240.630165 642.401429 437.491896 457.609445 417.514384 
478.291343 222.982677 660.911257 233.128228 636.930864 428.660662 452.466304 406.063753 
474.559089 211.275388 655.802437 224.155626 629.581952 420.579254 446.498570 395.278787 
471.682637 202.278378 653.610918 218.819487 623.381788 413.775469 440.254596 385.298753 
472.637110 198.220030 655.698756 216.047886 623.406493 409.963374 438.720701 380.846851 
473.553581 193.862148 657.095818 213.692088 621.586391 407.379876 438.505315 375.098578 
475.101340 192.876578 658.184722 214.496977 620.595028 406.481792 438.663723 374.996224 
477.993830 191.463402 659.237178 214.923836 620.596464 406.747379 437.513083 372.246741 
479.607093 189.294739 659.830929 214.285777 620.421983 407.005132 438.275760 370.479768 
482.193193 188.662085 663.085181 214.732993 621.033010 407.003692 438.989490 368.032498 
485.326610 186.698476 665.056939 216.835260 620.276999 406.599649 439.210470 365.823272 
487.067630 185.939812 667.381738 216.376464 620.343275 407.758445 440.951490 365.792758 
488.987176 184.597412 668.341915 217.811252 620.309591 407.385634 440.443871 364.463132 
489.936651 184.015027 668.406113 217.679809 620.445327 407.678306 440.131220 362.945650 
492.266880 183.721994 671.241164 217.507956 621.018788 407.439849 442.501071 361.326577 
495.053405 184.651386 673.692769 218.631700 622.722298 408.921456 443.597502 362.805316 
497.416676 185.045170 676.056039 219.025484 625.085569 408.344375 446.446205 362.228235 
499.135871 187.335189 678.746101 220.344637 627.290197 409.663527 449.621700 362.576521 
501.528513 186.148875 680.167876 221.100054 627.741107 409.933512 451.528908 362.846506 
502.753917 186.203420 679.936981 221.640033 629.937377 409.017191 451.783446 363.871917 
503.025055 184.774099 681.357829 217.987939 629.748631 408.584285 451.926839 361.573927 
505.318792 180.244455 682.016424 216.166500 632.016819 407.427123 453.377456 360.825550 
505.538257 174.387530 683.220797 210.321059 632.250327 402.552548 453.125530 356.921841 
502.622560 170.431310 683.203656 205.382490 630.776886 397.128546 452.622955 351.012406 
504.736892 163.433890 682.972510 199.598751 631.245256 391.946250 454.029282 343.820506 
506.152724 158.516499 685.544509 194.487088 632.510948 384.946746 454.963809 338.369445 
507.419224 149.377936 687.029453 185.299982 632.660951 377.531471 455.963320 329.473598 
510.710297 148.872064 689.835094 185.764976 635.466592 376.540166 458.768961 328.482293 
515.178720 146.643802 695.044441 184.967464 638.836403 373.519881 463.058540 323.954612 
522.603506 145.817344 702.254076 183.468661 644.163472 372.800999 467.740158 322.778534 
533.455369 145.910045 712.030187 185.174990 651.788080 373.969452 476.978393 322.871236 
544.609563 148.157830 722.431355 189.547385 659.876736 376.662995 485.846615 323.424712 
555.554951 149.712478 731.843797 192.123997 667.460045 379.143468 495.770039 323.957395 
567.762471 152.889997 743.679405 198.140306 677.583447 383.717418 506.242387 324.739487 
580.082704 160.744516 755.430267 208.077600 685.506392 393.106930 515.537589 331.789070 
594.336694 168.328751 767.048665 219.937949 695.000180 402.358581 526.376067 337.974829 
606.031770 178.620955 778.851316 230.015003 702.607399 414.129944 534.870781 346.922343 
616.526248 191.828875 786.767620 246.369023 711.841028 427.836543 542.619066 360.033172 
623.040970 202.490120 791.065126 255.761717 715.526889 438.835613 547.986952 367.616415 
622.889892 208.148159 795.218626 262.031228 717.063904 443.097757 550.074934 373.195397 
627.991576 220.551656 797.422503 274.877128 720.506241 455.603450 553.226818 384.603824 
631.316423 234.488768 800.962501 286.608949 724.315177 469.029580 556.713028 399.052999 
633.064960 250.751017 804.629167 301.393464 730.732535 483.809623 561.752127 415.080589 
638.672994 267.228550 809.341035 316.282838 739.847461 501.769362 568.668438 434.319717 
645.956101 288.823096 817.313969 332.026638 752.265940 518.432930 579.937206 454.841200 
654.535835 306.941527 826.816025 345.169380 767.690279 534.779531 593.371270 474.634376 
657.970005 317.457944 834.258851 351.693749 778.050813 543.823042 602.272950 487.615004 
666.450072 331.002060 844.604003 359.642610 793.633532 553.815832 616.450468 503.330794 
675.535168 342.923274 855.145397 366.709494 811.456423 562.339014 630.389894 516.222874 
678.316314 344.139460 859.714981 364.067764 820.369355 563.861789 636.415777 519.406341 
683.997064 353.748562 867.439659 369.078027 835.758765 568.872052 649.250277 530.548390 
692.161187 359.459720 875.145176 370.163519 847.111417 571.496878 660.559495 536.836958 
692.806783 355.182263 875.329611 366.347223 848.145360 568.287373 661.739068 535.277925 
695.478889 355.865600 878.098803 360.477214 857.346540 565.694037 669.192689 535.718546 
697.888143 356.464250 880.969219 358.770057 863.906247 561.681073 673.907750 535.394873 
699.724132 353.901799 882.732393 351.960067 867.683968 556.812815 678.850510 533.512029 
698.795524 351.971729 881.803785 344.690233 873.065990 549.057549 685.203399 530.611093 
698.640410 351.115586 880.799163 340.508874 877.571033 542.958729 688.494859 529.585048 
700.039165 347.667940 881.275595 334.294259 881.736756 536.282953 692.660582 528.904370 
699.749938 345.749977 882.272766 326.818088 885.185364 529.729104 696.351906 524.874774 
699.940000 343.420774 881.977395 320.605420 891.686056 524.972736 701.396299 522.545570 
699.408950 340.360561 881.106542 313.152038 894.019061 516.985377 703.098242 520.213507 
699.939250 339.392495 880.374716 308.300508 897.194971 508.614457 706.565411 517.279437 
699.062871 336.897927 878.187668 304.859345 900.032155 504.857763 709.256965 516.022723 
698.662448 333.413308 877.131910 297.442719 902.034626 498.047928 712.497290 512.343931 
698.843849 330.032137 876.512346 291.197492 903.696597 492.166776 715.348573 509.642366 
698.200040 329.378477 876.353971 286.660368 905.965387 486.658786 717.131929 507.532407 
698.548336 326.919754 875.348164 282.464306 908.562004 481.747348 721.031551 504.741546 
700.373357 325.967036 875.640238 277.934713 911.919972 477.217756 723.878536 503.277846 
701.374238 324.709909 877.101003 275.195738 914.964781 472.766990 727.587623 502.378407 
703.275215 324.467774 877.722614 272.646315 920.039226 469.156407 731.918222 500.306539 
704.639324 322.414260 879.880656 268.531191 923.569631 466.587877 735.707039 497.655592 
705.351638 323.049519 881.563836 265.768419 927.194543 464.310537 740.302818 498.290851 
707.970890 320.975503 883.461491 261.756951 931.129353 459.791305 743.364187 496.908713 
709.873564 319.145160 884.683250 258.903052 934.167838 457.379281 746.987005 496.106350 
712.734124 318.771684 885.548291 257.121687 937.004194 453.236640 749.627036 494.013017 
713.614967 316.930302 884.487401 254.309438 939.826769 450.909825 753.420477 492.171634 
714.085142 314.771930 886.286131 249.877195 941.472204 446.094345 754.963715 489.527829 
714.451419 312.943939 887.241314 247.701737 942.289422 443.938049 756.247205 487.262949 
715.527845 310.665973 887.298331 245.423771 943.365849 440.640673 758.852745 484.984982 
715.904763 307.825637 887.083787 242.930903 944.313789 439.148053 758.316283 482.581536 
715.647444 306.867660 886.691998 241.784669 942.631098 436.495766 757.063892 482.215222 
716.386010 307.438432 887.430565 241.817565 942.293913 436.528662 756.726707 481.172367 
714.609728 307.505762 886.299734 241.589063 944.040719 438.317195 758.043212 481.239697 
715.248393 306.871466 886.427417 242.487714 941.102508 436.660935 756.637948 482.138347 
714.891749 308.231215 886.662235 241.969603 942.220048 438.205915 756.177830 482.550224 
717.298923 308.074683 888.477947 244.712895 942.642057 440.930045 755.622586 482.830582 
717.497437 308.957931 889.346927 245.404125 941.206833 441.149846 755.629720 483.858004 
717.365176 310.182616 890.077147 248.353775 941.175363 444.059943 755.177856 483.916551 
717.129952 309.673461 889.841923 249.377566 941.451121 446.105698 754.942632 485.451325 

